,idGP,driver,lap,trackStatus,position,targetPosition,grid,out,performance,trackTemp,airTemp,raining,windSpeed,humidity,pressure,windDir,tyre,tyreLap,track,team
0,17,HAM,1,1,2,2,2,0,54,29.3,21.3,0.0,2.1,39.1,1006.5,122.0,M,5,Austin,Mercedes
1,17,HAM,2,0,2,2,2,0,53,29.3,21.2,0.0,2.5,38.6,1006.5,108.0,M,6,Austin,Mercedes
2,17,HAM,3,1,2,2,2,0,,29.7,21.1,0.0,2.8,39.7,1006.5,87.0,M,7,Austin,Mercedes
3,17,HAM,4,0,2,2,2,0,52,29.8,21.3,0.0,2.8,39.8,1006.4,99.0,M,8,Austin,Mercedes
4,17,HAM,5,0,2,2,2,0,52,30.2,21.5,0.0,2.8,39.5,1006.3,82.0,M,9,Austin,Mercedes
5,17,HAM,6,0,2,2,2,0,53,30.2,21.5,0.0,2.8,39.5,1006.3,82.0,M,10,Austin,Mercedes
6,17,HAM,7,0,2,2,2,0,60,30.3,21.8,0.0,3.0,39.5,1006.3,87.0,M,11,Austin,Mercedes
7,17,HAM,8,0,2,2,2,0,,30.5,21.8,0.0,2.7,38.7,1006.3,89.0,M,12,Austin,Mercedes
8,17,HAM,9,1,2,2,2,0,,30.3,21.7,0.0,2.2,38.3,1006.2,99.0,M,13,Austin,Mercedes
9,17,HAM,10,1,2,2,2,0,,30.5,21.7,0.0,2.8,37.7,1006.3,100.0,M,14,Austin,Mercedes
10,17,HAM,11,2,2,1,2,0,60,30.6,21.8,0.0,1.0,37.6,1006.1,110.0,M,15,Austin,Mercedes
11,17,HAM,12,2,1,3,2,0,62,30.5,21.9,0.0,1.4,37.4,1006.1,0.0,H,0,Austin,Mercedes
12,17,HAM,13,0,3,3,2,0,64,30.5,22.1,0.0,0.4,37.3,1006.0,163.0,H,1,Austin,Mercedes
13,17,HAM,14,0,3,2,2,0,62,30.8,22.3,0.0,1.0,36.8,1005.9,279.0,H,2,Austin,Mercedes
14,17,HAM,15,0,2,2,2,0,60,30.8,22.5,0.0,2.2,36.4,1005.9,192.0,H,3,Austin,Mercedes
15,17,HAM,16,0,2,2,2,0,58,30.8,22.5,0.0,2.2,36.4,1005.9,192.0,H,4,Austin,Mercedes
16,17,HAM,17,0,2,2,2,0,57,30.9,22.6,0.0,1.4,36.5,1005.9,148.0,H,5,Austin,Mercedes
17,17,HAM,18,0,2,2,2,0,55,31.1,22.4,0.0,2.6,36.9,1005.9,99.0,H,6,Austin,Mercedes
18,17,HAM,19,0,2,2,2,0,55,31.1,22.4,0.0,1.0,37.4,1005.8,264.0,H,7,Austin,Mercedes
19,17,HAM,20,0,2,2,2,0,55,31.1,22.4,0.0,1.0,37.4,1005.8,264.0,H,8,Austin,Mercedes
20,17,HAM,21,0,2,2,2,0,55,31.1,22.4,0.0,1.0,37.4,1005.8,264.0,H,9,Austin,Mercedes
21,17,HAM,22,0,2,1,2,0,56,31.1,22.4,0.0,1.0,37.4,1005.8,264.0,H,10,Austin,Mercedes
22,17,HAM,23,0,1,1,2,0,57,31.1,23.0,0.0,1.5,34.0,1005.8,246.0,H,11,Austin,Mercedes
23,17,HAM,24,0,1,1,2,0,57,31.6,22.7,0.0,1.4,34.2,1005.8,117.0,H,12,Austin,Mercedes
24,17,HAM,25,0,1,1,2,0,58,31.3,22.4,0.0,2.4,35.2,1005.7,97.0,H,13,Austin,Mercedes
25,17,HAM,26,0,1,1,2,0,,31.7,21.6,0.0,3.3,36.6,1005.7,82.0,H,14,Austin,Mercedes
26,17,HAM,27,0,1,1,2,0,,31.7,21.5,0.0,3.0,37.2,1005.7,110.0,H,15,Austin,Mercedes
27,17,HAM,28,0,1,1,2,0,,31.3,22.0,0.0,1.2,37.0,1005.8,78.0,H,16,Austin,Mercedes
28,17,HAM,29,0,1,1,2,0,,32.1,22.9,0.0,1.7,35.3,1005.6,265.0,H,17,Austin,Mercedes
29,17,HAM,30,0,1,1,2,0,,32.1,22.9,0.0,1.7,35.3,1005.6,265.0,H,18,Austin,Mercedes
30,17,HAM,31,0,1,1,2,0,,32.0,23.0,0.0,0.8,34.7,1005.6,185.0,H,19,Austin,Mercedes
31,17,HAM,32,0,1,1,2,0,59,32.2,23.1,0.0,1.0,34.5,1005.6,139.0,H,20,Austin,Mercedes
32,17,HAM,33,0,1,1,2,0,60,31.9,23.0,0.0,1.4,35.2,1005.4,45.0,H,21,Austin,Mercedes
33,17,HAM,34,0,1,1,2,0,,31.7,22.9,0.0,0.8,34.8,1005.3,0.0,H,22,Austin,Mercedes
34,17,HAM,35,0,1,1,2,0,61,31.7,22.8,0.0,1.0,35.1,1005.3,87.0,H,23,Austin,Mercedes
35,17,HAM,36,0,1,1,2,0,61,31.8,22.4,0.0,2.4,36.2,1005.4,84.0,H,24,Austin,Mercedes
36,17,HAM,37,0,1,1,2,0,61,31.9,22.5,0.0,1.3,35.7,1005.2,103.0,H,25,Austin,Mercedes
37,17,HAM,38,0,1,4,2,0,61,31.9,22.4,0.0,1.7,36.1,1005.1,121.0,H,0,Austin,Mercedes
38,17,HAM,39,0,4,4,2,0,61,31.6,22.7,0.0,1.2,36.1,1005.2,107.0,H,1,Austin,Mercedes
39,17,HAM,40,0,4,3,2,0,62,31.6,22.7,0.0,1.2,36.1,1005.2,107.0,H,2,Austin,Mercedes
40,17,HAM,41,0,3,3,2,0,62,31.0,22.5,0.0,2.0,36.2,1005.2,93.0,H,3,Austin,Mercedes
41,17,HAM,42,0,3,3,2,0,63,31.0,22.2,0.0,2.6,36.2,1005.1,89.0,H,4,Austin,Mercedes
42,17,HAM,43,0,3,3,2,0,64,31.1,22.1,0.0,3.0,37.0,1005.2,107.0,H,5,Austin,Mercedes
43,17,HAM,44,0,3,3,2,0,62,31.1,22.0,0.0,2.5,37.4,1005.1,146.0,H,6,Austin,Mercedes
44,17,HAM,45,0,3,3,2,0,61,31.4,22.2,0.0,2.2,36.9,1005.2,117.0,H,7,Austin,Mercedes
45,17,HAM,46,0,3,3,2,0,60,31.8,22.6,0.0,1.4,36.1,1005.2,91.0,H,8,Austin,Mercedes
46,17,HAM,47,0,3,3,2,0,60,32.2,22.7,0.0,2.0,35.5,1005.0,140.0,H,9,Austin,Mercedes
47,17,HAM,48,0,3,3,2,0,,32.4,23.2,0.0,1.5,33.8,1005.0,268.0,H,10,Austin,Mercedes
48,17,HAM,49,0,3,3,2,0,59,32.3,23.3,0.0,1.5,33.4,1005.0,206.0,H,11,Austin,Mercedes
49,17,HAM,50,0,3,3,2,0,58,32.3,23.4,0.0,0.9,33.7,1005.1,255.0,H,12,Austin,Mercedes
50,17,HAM,51,0,3,3,2,0,57,32.3,23.4,0.0,1.4,34.0,1004.9,149.0,H,13,Austin,Mercedes
51,17,HAM,52,0,3,3,2,0,58,32.2,23.4,0.0,1.7,34.7,1005.0,112.0,H,14,Austin,Mercedes
52,17,HAM,53,0,3,3,2,0,58,32.2,23.2,0.0,1.8,34.9,1004.9,118.0,H,15,Austin,Mercedes
53,17,HAM,54,0,3,3,2,0,58,32.0,23.1,0.0,1.6,35.0,1004.8,87.0,H,16,Austin,Mercedes
54,17,HAM,55,0,3,3,2,0,59,31.6,22.7,0.0,2.5,35.0,1004.9,82.0,H,17,Austin,Mercedes
55,17,HAM,56,0,3,3,2,0,59,31.6,22.6,0.0,2.5,34.9,1004.9,86.0,H,18,Austin,Mercedes
0,17,RAI,1,1,1,1,1,0,34,29.3,21.3,0.0,2.1,39.1,1006.5,122.0,S,3,Austin,Ferrari
1,17,RAI,2,0,1,1,1,0,57,29.3,21.3,0.0,2.2,39.1,1006.6,83.0,S,4,Austin,Ferrari
2,17,RAI,3,1,1,1,1,0,,29.3,21.2,0.0,2.5,38.6,1006.5,108.0,S,5,Austin,Ferrari
3,17,RAI,4,0,1,1,1,0,,29.5,21.1,0.0,1.9,38.6,1006.5,89.0,S,6,Austin,Ferrari
4,17,RAI,5,0,1,1,1,0,62,29.7,21.1,0.0,2.8,39.7,1006.5,87.0,S,7,Austin,Ferrari
5,17,RAI,6,0,1,1,1,0,66,29.7,21.2,0.0,2.4,39.5,1006.4,86.0,S,8,Austin,Ferrari
6,17,RAI,7,0,1,1,1,0,67,30.3,21.8,0.0,3.0,39.5,1006.3,87.0,S,9,Austin,Ferrari
7,17,RAI,8,0,1,1,1,0,68,30.5,21.8,0.0,2.7,38.7,1006.3,89.0,S,10,Austin,Ferrari
8,17,RAI,9,1,1,1,1,0,,30.2,21.7,0.0,2.1,37.9,1006.1,97.0,S,11,Austin,Ferrari
9,17,RAI,10,1,1,1,1,0,,30.6,21.8,0.0,1.0,37.6,1006.1,110.0,S,12,Austin,Ferrari
10,17,RAI,11,2,1,2,1,0,67,30.5,21.9,0.0,1.4,37.4,1006.1,0.0,S,13,Austin,Ferrari
11,17,RAI,12,2,2,1,1,0,65,30.5,22.1,0.0,0.4,37.3,1006.0,163.0,S,14,Austin,Ferrari
12,17,RAI,13,0,1,1,1,0,64,30.8,22.5,0.0,2.2,36.4,1005.9,192.0,S,15,Austin,Ferrari
13,17,RAI,14,0,1,1,1,0,63,30.9,22.6,0.0,1.4,36.5,1005.9,148.0,S,16,Austin,Ferrari
14,17,RAI,15,0,1,1,1,0,59,30.9,22.6,0.0,1.4,36.5,1005.9,148.0,S,17,Austin,Ferrari
15,17,RAI,16,0,1,1,1,0,57,31.1,22.4,0.0,2.6,36.9,1005.9,99.0,S,18,Austin,Ferrari
16,17,RAI,17,0,1,1,1,0,56,31.1,22.4,0.0,1.0,37.4,1005.8,264.0,S,19,Austin,Ferrari
17,17,RAI,18,0,1,1,1,0,53,31.1,22.4,0.0,1.0,37.4,1005.8,264.0,S,20,Austin,Ferrari
18,17,RAI,19,0,1,1,1,0,53,31.1,22.4,0.0,1.0,37.4,1005.8,264.0,S,21,Austin,Ferrari
19,17,RAI,20,0,1,1,1,0,55,31.1,22.4,0.0,1.0,37.4,1005.8,264.0,S,22,Austin,Ferrari
20,17,RAI,21,0,1,1,1,0,54,31.1,22.4,0.0,1.0,37.4,1005.8,264.0,S,23,Austin,Ferrari
21,17,RAI,22,0,1,5,1,0,55,31.1,22.4,0.0,1.0,37.4,1005.8,264.0,H,0,Austin,Ferrari
22,17,RAI,23,0,5,4,1,0,,31.1,22.7,0.0,1.1,36.8,1005.8,210.0,H,1,Austin,Ferrari
23,17,RAI,24,0,4,3,1,0,,31.1,22.5,0.0,1.9,34.9,1005.8,254.0,H,2,Austin,Ferrari
24,17,RAI,25,0,3,2,1,0,,31.1,22.8,0.0,1.2,34.9,1005.7,277.0,H,3,Austin,Ferrari
25,17,RAI,26,0,2,2,1,0,,31.5,22.9,0.0,1.3,34.7,1005.8,209.0,H,4,Austin,Ferrari
26,17,RAI,27,0,2,2,1,0,,31.6,22.7,0.0,1.4,34.2,1005.8,117.0,H,5,Austin,Ferrari
27,17,RAI,28,0,2,2,1,0,,31.6,22.7,0.0,1.4,34.2,1005.8,117.0,H,6,Austin,Ferrari
28,17,RAI,29,0,2,2,1,0,55,31.7,22.0,0.0,3.2,35.4,1005.7,88.0,H,7,Austin,Ferrari
29,17,RAI,30,0,2,2,1,0,56,31.7,21.6,0.0,3.3,36.6,1005.7,82.0,H,8,Austin,Ferrari
30,17,RAI,31,0,2,2,1,0,56,31.7,21.6,0.0,3.3,36.6,1005.7,82.0,H,9,Austin,Ferrari
31,17,RAI,32,0,2,2,1,0,56,31.4,21.6,0.0,2.5,37.1,1005.7,98.0,H,10,Austin,Ferrari
32,17,RAI,33,0,2,2,1,0,57,31.3,22.0,0.0,1.2,37.0,1005.8,78.0,H,11,Austin,Ferrari
33,17,RAI,34,0,2,2,1,0,57,32.0,22.7,0.0,1.0,35.7,1005.6,267.0,H,12,Austin,Ferrari
34,17,RAI,35,0,2,2,1,0,58,32.1,22.9,0.0,1.7,35.3,1005.6,265.0,H,13,Austin,Ferrari
35,17,RAI,36,0,2,2,1,0,58,32.0,23.0,0.0,0.8,34.7,1005.6,185.0,H,14,Austin,Ferrari
36,17,RAI,37,0,2,2,1,0,58,32.2,23.1,0.0,1.0,34.5,1005.6,139.0,H,15,Austin,Ferrari
37,17,RAI,38,0,2,1,1,0,59,32.2,23.1,0.0,1.0,34.5,1005.6,139.0,H,16,Austin,Ferrari
38,17,RAI,39,0,1,1,1,0,,32.0,23.0,0.0,1.3,34.4,1005.4,120.0,H,17,Austin,Ferrari
39,17,RAI,40,0,1,1,1,0,,31.9,23.0,0.0,1.4,35.2,1005.4,45.0,H,18,Austin,Ferrari
40,17,RAI,41,0,1,1,1,0,,31.7,22.9,0.0,0.8,34.8,1005.3,0.0,H,19,Austin,Ferrari
41,17,RAI,42,0,1,1,1,0,58,31.7,22.8,0.0,1.0,35.1,1005.3,87.0,H,20,Austin,Ferrari
42,17,RAI,43,0,1,1,1,0,58,31.8,22.4,0.0,2.4,36.2,1005.4,84.0,H,21,Austin,Ferrari
43,17,RAI,44,0,1,1,1,0,57,32.0,22.3,0.0,1.8,36.9,1005.2,266.0,H,22,Austin,Ferrari
44,17,RAI,45,0,1,1,1,0,56,31.6,22.7,0.0,1.2,36.1,1005.2,107.0,H,23,Austin,Ferrari
45,17,RAI,46,0,1,1,1,0,55,31.0,22.2,0.0,2.6,36.2,1005.1,89.0,H,24,Austin,Ferrari
46,17,RAI,47,0,1,1,1,0,56,31.1,22.1,0.0,3.0,37.0,1005.2,107.0,H,25,Austin,Ferrari
47,17,RAI,48,0,1,1,1,0,58,31.1,22.2,0.0,2.0,37.0,1005.1,101.0,H,26,Austin,Ferrari
48,17,RAI,49,0,1,1,1,0,58,31.4,22.2,0.0,2.2,36.9,1005.2,117.0,H,27,Austin,Ferrari
49,17,RAI,50,0,1,1,1,0,57,31.9,22.6,0.0,2.2,35.7,1005.1,117.0,H,28,Austin,Ferrari
50,17,RAI,51,0,1,1,1,0,56,32.2,22.7,0.0,2.0,35.5,1005.0,140.0,H,29,Austin,Ferrari
51,17,RAI,52,0,1,1,1,0,58,32.4,23.2,0.0,1.5,33.8,1005.0,268.0,H,30,Austin,Ferrari
52,17,RAI,53,0,1,1,1,0,58,32.3,23.3,0.0,1.5,33.4,1005.0,206.0,H,31,Austin,Ferrari
53,17,RAI,54,0,1,1,1,0,58,32.3,23.4,0.0,1.4,34.0,1004.9,149.0,H,32,Austin,Ferrari
54,17,RAI,55,0,1,1,1,0,,32.2,23.4,0.0,1.7,34.7,1005.0,112.0,H,33,Austin,Ferrari
55,17,RAI,56,0,1,1,1,0,58,32.0,23.1,0.0,1.6,35.0,1004.8,87.0,H,34,Austin,Ferrari
0,17,BOT,1,1,3,3,3,0,54,29.3,21.3,0.0,2.1,39.1,1006.5,122.0,M,3,Austin,Mercedes
1,17,BOT,2,0,3,3,3,0,47,29.3,21.3,0.0,2.2,39.1,1006.6,83.0,M,4,Austin,Mercedes
2,17,BOT,3,1,3,3,3,0,46,29.3,21.2,0.0,2.5,38.6,1006.5,108.0,M,5,Austin,Mercedes
3,17,BOT,4,0,3,3,3,0,50,29.7,21.1,0.0,2.8,39.7,1006.5,87.0,M,6,Austin,Mercedes
4,17,BOT,5,0,3,3,3,0,59,29.7,21.2,0.0,2.4,39.5,1006.4,86.0,M,7,Austin,Mercedes
5,17,BOT,6,0,3,3,3,0,62,29.8,21.3,0.0,2.8,39.8,1006.4,99.0,M,8,Austin,Mercedes
6,17,BOT,7,0,3,3,3,0,65,30.2,21.5,0.0,2.8,39.5,1006.3,82.0,M,9,Austin,Mercedes
7,17,BOT,8,0,3,3,3,0,67,30.2,21.5,0.0,2.8,39.5,1006.3,82.0,M,10,Austin,Mercedes
8,17,BOT,9,1,3,3,3,0,66,30.5,21.8,0.0,2.7,38.7,1006.3,89.0,M,11,Austin,Mercedes
9,17,BOT,10,1,3,3,3,0,63,30.3,21.7,0.0,2.2,38.3,1006.2,99.0,M,12,Austin,Mercedes
10,17,BOT,11,2,3,3,3,0,66,30.3,21.7,0.0,2.2,38.3,1006.2,99.0,M,13,Austin,Mercedes
11,17,BOT,12,2,3,2,3,0,,30.4,21.6,0.0,2.2,38.1,1006.2,107.0,M,14,Austin,Mercedes
12,17,BOT,13,0,2,2,3,0,,30.6,22.1,0.0,1.1,37.2,1006.0,233.0,M,15,Austin,Mercedes
13,17,BOT,14,0,2,3,3,0,67,30.5,21.9,0.0,1.4,37.4,1006.1,0.0,M,16,Austin,Mercedes
14,17,BOT,15,0,3,3,3,0,67,30.5,22.1,0.0,0.4,37.3,1006.0,163.0,M,17,Austin,Mercedes
15,17,BOT,16,0,3,3,3,0,65,30.9,22.6,0.0,1.4,36.5,1005.9,148.0,M,18,Austin,Mercedes
16,17,BOT,17,0,3,3,3,0,66,31.1,22.4,0.0,2.6,36.9,1005.9,99.0,M,19,Austin,Mercedes
17,17,BOT,18,0,3,3,3,0,68,31.1,22.2,0.0,2.7,37.5,1005.9,106.0,M,20,Austin,Mercedes
18,17,BOT,19,0,3,3,3,0,66,31.1,22.4,0.0,1.0,37.4,1005.8,264.0,M,21,Austin,Mercedes
19,17,BOT,20,0,3,3,3,0,66,31.1,22.4,0.0,1.0,37.4,1005.8,264.0,M,22,Austin,Mercedes
20,17,BOT,21,0,3,3,3,0,67,31.1,22.4,0.0,1.0,37.4,1005.8,264.0,M,23,Austin,Mercedes
21,17,BOT,22,0,3,2,3,0,,31.1,23.0,0.0,1.5,34.0,1005.8,246.0,M,24,Austin,Mercedes
22,17,BOT,23,0,2,2,3,0,67,31.1,22.5,0.0,1.9,34.9,1005.8,254.0,M,25,Austin,Mercedes
23,17,BOT,24,0,2,5,3,0,67,31.1,22.8,0.0,1.2,34.9,1005.7,277.0,H,0,Austin,Mercedes
24,17,BOT,25,0,5,5,3,0,67,31.6,22.7,0.0,1.4,34.2,1005.8,117.0,H,1,Austin,Mercedes
25,17,BOT,26,0,5,5,3,0,68,31.7,22.0,0.0,3.2,35.4,1005.7,88.0,H,2,Austin,Mercedes
26,17,BOT,27,0,5,4,3,0,66,31.7,21.6,0.0,3.3,36.6,1005.7,82.0,H,3,Austin,Mercedes
27,17,BOT,28,0,4,4,3,0,,31.4,21.6,0.0,2.5,37.1,1005.7,98.0,H,4,Austin,Mercedes
28,17,BOT,29,0,4,4,3,0,,32.1,22.9,0.0,1.7,35.3,1005.6,265.0,H,5,Austin,Mercedes
29,17,BOT,30,0,4,4,3,0,65,32.0,23.0,0.0,0.8,34.7,1005.6,185.0,H,6,Austin,Mercedes
30,17,BOT,31,0,4,4,3,0,65,32.0,23.1,0.0,0.8,34.3,1005.6,29.0,H,7,Austin,Mercedes
31,17,BOT,32,0,4,4,3,0,65,32.2,23.1,0.0,1.0,34.5,1005.6,139.0,H,8,Austin,Mercedes
32,17,BOT,33,0,4,4,3,0,66,32.2,23.1,0.0,1.0,34.5,1005.6,139.0,H,9,Austin,Mercedes
33,17,BOT,34,0,4,4,3,0,66,32.0,23.0,0.0,1.3,34.4,1005.4,120.0,H,10,Austin,Mercedes
34,17,BOT,35,0,4,4,3,0,,31.9,22.9,0.0,1.3,35.1,1005.5,219.0,H,11,Austin,Mercedes
35,17,BOT,36,0,4,4,3,0,,31.9,23.0,0.0,1.4,35.2,1005.4,45.0,H,12,Austin,Mercedes
36,17,BOT,37,0,4,4,3,0,,31.7,22.9,0.0,0.8,34.8,1005.3,0.0,H,13,Austin,Mercedes
37,17,BOT,38,0,4,3,3,0,,31.7,22.8,0.0,1.0,35.1,1005.3,87.0,H,14,Austin,Mercedes
38,17,BOT,39,0,3,3,3,0,,31.8,22.4,0.0,2.4,36.2,1005.4,84.0,H,15,Austin,Mercedes
39,17,BOT,40,0,3,4,3,0,67,31.8,22.4,0.0,2.4,36.2,1005.4,84.0,H,16,Austin,Mercedes
40,17,BOT,41,0,4,4,3,0,67,31.9,22.4,0.0,1.7,36.1,1005.1,121.0,H,17,Austin,Mercedes
41,17,BOT,42,0,4,4,3,0,68,31.6,22.7,0.0,1.2,36.1,1005.2,107.0,H,18,Austin,Mercedes
42,17,BOT,43,0,4,4,3,0,68,31.5,22.7,0.0,0.7,35.6,1005.2,102.0,H,19,Austin,Mercedes
43,17,BOT,44,0,4,4,3,0,67,31.0,22.5,0.0,2.0,36.2,1005.2,93.0,H,20,Austin,Mercedes
44,17,BOT,45,0,4,4,3,0,67,31.0,22.2,0.0,2.6,36.2,1005.1,89.0,H,21,Austin,Mercedes
45,17,BOT,46,0,4,4,3,0,67,31.0,22.1,0.0,2.3,37.2,1005.1,99.0,H,22,Austin,Mercedes
46,17,BOT,47,0,4,4,3,0,67,31.4,22.2,0.0,2.2,36.9,1005.2,117.0,H,23,Austin,Mercedes
47,17,BOT,48,0,4,4,3,0,67,31.8,22.6,0.0,1.4,36.1,1005.2,91.0,H,24,Austin,Mercedes
48,17,BOT,49,0,4,4,3,0,66,31.9,22.6,0.0,2.2,35.7,1005.1,117.0,H,25,Austin,Mercedes
49,17,BOT,50,0,4,4,3,0,66,32.2,22.7,0.0,2.0,35.5,1005.0,140.0,H,26,Austin,Mercedes
50,17,BOT,51,0,4,4,3,0,65,32.4,23.2,0.0,1.5,33.8,1005.0,268.0,H,27,Austin,Mercedes
51,17,BOT,52,0,4,4,3,0,66,32.3,23.3,0.0,1.5,33.4,1005.0,206.0,H,28,Austin,Mercedes
52,17,BOT,53,0,4,4,3,0,66,32.3,23.4,0.0,0.9,33.7,1005.1,255.0,H,29,Austin,Mercedes
53,17,BOT,54,0,4,4,3,0,66,32.3,23.4,0.0,1.4,34.0,1004.9,149.0,H,30,Austin,Mercedes
54,17,BOT,55,0,4,5,3,0,,32.2,23.4,0.0,1.7,34.7,1005.0,112.0,H,31,Austin,Mercedes
55,17,BOT,56,0,5,5,3,0,66,31.6,22.6,0.0,2.5,34.9,1004.9,86.0,H,32,Austin,Mercedes
0,17,RIC,1,1,4,4,4,0,62,29.8,21.3,0.0,2.8,39.8,1006.4,99.0,M,3,Austin,Red Bull Racing
1,17,RIC,2,0,4,4,4,0,62,30.5,22.1,0.0,0.4,37.3,1006.0,163.0,M,4,Austin,Red Bull Racing
2,17,RIC,3,1,4,4,4,0,62,31.7,22.0,0.0,3.2,35.4,1005.7,88.0,M,5,Austin,Red Bull Racing
3,17,RIC,4,0,4,4,4,0,63,32.1,22.9,0.0,1.7,35.3,1005.6,265.0,M,6,Austin,Red Bull Racing
4,17,RIC,5,0,4,4,4,0,58,31.5,22.7,0.0,0.7,35.6,1005.2,102.0,M,7,Austin,Red Bull Racing
5,17,RIC,6,0,4,4,4,0,58,31.0,22.2,0.0,2.6,36.2,1005.1,89.0,M,8,Austin,Red Bull Racing
6,17,RIC,7,0,4,4,4,0,62,32.3,23.3,0.0,1.5,33.4,1005.0,206.0,M,9,Austin,Red Bull Racing
7,17,RIC,8,0,4,4,4,1,66,32.0,23.1,0.0,1.6,35.0,1004.8,87.0,M,10,Austin,Red Bull Racing
0,17,VET,1,1,15,15,15,0,38,29.3,21.3,0.0,2.1,39.1,1006.5,122.0,M,3,Austin,Ferrari
1,17,VET,2,0,15,13,15,0,40,29.3,21.2,0.0,2.5,38.6,1006.5,108.0,M,4,Austin,Ferrari
2,17,VET,3,1,13,11,15,0,38,29.7,21.0,0.0,3.3,40.2,1006.4,121.0,M,5,Austin,Ferrari
3,17,VET,4,0,11,11,15,0,,29.8,21.3,0.0,2.8,39.8,1006.4,99.0,M,6,Austin,Ferrari
4,17,VET,5,0,11,10,15,0,32,30.2,21.5,0.0,2.8,39.5,1006.3,82.0,M,7,Austin,Ferrari
5,17,VET,6,0,10,9,15,0,32,30.2,21.5,0.0,2.8,39.5,1006.3,82.0,M,8,Austin,Ferrari
6,17,VET,7,0,9,8,15,0,31,30.5,21.8,0.0,2.7,38.7,1006.3,89.0,M,9,Austin,Ferrari
7,17,VET,8,0,8,8,15,0,43,30.3,21.7,0.0,2.2,38.3,1006.2,99.0,M,10,Austin,Ferrari
8,17,VET,9,1,8,7,15,0,56,30.2,21.7,0.0,2.1,37.9,1006.1,97.0,M,11,Austin,Ferrari
9,17,VET,10,1,7,6,15,0,54,30.4,21.6,0.0,2.2,38.1,1006.2,107.0,M,12,Austin,Ferrari
10,17,VET,11,2,6,6,15,0,39,30.6,21.8,0.0,1.0,37.6,1006.1,110.0,M,13,Austin,Ferrari
11,17,VET,12,2,6,5,15,0,39,30.6,22.1,0.0,1.1,37.2,1006.0,233.0,M,14,Austin,Ferrari
12,17,VET,13,0,5,5,15,0,40,30.5,22.1,0.0,0.4,37.3,1006.0,163.0,M,15,Austin,Ferrari
13,17,VET,14,0,5,5,15,0,42,30.8,22.3,0.0,1.0,36.8,1005.9,279.0,M,16,Austin,Ferrari
14,17,VET,15,0,5,5,15,0,46,30.8,22.5,0.0,2.2,36.4,1005.9,192.0,M,17,Austin,Ferrari
15,17,VET,16,0,5,5,15,0,48,30.9,22.6,0.0,1.4,36.5,1005.9,148.0,M,18,Austin,Ferrari
16,17,VET,17,0,5,5,15,0,48,31.1,22.4,0.0,1.0,37.4,1005.8,264.0,M,19,Austin,Ferrari
17,17,VET,18,0,5,5,15,0,50,31.1,22.4,0.0,1.0,37.4,1005.8,264.0,M,20,Austin,Ferrari
18,17,VET,19,0,5,5,15,0,,31.1,22.4,0.0,1.0,37.4,1005.8,264.0,M,21,Austin,Ferrari
19,17,VET,20,0,5,5,15,0,,31.1,22.7,0.0,1.1,36.8,1005.8,210.0,M,22,Austin,Ferrari
20,17,VET,21,0,5,5,15,0,,31.1,23.0,0.0,1.5,34.0,1005.8,246.0,M,23,Austin,Ferrari
21,17,VET,22,0,5,4,15,0,,31.1,22.5,0.0,1.5,35.3,1005.8,283.0,M,24,Austin,Ferrari
22,17,VET,23,0,4,3,15,0,,31.1,22.8,0.0,1.2,34.9,1005.7,277.0,M,25,Austin,Ferrari
23,17,VET,24,0,3,2,15,0,,31.6,22.7,0.0,1.4,34.2,1005.8,117.0,M,26,Austin,Ferrari
24,17,VET,25,0,2,3,15,0,,31.3,22.4,0.0,2.4,35.2,1005.7,97.0,M,27,Austin,Ferrari
25,17,VET,26,0,3,4,15,0,,31.7,22.0,0.0,3.2,35.4,1005.7,88.0,M,28,Austin,Ferrari
26,17,VET,27,0,4,5,15,0,,31.7,21.6,0.0,3.3,36.6,1005.7,82.0,H,0,Austin,Ferrari
27,17,VET,28,0,5,5,15,0,51,31.7,21.5,0.0,3.0,37.2,1005.7,110.0,H,1,Austin,Ferrari
28,17,VET,29,0,5,5,15,0,49,31.4,21.6,0.0,2.5,37.1,1005.7,98.0,H,2,Austin,Ferrari
29,17,VET,30,0,5,5,15,0,49,31.3,22.0,0.0,1.2,37.0,1005.8,78.0,H,3,Austin,Ferrari
30,17,VET,31,0,5,5,15,0,50,32.0,22.7,0.0,1.0,35.7,1005.6,267.0,H,4,Austin,Ferrari
31,17,VET,32,0,5,5,15,0,51,32.1,22.9,0.0,1.7,35.3,1005.6,265.0,H,5,Austin,Ferrari
32,17,VET,33,0,5,5,15,0,52,32.0,23.1,0.0,0.8,34.3,1005.6,29.0,H,6,Austin,Ferrari
33,17,VET,34,0,5,5,15,0,54,32.0,23.0,0.0,1.3,34.4,1005.4,120.0,H,7,Austin,Ferrari
34,17,VET,35,0,5,5,15,0,,31.9,22.9,0.0,1.3,35.1,1005.5,219.0,H,8,Austin,Ferrari
35,17,VET,36,0,5,5,15,0,,31.9,23.0,0.0,1.4,35.2,1005.4,45.0,H,9,Austin,Ferrari
36,17,VET,37,0,5,5,15,0,,31.9,22.5,0.0,1.3,35.7,1005.2,103.0,H,10,Austin,Ferrari
37,17,VET,38,0,5,5,15,0,54,31.6,22.7,0.0,1.2,36.1,1005.2,107.0,H,11,Austin,Ferrari
38,17,VET,39,0,5,5,15,0,55,31.0,22.2,0.0,2.6,36.2,1005.1,89.0,H,12,Austin,Ferrari
39,17,VET,40,0,5,5,15,0,55,31.0,22.1,0.0,2.3,37.2,1005.1,99.0,H,13,Austin,Ferrari
40,17,VET,41,0,5,5,15,0,55,31.1,22.1,0.0,3.0,37.0,1005.2,107.0,H,14,Austin,Ferrari
41,17,VET,42,0,5,5,15,0,57,31.1,22.0,0.0,2.5,37.4,1005.1,146.0,H,15,Austin,Ferrari
42,17,VET,43,0,5,5,15,0,57,31.1,22.2,0.0,2.0,37.0,1005.1,101.0,H,16,Austin,Ferrari
43,17,VET,44,0,5,5,15,0,58,31.8,22.6,0.0,1.4,36.1,1005.2,91.0,H,17,Austin,Ferrari
44,17,VET,45,0,5,5,15,0,57,31.9,22.6,0.0,2.2,35.7,1005.1,117.0,H,18,Austin,Ferrari
45,17,VET,46,0,5,5,15,0,58,32.0,22.5,0.0,1.9,35.6,1005.0,104.0,H,19,Austin,Ferrari
46,17,VET,47,0,5,5,15,0,57,32.2,22.7,0.0,2.0,35.5,1005.0,140.0,H,20,Austin,Ferrari
47,17,VET,48,0,5,5,15,0,57,32.2,22.7,0.0,2.0,35.5,1005.0,140.0,H,21,Austin,Ferrari
48,17,VET,49,0,5,5,15,0,57,32.4,23.2,0.0,1.5,33.8,1005.0,268.0,H,22,Austin,Ferrari
49,17,VET,50,0,5,5,15,0,56,32.3,23.3,0.0,1.5,33.4,1005.0,206.0,H,23,Austin,Ferrari
50,17,VET,51,0,5,5,15,0,56,32.3,23.3,0.0,1.5,33.4,1005.0,206.0,H,24,Austin,Ferrari
51,17,VET,52,0,5,5,15,0,56,32.3,23.4,0.0,1.4,34.0,1004.9,149.0,H,25,Austin,Ferrari
52,17,VET,53,0,5,5,15,0,56,32.2,23.4,0.0,1.7,34.7,1005.0,112.0,H,26,Austin,Ferrari
53,17,VET,54,0,5,5,15,0,56,32.2,23.2,0.0,1.8,34.9,1004.9,118.0,H,27,Austin,Ferrari
54,17,VET,55,0,5,4,15,0,56,32.0,23.1,0.0,1.6,35.0,1004.8,87.0,H,28,Austin,Ferrari
55,17,VET,56,0,4,4,15,0,56,31.6,22.6,0.0,2.5,34.9,1004.9,86.0,H,29,Austin,Ferrari
0,17,OCO,1,1,7,7,7,0,55,29.3,21.3,0.0,2.2,39.1,1006.6,83.0,S,3,Austin,Racing Point
1,17,OCO,2,0,7,7,7,0,60,29.5,21.1,0.0,1.9,38.6,1006.5,89.0,S,4,Austin,Racing Point
2,17,OCO,3,1,7,7,7,0,63,29.7,21.1,0.0,2.8,39.7,1006.5,87.0,S,5,Austin,Racing Point
3,17,OCO,4,0,7,8,7,0,70,29.7,21.0,0.0,3.3,40.2,1006.4,121.0,S,6,Austin,Racing Point
4,17,OCO,5,0,8,8,7,0,66,29.8,21.3,0.0,2.8,39.8,1006.4,99.0,S,7,Austin,Racing Point
5,17,OCO,6,0,8,8,7,0,66,30.2,21.5,0.0,2.8,39.5,1006.3,82.0,S,8,Austin,Racing Point
6,17,OCO,7,0,8,9,7,0,67,30.3,21.8,0.0,3.0,39.5,1006.3,87.0,S,9,Austin,Racing Point
7,17,OCO,8,0,9,9,7,0,69,30.5,21.8,0.0,2.7,38.7,1006.3,89.0,S,10,Austin,Racing Point
8,17,OCO,9,1,9,8,7,0,69,30.5,21.8,0.0,2.7,38.7,1006.3,89.0,S,11,Austin,Racing Point
9,17,OCO,10,1,8,8,7,0,,30.3,21.7,0.0,2.2,38.3,1006.2,99.0,S,12,Austin,Racing Point
10,17,OCO,11,2,8,8,7,0,,30.2,21.7,0.0,2.1,37.9,1006.1,97.0,S,13,Austin,Racing Point
11,17,OCO,12,2,8,8,7,0,68,30.6,21.9,0.0,0.7,37.7,1006.1,64.0,S,14,Austin,Racing Point
12,17,OCO,13,0,8,8,7,0,68,30.6,22.1,0.0,1.1,37.2,1006.0,233.0,S,15,Austin,Racing Point
13,17,OCO,14,0,8,8,7,0,69,30.8,22.5,0.0,2.2,36.4,1005.9,192.0,S,16,Austin,Racing Point
14,17,OCO,15,0,8,8,7,0,68,30.9,22.6,0.0,1.4,36.5,1005.9,148.0,S,17,Austin,Racing Point
15,17,OCO,16,0,8,8,7,0,69,30.9,22.6,0.0,1.4,36.5,1005.9,148.0,S,18,Austin,Racing Point
16,17,OCO,17,0,8,8,7,0,68,31.1,22.4,0.0,1.0,37.4,1005.8,264.0,S,19,Austin,Racing Point
17,17,OCO,18,0,8,8,7,0,68,31.1,22.4,0.0,1.0,37.4,1005.8,264.0,S,20,Austin,Racing Point
18,17,OCO,19,0,8,8,7,0,67,31.1,22.7,0.0,1.1,36.8,1005.8,210.0,S,21,Austin,Racing Point
19,17,OCO,20,0,8,8,7,0,68,31.1,22.5,0.0,1.5,35.3,1005.8,283.0,S,22,Austin,Racing Point
20,17,OCO,21,0,8,8,7,0,67,31.5,22.9,0.0,1.3,34.7,1005.8,209.0,S,23,Austin,Racing Point
21,17,OCO,22,0,8,8,7,0,67,31.6,22.7,0.0,1.4,34.2,1005.8,117.0,S,24,Austin,Racing Point
22,17,OCO,23,0,8,14,7,0,67,31.3,22.4,0.0,2.4,35.2,1005.7,97.0,H,0,Austin,Racing Point
23,17,OCO,24,0,14,14,7,0,,31.7,22.0,0.0,3.2,35.4,1005.7,88.0,H,1,Austin,Racing Point
24,17,OCO,25,0,14,13,7,0,,31.7,21.6,0.0,3.3,36.6,1005.7,82.0,H,2,Austin,Racing Point
25,17,OCO,26,0,13,11,7,0,,31.7,21.5,0.0,3.0,37.2,1005.7,110.0,H,3,Austin,Racing Point
26,17,OCO,27,0,11,11,7,0,67,31.4,21.6,0.0,2.5,37.1,1005.7,98.0,H,4,Austin,Racing Point
27,17,OCO,28,0,11,9,7,0,67,31.3,22.0,0.0,1.2,37.0,1005.8,78.0,H,5,Austin,Racing Point
28,17,OCO,29,0,9,9,7,0,68,31.3,22.0,0.0,1.2,37.0,1005.8,78.0,H,6,Austin,Racing Point
29,17,OCO,30,0,9,9,7,0,68,32.1,22.9,0.0,1.7,35.3,1005.6,265.0,H,7,Austin,Racing Point
30,17,OCO,31,0,9,8,7,0,66,32.0,23.0,0.0,0.8,34.7,1005.6,185.0,H,8,Austin,Racing Point
31,17,OCO,32,0,8,8,7,0,66,32.0,23.1,0.0,0.8,34.3,1005.6,29.0,H,9,Austin,Racing Point
32,17,OCO,33,0,8,8,7,0,,32.2,23.1,0.0,1.0,34.5,1005.6,139.0,H,10,Austin,Racing Point
33,17,OCO,34,0,8,8,7,0,,31.9,23.0,0.0,1.4,35.2,1005.4,45.0,H,11,Austin,Racing Point
34,17,OCO,35,0,8,8,7,0,,31.7,22.9,0.0,0.8,34.8,1005.3,0.0,H,12,Austin,Racing Point
35,17,OCO,36,0,8,8,7,0,,31.8,22.4,0.0,2.4,36.2,1005.4,84.0,H,13,Austin,Racing Point
36,17,OCO,37,0,8,8,7,0,67,31.9,22.5,0.0,1.3,35.7,1005.2,103.0,H,14,Austin,Racing Point
37,17,OCO,38,0,8,8,7,0,67,31.9,22.4,0.0,1.7,36.1,1005.1,121.0,H,15,Austin,Racing Point
38,17,OCO,39,0,8,8,7,0,67,31.6,22.7,0.0,1.2,36.1,1005.2,107.0,H,16,Austin,Racing Point
39,17,OCO,40,0,8,8,7,0,67,31.6,22.7,0.0,1.2,36.1,1005.2,107.0,H,17,Austin,Racing Point
40,17,OCO,41,0,8,8,7,0,67,31.5,22.7,0.0,0.7,35.6,1005.2,102.0,H,18,Austin,Racing Point
41,17,OCO,42,0,8,8,7,0,69,31.1,22.1,0.0,3.0,37.0,1005.2,107.0,H,19,Austin,Racing Point
42,17,OCO,43,0,8,8,7,0,68,31.1,22.2,0.0,2.0,37.0,1005.1,101.0,H,20,Austin,Racing Point
43,17,OCO,44,0,8,8,7,0,66,31.4,22.2,0.0,2.2,36.9,1005.2,117.0,H,21,Austin,Racing Point
44,17,OCO,45,0,8,8,7,0,66,31.8,22.6,0.0,1.4,36.1,1005.2,91.0,H,22,Austin,Racing Point
45,17,OCO,46,0,8,8,7,0,65,31.9,22.6,0.0,2.2,35.7,1005.1,117.0,H,23,Austin,Racing Point
46,17,OCO,47,0,8,8,7,0,65,32.0,22.5,0.0,1.9,35.6,1005.0,104.0,H,24,Austin,Racing Point
47,17,OCO,48,0,8,8,7,0,64,32.2,22.7,0.0,2.0,35.5,1005.0,140.0,H,25,Austin,Racing Point
48,17,OCO,49,0,8,8,7,0,63,32.2,22.7,0.0,2.0,35.5,1005.0,140.0,H,26,Austin,Racing Point
49,17,OCO,50,0,8,8,7,0,62,32.3,23.3,0.0,1.5,33.4,1005.0,206.0,H,27,Austin,Racing Point
50,17,OCO,51,0,8,8,7,0,62,32.3,23.3,0.0,1.5,33.4,1005.0,206.0,H,28,Austin,Racing Point
51,17,OCO,52,0,8,8,7,0,62,32.3,23.4,0.0,0.9,33.7,1005.1,255.0,H,29,Austin,Racing Point
52,17,OCO,53,0,8,8,7,0,62,32.2,23.2,0.0,1.8,34.9,1004.9,118.0,H,30,Austin,Racing Point
53,17,OCO,54,0,8,8,7,0,63,32.0,23.1,0.0,1.6,35.0,1004.8,87.0,H,31,Austin,Racing Point
54,17,OCO,55,0,8,8,7,0,62,31.6,22.7,0.0,2.5,35.0,1004.9,82.0,H,32,Austin,Racing Point
55,17,OCO,56,0,8,8,7,0,62,31.6,22.6,0.0,2.5,34.9,1004.9,86.0,H,33,Austin,Racing Point
0,17,HUL,1,1,5,5,5,0,26,29.3,21.3,0.0,2.1,39.1,1006.5,122.0,S,3,Austin,Renault
1,17,HUL,2,0,5,5,5,0,51,29.3,21.3,0.0,2.2,39.1,1006.6,83.0,S,4,Austin,Renault
2,17,HUL,3,1,5,5,5,0,52,29.3,21.2,0.0,2.5,38.6,1006.5,108.0,S,5,Austin,Renault
3,17,HUL,4,0,5,5,5,0,52,29.5,21.1,0.0,1.9,38.6,1006.5,89.0,S,6,Austin,Renault
4,17,HUL,5,0,5,5,5,0,50,29.7,21.0,0.0,3.3,40.2,1006.4,121.0,S,7,Austin,Renault
5,17,HUL,6,0,5,5,5,0,53,30.5,21.8,0.0,2.7,38.7,1006.3,89.0,S,8,Austin,Renault
6,17,HUL,7,0,5,6,5,0,61,30.3,21.7,0.0,2.2,38.3,1006.2,99.0,S,9,Austin,Renault
7,17,HUL,8,0,6,6,5,0,67,30.3,21.7,0.0,2.2,38.3,1006.2,99.0,S,10,Austin,Renault
8,17,HUL,9,1,6,5,5,0,69,30.2,21.7,0.0,2.1,37.9,1006.1,97.0,S,11,Austin,Renault
9,17,HUL,10,1,5,5,5,0,64,30.5,21.7,0.0,2.8,37.7,1006.3,100.0,S,12,Austin,Renault
10,17,HUL,11,2,5,5,5,0,65,30.6,21.8,0.0,1.0,37.6,1006.1,110.0,S,13,Austin,Renault
11,17,HUL,12,2,5,6,5,0,66,30.6,21.9,0.0,0.7,37.7,1006.1,64.0,S,14,Austin,Renault
12,17,HUL,13,0,6,6,5,0,66,30.6,22.1,0.0,1.1,37.2,1006.0,233.0,S,15,Austin,Renault
13,17,HUL,14,0,6,6,5,0,,30.5,22.1,0.0,0.4,37.3,1006.0,163.0,S,16,Austin,Renault
14,17,HUL,15,0,6,6,5,0,,30.8,22.3,0.0,1.0,36.8,1005.9,279.0,S,17,Austin,Renault
15,17,HUL,16,0,6,6,5,0,64,31.0,22.5,0.0,1.3,36.5,1005.9,348.0,S,18,Austin,Renault
16,17,HUL,17,0,6,6,5,0,64,30.9,22.6,0.0,1.4,36.5,1005.9,148.0,S,19,Austin,Renault
17,17,HUL,18,0,6,6,5,0,63,31.1,22.4,0.0,1.0,37.4,1005.8,264.0,S,20,Austin,Renault
18,17,HUL,19,0,6,6,5,0,63,31.1,22.4,0.0,1.0,37.4,1005.8,264.0,S,21,Austin,Renault
19,17,HUL,20,0,6,6,5,0,64,31.1,22.4,0.0,1.0,37.4,1005.8,264.0,S,22,Austin,Renault
20,17,HUL,21,0,6,6,5,0,,31.1,22.4,0.0,1.0,37.4,1005.8,264.0,S,23,Austin,Renault
21,17,HUL,22,0,6,6,5,0,,31.1,22.4,0.0,1.0,37.4,1005.8,264.0,S,24,Austin,Renault
22,17,HUL,23,0,6,6,5,0,,31.1,22.7,0.0,1.1,36.8,1005.8,210.0,S,25,Austin,Renault
23,17,HUL,24,0,6,9,5,0,64,31.1,23.0,0.0,1.5,34.0,1005.8,246.0,H,0,Austin,Renault
24,17,HUL,25,0,9,8,5,0,64,31.1,22.5,0.0,1.9,34.9,1005.8,254.0,H,1,Austin,Renault
25,17,HUL,26,0,8,7,5,0,65,31.1,22.5,0.0,1.5,35.3,1005.8,283.0,H,2,Austin,Renault
26,17,HUL,27,0,7,7,5,0,66,31.5,22.9,0.0,1.3,34.7,1005.8,209.0,H,3,Austin,Renault
27,17,HUL,28,0,7,7,5,0,65,31.7,21.6,0.0,3.3,36.6,1005.7,82.0,H,4,Austin,Renault
28,17,HUL,29,0,7,7,5,0,66,31.7,21.5,0.0,3.0,37.2,1005.7,110.0,H,5,Austin,Renault
29,17,HUL,30,0,7,7,5,0,,32.0,22.7,0.0,1.0,35.7,1005.6,267.0,H,6,Austin,Renault
30,17,HUL,31,0,7,6,5,0,65,32.0,23.0,0.0,0.8,34.7,1005.6,185.0,H,7,Austin,Renault
31,17,HUL,32,0,6,6,5,0,65,32.2,23.1,0.0,1.0,34.5,1005.6,139.0,H,8,Austin,Renault
32,17,HUL,33,0,6,6,5,0,66,32.2,23.1,0.0,1.0,34.5,1005.6,139.0,H,9,Austin,Renault
33,17,HUL,34,0,6,6,5,0,66,32.0,23.0,0.0,1.3,34.4,1005.4,120.0,H,10,Austin,Renault
34,17,HUL,35,0,6,6,5,0,66,31.9,22.9,0.0,1.3,35.1,1005.5,219.0,H,11,Austin,Renault
35,17,HUL,36,0,6,6,5,0,66,31.9,23.0,0.0,1.4,35.2,1005.4,45.0,H,12,Austin,Renault
36,17,HUL,37,0,6,6,5,0,67,31.9,23.0,0.0,1.4,35.2,1005.4,45.0,H,13,Austin,Renault
37,17,HUL,38,0,6,6,5,0,67,31.8,22.4,0.0,2.4,36.2,1005.4,84.0,H,14,Austin,Renault
38,17,HUL,39,0,6,6,5,0,67,32.0,22.3,0.0,1.8,36.9,1005.2,266.0,H,15,Austin,Renault
39,17,HUL,40,0,6,6,5,0,68,31.9,22.5,0.0,1.3,35.7,1005.2,103.0,H,16,Austin,Renault
40,17,HUL,41,0,6,6,5,0,,31.6,22.7,0.0,1.2,36.1,1005.2,107.0,H,17,Austin,Renault
41,17,HUL,42,0,6,6,5,0,66,31.6,22.7,0.0,1.2,36.1,1005.2,107.0,H,18,Austin,Renault
42,17,HUL,43,0,6,6,5,0,66,31.0,22.5,0.0,2.0,36.2,1005.2,93.0,H,19,Austin,Renault
43,17,HUL,44,0,6,6,5,0,65,31.0,22.2,0.0,2.6,36.2,1005.1,89.0,H,20,Austin,Renault
44,17,HUL,45,0,6,6,5,0,65,31.0,22.1,0.0,2.3,37.2,1005.1,99.0,H,21,Austin,Renault
45,17,HUL,46,0,6,6,5,0,64,31.1,22.1,0.0,3.0,37.0,1005.2,107.0,H,22,Austin,Renault
46,17,HUL,47,0,6,6,5,0,63,31.1,22.0,0.0,2.5,37.4,1005.1,146.0,H,23,Austin,Renault
47,17,HUL,48,0,6,6,5,0,62,31.1,22.2,0.0,2.0,37.0,1005.1,101.0,H,24,Austin,Renault
48,17,HUL,49,0,6,6,5,0,62,31.8,22.6,0.0,1.4,36.1,1005.2,91.0,H,25,Austin,Renault
49,17,HUL,50,0,6,6,5,0,61,32.0,22.5,0.0,1.9,35.6,1005.0,104.0,H,26,Austin,Renault
50,17,HUL,51,0,6,6,5,0,61,32.2,22.7,0.0,2.0,35.5,1005.0,140.0,H,27,Austin,Renault
51,17,HUL,52,0,6,6,5,0,61,32.4,23.2,0.0,1.5,33.8,1005.0,268.0,H,28,Austin,Renault
52,17,HUL,53,0,6,6,5,0,62,32.2,23.4,0.0,1.7,34.7,1005.0,112.0,H,29,Austin,Renault
53,17,HUL,54,0,6,6,5,0,62,32.0,23.1,0.0,1.6,35.0,1004.8,87.0,H,30,Austin,Renault
54,17,HUL,55,0,6,6,5,0,62,32.0,23.1,0.0,1.6,35.0,1004.8,87.0,H,31,Austin,Renault
55,17,HUL,56,0,6,6,5,0,62,31.6,22.6,0.0,2.5,34.9,1004.9,86.0,H,32,Austin,Renault
0,17,GRO,1,1,19,19,19,0,53,31.1,22.4,0.0,1.0,37.4,1005.8,264.0,S,3,Austin,Haas F1 Team
1,17,GRO,2,0,19,19,19,1,61,31.6,22.7,0.0,1.2,36.1,1005.2,107.0,H,0,Austin,Haas F1 Team
0,17,LEC,1,1,17,17,17,0,37,29.3,21.3,0.0,2.1,39.1,1006.5,122.0,S,3,Austin,Sauber
1,17,LEC,2,0,17,17,17,0,48,29.7,21.2,0.0,2.4,39.5,1006.4,86.0,H,0,Austin,Sauber
2,17,LEC,3,1,17,17,17,0,58,30.2,21.5,0.0,2.8,39.5,1006.3,82.0,H,1,Austin,Sauber
3,17,LEC,4,0,17,17,17,0,56,30.2,21.5,0.0,2.8,39.5,1006.3,82.0,H,2,Austin,Sauber
4,17,LEC,5,0,17,17,17,0,55,30.5,21.8,0.0,2.7,38.7,1006.3,89.0,H,3,Austin,Sauber
5,17,LEC,6,0,17,17,17,0,57,30.5,21.8,0.0,2.7,38.7,1006.3,89.0,H,4,Austin,Sauber
6,17,LEC,7,0,17,17,17,0,58,30.6,22.1,0.0,1.1,37.2,1006.0,233.0,H,5,Austin,Sauber
7,17,LEC,8,0,17,17,17,0,60,30.8,22.3,0.0,1.0,36.8,1005.9,279.0,H,6,Austin,Sauber
8,17,LEC,9,1,17,16,17,0,56,31.1,22.4,0.0,1.0,37.4,1005.8,264.0,H,7,Austin,Sauber
9,17,LEC,10,1,16,16,17,0,55,31.1,22.4,0.0,1.0,37.4,1005.8,264.0,H,8,Austin,Sauber
10,17,LEC,11,2,16,16,17,0,58,31.6,22.7,0.0,1.4,34.2,1005.8,117.0,H,9,Austin,Sauber
11,17,LEC,12,2,16,16,17,0,60,31.4,21.6,0.0,2.5,37.1,1005.7,98.0,H,10,Austin,Sauber
12,17,LEC,13,0,16,16,17,0,,31.3,22.0,0.0,1.2,37.0,1005.8,78.0,H,11,Austin,Sauber
13,17,LEC,14,0,16,16,17,0,,32.1,22.9,0.0,1.7,35.3,1005.6,265.0,H,12,Austin,Sauber
14,17,LEC,15,0,16,16,17,0,,32.0,23.1,0.0,0.8,34.3,1005.6,29.0,H,13,Austin,Sauber
15,17,LEC,16,0,16,16,17,0,58,32.0,23.0,0.0,1.3,34.4,1005.4,120.0,H,14,Austin,Sauber
16,17,LEC,17,0,16,16,17,0,56,31.9,23.0,0.0,1.4,35.2,1005.4,45.0,H,15,Austin,Sauber
17,17,LEC,18,0,16,16,17,0,56,31.8,22.4,0.0,2.4,36.2,1005.4,84.0,H,16,Austin,Sauber
18,17,LEC,19,0,16,16,17,0,58,32.0,22.3,0.0,1.8,36.9,1005.2,266.0,H,17,Austin,Sauber
19,17,LEC,20,0,16,16,17,0,,31.6,22.7,0.0,1.2,36.1,1005.2,107.0,H,18,Austin,Sauber
20,17,LEC,21,0,16,16,17,0,,31.0,22.1,0.0,2.3,37.2,1005.1,99.0,H,19,Austin,Sauber
21,17,LEC,22,0,16,16,17,0,,31.1,22.1,0.0,3.0,37.0,1005.2,107.0,H,20,Austin,Sauber
22,17,LEC,23,0,16,16,17,0,58,31.9,22.6,0.0,2.2,35.7,1005.1,117.0,H,21,Austin,Sauber
23,17,LEC,24,0,16,16,17,0,59,32.4,23.2,0.0,1.5,33.8,1005.0,268.0,H,22,Austin,Sauber
24,17,LEC,25,0,16,16,17,0,60,32.3,23.3,0.0,1.5,33.4,1005.0,206.0,H,23,Austin,Sauber
25,17,LEC,26,0,16,16,17,0,61,32.3,23.4,0.0,0.9,33.7,1005.1,255.0,H,24,Austin,Sauber
26,17,LEC,27,0,16,16,17,0,61,32.3,23.4,0.0,1.4,34.0,1004.9,149.0,H,25,Austin,Sauber
27,17,LEC,28,0,16,16,17,0,61,32.2,23.2,0.0,1.8,34.9,1004.9,118.0,H,26,Austin,Sauber
28,17,LEC,29,0,16,16,17,0,61,32.0,23.1,0.0,1.6,35.0,1004.8,87.0,H,27,Austin,Sauber
29,17,LEC,30,0,16,16,17,0,61,32.0,23.1,0.0,1.6,35.0,1004.8,87.0,H,28,Austin,Sauber
30,17,LEC,31,0,16,16,17,1,61,31.6,22.7,0.0,2.5,35.0,1004.9,82.0,H,29,Austin,Sauber
0,17,PER,1,1,8,8,8,0,44,29.3,21.3,0.0,2.1,39.1,1006.5,122.0,S,3,Austin,Racing Point
1,17,PER,2,0,8,8,8,0,48,29.3,21.3,0.0,2.2,39.1,1006.6,83.0,S,4,Austin,Racing Point
2,17,PER,3,1,8,9,8,0,54,29.7,21.0,0.0,3.3,40.2,1006.4,121.0,S,5,Austin,Racing Point
3,17,PER,4,0,9,9,8,0,58,29.7,21.2,0.0,2.4,39.5,1006.4,86.0,S,6,Austin,Racing Point
4,17,PER,5,0,9,9,8,0,57,29.8,21.3,0.0,2.8,39.8,1006.4,99.0,S,7,Austin,Racing Point
5,17,PER,6,0,9,10,8,0,59,30.3,21.8,0.0,3.0,39.5,1006.3,87.0,S,8,Austin,Racing Point
6,17,PER,7,0,10,10,8,0,60,30.3,21.7,0.0,2.2,38.3,1006.2,99.0,S,9,Austin,Racing Point
7,17,PER,8,0,10,10,8,0,60,30.3,21.7,0.0,2.2,38.3,1006.2,99.0,S,10,Austin,Racing Point
8,17,PER,9,1,10,9,8,0,56,30.6,22.1,0.0,1.1,37.2,1006.0,233.0,S,11,Austin,Racing Point
9,17,PER,10,1,9,9,8,0,57,30.8,22.3,0.0,1.0,36.8,1005.9,279.0,S,12,Austin,Racing Point
10,17,PER,11,2,9,9,8,0,60,30.9,22.6,0.0,1.4,36.5,1005.9,148.0,S,13,Austin,Racing Point
11,17,PER,12,2,9,9,8,0,60,30.9,22.6,0.0,1.4,36.5,1005.9,148.0,S,14,Austin,Racing Point
12,17,PER,13,0,9,9,8,0,60,31.1,22.4,0.0,1.0,37.4,1005.8,264.0,S,15,Austin,Racing Point
13,17,PER,14,0,9,9,8,0,,31.1,22.4,0.0,1.0,37.4,1005.8,264.0,S,16,Austin,Racing Point
14,17,PER,15,0,9,9,8,0,,31.1,22.7,0.0,1.1,36.8,1005.8,210.0,S,17,Austin,Racing Point
15,17,PER,16,0,9,9,8,0,59,31.1,22.5,0.0,1.9,34.9,1005.8,254.0,S,18,Austin,Racing Point
16,17,PER,17,0,9,9,8,0,57,31.1,22.5,0.0,1.5,35.3,1005.8,283.0,S,19,Austin,Racing Point
17,17,PER,18,0,9,9,8,0,56,31.5,22.9,0.0,1.3,34.7,1005.8,209.0,S,20,Austin,Racing Point
18,17,PER,19,0,9,9,8,0,56,31.7,22.0,0.0,3.2,35.4,1005.7,88.0,S,21,Austin,Racing Point
19,17,PER,20,0,9,9,8,0,57,31.7,21.6,0.0,3.3,36.6,1005.7,82.0,S,22,Austin,Racing Point
20,17,PER,21,0,9,9,8,0,,31.7,21.5,0.0,3.0,37.2,1005.7,110.0,S,23,Austin,Racing Point
21,17,PER,22,0,9,9,8,0,,31.4,21.6,0.0,2.5,37.1,1005.7,98.0,S,24,Austin,Racing Point
22,17,PER,23,0,9,8,8,0,57,31.3,22.0,0.0,1.2,37.0,1005.8,78.0,S,25,Austin,Racing Point
23,17,PER,24,0,8,7,8,0,59,31.3,22.0,0.0,1.2,37.0,1005.8,78.0,S,26,Austin,Racing Point
24,17,PER,25,0,7,6,8,0,60,32.1,22.9,0.0,1.7,35.3,1005.6,265.0,S,27,Austin,Racing Point
25,17,PER,26,0,6,15,8,0,60,32.1,22.9,0.0,1.7,35.3,1005.6,265.0,H,0,Austin,Racing Point
26,17,PER,27,0,15,15,8,0,59,32.0,23.0,0.0,0.8,34.7,1005.6,185.0,H,1,Austin,Racing Point
27,17,PER,28,0,15,13,8,0,59,32.0,23.1,0.0,0.8,34.3,1005.6,29.0,H,2,Austin,Racing Point
28,17,PER,29,0,13,12,8,0,58,32.2,23.1,0.0,1.0,34.5,1005.6,139.0,H,3,Austin,Racing Point
29,17,PER,30,0,12,11,8,0,57,32.0,23.0,0.0,1.3,34.4,1005.4,120.0,H,4,Austin,Racing Point
30,17,PER,31,0,11,10,8,0,56,31.9,22.9,0.0,1.3,35.1,1005.5,219.0,H,5,Austin,Racing Point
31,17,PER,32,0,10,10,8,0,57,31.7,22.9,0.0,0.8,34.8,1005.3,0.0,H,6,Austin,Racing Point
32,17,PER,33,0,10,10,8,0,,31.8,22.4,0.0,2.4,36.2,1005.4,84.0,H,7,Austin,Racing Point
33,17,PER,34,0,10,10,8,0,,31.8,22.4,0.0,2.4,36.2,1005.4,84.0,H,8,Austin,Racing Point
34,17,PER,35,0,10,10,8,0,,32.0,22.3,0.0,1.8,36.9,1005.2,266.0,H,9,Austin,Racing Point
35,17,PER,36,0,10,10,8,0,,31.9,22.4,0.0,1.7,36.1,1005.1,121.0,H,10,Austin,Racing Point
36,17,PER,37,0,10,10,8,0,,31.6,22.7,0.0,1.2,36.1,1005.2,107.0,H,11,Austin,Racing Point
37,17,PER,38,0,10,10,8,0,,31.6,22.7,0.0,1.2,36.1,1005.2,107.0,H,12,Austin,Racing Point
38,17,PER,39,0,10,10,8,0,57,31.0,22.5,0.0,2.0,36.2,1005.2,93.0,H,13,Austin,Racing Point
39,17,PER,40,0,10,10,8,0,57,31.0,22.2,0.0,2.6,36.2,1005.1,89.0,H,14,Austin,Racing Point
40,17,PER,41,0,10,10,8,0,58,31.0,22.1,0.0,2.3,37.2,1005.1,99.0,H,15,Austin,Racing Point
41,17,PER,42,0,10,10,8,0,57,31.1,22.1,0.0,3.0,37.0,1005.2,107.0,H,16,Austin,Racing Point
42,17,PER,43,0,10,10,8,0,57,31.1,22.0,0.0,2.5,37.4,1005.1,146.0,H,17,Austin,Racing Point
43,17,PER,44,0,10,10,8,0,56,31.1,22.2,0.0,2.0,37.0,1005.1,101.0,H,18,Austin,Racing Point
44,17,PER,45,0,10,10,8,0,56,31.8,22.6,0.0,1.4,36.1,1005.2,91.0,H,19,Austin,Racing Point
45,17,PER,46,0,10,10,8,0,56,31.8,22.6,0.0,1.4,36.1,1005.2,91.0,H,20,Austin,Racing Point
46,17,PER,47,0,10,10,8,0,,31.9,22.6,0.0,2.2,35.7,1005.1,117.0,H,21,Austin,Racing Point
47,17,PER,48,0,10,10,8,0,56,32.2,22.7,0.0,2.0,35.5,1005.0,140.0,H,22,Austin,Racing Point
48,17,PER,49,0,10,10,8,0,55,32.2,22.7,0.0,2.0,35.5,1005.0,140.0,H,23,Austin,Racing Point
49,17,PER,50,0,10,10,8,0,55,32.3,23.3,0.0,1.5,33.4,1005.0,206.0,H,24,Austin,Racing Point
50,17,PER,51,0,10,10,8,0,55,32.3,23.4,0.0,0.9,33.7,1005.1,255.0,H,25,Austin,Racing Point
51,17,PER,52,0,10,10,8,0,55,32.3,23.4,0.0,1.4,34.0,1004.9,149.0,H,26,Austin,Racing Point
52,17,PER,53,0,10,10,8,0,55,32.2,23.4,0.0,1.7,34.7,1005.0,112.0,H,27,Austin,Racing Point
53,17,PER,54,0,10,10,8,0,55,32.2,23.2,0.0,1.8,34.9,1004.9,118.0,H,28,Austin,Racing Point
54,17,PER,55,0,10,10,8,0,55,32.0,23.1,0.0,1.6,35.0,1004.8,87.0,H,29,Austin,Racing Point
55,17,PER,56,0,10,10,8,0,55,31.6,22.7,0.0,2.5,35.0,1004.9,82.0,H,30,Austin,Racing Point
0,17,SAI,1,1,6,6,6,0,50,29.3,21.3,0.0,2.1,39.1,1006.5,122.0,M,0,Austin,Renault
1,17,SAI,2,0,6,6,6,0,58,29.3,21.3,0.0,2.2,39.1,1006.6,83.0,M,1,Austin,Renault
2,17,SAI,3,1,6,6,6,0,59,29.7,21.1,0.0,2.8,39.7,1006.5,87.0,M,2,Austin,Renault
3,17,SAI,4,0,6,6,6,0,69,29.7,21.0,0.0,3.3,40.2,1006.4,121.0,M,3,Austin,Renault
4,17,SAI,5,0,6,6,6,0,71,29.7,21.2,0.0,2.4,39.5,1006.4,86.0,M,4,Austin,Renault
5,17,SAI,6,0,6,7,6,0,68,30.2,21.5,0.0,2.8,39.5,1006.3,82.0,M,5,Austin,Renault
6,17,SAI,7,0,7,7,6,0,68,30.2,21.5,0.0,2.8,39.5,1006.3,82.0,M,6,Austin,Renault
7,17,SAI,8,0,7,7,6,0,69,30.5,21.8,0.0,2.7,38.7,1006.3,89.0,M,7,Austin,Renault
8,17,SAI,9,1,7,6,6,0,66,30.3,21.7,0.0,2.2,38.3,1006.2,99.0,M,8,Austin,Renault
9,17,SAI,10,1,6,7,6,0,63,30.6,21.8,0.0,1.0,37.6,1006.1,110.0,M,9,Austin,Renault
10,17,SAI,11,2,7,7,6,0,66,30.6,22.1,0.0,1.1,37.2,1006.0,233.0,M,10,Austin,Renault
11,17,SAI,12,2,7,7,6,0,71,30.5,22.1,0.0,0.4,37.3,1006.0,163.0,M,11,Austin,Renault
12,17,SAI,13,0,7,7,6,0,,30.8,22.3,0.0,1.0,36.8,1005.9,279.0,M,12,Austin,Renault
13,17,SAI,14,0,7,7,6,0,,30.8,22.5,0.0,2.2,36.4,1005.9,192.0,M,13,Austin,Renault
14,17,SAI,15,0,7,7,6,0,,31.0,22.5,0.0,1.3,36.5,1005.9,348.0,M,14,Austin,Renault
15,17,SAI,16,0,7,7,6,0,74,31.1,22.2,0.0,2.7,37.5,1005.9,106.0,M,15,Austin,Renault
16,17,SAI,17,0,7,7,6,0,73,31.1,22.4,0.0,1.0,37.4,1005.8,264.0,M,16,Austin,Renault
17,17,SAI,18,0,7,7,6,0,71,31.1,22.4,0.0,1.0,37.4,1005.8,264.0,M,17,Austin,Renault
18,17,SAI,19,0,7,7,6,0,,31.1,22.7,0.0,1.1,36.8,1005.8,210.0,M,18,Austin,Renault
19,17,SAI,20,0,7,7,6,0,71,31.1,23.0,0.0,1.5,34.0,1005.8,246.0,M,19,Austin,Renault
20,17,SAI,21,0,7,7,6,0,71,31.1,22.5,0.0,1.9,34.9,1005.8,254.0,M,20,Austin,Renault
21,17,SAI,22,0,7,7,6,0,72,31.1,22.8,0.0,1.2,34.9,1005.7,277.0,M,21,Austin,Renault
22,17,SAI,23,0,7,7,6,0,73,31.6,22.7,0.0,1.4,34.2,1005.8,117.0,M,22,Austin,Renault
23,17,SAI,24,0,7,6,6,0,73,31.3,22.4,0.0,2.4,35.2,1005.7,97.0,M,23,Austin,Renault
24,17,SAI,25,0,6,11,6,0,73,31.7,22.0,0.0,3.2,35.4,1005.7,88.0,H,0,Austin,Renault
25,17,SAI,26,0,11,9,6,0,74,31.7,21.6,0.0,3.3,36.6,1005.7,82.0,H,1,Austin,Renault
26,17,SAI,27,0,9,8,6,0,74,31.4,21.6,0.0,2.5,37.1,1005.7,98.0,H,2,Austin,Renault
27,17,SAI,28,0,8,8,6,0,73,31.3,22.0,0.0,1.2,37.0,1005.8,78.0,H,3,Austin,Renault
28,17,SAI,29,0,8,8,6,0,73,32.0,22.7,0.0,1.0,35.7,1005.6,267.0,H,4,Austin,Renault
29,17,SAI,30,0,8,8,6,0,73,32.1,22.9,0.0,1.7,35.3,1005.6,265.0,H,5,Austin,Renault
30,17,SAI,31,0,8,7,6,0,73,32.0,23.0,0.0,0.8,34.7,1005.6,185.0,H,6,Austin,Renault
31,17,SAI,32,0,7,7,6,0,73,32.2,23.1,0.0,1.0,34.5,1005.6,139.0,H,7,Austin,Renault
32,17,SAI,33,0,7,7,6,0,72,32.0,23.0,0.0,1.3,34.4,1005.4,120.0,H,8,Austin,Renault
33,17,SAI,34,0,7,7,6,0,72,31.9,22.9,0.0,1.3,35.1,1005.5,219.0,H,9,Austin,Renault
34,17,SAI,35,0,7,7,6,0,72,31.9,23.0,0.0,1.4,35.2,1005.4,45.0,H,10,Austin,Renault
35,17,SAI,36,0,7,7,6,0,73,31.9,23.0,0.0,1.4,35.2,1005.4,45.0,H,11,Austin,Renault
36,17,SAI,37,0,7,7,6,0,72,31.7,22.8,0.0,1.0,35.1,1005.3,87.0,H,12,Austin,Renault
37,17,SAI,38,0,7,7,6,0,72,31.8,22.4,0.0,2.4,36.2,1005.4,84.0,H,13,Austin,Renault
38,17,SAI,39,0,7,7,6,0,74,32.0,22.3,0.0,1.8,36.9,1005.2,266.0,H,14,Austin,Renault
39,17,SAI,40,0,7,7,6,0,74,31.9,22.5,0.0,1.3,35.7,1005.2,103.0,H,15,Austin,Renault
40,17,SAI,41,0,7,7,6,0,74,31.9,22.4,0.0,1.7,36.1,1005.1,121.0,H,16,Austin,Renault
41,17,SAI,42,0,7,7,6,0,72,31.6,22.7,0.0,1.2,36.1,1005.2,107.0,H,17,Austin,Renault
42,17,SAI,43,0,7,7,6,0,71,31.5,22.7,0.0,0.7,35.6,1005.2,102.0,H,18,Austin,Renault
43,17,SAI,44,0,7,7,6,0,69,31.0,22.2,0.0,2.6,36.2,1005.1,89.0,H,19,Austin,Renault
44,17,SAI,45,0,7,7,6,0,69,31.0,22.1,0.0,2.3,37.2,1005.1,99.0,H,20,Austin,Renault
45,17,SAI,46,0,7,7,6,0,67,31.1,22.1,0.0,3.0,37.0,1005.2,107.0,H,21,Austin,Renault
46,17,SAI,47,0,7,7,6,0,65,31.1,22.0,0.0,2.5,37.4,1005.1,146.0,H,22,Austin,Renault
47,17,SAI,48,0,7,7,6,0,,31.4,22.2,0.0,2.2,36.9,1005.2,117.0,H,23,Austin,Renault
48,17,SAI,49,0,7,7,6,0,64,31.8,22.6,0.0,1.4,36.1,1005.2,91.0,H,24,Austin,Renault
49,17,SAI,50,0,7,7,6,0,63,32.2,22.7,0.0,2.0,35.5,1005.0,140.0,H,25,Austin,Renault
50,17,SAI,51,0,7,7,6,0,63,32.4,23.2,0.0,1.5,33.8,1005.0,268.0,H,26,Austin,Renault
51,17,SAI,52,0,7,7,6,0,62,32.3,23.3,0.0,1.5,33.4,1005.0,206.0,H,27,Austin,Renault
52,17,SAI,53,0,7,7,6,0,62,32.3,23.3,0.0,1.5,33.4,1005.0,206.0,H,28,Austin,Renault
53,17,SAI,54,0,7,7,6,0,63,32.0,23.1,0.0,1.6,35.0,1004.8,87.0,H,29,Austin,Renault
54,17,SAI,55,0,7,7,6,0,62,31.6,22.7,0.0,2.5,35.0,1004.9,82.0,H,30,Austin,Renault
55,17,SAI,56,0,7,7,6,0,50,31.6,22.6,0.0,2.5,34.9,1004.9,86.0,H,31,Austin,Renault
0,17,MAG,1,1,10,10,10,0,11,29.3,21.3,0.0,2.1,39.1,1006.5,122.0,M,0,Austin,Haas F1 Team
1,17,MAG,2,0,10,10,10,0,10,29.3,21.3,0.0,2.2,39.1,1006.6,83.0,M,1,Austin,Haas F1 Team
2,17,MAG,3,1,10,10,10,0,10,29.3,21.2,0.0,2.5,38.6,1006.5,108.0,M,2,Austin,Haas F1 Team
3,17,MAG,4,0,10,10,10,0,10,29.5,21.1,0.0,1.9,38.6,1006.5,89.0,M,3,Austin,Haas F1 Team
4,17,MAG,5,0,10,11,10,0,16,29.7,21.1,0.0,2.8,39.7,1006.5,87.0,M,4,Austin,Haas F1 Team
5,17,MAG,6,0,11,11,10,0,27,29.8,21.3,0.0,2.8,39.8,1006.4,99.0,M,5,Austin,Haas F1 Team
6,17,MAG,7,0,11,11,10,0,32,30.2,21.5,0.0,2.8,39.5,1006.3,82.0,M,6,Austin,Haas F1 Team
7,17,MAG,8,0,11,11,10,0,28,30.5,21.8,0.0,2.7,38.7,1006.3,89.0,M,7,Austin,Haas F1 Team
8,17,MAG,9,1,11,10,10,0,,30.5,21.8,0.0,2.7,38.7,1006.3,89.0,M,8,Austin,Haas F1 Team
9,17,MAG,10,1,10,10,10,0,,30.5,21.7,0.0,2.8,37.7,1006.3,100.0,M,9,Austin,Haas F1 Team
10,17,MAG,11,2,10,10,10,0,,30.4,21.6,0.0,2.2,38.1,1006.2,107.0,M,10,Austin,Haas F1 Team
11,17,MAG,12,2,10,10,10,0,33,30.6,21.9,0.0,0.7,37.7,1006.1,64.0,M,11,Austin,Haas F1 Team
12,17,MAG,13,0,10,10,10,0,32,30.5,21.9,0.0,1.4,37.4,1006.1,0.0,M,12,Austin,Haas F1 Team
13,17,MAG,14,0,10,10,10,0,34,30.5,22.1,0.0,0.4,37.3,1006.0,163.0,M,13,Austin,Haas F1 Team
14,17,MAG,15,0,10,10,10,0,35,30.8,22.3,0.0,1.0,36.8,1005.9,279.0,M,14,Austin,Haas F1 Team
15,17,MAG,16,0,10,10,10,0,35,30.8,22.5,0.0,2.2,36.4,1005.9,192.0,M,15,Austin,Haas F1 Team
16,17,MAG,17,0,10,10,10,0,37,30.9,22.6,0.0,1.4,36.5,1005.9,148.0,M,16,Austin,Haas F1 Team
17,17,MAG,18,0,10,10,10,0,39,30.9,22.6,0.0,1.4,36.5,1005.9,148.0,M,17,Austin,Haas F1 Team
18,17,MAG,19,0,10,10,10,0,40,31.1,22.4,0.0,2.6,36.9,1005.9,99.0,M,18,Austin,Haas F1 Team
19,17,MAG,20,0,10,10,10,0,41,31.1,22.2,0.0,2.7,37.5,1005.9,106.0,M,19,Austin,Haas F1 Team
20,17,MAG,21,0,10,10,10,0,,31.1,22.4,0.0,1.0,37.4,1005.8,264.0,M,20,Austin,Haas F1 Team
21,17,MAG,22,0,10,10,10,0,,31.1,22.4,0.0,1.0,37.4,1005.8,264.0,M,21,Austin,Haas F1 Team
22,17,MAG,23,0,10,9,10,0,,31.1,22.4,0.0,1.0,37.4,1005.8,264.0,M,22,Austin,Haas F1 Team
23,17,MAG,24,0,9,8,10,0,42,31.1,22.7,0.0,1.1,36.8,1005.8,210.0,M,23,Austin,Haas F1 Team
24,17,MAG,25,0,8,7,10,0,42,31.1,22.5,0.0,1.5,35.3,1005.8,283.0,M,24,Austin,Haas F1 Team
25,17,MAG,26,0,7,6,10,0,42,31.1,22.8,0.0,1.2,34.9,1005.7,277.0,M,25,Austin,Haas F1 Team
26,17,MAG,27,0,6,6,10,0,42,31.5,22.9,0.0,1.3,34.7,1005.8,209.0,M,26,Austin,Haas F1 Team
27,17,MAG,28,0,6,6,10,0,42,31.6,22.7,0.0,1.4,34.2,1005.8,117.0,M,27,Austin,Haas F1 Team
28,17,MAG,29,0,6,6,10,0,42,31.6,22.7,0.0,1.4,34.2,1005.8,117.0,M,28,Austin,Haas F1 Team
29,17,MAG,30,0,6,6,10,0,43,31.3,22.4,0.0,2.4,35.2,1005.7,97.0,M,29,Austin,Haas F1 Team
30,17,MAG,31,0,6,9,10,0,,31.7,22.0,0.0,3.2,35.4,1005.7,88.0,H,0,Austin,Haas F1 Team
31,17,MAG,32,0,9,9,10,0,,31.7,21.6,0.0,3.3,36.6,1005.7,82.0,H,1,Austin,Haas F1 Team
32,17,MAG,33,0,9,9,10,0,,31.7,21.6,0.0,3.3,36.6,1005.7,82.0,H,2,Austin,Haas F1 Team
33,17,MAG,34,0,9,9,10,0,44,31.7,21.5,0.0,3.0,37.2,1005.7,110.0,H,3,Austin,Haas F1 Team
34,17,MAG,35,0,9,9,10,0,44,31.4,21.6,0.0,2.5,37.1,1005.7,98.0,H,4,Austin,Haas F1 Team
35,17,MAG,36,0,9,9,10,0,44,31.3,22.0,0.0,1.2,37.0,1005.8,78.0,H,5,Austin,Haas F1 Team
36,17,MAG,37,0,9,9,10,0,44,32.1,22.9,0.0,1.7,35.3,1005.6,265.0,H,6,Austin,Haas F1 Team
37,17,MAG,38,0,9,9,10,0,44,32.0,23.0,0.0,0.8,34.7,1005.6,185.0,H,7,Austin,Haas F1 Team
38,17,MAG,39,0,9,9,10,0,44,32.0,23.0,0.0,1.3,34.4,1005.4,120.0,H,8,Austin,Haas F1 Team
39,17,MAG,40,0,9,9,10,0,45,31.9,23.0,0.0,1.4,35.2,1005.4,45.0,H,9,Austin,Haas F1 Team
40,17,MAG,41,0,9,9,10,0,45,31.7,22.8,0.0,1.0,35.1,1005.3,87.0,H,10,Austin,Haas F1 Team
41,17,MAG,42,0,9,9,10,0,46,31.8,22.4,0.0,2.4,36.2,1005.4,84.0,H,11,Austin,Haas F1 Team
42,17,MAG,43,0,9,9,10,0,46,31.9,22.4,0.0,1.7,36.1,1005.1,121.0,H,12,Austin,Haas F1 Team
43,17,MAG,44,0,9,9,10,0,45,31.6,22.7,0.0,1.2,36.1,1005.2,107.0,H,13,Austin,Haas F1 Team
44,17,MAG,45,0,9,9,10,0,45,31.6,22.7,0.0,1.2,36.1,1005.2,107.0,H,14,Austin,Haas F1 Team
45,17,MAG,46,0,9,9,10,0,44,31.0,22.5,0.0,2.0,36.2,1005.2,93.0,H,15,Austin,Haas F1 Team
46,17,MAG,47,0,9,9,10,0,,31.1,22.0,0.0,2.5,37.4,1005.1,146.0,H,16,Austin,Haas F1 Team
47,17,MAG,48,0,9,9,10,0,,31.1,22.2,0.0,2.0,37.0,1005.1,101.0,H,17,Austin,Haas F1 Team
48,17,MAG,49,0,9,9,10,0,43,31.8,22.6,0.0,1.4,36.1,1005.2,91.0,H,18,Austin,Haas F1 Team
49,17,MAG,50,0,9,9,10,0,42,31.8,22.6,0.0,1.4,36.1,1005.2,91.0,H,19,Austin,Haas F1 Team
50,17,MAG,51,0,9,9,10,0,42,32.3,23.3,0.0,1.5,33.4,1005.0,206.0,H,20,Austin,Haas F1 Team
51,17,MAG,52,0,9,9,10,0,,32.2,23.4,0.0,1.7,34.7,1005.0,112.0,H,21,Austin,Haas F1 Team
52,17,MAG,53,0,9,9,10,0,43,32.2,23.2,0.0,1.8,34.9,1004.9,118.0,H,22,Austin,Haas F1 Team
53,17,MAG,54,0,9,9,10,0,43,32.0,23.1,0.0,1.6,35.0,1004.8,87.0,H,23,Austin,Haas F1 Team
54,17,MAG,55,0,9,9,10,0,43,32.0,23.1,0.0,1.6,35.0,1004.8,87.0,H,24,Austin,Haas F1 Team
55,17,MAG,56,0,9,9,10,0,43,31.6,22.7,0.0,2.5,35.0,1004.9,82.0,H,25,Austin,Haas F1 Team
0,17,ALO,1,1,20,20,20,1,77,31.5,22.9,0.0,1.3,34.7,1005.8,209.0,M,0,Austin,McLaren
0,17,SIR,1,1,11,11,11,0,36,29.3,21.3,0.0,2.1,39.1,1006.5,122.0,M,0,Austin,Williams
1,17,SIR,2,0,11,11,11,0,60,29.3,21.3,0.0,2.2,39.1,1006.6,83.0,M,1,Austin,Williams
2,17,SIR,3,1,11,12,11,0,60,29.5,21.1,0.0,1.9,38.6,1006.5,89.0,M,2,Austin,Williams
3,17,SIR,4,0,12,12,11,0,63,29.7,21.1,0.0,2.8,39.7,1006.5,87.0,M,3,Austin,Williams
4,17,SIR,5,0,12,12,11,0,51,30.2,21.5,0.0,2.8,39.5,1006.3,82.0,M,4,Austin,Williams
5,17,SIR,6,0,12,12,11,0,53,30.3,21.8,0.0,3.0,39.5,1006.3,87.0,M,5,Austin,Williams
6,17,SIR,7,0,12,12,11,0,54,30.5,21.8,0.0,2.7,38.7,1006.3,89.0,M,6,Austin,Williams
7,17,SIR,8,0,12,12,11,0,56,30.3,21.7,0.0,2.2,38.3,1006.2,99.0,M,7,Austin,Williams
8,17,SIR,9,1,12,11,11,0,57,30.5,21.7,0.0,2.8,37.7,1006.3,100.0,M,8,Austin,Williams
9,17,SIR,10,1,11,11,11,0,52,30.6,21.8,0.0,1.0,37.6,1006.1,110.0,M,9,Austin,Williams
10,17,SIR,11,2,11,13,11,0,50,30.5,21.9,0.0,1.4,37.4,1006.1,0.0,H,0,Austin,Williams
11,17,SIR,12,2,13,13,11,0,51,30.5,22.1,0.0,0.4,37.3,1006.0,163.0,H,1,Austin,Williams
12,17,SIR,13,0,13,13,11,0,55,30.8,22.5,0.0,2.2,36.4,1005.9,192.0,H,2,Austin,Williams
13,17,SIR,14,0,13,13,11,0,56,31.0,22.5,0.0,1.3,36.5,1005.9,348.0,H,3,Austin,Williams
14,17,SIR,15,0,13,13,11,0,51,30.9,22.6,0.0,1.4,36.5,1005.9,148.0,H,4,Austin,Williams
15,17,SIR,16,0,13,13,11,0,50,31.1,22.4,0.0,2.6,36.9,1005.9,99.0,H,5,Austin,Williams
16,17,SIR,17,0,13,13,11,0,49,31.1,22.2,0.0,2.7,37.5,1005.9,106.0,H,6,Austin,Williams
17,17,SIR,18,0,13,13,11,0,49,31.1,22.4,0.0,1.0,37.4,1005.8,264.0,H,7,Austin,Williams
18,17,SIR,19,0,13,13,11,0,50,31.1,22.4,0.0,1.0,37.4,1005.8,264.0,H,8,Austin,Williams
19,17,SIR,20,0,13,13,11,0,50,31.1,22.4,0.0,1.0,37.4,1005.8,264.0,H,9,Austin,Williams
20,17,SIR,21,0,13,13,11,0,50,31.1,22.4,0.0,1.0,37.4,1005.8,264.0,H,10,Austin,Williams
21,17,SIR,22,0,13,13,11,0,50,31.1,22.4,0.0,1.0,37.4,1005.8,264.0,H,11,Austin,Williams
22,17,SIR,23,0,13,12,11,0,51,31.1,23.0,0.0,1.5,34.0,1005.8,246.0,H,12,Austin,Williams
23,17,SIR,24,0,12,12,11,0,51,31.1,22.5,0.0,1.5,35.3,1005.8,283.0,H,13,Austin,Williams
24,17,SIR,25,0,12,12,11,0,51,31.1,22.8,0.0,1.2,34.9,1005.7,277.0,H,14,Austin,Williams
25,17,SIR,26,0,12,12,11,0,,31.6,22.7,0.0,1.4,34.2,1005.8,117.0,H,15,Austin,Williams
26,17,SIR,27,0,12,12,11,0,,31.7,22.0,0.0,3.2,35.4,1005.7,88.0,H,16,Austin,Williams
27,17,SIR,28,0,12,11,11,0,,31.7,21.6,0.0,3.3,36.6,1005.7,82.0,H,17,Austin,Williams
28,17,SIR,29,0,11,11,11,0,,32.0,22.7,0.0,1.0,35.7,1005.6,267.0,H,18,Austin,Williams
29,17,SIR,30,0,11,15,11,0,,32.1,22.9,0.0,1.7,35.3,1005.6,265.0,M,0,Austin,Williams
30,17,SIR,31,0,15,14,11,0,,32.1,22.9,0.0,1.7,35.3,1005.6,265.0,M,1,Austin,Williams
31,17,SIR,32,0,14,15,11,0,,32.0,23.1,0.0,0.8,34.3,1005.6,29.0,M,2,Austin,Williams
32,17,SIR,33,0,15,15,11,0,,32.2,23.1,0.0,1.0,34.5,1005.6,139.0,M,3,Austin,Williams
33,17,SIR,34,0,15,15,11,0,,32.2,23.1,0.0,1.0,34.5,1005.6,139.0,M,4,Austin,Williams
34,17,SIR,35,0,15,15,11,0,,32.0,23.0,0.0,1.3,34.4,1005.4,120.0,M,5,Austin,Williams
35,17,SIR,36,0,15,15,11,0,51,31.9,23.0,0.0,1.4,35.2,1005.4,45.0,M,6,Austin,Williams
36,17,SIR,37,0,15,14,11,0,51,31.7,22.9,0.0,0.8,34.8,1005.3,0.0,M,7,Austin,Williams
37,17,SIR,38,0,14,14,11,0,51,31.7,22.8,0.0,1.0,35.1,1005.3,87.0,M,8,Austin,Williams
38,17,SIR,39,0,14,14,11,0,51,31.8,22.4,0.0,2.4,36.2,1005.4,84.0,M,9,Austin,Williams
39,17,SIR,40,0,14,14,11,0,52,31.9,22.4,0.0,1.7,36.1,1005.1,121.0,M,10,Austin,Williams
40,17,SIR,41,0,14,14,11,0,52,31.6,22.7,0.0,1.2,36.1,1005.2,107.0,M,11,Austin,Williams
41,17,SIR,42,0,14,14,11,0,52,31.5,22.7,0.0,0.7,35.6,1005.2,102.0,M,12,Austin,Williams
42,17,SIR,43,0,14,14,11,0,52,31.0,22.1,0.0,2.3,37.2,1005.1,99.0,M,13,Austin,Williams
43,17,SIR,44,0,14,14,11,0,51,31.1,22.1,0.0,3.0,37.0,1005.2,107.0,M,14,Austin,Williams
44,17,SIR,45,0,14,14,11,0,50,31.1,22.0,0.0,2.5,37.4,1005.1,146.0,M,15,Austin,Williams
45,17,SIR,46,0,14,14,11,0,49,31.1,22.2,0.0,2.0,37.0,1005.1,101.0,M,16,Austin,Williams
46,17,SIR,47,0,14,14,11,0,49,31.4,22.2,0.0,2.2,36.9,1005.2,117.0,M,17,Austin,Williams
47,17,SIR,48,0,14,14,11,0,49,31.8,22.6,0.0,1.4,36.1,1005.2,91.0,M,18,Austin,Williams
48,17,SIR,49,0,14,14,11,0,48,31.9,22.6,0.0,2.2,35.7,1005.1,117.0,M,19,Austin,Williams
49,17,SIR,50,0,14,15,11,0,48,32.0,22.5,0.0,1.9,35.6,1005.0,104.0,M,20,Austin,Williams
50,17,SIR,51,0,15,15,11,0,48,32.2,22.7,0.0,2.0,35.5,1005.0,140.0,M,21,Austin,Williams
51,17,SIR,52,0,15,15,11,0,48,32.2,23.4,0.0,1.7,34.7,1005.0,112.0,M,22,Austin,Williams
52,17,SIR,53,0,15,15,11,0,48,32.2,23.2,0.0,1.8,34.9,1004.9,118.0,M,23,Austin,Williams
53,17,SIR,54,0,15,15,11,0,48,32.0,23.1,0.0,1.6,35.0,1004.8,87.0,M,24,Austin,Williams
54,17,SIR,55,0,15,15,11,0,48,32.0,23.1,0.0,1.6,35.0,1004.8,87.0,M,25,Austin,Williams
0,17,STR,1,1,18,18,18,0,33,29.3,21.3,0.0,2.1,39.1,1006.5,122.0,M,0,Austin,Williams
1,17,STR,2,0,18,18,18,0,54,29.7,21.0,0.0,3.3,40.2,1006.4,121.0,H,0,Austin,Williams
2,17,STR,3,1,18,18,18,0,,29.8,21.3,0.0,2.8,39.8,1006.4,99.0,H,1,Austin,Williams
3,17,STR,4,0,18,18,18,0,55,30.2,21.5,0.0,2.8,39.5,1006.3,82.0,H,2,Austin,Williams
4,17,STR,5,0,18,18,18,0,57,30.3,21.8,0.0,3.0,39.5,1006.3,87.0,H,3,Austin,Williams
5,17,STR,6,0,18,18,18,0,63,30.3,21.7,0.0,2.2,38.3,1006.2,99.0,H,4,Austin,Williams
6,17,STR,7,0,18,18,18,0,65,30.5,21.7,0.0,2.8,37.7,1006.3,100.0,H,5,Austin,Williams
7,17,STR,8,0,18,18,18,0,66,30.6,21.9,0.0,0.7,37.7,1006.1,64.0,H,6,Austin,Williams
8,17,STR,9,1,18,17,18,0,61,30.5,22.1,0.0,0.4,37.3,1006.0,163.0,H,7,Austin,Williams
9,17,STR,10,1,17,17,18,0,61,30.8,22.3,0.0,1.0,36.8,1005.9,279.0,H,8,Austin,Williams
10,17,STR,11,2,17,17,18,0,64,30.8,22.5,0.0,2.2,36.4,1005.9,192.0,H,9,Austin,Williams
11,17,STR,12,2,17,17,18,0,62,30.8,22.5,0.0,2.2,36.4,1005.9,192.0,H,10,Austin,Williams
12,17,STR,13,0,17,17,18,0,,30.9,22.6,0.0,1.4,36.5,1005.9,148.0,H,11,Austin,Williams
13,17,STR,14,0,17,17,18,0,,31.1,22.4,0.0,2.6,36.9,1005.9,99.0,H,12,Austin,Williams
14,17,STR,15,0,17,17,18,0,,31.1,22.4,0.0,1.0,37.4,1005.8,264.0,H,13,Austin,Williams
15,17,STR,16,0,17,17,18,0,59,31.1,22.4,0.0,1.0,37.4,1005.8,264.0,H,14,Austin,Williams
16,17,STR,17,0,17,17,18,0,59,31.1,22.4,0.0,1.0,37.4,1005.8,264.0,H,15,Austin,Williams
17,17,STR,18,0,17,17,18,0,60,31.1,22.4,0.0,1.0,37.4,1005.8,264.0,H,16,Austin,Williams
18,17,STR,19,0,17,17,18,0,60,31.1,23.0,0.0,1.5,34.0,1005.8,246.0,H,17,Austin,Williams
19,17,STR,20,0,17,17,18,0,60,31.1,22.5,0.0,1.5,35.3,1005.8,283.0,H,18,Austin,Williams
20,17,STR,21,0,17,17,18,0,,31.1,22.8,0.0,1.2,34.9,1005.7,277.0,H,19,Austin,Williams
21,17,STR,22,0,17,17,18,0,,31.5,22.9,0.0,1.3,34.7,1005.8,209.0,H,20,Austin,Williams
22,17,STR,23,0,17,17,18,0,,31.6,22.7,0.0,1.4,34.2,1005.8,117.0,H,21,Austin,Williams
23,17,STR,24,0,17,17,18,0,60,31.6,22.7,0.0,1.4,34.2,1005.8,117.0,H,22,Austin,Williams
24,17,STR,25,0,17,17,18,0,59,31.3,22.4,0.0,2.4,35.2,1005.7,97.0,H,23,Austin,Williams
25,17,STR,26,0,17,17,18,0,59,31.7,22.0,0.0,3.2,35.4,1005.7,88.0,H,24,Austin,Williams
26,17,STR,27,0,17,17,18,0,58,31.7,21.6,0.0,3.3,36.6,1005.7,82.0,H,25,Austin,Williams
27,17,STR,28,0,17,17,18,0,57,31.7,21.6,0.0,3.3,36.6,1005.7,82.0,H,26,Austin,Williams
28,17,STR,29,0,17,17,18,0,,31.4,21.6,0.0,2.5,37.1,1005.7,98.0,H,27,Austin,Williams
29,17,STR,30,0,17,17,18,0,57,31.3,22.0,0.0,1.2,37.0,1005.8,78.0,H,28,Austin,Williams
30,17,STR,31,0,17,17,18,0,57,32.1,22.9,0.0,1.7,35.3,1005.6,265.0,H,29,Austin,Williams
31,17,STR,32,0,17,16,18,0,57,32.1,22.9,0.0,1.7,35.3,1005.6,265.0,H,30,Austin,Williams
32,17,STR,33,0,16,16,18,0,58,32.0,23.0,0.0,0.8,34.7,1005.6,185.0,H,31,Austin,Williams
33,17,STR,34,0,16,16,18,0,59,32.0,23.1,0.0,0.8,34.3,1005.6,29.0,H,32,Austin,Williams
34,17,STR,35,0,16,16,18,0,,32.2,23.1,0.0,1.0,34.5,1005.6,139.0,H,33,Austin,Williams
35,17,STR,36,0,16,16,18,0,,32.0,23.0,0.0,1.3,34.4,1005.4,120.0,H,34,Austin,Williams
36,17,STR,37,0,16,16,18,0,,31.9,23.0,0.0,1.4,35.2,1005.4,45.0,H,35,Austin,Williams
37,17,STR,38,0,16,16,18,0,59,31.9,23.0,0.0,1.4,35.2,1005.4,45.0,H,36,Austin,Williams
38,17,STR,39,0,16,16,18,0,58,31.7,22.8,0.0,1.0,35.1,1005.3,87.0,S,0,Austin,Williams
39,17,STR,40,0,16,16,18,0,58,31.8,22.4,0.0,2.4,36.2,1005.4,84.0,S,1,Austin,Williams
40,17,STR,41,0,16,16,18,0,56,31.9,22.5,0.0,1.3,35.7,1005.2,103.0,S,2,Austin,Williams
41,17,STR,42,0,16,16,18,0,57,31.9,22.4,0.0,1.7,36.1,1005.1,121.0,S,3,Austin,Williams
42,17,STR,43,0,16,16,18,0,56,31.6,22.7,0.0,1.2,36.1,1005.2,107.0,S,4,Austin,Williams
43,17,STR,44,0,16,16,18,0,56,31.6,22.7,0.0,1.2,36.1,1005.2,107.0,S,5,Austin,Williams
44,17,STR,45,0,16,16,18,0,,31.0,22.5,0.0,2.0,36.2,1005.2,93.0,S,6,Austin,Williams
45,17,STR,46,0,16,16,18,0,54,31.0,22.1,0.0,2.3,37.2,1005.1,99.0,S,7,Austin,Williams
46,17,STR,47,0,16,16,18,0,53,31.1,22.0,0.0,2.5,37.4,1005.1,146.0,S,8,Austin,Williams
47,17,STR,48,0,16,16,18,0,53,31.8,22.6,0.0,1.4,36.1,1005.2,91.0,S,9,Austin,Williams
48,17,STR,49,0,16,16,18,0,52,32.0,22.5,0.0,1.9,35.6,1005.0,104.0,S,10,Austin,Williams
49,17,STR,50,0,16,16,18,0,52,32.2,22.7,0.0,2.0,35.5,1005.0,140.0,S,11,Austin,Williams
50,17,STR,51,0,16,16,18,0,53,32.4,23.2,0.0,1.5,33.8,1005.0,268.0,S,12,Austin,Williams
51,17,STR,52,0,16,16,18,0,53,32.3,23.4,0.0,0.9,33.7,1005.1,255.0,S,13,Austin,Williams
52,17,STR,53,0,16,16,18,0,53,32.2,23.2,0.0,1.8,34.9,1004.9,118.0,S,14,Austin,Williams
53,17,STR,54,0,16,16,18,0,53,32.0,23.1,0.0,1.6,35.0,1004.8,87.0,S,15,Austin,Williams
0,17,ERI,1,1,16,16,16,0,35,29.3,21.3,0.0,2.1,39.1,1006.5,122.0,H,0,Austin,Sauber
1,17,ERI,2,0,16,16,16,0,49,29.3,21.2,0.0,2.5,38.6,1006.5,108.0,H,1,Austin,Sauber
2,17,ERI,3,1,16,16,16,0,50,29.5,21.1,0.0,1.9,38.6,1006.5,89.0,H,2,Austin,Sauber
3,17,ERI,4,0,16,15,16,0,55,29.7,21.0,0.0,3.3,40.2,1006.4,121.0,H,3,Austin,Sauber
4,17,ERI,5,0,15,15,16,0,58,29.7,21.2,0.0,2.4,39.5,1006.4,86.0,H,4,Austin,Sauber
5,17,ERI,6,0,15,15,16,0,58,29.8,21.3,0.0,2.8,39.8,1006.4,99.0,H,5,Austin,Sauber
6,17,ERI,7,0,15,15,16,0,60,30.2,21.5,0.0,2.8,39.5,1006.3,82.0,H,6,Austin,Sauber
7,17,ERI,8,0,15,15,16,0,62,30.3,21.7,0.0,2.2,38.3,1006.2,99.0,H,7,Austin,Sauber
8,17,ERI,9,1,15,14,16,0,59,30.2,21.7,0.0,2.1,37.9,1006.1,97.0,H,8,Austin,Sauber
9,17,ERI,10,1,14,15,16,0,55,30.5,21.7,0.0,2.8,37.7,1006.3,100.0,H,9,Austin,Sauber
10,17,ERI,11,2,15,12,16,0,,30.4,21.6,0.0,2.2,38.1,1006.2,107.0,H,10,Austin,Sauber
11,17,ERI,12,2,12,12,16,0,,30.6,21.8,0.0,1.0,37.6,1006.1,110.0,H,11,Austin,Sauber
12,17,ERI,13,0,12,12,16,0,57,30.6,21.9,0.0,0.7,37.7,1006.1,64.0,H,12,Austin,Sauber
13,17,ERI,14,0,12,12,16,0,57,30.6,22.1,0.0,1.1,37.2,1006.0,233.0,H,13,Austin,Sauber
14,17,ERI,15,0,12,12,16,0,56,30.5,21.9,0.0,1.4,37.4,1006.1,0.0,H,14,Austin,Sauber
15,17,ERI,16,0,12,12,16,0,56,30.5,22.1,0.0,0.4,37.3,1006.0,163.0,H,15,Austin,Sauber
16,17,ERI,17,0,12,12,16,0,57,30.8,22.3,0.0,1.0,36.8,1005.9,279.0,H,16,Austin,Sauber
17,17,ERI,18,0,12,12,16,0,56,30.9,22.6,0.0,1.4,36.5,1005.9,148.0,H,17,Austin,Sauber
18,17,ERI,19,0,12,12,16,0,58,31.1,22.2,0.0,2.7,37.5,1005.9,106.0,H,18,Austin,Sauber
19,17,ERI,20,0,12,12,16,0,58,31.1,22.4,0.0,1.0,37.4,1005.8,264.0,H,19,Austin,Sauber
20,17,ERI,21,0,12,12,16,0,,31.1,22.4,0.0,1.0,37.4,1005.8,264.0,H,20,Austin,Sauber
21,17,ERI,22,0,12,12,16,0,,31.1,22.4,0.0,1.0,37.4,1005.8,264.0,H,21,Austin,Sauber
22,17,ERI,23,0,12,11,16,0,,31.1,22.7,0.0,1.1,36.8,1005.8,210.0,H,22,Austin,Sauber
23,17,ERI,24,0,11,11,16,0,,31.1,22.8,0.0,1.2,34.9,1005.7,277.0,H,23,Austin,Sauber
24,17,ERI,25,0,11,10,16,0,59,31.5,22.9,0.0,1.3,34.7,1005.8,209.0,H,24,Austin,Sauber
25,17,ERI,26,0,10,10,16,0,59,31.4,21.6,0.0,2.5,37.1,1005.7,98.0,H,25,Austin,Sauber
26,17,ERI,27,0,10,10,16,0,59,31.3,22.0,0.0,1.2,37.0,1005.8,78.0,H,26,Austin,Sauber
27,17,ERI,28,0,10,10,16,0,59,31.3,22.0,0.0,1.2,37.0,1005.8,78.0,H,27,Austin,Sauber
28,17,ERI,29,0,10,10,16,0,59,32.1,22.9,0.0,1.7,35.3,1005.6,265.0,H,28,Austin,Sauber
29,17,ERI,30,0,10,10,16,0,60,32.0,23.0,0.0,0.8,34.7,1005.6,185.0,H,29,Austin,Sauber
30,17,ERI,31,0,10,15,16,0,60,32.2,23.1,0.0,1.0,34.5,1005.6,139.0,M,0,Austin,Sauber
31,17,ERI,32,0,15,14,16,0,61,31.9,22.9,0.0,1.3,35.1,1005.5,219.0,M,1,Austin,Sauber
32,17,ERI,33,0,14,14,16,0,,31.9,23.0,0.0,1.4,35.2,1005.4,45.0,M,2,Austin,Sauber
33,17,ERI,34,0,14,14,16,0,,31.7,22.9,0.0,0.8,34.8,1005.3,0.0,M,3,Austin,Sauber
34,17,ERI,35,0,14,14,16,0,,31.7,22.8,0.0,1.0,35.1,1005.3,87.0,M,4,Austin,Sauber
35,17,ERI,36,0,14,13,16,0,,31.8,22.4,0.0,2.4,36.2,1005.4,84.0,M,5,Austin,Sauber
36,17,ERI,37,0,13,13,16,0,,31.9,22.5,0.0,1.3,35.7,1005.2,103.0,M,6,Austin,Sauber
37,17,ERI,38,0,13,13,16,0,60,31.6,22.7,0.0,1.2,36.1,1005.2,107.0,M,7,Austin,Sauber
38,17,ERI,39,0,13,13,16,0,60,31.5,22.7,0.0,0.7,35.6,1005.2,102.0,M,8,Austin,Sauber
39,17,ERI,40,0,13,13,16,0,61,31.0,22.5,0.0,2.0,36.2,1005.2,93.0,M,9,Austin,Sauber
40,17,ERI,41,0,13,12,16,0,61,31.0,22.1,0.0,2.3,37.2,1005.1,99.0,M,10,Austin,Sauber
41,17,ERI,42,0,12,12,16,0,61,31.1,22.2,0.0,2.0,37.0,1005.1,101.0,M,11,Austin,Sauber
42,17,ERI,43,0,12,12,16,0,61,31.8,22.6,0.0,1.4,36.1,1005.2,91.0,M,12,Austin,Sauber
43,17,ERI,44,0,12,12,16,0,,31.8,22.6,0.0,1.4,36.1,1005.2,91.0,M,13,Austin,Sauber
44,17,ERI,45,0,12,12,16,0,59,32.0,22.5,0.0,1.9,35.6,1005.0,104.0,M,14,Austin,Sauber
45,17,ERI,46,0,12,12,16,0,59,32.2,22.7,0.0,2.0,35.5,1005.0,140.0,M,15,Austin,Sauber
46,17,ERI,47,0,12,12,16,0,59,32.2,22.7,0.0,2.0,35.5,1005.0,140.0,M,16,Austin,Sauber
47,17,ERI,48,0,12,12,16,0,58,32.4,23.2,0.0,1.5,33.8,1005.0,268.0,M,17,Austin,Sauber
48,17,ERI,49,0,12,12,16,0,58,32.3,23.3,0.0,1.5,33.4,1005.0,206.0,M,18,Austin,Sauber
49,17,ERI,50,0,12,12,16,0,58,32.3,23.4,0.0,0.9,33.7,1005.1,255.0,M,19,Austin,Sauber
50,17,ERI,51,0,12,12,16,0,58,32.3,23.4,0.0,1.4,34.0,1004.9,149.0,M,20,Austin,Sauber
51,17,ERI,52,0,12,12,16,0,58,32.2,23.4,0.0,1.7,34.7,1005.0,112.0,M,21,Austin,Sauber
52,17,ERI,53,0,12,12,16,0,58,32.2,23.2,0.0,1.8,34.9,1004.9,118.0,M,22,Austin,Sauber
53,17,ERI,54,0,12,12,16,0,,31.6,22.7,0.0,2.5,35.0,1004.9,82.0,M,23,Austin,Sauber
54,17,ERI,55,0,12,12,16,0,58,31.6,22.6,0.0,2.5,34.9,1004.9,86.0,M,24,Austin,Sauber
0,17,VAN,1,1,13,13,13,0,74,29.3,21.3,0.0,2.2,39.1,1006.6,83.0,M,0,Austin,McLaren
1,17,VAN,2,0,13,14,13,0,79,29.7,21.1,0.0,2.8,39.7,1006.5,87.0,M,1,Austin,McLaren
2,17,VAN,3,1,14,14,13,0,80,29.7,21.0,0.0,3.3,40.2,1006.4,121.0,M,2,Austin,McLaren
3,17,VAN,4,0,14,14,13,0,76,30.2,21.5,0.0,2.8,39.5,1006.3,82.0,M,3,Austin,McLaren
4,17,VAN,5,0,14,14,13,0,,30.5,21.8,0.0,2.7,38.7,1006.3,89.0,M,4,Austin,McLaren
5,17,VAN,6,0,14,14,13,0,72,30.5,21.8,0.0,2.7,38.7,1006.3,89.0,M,5,Austin,McLaren
6,17,VAN,7,0,14,14,13,0,75,30.3,21.7,0.0,2.2,38.3,1006.2,99.0,M,6,Austin,McLaren
7,17,VAN,8,0,14,14,13,0,68,30.2,21.7,0.0,2.1,37.9,1006.1,97.0,M,7,Austin,McLaren
8,17,VAN,9,1,14,13,13,0,,30.5,21.7,0.0,2.8,37.7,1006.3,100.0,M,8,Austin,McLaren
9,17,VAN,10,1,13,13,13,0,,30.4,21.6,0.0,2.2,38.1,1006.2,107.0,M,9,Austin,McLaren
10,17,VAN,11,2,13,14,13,0,,30.6,21.8,0.0,1.0,37.6,1006.1,110.0,H,0,Austin,McLaren
11,17,VAN,12,2,14,14,13,0,,30.6,21.9,0.0,0.7,37.7,1006.1,64.0,H,1,Austin,McLaren
12,17,VAN,13,0,14,14,13,0,70,30.5,21.9,0.0,1.4,37.4,1006.1,0.0,H,2,Austin,McLaren
13,17,VAN,14,0,14,14,13,0,74,30.5,22.1,0.0,0.4,37.3,1006.0,163.0,H,3,Austin,McLaren
14,17,VAN,15,0,14,14,13,0,72,30.8,22.3,0.0,1.0,36.8,1005.9,279.0,H,4,Austin,McLaren
15,17,VAN,16,0,14,14,13,0,72,31.0,22.5,0.0,1.3,36.5,1005.9,348.0,H,5,Austin,McLaren
16,17,VAN,17,0,14,14,13,0,72,30.9,22.6,0.0,1.4,36.5,1005.9,148.0,H,6,Austin,McLaren
17,17,VAN,18,0,14,14,13,0,72,31.1,22.4,0.0,2.6,36.9,1005.9,99.0,H,7,Austin,McLaren
18,17,VAN,19,0,14,14,13,0,72,31.1,22.2,0.0,2.7,37.5,1005.9,106.0,H,8,Austin,McLaren
19,17,VAN,20,0,14,14,13,0,73,31.1,22.4,0.0,1.0,37.4,1005.8,264.0,H,9,Austin,McLaren
20,17,VAN,21,0,14,14,13,0,73,31.1,22.4,0.0,1.0,37.4,1005.8,264.0,H,10,Austin,McLaren
21,17,VAN,22,0,14,14,13,0,,31.1,22.7,0.0,1.1,36.8,1005.8,210.0,H,11,Austin,McLaren
22,17,VAN,23,0,14,13,13,0,,31.1,22.5,0.0,1.9,34.9,1005.8,254.0,H,12,Austin,McLaren
23,17,VAN,24,0,13,13,13,0,,31.1,22.8,0.0,1.2,34.9,1005.7,277.0,H,13,Austin,McLaren
24,17,VAN,25,0,13,14,13,0,,31.5,22.9,0.0,1.3,34.7,1005.8,209.0,H,14,Austin,McLaren
25,17,VAN,26,0,14,13,13,0,73,31.6,22.7,0.0,1.4,34.2,1005.8,117.0,H,15,Austin,McLaren
26,17,VAN,27,0,13,13,13,0,73,31.6,22.7,0.0,1.4,34.2,1005.8,117.0,H,16,Austin,McLaren
27,17,VAN,28,0,13,12,13,0,73,31.7,22.0,0.0,3.2,35.4,1005.7,88.0,H,17,Austin,McLaren
28,17,VAN,29,0,12,13,13,0,72,31.7,21.5,0.0,3.0,37.2,1005.7,110.0,H,18,Austin,McLaren
29,17,VAN,30,0,13,12,13,0,72,31.4,21.6,0.0,2.5,37.1,1005.7,98.0,H,19,Austin,McLaren
30,17,VAN,31,0,12,11,13,0,71,31.3,22.0,0.0,1.2,37.0,1005.8,78.0,H,20,Austin,McLaren
31,17,VAN,32,0,11,11,13,0,71,32.1,22.9,0.0,1.7,35.3,1005.6,265.0,H,21,Austin,McLaren
32,17,VAN,33,0,11,11,13,0,72,32.0,23.0,0.0,0.8,34.7,1005.6,185.0,H,22,Austin,McLaren
33,17,VAN,34,0,11,11,13,0,72,32.0,23.1,0.0,0.8,34.3,1005.6,29.0,H,23,Austin,McLaren
34,17,VAN,35,0,11,11,13,0,72,32.2,23.1,0.0,1.0,34.5,1005.6,139.0,H,24,Austin,McLaren
35,17,VAN,36,0,11,11,13,0,,32.0,23.0,0.0,1.3,34.4,1005.4,120.0,H,25,Austin,McLaren
36,17,VAN,37,0,11,11,13,0,,31.9,22.9,0.0,1.3,35.1,1005.5,219.0,H,26,Austin,McLaren
37,17,VAN,38,0,11,11,13,0,,31.9,23.0,0.0,1.4,35.2,1005.4,45.0,H,27,Austin,McLaren
38,17,VAN,39,0,11,11,13,0,,31.8,22.4,0.0,2.4,36.2,1005.4,84.0,H,28,Austin,McLaren
39,17,VAN,40,0,11,11,13,0,,31.8,22.4,0.0,2.4,36.2,1005.4,84.0,H,29,Austin,McLaren
40,17,VAN,41,0,11,13,13,0,72,31.9,22.4,0.0,1.7,36.1,1005.1,121.0,H,0,Austin,McLaren
41,17,VAN,42,0,13,13,13,0,72,31.6,22.7,0.0,1.2,36.1,1005.2,107.0,H,1,Austin,McLaren
42,17,VAN,43,0,13,13,13,0,71,31.5,22.7,0.0,0.7,35.6,1005.2,102.0,H,2,Austin,McLaren
43,17,VAN,44,0,13,13,13,0,71,31.0,22.5,0.0,2.0,36.2,1005.2,93.0,H,3,Austin,McLaren
44,17,VAN,45,0,13,13,13,0,70,31.0,22.2,0.0,2.6,36.2,1005.1,89.0,H,4,Austin,McLaren
45,17,VAN,46,0,13,13,13,0,69,31.1,22.2,0.0,2.0,37.0,1005.1,101.0,H,5,Austin,McLaren
46,17,VAN,47,0,13,13,13,0,68,32.2,22.7,0.0,2.0,35.5,1005.0,140.0,H,6,Austin,McLaren
47,17,VAN,48,0,13,13,13,0,68,32.4,23.2,0.0,1.5,33.8,1005.0,268.0,H,7,Austin,McLaren
48,17,VAN,49,0,13,13,13,0,67,32.3,23.3,0.0,1.5,33.4,1005.0,206.0,H,8,Austin,McLaren
49,17,VAN,50,0,13,13,13,0,67,32.3,23.4,0.0,0.9,33.7,1005.1,255.0,H,9,Austin,McLaren
50,17,VAN,51,0,13,13,13,0,66,32.3,23.4,0.0,1.4,34.0,1004.9,149.0,H,10,Austin,McLaren
51,17,VAN,52,0,13,13,13,0,66,32.2,23.4,0.0,1.7,34.7,1005.0,112.0,H,11,Austin,McLaren
52,17,VAN,53,0,13,13,13,0,66,32.2,23.2,0.0,1.8,34.9,1004.9,118.0,H,12,Austin,McLaren
53,17,VAN,54,0,13,13,13,0,,32.0,23.1,0.0,1.6,35.0,1004.8,87.0,H,13,Austin,McLaren
54,17,VAN,55,0,13,13,13,0,65,31.6,22.7,0.0,2.5,35.0,1004.9,82.0,H,14,Austin,McLaren
0,17,VER,1,1,9,9,9,0,69,29.3,21.2,0.0,2.5,38.6,1006.5,108.0,H,0,Austin,Red Bull Racing
1,17,VER,2,0,9,9,9,0,64,29.5,21.1,0.0,1.9,38.6,1006.5,89.0,H,1,Austin,Red Bull Racing
2,17,VER,3,1,9,8,9,0,,29.7,21.1,0.0,2.8,39.7,1006.5,87.0,H,2,Austin,Red Bull Racing
3,17,VER,4,0,8,7,9,0,,29.7,21.2,0.0,2.4,39.5,1006.4,86.0,H,3,Austin,Red Bull Racing
4,17,VER,5,0,7,7,9,0,59,29.8,21.3,0.0,2.8,39.8,1006.4,99.0,H,4,Austin,Red Bull Racing
5,17,VER,6,0,7,6,9,0,56,30.2,21.5,0.0,2.8,39.5,1006.3,82.0,H,5,Austin,Red Bull Racing
6,17,VER,7,0,6,5,9,0,62,30.3,21.8,0.0,3.0,39.5,1006.3,87.0,H,6,Austin,Red Bull Racing
7,17,VER,8,0,5,5,9,0,63,30.3,21.7,0.0,2.2,38.3,1006.2,99.0,H,7,Austin,Red Bull Racing
8,17,VER,9,1,5,4,9,0,59,30.3,21.7,0.0,2.2,38.3,1006.2,99.0,H,8,Austin,Red Bull Racing
9,17,VER,10,1,4,4,9,0,62,30.5,21.7,0.0,2.8,37.7,1006.3,100.0,H,9,Austin,Red Bull Racing
10,17,VER,11,2,4,4,9,0,,30.6,21.8,0.0,1.0,37.6,1006.1,110.0,H,10,Austin,Red Bull Racing
11,17,VER,12,2,4,4,9,0,,30.6,21.9,0.0,0.7,37.7,1006.1,64.0,H,11,Austin,Red Bull Racing
12,17,VER,13,0,4,4,9,0,,30.5,21.9,0.0,1.4,37.4,1006.1,0.0,H,12,Austin,Red Bull Racing
13,17,VER,14,0,4,4,9,0,61,30.8,22.3,0.0,1.0,36.8,1005.9,279.0,H,13,Austin,Red Bull Racing
14,17,VER,15,0,4,4,9,0,63,30.9,22.6,0.0,1.4,36.5,1005.9,148.0,H,14,Austin,Red Bull Racing
15,17,VER,16,0,4,4,9,0,63,31.1,22.4,0.0,2.6,36.9,1005.9,99.0,H,15,Austin,Red Bull Racing
16,17,VER,17,0,4,4,9,0,63,31.1,22.4,0.0,1.0,37.4,1005.8,264.0,H,16,Austin,Red Bull Racing
17,17,VER,18,0,4,4,9,0,64,31.1,22.4,0.0,1.0,37.4,1005.8,264.0,H,17,Austin,Red Bull Racing
18,17,VER,19,0,4,4,9,0,63,31.1,22.7,0.0,1.1,36.8,1005.8,210.0,H,18,Austin,Red Bull Racing
19,17,VER,20,0,4,4,9,0,64,31.1,23.0,0.0,1.5,34.0,1005.8,246.0,H,19,Austin,Red Bull Racing
20,17,VER,21,0,4,4,9,0,64,31.1,22.5,0.0,1.9,34.9,1005.8,254.0,H,20,Austin,Red Bull Racing
21,17,VER,22,0,4,3,9,0,64,31.1,22.8,0.0,1.2,34.9,1005.7,277.0,H,21,Austin,Red Bull Racing
22,17,VER,23,0,3,5,9,0,64,31.5,22.9,0.0,1.3,34.7,1005.8,209.0,M,0,Austin,Red Bull Racing
23,17,VER,24,0,5,4,9,0,,31.7,21.6,0.0,3.3,36.6,1005.7,82.0,M,1,Austin,Red Bull Racing
24,17,VER,25,0,4,4,9,0,,31.7,21.6,0.0,3.3,36.6,1005.7,82.0,M,2,Austin,Red Bull Racing
25,17,VER,26,0,4,3,9,0,,31.7,21.5,0.0,3.0,37.2,1005.7,110.0,M,3,Austin,Red Bull Racing
26,17,VER,27,0,3,3,9,0,,31.3,22.0,0.0,1.2,37.0,1005.8,78.0,M,4,Austin,Red Bull Racing
27,17,VER,28,0,3,3,9,0,64,32.0,22.7,0.0,1.0,35.7,1005.6,267.0,M,5,Austin,Red Bull Racing
28,17,VER,29,0,3,3,9,0,63,32.1,22.9,0.0,1.7,35.3,1005.6,265.0,M,6,Austin,Red Bull Racing
29,17,VER,30,0,3,3,9,0,64,32.0,23.0,0.0,0.8,34.7,1005.6,185.0,M,7,Austin,Red Bull Racing
30,17,VER,31,0,3,3,9,0,64,32.0,23.1,0.0,0.8,34.3,1005.6,29.0,M,8,Austin,Red Bull Racing
31,17,VER,32,0,3,3,9,0,63,32.0,23.0,0.0,1.3,34.4,1005.4,120.0,M,9,Austin,Red Bull Racing
32,17,VER,33,0,3,3,9,0,,31.9,22.9,0.0,1.3,35.1,1005.5,219.0,M,10,Austin,Red Bull Racing
33,17,VER,34,0,3,3,9,0,,31.9,23.0,0.0,1.4,35.2,1005.4,45.0,M,11,Austin,Red Bull Racing
34,17,VER,35,0,3,3,9,0,64,31.7,22.9,0.0,0.8,34.8,1005.3,0.0,M,12,Austin,Red Bull Racing
35,17,VER,36,0,3,3,9,0,64,31.7,22.8,0.0,1.0,35.1,1005.3,87.0,M,13,Austin,Red Bull Racing
36,17,VER,37,0,3,3,9,0,64,31.8,22.4,0.0,2.4,36.2,1005.4,84.0,M,14,Austin,Red Bull Racing
37,17,VER,38,0,3,2,9,0,65,32.0,22.3,0.0,1.8,36.9,1005.2,266.0,M,15,Austin,Red Bull Racing
38,17,VER,39,0,2,2,9,0,65,31.6,22.7,0.0,1.2,36.1,1005.2,107.0,M,16,Austin,Red Bull Racing
39,17,VER,40,0,2,2,9,0,65,31.5,22.7,0.0,0.7,35.6,1005.2,102.0,M,17,Austin,Red Bull Racing
40,17,VER,41,0,2,2,9,0,65,31.0,22.2,0.0,2.6,36.2,1005.1,89.0,M,18,Austin,Red Bull Racing
41,17,VER,42,0,2,2,9,0,65,31.0,22.1,0.0,2.3,37.2,1005.1,99.0,M,19,Austin,Red Bull Racing
42,17,VER,43,0,2,2,9,0,64,31.1,22.1,0.0,3.0,37.0,1005.2,107.0,M,20,Austin,Red Bull Racing
43,17,VER,44,0,2,2,9,0,64,31.1,22.0,0.0,2.5,37.4,1005.1,146.0,M,21,Austin,Red Bull Racing
44,17,VER,45,0,2,2,9,0,62,31.1,22.2,0.0,2.0,37.0,1005.1,101.0,M,22,Austin,Red Bull Racing
45,17,VER,46,0,2,2,9,0,62,31.8,22.6,0.0,1.4,36.1,1005.2,91.0,M,23,Austin,Red Bull Racing
46,17,VER,47,0,2,2,9,0,60,31.8,22.6,0.0,1.4,36.1,1005.2,91.0,M,24,Austin,Red Bull Racing
47,17,VER,48,0,2,2,9,0,,31.9,22.6,0.0,2.2,35.7,1005.1,117.0,M,25,Austin,Red Bull Racing
48,17,VER,49,0,2,2,9,0,,32.0,22.5,0.0,1.9,35.6,1005.0,104.0,M,26,Austin,Red Bull Racing
49,17,VER,50,0,2,2,9,0,,32.2,22.7,0.0,2.0,35.5,1005.0,140.0,M,27,Austin,Red Bull Racing
50,17,VER,51,0,2,2,9,0,59,32.3,23.4,0.0,0.9,33.7,1005.1,255.0,M,28,Austin,Red Bull Racing
51,17,VER,52,0,2,2,9,0,59,32.2,23.4,0.0,1.7,34.7,1005.0,112.0,M,29,Austin,Red Bull Racing
52,17,VER,53,0,2,2,9,0,58,32.2,23.2,0.0,1.8,34.9,1004.9,118.0,M,30,Austin,Red Bull Racing
53,17,VER,54,0,2,2,9,0,59,32.0,23.1,0.0,1.6,35.0,1004.8,87.0,M,31,Austin,Red Bull Racing
54,17,VER,55,0,2,2,9,0,59,32.0,23.1,0.0,1.6,35.0,1004.8,87.0,M,32,Austin,Red Bull Racing
55,17,VER,56,0,2,2,9,0,59,31.6,22.7,0.0,2.5,35.0,1004.9,82.0,M,33,Austin,Red Bull Racing
0,17,GAS,1,1,14,14,14,0,49,29.3,21.3,0.0,2.1,39.1,1006.5,122.0,M,0,Austin,Toro Rosso
1,17,GAS,2,0,14,15,14,0,56,29.3,21.3,0.0,2.2,39.1,1006.6,83.0,M,1,Austin,Toro Rosso
2,17,GAS,3,1,15,15,14,0,64,29.5,21.1,0.0,1.9,38.6,1006.5,89.0,M,2,Austin,Toro Rosso
3,17,GAS,4,0,15,16,14,0,69,29.7,21.1,0.0,2.8,39.7,1006.5,87.0,M,3,Austin,Toro Rosso
4,17,GAS,5,0,16,16,14,0,68,29.7,21.0,0.0,3.3,40.2,1006.4,121.0,M,4,Austin,Toro Rosso
5,17,GAS,6,0,16,16,14,0,70,30.2,21.5,0.0,2.8,39.5,1006.3,82.0,M,5,Austin,Toro Rosso
6,17,GAS,7,0,16,16,14,0,73,30.3,21.8,0.0,3.0,39.5,1006.3,87.0,M,6,Austin,Toro Rosso
7,17,GAS,8,0,16,16,14,0,72,30.3,21.7,0.0,2.2,38.3,1006.2,99.0,M,7,Austin,Toro Rosso
8,17,GAS,9,1,16,15,14,0,69,30.2,21.7,0.0,2.1,37.9,1006.1,97.0,M,8,Austin,Toro Rosso
9,17,GAS,10,1,15,14,14,0,69,30.6,21.8,0.0,1.0,37.6,1006.1,110.0,M,9,Austin,Toro Rosso
10,17,GAS,11,2,14,15,14,0,,30.6,21.9,0.0,0.7,37.7,1006.1,64.0,H,0,Austin,Toro Rosso
11,17,GAS,12,2,15,15,14,0,,30.6,22.1,0.0,1.1,37.2,1006.0,233.0,H,1,Austin,Toro Rosso
12,17,GAS,13,0,15,15,14,0,71,30.5,21.9,0.0,1.4,37.4,1006.1,0.0,H,2,Austin,Toro Rosso
13,17,GAS,14,0,15,15,14,0,72,30.8,22.5,0.0,2.2,36.4,1005.9,192.0,H,3,Austin,Toro Rosso
14,17,GAS,15,0,15,15,14,0,71,31.0,22.5,0.0,1.3,36.5,1005.9,348.0,H,4,Austin,Toro Rosso
15,17,GAS,16,0,15,15,14,0,71,30.9,22.6,0.0,1.4,36.5,1005.9,148.0,H,5,Austin,Toro Rosso
16,17,GAS,17,0,15,15,14,0,72,31.1,22.4,0.0,1.0,37.4,1005.8,264.0,H,6,Austin,Toro Rosso
17,17,GAS,18,0,15,15,14,0,72,31.1,22.4,0.0,1.0,37.4,1005.8,264.0,H,7,Austin,Toro Rosso
18,17,GAS,19,0,15,15,14,0,73,31.1,22.4,0.0,1.0,37.4,1005.8,264.0,H,8,Austin,Toro Rosso
19,17,GAS,20,0,15,15,14,0,,31.1,22.4,0.0,1.0,37.4,1005.8,264.0,H,9,Austin,Toro Rosso
20,17,GAS,21,0,15,15,14,0,,31.1,22.7,0.0,1.1,36.8,1005.8,210.0,H,10,Austin,Toro Rosso
21,17,GAS,22,0,15,15,14,0,,31.1,22.5,0.0,1.5,35.3,1005.8,283.0,H,11,Austin,Toro Rosso
22,17,GAS,23,0,15,15,14,0,,31.1,22.8,0.0,1.2,34.9,1005.7,277.0,H,12,Austin,Toro Rosso
23,17,GAS,24,0,15,15,14,0,75,31.5,22.9,0.0,1.3,34.7,1005.8,209.0,H,13,Austin,Toro Rosso
24,17,GAS,25,0,15,15,14,0,75,31.3,22.4,0.0,2.4,35.2,1005.7,97.0,H,14,Austin,Toro Rosso
25,17,GAS,26,0,15,14,14,0,75,31.7,22.0,0.0,3.2,35.4,1005.7,88.0,H,15,Austin,Toro Rosso
26,17,GAS,27,0,14,14,14,0,75,31.7,21.6,0.0,3.3,36.6,1005.7,82.0,H,16,Austin,Toro Rosso
27,17,GAS,28,0,14,14,14,0,75,31.3,22.0,0.0,1.2,37.0,1005.8,78.0,H,17,Austin,Toro Rosso
28,17,GAS,29,0,14,14,14,0,75,32.0,22.7,0.0,1.0,35.7,1005.6,267.0,H,18,Austin,Toro Rosso
29,17,GAS,30,0,14,13,14,0,75,32.1,22.9,0.0,1.7,35.3,1005.6,265.0,H,19,Austin,Toro Rosso
30,17,GAS,31,0,13,12,14,0,76,32.1,22.9,0.0,1.7,35.3,1005.6,265.0,H,20,Austin,Toro Rosso
31,17,GAS,32,0,12,12,14,0,77,32.0,23.0,0.0,0.8,34.7,1005.6,185.0,H,21,Austin,Toro Rosso
32,17,GAS,33,0,12,12,14,0,77,32.0,23.1,0.0,0.8,34.3,1005.6,29.0,H,22,Austin,Toro Rosso
33,17,GAS,34,0,12,12,14,0,77,31.9,23.0,0.0,1.4,35.2,1005.4,45.0,H,23,Austin,Toro Rosso
34,17,GAS,35,0,12,13,14,0,,31.9,23.0,0.0,1.4,35.2,1005.4,45.0,H,24,Austin,Toro Rosso
35,17,GAS,36,0,13,14,14,0,,31.7,22.9,0.0,0.8,34.8,1005.3,0.0,H,25,Austin,Toro Rosso
36,17,GAS,37,0,14,15,14,0,77,31.8,22.4,0.0,2.4,36.2,1005.4,84.0,S,0,Austin,Toro Rosso
37,17,GAS,38,0,15,15,14,0,77,31.8,22.4,0.0,2.4,36.2,1005.4,84.0,S,1,Austin,Toro Rosso
38,17,GAS,39,0,15,15,14,0,77,31.9,22.4,0.0,1.7,36.1,1005.1,121.0,S,2,Austin,Toro Rosso
39,17,GAS,40,0,15,15,14,0,77,31.6,22.7,0.0,1.2,36.1,1005.2,107.0,S,3,Austin,Toro Rosso
40,17,GAS,41,0,15,15,14,0,77,31.6,22.7,0.0,1.2,36.1,1005.2,107.0,S,4,Austin,Toro Rosso
41,17,GAS,42,0,15,15,14,0,78,31.5,22.7,0.0,0.7,35.6,1005.2,102.0,S,5,Austin,Toro Rosso
42,17,GAS,43,0,15,15,14,0,79,31.1,22.2,0.0,2.0,37.0,1005.1,101.0,S,6,Austin,Toro Rosso
43,17,GAS,44,0,15,15,14,0,78,31.8,22.6,0.0,1.4,36.1,1005.2,91.0,S,7,Austin,Toro Rosso
44,17,GAS,45,0,15,15,14,0,77,31.8,22.6,0.0,1.4,36.1,1005.2,91.0,S,8,Austin,Toro Rosso
45,17,GAS,46,0,15,15,14,0,75,32.0,22.5,0.0,1.9,35.6,1005.0,104.0,S,9,Austin,Toro Rosso
46,17,GAS,47,0,15,15,14,0,74,32.3,23.3,0.0,1.5,33.4,1005.0,206.0,S,10,Austin,Toro Rosso
47,17,GAS,48,0,15,15,14,0,,32.3,23.3,0.0,1.5,33.4,1005.0,206.0,S,11,Austin,Toro Rosso
48,17,GAS,49,0,15,15,14,0,,32.3,23.4,0.0,0.9,33.7,1005.1,255.0,S,12,Austin,Toro Rosso
49,17,GAS,50,0,15,14,14,0,72,32.3,23.4,0.0,1.4,34.0,1004.9,149.0,S,13,Austin,Toro Rosso
50,17,GAS,51,0,14,14,14,0,72,32.2,23.4,0.0,1.7,34.7,1005.0,112.0,S,14,Austin,Toro Rosso
51,17,GAS,52,0,14,14,14,0,72,32.2,23.2,0.0,1.8,34.9,1004.9,118.0,S,15,Austin,Toro Rosso
52,17,GAS,53,0,14,14,14,0,71,32.0,23.1,0.0,1.6,35.0,1004.8,87.0,S,16,Austin,Toro Rosso
53,17,GAS,54,0,14,14,14,0,71,32.0,23.1,0.0,1.6,35.0,1004.8,87.0,S,17,Austin,Toro Rosso
54,17,GAS,55,0,14,14,14,0,71,31.6,22.6,0.0,2.5,34.9,1004.9,86.0,S,18,Austin,Toro Rosso
0,17,HAR,1,1,12,12,12,0,55,29.3,21.3,0.0,2.1,39.1,1006.5,122.0,M,0,Austin,Toro Rosso
1,17,HAR,2,0,12,12,12,0,56,29.3,21.3,0.0,2.2,39.1,1006.6,83.0,M,1,Austin,Toro Rosso
2,17,HAR,3,1,12,13,12,0,55,29.5,21.1,0.0,1.9,38.6,1006.5,89.0,M,2,Austin,Toro Rosso
3,17,HAR,4,0,13,13,12,0,52,29.7,21.1,0.0,2.8,39.7,1006.5,87.0,M,3,Austin,Toro Rosso
4,17,HAR,5,0,13,13,12,0,64,29.8,21.3,0.0,2.8,39.8,1006.4,99.0,M,4,Austin,Toro Rosso
5,17,HAR,6,0,13,13,12,0,60,30.2,21.5,0.0,2.8,39.5,1006.3,82.0,M,5,Austin,Toro Rosso
6,17,HAR,7,0,13,13,12,0,60,30.2,21.5,0.0,2.8,39.5,1006.3,82.0,M,6,Austin,Toro Rosso
7,17,HAR,8,0,13,13,12,0,64,30.3,21.7,0.0,2.2,38.3,1006.2,99.0,M,7,Austin,Toro Rosso
8,17,HAR,9,1,13,12,12,0,59,30.2,21.7,0.0,2.1,37.9,1006.1,97.0,M,8,Austin,Toro Rosso
9,17,HAR,10,1,12,12,12,0,61,30.5,21.7,0.0,2.8,37.7,1006.3,100.0,M,9,Austin,Toro Rosso
10,17,HAR,11,2,12,11,12,0,63,30.5,21.9,0.0,1.4,37.4,1006.1,0.0,M,10,Austin,Toro Rosso
11,17,HAR,12,2,11,11,12,0,65,30.5,22.1,0.0,0.4,37.3,1006.0,163.0,M,11,Austin,Toro Rosso
12,17,HAR,13,0,11,11,12,0,68,30.8,22.3,0.0,1.0,36.8,1005.9,279.0,M,12,Austin,Toro Rosso
13,17,HAR,14,0,11,11,12,0,,30.8,22.5,0.0,2.2,36.4,1005.9,192.0,M,13,Austin,Toro Rosso
14,17,HAR,15,0,11,11,12,0,,30.9,22.6,0.0,1.4,36.5,1005.9,148.0,M,14,Austin,Toro Rosso
15,17,HAR,16,0,11,11,12,0,,30.9,22.6,0.0,1.4,36.5,1005.9,148.0,M,15,Austin,Toro Rosso
16,17,HAR,17,0,11,11,12,0,,31.1,22.4,0.0,1.0,37.4,1005.8,264.0,M,16,Austin,Toro Rosso
17,17,HAR,18,0,11,11,12,0,69,31.1,22.7,0.0,1.1,36.8,1005.8,210.0,M,17,Austin,Toro Rosso
18,17,HAR,19,0,11,11,12,0,67,31.1,22.8,0.0,1.2,34.9,1005.7,277.0,M,18,Austin,Toro Rosso
19,17,HAR,20,0,11,11,12,0,67,31.6,22.7,0.0,1.4,34.2,1005.8,117.0,M,19,Austin,Toro Rosso
20,17,HAR,21,0,11,11,12,0,67,31.6,22.7,0.0,1.4,34.2,1005.8,117.0,M,20,Austin,Toro Rosso
21,17,HAR,22,0,11,11,12,0,68,31.7,22.0,0.0,3.2,35.4,1005.7,88.0,M,21,Austin,Toro Rosso
22,17,HAR,23,0,11,10,12,0,,31.7,21.6,0.0,3.3,36.6,1005.7,82.0,M,22,Austin,Toro Rosso
23,17,HAR,24,0,10,10,12,0,71,31.7,21.5,0.0,3.0,37.2,1005.7,110.0,M,23,Austin,Toro Rosso
24,17,HAR,25,0,10,9,12,0,72,31.3,22.0,0.0,1.2,37.0,1005.8,78.0,M,24,Austin,Toro Rosso
25,17,HAR,26,0,9,8,12,0,72,32.0,22.7,0.0,1.0,35.7,1005.6,267.0,M,25,Austin,Toro Rosso
26,17,HAR,27,0,8,9,12,0,73,32.1,22.9,0.0,1.7,35.3,1005.6,265.0,M,26,Austin,Toro Rosso
27,17,HAR,28,0,9,15,12,0,,32.1,22.9,0.0,1.7,35.3,1005.6,265.0,H,0,Austin,Toro Rosso
28,17,HAR,29,0,15,15,12,0,73,32.0,23.1,0.0,0.8,34.3,1005.6,29.0,H,1,Austin,Toro Rosso
29,17,HAR,30,0,15,14,12,0,73,32.2,23.1,0.0,1.0,34.5,1005.6,139.0,H,2,Austin,Toro Rosso
30,17,HAR,31,0,14,13,12,0,74,32.2,23.1,0.0,1.0,34.5,1005.6,139.0,H,3,Austin,Toro Rosso
31,17,HAR,32,0,13,13,12,0,74,32.0,23.0,0.0,1.3,34.4,1005.4,120.0,H,4,Austin,Toro Rosso
32,17,HAR,33,0,13,13,12,0,75,31.9,22.9,0.0,1.3,35.1,1005.5,219.0,H,5,Austin,Toro Rosso
33,17,HAR,34,0,13,13,12,0,75,31.9,23.0,0.0,1.4,35.2,1005.4,45.0,H,6,Austin,Toro Rosso
34,17,HAR,35,0,13,12,12,0,76,31.8,22.4,0.0,2.4,36.2,1005.4,84.0,H,7,Austin,Toro Rosso
35,17,HAR,36,0,12,12,12,0,76,31.8,22.4,0.0,2.4,36.2,1005.4,84.0,H,8,Austin,Toro Rosso
36,17,HAR,37,0,12,12,12,0,76,32.0,22.3,0.0,1.8,36.9,1005.2,266.0,H,9,Austin,Toro Rosso
37,17,HAR,38,0,12,12,12,0,77,31.9,22.5,0.0,1.3,35.7,1005.2,103.0,H,10,Austin,Toro Rosso
38,17,HAR,39,0,12,12,12,0,78,31.9,22.4,0.0,1.7,36.1,1005.1,121.0,H,11,Austin,Toro Rosso
39,17,HAR,40,0,12,12,12,0,78,31.6,22.7,0.0,1.2,36.1,1005.2,107.0,H,12,Austin,Toro Rosso
40,17,HAR,41,0,12,11,12,0,78,31.6,22.7,0.0,1.2,36.1,1005.2,107.0,H,13,Austin,Toro Rosso
41,17,HAR,42,0,11,11,12,0,77,31.0,22.2,0.0,2.6,36.2,1005.1,89.0,H,14,Austin,Toro Rosso
42,17,HAR,43,0,11,11,12,0,77,31.0,22.1,0.0,2.3,37.2,1005.1,99.0,H,15,Austin,Toro Rosso
43,17,HAR,44,0,11,11,12,0,76,31.1,22.1,0.0,3.0,37.0,1005.2,107.0,H,16,Austin,Toro Rosso
44,17,HAR,45,0,11,11,12,0,76,31.1,22.0,0.0,2.5,37.4,1005.1,146.0,H,17,Austin,Toro Rosso
45,17,HAR,46,0,11,11,12,0,75,31.1,22.2,0.0,2.0,37.0,1005.1,101.0,H,18,Austin,Toro Rosso
46,17,HAR,47,0,11,11,12,0,74,31.8,22.6,0.0,1.4,36.1,1005.2,91.0,H,19,Austin,Toro Rosso
47,17,HAR,48,0,11,11,12,0,73,31.9,22.6,0.0,2.2,35.7,1005.1,117.0,H,20,Austin,Toro Rosso
48,17,HAR,49,0,11,11,12,0,72,32.2,22.7,0.0,2.0,35.5,1005.0,140.0,H,21,Austin,Toro Rosso
49,17,HAR,50,0,11,11,12,0,72,32.4,23.2,0.0,1.5,33.8,1005.0,268.0,H,22,Austin,Toro Rosso
50,17,HAR,51,0,11,11,12,0,71,32.3,23.3,0.0,1.5,33.4,1005.0,206.0,H,23,Austin,Toro Rosso
51,17,HAR,52,0,11,11,12,0,71,32.3,23.4,0.0,0.9,33.7,1005.1,255.0,H,24,Austin,Toro Rosso
52,17,HAR,53,0,11,11,12,0,70,32.2,23.2,0.0,1.8,34.9,1004.9,118.0,H,25,Austin,Toro Rosso
53,17,HAR,54,0,11,11,12,0,71,32.0,23.1,0.0,1.6,35.0,1004.8,87.0,H,26,Austin,Toro Rosso
54,17,HAR,55,0,11,11,12,0,70,31.6,22.7,0.0,2.5,35.0,1004.9,82.0,H,27,Austin,Toro Rosso
