,idGP,driver,lap,trackStatus,position,targetPosition,grid,out,performance,trackTemp,airTemp,raining,windSpeed,humidity,pressure,windDir,tyre,tyreLap,track,team
0,0,HAM,1,0,1,1,1,0,0,38.8,24.2,0.0,2.0,36.5,997.1,306.0,S,3,Melbourne,Mercedes
1,0,HAM,2,0,1,1,1,0,0,36.7,23.9,0.0,4.3,36.5,997.1,289.0,S,4,Melbourne,Mercedes
2,0,HAM,3,0,1,1,1,0,0,36.8,23.9,0.0,2.9,36.3,997.1,255.0,S,5,Melbourne,Mercedes
3,0,HAM,4,0,1,1,1,0,0,36.6,23.8,0.0,2.7,35.7,997.1,210.0,S,6,Melbourne,Mercedes
4,0,HAM,5,0,1,1,1,0,0,37.6,23.9,0.0,4.1,35.4,997.0,334.0,S,7,Melbourne,Mercedes
5,0,HAM,6,1,1,1,1,0,0,38.0,23.9,0.0,2.0,35.9,997.0,294.0,S,8,Melbourne,Mercedes
6,0,HAM,7,1,1,1,1,0,0,38.4,24.0,0.0,3.3,35.1,997.0,326.0,S,9,Melbourne,Mercedes
7,0,HAM,8,0,1,1,1,0,0,37.9,23.9,0.0,2.4,35.3,997.0,297.0,S,10,Melbourne,Mercedes
8,0,HAM,9,0,1,1,1,0,0,37.1,24.0,0.0,0.9,35.0,997.0,267.0,S,11,Melbourne,Mercedes
9,0,HAM,10,1,1,1,1,0,0,36.6,23.9,0.0,1.6,35.6,997.0,0.0,S,12,Melbourne,Mercedes
10,0,HAM,11,0,1,1,1,0,0,36.3,23.9,0.0,1.5,35.6,997.0,283.0,S,13,Melbourne,Mercedes
11,0,HAM,12,0,1,1,1,0,0,36.2,23.9,0.0,2.2,34.8,996.9,278.0,S,14,Melbourne,Mercedes
12,0,HAM,13,0,1,1,1,0,0,37.2,23.7,0.0,2.0,35.6,997.1,270.0,S,15,Melbourne,Mercedes
13,0,HAM,14,0,1,1,1,0,0,37.7,23.9,0.0,2.3,35.2,997.0,211.0,S,16,Melbourne,Mercedes
14,0,HAM,15,0,1,1,1,0,0,38.4,24.4,0.0,3.4,33.8,997.0,275.0,S,17,Melbourne,Mercedes
15,0,HAM,16,0,1,1,1,0,0,38.5,24.1,0.0,3.8,34.5,996.8,349.0,S,18,Melbourne,Mercedes
16,0,HAM,17,0,1,1,1,0,0,38.3,24.1,0.0,3.2,34.5,996.8,292.0,S,19,Melbourne,Mercedes
17,0,HAM,18,0,1,1,1,0,0,38.3,24.1,0.0,3.2,34.5,996.8,292.0,S,20,Melbourne,Mercedes
18,0,HAM,19,0,1,2,1,0,0,38.4,24.1,0.0,2.4,34.9,996.9,279.0,S,21,Melbourne,Mercedes
19,0,HAM,20,0,2,2,1,0,0,37.1,23.7,0.0,2.2,34.4,996.8,318.0,H,0,Melbourne,Mercedes
20,0,HAM,21,0,2,2,1,0,0,37.0,23.9,0.0,2.5,33.8,996.9,317.0,H,1,Melbourne,Mercedes
21,0,HAM,22,0,2,2,1,0,0,37.8,24.1,0.0,2.9,30.9,996.8,298.0,H,2,Melbourne,Mercedes
22,0,HAM,23,0,2,2,1,0,0,38.5,24.7,0.0,4.3,27.0,996.9,300.0,H,3,Melbourne,Mercedes
23,0,HAM,24,1,2,2,1,0,0,38.4,24.8,0.0,5.2,26.5,996.8,295.0,H,4,Melbourne,Mercedes
24,0,HAM,25,1,2,2,1,0,0,38.3,24.8,0.0,4.9,25.9,996.8,286.0,H,5,Melbourne,Mercedes
25,0,HAM,26,2,2,2,1,0,0,37.6,24.2,0.0,5.3,26.0,996.8,312.0,H,6,Melbourne,Mercedes
26,0,HAM,27,2,2,2,1,0,0,37.3,24.2,0.0,4.9,26.4,996.9,300.0,H,7,Melbourne,Mercedes
27,0,HAM,28,2,2,2,1,0,0,37.3,24.3,0.0,2.9,26.8,996.9,297.0,H,8,Melbourne,Mercedes
28,0,HAM,29,2,2,2,1,0,0,37.4,24.4,0.0,3.6,27.8,996.9,318.0,H,9,Melbourne,Mercedes
29,0,HAM,30,2,2,2,1,0,0,37.1,24.5,0.0,4.7,26.4,996.9,282.0,H,10,Melbourne,Mercedes
30,0,HAM,31,2,2,2,1,0,0,37.0,24.4,0.0,4.5,25.7,997.0,290.0,H,11,Melbourne,Mercedes
31,0,HAM,32,0,2,2,1,0,0,36.8,24.2,0.0,6.0,25.7,997.0,333.0,H,12,Melbourne,Mercedes
32,0,HAM,33,0,2,2,1,0,0,36.7,24.0,0.0,5.4,25.9,997.0,292.0,H,13,Melbourne,Mercedes
33,0,HAM,34,0,2,2,1,0,0,36.7,24.0,0.0,3.8,25.6,997.1,273.0,H,14,Melbourne,Mercedes
34,0,HAM,35,0,2,2,1,0,0,36.5,24.0,0.0,3.8,26.5,997.1,292.0,H,15,Melbourne,Mercedes
35,0,HAM,36,0,2,2,1,0,0,36.7,24.0,0.0,4.1,26.0,997.1,308.0,H,16,Melbourne,Mercedes
36,0,HAM,37,0,2,2,1,0,0,36.3,24.0,0.0,3.7,25.7,997.0,254.0,H,17,Melbourne,Mercedes
37,0,HAM,38,0,2,2,1,0,0,36.5,24.0,0.0,4.2,26.0,997.0,306.0,H,18,Melbourne,Mercedes
38,0,HAM,39,0,2,2,1,0,0,36.5,24.0,0.0,5.3,25.6,997.1,294.0,H,19,Melbourne,Mercedes
39,0,HAM,40,0,2,2,1,0,0,36.2,23.9,0.0,5.7,26.0,997.0,328.0,H,20,Melbourne,Mercedes
40,0,HAM,41,0,2,2,1,0,0,35.7,23.9,0.0,3.0,26.3,997.2,327.0,H,21,Melbourne,Mercedes
41,0,HAM,42,0,2,2,1,0,0,35.7,23.8,0.0,4.5,26.6,997.0,306.0,H,22,Melbourne,Mercedes
42,0,HAM,43,0,2,2,1,0,0,35.7,23.8,0.0,4.5,26.6,997.0,306.0,H,23,Melbourne,Mercedes
43,0,HAM,44,0,2,2,1,0,0,34.5,23.5,0.0,4.2,27.1,997.1,330.0,H,24,Melbourne,Mercedes
44,0,HAM,45,0,2,2,1,0,0,34.0,23.3,0.0,3.2,27.9,997.1,295.0,H,25,Melbourne,Mercedes
45,0,HAM,46,0,2,2,1,0,0,34.0,23.3,0.0,3.1,28.1,997.1,295.0,H,26,Melbourne,Mercedes
46,0,HAM,47,0,2,2,1,0,0,33.9,24.2,0.0,3.8,28.3,997.1,302.0,H,27,Melbourne,Mercedes
47,0,HAM,48,0,2,2,1,0,0,33.6,24.1,0.0,3.4,28.7,997.1,311.0,H,28,Melbourne,Mercedes
48,0,HAM,49,0,2,2,1,0,0,33.4,24.1,0.0,4.5,28.7,997.0,325.0,H,29,Melbourne,Mercedes
49,0,HAM,50,0,2,2,1,0,0,33.4,24.2,0.0,5.4,28.5,997.1,313.0,H,30,Melbourne,Mercedes
50,0,HAM,51,0,2,2,1,0,0,33.0,24.2,0.0,3.6,28.7,997.2,297.0,H,31,Melbourne,Mercedes
51,0,HAM,52,0,2,2,1,0,0,33.0,24.2,0.0,2.1,28.7,997.2,326.0,H,32,Melbourne,Mercedes
52,0,HAM,53,0,2,2,1,0,0,33.2,24.2,0.0,3.4,29.1,997.1,291.0,H,33,Melbourne,Mercedes
53,0,HAM,54,0,2,2,1,0,0,32.8,24.1,0.0,6.9,29.3,997.0,297.0,H,34,Melbourne,Mercedes
54,0,HAM,55,0,2,2,1,0,0,32.5,23.9,0.0,4.8,30.7,997.2,314.0,H,35,Melbourne,Mercedes
55,0,HAM,56,0,2,2,1,0,0,32.7,24.0,0.0,4.6,31.3,997.2,310.0,H,36,Melbourne,Mercedes
56,0,HAM,57,0,2,2,1,0,0,32.7,24.3,1.0,3.7,30.4,997.2,311.0,H,37,Melbourne,Mercedes
57,0,HAM,58,0,2,2,1,0,0,32.6,24.3,1.0,4.2,30.9,997.2,278.0,H,38,Melbourne,Mercedes
0,0,RAI,1,0,2,2,2,0,0,38.8,24.2,0.0,2.0,36.5,997.1,306.0,S,3,Melbourne,Ferrari
1,0,RAI,2,0,2,2,2,0,0,36.7,23.9,0.0,4.3,36.5,997.1,289.0,S,4,Melbourne,Ferrari
2,0,RAI,3,0,2,2,2,0,0,36.6,23.8,0.0,2.7,35.7,997.1,210.0,S,5,Melbourne,Ferrari
3,0,RAI,4,0,2,2,2,0,0,36.4,23.5,0.0,2.5,36.3,997.2,267.0,S,6,Melbourne,Ferrari
4,0,RAI,5,0,2,2,2,0,0,36.2,23.5,0.0,3.5,36.6,997.0,295.0,S,7,Melbourne,Ferrari
5,0,RAI,6,1,2,2,2,0,0,37.6,23.9,0.0,4.1,35.4,997.0,334.0,S,8,Melbourne,Ferrari
6,0,RAI,7,1,2,2,2,0,0,38.0,23.9,0.0,2.0,35.9,997.0,294.0,S,9,Melbourne,Ferrari
7,0,RAI,8,0,2,2,2,0,0,38.4,24.0,0.0,3.3,35.1,997.0,326.0,S,10,Melbourne,Ferrari
8,0,RAI,9,0,2,2,2,0,0,37.9,23.9,0.0,2.4,35.3,997.0,297.0,S,11,Melbourne,Ferrari
9,0,RAI,10,1,2,2,2,0,0,36.6,23.9,0.0,1.6,35.6,997.0,0.0,S,12,Melbourne,Ferrari
10,0,RAI,11,0,2,2,2,0,0,36.3,23.9,0.0,1.5,35.6,997.0,283.0,S,13,Melbourne,Ferrari
11,0,RAI,12,0,2,2,2,0,0,37.2,23.7,0.0,2.0,35.6,997.1,270.0,S,14,Melbourne,Ferrari
12,0,RAI,13,0,2,2,2,0,0,38.4,24.4,0.0,3.4,33.8,997.0,275.0,S,15,Melbourne,Ferrari
13,0,RAI,14,0,2,2,2,0,0,38.6,24.0,0.0,2.9,34.4,996.9,294.0,S,16,Melbourne,Ferrari
14,0,RAI,15,0,2,2,2,0,0,38.3,24.1,0.0,3.2,34.5,996.8,292.0,S,17,Melbourne,Ferrari
15,0,RAI,16,0,2,2,2,0,0,38.4,24.1,0.0,2.4,34.9,996.9,279.0,S,18,Melbourne,Ferrari
16,0,RAI,17,0,2,2,2,0,0,36.6,23.7,0.0,3.7,33.4,996.9,290.0,S,19,Melbourne,Ferrari
17,0,RAI,18,0,2,3,2,0,0,37.8,24.1,0.0,2.9,30.9,996.8,298.0,S,20,Melbourne,Ferrari
18,0,RAI,19,0,3,3,2,0,0,38.3,24.5,0.0,4.0,28.7,996.8,300.0,H,0,Melbourne,Ferrari
19,0,RAI,20,0,3,3,2,0,0,38.5,24.7,0.0,4.3,27.0,996.9,300.0,H,1,Melbourne,Ferrari
20,0,RAI,21,0,3,3,2,0,0,38.0,24.4,0.0,6.2,25.6,996.7,303.0,H,2,Melbourne,Ferrari
21,0,RAI,22,0,3,3,2,0,0,37.3,24.2,0.0,3.9,26.2,996.8,301.0,H,3,Melbourne,Ferrari
22,0,RAI,23,0,3,3,2,0,0,37.3,24.2,0.0,4.9,26.4,996.9,300.0,H,4,Melbourne,Ferrari
23,0,RAI,24,1,3,3,2,0,0,37.3,24.3,0.0,2.9,26.8,996.9,297.0,H,5,Melbourne,Ferrari
24,0,RAI,25,1,3,3,2,0,0,37.4,24.3,0.0,4.0,27.4,996.8,313.0,H,6,Melbourne,Ferrari
25,0,RAI,26,2,3,3,2,0,0,37.5,24.5,0.0,3.5,26.4,997.0,294.0,H,7,Melbourne,Ferrari
26,0,RAI,27,2,3,3,2,0,0,37.0,24.4,0.0,4.5,25.7,997.0,290.0,H,8,Melbourne,Ferrari
27,0,RAI,28,2,3,3,2,0,0,36.8,24.2,0.0,6.0,25.7,997.0,333.0,H,9,Melbourne,Ferrari
28,0,RAI,29,2,3,3,2,0,0,36.7,24.2,0.0,6.6,26.1,997.0,312.0,H,10,Melbourne,Ferrari
29,0,RAI,30,2,3,3,2,0,0,36.7,24.0,0.0,3.8,25.6,997.1,273.0,H,11,Melbourne,Ferrari
30,0,RAI,31,2,3,3,2,0,0,36.5,24.0,0.0,3.8,26.5,997.1,292.0,H,12,Melbourne,Ferrari
31,0,RAI,32,0,3,3,2,0,0,36.7,24.0,0.0,4.1,26.0,997.1,308.0,H,13,Melbourne,Ferrari
32,0,RAI,33,0,3,3,2,0,0,36.5,24.1,0.0,5.1,25.7,997.0,306.0,H,14,Melbourne,Ferrari
33,0,RAI,34,0,3,3,2,0,0,36.3,24.0,0.0,3.7,25.7,997.0,254.0,H,15,Melbourne,Ferrari
34,0,RAI,35,0,3,3,2,0,0,36.5,24.0,0.0,4.2,26.0,997.0,306.0,H,16,Melbourne,Ferrari
35,0,RAI,36,0,3,3,2,0,0,36.5,24.0,0.0,5.3,25.6,997.1,294.0,H,17,Melbourne,Ferrari
36,0,RAI,37,0,3,3,2,0,0,35.7,23.9,0.0,3.0,26.3,997.2,327.0,H,18,Melbourne,Ferrari
37,0,RAI,38,0,3,3,2,0,0,35.7,23.8,0.0,4.5,26.6,997.0,306.0,H,19,Melbourne,Ferrari
38,0,RAI,39,0,3,3,2,0,0,35.7,23.8,0.0,4.5,26.6,997.0,306.0,H,20,Melbourne,Ferrari
39,0,RAI,40,0,3,3,2,0,0,34.3,23.4,0.0,5.0,27.5,997.0,284.0,H,21,Melbourne,Ferrari
40,0,RAI,41,0,3,3,2,0,0,33.9,24.2,0.0,3.8,28.3,997.1,302.0,H,22,Melbourne,Ferrari
41,0,RAI,42,0,3,3,2,0,0,33.6,24.1,0.0,3.4,28.7,997.1,311.0,H,23,Melbourne,Ferrari
42,0,RAI,43,0,3,3,2,0,0,33.4,24.2,0.0,5.4,28.5,997.1,313.0,H,24,Melbourne,Ferrari
43,0,RAI,44,0,3,3,2,0,0,33.2,24.2,0.0,3.9,29.0,997.2,301.0,H,25,Melbourne,Ferrari
44,0,RAI,45,0,3,3,2,0,0,33.0,24.2,0.0,3.6,28.7,997.2,297.0,H,26,Melbourne,Ferrari
45,0,RAI,46,0,3,3,2,0,0,33.0,24.2,0.0,2.1,28.7,997.2,326.0,H,27,Melbourne,Ferrari
46,0,RAI,47,0,3,3,2,0,0,33.2,24.2,0.0,3.4,29.1,997.1,291.0,H,28,Melbourne,Ferrari
47,0,RAI,48,0,3,3,2,0,0,33.2,24.3,0.0,4.1,28.5,997.0,329.0,H,29,Melbourne,Ferrari
48,0,RAI,49,0,3,3,2,0,0,33.1,24.2,0.0,4.8,28.8,997.1,294.0,H,30,Melbourne,Ferrari
49,0,RAI,50,0,3,3,2,0,0,32.8,24.1,0.0,6.9,29.3,997.0,297.0,H,31,Melbourne,Ferrari
50,0,RAI,51,0,3,3,2,0,0,32.4,24.0,0.0,5.0,29.8,997.1,291.0,H,32,Melbourne,Ferrari
51,0,RAI,52,0,3,3,2,0,0,32.4,24.0,0.0,5.3,30.3,997.2,316.0,H,33,Melbourne,Ferrari
52,0,RAI,53,0,3,3,2,0,0,32.5,23.9,0.0,4.8,30.7,997.2,314.0,H,34,Melbourne,Ferrari
53,0,RAI,54,0,3,3,2,0,0,32.7,24.1,0.0,4.8,30.6,997.3,300.0,H,35,Melbourne,Ferrari
54,0,RAI,55,0,3,3,2,0,0,32.7,24.3,1.0,3.7,30.4,997.2,311.0,H,36,Melbourne,Ferrari
55,0,RAI,56,0,3,3,2,0,0,32.6,24.3,1.0,4.2,30.9,997.2,278.0,H,37,Melbourne,Ferrari
56,0,RAI,57,0,3,3,2,0,0,32.6,24.3,1.0,4.2,30.9,997.2,278.0,H,38,Melbourne,Ferrari
57,0,RAI,58,0,3,3,2,0,0,32.6,24.3,1.0,4.2,30.9,997.2,278.0,H,39,Melbourne,Ferrari
0,0,VET,1,0,3,3,3,0,0,38.2,24.2,0.0,3.8,36.3,996.9,296.0,S,3,Melbourne,Ferrari
1,0,VET,2,0,3,3,3,0,0,36.8,23.9,0.0,2.9,36.3,997.1,255.0,S,4,Melbourne,Ferrari
2,0,VET,3,0,3,3,3,0,0,36.6,23.8,0.0,2.7,35.7,997.1,210.0,S,5,Melbourne,Ferrari
3,0,VET,4,0,3,3,3,0,0,36.4,23.5,0.0,2.5,36.3,997.2,267.0,S,6,Melbourne,Ferrari
4,0,VET,5,0,3,3,3,0,0,37.5,23.8,0.0,2.9,35.6,997.0,297.0,S,7,Melbourne,Ferrari
5,0,VET,6,1,3,3,3,0,0,37.6,23.9,0.0,4.1,35.4,997.0,334.0,S,8,Melbourne,Ferrari
6,0,VET,7,1,3,3,3,0,0,38.0,23.9,0.0,2.0,35.9,997.0,294.0,S,9,Melbourne,Ferrari
7,0,VET,8,0,3,3,3,0,0,37.9,23.9,0.0,2.4,35.3,997.0,297.0,S,10,Melbourne,Ferrari
8,0,VET,9,0,3,3,3,0,0,36.3,23.9,0.0,1.5,35.6,997.0,283.0,S,11,Melbourne,Ferrari
9,0,VET,10,1,3,3,3,0,0,36.2,23.9,0.0,1.2,35.6,997.0,354.0,S,12,Melbourne,Ferrari
10,0,VET,11,0,3,3,3,0,0,36.2,23.9,0.0,2.2,34.8,996.9,278.0,S,13,Melbourne,Ferrari
11,0,VET,12,0,3,3,3,0,0,37.2,23.7,0.0,2.0,35.6,997.1,270.0,S,14,Melbourne,Ferrari
12,0,VET,13,0,3,3,3,0,0,38.1,24.1,0.0,1.1,35.3,997.0,315.0,S,15,Melbourne,Ferrari
13,0,VET,14,0,3,3,3,0,0,38.4,24.4,0.0,3.4,33.8,997.0,275.0,S,16,Melbourne,Ferrari
14,0,VET,15,0,3,3,3,0,0,38.6,24.2,0.0,3.5,34.0,996.9,289.0,S,17,Melbourne,Ferrari
15,0,VET,16,0,3,3,3,0,0,38.6,24.0,0.0,2.9,34.4,996.9,294.0,S,18,Melbourne,Ferrari
16,0,VET,17,0,3,3,3,0,0,38.4,24.1,0.0,2.4,34.9,996.9,279.0,S,19,Melbourne,Ferrari
17,0,VET,18,0,3,2,3,0,0,38.0,24.2,0.0,3.8,34.4,996.9,282.0,S,20,Melbourne,Ferrari
18,0,VET,19,0,2,1,3,0,0,37.8,23.9,0.0,2.5,34.9,996.7,279.0,S,21,Melbourne,Ferrari
19,0,VET,20,0,1,1,3,0,0,36.6,23.7,0.0,3.7,33.4,996.9,290.0,S,22,Melbourne,Ferrari
20,0,VET,21,0,1,1,3,0,0,37.0,23.9,0.0,2.5,33.8,996.9,317.0,S,23,Melbourne,Ferrari
21,0,VET,22,0,1,1,3,0,0,38.3,24.5,0.0,4.0,28.7,996.8,300.0,S,24,Melbourne,Ferrari
22,0,VET,23,0,1,1,3,0,0,38.2,24.6,0.0,3.4,28.1,996.7,300.0,S,25,Melbourne,Ferrari
23,0,VET,24,1,1,1,3,0,0,38.5,24.7,0.0,4.3,27.0,996.9,300.0,S,26,Melbourne,Ferrari
24,0,VET,25,1,1,1,3,0,0,38.4,24.8,0.0,5.2,26.5,996.8,295.0,S,27,Melbourne,Ferrari
25,0,VET,26,2,1,1,3,0,0,38.3,24.6,0.0,5.7,26.0,996.7,289.0,S,28,Melbourne,Ferrari
26,0,VET,27,2,1,1,3,0,0,37.6,24.2,0.0,5.3,26.0,996.8,312.0,H,0,Melbourne,Ferrari
27,0,VET,28,2,1,1,3,0,0,37.3,24.2,0.0,3.9,26.2,996.8,301.0,H,1,Melbourne,Ferrari
28,0,VET,29,2,1,1,3,0,0,37.3,24.2,0.0,4.9,26.4,996.9,300.0,H,2,Melbourne,Ferrari
29,0,VET,30,2,1,1,3,0,0,37.3,24.3,0.0,2.9,26.8,996.9,297.0,H,3,Melbourne,Ferrari
30,0,VET,31,2,1,1,3,0,0,37.4,24.3,0.0,4.0,27.4,996.8,313.0,H,4,Melbourne,Ferrari
31,0,VET,32,0,1,1,3,0,0,37.4,24.4,0.0,3.6,27.8,996.9,318.0,H,5,Melbourne,Ferrari
32,0,VET,33,0,1,1,3,0,0,37.1,24.5,0.0,4.7,26.4,996.9,282.0,H,6,Melbourne,Ferrari
33,0,VET,34,0,1,1,3,0,0,36.7,24.0,0.0,5.4,25.9,997.0,292.0,H,7,Melbourne,Ferrari
34,0,VET,35,0,1,1,3,0,0,36.7,24.2,0.0,6.6,26.1,997.0,312.0,H,8,Melbourne,Ferrari
35,0,VET,36,0,1,1,3,0,0,36.7,24.0,0.0,3.8,25.6,997.1,273.0,H,9,Melbourne,Ferrari
36,0,VET,37,0,1,1,3,0,0,36.7,24.0,0.0,4.2,25.8,997.0,290.0,H,10,Melbourne,Ferrari
37,0,VET,38,0,1,1,3,0,0,36.7,24.0,0.0,4.1,26.0,997.1,308.0,H,11,Melbourne,Ferrari
38,0,VET,39,0,1,1,3,0,0,36.5,24.1,0.0,5.1,25.7,997.0,306.0,H,12,Melbourne,Ferrari
39,0,VET,40,0,1,1,3,0,0,36.5,24.0,0.0,4.2,26.0,997.0,306.0,H,13,Melbourne,Ferrari
40,0,VET,41,0,1,1,3,0,0,36.2,23.9,0.0,5.7,26.0,997.0,328.0,H,14,Melbourne,Ferrari
41,0,VET,42,0,1,1,3,0,0,35.7,23.9,0.0,3.0,26.3,997.2,327.0,H,15,Melbourne,Ferrari
42,0,VET,43,0,1,1,3,0,0,35.7,23.8,0.0,4.5,26.6,997.0,306.0,H,16,Melbourne,Ferrari
43,0,VET,44,0,1,1,3,0,0,34.5,23.5,0.0,4.2,27.1,997.1,330.0,H,17,Melbourne,Ferrari
44,0,VET,45,0,1,1,3,0,0,34.3,23.4,0.0,5.0,27.5,997.0,284.0,H,18,Melbourne,Ferrari
45,0,VET,46,0,1,1,3,0,0,33.9,24.2,0.0,3.8,28.3,997.1,302.0,H,19,Melbourne,Ferrari
46,0,VET,47,0,1,1,3,0,0,33.6,24.1,0.0,3.4,28.7,997.1,311.0,H,20,Melbourne,Ferrari
47,0,VET,48,0,1,1,3,0,0,33.6,24.2,0.0,3.4,29.0,997.0,305.0,H,21,Melbourne,Ferrari
48,0,VET,49,0,1,1,3,0,0,33.4,24.2,0.0,5.4,28.5,997.1,313.0,H,22,Melbourne,Ferrari
49,0,VET,50,0,1,1,3,0,0,33.2,24.1,0.0,4.6,28.8,997.1,310.0,H,23,Melbourne,Ferrari
50,0,VET,51,0,1,1,3,0,0,33.0,24.2,0.0,2.1,28.7,997.2,326.0,H,24,Melbourne,Ferrari
51,0,VET,52,0,1,1,3,0,0,33.1,24.2,0.0,4.8,28.8,997.1,294.0,H,25,Melbourne,Ferrari
52,0,VET,53,0,1,1,3,0,0,32.8,24.1,0.0,6.9,29.3,997.0,297.0,H,26,Melbourne,Ferrari
53,0,VET,54,0,1,1,3,0,0,32.5,23.9,0.0,4.8,30.7,997.2,314.0,H,27,Melbourne,Ferrari
54,0,VET,55,0,1,1,3,0,0,32.7,24.1,0.0,4.8,30.6,997.3,300.0,H,28,Melbourne,Ferrari
55,0,VET,56,0,1,1,3,0,0,32.7,24.3,1.0,3.7,30.4,997.2,311.0,H,29,Melbourne,Ferrari
56,0,VET,57,0,1,1,3,0,0,32.6,24.3,1.0,4.2,30.9,997.2,278.0,H,30,Melbourne,Ferrari
57,0,VET,58,0,1,1,3,0,0,32.6,24.3,1.0,4.2,30.9,997.2,278.0,H,31,Melbourne,Ferrari
0,0,VER,1,0,5,5,5,0,0,36.7,23.9,0.0,4.3,36.5,997.1,289.0,M,3,Melbourne,Red Bull Racing
1,0,VER,2,0,5,5,5,0,0,36.8,23.9,0.0,2.9,36.3,997.1,255.0,M,4,Melbourne,Red Bull Racing
2,0,VER,3,0,5,5,5,0,0,36.6,23.8,0.0,2.7,35.7,997.1,210.0,M,5,Melbourne,Red Bull Racing
3,0,VER,4,0,5,5,5,0,0,36.4,23.5,0.0,2.5,36.3,997.2,267.0,M,6,Melbourne,Red Bull Racing
4,0,VER,5,0,5,5,5,0,0,36.3,23.4,0.0,2.1,36.5,997.2,283.0,M,7,Melbourne,Red Bull Racing
5,0,VER,6,1,5,5,5,0,0,36.4,23.5,0.0,3.4,36.7,997.1,301.0,M,8,Melbourne,Red Bull Racing
6,0,VER,7,1,5,5,5,0,0,37.5,23.8,0.0,2.9,35.6,997.0,297.0,M,9,Melbourne,Red Bull Racing
7,0,VER,8,0,5,5,5,0,0,37.6,23.9,0.0,4.1,35.4,997.0,334.0,M,10,Melbourne,Red Bull Racing
8,0,VER,9,0,5,5,5,0,0,38.4,24.0,0.0,3.3,35.1,997.0,326.0,M,11,Melbourne,Red Bull Racing
9,0,VER,10,1,5,8,5,0,0,36.6,23.9,0.0,1.6,35.6,997.0,0.0,M,12,Melbourne,Red Bull Racing
10,0,VER,11,0,8,8,5,0,0,36.2,23.9,0.0,2.2,34.8,996.9,278.0,M,13,Melbourne,Red Bull Racing
11,0,VER,12,0,8,8,5,0,0,37.7,23.9,0.0,2.3,35.2,997.0,211.0,M,14,Melbourne,Red Bull Racing
12,0,VER,13,0,8,8,5,0,0,38.1,24.1,0.0,1.1,35.3,997.0,315.0,M,15,Melbourne,Red Bull Racing
13,0,VER,14,0,8,8,5,0,0,38.4,24.4,0.0,3.4,33.8,997.0,275.0,M,16,Melbourne,Red Bull Racing
14,0,VER,15,0,8,8,5,0,0,38.6,24.2,0.0,3.5,34.0,996.9,289.0,M,17,Melbourne,Red Bull Racing
15,0,VER,16,0,8,8,5,0,0,38.6,24.0,0.0,2.9,34.4,996.9,294.0,M,18,Melbourne,Red Bull Racing
16,0,VER,17,0,8,8,5,0,0,38.6,24.0,0.0,2.9,35.0,996.8,291.0,M,19,Melbourne,Red Bull Racing
17,0,VER,18,0,8,8,5,0,0,38.5,24.1,0.0,3.8,34.5,996.8,349.0,M,20,Melbourne,Red Bull Racing
18,0,VER,19,0,8,8,5,0,0,38.3,24.1,0.0,3.2,34.5,996.8,292.0,M,21,Melbourne,Red Bull Racing
19,0,VER,20,0,8,8,5,0,0,38.3,24.1,0.0,3.2,34.5,996.8,292.0,M,22,Melbourne,Red Bull Racing
20,0,VER,21,0,8,13,5,0,0,37.1,23.7,0.0,2.2,34.4,996.8,318.0,M,23,Melbourne,Red Bull Racing
21,0,VER,22,0,13,13,5,0,0,36.7,23.7,0.0,2.5,34.6,996.8,278.0,H,0,Melbourne,Red Bull Racing
22,0,VER,23,0,13,11,5,0,0,37.8,24.1,0.0,2.9,30.9,996.8,298.0,H,1,Melbourne,Red Bull Racing
23,0,VER,24,1,11,9,5,0,0,38.4,24.5,0.0,3.7,28.1,996.8,320.0,H,2,Melbourne,Red Bull Racing
24,0,VER,25,1,9,6,5,0,0,38.4,24.8,0.0,5.2,26.5,996.8,295.0,H,3,Melbourne,Red Bull Racing
25,0,VER,26,2,6,6,5,0,0,38.3,24.8,0.0,4.9,25.9,996.8,286.0,H,4,Melbourne,Red Bull Racing
26,0,VER,27,2,6,5,5,0,0,37.3,24.2,0.0,3.9,26.2,996.8,301.0,H,5,Melbourne,Red Bull Racing
27,0,VER,28,2,5,5,5,0,0,37.3,24.2,0.0,4.9,26.4,996.9,300.0,H,6,Melbourne,Red Bull Racing
28,0,VER,29,2,5,5,5,0,0,37.3,24.3,0.0,2.9,26.8,996.9,297.0,H,7,Melbourne,Red Bull Racing
29,0,VER,30,2,5,5,5,0,0,37.4,24.4,0.0,3.6,27.8,996.9,318.0,H,8,Melbourne,Red Bull Racing
30,0,VER,31,2,5,6,5,0,0,37.5,24.5,0.0,3.5,26.4,997.0,294.0,H,9,Melbourne,Red Bull Racing
31,0,VER,32,0,6,6,5,0,0,37.1,24.5,0.0,4.7,26.4,996.9,282.0,H,10,Melbourne,Red Bull Racing
32,0,VER,33,0,6,6,5,0,0,37.0,24.4,0.0,4.5,25.7,997.0,290.0,H,11,Melbourne,Red Bull Racing
33,0,VER,34,0,6,6,5,0,0,36.7,24.0,0.0,5.4,25.9,997.0,292.0,H,12,Melbourne,Red Bull Racing
34,0,VER,35,0,6,6,5,0,0,36.6,24.1,0.0,2.8,26.1,997.0,309.0,H,13,Melbourne,Red Bull Racing
35,0,VER,36,0,6,6,5,0,0,36.7,24.2,0.0,6.6,26.1,997.0,312.0,H,14,Melbourne,Red Bull Racing
36,0,VER,37,0,6,6,5,0,0,36.7,24.0,0.0,3.8,25.6,997.1,273.0,H,15,Melbourne,Red Bull Racing
37,0,VER,38,0,6,6,5,0,0,36.5,24.0,0.0,3.8,26.5,997.1,292.0,H,16,Melbourne,Red Bull Racing
38,0,VER,39,0,6,6,5,0,0,36.7,24.0,0.0,4.2,25.8,997.0,290.0,H,17,Melbourne,Red Bull Racing
39,0,VER,40,0,6,6,5,0,0,36.2,23.9,0.0,5.7,26.0,997.0,328.0,H,18,Melbourne,Red Bull Racing
40,0,VER,41,0,6,6,5,0,0,35.7,23.8,0.0,4.5,26.6,997.0,306.0,H,19,Melbourne,Red Bull Racing
41,0,VER,42,0,6,6,5,0,0,35.7,23.8,0.0,4.5,26.6,997.0,306.0,H,20,Melbourne,Red Bull Racing
42,0,VER,43,0,6,6,5,0,0,34.5,23.5,0.0,4.2,27.1,997.1,330.0,H,21,Melbourne,Red Bull Racing
43,0,VER,44,0,6,6,5,0,0,34.3,23.4,0.0,5.0,27.5,997.0,284.0,H,22,Melbourne,Red Bull Racing
44,0,VER,45,0,6,6,5,0,0,34.0,23.3,0.0,3.2,27.9,997.1,295.0,H,23,Melbourne,Red Bull Racing
45,0,VER,46,0,6,6,5,0,0,33.9,24.2,0.0,3.8,28.3,997.1,302.0,H,24,Melbourne,Red Bull Racing
46,0,VER,47,0,6,6,5,0,0,33.6,24.1,0.0,3.4,28.7,997.1,311.0,H,25,Melbourne,Red Bull Racing
47,0,VER,48,0,6,6,5,0,0,33.4,24.1,0.0,4.5,28.7,997.0,325.0,H,26,Melbourne,Red Bull Racing
48,0,VER,49,0,6,6,5,0,0,33.6,24.2,0.0,4.9,28.5,997.0,290.0,H,27,Melbourne,Red Bull Racing
49,0,VER,50,0,6,6,5,0,0,33.6,24.2,0.0,3.4,29.0,997.0,305.0,H,28,Melbourne,Red Bull Racing
50,0,VER,51,0,6,6,5,0,0,33.4,24.2,0.0,5.4,28.5,997.1,313.0,H,29,Melbourne,Red Bull Racing
51,0,VER,52,0,6,6,5,0,0,33.2,24.1,0.0,4.6,28.8,997.1,310.0,H,30,Melbourne,Red Bull Racing
52,0,VER,53,0,6,6,5,0,0,33.0,24.2,0.0,2.1,28.7,997.2,326.0,H,31,Melbourne,Red Bull Racing
53,0,VER,54,0,6,6,5,0,0,33.2,24.3,0.0,4.1,28.5,997.0,329.0,H,32,Melbourne,Red Bull Racing
54,0,VER,55,0,6,6,5,0,0,33.1,24.2,0.0,4.8,28.8,997.1,294.0,H,33,Melbourne,Red Bull Racing
55,0,VER,56,0,6,6,5,0,0,32.4,24.0,0.0,5.0,29.8,997.1,291.0,H,34,Melbourne,Red Bull Racing
56,0,VER,57,0,6,6,5,0,0,32.7,24.0,0.0,4.6,31.3,997.2,310.0,H,35,Melbourne,Red Bull Racing
57,0,VER,58,0,6,6,5,0,0,32.7,24.3,1.0,3.7,30.4,997.2,311.0,H,36,Melbourne,Red Bull Racing
0,0,MAG,1,0,4,4,4,0,0,36.7,23.9,0.0,4.3,36.5,997.1,289.0,S,3,Melbourne,Haas F1 Team
1,0,MAG,2,0,4,4,4,0,0,36.4,23.5,0.0,2.5,36.3,997.2,267.0,S,4,Melbourne,Haas F1 Team
2,0,MAG,3,0,4,4,4,0,0,36.4,23.5,0.0,3.4,36.7,997.1,301.0,S,5,Melbourne,Haas F1 Team
3,0,MAG,4,0,4,4,4,0,0,38.0,24.1,0.0,4.0,35.1,997.1,283.0,S,6,Melbourne,Haas F1 Team
4,0,MAG,5,0,4,4,4,0,0,38.4,24.3,0.0,2.4,34.4,997.0,294.0,S,7,Melbourne,Haas F1 Team
5,0,MAG,6,1,4,4,4,0,0,38.4,24.4,0.0,3.4,33.8,997.0,275.0,S,8,Melbourne,Haas F1 Team
6,0,MAG,7,1,4,4,4,0,0,38.6,24.0,0.0,2.9,34.4,996.9,294.0,S,9,Melbourne,Haas F1 Team
7,0,MAG,8,0,4,4,4,0,0,38.0,24.2,0.0,3.8,34.4,996.9,282.0,S,10,Melbourne,Haas F1 Team
8,0,MAG,9,0,4,4,4,0,0,37.8,23.9,0.0,2.5,34.9,996.7,279.0,S,11,Melbourne,Haas F1 Team
9,0,MAG,10,1,4,4,4,0,0,36.6,23.7,0.0,3.7,33.4,996.9,290.0,S,12,Melbourne,Haas F1 Team
10,0,MAG,11,0,4,4,4,0,0,37.0,23.9,0.0,2.5,33.8,996.9,317.0,S,13,Melbourne,Haas F1 Team
11,0,MAG,12,0,4,4,4,0,0,37.8,24.1,0.0,2.9,30.9,996.8,298.0,S,14,Melbourne,Haas F1 Team
12,0,MAG,13,0,4,4,4,0,0,38.3,24.5,0.0,4.0,28.7,996.8,300.0,S,15,Melbourne,Haas F1 Team
13,0,MAG,14,0,4,4,4,0,0,37.3,24.3,0.0,2.9,26.8,996.9,297.0,S,16,Melbourne,Haas F1 Team
14,0,MAG,15,0,4,4,4,0,0,37.4,24.3,0.0,4.0,27.4,996.8,313.0,S,17,Melbourne,Haas F1 Team
15,0,MAG,16,0,4,4,4,0,0,37.1,24.5,0.0,4.7,26.4,996.9,282.0,S,18,Melbourne,Haas F1 Team
16,0,MAG,17,0,4,4,4,0,0,37.0,24.4,0.0,4.5,25.7,997.0,290.0,S,19,Melbourne,Haas F1 Team
17,0,MAG,18,0,4,4,4,0,0,35.7,23.9,0.0,3.0,26.3,997.2,327.0,S,20,Melbourne,Haas F1 Team
18,0,MAG,19,0,4,4,4,0,0,33.9,24.2,0.0,3.8,28.3,997.1,302.0,S,21,Melbourne,Haas F1 Team
19,0,MAG,20,0,4,4,4,0,0,32.4,24.0,0.0,5.0,29.8,997.1,291.0,S,22,Melbourne,Haas F1 Team
20,0,MAG,21,0,4,4,4,0,0,32.6,24.3,1.0,4.2,30.9,997.2,278.0,S,23,Melbourne,Haas F1 Team
21,0,MAG,22,0,4,9,4,1,0,32.6,24.3,1.0,4.2,30.9,997.2,278.0,S,24,Melbourne,Haas F1 Team
0,0,GRO,1,0,6,6,6,0,0,38.9,24.2,0.0,4.1,36.3,997.0,307.0,S,3,Melbourne,Haas F1 Team
1,0,GRO,2,0,6,6,6,0,0,37.1,24.1,0.0,3.7,36.6,997.1,289.0,S,4,Melbourne,Haas F1 Team
2,0,GRO,3,0,6,6,6,0,0,36.6,23.8,0.0,2.7,35.7,997.1,210.0,S,5,Melbourne,Haas F1 Team
3,0,GRO,4,0,6,6,6,0,0,36.4,23.5,0.0,2.5,36.3,997.2,267.0,S,6,Melbourne,Haas F1 Team
4,0,GRO,5,0,6,6,6,0,0,36.3,23.4,0.0,2.1,36.5,997.2,283.0,S,7,Melbourne,Haas F1 Team
5,0,GRO,6,1,6,6,6,0,0,37.6,23.9,0.0,4.1,35.4,997.0,334.0,S,8,Melbourne,Haas F1 Team
6,0,GRO,7,1,6,6,6,0,0,36.3,23.9,0.0,1.5,35.6,997.0,283.0,S,9,Melbourne,Haas F1 Team
7,0,GRO,8,0,6,6,6,0,0,36.2,23.9,0.0,2.2,34.8,996.9,278.0,S,10,Melbourne,Haas F1 Team
8,0,GRO,9,0,6,6,6,0,0,38.4,24.3,0.0,2.4,34.4,997.0,294.0,S,11,Melbourne,Haas F1 Team
9,0,GRO,10,1,6,5,6,0,0,38.6,24.0,0.0,2.9,34.4,996.9,294.0,S,12,Melbourne,Haas F1 Team
10,0,GRO,11,0,5,5,6,0,0,38.5,24.1,0.0,3.8,34.5,996.8,349.0,S,13,Melbourne,Haas F1 Team
11,0,GRO,12,0,5,5,6,0,0,37.3,24.2,0.0,4.9,26.4,996.9,300.0,S,14,Melbourne,Haas F1 Team
12,0,GRO,13,0,5,5,6,0,0,37.4,24.4,0.0,3.6,27.8,996.9,318.0,S,15,Melbourne,Haas F1 Team
13,0,GRO,14,0,5,5,6,0,0,37.5,24.5,0.0,3.5,26.4,997.0,294.0,S,16,Melbourne,Haas F1 Team
14,0,GRO,15,0,5,5,6,0,0,36.7,24.0,0.0,5.4,25.9,997.0,292.0,S,17,Melbourne,Haas F1 Team
15,0,GRO,16,0,5,5,6,0,0,36.7,24.2,0.0,6.6,26.1,997.0,312.0,S,18,Melbourne,Haas F1 Team
16,0,GRO,17,0,5,5,6,0,0,36.5,24.0,0.0,5.3,25.6,997.1,294.0,S,19,Melbourne,Haas F1 Team
17,0,GRO,18,0,5,5,6,0,0,33.6,24.2,0.0,4.9,28.5,997.0,290.0,S,20,Melbourne,Haas F1 Team
18,0,GRO,19,0,5,5,6,0,0,33.4,24.2,0.0,5.4,28.5,997.1,313.0,S,21,Melbourne,Haas F1 Team
19,0,GRO,20,0,5,5,6,0,0,33.2,24.2,0.0,3.9,29.0,997.2,301.0,S,22,Melbourne,Haas F1 Team
20,0,GRO,21,0,5,5,6,0,0,33.0,24.2,0.0,2.1,28.7,997.2,326.0,S,23,Melbourne,Haas F1 Team
21,0,GRO,22,0,5,4,6,0,0,32.5,23.9,0.0,4.8,30.7,997.2,314.0,S,24,Melbourne,Haas F1 Team
22,0,GRO,23,0,4,4,6,0,0,32.7,24.3,1.0,3.7,30.4,997.2,311.0,S,25,Melbourne,Haas F1 Team
23,0,GRO,24,1,4,7,6,1,0,32.6,24.3,1.0,4.2,30.9,997.2,278.0,S,26,Melbourne,Haas F1 Team
0,0,HUL,1,0,7,7,7,0,0,37.1,24.1,0.0,3.7,36.6,997.1,289.0,S,3,Melbourne,Renault
1,0,HUL,2,0,7,7,7,0,0,36.7,23.9,0.0,4.3,36.5,997.1,289.0,S,4,Melbourne,Renault
2,0,HUL,3,0,7,7,7,0,0,36.8,23.9,0.0,2.9,36.3,997.1,255.0,S,5,Melbourne,Renault
3,0,HUL,4,0,7,7,7,0,0,36.6,23.8,0.0,2.7,35.7,997.1,210.0,S,6,Melbourne,Renault
4,0,HUL,5,0,7,8,7,0,0,36.3,23.4,0.0,2.1,36.5,997.2,283.0,S,7,Melbourne,Renault
5,0,HUL,6,1,8,8,7,0,0,37.5,23.8,0.0,2.9,35.6,997.0,297.0,S,8,Melbourne,Renault
6,0,HUL,7,1,8,8,7,0,0,37.6,23.9,0.0,4.1,35.4,997.0,334.0,S,9,Melbourne,Renault
7,0,HUL,8,0,8,8,7,0,0,38.0,24.1,0.0,4.0,35.1,997.1,283.0,S,10,Melbourne,Renault
8,0,HUL,9,0,8,8,7,0,0,36.3,23.9,0.0,1.5,35.6,997.0,283.0,S,11,Melbourne,Renault
9,0,HUL,10,1,8,7,7,0,0,36.2,23.9,0.0,1.2,35.6,997.0,354.0,S,12,Melbourne,Renault
10,0,HUL,11,0,7,7,7,0,0,37.7,23.9,0.0,2.3,35.2,997.0,211.0,S,13,Melbourne,Renault
11,0,HUL,12,0,7,7,7,0,0,38.1,24.1,0.0,1.1,35.3,997.0,315.0,S,14,Melbourne,Renault
12,0,HUL,13,0,7,7,7,0,0,38.4,24.3,0.0,2.4,34.4,997.0,294.0,S,15,Melbourne,Renault
13,0,HUL,14,0,7,7,7,0,0,38.4,24.4,0.0,3.4,33.8,997.0,275.0,S,16,Melbourne,Renault
14,0,HUL,15,0,7,7,7,0,0,38.6,24.0,0.0,2.9,34.4,996.9,294.0,S,17,Melbourne,Renault
15,0,HUL,16,0,7,7,7,0,0,38.6,24.0,0.0,2.9,35.0,996.8,291.0,S,18,Melbourne,Renault
16,0,HUL,17,0,7,7,7,0,0,38.5,24.1,0.0,3.8,34.5,996.8,349.0,S,19,Melbourne,Renault
17,0,HUL,18,0,7,7,7,0,0,38.4,24.1,0.0,2.4,34.9,996.9,279.0,S,20,Melbourne,Renault
18,0,HUL,19,0,7,7,7,0,0,38.0,24.2,0.0,3.8,34.4,996.9,282.0,S,21,Melbourne,Renault
19,0,HUL,20,0,7,7,7,0,0,37.1,23.7,0.0,2.2,34.4,996.8,318.0,S,22,Melbourne,Renault
20,0,HUL,21,0,7,7,7,0,0,37.0,23.9,0.0,2.5,33.8,996.9,317.0,S,23,Melbourne,Renault
21,0,HUL,22,0,7,6,7,0,0,38.3,24.5,0.0,4.0,28.7,996.8,300.0,S,24,Melbourne,Renault
22,0,HUL,23,0,6,6,7,0,0,38.2,24.6,0.0,3.4,28.1,996.7,300.0,S,25,Melbourne,Renault
23,0,HUL,24,1,6,10,7,0,0,38.5,24.7,0.0,4.3,27.0,996.9,300.0,S,26,Melbourne,Renault
24,0,HUL,25,1,10,8,7,0,0,38.4,24.8,0.0,5.2,26.5,996.8,295.0,H,0,Melbourne,Renault
25,0,HUL,26,2,8,7,7,0,0,38.3,24.8,0.0,4.9,25.9,996.8,286.0,H,1,Melbourne,Renault
26,0,HUL,27,2,7,7,7,0,0,38.3,24.6,0.0,5.7,26.0,996.7,289.0,H,2,Melbourne,Renault
27,0,HUL,28,2,7,7,7,0,0,37.6,24.2,0.0,5.3,26.0,996.8,312.0,H,3,Melbourne,Renault
28,0,HUL,29,2,7,7,7,0,0,37.3,24.2,0.0,4.9,26.4,996.9,300.0,H,4,Melbourne,Renault
29,0,HUL,30,2,7,7,7,0,0,37.3,24.3,0.0,2.9,26.8,996.9,297.0,H,5,Melbourne,Renault
30,0,HUL,31,2,7,7,7,0,0,37.4,24.3,0.0,4.0,27.4,996.8,313.0,H,6,Melbourne,Renault
31,0,HUL,32,0,7,7,7,0,0,37.4,24.4,0.0,3.6,27.8,996.9,318.0,H,7,Melbourne,Renault
32,0,HUL,33,0,7,7,7,0,0,37.1,24.5,0.0,4.7,26.4,996.9,282.0,H,8,Melbourne,Renault
33,0,HUL,34,0,7,7,7,0,0,37.0,24.4,0.0,4.5,25.7,997.0,290.0,H,9,Melbourne,Renault
34,0,HUL,35,0,7,7,7,0,0,36.8,24.2,0.0,6.0,25.7,997.0,333.0,H,10,Melbourne,Renault
35,0,HUL,36,0,7,7,7,0,0,36.7,24.0,0.0,5.4,25.9,997.0,292.0,H,11,Melbourne,Renault
36,0,HUL,37,0,7,7,7,0,0,36.7,24.2,0.0,6.6,26.1,997.0,312.0,H,12,Melbourne,Renault
37,0,HUL,38,0,7,7,7,0,0,36.7,24.0,0.0,3.8,25.6,997.1,273.0,H,13,Melbourne,Renault
38,0,HUL,39,0,7,7,7,0,0,36.7,24.0,0.0,4.2,25.8,997.0,290.0,H,14,Melbourne,Renault
39,0,HUL,40,0,7,7,7,0,0,36.5,24.1,0.0,5.1,25.7,997.0,306.0,H,15,Melbourne,Renault
40,0,HUL,41,0,7,7,7,0,0,36.3,24.0,0.0,3.7,25.7,997.0,254.0,H,16,Melbourne,Renault
41,0,HUL,42,0,7,7,7,0,0,36.5,24.0,0.0,4.2,26.0,997.0,306.0,H,17,Melbourne,Renault
42,0,HUL,43,0,7,7,7,0,0,36.2,23.9,0.0,5.7,26.0,997.0,328.0,H,18,Melbourne,Renault
43,0,HUL,44,0,7,7,7,0,0,35.7,23.9,0.0,3.0,26.3,997.2,327.0,H,19,Melbourne,Renault
44,0,HUL,45,0,7,7,7,0,0,34.0,23.3,0.0,3.1,28.1,997.1,295.0,H,20,Melbourne,Renault
45,0,HUL,46,0,7,7,7,0,0,33.6,24.2,0.0,4.2,28.3,997.0,326.0,H,21,Melbourne,Renault
46,0,HUL,47,0,7,7,7,0,0,33.6,24.2,0.0,4.9,28.5,997.0,290.0,H,22,Melbourne,Renault
47,0,HUL,48,0,7,7,7,0,0,33.6,24.2,0.0,3.4,29.0,997.0,305.0,H,23,Melbourne,Renault
48,0,HUL,49,0,7,7,7,0,0,33.2,24.2,0.0,3.9,29.0,997.2,301.0,H,24,Melbourne,Renault
49,0,HUL,50,0,7,7,7,0,0,33.0,24.2,0.0,3.6,28.7,997.2,297.0,H,25,Melbourne,Renault
50,0,HUL,51,0,7,7,7,0,0,33.2,24.3,0.0,4.1,28.5,997.0,329.0,H,26,Melbourne,Renault
51,0,HUL,52,0,7,7,7,0,0,32.7,24.0,0.0,4.6,31.3,997.2,310.0,H,27,Melbourne,Renault
52,0,HUL,53,0,7,7,7,0,0,32.7,24.1,0.0,4.8,30.6,997.3,300.0,H,28,Melbourne,Renault
53,0,HUL,54,0,7,7,7,0,0,32.7,24.3,1.0,3.7,30.4,997.2,311.0,H,29,Melbourne,Renault
54,0,HUL,55,0,7,7,7,0,0,32.6,24.3,1.0,4.2,30.9,997.2,278.0,H,30,Melbourne,Renault
55,0,HUL,56,0,7,7,7,0,0,32.6,24.3,1.0,4.2,30.9,997.2,278.0,H,31,Melbourne,Renault
56,0,HUL,57,0,7,7,7,0,0,32.6,24.3,1.0,4.2,30.9,997.2,278.0,H,32,Melbourne,Renault
57,0,HUL,58,0,7,7,7,0,0,32.6,24.3,1.0,4.2,30.9,997.2,278.0,H,33,Melbourne,Renault
0,0,RIC,1,0,8,8,8,0,0,38.9,24.2,0.0,4.1,36.3,997.0,307.0,M,3,Melbourne,Red Bull Racing
1,0,RIC,2,0,8,8,8,0,0,36.6,23.8,0.0,2.7,35.7,997.1,210.0,M,4,Melbourne,Red Bull Racing
2,0,RIC,3,0,8,8,8,0,0,36.4,23.5,0.0,2.5,36.3,997.2,267.0,M,5,Melbourne,Red Bull Racing
3,0,RIC,4,0,8,8,8,0,0,36.3,23.4,0.0,2.1,36.5,997.2,283.0,M,6,Melbourne,Red Bull Racing
4,0,RIC,5,0,8,7,8,0,0,37.5,23.8,0.0,2.9,35.6,997.0,297.0,M,7,Melbourne,Red Bull Racing
5,0,RIC,6,1,7,7,8,0,0,37.6,23.9,0.0,4.1,35.4,997.0,334.0,M,8,Melbourne,Red Bull Racing
6,0,RIC,7,1,7,7,8,0,0,38.0,24.1,0.0,4.0,35.1,997.1,283.0,M,9,Melbourne,Red Bull Racing
7,0,RIC,8,0,7,7,8,0,0,36.6,23.9,0.0,1.6,35.6,997.0,0.0,M,10,Melbourne,Red Bull Racing
8,0,RIC,9,0,7,7,8,0,0,36.2,23.9,0.0,1.2,35.6,997.0,354.0,M,11,Melbourne,Red Bull Racing
9,0,RIC,10,1,7,6,8,0,0,36.2,23.9,0.0,2.2,34.8,996.9,278.0,M,12,Melbourne,Red Bull Racing
10,0,RIC,11,0,6,6,8,0,0,37.2,23.7,0.0,2.0,35.6,997.1,270.0,M,13,Melbourne,Red Bull Racing
11,0,RIC,12,0,6,6,8,0,0,37.7,23.9,0.0,2.3,35.2,997.0,211.0,M,14,Melbourne,Red Bull Racing
12,0,RIC,13,0,6,6,8,0,0,38.4,24.3,0.0,2.4,34.4,997.0,294.0,M,15,Melbourne,Red Bull Racing
13,0,RIC,14,0,6,6,8,0,0,38.4,24.4,0.0,3.4,33.8,997.0,275.0,M,16,Melbourne,Red Bull Racing
14,0,RIC,15,0,6,6,8,0,0,38.6,24.2,0.0,3.5,34.0,996.9,289.0,M,17,Melbourne,Red Bull Racing
15,0,RIC,16,0,6,6,8,0,0,38.6,24.0,0.0,2.9,34.4,996.9,294.0,M,18,Melbourne,Red Bull Racing
16,0,RIC,17,0,6,6,8,0,0,38.5,24.1,0.0,3.8,34.5,996.8,349.0,M,19,Melbourne,Red Bull Racing
17,0,RIC,18,0,6,6,8,0,0,38.0,24.2,0.0,3.8,34.4,996.9,282.0,M,20,Melbourne,Red Bull Racing
18,0,RIC,19,0,6,6,8,0,0,37.1,23.7,0.0,2.2,34.4,996.8,318.0,M,21,Melbourne,Red Bull Racing
19,0,RIC,20,0,6,6,8,0,0,36.7,23.7,0.0,2.5,34.6,996.8,278.0,M,22,Melbourne,Red Bull Racing
20,0,RIC,21,0,6,6,8,0,0,36.6,23.7,0.0,3.7,33.4,996.9,290.0,M,23,Melbourne,Red Bull Racing
21,0,RIC,22,0,6,5,8,0,0,37.0,23.9,0.0,2.5,33.8,996.9,317.0,M,24,Melbourne,Red Bull Racing
22,0,RIC,23,0,5,5,8,0,0,38.3,24.5,0.0,4.0,28.7,996.8,300.0,M,25,Melbourne,Red Bull Racing
23,0,RIC,24,1,5,4,8,0,0,38.5,24.7,0.0,4.3,27.0,996.9,300.0,M,26,Melbourne,Red Bull Racing
24,0,RIC,25,1,4,4,8,0,0,38.4,24.8,0.0,5.2,26.5,996.8,295.0,M,27,Melbourne,Red Bull Racing
25,0,RIC,26,2,4,4,8,0,0,38.3,24.8,0.0,4.9,25.9,996.8,286.0,M,28,Melbourne,Red Bull Racing
26,0,RIC,27,2,4,4,8,0,0,38.3,24.6,0.0,5.7,26.0,996.7,289.0,H,0,Melbourne,Red Bull Racing
27,0,RIC,28,2,4,4,8,0,0,38.0,24.4,0.0,6.2,25.6,996.7,303.0,H,1,Melbourne,Red Bull Racing
28,0,RIC,29,2,4,4,8,0,0,37.6,24.2,0.0,5.3,26.0,996.8,312.0,H,2,Melbourne,Red Bull Racing
29,0,RIC,30,2,4,4,8,0,0,37.3,24.2,0.0,4.9,26.4,996.9,300.0,H,3,Melbourne,Red Bull Racing
30,0,RIC,31,2,4,4,8,0,0,37.4,24.3,0.0,4.0,27.4,996.8,313.0,H,4,Melbourne,Red Bull Racing
31,0,RIC,32,0,4,4,8,0,0,36.8,24.2,0.0,6.0,25.7,997.0,333.0,H,5,Melbourne,Red Bull Racing
32,0,RIC,33,0,4,4,8,0,0,36.7,24.0,0.0,5.4,25.9,997.0,292.0,H,6,Melbourne,Red Bull Racing
33,0,RIC,34,0,4,4,8,0,0,36.6,24.1,0.0,2.8,26.1,997.0,309.0,H,7,Melbourne,Red Bull Racing
34,0,RIC,35,0,4,4,8,0,0,36.7,24.2,0.0,6.6,26.1,997.0,312.0,H,8,Melbourne,Red Bull Racing
35,0,RIC,36,0,4,4,8,0,0,36.7,24.0,0.0,3.8,25.6,997.1,273.0,H,9,Melbourne,Red Bull Racing
36,0,RIC,37,0,4,4,8,0,0,36.7,24.0,0.0,4.1,26.0,997.1,308.0,H,10,Melbourne,Red Bull Racing
37,0,RIC,38,0,4,4,8,0,0,36.5,24.1,0.0,5.1,25.7,997.0,306.0,H,11,Melbourne,Red Bull Racing
38,0,RIC,39,0,4,4,8,0,0,36.3,24.0,0.0,3.7,25.7,997.0,254.0,H,12,Melbourne,Red Bull Racing
39,0,RIC,40,0,4,4,8,0,0,36.5,24.0,0.0,4.2,26.0,997.0,306.0,H,13,Melbourne,Red Bull Racing
40,0,RIC,41,0,4,4,8,0,0,36.2,23.9,0.0,5.7,26.0,997.0,328.0,H,14,Melbourne,Red Bull Racing
41,0,RIC,42,0,4,4,8,0,0,35.7,23.8,0.0,4.5,26.6,997.0,306.0,H,15,Melbourne,Red Bull Racing
42,0,RIC,43,0,4,4,8,0,0,34.5,23.5,0.0,4.2,27.1,997.1,330.0,H,16,Melbourne,Red Bull Racing
43,0,RIC,44,0,4,4,8,0,0,34.0,23.3,0.0,3.2,27.9,997.1,295.0,H,17,Melbourne,Red Bull Racing
44,0,RIC,45,0,4,4,8,0,0,34.0,23.3,0.0,3.1,28.1,997.1,295.0,H,18,Melbourne,Red Bull Racing
45,0,RIC,46,0,4,4,8,0,0,33.9,24.2,0.0,3.8,28.3,997.1,302.0,H,19,Melbourne,Red Bull Racing
46,0,RIC,47,0,4,4,8,0,0,33.6,24.2,0.0,4.2,28.3,997.0,326.0,H,20,Melbourne,Red Bull Racing
47,0,RIC,48,0,4,4,8,0,0,33.4,24.1,0.0,4.5,28.7,997.0,325.0,H,21,Melbourne,Red Bull Racing
48,0,RIC,49,0,4,4,8,0,0,33.0,24.2,0.0,3.6,28.7,997.2,297.0,H,22,Melbourne,Red Bull Racing
49,0,RIC,50,0,4,4,8,0,0,33.0,24.2,0.0,2.1,28.7,997.2,326.0,H,23,Melbourne,Red Bull Racing
50,0,RIC,51,0,4,4,8,0,0,33.2,24.2,0.0,3.4,29.1,997.1,291.0,H,24,Melbourne,Red Bull Racing
51,0,RIC,52,0,4,4,8,0,0,33.2,24.3,0.0,4.1,28.5,997.0,329.0,H,25,Melbourne,Red Bull Racing
52,0,RIC,53,0,4,4,8,0,0,33.1,24.2,0.0,4.8,28.8,997.1,294.0,H,26,Melbourne,Red Bull Racing
53,0,RIC,54,0,4,4,8,0,0,32.4,24.0,0.0,5.0,29.8,997.1,291.0,H,27,Melbourne,Red Bull Racing
54,0,RIC,55,0,4,4,8,0,0,32.7,24.0,0.0,4.6,31.3,997.2,310.0,H,28,Melbourne,Red Bull Racing
55,0,RIC,56,0,4,4,8,0,0,32.7,24.1,0.0,4.8,30.6,997.3,300.0,H,29,Melbourne,Red Bull Racing
56,0,RIC,57,0,4,4,8,0,0,32.6,24.3,1.0,4.2,30.9,997.2,278.0,H,30,Melbourne,Red Bull Racing
57,0,RIC,58,0,4,4,8,0,0,32.6,24.3,1.0,4.2,30.9,997.2,278.0,H,31,Melbourne,Red Bull Racing
0,0,SAI,1,0,9,9,9,0,0,38.2,24.2,0.0,3.8,36.3,996.9,296.0,S,3,Melbourne,Renault
1,0,SAI,2,0,9,9,9,0,0,37.1,24.1,0.0,3.7,36.6,997.1,289.0,S,4,Melbourne,Renault
2,0,SAI,3,0,9,9,9,0,0,36.7,23.9,0.0,4.3,36.5,997.1,289.0,S,5,Melbourne,Renault
3,0,SAI,4,0,9,9,9,0,0,36.8,23.9,0.0,2.9,36.3,997.1,255.0,S,6,Melbourne,Renault
4,0,SAI,5,0,9,9,9,0,0,36.6,23.8,0.0,2.7,35.7,997.1,210.0,S,7,Melbourne,Renault
5,0,SAI,6,1,9,9,9,0,0,37.5,23.8,0.0,2.9,35.6,997.0,297.0,S,8,Melbourne,Renault
6,0,SAI,7,1,9,9,9,0,0,38.0,23.9,0.0,2.0,35.9,997.0,294.0,S,9,Melbourne,Renault
7,0,SAI,8,0,9,9,9,0,0,37.1,24.0,0.0,0.9,35.0,997.0,267.0,S,10,Melbourne,Renault
8,0,SAI,9,0,9,9,9,0,0,36.6,23.9,0.0,1.6,35.6,997.0,0.0,S,11,Melbourne,Renault
9,0,SAI,10,1,9,9,9,0,0,37.7,23.9,0.0,2.3,35.2,997.0,211.0,S,12,Melbourne,Renault
10,0,SAI,11,0,9,9,9,0,0,38.1,24.1,0.0,1.1,35.3,997.0,315.0,S,13,Melbourne,Renault
11,0,SAI,12,0,9,9,9,0,0,38.4,24.3,0.0,2.4,34.4,997.0,294.0,S,14,Melbourne,Renault
12,0,SAI,13,0,9,9,9,0,0,38.4,24.4,0.0,3.4,33.8,997.0,275.0,S,15,Melbourne,Renault
13,0,SAI,14,0,9,9,9,0,0,38.6,24.0,0.0,2.9,34.4,996.9,294.0,S,16,Melbourne,Renault
14,0,SAI,15,0,9,9,9,0,0,38.6,24.0,0.0,2.9,35.0,996.8,291.0,S,17,Melbourne,Renault
15,0,SAI,16,0,9,9,9,0,0,38.5,24.1,0.0,3.8,34.5,996.8,349.0,S,18,Melbourne,Renault
16,0,SAI,17,0,9,9,9,0,0,38.4,24.1,0.0,2.4,34.9,996.9,279.0,S,19,Melbourne,Renault
17,0,SAI,18,0,9,9,9,0,0,38.0,24.2,0.0,3.8,34.4,996.9,282.0,S,20,Melbourne,Renault
18,0,SAI,19,0,9,9,9,0,0,37.1,23.7,0.0,2.2,34.4,996.8,318.0,S,21,Melbourne,Renault
19,0,SAI,20,0,9,9,9,0,0,36.7,23.7,0.0,2.5,34.6,996.8,278.0,S,22,Melbourne,Renault
20,0,SAI,21,0,9,8,9,0,0,36.6,23.7,0.0,3.7,33.4,996.9,290.0,S,23,Melbourne,Renault
21,0,SAI,22,0,8,15,9,0,0,37.0,23.9,0.0,2.5,33.8,996.9,317.0,S,24,Melbourne,Renault
22,0,SAI,23,0,15,13,9,0,0,37.8,24.1,0.0,2.9,30.9,996.8,298.0,H,0,Melbourne,Renault
23,0,SAI,24,1,13,12,9,0,0,38.3,24.5,0.0,4.0,28.7,996.8,300.0,H,1,Melbourne,Renault
24,0,SAI,25,1,12,10,9,0,0,38.4,24.5,0.0,3.7,28.1,996.8,320.0,H,2,Melbourne,Renault
25,0,SAI,26,2,10,10,9,0,0,38.5,24.7,0.0,4.3,27.0,996.9,300.0,H,3,Melbourne,Renault
26,0,SAI,27,2,10,10,9,0,0,38.3,24.8,0.0,4.9,25.9,996.8,286.0,H,4,Melbourne,Renault
27,0,SAI,28,2,10,10,9,0,0,38.3,24.6,0.0,5.7,26.0,996.7,289.0,H,5,Melbourne,Renault
28,0,SAI,29,2,10,10,9,0,0,37.5,24.5,0.0,5.2,25.6,996.9,278.0,H,6,Melbourne,Renault
29,0,SAI,30,2,10,10,9,0,0,37.5,24.5,0.0,3.5,26.4,997.0,294.0,H,7,Melbourne,Renault
30,0,SAI,31,2,10,10,9,0,0,37.1,24.5,0.0,4.7,26.4,996.9,282.0,H,8,Melbourne,Renault
31,0,SAI,32,0,10,10,9,0,0,37.0,24.4,0.0,4.5,25.7,997.0,290.0,H,9,Melbourne,Renault
32,0,SAI,33,0,10,10,9,0,0,36.8,24.2,0.0,6.0,25.7,997.0,333.0,H,10,Melbourne,Renault
33,0,SAI,34,0,10,10,9,0,0,36.7,24.0,0.0,5.4,25.9,997.0,292.0,H,11,Melbourne,Renault
34,0,SAI,35,0,10,10,9,0,0,36.6,24.1,0.0,2.8,26.1,997.0,309.0,H,12,Melbourne,Renault
35,0,SAI,36,0,10,10,9,0,0,36.7,24.0,0.0,4.2,25.8,997.0,290.0,H,13,Melbourne,Renault
36,0,SAI,37,0,10,10,9,0,0,36.7,24.0,0.0,4.1,26.0,997.1,308.0,H,14,Melbourne,Renault
37,0,SAI,38,0,10,10,9,0,0,36.5,24.1,0.0,5.1,25.7,997.0,306.0,H,15,Melbourne,Renault
38,0,SAI,39,0,10,10,9,0,0,36.3,24.0,0.0,3.7,25.7,997.0,254.0,H,16,Melbourne,Renault
39,0,SAI,40,0,10,10,9,0,0,35.7,23.9,0.0,3.0,26.3,997.2,327.0,H,17,Melbourne,Renault
40,0,SAI,41,0,10,10,9,0,0,34.5,23.5,0.0,4.2,27.1,997.1,330.0,H,18,Melbourne,Renault
41,0,SAI,42,0,10,10,9,0,0,34.0,23.3,0.0,3.2,27.9,997.1,295.0,H,19,Melbourne,Renault
42,0,SAI,43,0,10,10,9,0,0,34.0,23.3,0.0,3.1,28.1,997.1,295.0,H,20,Melbourne,Renault
43,0,SAI,44,0,10,10,9,0,0,33.9,24.2,0.0,3.8,28.3,997.1,302.0,H,21,Melbourne,Renault
44,0,SAI,45,0,10,10,9,0,0,33.6,24.2,0.0,4.2,28.3,997.0,326.0,H,22,Melbourne,Renault
45,0,SAI,46,0,10,10,9,0,0,33.6,24.1,0.0,3.4,28.7,997.1,311.0,H,23,Melbourne,Renault
46,0,SAI,47,0,10,10,9,0,0,33.4,24.1,0.0,4.5,28.7,997.0,325.0,H,24,Melbourne,Renault
47,0,SAI,48,0,10,10,9,0,0,33.4,24.2,0.0,5.4,28.5,997.1,313.0,H,25,Melbourne,Renault
48,0,SAI,49,0,10,10,9,0,0,33.2,24.1,0.0,4.6,28.8,997.1,310.0,H,26,Melbourne,Renault
49,0,SAI,50,0,10,10,9,0,0,33.2,24.2,0.0,3.9,29.0,997.2,301.0,H,27,Melbourne,Renault
50,0,SAI,51,0,10,10,9,0,0,33.0,24.2,0.0,2.1,28.7,997.2,326.0,H,28,Melbourne,Renault
51,0,SAI,52,0,10,10,9,0,0,32.8,24.1,0.0,6.9,29.3,997.0,297.0,H,29,Melbourne,Renault
52,0,SAI,53,0,10,10,9,0,0,32.4,24.0,0.0,5.0,29.8,997.1,291.0,H,30,Melbourne,Renault
53,0,SAI,54,0,10,10,9,0,0,32.4,24.0,0.0,5.3,30.3,997.2,316.0,H,31,Melbourne,Renault
54,0,SAI,55,0,10,10,9,0,0,32.6,24.3,1.0,4.2,30.9,997.2,278.0,H,32,Melbourne,Renault
55,0,SAI,56,0,10,10,9,0,0,32.6,24.3,1.0,4.2,30.9,997.2,278.0,H,33,Melbourne,Renault
56,0,SAI,57,0,10,10,9,0,0,32.6,24.3,1.0,4.2,30.9,997.2,278.0,H,34,Melbourne,Renault
57,0,SAI,58,0,10,10,9,0,0,32.6,24.3,1.0,4.2,30.9,997.2,278.0,H,35,Melbourne,Renault
0,0,ALO,1,0,10,10,10,0,0,38.8,24.2,0.0,2.0,36.5,997.1,306.0,S,0,Melbourne,McLaren
1,0,ALO,2,0,10,10,10,0,0,38.9,24.2,0.0,4.1,36.3,997.0,307.0,S,1,Melbourne,McLaren
2,0,ALO,3,0,10,10,10,0,0,38.2,24.2,0.0,3.8,36.3,996.9,296.0,S,2,Melbourne,McLaren
3,0,ALO,4,0,10,10,10,0,0,37.1,24.1,0.0,3.7,36.6,997.1,289.0,S,3,Melbourne,McLaren
4,0,ALO,5,0,10,10,10,0,0,36.7,23.9,0.0,4.3,36.5,997.1,289.0,S,4,Melbourne,McLaren
5,0,ALO,6,1,10,10,10,0,0,36.8,23.9,0.0,2.9,36.3,997.1,255.0,S,5,Melbourne,McLaren
6,0,ALO,7,1,10,10,10,0,0,36.6,23.8,0.0,2.7,35.7,997.1,210.0,S,6,Melbourne,McLaren
7,0,ALO,8,0,10,10,10,0,0,36.4,23.5,0.0,2.5,36.3,997.2,267.0,S,7,Melbourne,McLaren
8,0,ALO,9,0,10,10,10,0,0,36.3,23.4,0.0,2.1,36.5,997.2,283.0,S,8,Melbourne,McLaren
9,0,ALO,10,1,10,10,10,0,0,36.2,23.5,0.0,3.5,36.6,997.0,295.0,S,9,Melbourne,McLaren
10,0,ALO,11,0,10,10,10,0,0,36.4,23.5,0.0,3.4,36.7,997.1,301.0,S,10,Melbourne,McLaren
11,0,ALO,12,0,10,10,10,0,0,38.0,23.9,0.0,2.0,35.9,997.0,294.0,S,11,Melbourne,McLaren
12,0,ALO,13,0,10,10,10,0,0,38.0,24.1,0.0,4.0,35.1,997.1,283.0,S,12,Melbourne,McLaren
13,0,ALO,14,0,10,10,10,0,0,38.4,24.0,0.0,3.3,35.1,997.0,326.0,S,13,Melbourne,McLaren
14,0,ALO,15,0,10,10,10,0,0,36.6,23.9,0.0,1.6,35.6,997.0,0.0,S,14,Melbourne,McLaren
15,0,ALO,16,0,10,10,10,0,0,36.3,23.9,0.0,1.5,35.6,997.0,283.0,S,15,Melbourne,McLaren
16,0,ALO,17,0,10,10,10,0,0,36.2,23.9,0.0,2.2,34.8,996.9,278.0,S,16,Melbourne,McLaren
17,0,ALO,18,0,10,10,10,0,0,37.2,23.7,0.0,2.0,35.6,997.1,270.0,S,17,Melbourne,McLaren
18,0,ALO,19,0,10,10,10,0,0,38.1,24.1,0.0,1.1,35.3,997.0,315.0,S,18,Melbourne,McLaren
19,0,ALO,20,0,10,10,10,0,0,38.4,24.3,0.0,2.4,34.4,997.0,294.0,S,19,Melbourne,McLaren
20,0,ALO,21,0,10,9,10,0,0,38.6,24.2,0.0,3.5,34.0,996.9,289.0,S,20,Melbourne,McLaren
21,0,ALO,22,0,9,7,10,0,0,38.6,24.0,0.0,2.9,35.0,996.8,291.0,S,21,Melbourne,McLaren
22,0,ALO,23,0,7,7,10,0,0,38.5,24.1,0.0,3.8,34.5,996.8,349.0,S,22,Melbourne,McLaren
23,0,ALO,24,1,7,5,10,0,0,38.3,24.1,0.0,3.2,34.5,996.8,292.0,S,23,Melbourne,McLaren
24,0,ALO,25,1,5,5,10,0,0,37.8,23.9,0.0,2.5,34.9,996.7,279.0,S,24,Melbourne,McLaren
25,0,ALO,26,2,5,5,10,0,0,36.7,23.7,0.0,2.5,34.6,996.8,278.0,S,25,Melbourne,McLaren
26,0,ALO,27,2,5,6,10,0,0,37.0,23.9,0.0,2.5,33.8,996.9,317.0,H,0,Melbourne,McLaren
27,0,ALO,28,2,6,6,10,0,0,37.8,24.1,0.0,2.9,30.9,996.8,298.0,H,1,Melbourne,McLaren
28,0,ALO,29,2,6,6,10,0,0,38.4,24.5,0.0,3.7,28.1,996.8,320.0,H,2,Melbourne,McLaren
29,0,ALO,30,2,6,6,10,0,0,38.0,24.4,0.0,6.2,25.6,996.7,303.0,H,3,Melbourne,McLaren
30,0,ALO,31,2,6,5,10,0,0,37.6,24.2,0.0,5.3,26.0,996.8,312.0,H,4,Melbourne,McLaren
31,0,ALO,32,0,5,5,10,0,0,37.4,24.4,0.0,3.6,27.8,996.9,318.0,H,5,Melbourne,McLaren
32,0,ALO,33,0,5,5,10,0,0,37.5,24.5,0.0,5.2,25.6,996.9,278.0,H,6,Melbourne,McLaren
33,0,ALO,34,0,5,5,10,0,0,37.5,24.5,0.0,3.5,26.4,997.0,294.0,H,7,Melbourne,McLaren
34,0,ALO,35,0,5,5,10,0,0,37.1,24.5,0.0,4.7,26.4,996.9,282.0,H,8,Melbourne,McLaren
35,0,ALO,36,0,5,5,10,0,0,37.0,24.4,0.0,4.5,25.7,997.0,290.0,H,9,Melbourne,McLaren
36,0,ALO,37,0,5,5,10,0,0,36.7,24.2,0.0,6.6,26.1,997.0,312.0,H,10,Melbourne,McLaren
37,0,ALO,38,0,5,5,10,0,0,36.5,24.0,0.0,3.8,26.5,997.1,292.0,H,11,Melbourne,McLaren
38,0,ALO,39,0,5,5,10,0,0,36.5,24.1,0.0,5.1,25.7,997.0,306.0,H,12,Melbourne,McLaren
39,0,ALO,40,0,5,5,10,0,0,36.3,24.0,0.0,3.7,25.7,997.0,254.0,H,13,Melbourne,McLaren
40,0,ALO,41,0,5,5,10,0,0,36.5,24.0,0.0,4.2,26.0,997.0,306.0,H,14,Melbourne,McLaren
41,0,ALO,42,0,5,5,10,0,0,36.5,24.0,0.0,5.3,25.6,997.1,294.0,H,15,Melbourne,McLaren
42,0,ALO,43,0,5,5,10,0,0,35.7,23.9,0.0,3.0,26.3,997.2,327.0,H,16,Melbourne,McLaren
43,0,ALO,44,0,5,5,10,0,0,35.7,23.8,0.0,4.5,26.6,997.0,306.0,H,17,Melbourne,McLaren
44,0,ALO,45,0,5,5,10,0,0,34.3,23.4,0.0,5.0,27.5,997.0,284.0,H,18,Melbourne,McLaren
45,0,ALO,46,0,5,5,10,0,0,34.0,23.3,0.0,3.1,28.1,997.1,295.0,H,19,Melbourne,McLaren
46,0,ALO,47,0,5,5,10,0,0,33.6,24.2,0.0,4.2,28.3,997.0,326.0,H,20,Melbourne,McLaren
47,0,ALO,48,0,5,5,10,0,0,33.6,24.1,0.0,3.4,28.7,997.1,311.0,H,21,Melbourne,McLaren
48,0,ALO,49,0,5,5,10,0,0,33.4,24.1,0.0,4.5,28.7,997.0,325.0,H,22,Melbourne,McLaren
49,0,ALO,50,0,5,5,10,0,0,33.4,24.2,0.0,5.4,28.5,997.1,313.0,H,23,Melbourne,McLaren
50,0,ALO,51,0,5,5,10,0,0,33.2,24.2,0.0,3.9,29.0,997.2,301.0,H,24,Melbourne,McLaren
51,0,ALO,52,0,5,5,10,0,0,33.0,24.2,0.0,2.1,28.7,997.2,326.0,H,25,Melbourne,McLaren
52,0,ALO,53,0,5,5,10,0,0,33.2,24.3,0.0,4.1,28.5,997.0,329.0,H,26,Melbourne,McLaren
53,0,ALO,54,0,5,5,10,0,0,33.1,24.2,0.0,4.8,28.8,997.1,294.0,H,27,Melbourne,McLaren
54,0,ALO,55,0,5,5,10,0,0,32.7,24.0,0.0,4.6,31.3,997.2,310.0,H,28,Melbourne,McLaren
55,0,ALO,56,0,5,5,10,0,0,32.7,24.1,0.0,4.8,30.6,997.3,300.0,H,29,Melbourne,McLaren
56,0,ALO,57,0,5,5,10,0,0,32.7,24.3,1.0,3.7,30.4,997.2,311.0,H,30,Melbourne,McLaren
57,0,ALO,58,0,5,5,10,0,0,32.6,24.3,1.0,4.2,30.9,997.2,278.0,H,31,Melbourne,McLaren
0,0,VAN,1,0,11,11,11,0,0,38.9,24.2,0.0,4.1,36.3,997.0,307.0,S,0,Melbourne,McLaren
1,0,VAN,2,0,11,11,11,0,0,38.2,24.2,0.0,3.8,36.3,996.9,296.0,S,1,Melbourne,McLaren
2,0,VAN,3,0,11,11,11,0,0,37.1,24.1,0.0,3.7,36.6,997.1,289.0,S,2,Melbourne,McLaren
3,0,VAN,4,0,11,11,11,0,0,36.6,23.8,0.0,2.7,35.7,997.1,210.0,S,3,Melbourne,McLaren
4,0,VAN,5,0,11,11,11,0,0,36.4,23.5,0.0,2.5,36.3,997.2,267.0,S,4,Melbourne,McLaren
5,0,VAN,6,1,11,11,11,0,0,36.2,23.5,0.0,3.5,36.6,997.0,295.0,S,5,Melbourne,McLaren
6,0,VAN,7,1,11,11,11,0,0,36.4,23.5,0.0,3.4,36.7,997.1,301.0,S,6,Melbourne,McLaren
7,0,VAN,8,0,11,11,11,0,0,38.0,23.9,0.0,2.0,35.9,997.0,294.0,S,7,Melbourne,McLaren
8,0,VAN,9,0,11,11,11,0,0,38.4,24.0,0.0,3.3,35.1,997.0,326.0,S,8,Melbourne,McLaren
9,0,VAN,10,1,11,11,11,0,0,37.1,24.0,0.0,0.9,35.0,997.0,267.0,S,9,Melbourne,McLaren
10,0,VAN,11,0,11,11,11,0,0,36.2,23.9,0.0,1.2,35.6,997.0,354.0,S,10,Melbourne,McLaren
11,0,VAN,12,0,11,11,11,0,0,37.2,23.7,0.0,2.0,35.6,997.1,270.0,S,11,Melbourne,McLaren
12,0,VAN,13,0,11,11,11,0,0,37.7,23.9,0.0,2.3,35.2,997.0,211.0,S,12,Melbourne,McLaren
13,0,VAN,14,0,11,11,11,0,0,38.1,24.1,0.0,1.1,35.3,997.0,315.0,S,13,Melbourne,McLaren
14,0,VAN,15,0,11,11,11,0,0,38.4,24.3,0.0,2.4,34.4,997.0,294.0,S,14,Melbourne,McLaren
15,0,VAN,16,0,11,11,11,0,0,38.4,24.4,0.0,3.4,33.8,997.0,275.0,S,15,Melbourne,McLaren
16,0,VAN,17,0,11,11,11,0,0,38.6,24.0,0.0,2.9,35.0,996.8,291.0,S,16,Melbourne,McLaren
17,0,VAN,18,0,11,11,11,0,0,38.5,24.1,0.0,3.8,34.5,996.8,349.0,S,17,Melbourne,McLaren
18,0,VAN,19,0,11,11,11,0,0,38.3,24.1,0.0,3.2,34.5,996.8,292.0,S,18,Melbourne,McLaren
19,0,VAN,20,0,11,11,11,0,0,38.3,24.1,0.0,3.2,34.5,996.8,292.0,S,19,Melbourne,McLaren
20,0,VAN,21,0,11,10,11,0,0,38.4,24.1,0.0,2.4,34.9,996.9,279.0,S,20,Melbourne,McLaren
21,0,VAN,22,0,10,8,11,0,0,38.0,24.2,0.0,3.8,34.4,996.9,282.0,S,21,Melbourne,McLaren
22,0,VAN,23,0,8,8,11,0,0,36.6,23.7,0.0,3.7,33.4,996.9,290.0,S,22,Melbourne,McLaren
23,0,VAN,24,1,8,6,11,0,0,37.0,23.9,0.0,2.5,33.8,996.9,317.0,S,23,Melbourne,McLaren
24,0,VAN,25,1,6,7,11,0,0,38.3,24.5,0.0,4.0,28.7,996.8,300.0,S,24,Melbourne,McLaren
25,0,VAN,26,2,7,8,11,0,0,38.0,24.4,0.0,6.2,25.6,996.7,303.0,M,0,Melbourne,McLaren
26,0,VAN,27,2,8,8,11,0,0,37.6,24.2,0.0,5.3,26.0,996.8,312.0,M,1,Melbourne,McLaren
27,0,VAN,28,2,8,8,11,0,0,37.3,24.3,0.0,2.9,26.8,996.9,297.0,M,2,Melbourne,McLaren
28,0,VAN,29,2,8,8,11,0,0,37.4,24.3,0.0,4.0,27.4,996.8,313.0,M,3,Melbourne,McLaren
29,0,VAN,30,2,8,8,11,0,0,37.5,24.5,0.0,4.3,27.2,997.0,290.0,M,4,Melbourne,McLaren
30,0,VAN,31,2,8,8,11,0,0,37.5,24.5,0.0,5.2,25.6,996.9,278.0,M,5,Melbourne,McLaren
31,0,VAN,32,0,8,8,11,0,0,37.1,24.5,0.0,4.7,26.4,996.9,282.0,M,6,Melbourne,McLaren
32,0,VAN,33,0,8,8,11,0,0,37.0,24.4,0.0,4.5,25.7,997.0,290.0,M,7,Melbourne,McLaren
33,0,VAN,34,0,8,8,11,0,0,36.5,24.0,0.0,3.8,26.5,997.1,292.0,M,8,Melbourne,McLaren
34,0,VAN,35,0,8,9,11,0,0,36.7,24.0,0.0,4.2,25.8,997.0,290.0,M,9,Melbourne,McLaren
35,0,VAN,36,0,9,9,11,0,0,36.7,24.0,0.0,4.1,26.0,997.1,308.0,M,10,Melbourne,McLaren
36,0,VAN,37,0,9,9,11,0,0,36.5,24.1,0.0,5.1,25.7,997.0,306.0,M,11,Melbourne,McLaren
37,0,VAN,38,0,9,9,11,0,0,36.3,24.0,0.0,3.7,25.7,997.0,254.0,M,12,Melbourne,McLaren
38,0,VAN,39,0,9,9,11,0,0,36.5,24.0,0.0,4.2,26.0,997.0,306.0,M,13,Melbourne,McLaren
39,0,VAN,40,0,9,9,11,0,0,36.5,24.0,0.0,5.3,25.6,997.1,294.0,M,14,Melbourne,McLaren
40,0,VAN,41,0,9,9,11,0,0,36.2,23.9,0.0,5.7,26.0,997.0,328.0,M,15,Melbourne,McLaren
41,0,VAN,42,0,9,9,11,0,0,35.7,23.9,0.0,3.0,26.3,997.2,327.0,M,16,Melbourne,McLaren
42,0,VAN,43,0,9,9,11,0,0,35.7,23.8,0.0,4.5,26.6,997.0,306.0,M,17,Melbourne,McLaren
43,0,VAN,44,0,9,9,11,0,0,34.5,23.5,0.0,4.2,27.1,997.1,330.0,M,18,Melbourne,McLaren
44,0,VAN,45,0,9,9,11,0,0,34.0,23.3,0.0,3.2,27.9,997.1,295.0,M,19,Melbourne,McLaren
45,0,VAN,46,0,9,9,11,0,0,34.0,23.3,0.0,3.1,28.1,997.1,295.0,M,20,Melbourne,McLaren
46,0,VAN,47,0,9,9,11,0,0,33.6,24.2,0.0,4.9,28.5,997.0,290.0,M,21,Melbourne,McLaren
47,0,VAN,48,0,9,9,11,0,0,33.6,24.2,0.0,3.4,29.0,997.0,305.0,M,22,Melbourne,McLaren
48,0,VAN,49,0,9,9,11,0,0,33.2,24.2,0.0,3.9,29.0,997.2,301.0,M,23,Melbourne,McLaren
49,0,VAN,50,0,9,9,11,0,0,33.0,24.2,0.0,2.1,28.7,997.2,326.0,M,24,Melbourne,McLaren
50,0,VAN,51,0,9,9,11,0,0,33.1,24.2,0.0,4.8,28.8,997.1,294.0,M,25,Melbourne,McLaren
51,0,VAN,52,0,9,9,11,0,0,32.8,24.1,0.0,6.9,29.3,997.0,297.0,M,26,Melbourne,McLaren
52,0,VAN,53,0,9,9,11,0,0,32.4,24.0,0.0,5.0,29.8,997.1,291.0,M,27,Melbourne,McLaren
53,0,VAN,54,0,9,9,11,0,0,32.5,23.9,0.0,4.8,30.7,997.2,314.0,M,28,Melbourne,McLaren
54,0,VAN,55,0,9,9,11,0,0,32.7,24.1,0.0,4.8,30.6,997.3,300.0,M,29,Melbourne,McLaren
55,0,VAN,56,0,9,9,11,0,0,32.7,24.3,1.0,3.7,30.4,997.2,311.0,M,30,Melbourne,McLaren
56,0,VAN,57,0,9,9,11,0,0,32.6,24.3,1.0,4.2,30.9,997.2,278.0,M,31,Melbourne,McLaren
57,0,VAN,58,0,9,9,11,0,0,32.6,24.3,1.0,4.2,30.9,997.2,278.0,M,32,Melbourne,McLaren
0,0,PER,1,0,12,12,12,0,0,38.9,24.2,0.0,4.1,36.3,997.0,307.0,S,0,Melbourne,Force India
1,0,PER,2,0,12,12,12,0,0,36.7,23.9,0.0,4.3,36.5,997.1,289.0,S,1,Melbourne,Force India
2,0,PER,3,0,12,12,12,0,0,36.6,23.8,0.0,2.7,35.7,997.1,210.0,S,2,Melbourne,Force India
3,0,PER,4,0,12,12,12,0,0,36.4,23.5,0.0,2.5,36.3,997.2,267.0,S,3,Melbourne,Force India
4,0,PER,5,0,12,12,12,0,0,36.4,23.5,0.0,3.4,36.7,997.1,301.0,S,4,Melbourne,Force India
5,0,PER,6,1,12,12,12,0,0,37.5,23.8,0.0,2.9,35.6,997.0,297.0,S,5,Melbourne,Force India
6,0,PER,7,1,12,12,12,0,0,38.0,23.9,0.0,2.0,35.9,997.0,294.0,S,6,Melbourne,Force India
7,0,PER,8,0,12,12,12,0,0,37.1,24.0,0.0,0.9,35.0,997.0,267.0,S,7,Melbourne,Force India
8,0,PER,9,0,12,12,12,0,0,36.2,23.9,0.0,1.2,35.6,997.0,354.0,S,8,Melbourne,Force India
9,0,PER,10,1,12,12,12,0,0,36.2,23.9,0.0,2.2,34.8,996.9,278.0,S,9,Melbourne,Force India
10,0,PER,11,0,12,12,12,0,0,38.1,24.1,0.0,1.1,35.3,997.0,315.0,S,10,Melbourne,Force India
11,0,PER,12,0,12,12,12,0,0,38.4,24.4,0.0,3.4,33.8,997.0,275.0,S,11,Melbourne,Force India
12,0,PER,13,0,12,12,12,0,0,38.6,24.0,0.0,2.9,35.0,996.8,291.0,S,12,Melbourne,Force India
13,0,PER,14,0,12,12,12,0,0,38.5,24.1,0.0,3.8,34.5,996.8,349.0,S,13,Melbourne,Force India
14,0,PER,15,0,12,12,12,0,0,38.3,24.1,0.0,3.2,34.5,996.8,292.0,S,14,Melbourne,Force India
15,0,PER,16,0,12,12,12,0,0,38.4,24.1,0.0,2.4,34.9,996.9,279.0,S,15,Melbourne,Force India
16,0,PER,17,0,12,12,12,0,0,37.8,23.9,0.0,2.5,34.9,996.7,279.0,S,16,Melbourne,Force India
17,0,PER,18,0,12,12,12,0,0,37.0,23.9,0.0,2.5,33.8,996.9,317.0,S,17,Melbourne,Force India
18,0,PER,19,0,12,12,12,0,0,37.8,24.1,0.0,2.9,30.9,996.8,298.0,S,18,Melbourne,Force India
19,0,PER,20,0,12,12,12,0,0,38.3,24.5,0.0,4.0,28.7,996.8,300.0,S,19,Melbourne,Force India
20,0,PER,21,0,12,11,12,0,0,38.2,24.6,0.0,3.4,28.1,996.7,300.0,S,20,Melbourne,Force India
21,0,PER,22,0,11,10,12,0,0,38.3,24.8,0.0,4.9,25.9,996.8,286.0,S,21,Melbourne,Force India
22,0,PER,23,0,10,9,12,0,0,38.3,24.6,0.0,5.7,26.0,996.7,289.0,S,22,Melbourne,Force India
23,0,PER,24,1,9,13,12,0,0,38.0,24.4,0.0,6.2,25.6,996.7,303.0,S,23,Melbourne,Force India
24,0,PER,25,1,13,11,12,0,0,37.6,24.2,0.0,5.3,26.0,996.8,312.0,H,0,Melbourne,Force India
25,0,PER,26,2,11,11,12,0,0,37.3,24.2,0.0,4.9,26.4,996.9,300.0,H,1,Melbourne,Force India
26,0,PER,27,2,11,11,12,0,0,37.3,24.3,0.0,2.9,26.8,996.9,297.0,H,2,Melbourne,Force India
27,0,PER,28,2,11,11,12,0,0,37.4,24.3,0.0,4.0,27.4,996.8,313.0,H,3,Melbourne,Force India
28,0,PER,29,2,11,11,12,0,0,37.4,24.4,0.0,3.6,27.8,996.9,318.0,H,4,Melbourne,Force India
29,0,PER,30,2,11,11,12,0,0,37.5,24.5,0.0,4.3,27.2,997.0,290.0,H,5,Melbourne,Force India
30,0,PER,31,2,11,11,12,0,0,37.5,24.5,0.0,3.5,26.4,997.0,294.0,H,6,Melbourne,Force India
31,0,PER,32,0,11,11,12,0,0,37.0,24.4,0.0,4.5,25.7,997.0,290.0,H,7,Melbourne,Force India
32,0,PER,33,0,11,11,12,0,0,36.8,24.2,0.0,6.0,25.7,997.0,333.0,H,8,Melbourne,Force India
33,0,PER,34,0,11,11,12,0,0,36.7,24.2,0.0,6.6,26.1,997.0,312.0,H,9,Melbourne,Force India
34,0,PER,35,0,11,11,12,0,0,36.7,24.0,0.0,3.8,25.6,997.1,273.0,H,10,Melbourne,Force India
35,0,PER,36,0,11,11,12,0,0,36.5,24.0,0.0,3.8,26.5,997.1,292.0,H,11,Melbourne,Force India
36,0,PER,37,0,11,11,12,0,0,36.7,24.0,0.0,4.1,26.0,997.1,308.0,H,12,Melbourne,Force India
37,0,PER,38,0,11,11,12,0,0,36.5,24.1,0.0,5.1,25.7,997.0,306.0,H,13,Melbourne,Force India
38,0,PER,39,0,11,11,12,0,0,34.5,23.5,0.0,4.2,27.1,997.1,330.0,H,14,Melbourne,Force India
39,0,PER,40,0,11,11,12,0,0,34.0,23.3,0.0,3.2,27.9,997.1,295.0,H,15,Melbourne,Force India
40,0,PER,41,0,11,11,12,0,0,34.0,23.3,0.0,3.1,28.1,997.1,295.0,H,16,Melbourne,Force India
41,0,PER,42,0,11,11,12,0,0,33.9,24.2,0.0,3.8,28.3,997.1,302.0,H,17,Melbourne,Force India
42,0,PER,43,0,11,11,12,0,0,33.6,24.2,0.0,4.2,28.3,997.0,326.0,H,18,Melbourne,Force India
43,0,PER,44,0,11,11,12,0,0,33.6,24.2,0.0,4.9,28.5,997.0,290.0,H,19,Melbourne,Force India
44,0,PER,45,0,11,11,12,0,0,33.6,24.2,0.0,3.4,29.0,997.0,305.0,H,20,Melbourne,Force India
45,0,PER,46,0,11,11,12,0,0,33.4,24.2,0.0,5.4,28.5,997.1,313.0,H,21,Melbourne,Force India
46,0,PER,47,0,11,11,12,0,0,33.2,24.1,0.0,4.6,28.8,997.1,310.0,H,22,Melbourne,Force India
47,0,PER,48,0,11,11,12,0,0,33.2,24.2,0.0,3.9,29.0,997.2,301.0,H,23,Melbourne,Force India
48,0,PER,49,0,11,11,12,0,0,33.0,24.2,0.0,3.6,28.7,997.2,297.0,H,24,Melbourne,Force India
49,0,PER,50,0,11,11,12,0,0,33.0,24.2,0.0,2.1,28.7,997.2,326.0,H,25,Melbourne,Force India
50,0,PER,51,0,11,11,12,0,0,33.2,24.2,0.0,3.4,29.1,997.1,291.0,H,26,Melbourne,Force India
51,0,PER,52,0,11,11,12,0,0,33.2,24.3,0.0,4.1,28.5,997.0,329.0,H,27,Melbourne,Force India
52,0,PER,53,0,11,11,12,0,0,33.1,24.2,0.0,4.8,28.8,997.1,294.0,H,28,Melbourne,Force India
53,0,PER,54,0,11,11,12,0,0,32.4,24.0,0.0,5.3,30.3,997.2,316.0,H,29,Melbourne,Force India
54,0,PER,55,0,11,11,12,0,0,32.7,24.0,0.0,4.6,31.3,997.2,310.0,H,30,Melbourne,Force India
55,0,PER,56,0,11,11,12,0,0,32.6,24.3,1.0,4.2,30.9,997.2,278.0,H,31,Melbourne,Force India
56,0,PER,57,0,11,11,12,0,0,32.6,24.3,1.0,4.2,30.9,997.2,278.0,H,32,Melbourne,Force India
57,0,PER,58,0,11,11,12,0,0,32.6,24.3,1.0,4.2,30.9,997.2,278.0,H,33,Melbourne,Force India
0,0,STR,1,0,14,14,14,0,0,38.8,24.2,0.0,2.0,36.5,997.1,306.0,M,0,Melbourne,Williams
1,0,STR,2,0,14,14,14,0,0,38.9,24.2,0.0,4.1,36.3,997.0,307.0,M,1,Melbourne,Williams
2,0,STR,3,0,14,14,14,0,0,37.1,24.1,0.0,3.7,36.6,997.1,289.0,M,2,Melbourne,Williams
3,0,STR,4,0,14,15,14,0,0,36.7,23.9,0.0,4.3,36.5,997.1,289.0,M,3,Melbourne,Williams
4,0,STR,5,0,15,15,14,0,0,36.6,23.8,0.0,2.7,35.7,997.1,210.0,M,4,Melbourne,Williams
5,0,STR,6,1,15,15,14,0,0,36.4,23.5,0.0,2.5,36.3,997.2,267.0,M,5,Melbourne,Williams
6,0,STR,7,1,15,15,14,0,0,37.5,23.8,0.0,2.9,35.6,997.0,297.0,M,6,Melbourne,Williams
7,0,STR,8,0,15,15,14,0,0,37.6,23.9,0.0,4.1,35.4,997.0,334.0,M,7,Melbourne,Williams
8,0,STR,9,0,15,15,14,0,0,38.0,23.9,0.0,2.0,35.9,997.0,294.0,M,8,Melbourne,Williams
9,0,STR,10,1,15,15,14,0,0,38.0,24.1,0.0,4.0,35.1,997.1,283.0,M,9,Melbourne,Williams
10,0,STR,11,0,15,15,14,0,0,37.9,23.9,0.0,2.4,35.3,997.0,297.0,M,10,Melbourne,Williams
11,0,STR,12,0,15,15,14,0,0,37.1,24.0,0.0,0.9,35.0,997.0,267.0,M,11,Melbourne,Williams
12,0,STR,13,0,15,15,14,0,0,36.6,23.9,0.0,1.6,35.6,997.0,0.0,M,12,Melbourne,Williams
13,0,STR,14,0,15,15,14,0,0,36.3,23.9,0.0,1.5,35.6,997.0,283.0,M,13,Melbourne,Williams
14,0,STR,15,0,15,15,14,0,0,36.2,23.9,0.0,1.2,35.6,997.0,354.0,M,14,Melbourne,Williams
15,0,STR,16,0,15,15,14,0,0,37.2,23.7,0.0,2.0,35.6,997.1,270.0,M,15,Melbourne,Williams
16,0,STR,17,0,15,15,14,0,0,37.7,23.9,0.0,2.3,35.2,997.0,211.0,M,16,Melbourne,Williams
17,0,STR,18,0,15,15,14,0,0,38.1,24.1,0.0,1.1,35.3,997.0,315.0,M,17,Melbourne,Williams
18,0,STR,19,0,15,15,14,0,0,38.4,24.4,0.0,3.4,33.8,997.0,275.0,M,18,Melbourne,Williams
19,0,STR,20,0,15,15,14,0,0,38.6,24.2,0.0,3.5,34.0,996.9,289.0,M,19,Melbourne,Williams
20,0,STR,21,0,15,15,14,0,0,38.5,24.1,0.0,3.8,34.5,996.8,349.0,M,20,Melbourne,Williams
21,0,STR,22,0,15,14,14,0,0,38.0,24.2,0.0,3.8,34.4,996.9,282.0,M,21,Melbourne,Williams
22,0,STR,23,0,14,12,14,0,0,37.8,23.9,0.0,2.5,34.9,996.7,279.0,M,22,Melbourne,Williams
23,0,STR,24,1,12,11,14,0,0,36.7,23.7,0.0,2.5,34.6,996.8,278.0,M,23,Melbourne,Williams
24,0,STR,25,1,11,13,14,0,0,36.6,23.7,0.0,3.7,33.4,996.9,290.0,M,24,Melbourne,Williams
25,0,STR,26,2,13,13,14,0,0,37.8,24.1,0.0,2.9,30.9,996.8,298.0,H,0,Melbourne,Williams
26,0,STR,27,2,13,13,14,0,0,38.5,24.7,0.0,4.3,27.0,996.9,300.0,H,1,Melbourne,Williams
27,0,STR,28,2,13,13,14,0,0,38.4,24.8,0.0,5.2,26.5,996.8,295.0,H,2,Melbourne,Williams
28,0,STR,29,2,13,13,14,0,0,38.3,24.8,0.0,4.9,25.9,996.8,286.0,H,3,Melbourne,Williams
29,0,STR,30,2,13,13,14,0,0,38.0,24.4,0.0,6.2,25.6,996.7,303.0,S,0,Melbourne,Williams
30,0,STR,31,2,13,13,14,0,0,37.3,24.2,0.0,3.9,26.2,996.8,301.0,S,1,Melbourne,Williams
31,0,STR,32,0,13,14,14,0,0,37.3,24.2,0.0,4.9,26.4,996.9,300.0,S,2,Melbourne,Williams
32,0,STR,33,0,14,14,14,0,0,37.3,24.3,0.0,2.9,26.8,996.9,297.0,S,3,Melbourne,Williams
33,0,STR,34,0,14,14,14,0,0,37.5,24.5,0.0,4.3,27.2,997.0,290.0,S,4,Melbourne,Williams
34,0,STR,35,0,14,14,14,0,0,37.5,24.5,0.0,3.5,26.4,997.0,294.0,S,5,Melbourne,Williams
35,0,STR,36,0,14,14,14,0,0,37.1,24.5,0.0,4.7,26.4,996.9,282.0,S,6,Melbourne,Williams
36,0,STR,37,0,14,14,14,0,0,36.8,24.2,0.0,6.0,25.7,997.0,333.0,S,7,Melbourne,Williams
37,0,STR,38,0,14,14,14,0,0,36.7,24.0,0.0,5.4,25.9,997.0,292.0,S,8,Melbourne,Williams
38,0,STR,39,0,14,14,14,0,0,36.5,24.0,0.0,3.8,26.5,997.1,292.0,S,9,Melbourne,Williams
39,0,STR,40,0,14,14,14,0,0,36.7,24.0,0.0,4.2,25.8,997.0,290.0,S,10,Melbourne,Williams
40,0,STR,41,0,14,14,14,0,0,36.5,24.1,0.0,5.1,25.7,997.0,306.0,S,11,Melbourne,Williams
41,0,STR,42,0,14,14,14,0,0,36.5,24.0,0.0,4.2,26.0,997.0,306.0,S,12,Melbourne,Williams
42,0,STR,43,0,14,14,14,0,0,34.3,23.4,0.0,5.0,27.5,997.0,284.0,S,13,Melbourne,Williams
43,0,STR,44,0,14,14,14,0,0,33.9,24.2,0.0,3.8,28.3,997.1,302.0,S,14,Melbourne,Williams
44,0,STR,45,0,14,14,14,0,0,33.4,24.1,0.0,4.5,28.7,997.0,325.0,S,15,Melbourne,Williams
45,0,STR,46,0,14,14,14,0,0,33.6,24.2,0.0,4.9,28.5,997.0,290.0,S,16,Melbourne,Williams
46,0,STR,47,0,14,14,14,0,0,33.4,24.2,0.0,5.4,28.5,997.1,313.0,S,17,Melbourne,Williams
47,0,STR,48,0,14,14,14,0,0,33.2,24.1,0.0,4.6,28.8,997.1,310.0,S,18,Melbourne,Williams
48,0,STR,49,0,14,14,14,0,0,33.0,24.2,0.0,2.1,28.7,997.2,326.0,S,19,Melbourne,Williams
49,0,STR,50,0,14,14,14,0,0,33.2,24.3,0.0,4.1,28.5,997.0,329.0,S,20,Melbourne,Williams
50,0,STR,51,0,14,14,14,0,0,33.1,24.2,0.0,4.8,28.8,997.1,294.0,S,21,Melbourne,Williams
51,0,STR,52,0,14,14,14,0,0,32.8,24.1,0.0,6.9,29.3,997.0,297.0,S,22,Melbourne,Williams
52,0,STR,53,0,14,14,14,0,0,32.4,24.0,0.0,5.3,30.3,997.2,316.0,S,23,Melbourne,Williams
53,0,STR,54,0,14,14,14,0,0,32.7,24.1,0.0,4.8,30.6,997.3,300.0,S,24,Melbourne,Williams
54,0,STR,55,0,14,14,14,0,0,32.7,24.3,1.0,3.7,30.4,997.2,311.0,S,25,Melbourne,Williams
55,0,STR,56,0,14,14,14,0,0,32.6,24.3,1.0,4.2,30.9,997.2,278.0,S,26,Melbourne,Williams
56,0,STR,57,0,14,14,14,0,0,32.6,24.3,1.0,4.2,30.9,997.2,278.0,S,27,Melbourne,Williams
57,0,STR,58,0,14,14,14,0,0,32.6,24.3,1.0,4.2,30.9,997.2,278.0,S,28,Melbourne,Williams
0,0,OCO,1,0,13,13,13,0,0,38.8,24.2,0.0,2.0,36.5,997.1,306.0,S,0,Melbourne,Force India
1,0,OCO,2,0,13,13,13,0,0,38.2,24.2,0.0,3.8,36.3,996.9,296.0,S,1,Melbourne,Force India
2,0,OCO,3,0,13,13,13,0,0,36.8,23.9,0.0,2.9,36.3,997.1,255.0,S,2,Melbourne,Force India
3,0,OCO,4,0,13,13,13,0,0,36.4,23.5,0.0,2.5,36.3,997.2,267.0,S,3,Melbourne,Force India
4,0,OCO,5,0,13,13,13,0,0,36.2,23.5,0.0,3.5,36.6,997.0,295.0,S,4,Melbourne,Force India
5,0,OCO,6,1,13,13,13,0,0,36.4,23.5,0.0,3.4,36.7,997.1,301.0,S,5,Melbourne,Force India
6,0,OCO,7,1,13,13,13,0,0,37.5,23.8,0.0,2.9,35.6,997.0,297.0,S,6,Melbourne,Force India
7,0,OCO,8,0,13,13,13,0,0,38.0,24.1,0.0,4.0,35.1,997.1,283.0,S,7,Melbourne,Force India
8,0,OCO,9,0,13,14,13,0,0,36.6,23.9,0.0,1.6,35.6,997.0,0.0,S,8,Melbourne,Force India
9,0,OCO,10,1,14,14,13,0,0,36.3,23.9,0.0,1.5,35.6,997.0,283.0,S,9,Melbourne,Force India
10,0,OCO,11,0,14,14,13,0,0,36.2,23.9,0.0,1.2,35.6,997.0,354.0,S,10,Melbourne,Force India
11,0,OCO,12,0,14,14,13,0,0,36.2,23.9,0.0,2.2,34.8,996.9,278.0,S,11,Melbourne,Force India
12,0,OCO,13,0,14,14,13,0,0,37.2,23.7,0.0,2.0,35.6,997.1,270.0,S,12,Melbourne,Force India
13,0,OCO,14,0,14,14,13,0,0,38.1,24.1,0.0,1.1,35.3,997.0,315.0,S,13,Melbourne,Force India
14,0,OCO,15,0,14,14,13,0,0,38.4,24.3,0.0,2.4,34.4,997.0,294.0,S,14,Melbourne,Force India
15,0,OCO,16,0,14,14,13,0,0,38.4,24.4,0.0,3.4,33.8,997.0,275.0,S,15,Melbourne,Force India
16,0,OCO,17,0,14,14,13,0,0,38.6,24.2,0.0,3.5,34.0,996.9,289.0,S,16,Melbourne,Force India
17,0,OCO,18,0,14,14,13,0,0,38.6,24.0,0.0,2.9,34.4,996.9,294.0,S,17,Melbourne,Force India
18,0,OCO,19,0,14,14,13,0,0,38.0,24.2,0.0,3.8,34.4,996.9,282.0,S,18,Melbourne,Force India
19,0,OCO,20,0,14,14,13,0,0,36.7,23.7,0.0,2.5,34.6,996.8,278.0,S,19,Melbourne,Force India
20,0,OCO,21,0,14,14,13,0,0,37.8,24.1,0.0,2.9,30.9,996.8,298.0,S,20,Melbourne,Force India
21,0,OCO,22,0,14,12,13,0,0,38.3,24.5,0.0,4.0,28.7,996.8,300.0,S,21,Melbourne,Force India
22,0,OCO,23,0,12,14,13,0,0,38.2,24.6,0.0,3.4,28.1,996.7,300.0,S,22,Melbourne,Force India
23,0,OCO,24,1,14,14,13,0,0,38.4,24.8,0.0,5.2,26.5,996.8,295.0,H,0,Melbourne,Force India
24,0,OCO,25,1,14,12,13,0,0,38.3,24.6,0.0,5.7,26.0,996.7,289.0,H,1,Melbourne,Force India
25,0,OCO,26,2,12,12,13,0,0,38.0,24.4,0.0,6.2,25.6,996.7,303.0,H,2,Melbourne,Force India
26,0,OCO,27,2,12,12,13,0,0,37.3,24.2,0.0,3.9,26.2,996.8,301.0,H,3,Melbourne,Force India
27,0,OCO,28,2,12,12,13,0,0,37.3,24.2,0.0,4.9,26.4,996.9,300.0,H,4,Melbourne,Force India
28,0,OCO,29,2,12,12,13,0,0,37.3,24.3,0.0,2.9,26.8,996.9,297.0,H,5,Melbourne,Force India
29,0,OCO,30,2,12,12,13,0,0,37.5,24.5,0.0,4.3,27.2,997.0,290.0,H,6,Melbourne,Force India
30,0,OCO,31,2,12,12,13,0,0,37.1,24.5,0.0,4.7,26.4,996.9,282.0,H,7,Melbourne,Force India
31,0,OCO,32,0,12,12,13,0,0,36.7,24.2,0.0,6.6,26.1,997.0,312.0,H,8,Melbourne,Force India
32,0,OCO,33,0,12,12,13,0,0,36.7,24.0,0.0,3.8,25.6,997.1,273.0,H,9,Melbourne,Force India
33,0,OCO,34,0,12,12,13,0,0,36.5,24.1,0.0,5.1,25.7,997.0,306.0,H,10,Melbourne,Force India
34,0,OCO,35,0,12,12,13,0,0,36.3,24.0,0.0,3.7,25.7,997.0,254.0,H,11,Melbourne,Force India
35,0,OCO,36,0,12,12,13,0,0,36.5,24.0,0.0,4.2,26.0,997.0,306.0,H,12,Melbourne,Force India
36,0,OCO,37,0,12,12,13,0,0,36.5,24.0,0.0,5.3,25.6,997.1,294.0,H,13,Melbourne,Force India
37,0,OCO,38,0,12,12,13,0,0,35.7,23.8,0.0,4.5,26.6,997.0,306.0,H,14,Melbourne,Force India
38,0,OCO,39,0,12,12,13,0,0,34.5,23.5,0.0,4.2,27.1,997.1,330.0,H,15,Melbourne,Force India
39,0,OCO,40,0,12,12,13,0,0,34.3,23.4,0.0,5.0,27.5,997.0,284.0,H,16,Melbourne,Force India
40,0,OCO,41,0,12,12,13,0,0,34.0,23.3,0.0,3.1,28.1,997.1,295.0,H,17,Melbourne,Force India
41,0,OCO,42,0,12,12,13,0,0,33.9,24.2,0.0,3.8,28.3,997.1,302.0,H,18,Melbourne,Force India
42,0,OCO,43,0,12,12,13,0,0,33.6,24.2,0.0,4.2,28.3,997.0,326.0,H,19,Melbourne,Force India
43,0,OCO,44,0,12,12,13,0,0,33.6,24.1,0.0,3.4,28.7,997.1,311.0,H,20,Melbourne,Force India
44,0,OCO,45,0,12,12,13,0,0,33.6,24.2,0.0,4.9,28.5,997.0,290.0,H,21,Melbourne,Force India
45,0,OCO,46,0,12,12,13,0,0,33.4,24.2,0.0,5.4,28.5,997.1,313.0,H,22,Melbourne,Force India
46,0,OCO,47,0,12,12,13,0,0,33.2,24.2,0.0,3.9,29.0,997.2,301.0,H,23,Melbourne,Force India
47,0,OCO,48,0,12,12,13,0,0,33.0,24.2,0.0,3.6,28.7,997.2,297.0,H,24,Melbourne,Force India
48,0,OCO,49,0,12,12,13,0,0,33.0,24.2,0.0,2.1,28.7,997.2,326.0,H,25,Melbourne,Force India
49,0,OCO,50,0,12,12,13,0,0,33.2,24.2,0.0,3.4,29.1,997.1,291.0,H,26,Melbourne,Force India
50,0,OCO,51,0,12,12,13,0,0,33.2,24.3,0.0,4.1,28.5,997.0,329.0,H,27,Melbourne,Force India
51,0,OCO,52,0,12,12,13,0,0,33.1,24.2,0.0,4.8,28.8,997.1,294.0,H,28,Melbourne,Force India
52,0,OCO,53,0,12,12,13,0,0,32.4,24.0,0.0,5.0,29.8,997.1,291.0,H,29,Melbourne,Force India
53,0,OCO,54,0,12,12,13,0,0,32.5,23.9,0.0,4.8,30.7,997.2,314.0,H,30,Melbourne,Force India
54,0,OCO,55,0,12,12,13,0,0,32.7,24.3,1.0,3.7,30.4,997.2,311.0,H,31,Melbourne,Force India
55,0,OCO,56,0,12,12,13,0,0,32.6,24.3,1.0,4.2,30.9,997.2,278.0,H,32,Melbourne,Force India
56,0,OCO,57,0,12,12,13,0,0,32.6,24.3,1.0,4.2,30.9,997.2,278.0,H,33,Melbourne,Force India
57,0,OCO,58,0,12,12,13,0,0,32.6,24.3,1.0,4.2,30.9,997.2,278.0,H,34,Melbourne,Force India
0,0,BOT,1,0,15,15,15,0,0,38.9,24.2,0.0,4.1,36.3,997.0,307.0,S,3,Melbourne,Mercedes
1,0,BOT,2,0,15,15,15,0,0,37.1,24.1,0.0,3.7,36.6,997.1,289.0,S,4,Melbourne,Mercedes
2,0,BOT,3,0,15,15,15,0,0,36.7,23.9,0.0,4.3,36.5,997.1,289.0,S,5,Melbourne,Mercedes
3,0,BOT,4,0,15,14,15,0,0,36.8,23.9,0.0,2.9,36.3,997.1,255.0,S,6,Melbourne,Mercedes
4,0,BOT,5,0,14,14,15,0,0,36.4,23.5,0.0,2.5,36.3,997.2,267.0,S,7,Melbourne,Mercedes
5,0,BOT,6,1,14,14,15,0,0,36.4,23.5,0.0,3.4,36.7,997.1,301.0,S,8,Melbourne,Mercedes
6,0,BOT,7,1,14,14,15,0,0,37.5,23.8,0.0,2.9,35.6,997.0,297.0,S,9,Melbourne,Mercedes
7,0,BOT,8,0,14,14,15,0,0,38.0,23.9,0.0,2.0,35.9,997.0,294.0,S,10,Melbourne,Mercedes
8,0,BOT,9,0,14,13,15,0,0,38.0,24.1,0.0,4.0,35.1,997.1,283.0,S,11,Melbourne,Mercedes
9,0,BOT,10,1,13,13,15,0,0,38.4,24.0,0.0,3.3,35.1,997.0,326.0,S,12,Melbourne,Mercedes
10,0,BOT,11,0,13,13,15,0,0,37.1,24.0,0.0,0.9,35.0,997.0,267.0,S,13,Melbourne,Mercedes
11,0,BOT,12,0,13,13,15,0,0,36.2,23.9,0.0,1.2,35.6,997.0,354.0,S,14,Melbourne,Mercedes
12,0,BOT,13,0,13,13,15,0,0,36.2,23.9,0.0,2.2,34.8,996.9,278.0,S,15,Melbourne,Mercedes
13,0,BOT,14,0,13,13,15,0,0,38.1,24.1,0.0,1.1,35.3,997.0,315.0,S,16,Melbourne,Mercedes
14,0,BOT,15,0,13,13,15,0,0,38.4,24.3,0.0,2.4,34.4,997.0,294.0,S,17,Melbourne,Mercedes
15,0,BOT,16,0,13,13,15,0,0,38.6,24.0,0.0,2.9,34.4,996.9,294.0,S,18,Melbourne,Mercedes
16,0,BOT,17,0,13,13,15,0,0,38.5,24.1,0.0,3.8,34.5,996.8,349.0,S,19,Melbourne,Mercedes
17,0,BOT,18,0,13,13,15,0,0,38.3,24.1,0.0,3.2,34.5,996.8,292.0,S,20,Melbourne,Mercedes
18,0,BOT,19,0,13,13,15,0,0,38.0,24.2,0.0,3.8,34.4,996.9,282.0,S,21,Melbourne,Mercedes
19,0,BOT,20,0,13,13,15,0,0,37.8,23.9,0.0,2.5,34.9,996.7,279.0,S,22,Melbourne,Mercedes
20,0,BOT,21,0,13,12,15,0,0,37.1,23.7,0.0,2.2,34.4,996.8,318.0,S,23,Melbourne,Mercedes
21,0,BOT,22,0,12,11,15,0,0,36.6,23.7,0.0,3.7,33.4,996.9,290.0,S,24,Melbourne,Mercedes
22,0,BOT,23,0,11,10,15,0,0,37.0,23.9,0.0,2.5,33.8,996.9,317.0,S,25,Melbourne,Mercedes
23,0,BOT,24,1,10,8,15,0,0,37.8,24.1,0.0,2.9,30.9,996.8,298.0,S,26,Melbourne,Mercedes
24,0,BOT,25,1,8,9,15,0,0,38.3,24.5,0.0,4.0,28.7,996.8,300.0,S,27,Melbourne,Mercedes
25,0,BOT,26,2,9,9,15,0,0,38.4,24.5,0.0,3.7,28.1,996.8,320.0,M,0,Melbourne,Mercedes
26,0,BOT,27,2,9,9,15,0,0,38.2,24.6,0.0,3.4,28.1,996.7,300.0,M,1,Melbourne,Mercedes
27,0,BOT,28,2,9,9,15,0,0,38.3,24.8,0.0,4.9,25.9,996.8,286.0,M,2,Melbourne,Mercedes
28,0,BOT,29,2,9,9,15,0,0,38.3,24.6,0.0,5.7,26.0,996.7,289.0,M,3,Melbourne,Mercedes
29,0,BOT,30,2,9,9,15,0,0,38.0,24.4,0.0,6.2,25.6,996.7,303.0,M,4,Melbourne,Mercedes
30,0,BOT,31,2,9,9,15,0,0,37.3,24.2,0.0,3.9,26.2,996.8,301.0,M,5,Melbourne,Mercedes
31,0,BOT,32,0,9,9,15,0,0,37.4,24.3,0.0,4.0,27.4,996.8,313.0,M,6,Melbourne,Mercedes
32,0,BOT,33,0,9,9,15,0,0,37.5,24.5,0.0,4.3,27.2,997.0,290.0,M,7,Melbourne,Mercedes
33,0,BOT,34,0,9,9,15,0,0,37.5,24.5,0.0,5.2,25.6,996.9,278.0,M,8,Melbourne,Mercedes
34,0,BOT,35,0,9,8,15,0,0,37.5,24.5,0.0,3.5,26.4,997.0,294.0,M,9,Melbourne,Mercedes
35,0,BOT,36,0,8,8,15,0,0,37.1,24.5,0.0,4.7,26.4,996.9,282.0,M,10,Melbourne,Mercedes
36,0,BOT,37,0,8,8,15,0,0,37.0,24.4,0.0,4.5,25.7,997.0,290.0,M,11,Melbourne,Mercedes
37,0,BOT,38,0,8,8,15,0,0,36.8,24.2,0.0,6.0,25.7,997.0,333.0,M,12,Melbourne,Mercedes
38,0,BOT,39,0,8,8,15,0,0,36.6,24.1,0.0,2.8,26.1,997.0,309.0,M,13,Melbourne,Mercedes
39,0,BOT,40,0,8,8,15,0,0,36.7,24.2,0.0,6.6,26.1,997.0,312.0,M,14,Melbourne,Mercedes
40,0,BOT,41,0,8,8,15,0,0,36.7,24.0,0.0,3.8,25.6,997.1,273.0,M,15,Melbourne,Mercedes
41,0,BOT,42,0,8,8,15,0,0,36.7,24.0,0.0,4.1,26.0,997.1,308.0,M,16,Melbourne,Mercedes
42,0,BOT,43,0,8,8,15,0,0,36.3,24.0,0.0,3.7,25.7,997.0,254.0,M,17,Melbourne,Mercedes
43,0,BOT,44,0,8,8,15,0,0,36.5,24.0,0.0,5.3,25.6,997.1,294.0,M,18,Melbourne,Mercedes
44,0,BOT,45,0,8,8,15,0,0,35.7,23.8,0.0,4.5,26.6,997.0,306.0,M,19,Melbourne,Mercedes
45,0,BOT,46,0,8,8,15,0,0,34.5,23.5,0.0,4.2,27.1,997.1,330.0,M,20,Melbourne,Mercedes
46,0,BOT,47,0,8,8,15,0,0,34.3,23.4,0.0,5.0,27.5,997.0,284.0,M,21,Melbourne,Mercedes
47,0,BOT,48,0,8,8,15,0,0,33.9,24.2,0.0,3.8,28.3,997.1,302.0,M,22,Melbourne,Mercedes
48,0,BOT,49,0,8,8,15,0,0,33.4,24.1,0.0,4.5,28.7,997.0,325.0,M,23,Melbourne,Mercedes
49,0,BOT,50,0,8,8,15,0,0,33.6,24.2,0.0,3.4,29.0,997.0,305.0,M,24,Melbourne,Mercedes
50,0,BOT,51,0,8,8,15,0,0,33.0,24.2,0.0,3.6,28.7,997.2,297.0,M,25,Melbourne,Mercedes
51,0,BOT,52,0,8,8,15,0,0,33.0,24.2,0.0,2.1,28.7,997.2,326.0,M,26,Melbourne,Mercedes
52,0,BOT,53,0,8,8,15,0,0,33.2,24.2,0.0,3.4,29.1,997.1,291.0,M,27,Melbourne,Mercedes
53,0,BOT,54,0,8,8,15,0,0,33.1,24.2,0.0,4.8,28.8,997.1,294.0,M,28,Melbourne,Mercedes
54,0,BOT,55,0,8,8,15,0,0,32.8,24.1,0.0,6.9,29.3,997.0,297.0,M,29,Melbourne,Mercedes
55,0,BOT,56,0,8,8,15,0,0,32.4,24.0,0.0,5.0,29.8,997.1,291.0,M,30,Melbourne,Mercedes
56,0,BOT,57,0,8,8,15,0,0,32.5,23.9,0.0,4.8,30.7,997.2,314.0,M,31,Melbourne,Mercedes
57,0,BOT,58,0,8,8,15,0,0,32.7,24.3,1.0,3.7,30.4,997.2,311.0,M,32,Melbourne,Mercedes
0,0,HAR,1,0,20,20,20,0,0,38.8,24.2,0.0,2.0,36.5,997.1,306.0,M,0,Melbourne,Toro Rosso
1,0,HAR,2,0,20,20,20,0,0,38.9,24.2,0.0,4.1,36.3,997.0,307.0,H,0,Melbourne,Toro Rosso
2,0,HAR,3,0,20,20,20,0,0,37.1,24.1,0.0,3.7,36.6,997.1,289.0,H,1,Melbourne,Toro Rosso
3,0,HAR,4,0,20,20,20,0,0,36.8,23.9,0.0,2.9,36.3,997.1,255.0,H,2,Melbourne,Toro Rosso
4,0,HAR,5,0,20,19,20,0,0,36.6,23.8,0.0,2.7,35.7,997.1,210.0,H,3,Melbourne,Toro Rosso
5,0,HAR,6,1,19,18,20,0,0,36.4,23.5,0.0,3.4,36.7,997.1,301.0,H,4,Melbourne,Toro Rosso
6,0,HAR,7,1,18,18,20,0,0,37.6,23.9,0.0,4.1,35.4,997.0,334.0,H,5,Melbourne,Toro Rosso
7,0,HAR,8,0,18,18,20,0,0,38.0,24.1,0.0,4.0,35.1,997.1,283.0,H,6,Melbourne,Toro Rosso
8,0,HAR,9,0,18,18,20,0,0,38.4,24.0,0.0,3.3,35.1,997.0,326.0,H,7,Melbourne,Toro Rosso
9,0,HAR,10,1,18,18,20,0,0,37.9,23.9,0.0,2.4,35.3,997.0,297.0,H,8,Melbourne,Toro Rosso
10,0,HAR,11,0,18,18,20,0,0,37.1,24.0,0.0,0.9,35.0,997.0,267.0,H,9,Melbourne,Toro Rosso
11,0,HAR,12,0,18,18,20,0,0,36.6,23.9,0.0,1.6,35.6,997.0,0.0,H,10,Melbourne,Toro Rosso
12,0,HAR,13,0,18,18,20,0,0,37.7,23.9,0.0,2.3,35.2,997.0,211.0,H,11,Melbourne,Toro Rosso
13,0,HAR,14,0,18,17,20,0,0,38.1,24.1,0.0,1.1,35.3,997.0,315.0,H,12,Melbourne,Toro Rosso
14,0,HAR,15,0,17,17,20,0,0,38.6,24.2,0.0,3.5,34.0,996.9,289.0,H,13,Melbourne,Toro Rosso
15,0,HAR,16,0,17,17,20,0,0,38.6,24.0,0.0,2.9,35.0,996.8,291.0,H,14,Melbourne,Toro Rosso
16,0,HAR,17,0,17,17,20,0,0,38.5,24.1,0.0,3.8,34.5,996.8,349.0,H,15,Melbourne,Toro Rosso
17,0,HAR,18,0,17,17,20,0,0,38.3,24.1,0.0,3.2,34.5,996.8,292.0,H,16,Melbourne,Toro Rosso
18,0,HAR,19,0,17,17,20,0,0,38.4,24.1,0.0,2.4,34.9,996.9,279.0,H,17,Melbourne,Toro Rosso
19,0,HAR,20,0,17,16,20,0,0,38.0,24.2,0.0,3.8,34.4,996.9,282.0,H,18,Melbourne,Toro Rosso
20,0,HAR,21,0,16,16,20,0,0,37.1,23.7,0.0,2.2,34.4,996.8,318.0,H,19,Melbourne,Toro Rosso
21,0,HAR,22,0,16,17,20,0,0,37.0,23.9,0.0,2.5,33.8,996.9,317.0,H,20,Melbourne,Toro Rosso
22,0,HAR,23,0,17,16,20,0,0,37.8,24.1,0.0,2.9,30.9,996.8,298.0,S,0,Melbourne,Toro Rosso
23,0,HAR,24,1,16,16,20,0,0,38.3,24.5,0.0,4.0,28.7,996.8,300.0,S,1,Melbourne,Toro Rosso
24,0,HAR,25,1,16,15,20,0,0,38.4,24.8,0.0,5.2,26.5,996.8,295.0,S,2,Melbourne,Toro Rosso
25,0,HAR,26,2,15,15,20,0,0,38.3,24.8,0.0,4.9,25.9,996.8,286.0,S,3,Melbourne,Toro Rosso
26,0,HAR,27,2,15,15,20,0,0,37.3,24.2,0.0,3.9,26.2,996.8,301.0,S,4,Melbourne,Toro Rosso
27,0,HAR,28,2,15,15,20,0,0,37.3,24.3,0.0,2.9,26.8,996.9,297.0,S,5,Melbourne,Toro Rosso
28,0,HAR,29,2,15,15,20,0,0,37.4,24.3,0.0,4.0,27.4,996.8,313.0,S,6,Melbourne,Toro Rosso
29,0,HAR,30,2,15,15,20,0,0,37.4,24.4,0.0,3.6,27.8,996.9,318.0,S,7,Melbourne,Toro Rosso
30,0,HAR,31,2,15,15,20,0,0,37.5,24.5,0.0,5.2,25.6,996.9,278.0,S,8,Melbourne,Toro Rosso
31,0,HAR,32,0,15,15,20,0,0,37.5,24.5,0.0,3.5,26.4,997.0,294.0,S,9,Melbourne,Toro Rosso
32,0,HAR,33,0,15,15,20,0,0,37.0,24.4,0.0,4.5,25.7,997.0,290.0,S,10,Melbourne,Toro Rosso
33,0,HAR,34,0,15,15,20,0,0,36.7,24.0,0.0,5.4,25.9,997.0,292.0,S,11,Melbourne,Toro Rosso
34,0,HAR,35,0,15,15,20,0,0,36.7,24.2,0.0,6.6,26.1,997.0,312.0,S,12,Melbourne,Toro Rosso
35,0,HAR,36,0,15,15,20,0,0,36.7,24.0,0.0,3.8,25.6,997.1,273.0,S,13,Melbourne,Toro Rosso
36,0,HAR,37,0,15,15,20,0,0,36.5,24.0,0.0,3.8,26.5,997.1,292.0,S,14,Melbourne,Toro Rosso
37,0,HAR,38,0,15,15,20,0,0,36.7,24.0,0.0,4.1,26.0,997.1,308.0,S,15,Melbourne,Toro Rosso
38,0,HAR,39,0,15,15,20,0,0,36.5,24.1,0.0,5.1,25.7,997.0,306.0,S,16,Melbourne,Toro Rosso
39,0,HAR,40,0,15,15,20,0,0,36.3,24.0,0.0,3.7,25.7,997.0,254.0,S,17,Melbourne,Toro Rosso
40,0,HAR,41,0,15,15,20,0,0,36.5,24.0,0.0,5.3,25.6,997.1,294.0,S,18,Melbourne,Toro Rosso
41,0,HAR,42,0,15,15,20,0,0,35.7,23.8,0.0,4.5,26.6,997.0,306.0,S,19,Melbourne,Toro Rosso
42,0,HAR,43,0,15,15,20,0,0,35.7,23.8,0.0,4.5,26.6,997.0,306.0,S,20,Melbourne,Toro Rosso
43,0,HAR,44,0,15,15,20,0,0,34.5,23.5,0.0,4.2,27.1,997.1,330.0,S,21,Melbourne,Toro Rosso
44,0,HAR,45,0,15,15,20,0,0,34.0,23.3,0.0,3.2,27.9,997.1,295.0,S,22,Melbourne,Toro Rosso
45,0,HAR,46,0,15,15,20,0,0,33.4,24.1,0.0,4.5,28.7,997.0,325.0,S,23,Melbourne,Toro Rosso
46,0,HAR,47,0,15,15,20,0,0,33.4,24.2,0.0,5.4,28.5,997.1,313.0,S,24,Melbourne,Toro Rosso
47,0,HAR,48,0,15,15,20,0,0,33.0,24.2,0.0,2.1,28.7,997.2,326.0,S,25,Melbourne,Toro Rosso
48,0,HAR,49,0,15,15,20,0,0,33.2,24.2,0.0,3.4,29.1,997.1,291.0,S,26,Melbourne,Toro Rosso
49,0,HAR,50,0,15,15,20,0,0,33.2,24.3,0.0,4.1,28.5,997.0,329.0,S,27,Melbourne,Toro Rosso
50,0,HAR,51,0,15,15,20,0,0,33.1,24.2,0.0,4.8,28.8,997.1,294.0,S,28,Melbourne,Toro Rosso
51,0,HAR,52,0,15,15,20,0,0,32.8,24.1,0.0,6.9,29.3,997.0,297.0,S,29,Melbourne,Toro Rosso
52,0,HAR,53,0,15,15,20,0,0,32.4,24.0,0.0,5.0,29.8,997.1,291.0,S,30,Melbourne,Toro Rosso
53,0,HAR,54,0,15,15,20,0,0,32.4,24.0,0.0,5.3,30.3,997.2,316.0,S,31,Melbourne,Toro Rosso
54,0,HAR,55,0,15,15,20,0,0,32.5,23.9,0.0,4.8,30.7,997.2,314.0,S,32,Melbourne,Toro Rosso
55,0,HAR,56,0,15,15,20,0,0,32.6,24.3,1.0,4.2,30.9,997.2,278.0,S,33,Melbourne,Toro Rosso
56,0,HAR,57,0,15,15,20,0,0,32.6,24.3,1.0,4.2,30.9,997.2,278.0,S,34,Melbourne,Toro Rosso
0,0,ERI,1,0,16,16,16,0,0,36.6,23.9,0.0,1.6,35.6,997.0,0.0,M,0,Melbourne,Sauber
1,0,ERI,2,0,16,16,16,0,0,36.5,24.1,0.0,5.1,25.7,997.0,306.0,M,1,Melbourne,Sauber
2,0,ERI,3,0,16,16,16,0,0,33.4,24.2,0.0,5.4,28.5,997.1,313.0,M,2,Melbourne,Sauber
3,0,ERI,4,0,16,16,16,0,0,32.5,23.9,0.0,4.8,30.7,997.2,314.0,M,3,Melbourne,Sauber
4,0,ERI,5,0,16,16,16,1,0,32.6,24.3,1.0,4.2,30.9,997.2,278.0,M,4,Melbourne,Sauber
0,0,LEC,1,0,18,18,18,0,0,38.8,24.2,0.0,2.0,36.5,997.1,306.0,M,0,Melbourne,Sauber
1,0,LEC,2,0,18,18,18,0,0,38.2,24.2,0.0,3.8,36.3,996.9,296.0,M,1,Melbourne,Sauber
2,0,LEC,3,0,18,18,18,0,0,36.8,23.9,0.0,2.9,36.3,997.1,255.0,M,2,Melbourne,Sauber
3,0,LEC,4,0,18,18,18,0,0,36.4,23.5,0.0,2.5,36.3,997.2,267.0,M,3,Melbourne,Sauber
4,0,LEC,5,0,18,18,18,0,0,36.3,23.4,0.0,2.1,36.5,997.2,283.0,M,4,Melbourne,Sauber
5,0,LEC,6,1,18,17,18,0,0,36.2,23.5,0.0,3.5,36.6,997.0,295.0,M,5,Melbourne,Sauber
6,0,LEC,7,1,17,17,18,0,0,37.6,23.9,0.0,4.1,35.4,997.0,334.0,M,6,Melbourne,Sauber
7,0,LEC,8,0,17,17,18,0,0,38.0,23.9,0.0,2.0,35.9,997.0,294.0,M,7,Melbourne,Sauber
8,0,LEC,9,0,17,17,18,0,0,38.0,24.1,0.0,4.0,35.1,997.1,283.0,M,8,Melbourne,Sauber
9,0,LEC,10,1,17,17,18,0,0,36.3,23.9,0.0,1.5,35.6,997.0,283.0,M,9,Melbourne,Sauber
10,0,LEC,11,0,17,17,18,0,0,36.2,23.9,0.0,2.2,34.8,996.9,278.0,M,10,Melbourne,Sauber
11,0,LEC,12,0,17,17,18,0,0,37.2,23.7,0.0,2.0,35.6,997.1,270.0,M,11,Melbourne,Sauber
12,0,LEC,13,0,17,17,18,0,0,37.7,23.9,0.0,2.3,35.2,997.0,211.0,M,12,Melbourne,Sauber
13,0,LEC,14,0,17,16,18,0,0,38.1,24.1,0.0,1.1,35.3,997.0,315.0,M,13,Melbourne,Sauber
14,0,LEC,15,0,16,16,18,0,0,38.4,24.3,0.0,2.4,34.4,997.0,294.0,M,14,Melbourne,Sauber
15,0,LEC,16,0,16,16,18,0,0,38.5,24.1,0.0,3.8,34.5,996.8,349.0,M,15,Melbourne,Sauber
16,0,LEC,17,0,16,16,18,0,0,38.3,24.1,0.0,3.2,34.5,996.8,292.0,M,16,Melbourne,Sauber
17,0,LEC,18,0,16,16,18,0,0,38.0,24.2,0.0,3.8,34.4,996.9,282.0,M,17,Melbourne,Sauber
18,0,LEC,19,0,16,16,18,0,0,36.7,23.7,0.0,2.5,34.6,996.8,278.0,M,18,Melbourne,Sauber
19,0,LEC,20,0,16,17,18,0,0,36.6,23.7,0.0,3.7,33.4,996.9,290.0,M,19,Melbourne,Sauber
20,0,LEC,21,0,17,17,18,0,0,37.0,23.9,0.0,2.5,33.8,996.9,317.0,H,0,Melbourne,Sauber
21,0,LEC,22,0,17,16,18,0,0,37.8,24.1,0.0,2.9,30.9,996.8,298.0,H,1,Melbourne,Sauber
22,0,LEC,23,0,16,15,18,0,0,38.4,24.5,0.0,3.7,28.1,996.8,320.0,H,2,Melbourne,Sauber
23,0,LEC,24,1,15,15,18,0,0,38.2,24.6,0.0,3.4,28.1,996.7,300.0,H,3,Melbourne,Sauber
24,0,LEC,25,1,15,14,18,0,0,38.5,24.7,0.0,4.3,27.0,996.9,300.0,H,4,Melbourne,Sauber
25,0,LEC,26,2,14,14,18,0,0,38.4,24.8,0.0,5.2,26.5,996.8,295.0,H,5,Melbourne,Sauber
26,0,LEC,27,2,14,14,18,0,0,38.3,24.6,0.0,5.7,26.0,996.7,289.0,H,6,Melbourne,Sauber
27,0,LEC,28,2,14,14,18,0,0,38.0,24.4,0.0,6.2,25.6,996.7,303.0,S,0,Melbourne,Sauber
28,0,LEC,29,2,14,14,18,0,0,37.6,24.2,0.0,5.3,26.0,996.8,312.0,S,1,Melbourne,Sauber
29,0,LEC,30,2,14,14,18,0,0,37.3,24.2,0.0,4.9,26.4,996.9,300.0,S,2,Melbourne,Sauber
30,0,LEC,31,2,14,14,18,0,0,37.4,24.3,0.0,4.0,27.4,996.8,313.0,S,3,Melbourne,Sauber
31,0,LEC,32,0,14,13,18,0,0,37.4,24.4,0.0,3.6,27.8,996.9,318.0,S,4,Melbourne,Sauber
32,0,LEC,33,0,13,13,18,0,0,37.5,24.5,0.0,5.2,25.6,996.9,278.0,S,5,Melbourne,Sauber
33,0,LEC,34,0,13,13,18,0,0,37.1,24.5,0.0,4.7,26.4,996.9,282.0,S,6,Melbourne,Sauber
34,0,LEC,35,0,13,13,18,0,0,36.8,24.2,0.0,6.0,25.7,997.0,333.0,S,7,Melbourne,Sauber
35,0,LEC,36,0,13,13,18,0,0,36.6,24.1,0.0,2.8,26.1,997.0,309.0,S,8,Melbourne,Sauber
36,0,LEC,37,0,13,13,18,0,0,36.7,24.0,0.0,3.8,25.6,997.1,273.0,S,9,Melbourne,Sauber
37,0,LEC,38,0,13,13,18,0,0,36.7,24.0,0.0,4.1,26.0,997.1,308.0,S,10,Melbourne,Sauber
38,0,LEC,39,0,13,13,18,0,0,36.5,24.0,0.0,4.2,26.0,997.0,306.0,S,11,Melbourne,Sauber
39,0,LEC,40,0,13,13,18,0,0,36.5,24.0,0.0,5.3,25.6,997.1,294.0,S,12,Melbourne,Sauber
40,0,LEC,41,0,13,13,18,0,0,35.7,23.8,0.0,4.5,26.6,997.0,306.0,S,13,Melbourne,Sauber
41,0,LEC,42,0,13,13,18,0,0,35.7,23.8,0.0,4.5,26.6,997.0,306.0,S,14,Melbourne,Sauber
42,0,LEC,43,0,13,13,18,0,0,34.5,23.5,0.0,4.2,27.1,997.1,330.0,S,15,Melbourne,Sauber
43,0,LEC,44,0,13,13,18,0,0,34.0,23.3,0.0,3.2,27.9,997.1,295.0,S,16,Melbourne,Sauber
44,0,LEC,45,0,13,13,18,0,0,33.9,24.2,0.0,3.8,28.3,997.1,302.0,S,17,Melbourne,Sauber
45,0,LEC,46,0,13,13,18,0,0,33.6,24.1,0.0,3.4,28.7,997.1,311.0,S,18,Melbourne,Sauber
46,0,LEC,47,0,13,13,18,0,0,33.4,24.1,0.0,4.5,28.7,997.0,325.0,S,19,Melbourne,Sauber
47,0,LEC,48,0,13,13,18,0,0,33.6,24.2,0.0,4.9,28.5,997.0,290.0,S,20,Melbourne,Sauber
48,0,LEC,49,0,13,13,18,0,0,33.4,24.2,0.0,5.4,28.5,997.1,313.0,S,21,Melbourne,Sauber
49,0,LEC,50,0,13,13,18,0,0,33.0,24.2,0.0,3.6,28.7,997.2,297.0,S,22,Melbourne,Sauber
50,0,LEC,51,0,13,13,18,0,0,33.2,24.2,0.0,3.4,29.1,997.1,291.0,S,23,Melbourne,Sauber
51,0,LEC,52,0,13,13,18,0,0,33.2,24.3,0.0,4.1,28.5,997.0,329.0,S,24,Melbourne,Sauber
52,0,LEC,53,0,13,13,18,0,0,33.1,24.2,0.0,4.8,28.8,997.1,294.0,S,25,Melbourne,Sauber
53,0,LEC,54,0,13,13,18,0,0,32.5,23.9,0.0,4.8,30.7,997.2,314.0,S,26,Melbourne,Sauber
54,0,LEC,55,0,13,13,18,0,0,32.7,24.1,0.0,4.8,30.6,997.3,300.0,S,27,Melbourne,Sauber
55,0,LEC,56,0,13,13,18,0,0,32.6,24.3,1.0,4.2,30.9,997.2,278.0,S,28,Melbourne,Sauber
56,0,LEC,57,0,13,13,18,0,0,32.6,24.3,1.0,4.2,30.9,997.2,278.0,S,29,Melbourne,Sauber
57,0,LEC,58,0,13,13,18,0,0,32.6,24.3,1.0,4.2,30.9,997.2,278.0,S,30,Melbourne,Sauber
0,0,SIR,1,0,19,19,19,0,0,37.9,23.9,0.0,2.4,35.3,997.0,297.0,M,0,Melbourne,Williams
1,0,SIR,2,0,19,19,19,0,0,36.2,23.9,0.0,2.2,34.8,996.9,278.0,M,1,Melbourne,Williams
2,0,SIR,3,0,19,19,19,0,0,38.4,24.3,0.0,2.4,34.4,997.0,294.0,M,2,Melbourne,Williams
3,0,SIR,4,0,19,19,19,1,0,33.1,24.2,0.0,4.8,28.8,997.1,294.0,M,3,Melbourne,Williams
0,0,GAS,1,0,17,17,17,0,0,36.4,23.5,0.0,2.5,36.3,997.2,267.0,S,0,Melbourne,Toro Rosso
1,0,GAS,2,0,17,17,17,0,0,36.3,23.9,0.0,1.5,35.6,997.0,283.0,S,1,Melbourne,Toro Rosso
2,0,GAS,3,0,17,17,17,0,0,37.2,23.7,0.0,2.0,35.6,997.1,270.0,S,2,Melbourne,Toro Rosso
3,0,GAS,4,0,17,17,17,0,0,37.7,23.9,0.0,2.3,35.2,997.0,211.0,S,3,Melbourne,Toro Rosso
4,0,GAS,5,0,17,17,17,0,0,38.3,24.1,0.0,3.2,34.5,996.8,292.0,S,4,Melbourne,Toro Rosso
5,0,GAS,6,1,17,16,17,0,0,38.5,24.7,0.0,4.3,27.0,996.9,300.0,S,5,Melbourne,Toro Rosso
6,0,GAS,7,1,16,16,17,0,0,37.6,24.2,0.0,5.3,26.0,996.8,312.0,S,6,Melbourne,Toro Rosso
7,0,GAS,8,0,16,16,17,0,0,36.7,24.0,0.0,4.1,26.0,997.1,308.0,S,7,Melbourne,Toro Rosso
8,0,GAS,9,0,16,16,17,0,0,35.7,23.8,0.0,4.5,26.6,997.0,306.0,S,8,Melbourne,Toro Rosso
9,0,GAS,10,1,16,16,17,0,0,34.3,23.4,0.0,5.0,27.5,997.0,284.0,S,9,Melbourne,Toro Rosso
10,0,GAS,11,0,16,16,17,0,0,32.8,24.1,0.0,6.9,29.3,997.0,297.0,S,10,Melbourne,Toro Rosso
11,0,GAS,12,0,16,16,17,0,0,32.4,24.0,0.0,5.3,30.3,997.2,316.0,S,11,Melbourne,Toro Rosso
12,0,GAS,13,0,16,16,17,1,0,32.6,24.3,1.0,4.2,30.9,997.2,278.0,S,12,Melbourne,Toro Rosso
