,driver,lap,trackStatus,position,grid,out,performance,trackTemp,airTemp,raining,windSpeed,humidity,pressure,windDir,tyre,tyreLap,track,team
0,RAI,1,0,1,2,0,69,29.5,21.7,1.0,0.9,66.5,995.4,189.0,V,3.0,Monza,Ferrari
1,RAI,2,0,1,2,0,53,29.5,21.8,1.0,1.0,66.2,995.4,225.0,V,4.0,Monza,Ferrari
2,RAI,3,0,1,2,0,46,29.5,21.6,1.0,0.0,66.8,995.4,0.0,V,5.0,Monza,Ferrari
3,RAI,4,0,1,2,0,48,29.5,21.7,1.0,0.4,67.0,995.4,174.0,V,6.0,Monza,Ferrari
4,RAI,5,0,1,2,0,48,30.3,21.8,0.0,0.8,66.2,995.4,187.0,V,7.0,Monza,Ferrari
5,RAI,6,0,1,2,0,48,30.4,21.9,0.0,2.1,65.6,995.3,233.0,V,8.0,Monza,Ferrari
6,RAI,7,0,1,2,0,49,30.5,21.9,0.0,1.3,65.9,995.3,0.0,V,9.0,Monza,Ferrari
7,RAI,8,0,1,2,0,50,30.6,22.0,0.0,1.8,64.7,995.3,73.0,V,10.0,Monza,Ferrari
8,RAI,9,0,1,2,0,51,30.4,22.3,0.0,2.0,64.0,995.4,172.0,V,11.0,Monza,Ferrari
9,RAI,10,0,1,2,0,51,30.4,22.3,0.0,2.6,64.3,995.3,181.0,V,12.0,Monza,Ferrari
10,RAI,11,0,1,2,0,52,30.4,22.4,0.0,2.3,63.9,995.3,181.0,V,13.0,Monza,Ferrari
11,RAI,12,0,1,2,0,53,30.4,22.5,0.0,1.0,64.1,995.2,0.0,V,14.0,Monza,Ferrari
12,RAI,13,0,1,2,0,53,30.2,22.2,0.0,3.7,64.9,995.2,183.0,V,15.0,Monza,Ferrari
13,RAI,14,0,1,2,0,54,30.1,22.2,0.0,3.3,64.6,995.2,192.0,V,16.0,Monza,Ferrari
14,RAI,15,0,1,2,0,59,30.1,22.2,0.0,3.2,64.4,995.3,182.0,V,17.0,Monza,Ferrari
15,RAI,16,0,1,2,0,61,30.1,22.1,0.0,3.1,64.8,995.2,191.0,V,18.0,Monza,Ferrari
16,RAI,17,0,1,2,0,62,30.2,22.2,0.0,2.2,64.9,995.1,176.0,V,19.0,Monza,Ferrari
17,RAI,18,0,1,2,0,63,30.4,22.4,0.0,2.1,63.9,995.2,18.0,V,20.0,Monza,Ferrari
18,RAI,19,0,1,2,0,63,30.2,22.4,0.0,1.5,64.2,995.2,186.0,V,21.0,Monza,Ferrari
19,RAI,20,0,2,2,0,64,29.8,22.3,0.0,4.0,63.6,995.2,175.0,V,22.0,Monza,Ferrari
20,RAI,21,0,4,2,0,64,29.5,22.1,0.0,2.7,63.3,995.2,195.0,S,0.0,Monza,Ferrari
21,RAI,22,0,4,2,0,64,29.6,22.2,0.0,2.6,63.7,995.2,210.0,S,1.0,Monza,Ferrari
22,RAI,23,0,4,2,0,64,29.8,22.2,0.0,2.1,63.6,995.1,0.0,S,2.0,Monza,Ferrari
23,RAI,24,0,4,2,0,64,30.0,22.3,0.0,2.7,63.1,995.1,193.0,S,3.0,Monza,Ferrari
24,RAI,25,0,4,2,0,63,30.0,22.3,0.0,2.2,63.5,995.1,207.0,S,4.0,Monza,Ferrari
25,RAI,26,0,4,2,0,63,30.0,22.4,0.0,3.7,63.5,995.0,190.0,S,5.0,Monza,Ferrari
26,RAI,27,0,3,2,0,63,30.1,22.4,0.0,3.2,63.8,995.1,198.0,S,6.0,Monza,Ferrari
27,RAI,28,0,3,2,0,63,29.8,22.2,0.0,3.2,64.7,995.1,194.0,S,7.0,Monza,Ferrari
28,RAI,29,0,2,2,0,63,29.8,22.2,0.0,3.0,65.3,995.1,181.0,S,8.0,Monza,Ferrari
29,RAI,30,0,2,2,0,63,29.6,22.3,1.0,2.8,65.8,995.1,190.0,S,9.0,Monza,Ferrari
30,RAI,31,0,2,2,0,62,29.5,22.0,1.0,2.7,66.6,995.2,192.0,S,10.0,Monza,Ferrari
31,RAI,32,0,2,2,0,62,29.6,21.9,1.0,3.4,66.9,995.0,187.0,S,11.0,Monza,Ferrari
32,RAI,33,0,2,2,0,61,29.5,21.9,1.0,3.7,67.3,995.2,192.0,S,12.0,Monza,Ferrari
33,RAI,34,0,2,2,0,61,30.1,21.9,1.0,3.7,67.2,995.1,182.0,S,13.0,Monza,Ferrari
34,RAI,35,0,2,2,0,60,30.2,21.9,1.0,3.3,67.2,995.2,194.0,S,14.0,Monza,Ferrari
35,RAI,36,0,1,2,0,60,30.7,22.0,1.0,2.5,66.9,995.1,192.0,S,15.0,Monza,Ferrari
36,RAI,37,0,1,2,0,60,31.7,22.1,0.0,3.0,66.4,995.1,195.0,S,16.0,Monza,Ferrari
37,RAI,38,0,1,2,0,60,32.1,22.2,0.0,3.4,66.1,995.1,188.0,S,17.0,Monza,Ferrari
38,RAI,39,0,1,2,0,60,33.2,22.5,0.0,2.6,65.6,995.1,190.0,S,18.0,Monza,Ferrari
39,RAI,40,0,1,2,0,60,33.7,22.6,0.0,2.6,64.5,995.0,188.0,S,19.0,Monza,Ferrari
40,RAI,41,0,1,2,0,60,34.0,22.8,0.0,3.0,64.3,995.1,190.0,S,20.0,Monza,Ferrari
41,RAI,42,0,1,2,0,60,34.1,22.9,0.0,3.4,63.4,995.1,178.0,S,21.0,Monza,Ferrari
42,RAI,43,0,1,2,0,60,34.4,23.0,0.0,2.2,62.7,995.0,171.0,S,22.0,Monza,Ferrari
43,RAI,44,0,1,2,0,60,33.7,22.8,0.0,2.0,62.6,995.1,197.0,S,23.0,Monza,Ferrari
44,RAI,45,0,2,2,0,60,33.5,22.9,0.0,3.0,61.9,995.1,187.0,S,24.0,Monza,Ferrari
45,RAI,46,0,2,2,0,60,33.1,22.9,0.0,3.0,58.2,995.1,204.0,S,25.0,Monza,Ferrari
46,RAI,47,0,2,2,0,60,32.8,22.5,0.0,3.2,56.0,995.1,131.0,S,26.0,Monza,Ferrari
47,RAI,48,0,2,2,0,60,33.1,22.6,0.0,2.4,53.6,995.2,205.0,S,27.0,Monza,Ferrari
48,RAI,49,0,2,2,0,60,33.1,22.6,0.0,1.7,53.2,995.1,192.0,S,28.0,Monza,Ferrari
49,RAI,50,0,2,2,0,60,33.9,22.8,0.0,3.4,52.2,995.1,199.0,S,29.0,Monza,Ferrari
50,RAI,51,0,2,2,0,60,33.6,22.7,0.0,2.7,51.9,995.1,192.0,S,30.0,Monza,Ferrari
51,RAI,52,0,2,2,0,60,33.4,22.6,0.0,2.5,51.7,995.0,206.0,S,31.0,Monza,Ferrari
52,RAI,53,0,2,2,0,60,33.0,22.5,0.0,3.2,51.8,995.1,189.0,S,32.0,Monza,Ferrari
0,VET,1,0,18,4,0,65,29.5,21.7,1.0,0.9,66.5,995.4,189.0,V,3.0,Monza,Ferrari
1,VET,2,0,18,4,0,50,29.5,21.8,1.0,1.0,66.2,995.4,225.0,S,0.0,Monza,Ferrari
2,VET,3,0,18,4,0,46,29.5,21.7,1.0,0.4,67.0,995.4,174.0,S,1.0,Monza,Ferrari
3,VET,4,0,17,4,0,47,29.8,21.8,0.0,1.5,66.3,995.3,55.0,S,2.0,Monza,Ferrari
4,VET,5,0,16,4,0,46,30.3,21.8,0.0,0.8,66.2,995.4,187.0,S,3.0,Monza,Ferrari
5,VET,6,0,15,4,0,46,30.5,21.9,0.0,1.3,65.9,995.3,0.0,S,4.0,Monza,Ferrari
6,VET,7,0,15,4,0,47,30.6,22.0,0.0,1.8,64.7,995.3,73.0,S,5.0,Monza,Ferrari
7,VET,8,0,15,4,0,47,30.9,22.2,0.0,0.8,64.3,995.3,251.0,S,6.0,Monza,Ferrari
8,VET,9,0,12,4,0,47,30.4,22.3,0.0,2.0,64.0,995.4,172.0,S,7.0,Monza,Ferrari
9,VET,10,0,11,4,0,47,30.2,22.3,0.0,0.7,64.1,995.3,197.0,S,8.0,Monza,Ferrari
10,VET,11,0,11,4,0,48,30.4,22.4,0.0,2.0,64.0,995.2,201.0,S,9.0,Monza,Ferrari
11,VET,12,0,11,4,0,49,30.4,22.4,0.0,2.3,63.9,995.3,181.0,S,10.0,Monza,Ferrari
12,VET,13,0,11,4,0,48,30.4,22.5,0.0,1.8,64.3,995.2,138.0,S,11.0,Monza,Ferrari
13,VET,14,0,10,4,0,51,30.4,22.5,0.0,1.0,64.1,995.2,0.0,S,12.0,Monza,Ferrari
14,VET,15,0,10,4,0,54,30.3,22.6,0.0,1.7,64.0,995.3,182.0,S,13.0,Monza,Ferrari
15,VET,16,0,9,4,0,56,30.1,22.2,0.0,3.2,64.4,995.3,182.0,S,14.0,Monza,Ferrari
16,VET,17,0,9,4,0,56,30.1,22.1,0.0,3.1,64.8,995.2,191.0,S,15.0,Monza,Ferrari
17,VET,18,0,8,4,0,57,30.2,22.2,0.0,2.2,64.9,995.1,176.0,S,16.0,Monza,Ferrari
18,VET,19,0,8,4,0,57,30.3,22.4,0.0,2.7,64.1,995.2,175.0,S,17.0,Monza,Ferrari
19,VET,20,0,7,4,0,58,30.4,22.4,0.0,2.1,63.9,995.2,18.0,S,18.0,Monza,Ferrari
20,VET,21,0,7,4,0,58,30.1,22.4,0.0,2.6,64.2,995.1,194.0,S,19.0,Monza,Ferrari
21,VET,22,0,7,4,0,58,30.2,22.4,0.0,1.5,64.2,995.2,186.0,S,20.0,Monza,Ferrari
22,VET,23,0,6,4,0,58,29.9,22.5,0.0,3.0,63.2,995.2,190.0,S,21.0,Monza,Ferrari
23,VET,24,0,5,4,0,58,29.5,22.1,0.0,2.7,63.3,995.2,195.0,S,22.0,Monza,Ferrari
24,VET,25,0,5,4,0,58,29.6,22.2,0.0,2.6,63.7,995.2,210.0,S,23.0,Monza,Ferrari
25,VET,26,0,5,4,0,59,29.8,22.2,0.0,2.1,63.6,995.1,0.0,S,24.0,Monza,Ferrari
26,VET,27,0,4,4,0,59,29.8,22.2,0.0,0.9,63.6,995.1,196.0,S,25.0,Monza,Ferrari
27,VET,28,0,4,4,0,59,30.0,22.3,0.0,2.7,63.1,995.1,193.0,S,26.0,Monza,Ferrari
28,VET,29,0,5,4,0,59,30.0,22.3,0.0,2.2,63.5,995.1,207.0,S,27.0,Monza,Ferrari
29,VET,30,0,10,4,0,59,30.0,22.4,0.0,3.7,63.5,995.0,190.0,V,3.0,Monza,Ferrari
30,VET,31,0,9,4,0,59,30.1,22.4,0.0,3.2,63.8,995.1,198.0,V,4.0,Monza,Ferrari
31,VET,32,0,8,4,0,58,29.8,22.2,0.0,3.2,64.7,995.1,194.0,V,5.0,Monza,Ferrari
32,VET,33,0,8,4,0,58,29.8,22.2,0.0,3.0,65.3,995.1,181.0,V,6.0,Monza,Ferrari
33,VET,34,0,7,4,0,57,29.8,22.2,0.0,2.0,65.2,995.1,192.0,V,7.0,Monza,Ferrari
34,VET,35,0,7,4,0,57,29.8,22.4,0.0,2.4,65.2,995.2,209.0,V,8.0,Monza,Ferrari
35,VET,36,0,7,4,0,57,29.8,22.4,0.0,2.9,65.5,995.2,193.0,V,9.0,Monza,Ferrari
36,VET,37,0,7,4,0,57,29.5,22.1,1.0,2.6,66.3,995.2,186.0,V,10.0,Monza,Ferrari
37,VET,38,0,5,4,0,57,29.5,22.0,1.0,2.7,66.6,995.2,192.0,V,11.0,Monza,Ferrari
38,VET,39,0,5,4,0,57,29.5,21.9,1.0,3.7,67.3,995.2,192.0,V,12.0,Monza,Ferrari
39,VET,40,0,5,4,0,57,30.1,21.9,1.0,3.7,67.2,995.1,182.0,V,13.0,Monza,Ferrari
40,VET,41,0,5,4,0,57,30.7,22.0,1.0,2.5,66.9,995.1,192.0,V,14.0,Monza,Ferrari
41,VET,42,0,5,4,0,56,31.7,22.1,0.0,3.0,66.4,995.1,195.0,V,15.0,Monza,Ferrari
42,VET,43,0,5,4,0,56,32.1,22.2,0.0,3.4,66.1,995.1,188.0,V,16.0,Monza,Ferrari
43,VET,44,0,5,4,0,56,33.7,22.6,0.0,2.6,64.5,995.0,188.0,V,17.0,Monza,Ferrari
44,VET,45,0,5,4,0,56,34.0,22.8,0.0,3.0,64.3,995.1,190.0,V,18.0,Monza,Ferrari
45,VET,46,0,5,4,0,56,34.0,22.9,0.0,2.5,62.6,995.1,228.0,V,19.0,Monza,Ferrari
46,VET,47,0,5,4,0,56,33.7,22.8,0.0,2.0,62.6,995.1,197.0,V,20.0,Monza,Ferrari
47,VET,48,0,5,4,0,56,33.5,22.9,0.0,3.0,61.9,995.1,187.0,V,21.0,Monza,Ferrari
48,VET,49,0,5,4,0,56,33.1,22.9,0.0,3.0,58.2,995.1,204.0,V,22.0,Monza,Ferrari
49,VET,50,0,5,4,0,56,32.7,22.6,0.0,2.2,55.7,995.1,196.0,V,23.0,Monza,Ferrari
50,VET,51,0,5,4,0,56,32.8,22.5,0.0,3.2,56.0,995.1,131.0,V,24.0,Monza,Ferrari
51,VET,52,0,5,4,0,56,33.0,22.7,0.0,2.6,55.0,995.1,210.0,V,25.0,Monza,Ferrari
52,VET,53,0,4,4,0,56,33.1,22.6,0.0,1.7,53.2,995.1,192.0,V,26.0,Monza,Ferrari
0,HAM,1,0,2,1,0,68,29.5,21.7,1.0,0.9,66.5,995.4,189.0,V,3.0,Monza,Mercedes
1,HAM,2,0,2,1,0,57,29.5,21.8,1.0,1.0,66.2,995.4,225.0,V,4.0,Monza,Mercedes
2,HAM,3,0,2,1,0,53,29.5,21.6,1.0,0.0,66.8,995.4,0.0,V,5.0,Monza,Mercedes
3,HAM,4,0,2,1,0,54,29.8,21.8,0.0,1.5,66.3,995.3,55.0,V,6.0,Monza,Mercedes
4,HAM,5,0,2,1,0,52,30.3,21.8,0.0,0.8,66.2,995.4,187.0,V,7.0,Monza,Mercedes
5,HAM,6,0,2,1,0,51,30.4,21.9,0.0,2.1,65.6,995.3,233.0,V,8.0,Monza,Mercedes
6,HAM,7,0,2,1,0,51,30.5,21.9,0.0,1.3,65.9,995.3,0.0,V,9.0,Monza,Mercedes
7,HAM,8,0,2,1,0,52,30.6,22.0,0.0,1.8,64.7,995.3,73.0,V,10.0,Monza,Mercedes
8,HAM,9,0,2,1,0,52,30.9,22.2,0.0,0.8,64.3,995.3,251.0,V,11.0,Monza,Mercedes
9,HAM,10,0,2,1,0,51,30.4,22.3,0.0,2.0,64.0,995.4,172.0,V,12.0,Monza,Mercedes
10,HAM,11,0,2,1,0,53,30.4,22.3,0.0,2.6,64.3,995.3,181.0,V,13.0,Monza,Mercedes
11,HAM,12,0,2,1,0,53,30.4,22.4,0.0,2.0,64.0,995.2,201.0,V,14.0,Monza,Mercedes
12,HAM,13,0,2,1,0,53,30.4,22.4,0.0,2.3,63.9,995.3,181.0,V,15.0,Monza,Mercedes
13,HAM,14,0,2,1,0,54,30.4,22.5,0.0,1.0,64.1,995.2,0.0,V,16.0,Monza,Mercedes
14,HAM,15,0,2,1,0,59,30.3,22.6,0.0,1.7,64.0,995.3,182.0,V,17.0,Monza,Mercedes
15,HAM,16,0,2,1,0,61,30.3,22.5,0.0,2.8,63.7,995.3,199.0,V,18.0,Monza,Mercedes
16,HAM,17,0,2,1,0,62,30.1,22.2,0.0,3.3,64.6,995.2,192.0,V,19.0,Monza,Mercedes
17,HAM,18,0,2,1,0,63,30.1,22.1,0.0,3.1,64.8,995.2,191.0,V,20.0,Monza,Mercedes
18,HAM,19,0,2,1,0,63,30.2,22.2,0.0,2.2,64.9,995.1,176.0,V,21.0,Monza,Mercedes
19,HAM,20,0,1,1,0,64,30.4,22.4,0.0,2.1,63.9,995.2,18.0,V,22.0,Monza,Mercedes
20,HAM,21,0,1,1,0,64,29.9,22.5,0.0,3.0,63.2,995.2,190.0,V,23.0,Monza,Mercedes
21,HAM,22,0,1,1,0,64,29.6,22.2,0.0,2.6,63.7,995.2,210.0,V,24.0,Monza,Mercedes
22,HAM,23,0,1,1,0,64,29.8,22.2,0.0,2.1,63.6,995.1,0.0,V,25.0,Monza,Mercedes
23,HAM,24,0,1,1,0,65,30.0,22.3,0.0,2.7,63.1,995.1,193.0,V,26.0,Monza,Mercedes
24,HAM,25,0,1,1,0,65,30.0,22.4,0.0,3.7,63.5,995.0,190.0,V,27.0,Monza,Mercedes
25,HAM,26,0,1,1,0,65,30.1,22.5,0.0,3.0,63.0,995.1,173.0,V,28.0,Monza,Mercedes
26,HAM,27,0,1,1,0,65,29.8,22.2,0.0,3.2,64.7,995.1,194.0,V,29.0,Monza,Mercedes
27,HAM,28,0,1,1,0,65,29.6,22.3,1.0,2.8,65.8,995.1,190.0,V,30.0,Monza,Mercedes
28,HAM,29,0,3,1,0,65,29.5,22.1,1.0,2.6,66.3,995.2,186.0,S,0.0,Monza,Mercedes
29,HAM,30,0,3,1,0,65,29.6,21.9,1.0,3.4,66.9,995.0,187.0,S,1.0,Monza,Mercedes
30,HAM,31,0,3,1,0,65,29.5,21.9,1.0,3.7,67.3,995.2,192.0,S,2.0,Monza,Mercedes
31,HAM,32,0,3,1,0,65,30.2,21.9,1.0,3.3,67.2,995.2,194.0,S,3.0,Monza,Mercedes
32,HAM,33,0,3,1,0,64,30.7,22.0,1.0,2.5,66.9,995.1,192.0,S,4.0,Monza,Mercedes
33,HAM,34,0,3,1,0,64,32.1,22.2,0.0,3.4,66.1,995.1,188.0,S,5.0,Monza,Mercedes
34,HAM,35,0,3,1,0,64,33.0,22.4,0.0,3.2,65.5,995.1,190.0,S,6.0,Monza,Mercedes
35,HAM,36,0,2,1,0,64,33.2,22.5,0.0,2.6,65.6,995.1,190.0,S,7.0,Monza,Mercedes
36,HAM,37,0,2,1,0,64,33.7,22.6,0.0,2.6,64.5,995.0,188.0,S,8.0,Monza,Mercedes
37,HAM,38,0,2,1,0,64,33.8,22.7,0.0,2.6,64.5,995.1,192.0,S,9.0,Monza,Mercedes
38,HAM,39,0,2,1,0,64,34.0,22.8,0.0,3.0,64.3,995.1,190.0,S,10.0,Monza,Mercedes
39,HAM,40,0,2,1,0,64,34.1,22.9,0.0,3.4,63.4,995.1,178.0,S,11.0,Monza,Mercedes
40,HAM,41,0,2,1,0,64,34.0,22.9,0.0,2.5,62.6,995.1,228.0,S,12.0,Monza,Mercedes
41,HAM,42,0,2,1,0,64,33.7,22.8,0.0,2.0,62.6,995.1,197.0,S,13.0,Monza,Mercedes
42,HAM,43,0,2,1,0,64,33.3,22.9,0.0,1.2,61.4,995.2,201.0,S,14.0,Monza,Mercedes
43,HAM,44,0,2,1,0,64,33.3,22.8,0.0,2.4,61.1,995.2,177.0,S,15.0,Monza,Mercedes
44,HAM,45,0,1,1,0,64,33.1,22.9,0.0,3.0,58.2,995.1,204.0,S,16.0,Monza,Mercedes
45,HAM,46,0,1,1,0,64,32.7,22.6,0.0,2.2,55.7,995.1,196.0,S,17.0,Monza,Mercedes
46,HAM,47,0,1,1,0,64,32.8,22.5,0.0,3.2,56.0,995.1,131.0,S,18.0,Monza,Mercedes
47,HAM,48,0,1,1,0,64,33.0,22.7,0.0,2.6,55.0,995.1,210.0,S,19.0,Monza,Mercedes
48,HAM,49,0,1,1,0,64,33.1,22.6,0.0,2.4,53.6,995.2,205.0,S,20.0,Monza,Mercedes
49,HAM,50,0,1,1,0,64,33.9,22.8,0.0,3.4,52.2,995.1,199.0,S,21.0,Monza,Mercedes
50,HAM,51,0,1,1,0,64,33.6,22.7,0.0,2.7,51.9,995.1,192.0,S,22.0,Monza,Mercedes
51,HAM,52,0,1,1,0,64,33.4,22.6,0.0,2.5,51.7,995.0,206.0,S,23.0,Monza,Mercedes
52,HAM,53,0,1,1,0,64,32.6,22.4,0.0,2.3,52.5,995.2,213.0,S,24.0,Monza,Mercedes
0,BOT,1,0,4,3,0,67,29.5,21.7,1.0,0.9,66.5,995.4,189.0,V,3.0,Monza,Mercedes
1,BOT,2,0,4,3,0,57,29.5,21.8,1.0,1.0,66.2,995.4,225.0,V,4.0,Monza,Mercedes
2,BOT,3,0,4,3,0,53,30.5,21.9,0.0,1.3,65.9,995.3,0.0,V,5.0,Monza,Mercedes
3,BOT,4,0,4,3,0,54,30.6,22.0,0.0,1.8,64.7,995.3,73.0,V,6.0,Monza,Mercedes
4,BOT,5,0,4,3,0,52,30.9,22.2,0.0,0.8,64.3,995.3,251.0,V,7.0,Monza,Mercedes
5,BOT,6,0,4,3,0,51,30.9,22.3,0.0,1.5,63.7,995.3,317.0,V,8.0,Monza,Mercedes
6,BOT,7,0,4,3,0,52,30.2,22.3,0.0,0.7,64.1,995.3,197.0,V,9.0,Monza,Mercedes
7,BOT,8,0,4,3,0,53,30.4,22.3,0.0,2.6,64.3,995.3,181.0,V,10.0,Monza,Mercedes
8,BOT,9,0,4,3,0,53,30.4,22.4,0.0,2.0,64.0,995.2,201.0,V,11.0,Monza,Mercedes
9,BOT,10,0,4,3,0,53,30.4,22.5,0.0,1.0,64.1,995.2,0.0,V,12.0,Monza,Mercedes
10,BOT,11,0,4,3,0,54,30.3,22.5,0.0,2.8,63.7,995.3,199.0,V,13.0,Monza,Mercedes
11,BOT,12,0,4,3,0,54,30.1,22.2,0.0,3.3,64.6,995.2,192.0,V,14.0,Monza,Mercedes
12,BOT,13,0,4,3,0,54,30.1,22.2,0.0,3.2,64.4,995.3,182.0,V,15.0,Monza,Mercedes
13,BOT,14,0,4,3,0,55,30.4,22.4,0.0,2.1,63.9,995.2,18.0,V,16.0,Monza,Mercedes
14,BOT,15,0,4,3,0,60,30.1,22.4,0.0,2.6,64.2,995.1,194.0,V,17.0,Monza,Mercedes
15,BOT,16,0,4,3,0,62,30.2,22.4,0.0,1.5,64.2,995.2,186.0,V,18.0,Monza,Mercedes
16,BOT,17,0,4,3,0,63,29.9,22.5,0.0,3.0,63.2,995.2,190.0,V,19.0,Monza,Mercedes
17,BOT,18,0,4,3,0,64,29.8,22.3,0.0,4.0,63.6,995.2,175.0,V,20.0,Monza,Mercedes
18,BOT,19,0,4,3,0,65,29.5,22.1,0.0,2.7,63.3,995.2,195.0,V,21.0,Monza,Mercedes
19,BOT,20,0,4,3,0,66,29.8,22.2,0.0,0.9,63.6,995.1,196.0,V,22.0,Monza,Mercedes
20,BOT,21,0,3,3,0,66,30.0,22.3,0.0,2.2,63.5,995.1,207.0,V,23.0,Monza,Mercedes
21,BOT,22,0,3,3,0,67,30.0,22.4,0.0,3.7,63.5,995.0,190.0,V,24.0,Monza,Mercedes
22,BOT,23,0,3,3,0,67,30.1,22.5,0.0,3.0,63.0,995.1,173.0,V,25.0,Monza,Mercedes
23,BOT,24,0,3,3,0,67,30.1,22.4,0.0,3.2,63.8,995.1,198.0,V,26.0,Monza,Mercedes
24,BOT,25,0,3,3,0,67,29.8,22.2,0.0,3.0,65.3,995.1,181.0,V,27.0,Monza,Mercedes
25,BOT,26,0,2,3,0,67,29.8,22.2,0.0,2.0,65.2,995.1,192.0,V,28.0,Monza,Mercedes
26,BOT,27,0,2,3,0,67,29.8,22.4,0.0,2.4,65.2,995.2,209.0,V,29.0,Monza,Mercedes
27,BOT,28,0,2,3,0,67,29.8,22.4,0.0,2.9,65.5,995.2,193.0,V,30.0,Monza,Mercedes
28,BOT,29,0,1,3,0,67,29.6,22.3,1.0,2.8,65.8,995.1,190.0,V,31.0,Monza,Mercedes
29,BOT,30,0,1,3,0,67,29.5,22.0,1.0,2.7,66.6,995.2,192.0,V,32.0,Monza,Mercedes
30,BOT,31,0,1,3,0,67,29.6,21.9,1.0,3.4,66.9,995.0,187.0,V,33.0,Monza,Mercedes
31,BOT,32,0,1,3,0,67,29.5,21.9,1.0,3.7,67.3,995.2,192.0,V,34.0,Monza,Mercedes
32,BOT,33,0,1,3,0,67,30.1,21.9,1.0,3.7,67.2,995.1,182.0,V,35.0,Monza,Mercedes
33,BOT,34,0,1,3,0,66,30.2,21.9,1.0,3.3,67.2,995.2,194.0,V,36.0,Monza,Mercedes
34,BOT,35,0,1,3,0,66,32.1,22.2,0.0,3.4,66.1,995.1,188.0,V,37.0,Monza,Mercedes
35,BOT,36,0,3,3,0,66,33.0,22.4,0.0,3.2,65.5,995.1,190.0,V,38.0,Monza,Mercedes
36,BOT,37,0,4,3,0,66,33.8,22.7,0.0,2.6,64.5,995.1,192.0,S,0.0,Monza,Mercedes
37,BOT,38,0,4,3,0,66,34.0,22.8,0.0,3.0,64.3,995.1,190.0,S,1.0,Monza,Mercedes
38,BOT,39,0,4,3,0,66,34.1,22.9,0.0,3.4,63.4,995.1,178.0,S,2.0,Monza,Mercedes
39,BOT,40,0,4,3,0,66,34.4,23.0,0.0,2.2,62.7,995.0,171.0,S,3.0,Monza,Mercedes
40,BOT,41,0,4,3,0,65,33.5,22.9,0.0,3.0,61.9,995.1,187.0,S,4.0,Monza,Mercedes
41,BOT,42,0,4,3,0,66,33.3,22.9,0.0,1.2,61.4,995.2,201.0,S,5.0,Monza,Mercedes
42,BOT,43,0,4,3,0,66,33.1,22.9,0.0,3.0,58.2,995.1,204.0,S,6.0,Monza,Mercedes
43,BOT,44,0,4,3,0,66,32.7,22.7,0.0,2.6,57.1,995.1,177.0,S,7.0,Monza,Mercedes
44,BOT,45,0,4,3,0,66,33.0,22.7,0.0,2.6,55.0,995.1,210.0,S,8.0,Monza,Mercedes
45,BOT,46,0,4,3,0,66,33.1,22.6,0.0,2.4,53.6,995.2,205.0,S,9.0,Monza,Mercedes
46,BOT,47,0,4,3,0,66,33.1,22.6,0.0,1.7,53.2,995.1,192.0,S,10.0,Monza,Mercedes
47,BOT,48,0,4,3,0,66,33.3,22.6,0.0,2.9,53.5,995.2,191.0,S,11.0,Monza,Mercedes
48,BOT,49,0,4,3,0,65,34.0,22.8,0.0,2.5,52.9,995.1,190.0,S,12.0,Monza,Mercedes
49,BOT,50,0,4,3,0,65,33.9,22.8,0.0,3.4,52.2,995.1,199.0,S,13.0,Monza,Mercedes
50,BOT,51,0,4,3,0,65,33.6,22.7,0.0,2.7,51.9,995.1,192.0,S,14.0,Monza,Mercedes
51,BOT,52,0,4,3,0,65,33.4,22.6,0.0,2.5,51.7,995.0,206.0,S,15.0,Monza,Mercedes
52,BOT,53,0,4,3,0,65,33.0,22.5,0.0,3.2,51.8,995.1,189.0,S,16.0,Monza,Mercedes
0,VER,1,0,3,5,0,60,29.5,21.7,1.0,0.9,66.5,995.4,189.0,V,3.0,Monza,Red Bull Racing
1,VER,2,0,3,5,0,52,29.5,21.8,1.0,1.0,66.2,995.4,225.0,V,4.0,Monza,Red Bull Racing
2,VER,3,0,3,5,0,48,29.5,21.6,1.0,0.0,66.8,995.4,0.0,V,5.0,Monza,Red Bull Racing
3,VER,4,0,3,5,0,50,29.5,21.7,1.0,0.4,67.0,995.4,174.0,V,6.0,Monza,Red Bull Racing
4,VER,5,0,3,5,0,49,30.4,21.9,0.0,2.1,65.6,995.3,233.0,V,7.0,Monza,Red Bull Racing
5,VER,6,0,3,5,0,50,30.5,21.9,0.0,1.3,65.9,995.3,0.0,V,8.0,Monza,Red Bull Racing
6,VER,7,0,3,5,0,51,30.6,22.0,0.0,1.8,64.7,995.3,73.0,V,9.0,Monza,Red Bull Racing
7,VER,8,0,3,5,0,52,30.4,22.3,0.0,2.0,64.0,995.4,172.0,V,10.0,Monza,Red Bull Racing
8,VER,9,0,3,5,0,53,30.2,22.3,0.0,0.7,64.1,995.3,197.0,V,11.0,Monza,Red Bull Racing
9,VER,10,0,3,5,0,53,30.4,22.3,0.0,2.6,64.3,995.3,181.0,V,12.0,Monza,Red Bull Racing
10,VER,11,0,3,5,0,54,30.4,22.4,0.0,2.0,64.0,995.2,201.0,V,13.0,Monza,Red Bull Racing
11,VER,12,0,3,5,0,55,30.4,22.4,0.0,2.3,63.9,995.3,181.0,V,14.0,Monza,Red Bull Racing
12,VER,13,0,3,5,0,55,30.4,22.5,0.0,1.8,64.3,995.2,138.0,V,15.0,Monza,Red Bull Racing
13,VER,14,0,3,5,0,56,30.4,22.5,0.0,1.0,64.1,995.2,0.0,V,16.0,Monza,Red Bull Racing
14,VER,15,0,3,5,0,61,30.3,22.6,0.0,1.7,64.0,995.3,182.0,V,17.0,Monza,Red Bull Racing
15,VER,16,0,3,5,0,63,30.2,22.2,0.0,3.7,64.9,995.2,183.0,V,18.0,Monza,Red Bull Racing
16,VER,17,0,3,5,0,64,30.1,22.2,0.0,3.3,64.6,995.2,192.0,V,19.0,Monza,Red Bull Racing
17,VER,18,0,3,5,0,65,30.1,22.2,0.0,3.2,64.4,995.3,182.0,V,20.0,Monza,Red Bull Racing
18,VER,19,0,3,5,0,66,30.1,22.1,0.0,3.1,64.8,995.2,191.0,V,21.0,Monza,Red Bull Racing
19,VER,20,0,3,5,0,67,30.2,22.2,0.0,2.2,64.9,995.1,176.0,V,22.0,Monza,Red Bull Racing
20,VER,21,0,2,5,0,67,30.4,22.4,0.0,2.1,63.9,995.2,18.0,V,23.0,Monza,Red Bull Racing
21,VER,22,0,2,5,0,67,30.1,22.4,0.0,2.6,64.2,995.1,194.0,V,24.0,Monza,Red Bull Racing
22,VER,23,0,2,5,0,68,30.2,22.4,0.0,1.5,64.2,995.2,186.0,V,25.0,Monza,Red Bull Racing
23,VER,24,0,2,5,0,68,29.5,22.1,0.0,2.7,63.3,995.2,195.0,V,26.0,Monza,Red Bull Racing
24,VER,25,0,2,5,0,68,29.6,22.2,0.0,2.6,63.7,995.2,210.0,V,27.0,Monza,Red Bull Racing
25,VER,26,0,3,5,0,68,30.0,22.3,0.0,2.7,63.1,995.1,193.0,V,28.0,Monza,Red Bull Racing
26,VER,27,0,6,5,0,68,30.0,22.3,0.0,2.2,63.5,995.1,207.0,S,0.0,Monza,Red Bull Racing
27,VER,28,0,6,5,0,69,30.0,22.4,0.0,3.7,63.5,995.0,190.0,S,1.0,Monza,Red Bull Racing
28,VER,29,0,4,5,0,69,30.1,22.4,0.0,3.2,63.8,995.1,198.0,S,2.0,Monza,Red Bull Racing
29,VER,30,0,4,5,0,69,29.8,22.2,0.0,2.0,65.2,995.1,192.0,S,3.0,Monza,Red Bull Racing
30,VER,31,0,4,5,0,69,29.8,22.4,0.0,2.4,65.2,995.2,209.0,S,4.0,Monza,Red Bull Racing
31,VER,32,0,4,5,0,69,29.8,22.4,0.0,2.9,65.5,995.2,193.0,S,5.0,Monza,Red Bull Racing
32,VER,33,0,4,5,0,70,29.5,22.1,1.0,2.6,66.3,995.2,186.0,S,6.0,Monza,Red Bull Racing
33,VER,34,0,4,5,0,70,29.5,22.0,1.0,2.5,66.9,995.1,191.0,S,7.0,Monza,Red Bull Racing
34,VER,35,0,4,5,0,70,30.1,21.9,1.0,3.7,67.2,995.1,182.0,S,8.0,Monza,Red Bull Racing
35,VER,36,0,4,5,0,70,30.2,21.9,1.0,3.3,67.2,995.2,194.0,S,9.0,Monza,Red Bull Racing
36,VER,37,0,3,5,0,70,31.7,22.1,0.0,3.0,66.4,995.1,195.0,S,10.0,Monza,Red Bull Racing
37,VER,38,0,3,5,0,70,33.0,22.4,0.0,3.2,65.5,995.1,190.0,S,11.0,Monza,Red Bull Racing
38,VER,39,0,3,5,0,71,33.2,22.5,0.0,2.6,65.6,995.1,190.0,S,12.0,Monza,Red Bull Racing
39,VER,40,0,3,5,0,71,33.8,22.7,0.0,2.6,64.5,995.1,192.0,S,13.0,Monza,Red Bull Racing
40,VER,41,0,3,5,0,71,34.0,22.8,0.0,3.0,64.3,995.1,190.0,S,14.0,Monza,Red Bull Racing
41,VER,42,0,3,5,0,71,34.1,22.9,0.0,3.4,63.4,995.1,178.0,S,15.0,Monza,Red Bull Racing
42,VER,43,0,3,5,0,71,34.4,23.0,0.0,2.2,62.7,995.0,171.0,S,16.0,Monza,Red Bull Racing
43,VER,44,0,3,5,0,71,34.0,22.9,0.0,2.5,62.6,995.1,228.0,S,17.0,Monza,Red Bull Racing
44,VER,45,0,3,5,0,71,33.3,22.9,0.0,1.2,61.4,995.2,201.0,S,18.0,Monza,Red Bull Racing
45,VER,46,0,3,5,0,71,32.7,22.7,0.0,2.6,57.1,995.1,177.0,S,19.0,Monza,Red Bull Racing
46,VER,47,0,3,5,0,71,32.7,22.6,0.0,2.2,55.7,995.1,196.0,S,20.0,Monza,Red Bull Racing
47,VER,48,0,3,5,0,71,33.1,22.6,0.0,2.4,53.6,995.2,205.0,S,21.0,Monza,Red Bull Racing
48,VER,49,0,3,5,0,71,33.1,22.6,0.0,1.7,53.2,995.1,192.0,S,22.0,Monza,Red Bull Racing
49,VER,50,0,3,5,0,71,33.3,22.6,0.0,2.9,53.5,995.2,191.0,S,23.0,Monza,Red Bull Racing
50,VER,51,0,3,5,0,71,33.9,22.8,0.0,3.4,52.2,995.1,199.0,S,24.0,Monza,Red Bull Racing
51,VER,52,0,3,5,0,71,33.4,22.6,0.0,2.5,51.7,995.0,206.0,S,25.0,Monza,Red Bull Racing
52,VER,53,0,3,5,0,71,33.0,22.5,0.0,3.2,51.8,995.1,189.0,S,26.0,Monza,Red Bull Racing
0,GRO,1,0,5,6,0,58,29.5,21.7,1.0,0.9,66.5,995.4,189.0,V,3.0,Monza,Haas F1 Team
1,GRO,2,0,5,6,0,46,29.5,21.8,1.0,1.0,66.2,995.4,225.0,V,4.0,Monza,Haas F1 Team
2,GRO,3,0,5,6,0,44,29.5,21.6,1.0,0.0,66.8,995.4,0.0,V,5.0,Monza,Haas F1 Team
3,GRO,4,0,5,6,0,46,29.8,21.8,0.0,1.5,66.3,995.3,55.0,V,6.0,Monza,Haas F1 Team
4,GRO,5,0,5,6,0,45,30.3,21.8,0.0,0.8,66.2,995.4,187.0,V,7.0,Monza,Haas F1 Team
5,GRO,6,0,5,6,0,45,30.5,21.9,0.0,1.3,65.9,995.3,0.0,V,8.0,Monza,Haas F1 Team
6,GRO,7,0,5,6,0,46,30.4,22.3,0.0,2.6,64.3,995.3,181.0,V,9.0,Monza,Haas F1 Team
7,GRO,8,0,5,6,0,47,30.4,22.4,0.0,2.0,64.0,995.2,201.0,V,10.0,Monza,Haas F1 Team
8,GRO,9,0,5,6,0,47,30.4,22.5,0.0,1.8,64.3,995.2,138.0,V,11.0,Monza,Haas F1 Team
9,GRO,10,0,5,6,0,46,30.2,22.2,0.0,3.7,64.9,995.2,183.0,V,12.0,Monza,Haas F1 Team
10,GRO,11,0,5,6,0,48,30.1,22.2,0.0,3.2,64.4,995.3,182.0,V,13.0,Monza,Haas F1 Team
11,GRO,12,0,5,6,0,48,30.2,22.2,0.0,2.2,64.9,995.1,176.0,V,14.0,Monza,Haas F1 Team
12,GRO,13,0,5,6,0,48,30.3,22.4,0.0,2.7,64.1,995.2,175.0,V,15.0,Monza,Haas F1 Team
13,GRO,14,0,5,6,0,49,30.2,22.4,0.0,1.5,64.2,995.2,186.0,V,16.0,Monza,Haas F1 Team
14,GRO,15,0,5,6,0,54,29.9,22.5,0.0,3.0,63.2,995.2,190.0,V,17.0,Monza,Haas F1 Team
15,GRO,16,0,5,6,0,55,29.8,22.3,0.0,4.0,63.6,995.2,175.0,V,18.0,Monza,Haas F1 Team
16,GRO,17,0,5,6,0,56,29.5,22.1,0.0,2.7,63.3,995.2,195.0,V,19.0,Monza,Haas F1 Team
17,GRO,18,0,5,6,0,56,29.6,22.2,0.0,2.6,63.7,995.2,210.0,V,20.0,Monza,Haas F1 Team
18,GRO,19,0,5,6,0,56,29.8,22.2,0.0,0.9,63.6,995.1,196.0,V,21.0,Monza,Haas F1 Team
19,GRO,20,0,5,6,0,56,30.0,22.3,0.0,2.7,63.1,995.1,193.0,V,22.0,Monza,Haas F1 Team
20,GRO,21,0,5,6,0,57,30.0,22.4,0.0,3.7,63.5,995.0,190.0,V,23.0,Monza,Haas F1 Team
21,GRO,22,0,5,6,0,56,30.1,22.5,0.0,3.0,63.0,995.1,173.0,V,24.0,Monza,Haas F1 Team
22,GRO,23,0,7,6,0,56,29.8,22.2,0.0,2.0,65.2,995.1,192.0,V,25.0,Monza,Haas F1 Team
23,GRO,24,0,11,6,0,56,29.8,22.4,0.0,2.9,65.5,995.2,193.0,S,0.0,Monza,Haas F1 Team
24,GRO,25,0,11,6,0,56,29.6,22.3,1.0,2.8,65.8,995.1,190.0,S,1.0,Monza,Haas F1 Team
25,GRO,26,0,11,6,0,56,29.5,22.1,1.0,2.6,66.3,995.2,186.0,S,2.0,Monza,Haas F1 Team
26,GRO,27,0,11,6,0,56,29.6,21.9,1.0,3.4,66.9,995.0,187.0,S,3.0,Monza,Haas F1 Team
27,GRO,28,0,11,6,0,55,30.2,21.9,1.0,3.3,67.2,995.2,194.0,S,4.0,Monza,Haas F1 Team
28,GRO,29,0,11,6,0,55,30.7,22.0,1.0,2.5,66.9,995.1,192.0,S,5.0,Monza,Haas F1 Team
29,GRO,30,0,11,6,0,55,31.7,22.1,0.0,3.0,66.4,995.1,195.0,S,6.0,Monza,Haas F1 Team
30,GRO,31,0,11,6,0,55,32.1,22.2,0.0,3.4,66.1,995.1,188.0,S,7.0,Monza,Haas F1 Team
31,GRO,32,0,11,6,0,54,33.0,22.4,0.0,3.2,65.5,995.1,190.0,S,8.0,Monza,Haas F1 Team
32,GRO,33,0,11,6,0,54,33.7,22.6,0.0,2.6,64.5,995.0,188.0,S,9.0,Monza,Haas F1 Team
33,GRO,34,0,11,6,0,54,33.8,22.7,0.0,2.6,64.5,995.1,192.0,S,10.0,Monza,Haas F1 Team
34,GRO,35,0,10,6,0,53,34.0,22.8,0.0,3.0,64.3,995.1,190.0,S,11.0,Monza,Haas F1 Team
35,GRO,36,0,9,6,0,54,34.1,22.9,0.0,3.4,63.4,995.1,178.0,S,12.0,Monza,Haas F1 Team
36,GRO,37,0,9,6,0,53,34.4,23.0,0.0,2.2,62.7,995.0,171.0,S,13.0,Monza,Haas F1 Team
37,GRO,38,0,9,6,0,53,34.0,22.9,0.0,2.5,62.6,995.1,228.0,S,14.0,Monza,Haas F1 Team
38,GRO,39,0,8,6,0,53,33.7,22.8,0.0,2.0,62.6,995.1,197.0,S,15.0,Monza,Haas F1 Team
39,GRO,40,0,6,6,0,53,33.5,22.9,0.0,3.0,61.9,995.1,187.0,S,16.0,Monza,Haas F1 Team
40,GRO,41,0,6,6,0,53,33.3,22.9,0.0,1.2,61.4,995.2,201.0,S,17.0,Monza,Haas F1 Team
41,GRO,42,0,6,6,0,53,32.7,22.7,0.0,2.6,57.1,995.1,177.0,S,18.0,Monza,Haas F1 Team
42,GRO,43,0,6,6,0,53,32.7,22.6,0.0,2.2,55.7,995.1,196.0,S,19.0,Monza,Haas F1 Team
43,GRO,44,0,6,6,0,53,32.8,22.5,0.0,3.2,56.0,995.1,131.0,S,20.0,Monza,Haas F1 Team
44,GRO,45,0,6,6,0,54,33.0,22.7,0.0,2.6,55.0,995.1,210.0,S,21.0,Monza,Haas F1 Team
45,GRO,46,0,6,6,0,54,33.1,22.6,0.0,2.4,53.6,995.2,205.0,S,22.0,Monza,Haas F1 Team
46,GRO,47,0,6,6,0,54,33.1,22.6,0.0,1.7,53.2,995.1,192.0,S,23.0,Monza,Haas F1 Team
47,GRO,48,0,6,6,0,54,33.3,22.6,0.0,2.9,53.5,995.2,191.0,S,24.0,Monza,Haas F1 Team
48,GRO,49,0,6,6,0,54,34.0,22.8,0.0,2.5,52.9,995.1,190.0,S,25.0,Monza,Haas F1 Team
49,GRO,50,0,6,6,0,54,33.6,22.7,0.0,2.7,51.9,995.1,192.0,S,26.0,Monza,Haas F1 Team
50,GRO,51,0,6,6,0,54,33.4,22.6,0.0,2.5,51.7,995.0,206.0,S,27.0,Monza,Haas F1 Team
51,GRO,52,0,6,6,0,54,33.0,22.5,0.0,3.2,51.8,995.1,189.0,S,28.0,Monza,Haas F1 Team
52,GRO,53,0,6,6,0,54,32.6,22.4,0.0,2.3,52.5,995.2,213.0,S,29.0,Monza,Haas F1 Team
0,SAI,1,0,6,9,0,61,29.5,21.7,1.0,0.9,66.5,995.4,189.0,V,3.0,Monza,Renault
1,SAI,2,0,6,9,0,52,29.5,21.8,1.0,1.0,66.2,995.4,225.0,V,4.0,Monza,Renault
2,SAI,3,0,6,9,0,50,29.5,21.6,1.0,0.0,66.8,995.4,0.0,V,5.0,Monza,Renault
3,SAI,4,0,6,9,0,51,29.5,21.7,1.0,0.4,67.0,995.4,174.0,V,6.0,Monza,Renault
4,SAI,5,0,6,9,0,49,29.8,21.8,0.0,1.5,66.3,995.3,55.0,V,7.0,Monza,Renault
5,SAI,6,0,6,9,0,49,30.3,21.8,0.0,0.8,66.2,995.4,187.0,V,8.0,Monza,Renault
6,SAI,7,0,6,9,0,49,30.5,21.9,0.0,1.3,65.9,995.3,0.0,V,9.0,Monza,Renault
7,SAI,8,0,6,9,0,50,30.6,22.0,0.0,1.8,64.7,995.3,73.0,V,10.0,Monza,Renault
8,SAI,9,0,6,9,0,50,30.9,22.2,0.0,0.8,64.3,995.3,251.0,V,11.0,Monza,Renault
9,SAI,10,0,6,9,0,50,30.9,22.3,0.0,1.5,63.7,995.3,317.0,V,12.0,Monza,Renault
10,SAI,11,0,6,9,0,52,30.4,22.3,0.0,2.0,64.0,995.4,172.0,V,13.0,Monza,Renault
11,SAI,12,0,6,9,0,53,30.2,22.3,0.0,0.7,64.1,995.3,197.0,V,14.0,Monza,Renault
12,SAI,13,0,6,9,0,52,30.4,22.3,0.0,2.6,64.3,995.3,181.0,V,15.0,Monza,Renault
13,SAI,14,0,7,9,0,54,30.4,22.4,0.0,2.0,64.0,995.2,201.0,V,16.0,Monza,Renault
14,SAI,15,0,7,9,0,58,30.4,22.4,0.0,2.3,63.9,995.3,181.0,V,17.0,Monza,Renault
15,SAI,16,0,7,9,0,60,30.4,22.5,0.0,1.8,64.3,995.2,138.0,V,18.0,Monza,Renault
16,SAI,17,0,7,9,0,61,30.4,22.5,0.0,1.0,64.1,995.2,0.0,V,19.0,Monza,Renault
17,SAI,18,0,7,9,0,61,30.3,22.5,0.0,2.8,63.7,995.3,199.0,V,20.0,Monza,Renault
18,SAI,19,0,7,9,0,62,30.2,22.2,0.0,3.7,64.9,995.2,183.0,V,21.0,Monza,Renault
19,SAI,20,0,8,9,0,62,30.1,22.2,0.0,3.3,64.6,995.2,192.0,V,22.0,Monza,Renault
20,SAI,21,0,8,9,0,62,30.1,22.1,0.0,3.1,64.8,995.2,191.0,V,23.0,Monza,Renault
21,SAI,22,0,8,9,0,62,30.3,22.4,0.0,2.7,64.1,995.2,175.0,V,24.0,Monza,Renault
22,SAI,23,0,8,9,0,62,30.1,22.4,0.0,2.6,64.2,995.1,194.0,V,25.0,Monza,Renault
23,SAI,24,0,8,9,0,63,29.8,22.3,0.0,4.0,63.6,995.2,175.0,V,26.0,Monza,Renault
24,SAI,25,0,8,9,0,62,30.0,22.3,0.0,2.2,63.5,995.1,207.0,V,27.0,Monza,Renault
25,SAI,26,0,8,9,0,62,30.0,22.4,0.0,3.7,63.5,995.0,190.0,V,28.0,Monza,Renault
26,SAI,27,0,8,9,0,62,30.1,22.5,0.0,3.0,63.0,995.1,173.0,V,29.0,Monza,Renault
27,SAI,28,0,8,9,0,62,29.8,22.2,0.0,3.2,64.7,995.1,194.0,V,30.0,Monza,Renault
28,SAI,29,0,8,9,0,62,29.8,22.2,0.0,3.0,65.3,995.1,181.0,V,31.0,Monza,Renault
29,SAI,30,0,7,9,0,62,29.8,22.4,0.0,2.4,65.2,995.2,209.0,V,32.0,Monza,Renault
30,SAI,31,0,7,9,0,62,29.8,22.4,0.0,2.9,65.5,995.2,193.0,V,33.0,Monza,Renault
31,SAI,32,0,7,9,0,62,29.6,22.3,1.0,2.8,65.8,995.1,190.0,V,34.0,Monza,Renault
32,SAI,33,0,7,9,0,62,29.5,22.1,1.0,2.6,66.3,995.2,186.0,V,35.0,Monza,Renault
33,SAI,34,0,8,9,0,61,29.6,21.9,1.0,3.4,66.9,995.0,187.0,V,36.0,Monza,Renault
34,SAI,35,0,8,9,0,61,30.1,21.9,1.0,3.7,67.2,995.1,182.0,V,37.0,Monza,Renault
35,SAI,36,0,8,9,0,61,30.2,21.9,1.0,3.3,67.2,995.2,194.0,V,38.0,Monza,Renault
36,SAI,37,0,8,9,0,61,33.0,22.4,0.0,3.2,65.5,995.1,190.0,V,39.0,Monza,Renault
37,SAI,38,0,8,9,0,61,33.7,22.6,0.0,2.6,64.5,995.0,188.0,V,40.0,Monza,Renault
38,SAI,39,0,7,9,0,61,33.8,22.7,0.0,2.6,64.5,995.1,192.0,V,41.0,Monza,Renault
39,SAI,40,0,9,9,0,61,34.0,22.8,0.0,3.0,64.3,995.1,190.0,S,0.0,Monza,Renault
40,SAI,41,0,9,9,0,61,34.1,22.9,0.0,3.4,63.4,995.1,178.0,S,1.0,Monza,Renault
41,SAI,42,0,9,9,0,61,34.4,23.0,0.0,2.2,62.7,995.0,171.0,S,2.0,Monza,Renault
42,SAI,43,0,9,9,0,61,34.0,22.9,0.0,2.5,62.6,995.1,228.0,S,3.0,Monza,Renault
43,SAI,44,0,9,9,0,61,33.7,22.8,0.0,2.0,62.6,995.1,197.0,S,4.0,Monza,Renault
44,SAI,45,0,9,9,0,61,33.3,22.9,0.0,1.2,61.4,995.2,201.0,S,5.0,Monza,Renault
45,SAI,46,0,9,9,0,61,33.3,22.8,0.0,2.4,61.1,995.2,177.0,S,6.0,Monza,Renault
46,SAI,47,0,9,9,0,61,32.7,22.7,0.0,2.6,57.1,995.1,177.0,S,7.0,Monza,Renault
47,SAI,48,0,9,9,0,61,33.0,22.7,0.0,2.6,55.0,995.1,210.0,S,8.0,Monza,Renault
48,SAI,49,0,9,9,0,61,33.1,22.6,0.0,1.7,53.2,995.1,192.0,S,9.0,Monza,Renault
49,SAI,50,0,9,9,0,61,34.0,22.8,0.0,2.5,52.9,995.1,190.0,S,10.0,Monza,Renault
50,SAI,51,0,9,9,0,61,33.9,22.8,0.0,3.4,52.2,995.1,199.0,S,11.0,Monza,Renault
51,SAI,52,0,9,9,0,61,33.0,22.5,0.0,3.2,51.8,995.1,189.0,S,12.0,Monza,Renault
52,SAI,53,0,9,9,0,61,32.6,22.4,0.0,2.3,52.5,995.2,213.0,S,13.0,Monza,Renault
0,OCO,1,0,7,7,0,54,29.5,21.7,1.0,0.9,66.5,995.4,189.0,V,3.0,Monza,Racing Point
1,OCO,2,0,7,7,0,50,29.5,21.8,1.0,1.0,66.2,995.4,225.0,V,4.0,Monza,Racing Point
2,OCO,3,0,7,7,0,47,29.5,21.7,1.0,0.4,67.0,995.4,174.0,V,5.0,Monza,Racing Point
3,OCO,4,0,7,7,0,48,29.8,21.8,0.0,1.5,66.3,995.3,55.0,V,6.0,Monza,Racing Point
4,OCO,5,0,7,7,0,47,30.3,21.8,0.0,0.8,66.2,995.4,187.0,V,7.0,Monza,Racing Point
5,OCO,6,0,7,7,0,47,30.9,22.2,0.0,0.8,64.3,995.3,251.0,V,8.0,Monza,Racing Point
6,OCO,7,0,7,7,0,47,30.9,22.3,0.0,1.5,63.7,995.3,317.0,V,9.0,Monza,Racing Point
7,OCO,8,0,7,7,0,48,30.4,22.3,0.0,2.6,64.3,995.3,181.0,V,10.0,Monza,Racing Point
8,OCO,9,0,7,7,0,48,30.4,22.4,0.0,2.0,64.0,995.2,201.0,V,11.0,Monza,Racing Point
9,OCO,10,0,7,7,0,48,30.4,22.4,0.0,2.3,63.9,995.3,181.0,V,12.0,Monza,Racing Point
10,OCO,11,0,7,7,0,49,30.4,22.5,0.0,1.8,64.3,995.2,138.0,V,13.0,Monza,Racing Point
11,OCO,12,0,7,7,0,49,30.4,22.5,0.0,1.0,64.1,995.2,0.0,V,14.0,Monza,Racing Point
12,OCO,13,0,7,7,0,49,30.3,22.5,0.0,2.8,63.7,995.3,199.0,V,15.0,Monza,Racing Point
13,OCO,14,0,6,7,0,51,30.2,22.2,0.0,3.7,64.9,995.2,183.0,V,16.0,Monza,Racing Point
14,OCO,15,0,6,7,0,54,30.1,22.1,0.0,3.1,64.8,995.2,191.0,V,17.0,Monza,Racing Point
15,OCO,16,0,6,7,0,55,30.2,22.2,0.0,2.2,64.9,995.1,176.0,V,18.0,Monza,Racing Point
16,OCO,17,0,6,7,0,56,30.3,22.4,0.0,2.7,64.1,995.2,175.0,V,19.0,Monza,Racing Point
17,OCO,18,0,6,7,0,56,30.4,22.4,0.0,2.1,63.9,995.2,18.0,V,20.0,Monza,Racing Point
18,OCO,19,0,6,7,0,57,30.1,22.4,0.0,2.6,64.2,995.1,194.0,V,21.0,Monza,Racing Point
19,OCO,20,0,6,7,0,57,30.2,22.4,0.0,1.5,64.2,995.2,186.0,V,22.0,Monza,Racing Point
20,OCO,21,0,6,7,0,57,29.5,22.1,0.0,2.7,63.3,995.2,195.0,V,23.0,Monza,Racing Point
21,OCO,22,0,6,7,0,57,29.6,22.2,0.0,2.6,63.7,995.2,210.0,V,24.0,Monza,Racing Point
22,OCO,23,0,5,7,0,57,29.8,22.2,0.0,2.1,63.6,995.1,0.0,V,25.0,Monza,Racing Point
23,OCO,24,0,6,7,0,57,29.8,22.2,0.0,0.9,63.6,995.1,196.0,V,26.0,Monza,Racing Point
24,OCO,25,0,6,7,0,57,30.0,22.3,0.0,2.7,63.1,995.1,193.0,V,27.0,Monza,Racing Point
25,OCO,26,0,6,7,0,57,30.0,22.4,0.0,3.7,63.5,995.0,190.0,V,28.0,Monza,Racing Point
26,OCO,27,0,5,7,0,57,30.1,22.4,0.0,3.2,63.8,995.1,198.0,V,29.0,Monza,Racing Point
27,OCO,28,0,5,7,0,57,29.8,22.2,0.0,2.0,65.2,995.1,192.0,V,30.0,Monza,Racing Point
28,OCO,29,0,6,7,0,57,29.5,22.1,1.0,2.6,66.3,995.2,186.0,V,31.0,Monza,Racing Point
29,OCO,30,0,5,7,0,56,29.5,22.0,1.0,2.7,66.6,995.2,192.0,V,32.0,Monza,Racing Point
30,OCO,31,0,5,7,0,56,29.5,22.0,1.0,2.5,66.9,995.1,191.0,V,33.0,Monza,Racing Point
31,OCO,32,0,5,7,0,56,29.6,21.9,1.0,3.4,66.9,995.0,187.0,V,34.0,Monza,Racing Point
32,OCO,33,0,5,7,0,56,29.5,21.9,1.0,3.7,67.3,995.2,192.0,V,35.0,Monza,Racing Point
33,OCO,34,0,5,7,0,56,30.7,22.0,1.0,2.5,66.9,995.1,192.0,V,36.0,Monza,Racing Point
34,OCO,35,0,5,7,0,56,32.1,22.2,0.0,3.4,66.1,995.1,188.0,V,37.0,Monza,Racing Point
35,OCO,36,0,5,7,0,56,33.2,22.5,0.0,2.6,65.6,995.1,190.0,V,38.0,Monza,Racing Point
36,OCO,37,0,5,7,0,56,33.7,22.6,0.0,2.6,64.5,995.0,188.0,V,39.0,Monza,Racing Point
37,OCO,38,0,7,7,0,56,33.8,22.7,0.0,2.6,64.5,995.1,192.0,V,40.0,Monza,Racing Point
38,OCO,39,0,9,7,0,56,34.0,22.8,0.0,3.0,64.3,995.1,190.0,S,0.0,Monza,Racing Point
39,OCO,40,0,7,7,0,56,34.1,22.9,0.0,3.4,63.4,995.1,178.0,S,1.0,Monza,Racing Point
40,OCO,41,0,7,7,0,56,33.7,22.8,0.0,2.0,62.6,995.1,197.0,S,2.0,Monza,Racing Point
41,OCO,42,0,7,7,0,56,33.5,22.9,0.0,3.0,61.9,995.1,187.0,S,3.0,Monza,Racing Point
42,OCO,43,0,7,7,0,56,33.3,22.9,0.0,1.2,61.4,995.2,201.0,S,4.0,Monza,Racing Point
43,OCO,44,0,7,7,0,56,33.3,22.8,0.0,2.4,61.1,995.2,177.0,S,5.0,Monza,Racing Point
44,OCO,45,0,7,7,0,57,32.7,22.7,0.0,2.6,57.1,995.1,177.0,S,6.0,Monza,Racing Point
45,OCO,46,0,7,7,0,57,32.7,22.6,0.0,2.2,55.7,995.1,196.0,S,7.0,Monza,Racing Point
46,OCO,47,0,7,7,0,57,32.8,22.5,0.0,3.2,56.0,995.1,131.0,S,8.0,Monza,Racing Point
47,OCO,48,0,7,7,0,57,33.0,22.7,0.0,2.6,55.0,995.1,210.0,S,9.0,Monza,Racing Point
48,OCO,49,0,7,7,0,57,33.1,22.6,0.0,2.4,53.6,995.2,205.0,S,10.0,Monza,Racing Point
49,OCO,50,0,7,7,0,57,33.1,22.6,0.0,1.7,53.2,995.1,192.0,S,11.0,Monza,Racing Point
50,OCO,51,0,7,7,0,57,33.3,22.6,0.0,2.9,53.5,995.2,191.0,S,12.0,Monza,Racing Point
51,OCO,52,0,7,7,0,57,33.0,22.5,0.0,3.2,51.8,995.1,189.0,S,13.0,Monza,Racing Point
52,OCO,53,0,7,7,0,57,32.6,22.4,0.0,2.3,52.5,995.2,213.0,S,14.0,Monza,Racing Point
0,GAS,1,0,11,15,0,66,29.5,21.8,1.0,1.0,66.2,995.4,225.0,V,3.0,Monza,Toro Rosso
1,GAS,2,0,11,15,0,55,29.5,21.6,1.0,0.0,66.8,995.4,0.0,V,4.0,Monza,Toro Rosso
2,GAS,3,0,11,15,0,52,29.5,21.7,1.0,0.4,67.0,995.4,174.0,V,5.0,Monza,Toro Rosso
3,GAS,4,0,11,15,0,53,30.4,21.9,0.0,2.1,65.6,995.3,233.0,V,6.0,Monza,Toro Rosso
4,GAS,5,0,11,15,0,51,30.9,22.2,0.0,0.8,64.3,995.3,251.0,V,7.0,Monza,Toro Rosso
5,GAS,6,0,12,15,0,51,30.9,22.3,0.0,1.5,63.7,995.3,317.0,V,8.0,Monza,Toro Rosso
6,GAS,7,0,12,15,0,51,30.4,22.3,0.0,2.0,64.0,995.4,172.0,V,9.0,Monza,Toro Rosso
7,GAS,8,0,13,15,0,52,30.2,22.3,0.0,0.7,64.1,995.3,197.0,V,10.0,Monza,Toro Rosso
8,GAS,9,0,11,15,0,51,30.4,22.3,0.0,2.6,64.3,995.3,181.0,V,11.0,Monza,Toro Rosso
9,GAS,10,0,12,15,0,51,30.4,22.4,0.0,2.0,64.0,995.2,201.0,V,12.0,Monza,Toro Rosso
10,GAS,11,0,12,15,0,52,30.4,22.5,0.0,1.0,64.1,995.2,0.0,V,13.0,Monza,Toro Rosso
11,GAS,12,0,13,15,0,52,30.3,22.6,0.0,1.7,64.0,995.3,182.0,V,14.0,Monza,Toro Rosso
12,GAS,13,0,13,15,0,52,30.3,22.5,0.0,2.8,63.7,995.3,199.0,V,15.0,Monza,Toro Rosso
13,GAS,14,0,13,15,0,55,30.1,22.2,0.0,3.3,64.6,995.2,192.0,V,16.0,Monza,Toro Rosso
14,GAS,15,0,13,15,0,58,30.1,22.2,0.0,3.2,64.4,995.3,182.0,V,17.0,Monza,Toro Rosso
15,GAS,16,0,13,15,0,60,30.1,22.1,0.0,3.1,64.8,995.2,191.0,V,18.0,Monza,Toro Rosso
16,GAS,17,0,14,15,0,60,30.2,22.2,0.0,2.2,64.9,995.1,176.0,V,19.0,Monza,Toro Rosso
17,GAS,18,0,14,15,0,61,30.4,22.4,0.0,2.1,63.9,995.2,18.0,V,20.0,Monza,Toro Rosso
18,GAS,19,0,14,15,0,61,29.8,22.3,0.0,4.0,63.6,995.2,175.0,V,21.0,Monza,Toro Rosso
19,GAS,20,0,14,15,0,61,29.5,22.1,0.0,2.7,63.3,995.2,195.0,V,22.0,Monza,Toro Rosso
20,GAS,21,0,14,15,0,62,29.8,22.2,0.0,2.1,63.6,995.1,0.0,V,23.0,Monza,Toro Rosso
21,GAS,22,0,14,15,0,62,30.0,22.3,0.0,2.2,63.5,995.1,207.0,V,24.0,Monza,Toro Rosso
22,GAS,23,0,14,15,0,62,30.0,22.4,0.0,3.7,63.5,995.0,190.0,V,25.0,Monza,Toro Rosso
23,GAS,24,0,13,15,0,62,30.1,22.5,0.0,3.0,63.0,995.1,173.0,V,26.0,Monza,Toro Rosso
24,GAS,25,0,13,15,0,62,30.1,22.4,0.0,3.2,63.8,995.1,198.0,V,27.0,Monza,Toro Rosso
25,GAS,26,0,13,15,0,62,29.8,22.2,0.0,3.2,64.7,995.1,194.0,V,28.0,Monza,Toro Rosso
26,GAS,27,0,13,15,0,62,29.8,22.2,0.0,3.0,65.3,995.1,181.0,V,29.0,Monza,Toro Rosso
27,GAS,28,0,13,15,0,62,29.8,22.2,0.0,2.0,65.2,995.1,192.0,V,30.0,Monza,Toro Rosso
28,GAS,29,0,13,15,0,61,29.8,22.4,0.0,2.4,65.2,995.2,209.0,V,31.0,Monza,Toro Rosso
29,GAS,30,0,13,15,0,61,29.5,22.1,1.0,2.6,66.3,995.2,186.0,V,32.0,Monza,Toro Rosso
30,GAS,31,0,13,15,0,61,29.5,22.0,1.0,2.7,66.6,995.2,192.0,V,33.0,Monza,Toro Rosso
31,GAS,32,0,13,15,0,61,29.5,22.0,1.0,2.5,66.9,995.1,191.0,V,34.0,Monza,Toro Rosso
32,GAS,33,0,13,15,0,60,29.5,21.9,1.0,3.7,67.3,995.2,192.0,V,35.0,Monza,Toro Rosso
33,GAS,34,0,13,15,0,60,30.2,21.9,1.0,3.3,67.2,995.2,194.0,V,36.0,Monza,Toro Rosso
34,GAS,35,0,16,15,0,60,31.7,22.1,0.0,3.0,66.4,995.1,195.0,S,0.0,Monza,Toro Rosso
35,GAS,36,0,16,15,0,60,33.0,22.4,0.0,3.2,65.5,995.1,190.0,S,1.0,Monza,Toro Rosso
36,GAS,37,0,16,15,0,60,33.2,22.5,0.0,2.6,65.6,995.1,190.0,S,2.0,Monza,Toro Rosso
37,GAS,38,0,16,15,0,59,33.8,22.7,0.0,2.6,64.5,995.1,192.0,S,3.0,Monza,Toro Rosso
38,GAS,39,0,16,15,0,59,34.0,22.8,0.0,3.0,64.3,995.1,190.0,S,4.0,Monza,Toro Rosso
39,GAS,40,0,16,15,0,59,34.1,22.9,0.0,3.4,63.4,995.1,178.0,S,5.0,Monza,Toro Rosso
40,GAS,41,0,16,15,0,59,34.4,23.0,0.0,2.2,62.7,995.0,171.0,S,6.0,Monza,Toro Rosso
41,GAS,42,0,15,15,0,59,34.0,22.9,0.0,2.5,62.6,995.1,228.0,S,7.0,Monza,Toro Rosso
42,GAS,43,0,14,15,0,59,33.7,22.8,0.0,2.0,62.6,995.1,197.0,S,8.0,Monza,Toro Rosso
43,GAS,44,0,14,15,0,59,33.5,22.9,0.0,3.0,61.9,995.1,187.0,S,9.0,Monza,Toro Rosso
44,GAS,45,0,14,15,0,59,33.3,22.8,0.0,2.4,61.1,995.2,177.0,S,10.0,Monza,Toro Rosso
45,GAS,46,0,14,15,0,59,33.1,22.9,0.0,3.0,58.2,995.1,204.0,S,11.0,Monza,Toro Rosso
46,GAS,47,0,14,15,0,59,32.7,22.7,0.0,2.6,57.1,995.1,177.0,S,12.0,Monza,Toro Rosso
47,GAS,48,0,14,15,0,59,33.1,22.6,0.0,2.4,53.6,995.2,205.0,S,13.0,Monza,Toro Rosso
48,GAS,49,0,15,15,0,59,33.1,22.6,0.0,1.7,53.2,995.1,192.0,S,14.0,Monza,Toro Rosso
49,GAS,50,0,15,15,0,59,33.6,22.7,0.0,2.7,51.9,995.1,192.0,S,15.0,Monza,Toro Rosso
50,GAS,51,0,15,15,0,59,33.4,22.6,0.0,2.5,51.7,995.0,206.0,S,16.0,Monza,Toro Rosso
51,GAS,52,0,15,15,0,59,32.6,22.4,0.0,2.3,52.5,995.2,213.0,S,17.0,Monza,Toro Rosso
0,STR,1,0,8,10,0,56,29.5,21.7,1.0,0.9,66.5,995.4,189.0,V,3.0,Monza,Williams
1,STR,2,0,8,10,0,51,29.5,21.7,1.0,0.4,67.0,995.4,174.0,V,4.0,Monza,Williams
2,STR,3,0,8,10,0,47,29.8,21.8,0.0,1.5,66.3,995.3,55.0,V,5.0,Monza,Williams
3,STR,4,0,8,10,0,49,30.3,21.8,0.0,0.8,66.2,995.4,187.0,V,6.0,Monza,Williams
4,STR,5,0,8,10,0,47,30.6,22.0,0.0,1.8,64.7,995.3,73.0,V,7.0,Monza,Williams
5,STR,6,0,8,10,0,47,30.9,22.3,0.0,1.5,63.7,995.3,317.0,V,8.0,Monza,Williams
6,STR,7,0,8,10,0,48,30.2,22.3,0.0,0.7,64.1,995.3,197.0,V,9.0,Monza,Williams
7,STR,8,0,8,10,0,49,30.4,22.4,0.0,2.3,63.9,995.3,181.0,V,10.0,Monza,Williams
8,STR,9,0,8,10,0,49,30.4,22.5,0.0,1.8,64.3,995.2,138.0,V,11.0,Monza,Williams
9,STR,10,0,8,10,0,49,30.4,22.5,0.0,1.0,64.1,995.2,0.0,V,12.0,Monza,Williams
10,STR,11,0,8,10,0,51,30.2,22.2,0.0,3.7,64.9,995.2,183.0,V,13.0,Monza,Williams
11,STR,12,0,8,10,0,51,30.1,22.2,0.0,3.3,64.6,995.2,192.0,V,14.0,Monza,Williams
12,STR,13,0,8,10,0,51,30.1,22.1,0.0,3.1,64.8,995.2,191.0,V,15.0,Monza,Williams
13,STR,14,0,8,10,0,54,30.2,22.2,0.0,2.2,64.9,995.1,176.0,V,16.0,Monza,Williams
14,STR,15,0,9,10,0,57,30.3,22.4,0.0,2.7,64.1,995.2,175.0,V,17.0,Monza,Williams
15,STR,16,0,10,10,0,58,30.4,22.4,0.0,2.1,63.9,995.2,18.0,V,18.0,Monza,Williams
16,STR,17,0,10,10,0,59,30.2,22.4,0.0,1.5,64.2,995.2,186.0,V,19.0,Monza,Williams
17,STR,18,0,10,10,0,60,29.8,22.3,0.0,4.0,63.6,995.2,175.0,V,20.0,Monza,Williams
18,STR,19,0,10,10,0,60,29.5,22.1,0.0,2.7,63.3,995.2,195.0,V,21.0,Monza,Williams
19,STR,20,0,10,10,0,61,29.6,22.2,0.0,2.6,63.7,995.2,210.0,V,22.0,Monza,Williams
20,STR,21,0,10,10,0,61,29.8,22.2,0.0,0.9,63.6,995.1,196.0,V,23.0,Monza,Williams
21,STR,22,0,10,10,0,61,30.0,22.3,0.0,2.2,63.5,995.1,207.0,V,24.0,Monza,Williams
22,STR,23,0,10,10,0,61,30.0,22.4,0.0,3.7,63.5,995.0,190.0,V,25.0,Monza,Williams
23,STR,24,0,9,10,0,61,30.1,22.5,0.0,3.0,63.0,995.1,173.0,V,26.0,Monza,Williams
24,STR,25,0,9,10,0,61,29.8,22.2,0.0,3.2,64.7,995.1,194.0,V,27.0,Monza,Williams
25,STR,26,0,9,10,0,61,29.8,22.2,0.0,2.0,65.2,995.1,192.0,V,28.0,Monza,Williams
26,STR,27,0,9,10,0,61,29.8,22.4,0.0,2.4,65.2,995.2,209.0,V,29.0,Monza,Williams
27,STR,28,0,9,10,0,61,29.6,22.3,1.0,2.8,65.8,995.1,190.0,V,30.0,Monza,Williams
28,STR,29,0,9,10,0,61,29.5,22.1,1.0,2.6,66.3,995.2,186.0,V,31.0,Monza,Williams
29,STR,30,0,8,10,0,61,29.5,22.0,1.0,2.7,66.6,995.2,192.0,V,32.0,Monza,Williams
30,STR,31,0,8,10,0,61,29.6,21.9,1.0,3.4,66.9,995.0,187.0,V,33.0,Monza,Williams
31,STR,32,0,9,10,0,61,30.1,21.9,1.0,3.7,67.2,995.1,182.0,V,34.0,Monza,Williams
32,STR,33,0,9,10,0,61,32.1,22.2,0.0,3.4,66.1,995.1,188.0,V,35.0,Monza,Williams
33,STR,34,0,9,10,0,60,33.2,22.5,0.0,2.6,65.6,995.1,190.0,V,36.0,Monza,Williams
34,STR,35,0,11,10,0,61,33.7,22.6,0.0,2.6,64.5,995.0,188.0,V,37.0,Monza,Williams
35,STR,36,0,13,10,0,61,33.8,22.7,0.0,2.6,64.5,995.1,192.0,S,0.0,Monza,Williams
36,STR,37,0,13,10,0,61,34.0,22.8,0.0,3.0,64.3,995.1,190.0,S,1.0,Monza,Williams
37,STR,38,0,12,10,0,61,34.1,22.9,0.0,3.4,63.4,995.1,178.0,S,2.0,Monza,Williams
38,STR,39,0,11,10,0,61,34.4,23.0,0.0,2.2,62.7,995.0,171.0,S,3.0,Monza,Williams
39,STR,40,0,11,10,0,61,34.0,22.9,0.0,2.5,62.6,995.1,228.0,S,4.0,Monza,Williams
40,STR,41,0,10,10,0,61,33.7,22.8,0.0,2.0,62.6,995.1,197.0,S,5.0,Monza,Williams
41,STR,42,0,10,10,0,61,33.5,22.9,0.0,3.0,61.9,995.1,187.0,S,6.0,Monza,Williams
42,STR,43,0,10,10,0,61,33.3,22.9,0.0,1.2,61.4,995.2,201.0,S,7.0,Monza,Williams
43,STR,44,0,10,10,0,61,33.3,22.8,0.0,2.4,61.1,995.2,177.0,S,8.0,Monza,Williams
44,STR,45,0,10,10,0,61,33.1,22.9,0.0,3.0,58.2,995.1,204.0,S,9.0,Monza,Williams
45,STR,46,0,10,10,0,61,32.7,22.6,0.0,2.2,55.7,995.1,196.0,S,10.0,Monza,Williams
46,STR,47,0,10,10,0,61,32.8,22.5,0.0,3.2,56.0,995.1,131.0,S,11.0,Monza,Williams
47,STR,48,0,10,10,0,61,33.0,22.7,0.0,2.6,55.0,995.1,210.0,S,12.0,Monza,Williams
48,STR,49,0,10,10,0,61,33.1,22.6,0.0,1.7,53.2,995.1,192.0,S,13.0,Monza,Williams
49,STR,50,0,10,10,0,61,34.0,22.8,0.0,2.5,52.9,995.1,190.0,S,14.0,Monza,Williams
50,STR,51,0,10,10,0,61,33.6,22.7,0.0,2.7,51.9,995.1,192.0,S,15.0,Monza,Williams
51,STR,52,0,10,10,0,61,33.0,22.5,0.0,3.2,51.8,995.1,189.0,S,16.0,Monza,Williams
0,MAG,1,0,12,17,0,49,29.5,21.7,1.0,0.9,66.5,995.4,189.0,S,0.0,Monza,Haas F1 Team
1,MAG,2,0,12,17,0,42,29.5,21.8,1.0,1.0,66.2,995.4,225.0,S,1.0,Monza,Haas F1 Team
2,MAG,3,0,12,17,0,40,29.5,21.6,1.0,0.0,66.8,995.4,0.0,S,2.0,Monza,Haas F1 Team
3,MAG,4,0,19,17,0,42,29.8,21.8,0.0,1.5,66.3,995.3,55.0,S,3.0,Monza,Haas F1 Team
4,MAG,5,0,19,17,0,40,30.3,21.8,0.0,0.8,66.2,995.4,187.0,M,1.0,Monza,Haas F1 Team
5,MAG,6,0,19,17,0,41,30.4,21.9,0.0,2.1,65.6,995.3,233.0,M,2.0,Monza,Haas F1 Team
6,MAG,7,0,19,17,0,42,30.5,21.9,0.0,1.3,65.9,995.3,0.0,M,3.0,Monza,Haas F1 Team
7,MAG,8,0,19,17,0,43,30.9,22.2,0.0,0.8,64.3,995.3,251.0,M,4.0,Monza,Haas F1 Team
8,MAG,9,0,19,17,0,43,30.4,22.3,0.0,2.0,64.0,995.4,172.0,M,5.0,Monza,Haas F1 Team
9,MAG,10,0,18,17,0,44,30.2,22.3,0.0,0.7,64.1,995.3,197.0,M,6.0,Monza,Haas F1 Team
10,MAG,11,0,18,17,0,45,30.4,22.3,0.0,2.6,64.3,995.3,181.0,M,7.0,Monza,Haas F1 Team
11,MAG,12,0,18,17,0,45,30.4,22.4,0.0,2.3,63.9,995.3,181.0,M,8.0,Monza,Haas F1 Team
12,MAG,13,0,18,17,0,45,30.4,22.5,0.0,1.8,64.3,995.2,138.0,M,9.0,Monza,Haas F1 Team
13,MAG,14,0,18,17,0,48,30.3,22.6,0.0,1.7,64.0,995.3,182.0,M,10.0,Monza,Haas F1 Team
14,MAG,15,0,18,17,0,50,30.2,22.2,0.0,3.7,64.9,995.2,183.0,M,11.0,Monza,Haas F1 Team
15,MAG,16,0,18,17,0,51,30.1,22.2,0.0,3.2,64.4,995.3,182.0,M,12.0,Monza,Haas F1 Team
16,MAG,17,0,18,17,0,51,30.1,22.1,0.0,3.1,64.8,995.2,191.0,M,13.0,Monza,Haas F1 Team
17,MAG,18,0,18,17,0,51,30.3,22.4,0.0,2.7,64.1,995.2,175.0,M,14.0,Monza,Haas F1 Team
18,MAG,19,0,18,17,0,51,30.4,22.4,0.0,2.1,63.9,995.2,18.0,M,15.0,Monza,Haas F1 Team
19,MAG,20,0,18,17,0,51,30.1,22.4,0.0,2.6,64.2,995.1,194.0,M,16.0,Monza,Haas F1 Team
20,MAG,21,0,18,17,0,51,30.2,22.4,0.0,1.5,64.2,995.2,186.0,M,17.0,Monza,Haas F1 Team
21,MAG,22,0,18,17,0,51,29.9,22.5,0.0,3.0,63.2,995.2,190.0,M,18.0,Monza,Haas F1 Team
22,MAG,23,0,18,17,0,51,29.8,22.3,0.0,4.0,63.6,995.2,175.0,M,19.0,Monza,Haas F1 Team
23,MAG,24,0,17,17,0,51,29.5,22.1,0.0,2.7,63.3,995.2,195.0,M,20.0,Monza,Haas F1 Team
24,MAG,25,0,17,17,0,50,29.6,22.2,0.0,2.6,63.7,995.2,210.0,M,21.0,Monza,Haas F1 Team
25,MAG,26,0,17,17,0,50,29.8,22.2,0.0,2.1,63.6,995.1,0.0,M,22.0,Monza,Haas F1 Team
26,MAG,27,0,17,17,0,50,30.0,22.3,0.0,2.2,63.5,995.1,207.0,M,23.0,Monza,Haas F1 Team
27,MAG,28,0,17,17,0,50,30.1,22.5,0.0,3.0,63.0,995.1,173.0,M,24.0,Monza,Haas F1 Team
28,MAG,29,0,17,17,0,49,30.1,22.4,0.0,3.2,63.8,995.1,198.0,M,25.0,Monza,Haas F1 Team
29,MAG,30,0,17,17,0,49,29.8,22.2,0.0,3.2,64.7,995.1,194.0,M,26.0,Monza,Haas F1 Team
30,MAG,31,0,17,17,0,48,29.8,22.2,0.0,3.0,65.3,995.1,181.0,M,27.0,Monza,Haas F1 Team
31,MAG,32,0,17,17,0,48,29.8,22.2,0.0,2.0,65.2,995.1,192.0,M,28.0,Monza,Haas F1 Team
32,MAG,33,0,17,17,0,48,29.6,22.3,1.0,2.8,65.8,995.1,190.0,M,29.0,Monza,Haas F1 Team
33,MAG,34,0,17,17,0,47,29.5,22.1,1.0,2.6,66.3,995.2,186.0,M,30.0,Monza,Haas F1 Team
34,MAG,35,0,17,17,0,47,29.5,22.0,1.0,2.7,66.6,995.2,192.0,M,31.0,Monza,Haas F1 Team
35,MAG,36,0,17,17,0,47,29.5,22.0,1.0,2.5,66.9,995.1,191.0,M,32.0,Monza,Haas F1 Team
36,MAG,37,0,17,17,0,47,30.1,21.9,1.0,3.7,67.2,995.1,182.0,M,33.0,Monza,Haas F1 Team
37,MAG,38,0,17,17,0,47,30.2,21.9,1.0,3.3,67.2,995.2,194.0,M,34.0,Monza,Haas F1 Team
38,MAG,39,0,17,17,0,47,31.7,22.1,0.0,3.0,66.4,995.1,195.0,M,35.0,Monza,Haas F1 Team
39,MAG,40,0,17,17,0,47,32.1,22.2,0.0,3.4,66.1,995.1,188.0,M,36.0,Monza,Haas F1 Team
40,MAG,41,0,17,17,0,47,33.0,22.4,0.0,3.2,65.5,995.1,190.0,M,37.0,Monza,Haas F1 Team
41,MAG,42,0,17,17,0,47,33.7,22.6,0.0,2.6,64.5,995.0,188.0,M,38.0,Monza,Haas F1 Team
42,MAG,43,0,17,17,0,47,33.8,22.7,0.0,2.6,64.5,995.1,192.0,M,39.0,Monza,Haas F1 Team
43,MAG,44,0,17,17,0,47,34.4,23.0,0.0,2.2,62.7,995.0,171.0,M,40.0,Monza,Haas F1 Team
44,MAG,45,0,17,17,0,47,33.7,22.8,0.0,2.0,62.6,995.1,197.0,M,41.0,Monza,Haas F1 Team
45,MAG,46,0,17,17,0,47,33.5,22.9,0.0,3.0,61.9,995.1,187.0,M,42.0,Monza,Haas F1 Team
46,MAG,47,0,17,17,0,47,33.3,22.9,0.0,1.2,61.4,995.2,201.0,M,43.0,Monza,Haas F1 Team
47,MAG,48,0,17,17,0,47,33.1,22.9,0.0,3.0,58.2,995.1,204.0,M,44.0,Monza,Haas F1 Team
48,MAG,49,0,17,17,0,47,32.7,22.6,0.0,2.2,55.7,995.1,196.0,M,45.0,Monza,Haas F1 Team
49,MAG,50,0,17,17,0,47,32.8,22.5,0.0,3.2,56.0,995.1,131.0,M,46.0,Monza,Haas F1 Team
50,MAG,51,0,17,17,0,47,33.0,22.7,0.0,2.6,55.0,995.1,210.0,M,47.0,Monza,Haas F1 Team
51,MAG,52,0,17,17,0,47,34.0,22.8,0.0,2.5,52.9,995.1,190.0,M,48.0,Monza,Haas F1 Team
0,SIR,1,0,9,11,0,61,29.5,21.8,1.0,1.0,66.2,995.4,225.0,V,0.0,Monza,Williams
1,SIR,2,0,9,11,0,51,29.5,21.6,1.0,0.0,66.8,995.4,0.0,V,1.0,Monza,Williams
2,SIR,3,0,9,11,0,50,29.5,21.7,1.0,0.4,67.0,995.4,174.0,V,2.0,Monza,Williams
3,SIR,4,0,9,11,0,52,30.4,21.9,0.0,2.1,65.6,995.3,233.0,V,3.0,Monza,Williams
4,SIR,5,0,9,11,0,50,30.5,21.9,0.0,1.3,65.9,995.3,0.0,V,4.0,Monza,Williams
5,SIR,6,0,9,11,0,49,30.6,22.0,0.0,1.8,64.7,995.3,73.0,V,5.0,Monza,Williams
6,SIR,7,0,9,11,0,50,30.9,22.2,0.0,0.8,64.3,995.3,251.0,V,6.0,Monza,Williams
7,SIR,8,0,9,11,0,50,30.4,22.3,0.0,2.6,64.3,995.3,181.0,V,7.0,Monza,Williams
8,SIR,9,0,9,11,0,50,30.4,22.4,0.0,2.3,63.9,995.3,181.0,V,8.0,Monza,Williams
9,SIR,10,0,9,11,0,50,30.3,22.6,0.0,1.7,64.0,995.3,182.0,V,9.0,Monza,Williams
10,SIR,11,0,9,11,0,52,30.3,22.5,0.0,2.8,63.7,995.3,199.0,V,10.0,Monza,Williams
11,SIR,12,0,9,11,0,52,30.2,22.2,0.0,3.7,64.9,995.2,183.0,V,11.0,Monza,Williams
12,SIR,13,0,10,11,0,52,30.1,22.2,0.0,3.3,64.6,995.2,192.0,V,12.0,Monza,Williams
13,SIR,14,0,11,11,0,54,30.2,22.2,0.0,2.2,64.9,995.1,176.0,V,13.0,Monza,Williams
14,SIR,15,0,11,11,0,58,30.1,22.4,0.0,2.6,64.2,995.1,194.0,V,14.0,Monza,Williams
15,SIR,16,0,11,11,0,60,30.2,22.4,0.0,1.5,64.2,995.2,186.0,V,15.0,Monza,Williams
16,SIR,17,0,11,11,0,60,29.8,22.3,0.0,4.0,63.6,995.2,175.0,V,16.0,Monza,Williams
17,SIR,18,0,11,11,0,61,29.5,22.1,0.0,2.7,63.3,995.2,195.0,V,17.0,Monza,Williams
18,SIR,19,0,11,11,0,61,29.6,22.2,0.0,2.6,63.7,995.2,210.0,V,18.0,Monza,Williams
19,SIR,20,0,11,11,0,62,29.8,22.2,0.0,2.1,63.6,995.1,0.0,V,19.0,Monza,Williams
20,SIR,21,0,11,11,0,62,30.0,22.3,0.0,2.7,63.1,995.1,193.0,V,20.0,Monza,Williams
21,SIR,22,0,12,11,0,62,30.0,22.4,0.0,3.7,63.5,995.0,190.0,V,21.0,Monza,Williams
22,SIR,23,0,12,11,0,62,30.1,22.5,0.0,3.0,63.0,995.1,173.0,V,22.0,Monza,Williams
23,SIR,24,0,10,11,0,62,30.1,22.4,0.0,3.2,63.8,995.1,198.0,V,23.0,Monza,Williams
24,SIR,25,0,10,11,0,62,29.8,22.2,0.0,2.0,65.2,995.1,192.0,V,24.0,Monza,Williams
25,SIR,26,0,10,11,0,62,29.8,22.4,0.0,2.4,65.2,995.2,209.0,V,25.0,Monza,Williams
26,SIR,27,0,10,11,0,62,29.8,22.4,0.0,2.9,65.5,995.2,193.0,V,26.0,Monza,Williams
27,SIR,28,0,10,11,0,62,29.6,22.3,1.0,2.8,65.8,995.1,190.0,V,27.0,Monza,Williams
28,SIR,29,0,10,11,0,62,29.5,22.0,1.0,2.5,66.9,995.1,191.0,V,28.0,Monza,Williams
29,SIR,30,0,9,11,0,62,29.6,21.9,1.0,3.4,66.9,995.0,187.0,V,29.0,Monza,Williams
30,SIR,31,0,10,11,0,62,29.5,21.9,1.0,3.7,67.3,995.2,192.0,V,30.0,Monza,Williams
31,SIR,32,0,10,11,0,62,30.2,21.9,1.0,3.3,67.2,995.2,194.0,V,31.0,Monza,Williams
32,SIR,33,0,10,11,0,62,30.7,22.0,1.0,2.5,66.9,995.1,192.0,V,32.0,Monza,Williams
33,SIR,34,0,10,11,0,61,31.7,22.1,0.0,3.0,66.4,995.1,195.0,V,33.0,Monza,Williams
34,SIR,35,0,9,11,0,61,33.2,22.5,0.0,2.6,65.6,995.1,190.0,V,34.0,Monza,Williams
35,SIR,36,0,10,11,0,62,33.7,22.6,0.0,2.6,64.5,995.0,188.0,V,35.0,Monza,Williams
36,SIR,37,0,10,11,0,61,33.8,22.7,0.0,2.6,64.5,995.1,192.0,V,36.0,Monza,Williams
37,SIR,38,0,13,11,0,61,34.1,22.9,0.0,3.4,63.4,995.1,178.0,S,0.0,Monza,Williams
38,SIR,39,0,13,11,0,61,34.4,23.0,0.0,2.2,62.7,995.0,171.0,S,1.0,Monza,Williams
39,SIR,40,0,13,11,0,61,33.5,22.9,0.0,3.0,61.9,995.1,187.0,S,2.0,Monza,Williams
40,SIR,41,0,11,11,0,61,33.3,22.9,0.0,1.2,61.4,995.2,201.0,S,3.0,Monza,Williams
41,SIR,42,0,11,11,0,61,33.3,22.8,0.0,2.4,61.1,995.2,177.0,S,4.0,Monza,Williams
42,SIR,43,0,11,11,0,61,32.7,22.7,0.0,2.6,57.1,995.1,177.0,S,5.0,Monza,Williams
43,SIR,44,0,11,11,0,61,32.7,22.6,0.0,2.2,55.7,995.1,196.0,S,6.0,Monza,Williams
44,SIR,45,0,11,11,0,61,32.8,22.5,0.0,3.2,56.0,995.1,131.0,S,7.0,Monza,Williams
45,SIR,46,0,11,11,0,61,33.0,22.7,0.0,2.6,55.0,995.1,210.0,S,8.0,Monza,Williams
46,SIR,47,0,11,11,0,61,33.1,22.6,0.0,2.4,53.6,995.2,205.0,S,9.0,Monza,Williams
47,SIR,48,0,11,11,0,61,33.1,22.6,0.0,1.7,53.2,995.1,192.0,S,10.0,Monza,Williams
48,SIR,49,0,11,11,0,61,33.3,22.6,0.0,2.9,53.5,995.2,191.0,S,11.0,Monza,Williams
49,SIR,50,0,11,11,0,60,33.9,22.8,0.0,3.4,52.2,995.1,199.0,S,12.0,Monza,Williams
50,SIR,51,0,11,11,0,60,33.4,22.6,0.0,2.5,51.7,995.0,206.0,S,13.0,Monza,Williams
51,SIR,52,0,11,11,0,60,33.0,22.5,0.0,3.2,51.8,995.1,189.0,S,14.0,Monza,Williams
0,ALO,1,0,10,19,0,66,29.5,21.8,1.0,1.0,66.2,995.4,225.0,V,0.0,Monza,McLaren
1,ALO,2,0,10,19,0,57,30.3,21.8,0.0,0.8,66.2,995.4,187.0,V,1.0,Monza,McLaren
2,ALO,3,0,10,19,0,56,30.4,21.9,0.0,2.1,65.6,995.3,233.0,V,2.0,Monza,McLaren
3,ALO,4,0,10,19,0,58,30.3,22.6,0.0,1.7,64.0,995.3,182.0,V,3.0,Monza,McLaren
4,ALO,5,0,10,19,0,56,30.3,22.5,0.0,2.8,63.7,995.3,199.0,V,4.0,Monza,McLaren
5,ALO,6,0,10,19,0,55,30.0,22.3,0.0,2.7,63.1,995.1,193.0,V,5.0,Monza,McLaren
6,ALO,7,0,10,19,0,55,29.8,22.4,0.0,2.4,65.2,995.2,209.0,V,6.0,Monza,McLaren
7,ALO,8,0,11,19,0,56,33.7,22.6,0.0,2.6,64.5,995.0,188.0,V,7.0,Monza,McLaren
8,ALO,9,0,18,19,1,54,33.6,22.7,0.0,2.7,51.9,995.1,192.0,V,8.0,Monza,McLaren
0,PER,1,0,13,8,0,54,29.5,21.8,1.0,1.0,66.2,995.4,225.0,V,0.0,Monza,Racing Point
1,PER,2,0,13,8,0,44,29.5,21.7,1.0,0.4,67.0,995.4,174.0,V,1.0,Monza,Racing Point
2,PER,3,0,13,8,0,46,29.8,21.8,0.0,1.5,66.3,995.3,55.0,V,2.0,Monza,Racing Point
3,PER,4,0,12,8,0,57,30.3,21.8,0.0,0.8,66.2,995.4,187.0,V,3.0,Monza,Racing Point
4,PER,5,0,12,8,0,60,30.4,21.9,0.0,2.1,65.6,995.3,233.0,V,4.0,Monza,Racing Point
5,PER,6,0,11,8,0,63,30.5,21.9,0.0,1.3,65.9,995.3,0.0,V,5.0,Monza,Racing Point
6,PER,7,0,11,8,0,64,30.9,22.2,0.0,0.8,64.3,995.3,251.0,V,6.0,Monza,Racing Point
7,PER,8,0,10,8,0,65,30.4,22.3,0.0,2.6,64.3,995.3,181.0,V,7.0,Monza,Racing Point
8,PER,9,0,10,8,0,63,30.4,22.4,0.0,2.3,63.9,995.3,181.0,V,8.0,Monza,Racing Point
9,PER,10,0,10,8,0,62,30.4,22.5,0.0,1.8,64.3,995.2,138.0,V,9.0,Monza,Racing Point
10,PER,11,0,10,8,0,62,30.4,22.5,0.0,1.0,64.1,995.2,0.0,V,10.0,Monza,Racing Point
11,PER,12,0,10,8,0,62,30.3,22.6,0.0,1.7,64.0,995.3,182.0,V,11.0,Monza,Racing Point
12,PER,13,0,9,8,0,61,30.1,22.1,0.0,3.1,64.8,995.2,191.0,V,12.0,Monza,Racing Point
13,PER,14,0,9,8,0,63,30.4,22.4,0.0,2.1,63.9,995.2,18.0,V,13.0,Monza,Racing Point
14,PER,15,0,8,8,0,66,30.1,22.4,0.0,2.6,64.2,995.1,194.0,V,14.0,Monza,Racing Point
15,PER,16,0,8,8,0,67,29.5,22.1,0.0,2.7,63.3,995.2,195.0,V,15.0,Monza,Racing Point
16,PER,17,0,8,8,0,67,29.8,22.2,0.0,0.9,63.6,995.1,196.0,V,16.0,Monza,Racing Point
17,PER,18,0,9,8,0,67,30.0,22.3,0.0,2.2,63.5,995.1,207.0,V,17.0,Monza,Racing Point
18,PER,19,0,9,8,0,67,30.0,22.4,0.0,3.7,63.5,995.0,190.0,V,18.0,Monza,Racing Point
19,PER,20,0,9,8,0,67,30.1,22.5,0.0,3.0,63.0,995.1,173.0,V,19.0,Monza,Racing Point
20,PER,21,0,9,8,0,67,29.8,22.2,0.0,3.2,64.7,995.1,194.0,V,20.0,Monza,Racing Point
21,PER,22,0,9,8,0,66,29.8,22.2,0.0,3.0,65.3,995.1,181.0,V,21.0,Monza,Racing Point
22,PER,23,0,9,8,0,66,29.8,22.2,0.0,2.0,65.2,995.1,192.0,V,22.0,Monza,Racing Point
23,PER,24,0,7,8,0,66,29.8,22.4,0.0,2.9,65.5,995.2,193.0,V,23.0,Monza,Racing Point
24,PER,25,0,7,8,0,65,29.6,22.3,1.0,2.8,65.8,995.1,190.0,V,24.0,Monza,Racing Point
25,PER,26,0,7,8,0,65,29.5,22.0,1.0,2.7,66.6,995.2,192.0,V,25.0,Monza,Racing Point
26,PER,27,0,7,8,0,65,29.5,22.0,1.0,2.5,66.9,995.1,191.0,V,26.0,Monza,Racing Point
27,PER,28,0,7,8,0,65,29.6,21.9,1.0,3.4,66.9,995.0,187.0,V,27.0,Monza,Racing Point
28,PER,29,0,7,8,0,64,30.1,21.9,1.0,3.7,67.2,995.1,182.0,V,28.0,Monza,Racing Point
29,PER,30,0,6,8,0,64,30.7,22.0,1.0,2.5,66.9,995.1,192.0,V,29.0,Monza,Racing Point
30,PER,31,0,6,8,0,64,31.7,22.1,0.0,3.0,66.4,995.1,195.0,V,30.0,Monza,Racing Point
31,PER,32,0,6,8,0,63,32.1,22.2,0.0,3.4,66.1,995.1,188.0,V,31.0,Monza,Racing Point
32,PER,33,0,6,8,0,63,33.0,22.4,0.0,3.2,65.5,995.1,190.0,V,32.0,Monza,Racing Point
33,PER,34,0,6,8,0,62,33.7,22.6,0.0,2.6,64.5,995.0,188.0,V,33.0,Monza,Racing Point
34,PER,35,0,6,8,0,62,33.8,22.7,0.0,2.6,64.5,995.1,192.0,V,34.0,Monza,Racing Point
35,PER,36,0,6,8,0,62,34.0,22.8,0.0,3.0,64.3,995.1,190.0,V,35.0,Monza,Racing Point
36,PER,37,0,6,8,0,62,34.1,22.9,0.0,3.4,63.4,995.1,178.0,V,36.0,Monza,Racing Point
37,PER,38,0,6,8,0,61,33.7,22.8,0.0,2.0,62.6,995.1,197.0,V,37.0,Monza,Racing Point
38,PER,39,0,6,8,0,61,33.3,22.9,0.0,1.2,61.4,995.2,201.0,V,38.0,Monza,Racing Point
39,PER,40,0,8,8,0,61,33.3,22.8,0.0,2.4,61.1,995.2,177.0,S,0.0,Monza,Racing Point
40,PER,41,0,8,8,0,61,33.1,22.9,0.0,3.0,58.2,995.1,204.0,S,1.0,Monza,Racing Point
41,PER,42,0,8,8,0,61,32.7,22.7,0.0,2.6,57.1,995.1,177.0,S,2.0,Monza,Racing Point
42,PER,43,0,8,8,0,61,32.7,22.6,0.0,2.2,55.7,995.1,196.0,S,3.0,Monza,Racing Point
43,PER,44,0,8,8,0,60,32.8,22.5,0.0,3.2,56.0,995.1,131.0,S,4.0,Monza,Racing Point
44,PER,45,0,8,8,0,60,33.0,22.7,0.0,2.6,55.0,995.1,210.0,S,5.0,Monza,Racing Point
45,PER,46,0,8,8,0,60,33.1,22.6,0.0,2.4,53.6,995.2,205.0,S,6.0,Monza,Racing Point
46,PER,47,0,8,8,0,60,33.1,22.6,0.0,1.7,53.2,995.1,192.0,S,7.0,Monza,Racing Point
47,PER,48,0,8,8,0,60,33.3,22.6,0.0,2.9,53.5,995.2,191.0,S,8.0,Monza,Racing Point
48,PER,49,0,8,8,0,60,33.9,22.8,0.0,3.4,52.2,995.1,199.0,S,9.0,Monza,Racing Point
49,PER,50,0,8,8,0,60,33.6,22.7,0.0,2.7,51.9,995.1,192.0,S,10.0,Monza,Racing Point
50,PER,51,0,8,8,0,60,33.4,22.6,0.0,2.5,51.7,995.0,206.0,S,11.0,Monza,Racing Point
51,PER,52,0,8,8,0,60,33.0,22.5,0.0,3.2,51.8,995.1,189.0,S,12.0,Monza,Racing Point
52,PER,53,0,8,8,0,60,32.6,22.4,0.0,2.3,52.5,995.2,213.0,S,13.0,Monza,Racing Point
0,LEC,1,0,14,12,0,34,29.5,21.7,1.0,0.9,66.5,995.4,189.0,S,0.0,Monza,Sauber
1,LEC,2,0,14,12,0,45,29.5,21.6,1.0,0.0,66.8,995.4,0.0,S,1.0,Monza,Sauber
2,LEC,3,0,14,12,0,46,29.5,21.7,1.0,0.4,67.0,995.4,174.0,S,2.0,Monza,Sauber
3,LEC,4,0,13,12,0,45,30.3,21.8,0.0,0.8,66.2,995.4,187.0,S,3.0,Monza,Sauber
4,LEC,5,0,13,12,0,46,30.4,21.9,0.0,2.1,65.6,995.3,233.0,S,4.0,Monza,Sauber
5,LEC,6,0,13,12,0,46,30.5,21.9,0.0,1.3,65.9,995.3,0.0,S,5.0,Monza,Sauber
6,LEC,7,0,13,12,0,46,30.9,22.2,0.0,0.8,64.3,995.3,251.0,S,6.0,Monza,Sauber
7,LEC,8,0,12,12,0,46,30.9,22.3,0.0,1.5,63.7,995.3,317.0,S,7.0,Monza,Sauber
8,LEC,9,0,13,12,0,46,30.4,22.3,0.0,2.6,64.3,995.3,181.0,S,8.0,Monza,Sauber
9,LEC,10,0,14,12,0,46,30.4,22.4,0.0,2.0,64.0,995.2,201.0,S,9.0,Monza,Sauber
10,LEC,11,0,15,12,0,46,30.4,22.4,0.0,2.3,63.9,995.3,181.0,S,10.0,Monza,Sauber
11,LEC,12,0,15,12,0,46,30.4,22.5,0.0,1.8,64.3,995.2,138.0,S,11.0,Monza,Sauber
12,LEC,13,0,15,12,0,46,30.4,22.5,0.0,1.0,64.1,995.2,0.0,S,12.0,Monza,Sauber
13,LEC,14,0,15,12,0,46,30.3,22.6,0.0,1.7,64.0,995.3,182.0,S,13.0,Monza,Sauber
14,LEC,15,0,15,12,0,46,30.2,22.2,0.0,3.7,64.9,995.2,183.0,S,14.0,Monza,Sauber
15,LEC,16,0,15,12,0,46,30.1,22.2,0.0,3.3,64.6,995.2,192.0,S,15.0,Monza,Sauber
16,LEC,17,0,15,12,0,46,30.1,22.1,0.0,3.1,64.8,995.2,191.0,S,16.0,Monza,Sauber
17,LEC,18,0,15,12,0,46,30.2,22.2,0.0,2.2,64.9,995.1,176.0,S,17.0,Monza,Sauber
18,LEC,19,0,15,12,0,46,30.4,22.4,0.0,2.1,63.9,995.2,18.0,S,18.0,Monza,Sauber
19,LEC,20,0,15,12,0,46,30.1,22.4,0.0,2.6,64.2,995.1,194.0,S,19.0,Monza,Sauber
20,LEC,21,0,15,12,0,46,29.8,22.3,0.0,4.0,63.6,995.2,175.0,S,20.0,Monza,Sauber
21,LEC,22,0,15,12,0,46,29.5,22.1,0.0,2.7,63.3,995.2,195.0,S,21.0,Monza,Sauber
22,LEC,23,0,15,12,0,47,29.6,22.2,0.0,2.6,63.7,995.2,210.0,S,22.0,Monza,Sauber
23,LEC,24,0,14,12,0,47,29.8,22.2,0.0,2.1,63.6,995.1,0.0,S,23.0,Monza,Sauber
24,LEC,25,0,14,12,0,47,30.0,22.3,0.0,2.2,63.5,995.1,207.0,S,24.0,Monza,Sauber
25,LEC,26,0,14,12,0,48,30.1,22.5,0.0,3.0,63.0,995.1,173.0,S,25.0,Monza,Sauber
26,LEC,27,0,14,12,0,48,30.1,22.4,0.0,3.2,63.8,995.1,198.0,S,26.0,Monza,Sauber
27,LEC,28,0,14,12,0,48,29.8,22.2,0.0,3.0,65.3,995.1,181.0,S,27.0,Monza,Sauber
28,LEC,29,0,14,12,0,49,29.8,22.2,0.0,2.0,65.2,995.1,192.0,S,28.0,Monza,Sauber
29,LEC,30,0,14,12,0,49,29.8,22.4,0.0,2.4,65.2,995.2,209.0,S,29.0,Monza,Sauber
30,LEC,31,0,14,12,0,49,29.6,22.3,1.0,2.8,65.8,995.1,190.0,S,30.0,Monza,Sauber
31,LEC,32,0,14,12,0,50,29.5,22.0,1.0,2.7,66.6,995.2,192.0,S,31.0,Monza,Sauber
32,LEC,33,0,14,12,0,50,29.6,21.9,1.0,3.4,66.9,995.0,187.0,S,32.0,Monza,Sauber
33,LEC,34,0,15,12,0,50,29.5,21.9,1.0,3.7,67.3,995.2,192.0,S,33.0,Monza,Sauber
34,LEC,35,0,15,12,0,50,30.2,21.9,1.0,3.3,67.2,995.2,194.0,V,0.0,Monza,Sauber
35,LEC,36,0,14,12,0,50,30.7,22.0,1.0,2.5,66.9,995.1,192.0,V,1.0,Monza,Sauber
36,LEC,37,0,14,12,0,50,32.1,22.2,0.0,3.4,66.1,995.1,188.0,V,2.0,Monza,Sauber
37,LEC,38,0,14,12,0,51,33.7,22.6,0.0,2.6,64.5,995.0,188.0,V,3.0,Monza,Sauber
38,LEC,39,0,14,12,0,51,33.8,22.7,0.0,2.6,64.5,995.1,192.0,V,4.0,Monza,Sauber
39,LEC,40,0,14,12,0,51,34.0,22.8,0.0,3.0,64.3,995.1,190.0,V,5.0,Monza,Sauber
40,LEC,41,0,14,12,0,51,34.1,22.9,0.0,3.4,63.4,995.1,178.0,V,6.0,Monza,Sauber
41,LEC,42,0,13,12,0,51,34.4,23.0,0.0,2.2,62.7,995.0,171.0,V,7.0,Monza,Sauber
42,LEC,43,0,12,12,0,51,33.7,22.8,0.0,2.0,62.6,995.1,197.0,V,8.0,Monza,Sauber
43,LEC,44,0,12,12,0,51,33.3,22.9,0.0,1.2,61.4,995.2,201.0,V,9.0,Monza,Sauber
44,LEC,45,0,12,12,0,51,33.3,22.8,0.0,2.4,61.1,995.2,177.0,V,10.0,Monza,Sauber
45,LEC,46,0,12,12,0,51,32.7,22.7,0.0,2.6,57.1,995.1,177.0,V,11.0,Monza,Sauber
46,LEC,47,0,12,12,0,52,32.8,22.5,0.0,3.2,56.0,995.1,131.0,V,12.0,Monza,Sauber
47,LEC,48,0,12,12,0,52,33.1,22.6,0.0,2.4,53.6,995.2,205.0,V,13.0,Monza,Sauber
48,LEC,49,0,12,12,0,52,33.3,22.6,0.0,2.9,53.5,995.2,191.0,V,14.0,Monza,Sauber
49,LEC,50,0,12,12,0,52,33.9,22.8,0.0,3.4,52.2,995.1,199.0,V,15.0,Monza,Sauber
50,LEC,51,0,12,12,0,52,33.6,22.7,0.0,2.7,51.9,995.1,192.0,V,16.0,Monza,Sauber
51,LEC,52,0,12,12,0,52,33.4,22.6,0.0,2.5,51.7,995.0,206.0,V,17.0,Monza,Sauber
0,VAN,1,0,15,20,0,61,29.5,21.7,1.0,0.4,67.0,995.4,174.0,,0.0,Monza,McLaren
1,VAN,2,0,15,20,0,50,30.3,21.8,0.0,0.8,66.2,995.4,187.0,,0.0,Monza,McLaren
2,VAN,3,0,15,20,0,49,30.4,21.9,0.0,2.1,65.6,995.3,233.0,,0.0,Monza,McLaren
3,VAN,4,0,14,20,0,51,30.5,21.9,0.0,1.3,65.9,995.3,0.0,,0.0,Monza,McLaren
4,VAN,5,0,17,20,0,50,30.9,22.3,0.0,1.5,63.7,995.3,317.0,,0.0,Monza,McLaren
5,VAN,6,0,17,20,0,50,30.4,22.3,0.0,2.0,64.0,995.4,172.0,,0.0,Monza,McLaren
6,VAN,7,0,17,20,0,50,30.4,22.3,0.0,2.6,64.3,995.3,181.0,,0.0,Monza,McLaren
7,VAN,8,0,17,20,0,51,30.4,22.4,0.0,2.0,64.0,995.2,201.0,,0.0,Monza,McLaren
8,VAN,9,0,16,20,0,50,30.4,22.4,0.0,2.3,63.9,995.3,181.0,,0.0,Monza,McLaren
9,VAN,10,0,16,20,0,50,30.4,22.5,0.0,1.0,64.1,995.2,0.0,,0.0,Monza,McLaren
10,VAN,11,0,16,20,0,51,30.3,22.6,0.0,1.7,64.0,995.3,182.0,,0.0,Monza,McLaren
11,VAN,12,0,16,20,0,52,30.3,22.5,0.0,2.8,63.7,995.3,199.0,,0.0,Monza,McLaren
12,VAN,13,0,16,20,0,51,30.2,22.2,0.0,3.7,64.9,995.2,183.0,,0.0,Monza,McLaren
13,VAN,14,0,16,20,0,55,30.1,22.2,0.0,3.3,64.6,995.2,192.0,,0.0,Monza,McLaren
14,VAN,15,0,16,20,0,58,30.1,22.2,0.0,3.2,64.4,995.3,182.0,,0.0,Monza,McLaren
15,VAN,16,0,16,20,0,59,30.1,22.1,0.0,3.1,64.8,995.2,191.0,,0.0,Monza,McLaren
16,VAN,17,0,16,20,0,59,30.2,22.2,0.0,2.2,64.9,995.1,176.0,,0.0,Monza,McLaren
17,VAN,18,0,16,20,0,60,30.4,22.4,0.0,2.1,63.9,995.2,18.0,,0.0,Monza,McLaren
18,VAN,19,0,16,20,0,60,30.1,22.4,0.0,2.6,64.2,995.1,194.0,,0.0,Monza,McLaren
19,VAN,20,0,16,20,0,60,30.2,22.4,0.0,1.5,64.2,995.2,186.0,,0.0,Monza,McLaren
20,VAN,21,0,16,20,0,60,29.5,22.1,0.0,2.7,63.3,995.2,195.0,,0.0,Monza,McLaren
21,VAN,22,0,16,20,0,60,29.6,22.2,0.0,2.6,63.7,995.2,210.0,,0.0,Monza,McLaren
22,VAN,23,0,16,20,0,60,29.8,22.2,0.0,2.1,63.6,995.1,0.0,,0.0,Monza,McLaren
23,VAN,24,0,16,20,0,60,30.0,22.3,0.0,2.7,63.1,995.1,193.0,,0.0,Monza,McLaren
24,VAN,25,0,16,20,0,59,30.0,22.4,0.0,3.7,63.5,995.0,190.0,,0.0,Monza,McLaren
25,VAN,26,0,16,20,0,59,30.1,22.4,0.0,3.2,63.8,995.1,198.0,,0.0,Monza,McLaren
26,VAN,27,0,16,20,0,59,29.8,22.2,0.0,3.2,64.7,995.1,194.0,,0.0,Monza,McLaren
27,VAN,28,0,16,20,0,59,29.8,22.2,0.0,3.0,65.3,995.1,181.0,,0.0,Monza,McLaren
28,VAN,29,0,16,20,0,59,29.8,22.2,0.0,2.0,65.2,995.1,192.0,,0.0,Monza,McLaren
29,VAN,30,0,16,20,0,59,29.8,22.4,0.0,2.4,65.2,995.2,209.0,,0.0,Monza,McLaren
30,VAN,31,0,16,20,0,58,29.6,22.3,1.0,2.8,65.8,995.1,190.0,,0.0,Monza,McLaren
31,VAN,32,0,16,20,0,58,29.5,22.0,1.0,2.5,66.9,995.1,191.0,,0.0,Monza,McLaren
32,VAN,33,0,16,20,0,58,29.6,21.9,1.0,3.4,66.9,995.0,187.0,,0.0,Monza,McLaren
33,VAN,34,0,16,20,0,58,31.7,22.1,0.0,3.0,66.4,995.1,195.0,,0.0,Monza,McLaren
34,VAN,35,0,14,20,0,58,33.7,22.6,0.0,2.6,64.5,995.0,188.0,,0.0,Monza,McLaren
35,VAN,36,0,15,20,0,58,33.8,22.7,0.0,2.6,64.5,995.1,192.0,,0.0,Monza,McLaren
36,VAN,37,0,15,20,0,58,34.1,22.9,0.0,3.4,63.4,995.1,178.0,,0.0,Monza,McLaren
37,VAN,38,0,15,20,0,57,34.4,23.0,0.0,2.2,62.7,995.0,171.0,,0.0,Monza,McLaren
38,VAN,39,0,15,20,0,57,34.0,22.9,0.0,2.5,62.6,995.1,228.0,,0.0,Monza,McLaren
39,VAN,40,0,15,20,0,57,33.5,22.9,0.0,3.0,61.9,995.1,187.0,,0.0,Monza,McLaren
40,VAN,41,0,15,20,0,57,33.3,22.9,0.0,1.2,61.4,995.2,201.0,,0.0,Monza,McLaren
41,VAN,42,0,14,20,0,57,33.1,22.9,0.0,3.0,58.2,995.1,204.0,,0.0,Monza,McLaren
42,VAN,43,0,13,20,0,58,32.7,22.6,0.0,2.2,55.7,995.1,196.0,,0.0,Monza,McLaren
43,VAN,44,0,13,20,0,58,33.0,22.7,0.0,2.6,55.0,995.1,210.0,,0.0,Monza,McLaren
44,VAN,45,0,13,20,0,58,33.1,22.6,0.0,1.7,53.2,995.1,192.0,,0.0,Monza,McLaren
45,VAN,46,0,13,20,0,58,33.3,22.6,0.0,2.9,53.5,995.2,191.0,,0.0,Monza,McLaren
46,VAN,47,0,13,20,0,58,34.0,22.8,0.0,2.5,52.9,995.1,190.0,,0.0,Monza,McLaren
47,VAN,48,0,13,20,0,58,33.9,22.8,0.0,3.4,52.2,995.1,199.0,,0.0,Monza,McLaren
48,VAN,49,0,13,20,0,58,33.6,22.7,0.0,2.7,51.9,995.1,192.0,,0.0,Monza,McLaren
49,VAN,50,0,13,20,0,58,33.4,22.6,0.0,2.5,51.7,995.0,206.0,,0.0,Monza,McLaren
50,VAN,51,0,13,20,0,58,33.0,22.5,0.0,3.2,51.8,995.1,189.0,,0.0,Monza,McLaren
51,VAN,52,0,13,20,1,58,32.6,22.4,0.0,2.3,52.5,995.2,213.0,,0.0,Monza,McLaren
0,ERI,1,0,19,13,0,42,29.5,21.7,1.0,0.9,66.5,995.4,189.0,V,0.0,Monza,Sauber
1,ERI,2,0,19,13,0,38,29.5,21.8,1.0,1.0,66.2,995.4,225.0,V,1.0,Monza,Sauber
2,ERI,3,0,19,13,0,43,29.5,21.6,1.0,0.0,66.8,995.4,0.0,V,2.0,Monza,Sauber
3,ERI,4,0,18,13,0,44,29.5,21.7,1.0,0.4,67.0,995.4,174.0,V,3.0,Monza,Sauber
4,ERI,5,0,18,13,0,44,29.8,21.8,0.0,1.5,66.3,995.3,55.0,V,4.0,Monza,Sauber
5,ERI,6,0,18,13,0,44,30.3,21.8,0.0,0.8,66.2,995.4,187.0,V,5.0,Monza,Sauber
6,ERI,7,0,18,13,0,45,30.5,21.9,0.0,1.3,65.9,995.3,0.0,V,6.0,Monza,Sauber
7,ERI,8,0,18,13,0,46,30.6,22.0,0.0,1.8,64.7,995.3,73.0,V,7.0,Monza,Sauber
8,ERI,9,0,17,13,0,45,30.9,22.2,0.0,0.8,64.3,995.3,251.0,V,8.0,Monza,Sauber
9,ERI,10,0,17,13,0,45,30.9,22.3,0.0,1.5,63.7,995.3,317.0,V,9.0,Monza,Sauber
10,ERI,11,0,17,13,0,46,30.2,22.3,0.0,0.7,64.1,995.3,197.0,V,10.0,Monza,Sauber
11,ERI,12,0,17,13,0,46,30.4,22.3,0.0,2.6,64.3,995.3,181.0,V,11.0,Monza,Sauber
12,ERI,13,0,17,13,0,46,30.4,22.4,0.0,2.0,64.0,995.2,201.0,V,12.0,Monza,Sauber
13,ERI,14,0,17,13,0,49,30.4,22.4,0.0,2.3,63.9,995.3,181.0,V,13.0,Monza,Sauber
14,ERI,15,0,17,13,0,52,30.4,22.5,0.0,1.8,64.3,995.2,138.0,V,14.0,Monza,Sauber
15,ERI,16,0,17,13,0,53,30.4,22.5,0.0,1.0,64.1,995.2,0.0,V,15.0,Monza,Sauber
16,ERI,17,0,17,13,0,53,30.3,22.6,0.0,1.7,64.0,995.3,182.0,V,16.0,Monza,Sauber
17,ERI,18,0,17,13,0,53,30.3,22.5,0.0,2.8,63.7,995.3,199.0,V,17.0,Monza,Sauber
18,ERI,19,0,17,13,0,53,30.2,22.2,0.0,3.7,64.9,995.2,183.0,V,18.0,Monza,Sauber
19,ERI,20,0,17,13,0,53,30.1,22.2,0.0,3.2,64.4,995.3,182.0,V,19.0,Monza,Sauber
20,ERI,21,0,17,13,0,53,30.1,22.1,0.0,3.1,64.8,995.2,191.0,V,20.0,Monza,Sauber
21,ERI,22,0,17,13,0,53,30.3,22.4,0.0,2.7,64.1,995.2,175.0,V,21.0,Monza,Sauber
22,ERI,23,0,17,13,0,53,30.2,22.4,0.0,1.5,64.2,995.2,186.0,V,22.0,Monza,Sauber
23,ERI,24,0,15,13,0,52,29.9,22.5,0.0,3.0,63.2,995.2,190.0,V,23.0,Monza,Sauber
24,ERI,25,0,15,13,0,52,29.8,22.3,0.0,4.0,63.6,995.2,175.0,S,0.0,Monza,Sauber
25,ERI,26,0,15,13,0,52,29.5,22.1,0.0,2.7,63.3,995.2,195.0,S,1.0,Monza,Sauber
26,ERI,27,0,15,13,0,52,29.6,22.2,0.0,2.6,63.7,995.2,210.0,S,2.0,Monza,Sauber
27,ERI,28,0,15,13,0,52,29.8,22.2,0.0,0.9,63.6,995.1,196.0,S,3.0,Monza,Sauber
28,ERI,29,0,15,13,0,52,30.0,22.3,0.0,2.2,63.5,995.1,207.0,S,4.0,Monza,Sauber
29,ERI,30,0,15,13,0,51,30.1,22.5,0.0,3.0,63.0,995.1,173.0,S,5.0,Monza,Sauber
30,ERI,31,0,15,13,0,51,30.1,22.4,0.0,3.2,63.8,995.1,198.0,S,6.0,Monza,Sauber
31,ERI,32,0,15,13,0,51,29.8,22.2,0.0,2.0,65.2,995.1,192.0,S,7.0,Monza,Sauber
32,ERI,33,0,15,13,0,51,29.8,22.4,0.0,2.9,65.5,995.2,193.0,S,8.0,Monza,Sauber
33,ERI,34,0,14,13,0,51,29.5,22.1,1.0,2.6,66.3,995.2,186.0,S,9.0,Monza,Sauber
34,ERI,35,0,13,13,0,51,29.5,22.0,1.0,2.5,66.9,995.1,191.0,S,10.0,Monza,Sauber
35,ERI,36,0,12,13,0,51,29.5,21.9,1.0,3.7,67.3,995.2,192.0,S,11.0,Monza,Sauber
36,ERI,37,0,12,13,0,51,30.7,22.0,1.0,2.5,66.9,995.1,192.0,S,12.0,Monza,Sauber
37,ERI,38,0,11,13,0,52,31.7,22.1,0.0,3.0,66.4,995.1,195.0,S,13.0,Monza,Sauber
38,ERI,39,0,12,13,0,52,33.2,22.5,0.0,2.6,65.6,995.1,190.0,S,14.0,Monza,Sauber
39,ERI,40,0,12,13,0,52,33.8,22.7,0.0,2.6,64.5,995.1,192.0,S,15.0,Monza,Sauber
40,ERI,41,0,13,13,0,52,34.4,23.0,0.0,2.2,62.7,995.0,171.0,S,16.0,Monza,Sauber
41,ERI,42,0,12,13,0,53,33.7,22.8,0.0,2.0,62.6,995.1,197.0,S,17.0,Monza,Sauber
42,ERI,43,0,16,13,0,53,33.5,22.9,0.0,3.0,61.9,995.1,187.0,S,18.0,Monza,Sauber
43,ERI,44,0,16,13,0,53,33.3,22.8,0.0,2.4,61.1,995.2,177.0,S,19.0,Monza,Sauber
44,ERI,45,0,16,13,0,53,33.1,22.9,0.0,3.0,58.2,995.1,204.0,S,20.0,Monza,Sauber
45,ERI,46,0,16,13,0,53,32.7,22.6,0.0,2.2,55.7,995.1,196.0,S,21.0,Monza,Sauber
46,ERI,47,0,16,13,0,53,33.1,22.6,0.0,1.7,53.2,995.1,192.0,S,22.0,Monza,Sauber
47,ERI,48,0,16,13,0,53,34.0,22.8,0.0,2.5,52.9,995.1,190.0,S,23.0,Monza,Sauber
48,ERI,49,0,16,13,0,53,33.6,22.7,0.0,2.7,51.9,995.1,192.0,S,24.0,Monza,Sauber
49,ERI,50,0,16,13,0,54,33.4,22.6,0.0,2.5,51.7,995.0,206.0,S,25.0,Monza,Sauber
50,ERI,51,0,16,13,0,54,33.0,22.5,0.0,3.2,51.8,995.1,189.0,S,26.0,Monza,Sauber
51,ERI,52,0,16,13,0,54,32.6,22.4,0.0,2.3,52.5,995.2,213.0,S,27.0,Monza,Sauber
0,RIC,1,0,17,16,0,56,30.3,21.8,0.0,0.8,66.2,995.4,187.0,S,0.0,Monza,Red Bull Racing
1,RIC,2,0,17,16,0,46,30.4,21.9,0.0,2.1,65.6,995.3,233.0,V,0.0,Monza,Red Bull Racing
2,RIC,3,0,17,16,0,45,30.5,21.9,0.0,1.3,65.9,995.3,0.0,V,1.0,Monza,Red Bull Racing
3,RIC,4,0,16,16,0,47,30.6,22.0,0.0,1.8,64.7,995.3,73.0,V,2.0,Monza,Red Bull Racing
4,RIC,5,0,15,16,0,46,30.9,22.2,0.0,0.8,64.3,995.3,251.0,V,3.0,Monza,Red Bull Racing
5,RIC,6,0,14,16,0,47,30.4,22.3,0.0,2.0,64.0,995.4,172.0,V,4.0,Monza,Red Bull Racing
6,RIC,7,0,14,16,0,47,30.4,22.3,0.0,2.6,64.3,995.3,181.0,V,5.0,Monza,Red Bull Racing
7,RIC,8,0,14,16,0,48,30.4,22.4,0.0,2.0,64.0,995.2,201.0,V,6.0,Monza,Red Bull Racing
8,RIC,9,0,14,16,0,47,30.2,22.2,0.0,3.7,64.9,995.2,183.0,V,7.0,Monza,Red Bull Racing
9,RIC,10,0,13,16,0,47,30.1,22.2,0.0,3.2,64.4,995.3,182.0,V,8.0,Monza,Red Bull Racing
10,RIC,11,0,13,16,0,49,29.9,22.5,0.0,3.0,63.2,995.2,190.0,V,9.0,Monza,Red Bull Racing
11,RIC,12,0,12,16,0,49,29.8,22.2,0.0,0.9,63.6,995.1,196.0,V,10.0,Monza,Red Bull Racing
12,RIC,13,0,12,16,0,49,30.0,22.4,0.0,3.7,63.5,995.0,190.0,V,11.0,Monza,Red Bull Racing
13,RIC,14,0,12,16,0,52,30.1,22.4,0.0,3.2,63.8,995.1,198.0,V,12.0,Monza,Red Bull Racing
14,RIC,15,0,12,16,0,56,29.8,22.2,0.0,2.0,65.2,995.1,192.0,V,13.0,Monza,Red Bull Racing
15,RIC,16,0,12,16,0,58,29.8,22.4,0.0,2.4,65.2,995.2,209.0,V,14.0,Monza,Red Bull Racing
16,RIC,17,0,12,16,0,59,29.5,22.0,1.0,2.7,66.6,995.2,192.0,V,15.0,Monza,Red Bull Racing
17,RIC,18,0,12,16,0,60,29.6,21.9,1.0,3.4,66.9,995.0,187.0,V,16.0,Monza,Red Bull Racing
18,RIC,19,0,12,16,0,60,30.2,21.9,1.0,3.3,67.2,995.2,194.0,V,17.0,Monza,Red Bull Racing
19,RIC,20,0,12,16,0,61,34.1,22.9,0.0,3.4,63.4,995.1,178.0,V,18.0,Monza,Red Bull Racing
20,RIC,21,0,12,16,0,61,33.7,22.8,0.0,2.0,62.6,995.1,197.0,V,19.0,Monza,Red Bull Racing
21,RIC,22,0,11,16,0,61,32.7,22.7,0.0,2.6,57.1,995.1,177.0,V,20.0,Monza,Red Bull Racing
22,RIC,23,0,11,16,0,61,33.3,22.6,0.0,2.9,53.5,995.2,191.0,V,21.0,Monza,Red Bull Racing
0,HUL,1,0,16,18,0,68,29.5,21.7,1.0,0.9,66.5,995.4,189.0,S,0.0,Monza,Renault
1,HUL,2,0,16,18,0,64,29.5,21.8,1.0,1.0,66.2,995.4,225.0,V,0.0,Monza,Renault
2,HUL,3,0,16,18,0,62,29.5,21.6,1.0,0.0,66.8,995.4,0.0,V,1.0,Monza,Renault
3,HUL,4,0,15,18,0,64,29.5,21.7,1.0,0.4,67.0,995.4,174.0,V,2.0,Monza,Renault
4,HUL,5,0,14,18,0,62,29.8,21.8,0.0,1.5,66.3,995.3,55.0,V,3.0,Monza,Renault
5,HUL,6,0,16,18,0,61,30.5,21.9,0.0,1.3,65.9,995.3,0.0,V,4.0,Monza,Renault
6,HUL,7,0,16,18,0,60,30.6,22.0,0.0,1.8,64.7,995.3,73.0,V,5.0,Monza,Renault
7,HUL,8,0,16,18,0,61,30.9,22.2,0.0,0.8,64.3,995.3,251.0,V,6.0,Monza,Renault
8,HUL,9,0,15,18,0,61,30.4,22.3,0.0,2.0,64.0,995.4,172.0,V,7.0,Monza,Renault
9,HUL,10,0,15,18,0,61,30.2,22.3,0.0,0.7,64.1,995.3,197.0,V,8.0,Monza,Renault
10,HUL,11,0,14,18,0,62,30.4,22.4,0.0,2.0,64.0,995.2,201.0,V,9.0,Monza,Renault
11,HUL,12,0,14,18,0,63,30.3,22.6,0.0,1.7,64.0,995.3,182.0,V,10.0,Monza,Renault
12,HUL,13,0,14,18,0,62,30.1,22.2,0.0,3.3,64.6,995.2,192.0,V,11.0,Monza,Renault
13,HUL,14,0,14,18,0,65,30.1,22.2,0.0,3.2,64.4,995.3,182.0,V,12.0,Monza,Renault
14,HUL,15,0,14,18,0,69,30.1,22.1,0.0,3.1,64.8,995.2,191.0,V,13.0,Monza,Renault
15,HUL,16,0,14,18,0,71,30.3,22.4,0.0,2.7,64.1,995.2,175.0,V,14.0,Monza,Renault
16,HUL,17,0,13,18,0,72,30.4,22.4,0.0,2.1,63.9,995.2,18.0,V,15.0,Monza,Renault
17,HUL,18,0,13,18,0,73,30.2,22.4,0.0,1.5,64.2,995.2,186.0,V,16.0,Monza,Renault
18,HUL,19,0,13,18,0,74,29.9,22.5,0.0,3.0,63.2,995.2,190.0,V,17.0,Monza,Renault
19,HUL,20,0,13,18,0,74,29.8,22.3,0.0,4.0,63.6,995.2,175.0,V,18.0,Monza,Renault
20,HUL,21,0,13,18,0,75,29.8,22.2,0.0,0.9,63.6,995.1,196.0,V,19.0,Monza,Renault
21,HUL,22,0,13,18,0,75,30.0,22.3,0.0,2.7,63.1,995.1,193.0,V,20.0,Monza,Renault
22,HUL,23,0,13,18,0,75,30.0,22.4,0.0,3.7,63.5,995.0,190.0,V,21.0,Monza,Renault
23,HUL,24,0,12,18,0,76,30.1,22.5,0.0,3.0,63.0,995.1,173.0,,0.0,Monza,Renault
24,HUL,25,0,12,18,0,76,30.1,22.4,0.0,3.2,63.8,995.1,198.0,,0.0,Monza,Renault
25,HUL,26,0,12,18,0,76,29.8,22.2,0.0,3.0,65.3,995.1,181.0,,0.0,Monza,Renault
26,HUL,27,0,12,18,0,76,29.8,22.4,0.0,2.9,65.5,995.2,193.0,,0.0,Monza,Renault
27,HUL,28,0,12,18,0,76,29.5,22.0,1.0,2.7,66.6,995.2,192.0,,0.0,Monza,Renault
28,HUL,29,0,12,18,0,76,29.5,22.0,1.0,2.5,66.9,995.1,191.0,,0.0,Monza,Renault
29,HUL,30,0,12,18,0,76,29.6,21.9,1.0,3.4,66.9,995.0,187.0,,0.0,Monza,Renault
30,HUL,31,0,12,18,0,76,29.5,21.9,1.0,3.7,67.3,995.2,192.0,,0.0,Monza,Renault
31,HUL,32,0,12,18,0,75,30.2,21.9,1.0,3.3,67.2,995.2,194.0,,0.0,Monza,Renault
32,HUL,33,0,12,18,0,75,30.7,22.0,1.0,2.5,66.9,995.1,192.0,,0.0,Monza,Renault
33,HUL,34,0,12,18,0,75,31.7,22.1,0.0,3.0,66.4,995.1,195.0,,0.0,Monza,Renault
34,HUL,35,0,12,18,0,75,32.1,22.2,0.0,3.4,66.1,995.1,188.0,,0.0,Monza,Renault
35,HUL,36,0,11,18,0,76,33.2,22.5,0.0,2.6,65.6,995.1,190.0,,0.0,Monza,Renault
36,HUL,37,0,11,18,0,75,33.8,22.7,0.0,2.6,64.5,995.1,192.0,,0.0,Monza,Renault
37,HUL,38,0,10,18,0,75,34.0,22.8,0.0,3.0,64.3,995.1,190.0,,0.0,Monza,Renault
38,HUL,39,0,10,18,0,75,34.1,22.9,0.0,3.4,63.4,995.1,178.0,,0.0,Monza,Renault
39,HUL,40,0,10,18,0,75,34.0,22.9,0.0,2.5,62.6,995.1,228.0,,0.0,Monza,Renault
40,HUL,41,0,12,18,0,75,33.5,22.9,0.0,3.0,61.9,995.1,187.0,,0.0,Monza,Renault
41,HUL,42,0,16,18,0,75,33.3,22.9,0.0,1.2,61.4,995.2,201.0,,0.0,Monza,Renault
42,HUL,43,0,15,18,0,74,33.3,22.8,0.0,2.4,61.1,995.2,177.0,,0.0,Monza,Renault
43,HUL,44,0,15,18,0,74,32.7,22.7,0.0,2.6,57.1,995.1,177.0,,0.0,Monza,Renault
44,HUL,45,0,15,18,0,74,33.0,22.7,0.0,2.6,55.0,995.1,210.0,,0.0,Monza,Renault
45,HUL,46,0,15,18,0,74,33.1,22.6,0.0,1.7,53.2,995.1,192.0,,0.0,Monza,Renault
46,HUL,47,0,15,18,0,74,33.3,22.6,0.0,2.9,53.5,995.2,191.0,,0.0,Monza,Renault
47,HUL,48,0,15,18,0,74,34.0,22.8,0.0,2.5,52.9,995.1,190.0,,0.0,Monza,Renault
48,HUL,49,0,14,18,0,74,33.9,22.8,0.0,3.4,52.2,995.1,199.0,,0.0,Monza,Renault
49,HUL,50,0,14,18,0,74,33.6,22.7,0.0,2.7,51.9,995.1,192.0,,0.0,Monza,Renault
50,HUL,51,0,14,18,0,74,33.4,22.6,0.0,2.5,51.7,995.0,206.0,,0.0,Monza,Renault
51,HUL,52,0,14,18,1,74,33.0,22.5,0.0,3.2,51.8,995.1,189.0,,0.0,Monza,Renault
