,idGP,driver,lap,trackStatus,position,targetPosition,grid,out,performance,trackTemp,airTemp,raining,windSpeed,humidity,pressure,windDir,tyre,tyreLap,track,team
0,9,HAM,1,1,17,17,17,0,40,53.3,26.9,0.0,1.3,39.2,1008.2,354.0,S,4,Silverstone,Mercedes
1,9,HAM,2,1,17,15,17,0,41,53.1,27.1,0.0,1.4,38.7,1008.4,357.0,S,5,Silverstone,Mercedes
2,9,HAM,3,1,15,14,17,0,46,53.1,27.1,0.0,0.9,39.1,1008.4,212.0,S,6,Silverstone,Mercedes
3,9,HAM,4,0,14,13,17,0,51,53.0,27.4,0.0,1.1,38.7,1008.4,343.0,S,7,Silverstone,Mercedes
4,9,HAM,5,0,13,11,17,0,53,53.1,27.0,0.0,0.7,39.5,1008.4,188.0,S,8,Silverstone,Mercedes
5,9,HAM,6,0,11,10,17,0,58,53.3,27.4,0.0,1.2,39.1,1008.3,75.0,S,9,Silverstone,Mercedes
6,9,HAM,7,0,10,9,17,0,60,53.3,27.5,0.0,1.5,38.7,1008.4,123.0,S,10,Silverstone,Mercedes
7,9,HAM,8,0,9,8,17,0,60,53.5,27.5,0.0,1.2,38.4,1008.3,183.0,S,11,Silverstone,Mercedes
8,9,HAM,9,0,8,7,17,0,61,53.1,27.3,0.0,1.6,38.4,1008.2,73.0,S,12,Silverstone,Mercedes
9,9,HAM,10,0,7,6,17,0,62,52.7,26.9,0.0,0.9,40.1,1008.4,234.0,S,13,Silverstone,Mercedes
10,9,HAM,11,0,6,6,17,0,62,52.8,27.1,0.0,2.4,39.1,1008.4,246.0,S,14,Silverstone,Mercedes
11,9,HAM,12,0,6,6,17,0,63,52.9,26.9,0.0,1.6,40.7,1008.3,0.0,S,15,Silverstone,Mercedes
12,9,HAM,13,0,6,6,17,0,63,53.1,27.2,0.0,0.9,39.2,1008.3,203.0,S,16,Silverstone,Mercedes
13,9,HAM,14,0,6,5,17,0,63,53.1,27.5,0.0,1.8,38.3,1008.2,304.0,S,17,Silverstone,Mercedes
14,9,HAM,15,0,5,5,17,0,63,53.0,27.7,0.0,1.8,38.7,1008.2,14.0,S,18,Silverstone,Mercedes
15,9,HAM,16,0,5,5,17,0,63,52.9,27.5,0.0,1.9,39.1,1008.2,31.0,S,19,Silverstone,Mercedes
16,9,HAM,17,0,5,5,17,0,63,52.9,27.6,0.0,2.6,38.6,1008.2,82.0,S,20,Silverstone,Mercedes
17,9,HAM,18,0,5,4,17,0,63,52.6,27.3,0.0,2.7,39.1,1008.2,70.0,S,21,Silverstone,Mercedes
18,9,HAM,19,1,4,3,17,0,63,52.6,27.2,0.0,1.2,39.2,1008.3,25.0,S,22,Silverstone,Mercedes
19,9,HAM,20,1,3,3,17,0,64,53.1,27.5,0.0,1.0,38.5,1008.3,234.0,S,23,Silverstone,Mercedes
20,9,HAM,21,1,3,3,17,0,63,53.1,27.6,0.0,1.7,39.0,1008.3,194.0,S,24,Silverstone,Mercedes
21,9,HAM,22,0,3,2,17,0,63,53.2,27.8,0.0,2.0,38.3,1008.2,14.0,S,25,Silverstone,Mercedes
22,9,HAM,23,0,2,3,17,0,63,53.2,27.7,0.0,1.0,38.4,1008.3,208.0,S,26,Silverstone,Mercedes
23,9,HAM,24,0,3,3,17,0,63,53.7,27.7,0.0,1.8,38.5,1008.3,102.0,S,27,Silverstone,Mercedes
24,9,HAM,25,0,3,3,17,0,64,53.8,28.0,0.0,1.8,37.1,1008.3,64.0,S,28,Silverstone,Mercedes
25,9,HAM,26,0,3,6,17,0,63,53.5,28.0,0.0,2.0,37.1,1008.4,16.0,M,0,Silverstone,Mercedes
26,9,HAM,27,0,6,6,17,0,63,53.5,27.8,0.0,1.5,37.8,1008.4,47.0,M,1,Silverstone,Mercedes
27,9,HAM,28,0,6,6,17,0,63,53.6,27.9,0.0,1.2,37.5,1008.3,79.0,M,2,Silverstone,Mercedes
28,9,HAM,29,0,6,6,17,0,63,54.0,28.2,0.0,1.2,36.7,1008.4,307.0,M,3,Silverstone,Mercedes
29,9,HAM,30,0,6,6,17,0,63,54.1,28.4,0.0,1.2,36.5,1008.4,42.0,M,4,Silverstone,Mercedes
30,9,HAM,31,0,6,5,17,0,63,54.1,28.6,0.0,2.0,36.1,1008.3,64.0,M,5,Silverstone,Mercedes
31,9,HAM,32,1,5,5,17,0,63,52.1,28.0,0.0,1.9,37.4,1008.4,43.0,M,6,Silverstone,Mercedes
32,9,HAM,33,2,5,5,17,0,63,53.0,27.5,0.0,1.0,38.8,1008.4,155.0,M,7,Silverstone,Mercedes
33,9,HAM,34,2,5,3,17,0,63,53.2,27.6,0.0,0.8,38.7,1008.4,299.0,M,8,Silverstone,Mercedes
34,9,HAM,35,2,3,3,17,0,63,53.1,27.5,0.0,1.1,39.1,1008.4,240.0,M,9,Silverstone,Mercedes
35,9,HAM,36,2,3,3,17,0,62,52.5,27.8,0.0,1.4,38.7,1008.3,134.0,M,10,Silverstone,Mercedes
36,9,HAM,37,2,3,3,17,0,60,51.7,28.2,0.0,0.9,37.6,1008.3,42.0,M,11,Silverstone,Mercedes
37,9,HAM,38,2,3,3,17,0,59,50.8,28.2,0.0,2.4,37.4,1008.3,39.0,M,12,Silverstone,Mercedes
38,9,HAM,39,2,3,3,17,0,58,50.6,27.9,0.0,1.5,38.0,1008.3,28.0,M,13,Silverstone,Mercedes
39,9,HAM,40,2,3,3,17,0,56,47.9,27.2,0.0,1.2,39.6,1008.3,69.0,M,14,Silverstone,Mercedes
40,9,HAM,41,2,3,3,17,0,54,48.9,27.1,0.0,1.3,39.4,1008.3,258.0,M,15,Silverstone,Mercedes
41,9,HAM,42,0,3,3,17,0,53,49.6,27.1,0.0,1.4,39.4,1008.3,14.0,M,16,Silverstone,Mercedes
42,9,HAM,43,0,3,3,17,0,53,51.9,27.6,0.0,1.2,38.7,1008.3,121.0,M,17,Silverstone,Mercedes
43,9,HAM,44,0,3,3,17,0,54,51.2,27.3,0.0,1.0,39.1,1008.2,16.0,M,18,Silverstone,Mercedes
44,9,HAM,45,0,3,3,17,0,54,51.9,27.4,0.0,1.1,39.3,1008.3,49.0,M,19,Silverstone,Mercedes
45,9,HAM,46,1,3,3,17,0,55,50.1,27.6,0.0,1.6,38.6,1008.3,49.0,M,20,Silverstone,Mercedes
46,9,HAM,47,1,3,3,17,0,55,50.5,27.7,0.0,2.5,38.1,1008.2,13.0,M,21,Silverstone,Mercedes
47,9,HAM,48,1,3,2,17,0,55,51.5,27.7,0.0,1.1,38.1,1008.2,31.0,M,22,Silverstone,Mercedes
48,9,HAM,49,0,2,2,17,0,56,51.6,27.6,0.0,1.2,38.2,1008.1,0.0,M,23,Silverstone,Mercedes
49,9,HAM,50,0,2,2,17,0,56,51.8,27.6,0.0,0.5,37.3,1008.2,40.0,M,24,Silverstone,Mercedes
50,9,HAM,51,0,2,2,17,0,57,51.5,27.6,0.0,1.6,38.1,1008.3,75.0,M,25,Silverstone,Mercedes
51,9,HAM,52,0,2,2,17,0,57,51.6,27.7,0.0,0.9,38.3,1008.2,59.0,M,26,Silverstone,Mercedes
0,9,VET,1,1,1,1,1,0,66,53.1,26.9,0.0,0.8,38.7,1008.3,41.0,S,3,Silverstone,Ferrari
1,9,VET,2,1,1,1,1,0,68,53.1,27.1,0.0,1.4,38.7,1008.4,357.0,S,4,Silverstone,Ferrari
2,9,VET,3,1,1,1,1,0,70,53.1,27.1,0.0,0.9,39.1,1008.4,212.0,S,5,Silverstone,Ferrari
3,9,VET,4,0,1,1,1,0,72,53.0,27.4,0.0,1.1,38.7,1008.4,343.0,S,6,Silverstone,Ferrari
4,9,VET,5,0,1,1,1,0,73,53.1,27.0,0.0,0.7,39.5,1008.4,188.0,S,7,Silverstone,Ferrari
5,9,VET,6,0,1,1,1,0,67,53.3,27.5,0.0,1.5,38.7,1008.4,123.0,S,8,Silverstone,Ferrari
6,9,VET,7,0,1,1,1,0,62,53.7,27.5,0.0,1.4,38.8,1008.4,58.0,S,9,Silverstone,Ferrari
7,9,VET,8,0,1,1,1,0,63,53.1,27.3,0.0,1.6,38.4,1008.2,73.0,S,10,Silverstone,Ferrari
8,9,VET,9,0,1,1,1,0,63,52.9,26.9,0.0,1.6,40.7,1008.3,0.0,S,11,Silverstone,Ferrari
9,9,VET,10,0,1,1,1,0,64,53.4,27.4,0.0,0.9,38.9,1008.3,42.0,S,12,Silverstone,Ferrari
10,9,VET,11,0,1,1,1,0,65,53.1,27.5,0.0,2.0,38.6,1008.4,23.0,S,13,Silverstone,Ferrari
11,9,VET,12,0,1,1,1,0,66,52.4,27.4,0.0,1.4,39.3,1008.3,62.0,S,14,Silverstone,Ferrari
12,9,VET,13,0,1,1,1,0,67,53.1,27.5,0.0,1.8,38.3,1008.2,304.0,S,15,Silverstone,Ferrari
13,9,VET,14,0,1,1,1,0,67,52.9,27.6,0.0,2.2,38.5,1008.3,5.0,S,16,Silverstone,Ferrari
14,9,VET,15,0,1,1,1,0,68,52.9,27.5,0.0,1.9,39.1,1008.2,31.0,S,17,Silverstone,Ferrari
15,9,VET,16,0,1,1,1,0,69,52.9,27.6,0.0,2.6,38.6,1008.2,82.0,S,18,Silverstone,Ferrari
16,9,VET,17,0,1,1,1,0,69,52.6,27.3,0.0,2.7,39.1,1008.2,70.0,S,19,Silverstone,Ferrari
17,9,VET,18,0,1,1,1,0,70,52.6,27.2,0.0,1.2,39.2,1008.3,25.0,S,20,Silverstone,Ferrari
18,9,VET,19,1,1,1,1,0,71,53.4,27.1,0.0,0.6,39.6,1008.3,0.0,S,21,Silverstone,Ferrari
19,9,VET,20,1,1,1,1,0,72,53.1,27.6,0.0,1.7,39.0,1008.3,194.0,S,22,Silverstone,Ferrari
20,9,VET,21,1,1,2,1,0,72,53.2,27.8,0.0,2.0,38.3,1008.2,14.0,M,0,Silverstone,Ferrari
21,9,VET,22,0,2,1,1,0,72,53.7,27.7,0.0,1.8,38.5,1008.3,102.0,M,1,Silverstone,Ferrari
22,9,VET,23,0,1,1,1,0,73,53.8,28.0,0.0,1.8,37.1,1008.3,64.0,M,2,Silverstone,Ferrari
23,9,VET,24,0,1,1,1,0,73,53.5,28.0,0.0,2.0,37.1,1008.4,16.0,M,3,Silverstone,Ferrari
24,9,VET,25,0,1,1,1,0,74,53.5,27.8,0.0,1.5,37.8,1008.4,47.0,M,4,Silverstone,Ferrari
25,9,VET,26,0,1,1,1,0,74,53.6,27.9,0.0,1.2,37.5,1008.3,79.0,M,5,Silverstone,Ferrari
26,9,VET,27,0,1,1,1,0,74,54.1,28.6,0.0,2.0,36.1,1008.3,64.0,M,6,Silverstone,Ferrari
27,9,VET,28,0,1,1,1,0,74,53.0,27.5,0.0,1.0,38.8,1008.4,155.0,M,7,Silverstone,Ferrari
28,9,VET,29,0,1,1,1,0,74,53.2,27.6,0.0,0.8,38.7,1008.4,299.0,M,8,Silverstone,Ferrari
29,9,VET,30,0,1,1,1,0,74,53.1,27.5,0.0,1.1,39.1,1008.4,240.0,M,9,Silverstone,Ferrari
30,9,VET,31,0,1,1,1,0,74,54.0,27.9,0.0,1.5,38.5,1008.4,129.0,M,10,Silverstone,Ferrari
31,9,VET,32,1,1,1,1,0,74,52.5,27.5,0.0,1.4,39.1,1008.3,232.0,M,11,Silverstone,Ferrari
32,9,VET,33,2,1,1,1,0,74,52.5,27.8,0.0,1.4,38.7,1008.3,134.0,M,12,Silverstone,Ferrari
33,9,VET,34,2,1,2,1,0,74,51.7,28.2,0.0,0.9,37.6,1008.3,42.0,S,0,Silverstone,Ferrari
34,9,VET,35,2,2,2,1,0,73,50.8,28.2,0.0,2.4,37.4,1008.3,39.0,S,1,Silverstone,Ferrari
35,9,VET,36,2,2,2,1,0,73,51.9,27.6,0.0,1.2,38.7,1008.3,121.0,S,2,Silverstone,Ferrari
36,9,VET,37,2,2,2,1,0,71,52.1,27.4,0.0,0.8,38.9,1008.3,58.0,S,3,Silverstone,Ferrari
37,9,VET,38,2,2,2,1,0,70,52.1,27.6,0.0,2.0,38.7,1008.4,3.0,S,4,Silverstone,Ferrari
38,9,VET,39,2,2,2,1,0,69,51.9,27.4,0.0,1.8,39.2,1008.2,351.0,S,5,Silverstone,Ferrari
39,9,VET,40,2,2,2,1,0,66,51.9,27.4,0.0,1.1,39.3,1008.3,49.0,S,6,Silverstone,Ferrari
40,9,VET,41,2,2,2,1,0,64,49.4,27.4,0.0,1.9,39.2,1008.3,65.0,S,7,Silverstone,Ferrari
41,9,VET,42,0,2,2,1,0,63,49.0,27.2,0.0,1.7,39.5,1008.3,25.0,S,8,Silverstone,Ferrari
42,9,VET,43,0,2,2,1,0,64,49.8,27.1,0.0,1.9,39.6,1008.2,58.0,S,9,Silverstone,Ferrari
43,9,VET,44,0,2,2,1,0,64,50.2,27.3,0.0,1.7,39.0,1008.3,56.0,S,10,Silverstone,Ferrari
44,9,VET,45,0,2,2,1,0,65,50.8,27.2,0.0,1.3,38.9,1008.2,67.0,S,11,Silverstone,Ferrari
45,9,VET,46,1,2,2,1,0,65,50.5,27.7,0.0,2.5,38.1,1008.2,13.0,S,12,Silverstone,Ferrari
46,9,VET,47,1,2,1,1,0,65,51.6,27.6,0.0,1.2,38.2,1008.1,0.0,S,13,Silverstone,Ferrari
47,9,VET,48,1,1,1,1,0,66,51.6,27.6,0.0,0.9,37.4,1008.2,148.0,S,14,Silverstone,Ferrari
48,9,VET,49,0,1,1,1,0,66,51.8,27.6,0.0,0.5,37.3,1008.2,40.0,S,15,Silverstone,Ferrari
49,9,VET,50,0,1,1,1,0,66,51.8,27.9,0.0,2.5,37.4,1008.3,30.0,S,16,Silverstone,Ferrari
50,9,VET,51,0,1,1,1,0,67,51.5,27.6,0.0,1.6,38.1,1008.3,75.0,S,17,Silverstone,Ferrari
51,9,VET,52,0,1,1,1,0,67,51.6,27.7,0.0,0.9,38.3,1008.2,59.0,S,18,Silverstone,Ferrari
0,9,RAI,1,1,4,4,4,0,60,53.1,26.9,0.0,0.8,38.7,1008.3,41.0,S,3,Silverstone,Ferrari
1,9,RAI,2,1,4,4,4,0,58,53.1,27.1,0.0,0.9,39.1,1008.4,212.0,S,4,Silverstone,Ferrari
2,9,RAI,3,1,4,4,4,0,60,53.1,27.0,0.0,0.7,39.5,1008.4,188.0,S,5,Silverstone,Ferrari
3,9,RAI,4,0,4,4,4,0,62,53.3,27.4,0.0,1.2,39.1,1008.3,75.0,S,6,Silverstone,Ferrari
4,9,RAI,5,0,4,4,4,0,63,53.3,27.5,0.0,1.5,38.7,1008.4,123.0,S,7,Silverstone,Ferrari
5,9,RAI,6,0,4,4,4,0,59,53.5,27.5,0.0,1.2,38.4,1008.3,183.0,S,8,Silverstone,Ferrari
6,9,RAI,7,0,4,4,4,0,56,53.7,27.5,0.0,1.4,38.8,1008.4,58.0,S,9,Silverstone,Ferrari
7,9,RAI,8,0,4,4,4,0,57,53.1,27.3,0.0,1.6,38.4,1008.2,73.0,S,10,Silverstone,Ferrari
8,9,RAI,9,0,4,4,4,0,58,52.8,26.9,0.0,1.1,39.5,1008.3,76.0,S,11,Silverstone,Ferrari
9,9,RAI,10,0,4,4,4,0,59,52.7,26.9,0.0,2.1,39.8,1008.2,314.0,S,12,Silverstone,Ferrari
10,9,RAI,11,0,4,4,4,0,59,52.8,27.1,0.0,2.4,39.1,1008.4,246.0,S,13,Silverstone,Ferrari
11,9,RAI,12,0,4,4,4,0,60,52.9,26.9,0.0,1.6,40.7,1008.3,0.0,S,14,Silverstone,Ferrari
12,9,RAI,13,0,4,4,4,0,61,53.1,27.2,0.0,0.9,39.2,1008.3,203.0,S,15,Silverstone,Ferrari
13,9,RAI,14,0,4,10,4,0,61,53.4,27.4,0.0,0.9,38.9,1008.3,42.0,M,0,Silverstone,Ferrari
14,9,RAI,15,0,10,9,4,0,61,53.1,27.5,0.0,2.0,38.6,1008.4,23.0,M,1,Silverstone,Ferrari
15,9,RAI,16,0,9,8,4,0,61,52.4,27.4,0.0,1.4,39.3,1008.3,62.0,M,2,Silverstone,Ferrari
16,9,RAI,17,0,8,6,4,0,61,53.0,27.7,0.0,1.8,38.7,1008.2,14.0,M,3,Silverstone,Ferrari
17,9,RAI,18,0,6,6,4,0,62,52.9,27.5,0.0,1.9,39.1,1008.2,31.0,M,4,Silverstone,Ferrari
18,9,RAI,19,1,6,6,4,0,62,52.9,27.6,0.0,2.6,38.6,1008.2,82.0,M,5,Silverstone,Ferrari
19,9,RAI,20,1,6,6,4,0,61,53.1,27.3,0.0,1.2,39.0,1008.3,202.0,M,6,Silverstone,Ferrari
20,9,RAI,21,1,6,6,4,0,61,53.1,27.5,0.0,1.0,38.5,1008.3,234.0,M,7,Silverstone,Ferrari
21,9,RAI,22,0,6,6,4,0,61,53.2,27.8,0.0,2.0,38.3,1008.2,14.0,M,8,Silverstone,Ferrari
22,9,RAI,23,0,6,6,4,0,62,53.2,27.7,0.0,1.0,38.4,1008.3,208.0,M,9,Silverstone,Ferrari
23,9,RAI,24,0,6,6,4,0,62,53.8,28.0,0.0,1.8,37.1,1008.3,64.0,M,10,Silverstone,Ferrari
24,9,RAI,25,0,6,6,4,0,62,53.5,28.0,0.0,2.0,37.1,1008.4,16.0,M,11,Silverstone,Ferrari
25,9,RAI,26,0,6,5,4,0,62,53.5,27.8,0.0,1.5,37.8,1008.4,47.0,M,12,Silverstone,Ferrari
26,9,RAI,27,0,5,5,4,0,62,53.6,27.9,0.0,1.2,37.5,1008.3,79.0,M,13,Silverstone,Ferrari
27,9,RAI,28,0,5,5,4,0,62,54.0,28.2,0.0,1.2,36.7,1008.4,307.0,M,14,Silverstone,Ferrari
28,9,RAI,29,0,5,5,4,0,62,52.1,28.0,0.0,1.9,37.4,1008.4,43.0,M,15,Silverstone,Ferrari
29,9,RAI,30,0,5,5,4,0,63,53.0,27.5,0.0,1.0,38.8,1008.4,155.0,M,16,Silverstone,Ferrari
30,9,RAI,31,0,5,4,4,0,63,53.2,27.6,0.0,1.1,38.6,1008.4,237.0,M,17,Silverstone,Ferrari
31,9,RAI,32,1,4,4,4,0,63,53.1,27.5,0.0,1.1,39.1,1008.4,240.0,M,18,Silverstone,Ferrari
32,9,RAI,33,2,4,4,4,0,63,54.0,27.9,0.0,1.5,38.5,1008.4,129.0,M,19,Silverstone,Ferrari
33,9,RAI,34,2,4,5,4,0,62,52.5,27.5,0.0,1.4,39.1,1008.3,232.0,S,0,Silverstone,Ferrari
34,9,RAI,35,2,5,5,4,0,61,52.5,27.8,0.0,1.4,38.7,1008.3,134.0,S,1,Silverstone,Ferrari
35,9,RAI,36,2,5,5,4,0,61,50.8,28.2,0.0,2.4,37.4,1008.3,39.0,S,2,Silverstone,Ferrari
36,9,RAI,37,2,5,5,4,0,59,49.3,27.5,0.0,1.3,38.8,1008.2,61.0,S,3,Silverstone,Ferrari
37,9,RAI,38,2,5,5,4,0,58,48.9,27.1,0.0,1.3,39.4,1008.3,258.0,S,4,Silverstone,Ferrari
38,9,RAI,39,2,5,5,4,0,57,52.1,27.4,0.0,0.8,38.9,1008.3,58.0,S,5,Silverstone,Ferrari
39,9,RAI,40,2,5,5,4,0,55,52.1,27.6,0.0,2.0,38.7,1008.4,3.0,S,6,Silverstone,Ferrari
40,9,RAI,41,2,5,5,4,0,53,51.9,27.4,0.0,1.1,39.3,1008.3,49.0,S,7,Silverstone,Ferrari
41,9,RAI,42,0,5,5,4,0,52,50.1,27.6,0.0,1.6,38.6,1008.3,49.0,S,8,Silverstone,Ferrari
42,9,RAI,43,0,5,4,4,0,52,49.4,27.4,0.0,1.9,39.2,1008.3,65.0,S,9,Silverstone,Ferrari
43,9,RAI,44,0,4,4,4,0,53,48.8,27.4,0.0,2.3,39.2,1008.3,66.0,S,10,Silverstone,Ferrari
44,9,RAI,45,0,4,4,4,0,53,51.0,27.4,0.0,1.8,38.8,1008.2,69.0,S,11,Silverstone,Ferrari
45,9,RAI,46,1,4,4,4,0,54,50.5,27.7,0.0,2.5,38.1,1008.2,13.0,S,12,Silverstone,Ferrari
46,9,RAI,47,1,4,4,4,0,54,51.5,27.4,0.0,2.2,38.8,1008.2,7.0,S,13,Silverstone,Ferrari
47,9,RAI,48,1,4,4,4,0,55,51.6,27.6,0.0,1.2,38.2,1008.1,0.0,S,14,Silverstone,Ferrari
48,9,RAI,49,0,4,3,4,0,55,51.6,27.6,0.0,0.9,37.4,1008.2,148.0,S,15,Silverstone,Ferrari
49,9,RAI,50,0,3,3,4,0,56,51.8,27.6,0.0,0.5,37.3,1008.2,40.0,S,16,Silverstone,Ferrari
50,9,RAI,51,0,3,3,4,0,56,51.5,27.6,0.0,1.6,38.1,1008.3,75.0,S,17,Silverstone,Ferrari
51,9,RAI,52,0,3,3,4,0,57,51.6,27.7,0.0,0.9,38.3,1008.2,59.0,S,18,Silverstone,Ferrari
0,9,BOT,1,1,2,2,2,0,57,53.3,26.6,0.0,1.0,40.4,1008.4,0.0,S,3,Silverstone,Mercedes
1,9,BOT,2,1,2,2,2,0,57,53.1,26.9,0.0,0.8,38.7,1008.3,41.0,S,4,Silverstone,Mercedes
2,9,BOT,3,1,2,2,2,0,61,53.1,27.1,0.0,0.9,39.1,1008.4,212.0,S,5,Silverstone,Mercedes
3,9,BOT,4,0,2,2,2,0,64,52.6,27.2,0.0,1.8,39.4,1008.4,151.0,S,6,Silverstone,Mercedes
4,9,BOT,5,0,2,2,2,0,65,53.1,27.0,0.0,0.7,39.5,1008.4,188.0,S,7,Silverstone,Mercedes
5,9,BOT,6,0,2,2,2,0,59,53.3,27.4,0.0,1.2,39.1,1008.3,75.0,S,8,Silverstone,Mercedes
6,9,BOT,7,0,2,2,2,0,55,53.7,27.5,0.0,1.4,38.8,1008.4,58.0,S,9,Silverstone,Mercedes
7,9,BOT,8,0,2,2,2,0,56,53.1,27.3,0.0,1.6,38.4,1008.2,73.0,S,10,Silverstone,Mercedes
8,9,BOT,9,0,2,2,2,0,57,52.7,26.9,0.0,0.9,40.1,1008.4,234.0,S,11,Silverstone,Mercedes
9,9,BOT,10,0,2,2,2,0,58,52.8,27.1,0.0,2.4,39.1,1008.4,246.0,S,12,Silverstone,Mercedes
10,9,BOT,11,0,2,2,2,0,59,52.9,26.9,0.0,1.6,40.7,1008.3,0.0,S,13,Silverstone,Mercedes
11,9,BOT,12,0,2,2,2,0,59,53.1,27.2,0.0,0.9,39.2,1008.3,203.0,S,14,Silverstone,Mercedes
12,9,BOT,13,0,2,2,2,0,60,52.4,27.4,0.0,1.4,39.3,1008.3,62.0,S,15,Silverstone,Mercedes
13,9,BOT,14,0,2,2,2,0,60,53.1,27.5,0.0,1.8,38.3,1008.2,304.0,S,16,Silverstone,Mercedes
14,9,BOT,15,0,2,2,2,0,61,52.9,27.6,0.0,2.2,38.5,1008.3,5.0,S,17,Silverstone,Mercedes
15,9,BOT,16,0,2,2,2,0,61,52.6,27.3,0.0,2.7,39.1,1008.2,70.0,S,18,Silverstone,Mercedes
16,9,BOT,17,0,2,2,2,0,61,52.6,27.2,0.0,1.2,39.2,1008.3,25.0,S,19,Silverstone,Mercedes
17,9,BOT,18,0,2,2,2,0,62,53.4,27.1,0.0,0.6,39.6,1008.3,0.0,S,20,Silverstone,Mercedes
18,9,BOT,19,1,2,2,2,0,62,53.1,27.5,0.0,1.0,38.5,1008.3,234.0,S,21,Silverstone,Mercedes
19,9,BOT,20,1,2,2,2,0,63,53.2,27.8,0.0,2.0,38.3,1008.2,14.0,S,22,Silverstone,Mercedes
20,9,BOT,21,1,2,1,2,0,63,53.2,27.7,0.0,1.0,38.4,1008.3,208.0,S,23,Silverstone,Mercedes
21,9,BOT,22,0,1,3,2,0,64,53.5,28.0,0.0,2.0,37.1,1008.4,16.0,M,0,Silverstone,Mercedes
22,9,BOT,23,0,3,2,2,0,64,53.5,27.8,0.0,1.5,37.8,1008.4,47.0,M,1,Silverstone,Mercedes
23,9,BOT,24,0,2,2,2,0,65,53.6,27.9,0.0,1.2,37.5,1008.3,79.0,M,2,Silverstone,Mercedes
24,9,BOT,25,0,2,2,2,0,65,54.1,28.6,0.0,2.0,36.1,1008.3,64.0,M,3,Silverstone,Mercedes
25,9,BOT,26,0,2,2,2,0,65,52.1,27.5,0.0,1.2,38.9,1008.4,253.0,M,4,Silverstone,Mercedes
26,9,BOT,27,0,2,2,2,0,66,53.0,27.5,0.0,1.0,38.8,1008.4,155.0,M,5,Silverstone,Mercedes
27,9,BOT,28,0,2,2,2,0,66,53.2,27.6,0.0,0.8,38.7,1008.4,299.0,M,6,Silverstone,Mercedes
28,9,BOT,29,0,2,2,2,0,66,53.1,27.5,0.0,1.1,39.1,1008.4,240.0,M,7,Silverstone,Mercedes
29,9,BOT,30,0,2,2,2,0,66,52.5,27.5,0.0,1.4,39.1,1008.3,232.0,M,8,Silverstone,Mercedes
30,9,BOT,31,0,2,2,2,0,66,52.5,27.8,0.0,1.4,38.7,1008.3,134.0,M,9,Silverstone,Mercedes
31,9,BOT,32,1,2,2,2,0,67,50.6,27.9,0.0,1.5,38.0,1008.3,28.0,M,10,Silverstone,Mercedes
32,9,BOT,33,2,2,2,2,0,67,49.4,27.6,0.0,2.0,38.4,1008.2,0.0,M,11,Silverstone,Mercedes
33,9,BOT,34,2,2,1,2,0,66,48.9,27.1,0.0,1.3,39.4,1008.3,258.0,M,12,Silverstone,Mercedes
34,9,BOT,35,2,1,1,2,0,65,49.6,27.1,0.0,1.4,39.4,1008.3,14.0,M,13,Silverstone,Mercedes
35,9,BOT,36,2,1,1,2,0,65,50.5,27.2,0.0,1.5,39.1,1008.3,261.0,M,14,Silverstone,Mercedes
36,9,BOT,37,2,1,1,2,0,63,51.4,27.4,0.0,0.8,39.2,1008.3,0.0,M,15,Silverstone,Mercedes
37,9,BOT,38,2,1,1,2,0,62,51.9,27.6,0.0,1.2,38.7,1008.3,121.0,M,16,Silverstone,Mercedes
38,9,BOT,39,2,1,1,2,0,62,51.2,27.3,0.0,1.0,39.1,1008.2,16.0,M,17,Silverstone,Mercedes
39,9,BOT,40,2,1,1,2,0,59,51.9,27.4,0.0,1.1,39.3,1008.3,49.0,M,18,Silverstone,Mercedes
40,9,BOT,41,2,1,1,2,0,57,48.8,27.4,0.0,2.3,39.2,1008.3,66.0,M,19,Silverstone,Mercedes
41,9,BOT,42,0,1,1,2,0,57,49.0,27.2,0.0,1.7,39.5,1008.3,25.0,M,20,Silverstone,Mercedes
42,9,BOT,43,0,1,1,2,0,57,49.8,27.1,0.0,1.9,39.6,1008.2,58.0,M,21,Silverstone,Mercedes
43,9,BOT,44,0,1,1,2,0,58,50.2,27.3,0.0,1.7,39.0,1008.3,56.0,M,22,Silverstone,Mercedes
44,9,BOT,45,0,1,1,2,0,58,50.5,27.7,0.0,2.5,38.1,1008.2,13.0,M,23,Silverstone,Mercedes
45,9,BOT,46,1,1,1,2,0,59,51.5,27.4,0.0,2.2,38.8,1008.2,7.0,M,24,Silverstone,Mercedes
46,9,BOT,47,1,1,2,2,0,59,51.6,27.6,0.0,1.2,38.2,1008.1,0.0,M,25,Silverstone,Mercedes
47,9,BOT,48,1,2,3,2,0,60,51.6,27.6,0.0,0.9,37.4,1008.2,148.0,M,26,Silverstone,Mercedes
48,9,BOT,49,0,3,4,2,0,60,51.8,27.6,0.0,0.5,37.3,1008.2,40.0,M,27,Silverstone,Mercedes
49,9,BOT,50,0,4,4,2,0,60,51.8,27.9,0.0,2.5,37.4,1008.3,30.0,M,28,Silverstone,Mercedes
50,9,BOT,51,0,4,4,2,0,61,51.5,27.8,0.0,2.1,37.7,1008.2,44.0,M,29,Silverstone,Mercedes
51,9,BOT,52,0,4,4,2,0,61,51.6,27.7,0.0,0.9,38.3,1008.2,59.0,M,30,Silverstone,Mercedes
0,9,VER,1,1,3,3,3,0,48,53.3,26.9,0.0,1.3,39.2,1008.2,354.0,S,3,Silverstone,Red Bull Racing
1,9,VER,2,1,3,3,3,0,51,53.1,26.9,0.0,0.8,38.7,1008.3,41.0,S,4,Silverstone,Red Bull Racing
2,9,VER,3,1,3,3,3,0,54,53.1,27.1,0.0,1.4,38.7,1008.4,357.0,S,5,Silverstone,Red Bull Racing
3,9,VER,4,0,3,3,3,0,57,53.1,27.1,0.0,0.9,39.1,1008.4,212.0,S,6,Silverstone,Red Bull Racing
4,9,VER,5,0,3,3,3,0,59,53.0,27.4,0.0,1.1,38.7,1008.4,343.0,S,7,Silverstone,Red Bull Racing
5,9,VER,6,0,3,3,3,0,53,53.0,27.2,0.0,1.0,39.4,1008.4,59.0,S,8,Silverstone,Red Bull Racing
6,9,VER,7,0,3,3,3,0,50,52.6,27.2,0.0,1.8,39.4,1008.4,151.0,S,9,Silverstone,Red Bull Racing
7,9,VER,8,0,3,3,3,0,51,53.1,27.0,0.0,0.7,39.5,1008.4,188.0,S,10,Silverstone,Red Bull Racing
8,9,VER,9,0,3,3,3,0,52,53.7,27.5,0.0,1.4,38.8,1008.4,58.0,S,11,Silverstone,Red Bull Racing
9,9,VER,10,0,3,3,3,0,54,52.8,26.9,0.0,1.1,39.5,1008.3,76.0,S,12,Silverstone,Red Bull Racing
10,9,VER,11,0,3,3,3,0,55,52.7,26.9,0.0,0.9,40.1,1008.4,234.0,S,13,Silverstone,Red Bull Racing
11,9,VER,12,0,3,3,3,0,56,53.1,27.2,0.0,0.9,39.2,1008.3,203.0,S,14,Silverstone,Red Bull Racing
12,9,VER,13,0,3,3,3,0,57,53.1,27.5,0.0,2.0,38.6,1008.4,23.0,S,15,Silverstone,Red Bull Racing
13,9,VER,14,0,3,3,3,0,58,53.1,27.5,0.0,1.8,38.3,1008.2,304.0,S,16,Silverstone,Red Bull Racing
14,9,VER,15,0,3,3,3,0,59,52.9,27.6,0.0,2.2,38.5,1008.3,5.0,S,17,Silverstone,Red Bull Racing
15,9,VER,16,0,3,3,3,0,59,52.9,27.6,0.0,2.6,38.6,1008.2,82.0,S,18,Silverstone,Red Bull Racing
16,9,VER,17,0,3,3,3,0,60,53.4,27.1,0.0,0.6,39.6,1008.3,0.0,S,19,Silverstone,Red Bull Racing
17,9,VER,18,0,3,5,3,0,61,53.1,27.6,0.0,1.7,39.0,1008.3,194.0,M,0,Silverstone,Red Bull Racing
18,9,VER,19,1,5,4,3,0,62,53.7,27.7,0.0,1.8,38.5,1008.3,102.0,M,1,Silverstone,Red Bull Racing
19,9,VER,20,1,4,4,3,0,62,53.5,27.8,0.0,1.5,37.8,1008.4,47.0,M,2,Silverstone,Red Bull Racing
20,9,VER,21,1,4,4,3,0,63,52.1,28.0,0.0,1.9,37.4,1008.4,43.0,M,3,Silverstone,Red Bull Racing
21,9,VER,22,0,4,4,3,0,63,53.2,27.6,0.0,0.8,38.7,1008.4,299.0,M,4,Silverstone,Red Bull Racing
22,9,VER,23,0,4,4,3,0,64,53.2,27.6,0.0,1.1,38.6,1008.4,237.0,M,5,Silverstone,Red Bull Racing
23,9,VER,24,0,4,4,3,0,64,54.0,27.9,0.0,1.5,38.5,1008.4,129.0,M,6,Silverstone,Red Bull Racing
24,9,VER,25,0,4,4,3,0,64,52.5,27.5,0.0,1.4,39.1,1008.3,232.0,M,7,Silverstone,Red Bull Racing
25,9,VER,26,0,4,3,3,0,64,52.5,27.8,0.0,1.4,38.7,1008.3,134.0,M,8,Silverstone,Red Bull Racing
26,9,VER,27,0,3,3,3,0,65,51.7,28.2,0.0,0.9,37.6,1008.3,42.0,M,9,Silverstone,Red Bull Racing
27,9,VER,28,0,3,3,3,0,65,50.8,28.2,0.0,2.4,37.4,1008.3,39.0,M,10,Silverstone,Red Bull Racing
28,9,VER,29,0,3,3,3,0,65,50.6,27.9,0.0,1.5,38.0,1008.3,28.0,M,11,Silverstone,Red Bull Racing
29,9,VER,30,0,3,3,3,0,66,49.4,27.6,0.0,2.0,38.4,1008.2,0.0,M,12,Silverstone,Red Bull Racing
30,9,VER,31,0,3,3,3,0,66,49.3,27.5,0.0,1.3,38.8,1008.2,61.0,M,13,Silverstone,Red Bull Racing
31,9,VER,32,1,3,3,3,0,66,48.2,27.3,0.0,0.9,39.2,1008.4,27.0,M,14,Silverstone,Red Bull Racing
32,9,VER,33,2,3,3,3,0,66,47.9,27.2,0.0,1.2,39.6,1008.3,69.0,M,15,Silverstone,Red Bull Racing
33,9,VER,34,2,3,4,3,0,66,49.6,27.1,0.0,1.4,39.4,1008.3,14.0,S,0,Silverstone,Red Bull Racing
34,9,VER,35,2,4,4,3,0,66,51.9,27.6,0.0,1.2,38.7,1008.3,121.0,S,1,Silverstone,Red Bull Racing
35,9,VER,36,2,4,4,3,0,65,52.1,27.4,0.0,0.8,38.9,1008.3,58.0,S,2,Silverstone,Red Bull Racing
36,9,VER,37,2,4,4,3,0,64,51.2,27.3,0.0,1.0,39.1,1008.2,16.0,S,3,Silverstone,Red Bull Racing
37,9,VER,38,2,4,4,3,0,64,50.1,27.6,0.0,1.6,38.6,1008.3,49.0,S,4,Silverstone,Red Bull Racing
38,9,VER,39,2,4,4,3,0,63,48.8,27.4,0.0,2.3,39.2,1008.3,66.0,S,5,Silverstone,Red Bull Racing
39,9,VER,40,2,4,4,3,0,61,50.2,27.3,0.0,1.7,39.0,1008.3,56.0,S,6,Silverstone,Red Bull Racing
40,9,VER,41,2,4,4,3,0,59,51.5,27.4,0.0,2.2,38.8,1008.2,7.0,S,7,Silverstone,Red Bull Racing
41,9,VER,42,0,4,4,3,0,58,51.5,27.7,0.0,1.1,38.1,1008.2,31.0,S,8,Silverstone,Red Bull Racing
42,9,VER,43,0,4,5,3,0,59,51.6,27.6,0.0,1.2,38.2,1008.1,0.0,S,9,Silverstone,Red Bull Racing
43,9,VER,44,0,5,5,3,0,59,51.8,27.8,0.0,0.9,37.4,1008.2,24.0,S,10,Silverstone,Red Bull Racing
44,9,VER,45,0,5,5,3,0,59,51.8,27.9,0.0,2.5,37.4,1008.3,30.0,S,11,Silverstone,Red Bull Racing
45,9,VER,46,1,5,12,3,0,60,51.6,27.7,0.0,0.9,38.3,1008.2,59.0,S,12,Silverstone,Red Bull Racing
0,9,RIC,1,1,5,5,5,0,56,53.3,26.6,0.0,1.0,40.4,1008.4,0.0,S,3,Silverstone,Red Bull Racing
1,9,RIC,2,1,5,5,5,0,57,52.6,27.2,0.0,1.8,39.4,1008.4,151.0,S,4,Silverstone,Red Bull Racing
2,9,RIC,3,1,5,5,5,0,57,53.3,27.5,0.0,1.5,38.7,1008.4,123.0,S,5,Silverstone,Red Bull Racing
3,9,RIC,4,0,5,5,5,0,58,53.1,27.3,0.0,1.6,38.4,1008.2,73.0,S,6,Silverstone,Red Bull Racing
4,9,RIC,5,0,5,5,5,0,59,52.7,26.9,0.0,2.1,39.8,1008.2,314.0,S,7,Silverstone,Red Bull Racing
5,9,RIC,6,0,5,5,5,0,51,52.7,26.9,0.0,0.9,40.1,1008.4,234.0,S,8,Silverstone,Red Bull Racing
6,9,RIC,7,0,5,5,5,0,47,52.8,27.1,0.0,2.4,39.1,1008.4,246.0,S,9,Silverstone,Red Bull Racing
7,9,RIC,8,0,5,5,5,0,48,53.4,27.4,0.0,0.9,38.9,1008.3,42.0,S,10,Silverstone,Red Bull Racing
8,9,RIC,9,0,5,5,5,0,48,53.1,27.5,0.0,2.0,38.6,1008.4,23.0,S,11,Silverstone,Red Bull Racing
9,9,RIC,10,0,5,5,5,0,49,52.1,27.2,0.0,1.1,39.2,1008.3,257.0,S,12,Silverstone,Red Bull Racing
10,9,RIC,11,0,5,5,5,0,50,52.4,27.4,0.0,1.4,39.3,1008.3,62.0,S,13,Silverstone,Red Bull Racing
11,9,RIC,12,0,5,5,5,0,51,53.1,27.5,0.0,1.8,38.3,1008.2,304.0,S,14,Silverstone,Red Bull Racing
12,9,RIC,13,0,5,5,5,0,51,52.9,27.6,0.0,2.2,38.5,1008.3,5.0,S,15,Silverstone,Red Bull Racing
13,9,RIC,14,0,5,4,5,0,52,52.9,27.6,0.0,2.6,38.6,1008.2,82.0,S,16,Silverstone,Red Bull Racing
14,9,RIC,15,0,4,4,5,0,53,52.6,27.3,0.0,2.7,39.1,1008.2,70.0,S,17,Silverstone,Red Bull Racing
15,9,RIC,16,0,4,4,5,0,53,52.6,27.2,0.0,1.2,39.2,1008.3,25.0,S,18,Silverstone,Red Bull Racing
16,9,RIC,17,0,4,4,5,0,54,53.1,27.3,0.0,1.2,39.0,1008.3,202.0,S,19,Silverstone,Red Bull Racing
17,9,RIC,18,0,4,3,5,0,55,53.1,27.5,0.0,1.0,38.5,1008.3,234.0,S,20,Silverstone,Red Bull Racing
18,9,RIC,19,1,3,5,5,0,56,53.1,27.6,0.0,1.7,39.0,1008.3,194.0,M,0,Silverstone,Red Bull Racing
19,9,RIC,20,1,5,5,5,0,56,53.2,27.8,0.0,2.0,38.3,1008.2,14.0,M,1,Silverstone,Red Bull Racing
20,9,RIC,21,1,5,5,5,0,57,53.2,27.7,0.0,1.0,38.4,1008.3,208.0,M,2,Silverstone,Red Bull Racing
21,9,RIC,22,0,5,5,5,0,58,53.8,28.0,0.0,1.8,37.1,1008.3,64.0,M,3,Silverstone,Red Bull Racing
22,9,RIC,23,0,5,5,5,0,58,53.5,28.0,0.0,2.0,37.1,1008.4,16.0,M,4,Silverstone,Red Bull Racing
23,9,RIC,24,0,5,5,5,0,58,53.6,27.9,0.0,1.2,37.5,1008.3,79.0,M,5,Silverstone,Red Bull Racing
24,9,RIC,25,0,5,5,5,0,59,54.1,28.4,0.0,1.2,36.5,1008.4,42.0,M,6,Silverstone,Red Bull Racing
25,9,RIC,26,0,5,4,5,0,59,52.1,28.0,0.0,1.9,37.4,1008.4,43.0,M,7,Silverstone,Red Bull Racing
26,9,RIC,27,0,4,4,5,0,60,53.2,27.6,0.0,0.8,38.7,1008.4,299.0,M,8,Silverstone,Red Bull Racing
27,9,RIC,28,0,4,4,5,0,60,53.1,27.5,0.0,1.1,39.1,1008.4,240.0,M,9,Silverstone,Red Bull Racing
28,9,RIC,29,0,4,4,5,0,61,54.0,27.9,0.0,1.5,38.5,1008.4,129.0,M,10,Silverstone,Red Bull Racing
29,9,RIC,30,0,4,4,5,0,61,53.2,27.9,0.0,1.3,38.1,1008.3,135.0,M,11,Silverstone,Red Bull Racing
30,9,RIC,31,0,4,6,5,0,61,50.8,28.2,0.0,2.4,37.4,1008.3,39.0,S,0,Silverstone,Red Bull Racing
31,9,RIC,32,1,6,6,5,0,62,49.4,27.6,0.0,2.0,38.4,1008.2,0.0,S,1,Silverstone,Red Bull Racing
32,9,RIC,33,2,6,6,5,0,62,48.2,27.3,0.0,0.9,39.2,1008.4,27.0,S,2,Silverstone,Red Bull Racing
33,9,RIC,34,2,6,6,5,0,62,48.9,27.1,0.0,1.3,39.4,1008.3,258.0,S,3,Silverstone,Red Bull Racing
34,9,RIC,35,2,6,6,5,0,63,51.4,27.4,0.0,0.8,39.2,1008.3,0.0,S,4,Silverstone,Red Bull Racing
35,9,RIC,36,2,6,6,5,0,63,51.9,27.6,0.0,1.2,38.7,1008.3,121.0,S,5,Silverstone,Red Bull Racing
36,9,RIC,37,2,6,6,5,0,62,52.1,27.4,0.0,0.8,38.9,1008.3,58.0,S,6,Silverstone,Red Bull Racing
37,9,RIC,38,2,6,6,5,0,61,52.1,27.6,0.0,2.0,38.7,1008.4,3.0,S,7,Silverstone,Red Bull Racing
38,9,RIC,39,2,6,6,5,0,61,51.2,27.3,0.0,1.0,39.1,1008.2,16.0,S,8,Silverstone,Red Bull Racing
39,9,RIC,40,2,6,6,5,0,59,51.9,27.4,0.0,1.8,39.2,1008.2,351.0,S,9,Silverstone,Red Bull Racing
40,9,RIC,41,2,6,6,5,0,57,49.4,27.4,0.0,1.9,39.2,1008.3,65.0,S,10,Silverstone,Red Bull Racing
41,9,RIC,42,0,6,6,5,0,56,49.8,27.1,0.0,1.9,39.6,1008.2,58.0,S,11,Silverstone,Red Bull Racing
42,9,RIC,43,0,6,6,5,0,57,50.2,27.3,0.0,1.7,39.0,1008.3,56.0,S,12,Silverstone,Red Bull Racing
43,9,RIC,44,0,6,6,5,0,57,51.0,27.4,0.0,1.8,38.8,1008.2,69.0,S,13,Silverstone,Red Bull Racing
44,9,RIC,45,0,6,6,5,0,58,50.5,27.7,0.0,2.5,38.1,1008.2,13.0,S,14,Silverstone,Red Bull Racing
45,9,RIC,46,1,6,5,5,0,58,51.5,27.4,0.0,2.2,38.8,1008.2,7.0,S,15,Silverstone,Red Bull Racing
46,9,RIC,47,1,5,5,5,0,59,51.6,27.6,0.0,1.2,38.2,1008.1,0.0,S,16,Silverstone,Red Bull Racing
47,9,RIC,48,1,5,5,5,0,59,51.8,27.6,0.0,0.5,37.3,1008.2,40.0,S,17,Silverstone,Red Bull Racing
48,9,RIC,49,0,5,5,5,0,59,51.8,27.9,0.0,2.5,37.4,1008.3,30.0,S,18,Silverstone,Red Bull Racing
49,9,RIC,50,0,5,5,5,0,59,51.5,27.8,0.0,2.1,37.7,1008.2,44.0,S,19,Silverstone,Red Bull Racing
50,9,RIC,51,0,5,5,5,0,60,51.5,27.6,0.0,1.6,38.1,1008.3,75.0,S,20,Silverstone,Red Bull Racing
51,9,RIC,52,0,5,5,5,0,60,51.6,27.7,0.0,0.9,38.3,1008.2,59.0,S,21,Silverstone,Red Bull Racing
0,9,MAG,1,1,10,10,10,0,34,53.3,26.6,0.0,1.0,40.4,1008.4,0.0,S,3,Silverstone,Haas F1 Team
1,9,MAG,2,1,10,10,10,0,32,53.1,26.9,0.0,0.8,38.7,1008.3,41.0,S,4,Silverstone,Haas F1 Team
2,9,MAG,3,1,10,10,10,0,36,53.1,27.1,0.0,1.4,38.7,1008.4,357.0,S,5,Silverstone,Haas F1 Team
3,9,MAG,4,0,10,10,10,0,38,53.0,27.2,0.0,1.0,39.4,1008.4,59.0,S,6,Silverstone,Haas F1 Team
4,9,MAG,5,0,10,10,10,0,40,52.6,27.2,0.0,1.8,39.4,1008.4,151.0,S,7,Silverstone,Haas F1 Team
5,9,MAG,6,0,10,11,10,0,35,53.1,27.0,0.0,0.7,39.5,1008.4,188.0,S,8,Silverstone,Haas F1 Team
6,9,MAG,7,0,11,11,10,0,34,53.3,27.5,0.0,1.5,38.7,1008.4,123.0,S,9,Silverstone,Haas F1 Team
7,9,MAG,8,0,11,11,10,0,35,53.1,27.3,0.0,1.6,38.4,1008.2,73.0,S,10,Silverstone,Haas F1 Team
8,9,MAG,9,0,11,11,10,0,36,52.7,26.9,0.0,2.1,39.8,1008.2,314.0,S,11,Silverstone,Haas F1 Team
9,9,MAG,10,0,11,11,10,0,37,52.7,26.9,0.0,0.9,40.1,1008.4,234.0,S,12,Silverstone,Haas F1 Team
10,9,MAG,11,0,11,11,10,0,38,52.8,27.1,0.0,2.4,39.1,1008.4,246.0,S,13,Silverstone,Haas F1 Team
11,9,MAG,12,0,11,11,10,0,38,52.9,26.9,0.0,1.6,40.7,1008.3,0.0,S,14,Silverstone,Haas F1 Team
12,9,MAG,13,0,11,11,10,0,38,53.1,27.2,0.0,0.9,39.2,1008.3,203.0,S,15,Silverstone,Haas F1 Team
13,9,MAG,14,0,11,11,10,0,39,52.4,27.4,0.0,1.4,39.3,1008.3,62.0,S,16,Silverstone,Haas F1 Team
14,9,MAG,15,0,11,11,10,0,39,53.1,27.5,0.0,1.8,38.3,1008.2,304.0,S,17,Silverstone,Haas F1 Team
15,9,MAG,16,0,11,11,10,0,39,53.0,27.7,0.0,1.8,38.7,1008.2,14.0,S,18,Silverstone,Haas F1 Team
16,9,MAG,17,0,11,11,10,0,39,52.9,27.6,0.0,2.2,38.5,1008.3,5.0,S,19,Silverstone,Haas F1 Team
17,9,MAG,18,0,11,10,10,0,39,53.4,27.1,0.0,0.6,39.6,1008.3,0.0,S,20,Silverstone,Haas F1 Team
18,9,MAG,19,1,10,9,10,0,40,53.1,27.6,0.0,1.8,38.3,1008.4,253.0,S,21,Silverstone,Haas F1 Team
19,9,MAG,20,1,9,8,10,0,40,53.1,27.6,0.0,1.7,39.0,1008.3,194.0,S,22,Silverstone,Haas F1 Team
20,9,MAG,21,1,8,7,10,0,40,53.2,27.8,0.0,2.0,38.3,1008.2,14.0,S,23,Silverstone,Haas F1 Team
21,9,MAG,22,0,7,7,10,0,40,53.2,27.7,0.0,1.0,38.4,1008.3,208.0,S,24,Silverstone,Haas F1 Team
22,9,MAG,23,0,7,7,10,0,40,53.7,27.7,0.0,1.8,38.5,1008.3,102.0,S,25,Silverstone,Haas F1 Team
23,9,MAG,24,0,7,7,10,0,41,53.8,28.0,0.0,1.8,37.1,1008.3,64.0,S,26,Silverstone,Haas F1 Team
24,9,MAG,25,0,7,7,10,0,41,53.5,27.8,0.0,1.5,37.8,1008.4,47.0,S,27,Silverstone,Haas F1 Team
25,9,MAG,26,0,7,11,10,0,41,53.6,27.9,0.0,1.2,37.5,1008.3,79.0,M,0,Silverstone,Haas F1 Team
26,9,MAG,27,0,11,10,10,0,41,54.0,28.2,0.0,1.2,36.7,1008.4,307.0,M,1,Silverstone,Haas F1 Team
27,9,MAG,28,0,10,10,10,0,41,52.1,28.0,0.0,1.9,37.4,1008.4,43.0,M,2,Silverstone,Haas F1 Team
28,9,MAG,29,0,10,10,10,0,41,53.0,27.5,0.0,1.0,38.8,1008.4,155.0,M,3,Silverstone,Haas F1 Team
29,9,MAG,30,0,10,10,10,0,41,53.1,27.5,0.0,1.1,39.1,1008.4,240.0,M,4,Silverstone,Haas F1 Team
30,9,MAG,31,0,10,10,10,0,41,54.0,27.9,0.0,1.5,38.5,1008.4,129.0,M,5,Silverstone,Haas F1 Team
31,9,MAG,32,1,10,11,10,0,41,52.5,27.5,0.0,1.4,39.1,1008.3,232.0,M,6,Silverstone,Haas F1 Team
32,9,MAG,33,2,11,9,10,0,41,52.5,27.8,0.0,1.4,38.7,1008.3,134.0,M,7,Silverstone,Haas F1 Team
33,9,MAG,34,2,9,9,10,0,42,50.8,28.2,0.0,2.4,37.4,1008.3,39.0,M,8,Silverstone,Haas F1 Team
34,9,MAG,35,2,9,9,10,0,43,49.4,27.6,0.0,2.0,38.4,1008.2,0.0,M,9,Silverstone,Haas F1 Team
35,9,MAG,36,2,9,9,10,0,43,49.3,27.5,0.0,1.3,38.8,1008.2,61.0,M,10,Silverstone,Haas F1 Team
36,9,MAG,37,2,9,9,10,0,42,48.2,27.3,0.0,0.9,39.2,1008.4,27.0,M,11,Silverstone,Haas F1 Team
37,9,MAG,38,2,9,9,10,0,41,47.9,27.2,0.0,1.2,39.6,1008.3,69.0,M,12,Silverstone,Haas F1 Team
38,9,MAG,39,2,9,9,10,0,41,51.9,27.4,0.0,1.8,39.2,1008.2,351.0,M,13,Silverstone,Haas F1 Team
39,9,MAG,40,2,9,9,10,0,39,50.1,27.6,0.0,1.6,38.6,1008.3,49.0,M,14,Silverstone,Haas F1 Team
40,9,MAG,41,2,9,10,10,0,38,49.4,27.4,0.0,1.9,39.2,1008.3,65.0,M,15,Silverstone,Haas F1 Team
41,9,MAG,42,0,10,9,10,0,37,48.8,27.4,0.0,2.3,39.2,1008.3,66.0,M,16,Silverstone,Haas F1 Team
42,9,MAG,43,0,9,9,10,0,37,49.8,27.1,0.0,1.9,39.6,1008.2,58.0,M,17,Silverstone,Haas F1 Team
43,9,MAG,44,0,9,9,10,0,38,50.8,27.2,0.0,1.3,38.9,1008.2,67.0,M,18,Silverstone,Haas F1 Team
44,9,MAG,45,0,9,9,10,0,38,50.5,27.7,0.0,2.5,38.1,1008.2,13.0,M,19,Silverstone,Haas F1 Team
45,9,MAG,46,1,9,8,10,0,38,51.5,27.4,0.0,2.2,38.8,1008.2,7.0,M,20,Silverstone,Haas F1 Team
46,9,MAG,47,1,8,8,10,0,39,51.6,27.6,0.0,1.2,38.2,1008.1,0.0,M,21,Silverstone,Haas F1 Team
47,9,MAG,48,1,8,8,10,0,39,51.6,27.6,0.0,0.9,37.4,1008.2,148.0,M,22,Silverstone,Haas F1 Team
48,9,MAG,49,0,8,8,10,0,39,51.8,27.6,0.0,0.5,37.3,1008.2,40.0,M,23,Silverstone,Haas F1 Team
49,9,MAG,50,0,8,8,10,0,39,51.8,27.9,0.0,2.5,37.4,1008.3,30.0,M,24,Silverstone,Haas F1 Team
50,9,MAG,51,0,8,8,10,0,40,51.5,27.8,0.0,2.1,37.7,1008.2,44.0,M,25,Silverstone,Haas F1 Team
51,9,MAG,52,0,8,9,10,0,40,51.5,27.6,0.0,1.6,38.1,1008.3,75.0,M,26,Silverstone,Haas F1 Team
0,9,GRO,1,1,13,13,13,0,36,53.3,26.9,0.0,1.3,39.2,1008.2,354.0,S,3,Silverstone,Haas F1 Team
1,9,GRO,2,1,13,13,13,0,28,53.0,27.2,0.0,1.0,39.4,1008.4,59.0,S,4,Silverstone,Haas F1 Team
2,9,GRO,3,1,13,13,13,0,32,52.6,27.2,0.0,1.8,39.4,1008.4,151.0,S,5,Silverstone,Haas F1 Team
3,9,GRO,4,0,13,14,13,0,35,53.1,27.0,0.0,0.7,39.5,1008.4,188.0,S,6,Silverstone,Haas F1 Team
4,9,GRO,5,0,14,14,13,0,37,53.3,27.4,0.0,1.2,39.1,1008.3,75.0,S,7,Silverstone,Haas F1 Team
5,9,GRO,6,0,14,14,13,0,30,53.3,27.5,0.0,1.5,38.7,1008.4,123.0,S,8,Silverstone,Haas F1 Team
6,9,GRO,7,0,14,14,13,0,30,53.5,27.5,0.0,1.2,38.4,1008.3,183.0,S,9,Silverstone,Haas F1 Team
7,9,GRO,8,0,14,14,13,0,31,53.1,27.3,0.0,1.6,38.4,1008.2,73.0,S,10,Silverstone,Haas F1 Team
8,9,GRO,9,0,14,14,13,0,31,52.7,26.9,0.0,2.1,39.8,1008.2,314.0,S,11,Silverstone,Haas F1 Team
9,9,GRO,10,0,14,14,13,0,32,52.8,27.1,0.0,2.4,39.1,1008.4,246.0,S,12,Silverstone,Haas F1 Team
10,9,GRO,11,0,14,14,13,0,32,52.9,27.6,0.0,2.2,38.5,1008.3,5.0,S,13,Silverstone,Haas F1 Team
11,9,GRO,12,0,14,14,13,0,33,52.6,27.3,0.0,2.7,39.1,1008.2,70.0,S,14,Silverstone,Haas F1 Team
12,9,GRO,13,0,14,14,13,0,34,53.2,27.8,0.0,2.0,38.3,1008.2,14.0,S,15,Silverstone,Haas F1 Team
13,9,GRO,14,0,14,13,13,0,34,53.8,28.0,0.0,1.8,37.1,1008.3,64.0,S,16,Silverstone,Haas F1 Team
14,9,GRO,15,0,13,13,13,0,35,53.5,28.0,0.0,2.0,37.1,1008.4,16.0,S,17,Silverstone,Haas F1 Team
15,9,GRO,16,0,13,13,13,0,36,53.6,27.9,0.0,1.2,37.5,1008.3,79.0,S,18,Silverstone,Haas F1 Team
16,9,GRO,17,0,13,13,13,0,36,53.0,27.5,0.0,1.0,38.8,1008.4,155.0,S,19,Silverstone,Haas F1 Team
17,9,GRO,18,0,13,12,13,0,37,53.1,27.5,0.0,1.1,39.1,1008.4,240.0,S,20,Silverstone,Haas F1 Team
18,9,GRO,19,1,12,11,13,0,37,53.2,27.9,0.0,1.3,38.1,1008.3,135.0,S,21,Silverstone,Haas F1 Team
19,9,GRO,20,1,11,10,13,0,38,51.7,28.2,0.0,0.9,37.6,1008.3,42.0,S,22,Silverstone,Haas F1 Team
20,9,GRO,21,1,10,8,13,0,38,50.8,28.2,0.0,2.4,37.4,1008.3,39.0,S,23,Silverstone,Haas F1 Team
21,9,GRO,22,0,8,8,13,0,39,50.6,27.9,0.0,1.5,38.0,1008.3,28.0,S,24,Silverstone,Haas F1 Team
22,9,GRO,23,0,8,8,13,0,39,49.4,27.6,0.0,2.0,38.4,1008.2,0.0,S,25,Silverstone,Haas F1 Team
23,9,GRO,24,0,8,8,13,0,40,47.9,27.2,0.0,1.2,39.6,1008.3,69.0,S,26,Silverstone,Haas F1 Team
24,9,GRO,25,0,8,8,13,0,41,48.9,27.1,0.0,1.3,39.4,1008.3,258.0,S,27,Silverstone,Haas F1 Team
25,9,GRO,26,0,8,7,13,0,41,49.6,27.1,0.0,1.4,39.4,1008.3,14.0,S,28,Silverstone,Haas F1 Team
26,9,GRO,27,0,7,15,13,0,42,51.4,27.4,0.0,0.8,39.2,1008.3,0.0,M,0,Silverstone,Haas F1 Team
27,9,GRO,28,0,15,15,13,0,42,52.1,27.4,0.0,0.8,38.9,1008.3,58.0,M,1,Silverstone,Haas F1 Team
28,9,GRO,29,0,15,15,13,0,42,48.8,27.4,0.0,2.3,39.2,1008.3,66.0,M,2,Silverstone,Haas F1 Team
29,9,GRO,30,0,15,15,13,0,43,50.2,27.3,0.0,1.7,39.0,1008.3,56.0,M,3,Silverstone,Haas F1 Team
30,9,GRO,31,0,15,15,13,0,43,50.8,27.2,0.0,1.3,38.9,1008.2,67.0,M,4,Silverstone,Haas F1 Team
31,9,GRO,32,1,15,14,13,0,43,51.0,27.4,0.0,1.8,38.8,1008.2,69.0,M,5,Silverstone,Haas F1 Team
32,9,GRO,33,2,14,11,13,0,41,51.6,27.6,0.0,1.2,38.2,1008.1,0.0,M,6,Silverstone,Haas F1 Team
33,9,GRO,34,2,11,11,13,0,41,51.8,27.8,0.0,0.9,37.4,1008.2,24.0,M,7,Silverstone,Haas F1 Team
34,9,GRO,35,2,11,11,13,0,42,51.8,27.9,0.0,2.5,37.4,1008.3,30.0,M,8,Silverstone,Haas F1 Team
35,9,GRO,36,2,11,11,13,0,42,51.5,27.8,0.0,2.1,37.7,1008.2,44.0,M,9,Silverstone,Haas F1 Team
36,9,GRO,37,2,11,11,13,1,40,51.6,27.7,0.0,0.9,38.3,1008.2,59.0,M,10,Silverstone,Haas F1 Team
0,9,LEC,1,1,7,7,7,0,46,53.3,26.9,0.0,1.3,39.2,1008.2,354.0,S,5,Silverstone,Sauber
1,9,LEC,2,1,7,7,7,0,43,53.1,27.1,0.0,0.9,39.1,1008.4,212.0,S,6,Silverstone,Sauber
2,9,LEC,3,1,7,7,7,0,44,53.3,27.4,0.0,1.2,39.1,1008.3,75.0,S,7,Silverstone,Sauber
3,9,LEC,4,0,7,7,7,0,46,52.8,26.9,0.0,1.1,39.5,1008.3,76.0,S,8,Silverstone,Sauber
4,9,LEC,5,0,7,7,7,0,48,52.7,26.9,0.0,2.1,39.8,1008.2,314.0,S,9,Silverstone,Sauber
5,9,LEC,6,0,7,7,7,0,39,53.1,27.2,0.0,0.9,39.2,1008.3,203.0,S,10,Silverstone,Sauber
6,9,LEC,7,0,7,7,7,0,38,53.1,27.5,0.0,2.0,38.6,1008.4,23.0,S,11,Silverstone,Sauber
7,9,LEC,8,0,7,7,7,0,39,53.0,27.7,0.0,1.8,38.7,1008.2,14.0,S,12,Silverstone,Sauber
8,9,LEC,9,0,7,8,7,0,40,52.9,27.6,0.0,2.6,38.6,1008.2,82.0,S,13,Silverstone,Sauber
9,9,LEC,10,0,8,8,7,0,41,53.2,27.8,0.0,2.0,38.3,1008.2,14.0,S,14,Silverstone,Sauber
10,9,LEC,11,0,8,8,7,0,41,54.0,28.2,0.0,1.2,36.7,1008.4,307.0,S,15,Silverstone,Sauber
11,9,LEC,12,0,8,8,7,0,42,53.1,27.5,0.0,1.1,39.1,1008.4,240.0,S,16,Silverstone,Sauber
12,9,LEC,13,0,8,8,7,0,42,48.2,27.3,0.0,0.9,39.2,1008.4,27.0,S,17,Silverstone,Sauber
13,9,LEC,14,0,8,7,7,0,43,48.9,27.1,0.0,1.3,39.4,1008.3,258.0,S,18,Silverstone,Sauber
14,9,LEC,15,0,7,7,7,0,43,52.1,27.6,0.0,2.0,38.7,1008.4,3.0,S,19,Silverstone,Sauber
15,9,LEC,16,0,7,7,7,0,44,49.4,27.4,0.0,1.9,39.2,1008.3,65.0,S,20,Silverstone,Sauber
16,9,LEC,17,0,7,8,7,0,44,50.8,27.2,0.0,1.3,38.9,1008.2,67.0,S,21,Silverstone,Sauber
17,9,LEC,18,0,8,8,7,1,45,51.8,27.9,0.0,2.5,37.4,1008.3,30.0,S,22,Silverstone,Sauber
0,9,OCO,1,1,8,8,8,0,40,53.3,26.6,0.0,1.0,40.4,1008.4,0.0,S,3,Silverstone,Force India
1,9,OCO,2,1,8,8,8,0,33,53.1,27.1,0.0,0.9,39.1,1008.4,212.0,S,4,Silverstone,Force India
2,9,OCO,3,1,8,8,8,0,34,53.0,27.2,0.0,1.0,39.4,1008.4,59.0,S,5,Silverstone,Force India
3,9,OCO,4,0,8,8,8,0,37,52.6,27.2,0.0,1.8,39.4,1008.4,151.0,S,6,Silverstone,Force India
4,9,OCO,5,0,8,8,8,0,38,53.1,27.0,0.0,0.7,39.5,1008.4,188.0,S,7,Silverstone,Force India
5,9,OCO,6,0,8,8,8,0,35,53.3,27.4,0.0,1.2,39.1,1008.3,75.0,S,8,Silverstone,Force India
6,9,OCO,7,0,8,8,8,0,34,53.3,27.5,0.0,1.5,38.7,1008.4,123.0,S,9,Silverstone,Force India
7,9,OCO,8,0,8,9,8,0,35,53.5,27.5,0.0,1.2,38.4,1008.3,183.0,S,10,Silverstone,Force India
8,9,OCO,9,0,9,9,8,0,35,53.1,27.3,0.0,1.6,38.4,1008.2,73.0,S,11,Silverstone,Force India
9,9,OCO,10,0,9,9,8,0,35,52.7,26.9,0.0,2.1,39.8,1008.2,314.0,S,12,Silverstone,Force India
10,9,OCO,11,0,9,9,8,0,36,52.7,26.9,0.0,0.9,40.1,1008.4,234.0,S,13,Silverstone,Force India
11,9,OCO,12,0,9,9,8,0,36,52.9,26.9,0.0,1.6,40.7,1008.3,0.0,S,14,Silverstone,Force India
12,9,OCO,13,0,9,9,8,0,37,53.1,27.2,0.0,0.9,39.2,1008.3,203.0,S,15,Silverstone,Force India
13,9,OCO,14,0,9,8,8,0,37,53.4,27.4,0.0,0.9,38.9,1008.3,42.0,S,16,Silverstone,Force India
14,9,OCO,15,0,8,8,8,0,37,53.1,27.5,0.0,2.0,38.6,1008.4,23.0,S,17,Silverstone,Force India
15,9,OCO,16,0,8,9,8,0,38,52.1,27.2,0.0,1.1,39.2,1008.3,257.0,S,18,Silverstone,Force India
16,9,OCO,17,0,9,9,8,0,38,53.1,27.5,0.0,1.8,38.3,1008.2,304.0,S,19,Silverstone,Force India
17,9,OCO,18,0,9,9,8,0,39,52.9,27.6,0.0,2.2,38.5,1008.3,5.0,S,20,Silverstone,Force India
18,9,OCO,19,1,9,8,8,0,39,52.6,27.2,0.0,1.2,39.2,1008.3,25.0,S,21,Silverstone,Force India
19,9,OCO,20,1,8,13,8,0,39,53.1,27.3,0.0,1.2,39.0,1008.3,202.0,M,0,Silverstone,Force India
20,9,OCO,21,1,13,12,8,0,40,53.1,27.6,0.0,1.8,38.3,1008.4,253.0,M,1,Silverstone,Force India
21,9,OCO,22,0,12,11,8,0,40,53.1,27.6,0.0,1.7,39.0,1008.3,194.0,M,2,Silverstone,Force India
22,9,OCO,23,0,11,11,8,0,40,53.7,27.7,0.0,1.8,38.5,1008.3,102.0,M,3,Silverstone,Force India
23,9,OCO,24,0,11,11,8,0,40,53.5,27.8,0.0,1.5,37.8,1008.4,47.0,M,4,Silverstone,Force India
24,9,OCO,25,0,11,10,8,0,41,53.6,27.9,0.0,1.2,37.5,1008.3,79.0,M,5,Silverstone,Force India
25,9,OCO,26,0,10,9,8,0,41,54.1,28.4,0.0,1.2,36.5,1008.4,42.0,M,6,Silverstone,Force India
26,9,OCO,27,0,9,8,8,0,41,52.1,27.5,0.0,1.2,38.9,1008.4,253.0,M,7,Silverstone,Force India
27,9,OCO,28,0,8,8,8,0,41,53.2,27.9,0.0,1.3,38.1,1008.3,135.0,M,8,Silverstone,Force India
28,9,OCO,29,0,8,8,8,0,41,52.5,27.5,0.0,1.4,39.1,1008.3,232.0,M,9,Silverstone,Force India
29,9,OCO,30,0,8,8,8,0,41,51.7,28.2,0.0,0.9,37.6,1008.3,42.0,M,10,Silverstone,Force India
30,9,OCO,31,0,8,8,8,0,41,50.8,28.2,0.0,2.4,37.4,1008.3,39.0,M,11,Silverstone,Force India
31,9,OCO,32,1,8,9,8,0,41,49.4,27.6,0.0,2.0,38.4,1008.2,0.0,M,12,Silverstone,Force India
32,9,OCO,33,2,9,8,8,0,41,49.3,27.5,0.0,1.3,38.8,1008.2,61.0,M,13,Silverstone,Force India
33,9,OCO,34,2,8,8,8,0,41,48.2,27.3,0.0,0.9,39.2,1008.4,27.0,M,14,Silverstone,Force India
34,9,OCO,35,2,8,8,8,0,42,47.9,27.2,0.0,1.2,39.6,1008.3,69.0,M,15,Silverstone,Force India
35,9,OCO,36,2,8,8,8,0,43,48.9,27.1,0.0,1.3,39.4,1008.3,258.0,M,16,Silverstone,Force India
36,9,OCO,37,2,8,8,8,0,41,49.6,27.1,0.0,1.4,39.4,1008.3,14.0,M,17,Silverstone,Force India
37,9,OCO,38,2,8,8,8,0,41,50.5,27.2,0.0,1.5,39.1,1008.3,261.0,M,18,Silverstone,Force India
38,9,OCO,39,2,8,8,8,0,40,51.4,27.4,0.0,0.8,39.2,1008.3,0.0,M,19,Silverstone,Force India
39,9,OCO,40,2,8,8,8,0,39,51.9,27.6,0.0,1.2,38.7,1008.3,121.0,M,20,Silverstone,Force India
40,9,OCO,41,2,8,8,8,0,38,52.1,27.4,0.0,0.8,38.9,1008.3,58.0,M,21,Silverstone,Force India
41,9,OCO,42,0,8,8,8,0,37,51.9,27.4,0.0,1.1,39.3,1008.3,49.0,M,22,Silverstone,Force India
42,9,OCO,43,0,8,8,8,0,38,50.1,27.6,0.0,1.6,38.6,1008.3,49.0,M,23,Silverstone,Force India
43,9,OCO,44,0,8,8,8,0,38,48.8,27.4,0.0,2.3,39.2,1008.3,66.0,M,24,Silverstone,Force India
44,9,OCO,45,0,8,8,8,0,38,50.2,27.3,0.0,1.7,39.0,1008.3,56.0,M,25,Silverstone,Force India
45,9,OCO,46,1,8,7,8,0,38,51.0,27.4,0.0,1.8,38.8,1008.2,69.0,M,26,Silverstone,Force India
46,9,OCO,47,1,7,7,8,0,39,51.5,27.4,0.0,2.2,38.8,1008.2,7.0,M,27,Silverstone,Force India
47,9,OCO,48,1,7,7,8,0,39,51.8,27.8,0.0,0.9,37.4,1008.2,24.0,M,28,Silverstone,Force India
48,9,OCO,49,0,7,7,8,0,39,51.8,27.9,0.0,2.5,37.4,1008.3,30.0,M,29,Silverstone,Force India
49,9,OCO,50,0,7,7,8,0,40,51.5,27.8,0.0,2.1,37.7,1008.2,44.0,M,30,Silverstone,Force India
50,9,OCO,51,0,7,7,8,0,40,51.5,27.6,0.0,1.6,38.1,1008.3,75.0,M,31,Silverstone,Force India
51,9,OCO,52,0,7,7,8,0,41,51.6,27.7,0.0,0.9,38.3,1008.2,59.0,M,32,Silverstone,Force India
0,9,HUL,1,1,6,6,6,0,60,53.3,26.6,0.0,1.0,40.4,1008.4,0.0,M,0,Silverstone,Renault
1,9,HUL,2,1,6,6,6,0,58,53.3,26.9,0.0,1.3,39.2,1008.2,354.0,M,1,Silverstone,Renault
2,9,HUL,3,1,6,6,6,0,62,53.1,27.1,0.0,1.4,38.7,1008.4,357.0,M,2,Silverstone,Renault
3,9,HUL,4,0,6,6,6,0,65,52.6,27.2,0.0,1.8,39.4,1008.4,151.0,M,3,Silverstone,Renault
4,9,HUL,5,0,6,6,6,0,67,53.3,27.4,0.0,1.2,39.1,1008.3,75.0,M,4,Silverstone,Renault
5,9,HUL,6,0,6,6,6,0,61,53.5,27.5,0.0,1.2,38.4,1008.3,183.0,M,5,Silverstone,Renault
6,9,HUL,7,0,6,6,6,0,59,53.7,27.5,0.0,1.4,38.8,1008.4,58.0,M,6,Silverstone,Renault
7,9,HUL,8,0,6,6,6,0,60,53.1,27.3,0.0,1.6,38.4,1008.2,73.0,M,7,Silverstone,Renault
8,9,HUL,9,0,6,6,6,0,61,52.8,26.9,0.0,1.1,39.5,1008.3,76.0,M,8,Silverstone,Renault
9,9,HUL,10,0,6,7,6,0,61,52.8,27.1,0.0,2.4,39.1,1008.4,246.0,M,9,Silverstone,Renault
10,9,HUL,11,0,7,7,6,0,62,53.1,27.2,0.0,0.9,39.2,1008.3,203.0,M,10,Silverstone,Renault
11,9,HUL,12,0,7,7,6,0,62,53.4,27.4,0.0,0.9,38.9,1008.3,42.0,M,11,Silverstone,Renault
12,9,HUL,13,0,7,7,6,0,62,52.1,27.2,0.0,1.1,39.2,1008.3,257.0,M,12,Silverstone,Renault
13,9,HUL,14,0,7,6,6,0,62,52.4,27.4,0.0,1.4,39.3,1008.3,62.0,M,13,Silverstone,Renault
14,9,HUL,15,0,6,6,6,0,63,53.1,27.5,0.0,1.8,38.3,1008.2,304.0,M,14,Silverstone,Renault
15,9,HUL,16,0,6,6,6,0,63,52.9,27.5,0.0,1.9,39.1,1008.2,31.0,M,15,Silverstone,Renault
16,9,HUL,17,0,6,7,6,0,64,52.6,27.3,0.0,2.7,39.1,1008.2,70.0,M,16,Silverstone,Renault
17,9,HUL,18,0,7,7,6,0,64,52.6,27.2,0.0,1.2,39.2,1008.3,25.0,M,17,Silverstone,Renault
18,9,HUL,19,1,7,7,6,0,64,53.4,27.1,0.0,0.6,39.6,1008.3,0.0,M,18,Silverstone,Renault
19,9,HUL,20,1,7,7,6,0,65,53.1,27.3,0.0,1.2,39.0,1008.3,202.0,M,19,Silverstone,Renault
20,9,HUL,21,1,7,10,6,0,65,53.1,27.5,0.0,1.0,38.5,1008.3,234.0,H,0,Silverstone,Renault
21,9,HUL,22,0,10,10,6,0,65,53.1,27.6,0.0,1.8,38.3,1008.4,253.0,H,1,Silverstone,Renault
22,9,HUL,23,0,10,10,6,0,65,53.1,27.6,0.0,1.7,39.0,1008.3,194.0,H,2,Silverstone,Renault
23,9,HUL,24,0,10,10,6,0,65,53.7,27.7,0.0,1.8,38.5,1008.3,102.0,H,3,Silverstone,Renault
24,9,HUL,25,0,10,9,6,0,65,53.8,28.0,0.0,1.8,37.1,1008.3,64.0,H,4,Silverstone,Renault
25,9,HUL,26,0,9,8,6,0,66,53.5,27.8,0.0,1.5,37.8,1008.4,47.0,H,5,Silverstone,Renault
26,9,HUL,27,0,8,7,6,0,66,53.6,27.9,0.0,1.2,37.5,1008.3,79.0,H,6,Silverstone,Renault
27,9,HUL,28,0,7,7,6,0,66,54.0,28.2,0.0,1.2,36.7,1008.4,307.0,H,7,Silverstone,Renault
28,9,HUL,29,0,7,7,6,0,66,54.1,28.4,0.0,1.2,36.5,1008.4,42.0,H,8,Silverstone,Renault
29,9,HUL,30,0,7,7,6,0,67,54.1,28.6,0.0,2.0,36.1,1008.3,64.0,H,9,Silverstone,Renault
30,9,HUL,31,0,7,7,6,0,67,54.0,27.9,0.0,1.5,38.5,1008.4,129.0,H,10,Silverstone,Renault
31,9,HUL,32,1,7,8,6,0,67,51.7,28.2,0.0,0.9,37.6,1008.3,42.0,H,11,Silverstone,Renault
32,9,HUL,33,2,8,7,6,0,66,50.8,28.2,0.0,2.4,37.4,1008.3,39.0,H,12,Silverstone,Renault
33,9,HUL,34,2,7,7,6,0,66,49.4,27.6,0.0,2.0,38.4,1008.2,0.0,H,13,Silverstone,Renault
34,9,HUL,35,2,7,7,6,0,68,47.9,27.2,0.0,1.2,39.6,1008.3,69.0,H,14,Silverstone,Renault
35,9,HUL,36,2,7,7,6,0,68,50.5,27.2,0.0,1.5,39.1,1008.3,261.0,H,15,Silverstone,Renault
36,9,HUL,37,2,7,7,6,0,67,51.4,27.4,0.0,0.8,39.2,1008.3,0.0,H,16,Silverstone,Renault
37,9,HUL,38,2,7,7,6,0,66,51.9,27.6,0.0,1.2,38.7,1008.3,121.0,H,17,Silverstone,Renault
38,9,HUL,39,2,7,7,6,0,66,52.1,27.4,0.0,0.8,38.9,1008.3,58.0,H,18,Silverstone,Renault
39,9,HUL,40,2,7,7,6,0,64,52.1,27.6,0.0,2.0,38.7,1008.4,3.0,H,19,Silverstone,Renault
40,9,HUL,41,2,7,7,6,0,63,51.9,27.4,0.0,1.1,39.3,1008.3,49.0,H,20,Silverstone,Renault
41,9,HUL,42,0,7,7,6,0,63,50.1,27.6,0.0,1.6,38.6,1008.3,49.0,H,21,Silverstone,Renault
42,9,HUL,43,0,7,7,6,0,63,49.4,27.4,0.0,1.9,39.2,1008.3,65.0,H,22,Silverstone,Renault
43,9,HUL,44,0,7,7,6,0,63,48.8,27.4,0.0,2.3,39.2,1008.3,66.0,H,23,Silverstone,Renault
44,9,HUL,45,0,7,7,6,0,64,49.0,27.2,0.0,1.7,39.5,1008.3,25.0,H,24,Silverstone,Renault
45,9,HUL,46,1,7,6,6,0,64,49.8,27.1,0.0,1.9,39.6,1008.2,58.0,H,25,Silverstone,Renault
46,9,HUL,47,1,6,6,6,0,65,51.0,27.4,0.0,1.8,38.8,1008.2,69.0,H,26,Silverstone,Renault
47,9,HUL,48,1,6,6,6,0,65,50.5,27.7,0.0,2.5,38.1,1008.2,13.0,H,27,Silverstone,Renault
48,9,HUL,49,0,6,6,6,0,65,51.8,27.6,0.0,0.5,37.3,1008.2,40.0,H,28,Silverstone,Renault
49,9,HUL,50,0,6,6,6,0,66,51.8,27.9,0.0,2.5,37.4,1008.3,30.0,H,29,Silverstone,Renault
50,9,HUL,51,0,6,6,6,0,66,51.5,27.6,0.0,1.6,38.1,1008.3,75.0,H,30,Silverstone,Renault
51,9,HUL,52,0,6,6,6,0,66,51.6,27.7,0.0,0.9,38.3,1008.2,59.0,H,31,Silverstone,Renault
0,9,PER,1,1,19,19,19,0,33,53.3,26.6,0.0,1.0,40.4,1008.4,0.0,S,0,Silverstone,Force India
1,9,PER,2,1,19,19,19,0,37,53.3,26.9,0.0,1.3,39.2,1008.2,354.0,S,1,Silverstone,Force India
2,9,PER,3,1,19,19,19,0,39,53.1,26.9,0.0,0.8,38.7,1008.3,41.0,S,2,Silverstone,Force India
3,9,PER,4,0,19,19,19,0,42,53.1,27.1,0.0,1.4,38.7,1008.4,357.0,S,3,Silverstone,Force India
4,9,PER,5,0,19,18,19,0,43,53.1,27.1,0.0,0.9,39.1,1008.4,212.0,S,4,Silverstone,Force India
5,9,PER,6,0,18,18,19,0,38,53.0,27.2,0.0,1.0,39.4,1008.4,59.0,S,5,Silverstone,Force India
6,9,PER,7,0,18,17,19,0,39,53.3,27.5,0.0,1.5,38.7,1008.4,123.0,S,6,Silverstone,Force India
7,9,PER,8,0,17,17,19,0,40,53.5,27.5,0.0,1.2,38.4,1008.3,183.0,S,7,Silverstone,Force India
8,9,PER,9,0,17,17,19,0,41,53.7,27.5,0.0,1.4,38.8,1008.4,58.0,S,8,Silverstone,Force India
9,9,PER,10,0,17,17,19,0,41,53.1,27.3,0.0,1.6,38.4,1008.2,73.0,S,9,Silverstone,Force India
10,9,PER,11,0,17,17,19,0,42,52.7,26.9,0.0,2.1,39.8,1008.2,314.0,S,10,Silverstone,Force India
11,9,PER,12,0,17,17,19,0,43,52.7,26.9,0.0,0.9,40.1,1008.4,234.0,S,11,Silverstone,Force India
12,9,PER,13,0,17,17,19,0,43,52.8,27.1,0.0,2.4,39.1,1008.4,246.0,S,12,Silverstone,Force India
13,9,PER,14,0,17,19,19,0,44,53.1,27.2,0.0,0.9,39.2,1008.3,203.0,M,0,Silverstone,Force India
14,9,PER,15,0,19,19,19,0,44,53.1,27.5,0.0,2.0,38.6,1008.4,23.0,M,1,Silverstone,Force India
15,9,PER,16,0,19,19,19,0,44,52.4,27.4,0.0,1.4,39.3,1008.3,62.0,M,2,Silverstone,Force India
16,9,PER,17,0,19,19,19,0,44,53.1,27.5,0.0,1.8,38.3,1008.2,304.0,M,3,Silverstone,Force India
17,9,PER,18,0,19,18,19,0,45,52.9,27.6,0.0,2.2,38.5,1008.3,5.0,M,4,Silverstone,Force India
18,9,PER,19,1,18,16,19,0,45,52.9,27.5,0.0,1.9,39.1,1008.2,31.0,M,5,Silverstone,Force India
19,9,PER,20,1,16,16,19,0,45,52.6,27.3,0.0,2.7,39.1,1008.2,70.0,M,6,Silverstone,Force India
20,9,PER,21,1,16,16,19,0,45,53.4,27.1,0.0,0.6,39.6,1008.3,0.0,M,7,Silverstone,Force India
21,9,PER,22,0,16,15,19,0,45,53.1,27.5,0.0,1.0,38.5,1008.3,234.0,M,8,Silverstone,Force India
22,9,PER,23,0,15,15,19,0,45,53.1,27.6,0.0,1.7,39.0,1008.3,194.0,M,9,Silverstone,Force India
23,9,PER,24,0,15,15,19,0,45,53.7,27.7,0.0,1.8,38.5,1008.3,102.0,M,10,Silverstone,Force India
24,9,PER,25,0,15,14,19,0,46,53.8,28.0,0.0,1.8,37.1,1008.3,64.0,M,11,Silverstone,Force India
25,9,PER,26,0,14,14,19,0,46,53.5,28.0,0.0,2.0,37.1,1008.4,16.0,M,12,Silverstone,Force India
26,9,PER,27,0,14,13,19,0,46,53.5,27.8,0.0,1.5,37.8,1008.4,47.0,M,13,Silverstone,Force India
27,9,PER,28,0,13,13,19,0,46,53.6,27.9,0.0,1.2,37.5,1008.3,79.0,M,14,Silverstone,Force India
28,9,PER,29,0,13,13,19,0,46,52.1,27.5,0.0,1.2,38.9,1008.4,253.0,M,15,Silverstone,Force India
29,9,PER,30,0,13,13,19,0,47,53.2,27.6,0.0,1.1,38.6,1008.4,237.0,M,16,Silverstone,Force India
30,9,PER,31,0,13,13,19,0,47,54.0,27.9,0.0,1.5,38.5,1008.4,129.0,M,17,Silverstone,Force India
31,9,PER,32,1,13,13,19,0,47,52.5,27.5,0.0,1.4,39.1,1008.3,232.0,M,18,Silverstone,Force India
32,9,PER,33,2,13,15,19,0,47,51.7,28.2,0.0,0.9,37.6,1008.3,42.0,S,3,Silverstone,Force India
33,9,PER,34,2,15,14,19,0,46,50.6,27.9,0.0,1.5,38.0,1008.3,28.0,S,4,Silverstone,Force India
34,9,PER,35,2,14,14,19,0,47,49.3,27.5,0.0,1.3,38.8,1008.2,61.0,S,5,Silverstone,Force India
35,9,PER,36,2,14,14,19,0,47,47.9,27.2,0.0,1.2,39.6,1008.3,69.0,S,6,Silverstone,Force India
36,9,PER,37,2,14,14,19,0,45,48.9,27.1,0.0,1.3,39.4,1008.3,258.0,S,7,Silverstone,Force India
37,9,PER,38,2,14,12,19,0,44,49.6,27.1,0.0,1.4,39.4,1008.3,14.0,S,8,Silverstone,Force India
38,9,PER,39,2,12,12,19,0,43,50.5,27.2,0.0,1.5,39.1,1008.3,261.0,S,9,Silverstone,Force India
39,9,PER,40,2,12,12,19,0,41,51.9,27.6,0.0,1.2,38.7,1008.3,121.0,S,10,Silverstone,Force India
40,9,PER,41,2,12,11,19,0,39,52.1,27.4,0.0,0.8,38.9,1008.3,58.0,S,11,Silverstone,Force India
41,9,PER,42,0,11,11,19,0,38,51.2,27.3,0.0,1.0,39.1,1008.2,16.0,S,12,Silverstone,Force India
42,9,PER,43,0,11,11,19,0,38,51.9,27.4,0.0,1.1,39.3,1008.3,49.0,S,13,Silverstone,Force India
43,9,PER,44,0,11,11,19,0,39,50.2,27.3,0.0,1.7,39.0,1008.3,56.0,S,14,Silverstone,Force India
44,9,PER,45,0,11,11,19,0,39,51.0,27.4,0.0,1.8,38.8,1008.2,69.0,S,15,Silverstone,Force India
45,9,PER,46,1,11,10,19,0,40,50.5,27.7,0.0,2.5,38.1,1008.2,13.0,S,16,Silverstone,Force India
46,9,PER,47,1,10,10,19,0,40,51.5,27.4,0.0,2.2,38.8,1008.2,7.0,S,17,Silverstone,Force India
47,9,PER,48,1,10,10,19,0,40,51.6,27.6,0.0,1.2,38.2,1008.1,0.0,S,18,Silverstone,Force India
48,9,PER,49,0,10,10,19,0,41,51.8,27.6,0.0,0.5,37.3,1008.2,40.0,S,19,Silverstone,Force India
49,9,PER,50,0,10,11,19,0,41,51.8,27.9,0.0,2.5,37.4,1008.3,30.0,S,20,Silverstone,Force India
50,9,PER,51,0,11,11,19,0,41,51.5,27.8,0.0,2.1,37.7,1008.2,44.0,S,21,Silverstone,Force India
51,9,PER,52,0,11,11,19,0,42,51.6,27.7,0.0,0.9,38.3,1008.2,59.0,S,22,Silverstone,Force India
0,9,ALO,1,1,11,11,11,0,68,53.3,26.9,0.0,1.3,39.2,1008.2,354.0,S,0,Silverstone,McLaren
1,9,ALO,2,1,11,11,11,0,69,53.1,26.9,0.0,0.8,38.7,1008.3,41.0,S,1,Silverstone,McLaren
2,9,ALO,3,1,11,11,11,0,71,53.0,27.4,0.0,1.1,38.7,1008.4,343.0,S,2,Silverstone,McLaren
3,9,ALO,4,0,11,11,11,0,73,53.0,27.2,0.0,1.0,39.4,1008.4,59.0,S,3,Silverstone,McLaren
4,9,ALO,5,0,11,12,11,0,74,52.6,27.2,0.0,1.8,39.4,1008.4,151.0,S,4,Silverstone,McLaren
5,9,ALO,6,0,12,12,11,0,69,53.3,27.4,0.0,1.2,39.1,1008.3,75.0,S,5,Silverstone,McLaren
6,9,ALO,7,0,12,12,11,0,68,53.5,27.5,0.0,1.2,38.4,1008.3,183.0,S,6,Silverstone,McLaren
7,9,ALO,8,0,12,12,11,0,68,53.7,27.5,0.0,1.4,38.8,1008.4,58.0,S,7,Silverstone,McLaren
8,9,ALO,9,0,12,12,11,0,68,52.7,26.9,0.0,0.9,40.1,1008.4,234.0,S,8,Silverstone,McLaren
9,9,ALO,10,0,12,12,11,0,69,52.8,27.1,0.0,2.4,39.1,1008.4,246.0,S,9,Silverstone,McLaren
10,9,ALO,11,0,12,12,11,0,69,52.9,26.9,0.0,1.6,40.7,1008.3,0.0,S,10,Silverstone,McLaren
11,9,ALO,12,0,12,12,11,0,69,53.1,27.2,0.0,0.9,39.2,1008.3,203.0,S,11,Silverstone,McLaren
12,9,ALO,13,0,12,12,11,0,70,53.4,27.4,0.0,0.9,38.9,1008.3,42.0,S,12,Silverstone,McLaren
13,9,ALO,14,0,12,17,11,0,71,52.4,27.4,0.0,1.4,39.3,1008.3,62.0,M,0,Silverstone,McLaren
14,9,ALO,15,0,17,16,11,0,71,53.1,27.5,0.0,1.8,38.3,1008.2,304.0,M,1,Silverstone,McLaren
15,9,ALO,16,0,16,16,11,0,72,53.0,27.7,0.0,1.8,38.7,1008.2,14.0,M,2,Silverstone,McLaren
16,9,ALO,17,0,16,16,11,0,72,52.9,27.6,0.0,2.2,38.5,1008.3,5.0,M,3,Silverstone,McLaren
17,9,ALO,18,0,16,15,11,0,72,52.9,27.5,0.0,1.9,39.1,1008.2,31.0,M,4,Silverstone,McLaren
18,9,ALO,19,1,15,14,11,0,73,52.9,27.6,0.0,2.6,38.6,1008.2,82.0,M,5,Silverstone,McLaren
19,9,ALO,20,1,14,14,11,0,73,52.6,27.3,0.0,2.7,39.1,1008.2,70.0,M,6,Silverstone,McLaren
20,9,ALO,21,1,14,13,11,0,74,53.4,27.1,0.0,0.6,39.6,1008.3,0.0,M,7,Silverstone,McLaren
21,9,ALO,22,0,13,12,11,0,74,53.1,27.5,0.0,1.0,38.5,1008.3,234.0,M,8,Silverstone,McLaren
22,9,ALO,23,0,12,12,11,0,74,53.1,27.6,0.0,1.7,39.0,1008.3,194.0,M,9,Silverstone,McLaren
23,9,ALO,24,0,12,12,11,0,75,53.2,27.7,0.0,1.0,38.4,1008.3,208.0,M,10,Silverstone,McLaren
24,9,ALO,25,0,12,11,11,0,76,53.8,28.0,0.0,1.8,37.1,1008.3,64.0,M,11,Silverstone,McLaren
25,9,ALO,26,0,11,10,11,0,76,54.1,28.4,0.0,1.2,36.5,1008.4,42.0,M,12,Silverstone,McLaren
26,9,ALO,27,0,10,9,11,0,76,53.0,27.5,0.0,1.0,38.8,1008.4,155.0,M,13,Silverstone,McLaren
27,9,ALO,28,0,9,9,11,0,76,53.2,27.6,0.0,0.8,38.7,1008.4,299.0,M,14,Silverstone,McLaren
28,9,ALO,29,0,9,9,11,0,76,53.2,27.6,0.0,1.1,38.6,1008.4,237.0,M,15,Silverstone,McLaren
29,9,ALO,30,0,9,9,11,0,77,54.0,27.9,0.0,1.5,38.5,1008.4,129.0,M,16,Silverstone,McLaren
30,9,ALO,31,0,9,9,11,0,77,52.5,27.5,0.0,1.4,39.1,1008.3,232.0,M,17,Silverstone,McLaren
31,9,ALO,32,1,9,7,11,0,76,52.5,27.8,0.0,1.4,38.7,1008.3,134.0,M,18,Silverstone,McLaren
32,9,ALO,33,2,7,10,11,0,76,50.8,28.2,0.0,2.4,37.4,1008.3,39.0,S,2,Silverstone,McLaren
33,9,ALO,34,2,10,10,11,0,77,49.4,27.6,0.0,2.0,38.4,1008.2,0.0,S,3,Silverstone,McLaren
34,9,ALO,35,2,10,10,11,0,78,49.3,27.5,0.0,1.3,38.8,1008.2,61.0,S,4,Silverstone,McLaren
35,9,ALO,36,2,10,10,11,0,78,47.9,27.2,0.0,1.2,39.6,1008.3,69.0,S,5,Silverstone,McLaren
36,9,ALO,37,2,10,10,11,0,76,48.9,27.1,0.0,1.3,39.4,1008.3,258.0,S,6,Silverstone,McLaren
37,9,ALO,38,2,10,10,11,0,75,51.4,27.4,0.0,0.8,39.2,1008.3,0.0,S,7,Silverstone,McLaren
38,9,ALO,39,2,10,10,11,0,74,51.9,27.6,0.0,1.2,38.7,1008.3,121.0,S,8,Silverstone,McLaren
39,9,ALO,40,2,10,10,11,0,72,52.1,27.4,0.0,0.8,38.9,1008.3,58.0,S,9,Silverstone,McLaren
40,9,ALO,41,2,10,9,11,0,70,52.1,27.6,0.0,2.0,38.7,1008.4,3.0,S,10,Silverstone,McLaren
41,9,ALO,42,0,9,10,11,0,69,51.2,27.3,0.0,1.0,39.1,1008.2,16.0,S,11,Silverstone,McLaren
42,9,ALO,43,0,10,10,11,0,69,50.1,27.6,0.0,1.6,38.6,1008.3,49.0,S,12,Silverstone,McLaren
43,9,ALO,44,0,10,10,11,0,69,48.8,27.4,0.0,2.3,39.2,1008.3,66.0,S,13,Silverstone,McLaren
44,9,ALO,45,0,10,10,11,0,70,50.2,27.3,0.0,1.7,39.0,1008.3,56.0,S,14,Silverstone,McLaren
45,9,ALO,46,1,10,9,11,0,70,50.8,27.2,0.0,1.3,38.9,1008.2,67.0,S,15,Silverstone,McLaren
46,9,ALO,47,1,9,9,11,0,70,51.5,27.4,0.0,2.2,38.8,1008.2,7.0,S,16,Silverstone,McLaren
47,9,ALO,48,1,9,9,11,0,70,51.8,27.6,0.0,0.5,37.3,1008.2,40.0,S,17,Silverstone,McLaren
48,9,ALO,49,0,9,9,11,0,70,51.8,27.8,0.0,0.9,37.4,1008.2,24.0,S,18,Silverstone,McLaren
49,9,ALO,50,0,9,9,11,0,71,51.8,27.9,0.0,2.5,37.4,1008.3,30.0,S,19,Silverstone,McLaren
50,9,ALO,51,0,9,9,11,0,71,51.5,27.6,0.0,1.6,38.1,1008.3,75.0,S,20,Silverstone,McLaren
51,9,ALO,52,0,9,8,11,0,71,51.6,27.7,0.0,0.9,38.3,1008.2,59.0,S,21,Silverstone,McLaren
0,9,GAS,1,1,12,12,12,0,56,53.3,26.6,0.0,1.0,40.4,1008.4,0.0,S,0,Silverstone,Toro Rosso
1,9,GAS,2,1,12,12,12,0,54,53.3,26.9,0.0,1.3,39.2,1008.2,354.0,S,1,Silverstone,Toro Rosso
2,9,GAS,3,1,12,12,12,0,57,53.1,26.9,0.0,0.8,38.7,1008.3,41.0,S,2,Silverstone,Toro Rosso
3,9,GAS,4,0,12,12,12,0,59,53.1,27.1,0.0,1.4,38.7,1008.4,357.0,S,3,Silverstone,Toro Rosso
4,9,GAS,5,0,12,13,12,0,60,53.1,27.1,0.0,0.9,39.1,1008.4,212.0,S,4,Silverstone,Toro Rosso
5,9,GAS,6,0,13,13,12,0,54,53.0,27.4,0.0,1.1,38.7,1008.4,343.0,S,5,Silverstone,Toro Rosso
6,9,GAS,7,0,13,13,12,0,53,53.0,27.2,0.0,1.0,39.4,1008.4,59.0,S,6,Silverstone,Toro Rosso
7,9,GAS,8,0,13,13,12,0,54,52.6,27.2,0.0,1.8,39.4,1008.4,151.0,S,7,Silverstone,Toro Rosso
8,9,GAS,9,0,13,13,12,0,54,53.1,27.0,0.0,0.7,39.5,1008.4,188.0,S,8,Silverstone,Toro Rosso
9,9,GAS,10,0,13,13,12,0,55,53.1,27.3,0.0,1.6,38.4,1008.2,73.0,S,9,Silverstone,Toro Rosso
10,9,GAS,11,0,13,13,12,0,55,52.7,26.9,0.0,0.9,40.1,1008.4,234.0,S,10,Silverstone,Toro Rosso
11,9,GAS,12,0,13,13,12,0,56,52.8,27.1,0.0,2.4,39.1,1008.4,246.0,S,11,Silverstone,Toro Rosso
12,9,GAS,13,0,13,13,12,0,57,52.9,26.9,0.0,1.6,40.7,1008.3,0.0,S,12,Silverstone,Toro Rosso
13,9,GAS,14,0,13,12,12,0,57,53.1,27.2,0.0,0.9,39.2,1008.3,203.0,S,13,Silverstone,Toro Rosso
14,9,GAS,15,0,12,12,12,0,57,53.4,27.4,0.0,0.9,38.9,1008.3,42.0,S,14,Silverstone,Toro Rosso
15,9,GAS,16,0,12,12,12,0,58,53.1,27.5,0.0,2.0,38.6,1008.4,23.0,S,15,Silverstone,Toro Rosso
16,9,GAS,17,0,12,12,12,0,58,52.4,27.4,0.0,1.4,39.3,1008.3,62.0,S,16,Silverstone,Toro Rosso
17,9,GAS,18,0,12,11,12,0,59,53.1,27.5,0.0,1.8,38.3,1008.2,304.0,S,17,Silverstone,Toro Rosso
18,9,GAS,19,1,11,10,12,0,59,53.0,27.7,0.0,1.8,38.7,1008.2,14.0,S,18,Silverstone,Toro Rosso
19,9,GAS,20,1,10,9,12,0,60,52.9,27.6,0.0,2.2,38.5,1008.3,5.0,S,19,Silverstone,Toro Rosso
20,9,GAS,21,1,9,15,12,0,60,52.9,27.5,0.0,1.9,39.1,1008.2,31.0,M,0,Silverstone,Toro Rosso
21,9,GAS,22,0,15,14,12,0,60,52.6,27.3,0.0,2.7,39.1,1008.2,70.0,M,1,Silverstone,Toro Rosso
22,9,GAS,23,0,14,14,12,0,61,52.6,27.2,0.0,1.2,39.2,1008.3,25.0,M,2,Silverstone,Toro Rosso
23,9,GAS,24,0,14,14,12,0,61,53.1,27.3,0.0,1.2,39.0,1008.3,202.0,M,3,Silverstone,Toro Rosso
24,9,GAS,25,0,14,13,12,0,61,53.1,27.5,0.0,1.0,38.5,1008.3,234.0,M,4,Silverstone,Toro Rosso
25,9,GAS,26,0,13,13,12,0,62,53.1,27.6,0.0,1.8,38.3,1008.4,253.0,M,5,Silverstone,Toro Rosso
26,9,GAS,27,0,13,12,12,0,62,53.1,27.6,0.0,1.7,39.0,1008.3,194.0,M,6,Silverstone,Toro Rosso
27,9,GAS,28,0,12,12,12,0,62,53.7,27.7,0.0,1.8,38.5,1008.3,102.0,M,7,Silverstone,Toro Rosso
28,9,GAS,29,0,12,12,12,0,63,53.5,27.8,0.0,1.5,37.8,1008.4,47.0,M,8,Silverstone,Toro Rosso
29,9,GAS,30,0,12,12,12,0,63,53.6,27.9,0.0,1.2,37.5,1008.3,79.0,M,9,Silverstone,Toro Rosso
30,9,GAS,31,0,12,12,12,0,63,54.1,28.6,0.0,2.0,36.1,1008.3,64.0,M,10,Silverstone,Toro Rosso
31,9,GAS,32,1,12,12,12,0,63,52.1,28.0,0.0,1.9,37.4,1008.4,43.0,M,11,Silverstone,Toro Rosso
32,9,GAS,33,2,12,14,12,0,64,52.1,27.5,0.0,1.2,38.9,1008.4,253.0,S,3,Silverstone,Toro Rosso
33,9,GAS,34,2,14,13,12,0,64,53.1,27.5,0.0,1.1,39.1,1008.4,240.0,S,4,Silverstone,Toro Rosso
34,9,GAS,35,2,13,13,12,0,66,54.0,27.9,0.0,1.5,38.5,1008.4,129.0,S,5,Silverstone,Toro Rosso
35,9,GAS,36,2,13,13,12,0,66,53.2,27.9,0.0,1.3,38.1,1008.3,135.0,S,6,Silverstone,Toro Rosso
36,9,GAS,37,2,13,13,12,0,65,51.7,28.2,0.0,0.9,37.6,1008.3,42.0,S,7,Silverstone,Toro Rosso
37,9,GAS,38,2,13,11,12,0,65,49.4,27.6,0.0,2.0,38.4,1008.2,0.0,S,8,Silverstone,Toro Rosso
38,9,GAS,39,2,11,11,12,0,65,50.5,27.2,0.0,1.5,39.1,1008.3,261.0,S,9,Silverstone,Toro Rosso
39,9,GAS,40,2,11,11,12,0,64,52.1,27.4,0.0,0.8,38.9,1008.3,58.0,S,10,Silverstone,Toro Rosso
40,9,GAS,41,2,11,12,12,0,63,51.2,27.3,0.0,1.0,39.1,1008.2,16.0,S,11,Silverstone,Toro Rosso
41,9,GAS,42,0,12,12,12,0,62,51.9,27.4,0.0,1.8,39.2,1008.2,351.0,S,12,Silverstone,Toro Rosso
42,9,GAS,43,0,12,12,12,0,62,51.9,27.4,0.0,1.1,39.3,1008.3,49.0,S,13,Silverstone,Toro Rosso
43,9,GAS,44,0,12,12,12,0,63,50.1,27.6,0.0,1.6,38.6,1008.3,49.0,S,14,Silverstone,Toro Rosso
44,9,GAS,45,0,12,12,12,0,63,49.4,27.4,0.0,1.9,39.2,1008.3,65.0,S,15,Silverstone,Toro Rosso
45,9,GAS,46,1,12,11,12,0,63,50.2,27.3,0.0,1.7,39.0,1008.3,56.0,S,16,Silverstone,Toro Rosso
46,9,GAS,47,1,11,11,12,0,64,50.8,27.2,0.0,1.3,38.9,1008.2,67.0,S,17,Silverstone,Toro Rosso
47,9,GAS,48,1,11,11,12,0,64,51.6,27.6,0.0,1.2,38.2,1008.1,0.0,S,18,Silverstone,Toro Rosso
48,9,GAS,49,0,11,11,12,0,64,51.6,27.6,0.0,0.9,37.4,1008.2,148.0,S,19,Silverstone,Toro Rosso
49,9,GAS,50,0,11,10,12,0,65,51.8,27.8,0.0,0.9,37.4,1008.2,24.0,S,20,Silverstone,Toro Rosso
50,9,GAS,51,0,10,10,12,0,65,51.8,27.9,0.0,2.5,37.4,1008.3,30.0,S,21,Silverstone,Toro Rosso
51,9,GAS,52,0,10,10,12,0,65,51.6,27.7,0.0,0.9,38.3,1008.2,59.0,S,22,Silverstone,Toro Rosso
0,9,ERI,1,1,14,14,14,0,34,53.3,26.6,0.0,1.0,40.4,1008.4,0.0,S,0,Silverstone,Sauber
1,9,ERI,2,1,14,14,14,0,28,53.1,27.1,0.0,0.9,39.1,1008.4,212.0,S,1,Silverstone,Sauber
2,9,ERI,3,1,14,15,14,0,31,53.0,27.2,0.0,1.0,39.4,1008.4,59.0,S,2,Silverstone,Sauber
3,9,ERI,4,0,15,15,14,0,35,53.5,27.5,0.0,1.2,38.4,1008.3,183.0,S,3,Silverstone,Sauber
4,9,ERI,5,0,15,15,14,0,37,52.7,26.9,0.0,2.1,39.8,1008.2,314.0,S,4,Silverstone,Sauber
5,9,ERI,6,0,15,15,14,0,30,52.7,26.9,0.0,0.9,40.1,1008.4,234.0,S,5,Silverstone,Sauber
6,9,ERI,7,0,15,15,14,0,29,53.1,27.2,0.0,0.9,39.2,1008.3,203.0,S,6,Silverstone,Sauber
7,9,ERI,8,0,15,15,14,0,31,52.1,27.2,0.0,1.1,39.2,1008.3,257.0,S,7,Silverstone,Sauber
8,9,ERI,9,0,15,15,14,0,31,53.1,27.5,0.0,1.8,38.3,1008.2,304.0,S,8,Silverstone,Sauber
9,9,ERI,10,0,15,15,14,0,32,53.0,27.7,0.0,1.8,38.7,1008.2,14.0,S,9,Silverstone,Sauber
10,9,ERI,11,0,15,15,14,0,33,52.9,27.6,0.0,2.2,38.5,1008.3,5.0,S,10,Silverstone,Sauber
11,9,ERI,12,0,15,15,14,0,33,52.9,27.6,0.0,2.6,38.6,1008.2,82.0,S,11,Silverstone,Sauber
12,9,ERI,13,0,15,15,14,0,34,52.6,27.2,0.0,1.2,39.2,1008.3,25.0,S,12,Silverstone,Sauber
13,9,ERI,14,0,15,14,14,0,34,53.1,27.3,0.0,1.2,39.0,1008.3,202.0,S,13,Silverstone,Sauber
14,9,ERI,15,0,14,14,14,0,35,53.1,27.6,0.0,1.8,38.3,1008.4,253.0,S,14,Silverstone,Sauber
15,9,ERI,16,0,14,14,14,0,35,53.1,27.6,0.0,1.7,39.0,1008.3,194.0,S,15,Silverstone,Sauber
16,9,ERI,17,0,14,14,14,0,36,53.8,28.0,0.0,1.8,37.1,1008.3,64.0,S,16,Silverstone,Sauber
17,9,ERI,18,0,14,13,14,0,36,53.5,27.8,0.0,1.5,37.8,1008.4,47.0,S,17,Silverstone,Sauber
18,9,ERI,19,1,13,12,14,0,37,53.0,27.5,0.0,1.0,38.8,1008.4,155.0,S,18,Silverstone,Sauber
19,9,ERI,20,1,12,11,14,0,37,53.2,27.6,0.0,0.8,38.7,1008.4,299.0,S,19,Silverstone,Sauber
20,9,ERI,21,1,11,9,14,0,38,53.1,27.5,0.0,1.1,39.1,1008.4,240.0,S,20,Silverstone,Sauber
21,9,ERI,22,0,9,9,14,0,38,52.5,27.5,0.0,1.4,39.1,1008.3,232.0,S,21,Silverstone,Sauber
22,9,ERI,23,0,9,9,14,0,38,50.8,28.2,0.0,2.4,37.4,1008.3,39.0,S,22,Silverstone,Sauber
23,9,ERI,24,0,9,9,14,0,39,48.9,27.1,0.0,1.3,39.4,1008.3,258.0,S,23,Silverstone,Sauber
24,9,ERI,25,0,9,15,14,0,39,49.6,27.1,0.0,1.4,39.4,1008.3,14.0,M,0,Silverstone,Sauber
25,9,ERI,26,0,15,15,14,0,39,52.1,27.6,0.0,2.0,38.7,1008.4,3.0,M,1,Silverstone,Sauber
26,9,ERI,27,0,15,14,14,0,40,48.8,27.4,0.0,2.3,39.2,1008.3,66.0,M,2,Silverstone,Sauber
27,9,ERI,28,0,14,14,14,0,40,50.5,27.7,0.0,2.5,38.1,1008.2,13.0,M,3,Silverstone,Sauber
28,9,ERI,29,0,14,14,14,0,40,51.8,27.6,0.0,0.5,37.3,1008.2,40.0,M,4,Silverstone,Sauber
29,9,ERI,30,0,14,14,14,0,41,51.8,27.8,0.0,0.9,37.4,1008.2,24.0,M,5,Silverstone,Sauber
30,9,ERI,31,0,14,14,14,1,41,51.5,27.6,0.0,1.6,38.1,1008.3,75.0,M,6,Silverstone,Sauber
0,9,SAI,1,1,9,9,9,0,34,53.0,27.2,0.0,1.0,39.4,1008.4,59.0,M,0,Silverstone,Renault
1,9,SAI,2,1,9,9,9,0,32,52.6,27.2,0.0,1.8,39.4,1008.4,151.0,M,1,Silverstone,Renault
2,9,SAI,3,1,9,9,9,0,36,53.3,27.4,0.0,1.2,39.1,1008.3,75.0,M,2,Silverstone,Renault
3,9,SAI,4,0,9,9,9,0,41,53.3,27.5,0.0,1.5,38.7,1008.4,123.0,M,3,Silverstone,Renault
4,9,SAI,5,0,9,9,9,0,43,53.7,27.5,0.0,1.4,38.8,1008.4,58.0,M,4,Silverstone,Renault
5,9,SAI,6,0,9,9,9,0,41,53.1,27.3,0.0,1.6,38.4,1008.2,73.0,M,5,Silverstone,Renault
6,9,SAI,7,0,9,10,9,0,41,52.7,26.9,0.0,2.1,39.8,1008.2,314.0,M,6,Silverstone,Renault
7,9,SAI,8,0,10,10,9,0,42,52.9,26.9,0.0,1.6,40.7,1008.3,0.0,M,7,Silverstone,Renault
8,9,SAI,9,0,10,10,9,0,42,53.1,27.2,0.0,0.9,39.2,1008.3,203.0,M,8,Silverstone,Renault
9,9,SAI,10,0,10,10,9,0,43,52.4,27.4,0.0,1.4,39.3,1008.3,62.0,M,9,Silverstone,Renault
10,9,SAI,11,0,10,10,9,0,44,52.9,27.6,0.0,2.6,38.6,1008.2,82.0,M,10,Silverstone,Renault
11,9,SAI,12,0,10,10,9,0,44,52.6,27.3,0.0,2.7,39.1,1008.2,70.0,M,11,Silverstone,Renault
12,9,SAI,13,0,10,10,9,0,44,53.4,27.1,0.0,0.6,39.6,1008.3,0.0,M,12,Silverstone,Renault
13,9,SAI,14,0,10,9,9,0,45,53.7,27.7,0.0,1.8,38.5,1008.3,102.0,M,13,Silverstone,Renault
14,9,SAI,15,0,9,10,9,0,45,53.8,28.0,0.0,1.8,37.1,1008.3,64.0,M,14,Silverstone,Renault
15,9,SAI,16,0,10,10,9,0,46,53.6,27.9,0.0,1.2,37.5,1008.3,79.0,M,15,Silverstone,Renault
16,9,SAI,17,0,10,10,9,0,47,52.1,28.0,0.0,1.9,37.4,1008.4,43.0,M,16,Silverstone,Renault
17,9,SAI,18,0,10,16,9,0,47,53.2,27.6,0.0,1.1,38.6,1008.4,237.0,H,0,Silverstone,Renault
18,9,SAI,19,1,16,15,9,0,47,53.1,27.5,0.0,1.1,39.1,1008.4,240.0,H,1,Silverstone,Renault
19,9,SAI,20,1,15,15,9,0,47,53.2,27.9,0.0,1.3,38.1,1008.3,135.0,H,2,Silverstone,Renault
20,9,SAI,21,1,15,14,9,0,48,52.5,27.5,0.0,1.4,39.1,1008.3,232.0,H,3,Silverstone,Renault
21,9,SAI,22,0,14,13,9,0,48,51.7,28.2,0.0,0.9,37.6,1008.3,42.0,H,4,Silverstone,Renault
22,9,SAI,23,0,13,13,9,0,48,49.3,27.5,0.0,1.3,38.8,1008.2,61.0,H,5,Silverstone,Renault
23,9,SAI,24,0,13,13,9,0,48,49.6,27.1,0.0,1.4,39.4,1008.3,14.0,H,6,Silverstone,Renault
24,9,SAI,25,0,13,12,9,0,48,50.5,27.2,0.0,1.5,39.1,1008.3,261.0,H,7,Silverstone,Renault
25,9,SAI,26,0,12,12,9,0,49,52.1,27.4,0.0,0.8,38.9,1008.3,58.0,H,8,Silverstone,Renault
26,9,SAI,27,0,12,11,9,0,48,49.4,27.4,0.0,1.9,39.2,1008.3,65.0,H,9,Silverstone,Renault
27,9,SAI,28,0,11,11,9,0,48,48.8,27.4,0.0,2.3,39.2,1008.3,66.0,H,10,Silverstone,Renault
28,9,SAI,29,0,11,11,9,0,49,49.8,27.1,0.0,1.9,39.6,1008.2,58.0,H,11,Silverstone,Renault
29,9,SAI,30,0,11,11,9,0,49,50.2,27.3,0.0,1.7,39.0,1008.3,56.0,H,12,Silverstone,Renault
30,9,SAI,31,0,11,11,9,0,49,51.5,27.7,0.0,1.1,38.1,1008.2,31.0,H,13,Silverstone,Renault
31,9,SAI,32,1,11,10,9,0,49,51.6,27.6,0.0,1.2,38.2,1008.1,0.0,H,14,Silverstone,Renault
32,9,SAI,33,2,10,12,9,0,49,51.6,27.6,0.0,0.9,37.4,1008.2,148.0,S,0,Silverstone,Renault
33,9,SAI,34,2,12,12,9,0,49,51.8,27.6,0.0,0.5,37.3,1008.2,40.0,S,1,Silverstone,Renault
34,9,SAI,35,2,12,12,9,0,50,51.8,27.9,0.0,2.5,37.4,1008.3,30.0,S,2,Silverstone,Renault
35,9,SAI,36,2,12,12,9,0,49,51.5,27.8,0.0,2.1,37.7,1008.2,44.0,S,3,Silverstone,Renault
36,9,SAI,37,2,12,12,9,1,48,51.5,27.6,0.0,1.6,38.1,1008.3,75.0,S,4,Silverstone,Renault
0,9,VAN,1,1,15,15,15,0,44,53.1,27.1,0.0,0.9,39.1,1008.4,212.0,S,0,Silverstone,McLaren
1,9,VAN,2,1,15,16,15,0,42,53.0,27.2,0.0,1.0,39.4,1008.4,59.0,S,1,Silverstone,McLaren
2,9,VAN,3,1,16,16,15,0,47,53.1,27.0,0.0,0.7,39.5,1008.4,188.0,S,2,Silverstone,McLaren
3,9,VAN,4,0,16,16,15,0,53,53.3,27.4,0.0,1.2,39.1,1008.3,75.0,S,3,Silverstone,McLaren
4,9,VAN,5,0,16,16,15,0,55,53.5,27.5,0.0,1.2,38.4,1008.3,183.0,S,4,Silverstone,McLaren
5,9,VAN,6,0,16,16,15,0,53,52.7,26.9,0.0,2.1,39.8,1008.2,314.0,S,5,Silverstone,McLaren
6,9,VAN,7,0,16,16,15,0,53,52.8,27.1,0.0,2.4,39.1,1008.4,246.0,S,6,Silverstone,McLaren
7,9,VAN,8,0,16,16,15,0,54,53.1,27.5,0.0,2.0,38.6,1008.4,23.0,S,7,Silverstone,McLaren
8,9,VAN,9,0,16,16,15,0,55,52.1,27.2,0.0,1.1,39.2,1008.3,257.0,S,8,Silverstone,McLaren
9,9,VAN,10,0,16,16,15,0,56,52.4,27.4,0.0,1.4,39.3,1008.3,62.0,S,9,Silverstone,McLaren
10,9,VAN,11,0,16,16,15,0,57,53.0,27.7,0.0,1.8,38.7,1008.2,14.0,S,10,Silverstone,McLaren
11,9,VAN,12,0,16,16,15,0,58,52.9,27.6,0.0,2.2,38.5,1008.3,5.0,S,11,Silverstone,McLaren
12,9,VAN,13,0,16,16,15,0,58,52.9,27.5,0.0,1.9,39.1,1008.2,31.0,S,12,Silverstone,McLaren
13,9,VAN,14,0,16,15,15,0,59,52.9,27.6,0.0,2.6,38.6,1008.2,82.0,S,13,Silverstone,McLaren
14,9,VAN,15,0,15,15,15,0,60,52.6,27.3,0.0,2.7,39.1,1008.2,70.0,S,14,Silverstone,McLaren
15,9,VAN,16,0,15,15,15,0,60,52.6,27.2,0.0,1.2,39.2,1008.3,25.0,S,15,Silverstone,McLaren
16,9,VAN,17,0,15,15,15,0,61,53.4,27.1,0.0,0.6,39.6,1008.3,0.0,S,16,Silverstone,McLaren
17,9,VAN,18,0,15,14,15,0,61,53.1,27.3,0.0,1.2,39.0,1008.3,202.0,S,17,Silverstone,McLaren
18,9,VAN,19,1,14,13,15,0,62,53.1,27.5,0.0,1.0,38.5,1008.3,234.0,S,18,Silverstone,McLaren
19,9,VAN,20,1,13,12,15,0,62,53.1,27.6,0.0,1.7,39.0,1008.3,194.0,S,19,Silverstone,McLaren
20,9,VAN,21,1,12,11,15,0,62,53.2,27.8,0.0,2.0,38.3,1008.2,14.0,S,20,Silverstone,McLaren
21,9,VAN,22,0,11,16,15,0,62,53.2,27.7,0.0,1.0,38.4,1008.3,208.0,M,0,Silverstone,McLaren
22,9,VAN,23,0,16,16,15,0,63,53.7,27.7,0.0,1.8,38.5,1008.3,102.0,M,1,Silverstone,McLaren
23,9,VAN,24,0,16,16,15,0,63,53.8,28.0,0.0,1.8,37.1,1008.3,64.0,M,2,Silverstone,McLaren
24,9,VAN,25,0,16,16,15,0,64,53.5,28.0,0.0,2.0,37.1,1008.4,16.0,M,3,Silverstone,McLaren
25,9,VAN,26,0,16,16,15,0,64,53.6,27.9,0.0,1.2,37.5,1008.3,79.0,M,4,Silverstone,McLaren
26,9,VAN,27,0,16,16,15,0,64,54.0,28.2,0.0,1.2,36.7,1008.4,307.0,M,5,Silverstone,McLaren
27,9,VAN,28,0,16,16,15,0,64,54.1,28.4,0.0,1.2,36.5,1008.4,42.0,M,6,Silverstone,McLaren
28,9,VAN,29,0,16,16,15,0,65,52.1,28.0,0.0,1.9,37.4,1008.4,43.0,M,7,Silverstone,McLaren
29,9,VAN,30,0,16,16,15,0,65,52.1,27.5,0.0,1.2,38.9,1008.4,253.0,M,8,Silverstone,McLaren
30,9,VAN,31,0,16,16,15,0,65,53.0,27.5,0.0,1.0,38.8,1008.4,155.0,M,9,Silverstone,McLaren
31,9,VAN,32,1,16,15,15,0,65,53.2,27.6,0.0,1.1,38.6,1008.4,237.0,M,10,Silverstone,McLaren
32,9,VAN,33,2,15,13,15,0,64,53.2,27.9,0.0,1.3,38.1,1008.3,135.0,M,11,Silverstone,McLaren
33,9,VAN,34,2,13,15,15,0,65,51.7,28.2,0.0,0.9,37.6,1008.3,42.0,S,0,Silverstone,McLaren
34,9,VAN,35,2,15,15,15,0,66,50.6,27.9,0.0,1.5,38.0,1008.3,28.0,S,1,Silverstone,McLaren
35,9,VAN,36,2,15,15,15,0,67,48.9,27.1,0.0,1.3,39.4,1008.3,258.0,S,2,Silverstone,McLaren
36,9,VAN,37,2,15,15,15,0,66,49.6,27.1,0.0,1.4,39.4,1008.3,14.0,S,3,Silverstone,McLaren
37,9,VAN,38,2,15,13,15,0,65,50.5,27.2,0.0,1.5,39.1,1008.3,261.0,S,4,Silverstone,McLaren
38,9,VAN,39,2,13,13,15,0,64,51.4,27.4,0.0,0.8,39.2,1008.3,0.0,S,5,Silverstone,McLaren
39,9,VAN,40,2,13,13,15,0,62,51.9,27.6,0.0,1.2,38.7,1008.3,121.0,S,6,Silverstone,McLaren
40,9,VAN,41,2,13,13,15,0,61,52.1,27.4,0.0,0.8,38.9,1008.3,58.0,S,7,Silverstone,McLaren
41,9,VAN,42,0,13,13,15,0,60,51.9,27.4,0.0,1.1,39.3,1008.3,49.0,S,8,Silverstone,McLaren
42,9,VAN,43,0,13,13,15,0,60,48.8,27.4,0.0,2.3,39.2,1008.3,66.0,S,9,Silverstone,McLaren
43,9,VAN,44,0,13,13,15,0,61,49.0,27.2,0.0,1.7,39.5,1008.3,25.0,S,10,Silverstone,McLaren
44,9,VAN,45,0,13,13,15,0,61,50.2,27.3,0.0,1.7,39.0,1008.3,56.0,S,11,Silverstone,McLaren
45,9,VAN,46,1,13,13,15,0,62,50.8,27.2,0.0,1.3,38.9,1008.2,67.0,S,12,Silverstone,McLaren
46,9,VAN,47,1,13,12,15,0,62,51.5,27.4,0.0,2.2,38.8,1008.2,7.0,S,13,Silverstone,McLaren
47,9,VAN,48,1,12,12,15,0,62,51.6,27.6,0.0,1.2,38.2,1008.1,0.0,S,14,Silverstone,McLaren
48,9,VAN,49,0,12,12,15,0,63,51.8,27.8,0.0,0.9,37.4,1008.2,24.0,S,15,Silverstone,McLaren
49,9,VAN,50,0,12,12,15,0,63,51.8,27.9,0.0,2.5,37.4,1008.3,30.0,S,16,Silverstone,McLaren
50,9,VAN,51,0,12,12,15,0,64,51.5,27.8,0.0,2.1,37.7,1008.2,44.0,S,17,Silverstone,McLaren
51,9,VAN,52,0,12,12,15,0,64,51.5,27.6,0.0,1.6,38.1,1008.3,75.0,S,18,Silverstone,McLaren
0,9,SIR,1,1,16,16,16,0,41,53.3,26.9,0.0,1.3,39.2,1008.2,354.0,S,0,Silverstone,Williams
1,9,SIR,2,1,16,17,16,0,37,53.1,27.1,0.0,1.4,38.7,1008.4,357.0,S,1,Silverstone,Williams
2,9,SIR,3,1,17,17,16,0,39,53.1,27.1,0.0,0.9,39.1,1008.4,212.0,S,2,Silverstone,Williams
3,9,SIR,4,0,17,17,16,0,42,53.0,27.2,0.0,1.0,39.4,1008.4,59.0,S,3,Silverstone,Williams
4,9,SIR,5,0,17,17,16,0,43,52.6,27.2,0.0,1.8,39.4,1008.4,151.0,S,4,Silverstone,Williams
5,9,SIR,6,0,17,17,16,0,38,53.3,27.4,0.0,1.2,39.1,1008.3,75.0,S,5,Silverstone,Williams
6,9,SIR,7,0,17,18,16,0,37,53.3,27.5,0.0,1.5,38.7,1008.4,123.0,S,6,Silverstone,Williams
7,9,SIR,8,0,18,18,16,0,38,53.7,27.5,0.0,1.4,38.8,1008.4,58.0,S,7,Silverstone,Williams
8,9,SIR,9,0,18,18,16,0,39,53.1,27.3,0.0,1.6,38.4,1008.2,73.0,S,8,Silverstone,Williams
9,9,SIR,10,0,18,18,16,0,40,52.7,26.9,0.0,0.9,40.1,1008.4,234.0,S,9,Silverstone,Williams
10,9,SIR,11,0,18,18,16,0,40,52.9,26.9,0.0,1.6,40.7,1008.3,0.0,S,10,Silverstone,Williams
11,9,SIR,12,0,18,18,16,0,41,53.1,27.5,0.0,2.0,38.6,1008.4,23.0,S,11,Silverstone,Williams
12,9,SIR,13,0,18,18,16,0,41,52.4,27.4,0.0,1.4,39.3,1008.3,62.0,S,12,Silverstone,Williams
13,9,SIR,14,0,18,16,16,0,41,53.1,27.5,0.0,1.8,38.3,1008.2,304.0,S,13,Silverstone,Williams
14,9,SIR,15,0,16,17,16,0,41,53.4,27.1,0.0,0.6,39.6,1008.3,0.0,S,14,Silverstone,Williams
15,9,SIR,16,0,17,17,16,0,41,53.1,27.6,0.0,1.8,38.3,1008.4,253.0,S,15,Silverstone,Williams
16,9,SIR,17,0,17,17,16,0,42,53.1,27.6,0.0,1.7,39.0,1008.3,194.0,S,16,Silverstone,Williams
17,9,SIR,18,0,17,17,16,0,42,53.2,27.8,0.0,2.0,38.3,1008.2,14.0,S,17,Silverstone,Williams
18,9,SIR,19,1,17,17,16,0,43,53.2,27.7,0.0,1.0,38.4,1008.3,208.0,S,18,Silverstone,Williams
19,9,SIR,20,1,17,17,16,0,43,53.7,27.7,0.0,1.8,38.5,1008.3,102.0,S,19,Silverstone,Williams
20,9,SIR,21,1,17,17,16,0,43,53.5,28.0,0.0,2.0,37.1,1008.4,16.0,S,20,Silverstone,Williams
21,9,SIR,22,0,17,18,16,0,43,53.6,27.9,0.0,1.2,37.5,1008.3,79.0,M,0,Silverstone,Williams
22,9,SIR,23,0,18,18,16,0,43,54.0,28.2,0.0,1.2,36.7,1008.4,307.0,M,1,Silverstone,Williams
23,9,SIR,24,0,18,18,16,0,44,54.1,28.4,0.0,1.2,36.5,1008.4,42.0,M,2,Silverstone,Williams
24,9,SIR,25,0,18,18,16,0,44,54.1,28.6,0.0,2.0,36.1,1008.3,64.0,M,3,Silverstone,Williams
25,9,SIR,26,0,18,18,16,0,45,52.1,28.0,0.0,1.9,37.4,1008.4,43.0,M,4,Silverstone,Williams
26,9,SIR,27,0,18,18,16,0,45,52.1,27.5,0.0,1.2,38.9,1008.4,253.0,M,5,Silverstone,Williams
27,9,SIR,28,0,18,18,16,0,45,53.0,27.5,0.0,1.0,38.8,1008.4,155.0,M,6,Silverstone,Williams
28,9,SIR,29,0,18,18,16,0,46,54.0,27.9,0.0,1.5,38.5,1008.4,129.0,M,7,Silverstone,Williams
29,9,SIR,30,0,18,18,16,0,46,53.2,27.9,0.0,1.3,38.1,1008.3,135.0,M,8,Silverstone,Williams
30,9,SIR,31,0,18,17,16,0,46,52.5,27.5,0.0,1.4,39.1,1008.3,232.0,M,9,Silverstone,Williams
31,9,SIR,32,1,17,16,16,0,46,50.6,27.9,0.0,1.5,38.0,1008.3,28.0,M,10,Silverstone,Williams
32,9,SIR,33,2,16,16,16,0,47,49.4,27.6,0.0,2.0,38.4,1008.2,0.0,M,11,Silverstone,Williams
33,9,SIR,34,2,16,16,16,0,47,49.3,27.5,0.0,1.3,38.8,1008.2,61.0,M,12,Silverstone,Williams
34,9,SIR,35,2,16,16,16,0,47,48.9,27.1,0.0,1.3,39.4,1008.3,258.0,M,13,Silverstone,Williams
35,9,SIR,36,2,16,16,16,0,48,49.6,27.1,0.0,1.4,39.4,1008.3,14.0,M,14,Silverstone,Williams
36,9,SIR,37,2,16,16,16,0,48,50.5,27.2,0.0,1.5,39.1,1008.3,261.0,M,15,Silverstone,Williams
37,9,SIR,38,2,16,14,16,0,49,51.4,27.4,0.0,0.8,39.2,1008.3,0.0,M,16,Silverstone,Williams
38,9,SIR,39,2,14,14,16,0,48,52.1,27.4,0.0,0.8,38.9,1008.3,58.0,M,17,Silverstone,Williams
39,9,SIR,40,2,14,14,16,0,47,52.1,27.6,0.0,2.0,38.7,1008.4,3.0,M,18,Silverstone,Williams
40,9,SIR,41,2,14,14,16,0,46,51.2,27.3,0.0,1.0,39.1,1008.2,16.0,M,19,Silverstone,Williams
41,9,SIR,42,0,14,15,16,0,45,51.9,27.4,0.0,1.8,39.2,1008.2,351.0,M,20,Silverstone,Williams
42,9,SIR,43,0,15,15,16,0,45,51.9,27.4,0.0,1.1,39.3,1008.3,49.0,M,21,Silverstone,Williams
43,9,SIR,44,0,15,15,16,0,46,49.0,27.2,0.0,1.7,39.5,1008.3,25.0,M,22,Silverstone,Williams
44,9,SIR,45,0,15,15,16,0,46,49.8,27.1,0.0,1.9,39.6,1008.2,58.0,M,23,Silverstone,Williams
45,9,SIR,46,1,15,14,16,0,47,50.2,27.3,0.0,1.7,39.0,1008.3,56.0,M,24,Silverstone,Williams
46,9,SIR,47,1,14,14,16,0,47,51.0,27.4,0.0,1.8,38.8,1008.2,69.0,M,25,Silverstone,Williams
47,9,SIR,48,1,14,14,16,0,47,50.5,27.7,0.0,2.5,38.1,1008.2,13.0,M,26,Silverstone,Williams
48,9,SIR,49,0,14,14,16,0,47,51.5,27.4,0.0,2.2,38.8,1008.2,7.0,M,27,Silverstone,Williams
49,9,SIR,50,0,14,14,16,0,47,51.5,27.7,0.0,1.1,38.1,1008.2,31.0,M,28,Silverstone,Williams
50,9,SIR,51,0,14,14,16,0,48,51.6,27.6,0.0,0.9,37.4,1008.2,148.0,M,29,Silverstone,Williams
51,9,SIR,52,0,14,14,16,0,48,51.6,27.7,0.0,0.9,38.3,1008.2,59.0,M,30,Silverstone,Williams
0,9,STR,1,1,18,18,18,0,37,53.3,26.6,0.0,1.0,40.4,1008.4,0.0,M,0,Silverstone,Williams
1,9,STR,2,1,18,18,18,0,32,53.1,27.1,0.0,1.4,38.7,1008.4,357.0,M,1,Silverstone,Williams
2,9,STR,3,1,18,18,18,0,35,53.1,27.1,0.0,0.9,39.1,1008.4,212.0,M,2,Silverstone,Williams
3,9,STR,4,0,18,18,18,0,39,53.0,27.2,0.0,1.0,39.4,1008.4,59.0,M,3,Silverstone,Williams
4,9,STR,5,0,18,19,18,0,41,52.6,27.2,0.0,1.8,39.4,1008.4,151.0,M,4,Silverstone,Williams
5,9,STR,6,0,19,19,18,0,38,53.3,27.5,0.0,1.5,38.7,1008.4,123.0,M,5,Silverstone,Williams
6,9,STR,7,0,19,19,18,0,38,53.5,27.5,0.0,1.2,38.4,1008.3,183.0,M,6,Silverstone,Williams
7,9,STR,8,0,19,19,18,0,39,52.7,26.9,0.0,2.1,39.8,1008.2,314.0,M,7,Silverstone,Williams
8,9,STR,9,0,19,19,18,0,39,52.7,26.9,0.0,0.9,40.1,1008.4,234.0,M,8,Silverstone,Williams
9,9,STR,10,0,19,19,18,0,40,52.8,27.1,0.0,2.4,39.1,1008.4,246.0,M,9,Silverstone,Williams
10,9,STR,11,0,19,19,18,0,40,52.9,26.9,0.0,1.6,40.7,1008.3,0.0,M,10,Silverstone,Williams
11,9,STR,12,0,19,19,18,0,40,52.1,27.2,0.0,1.1,39.2,1008.3,257.0,M,11,Silverstone,Williams
12,9,STR,13,0,19,19,18,0,41,52.4,27.4,0.0,1.4,39.3,1008.3,62.0,M,12,Silverstone,Williams
13,9,STR,14,0,19,18,18,0,41,53.1,27.5,0.0,1.8,38.3,1008.2,304.0,M,13,Silverstone,Williams
14,9,STR,15,0,18,18,18,0,41,53.0,27.7,0.0,1.8,38.7,1008.2,14.0,M,14,Silverstone,Williams
15,9,STR,16,0,18,18,18,0,41,52.9,27.6,0.0,2.2,38.5,1008.3,5.0,M,15,Silverstone,Williams
16,9,STR,17,0,18,18,18,0,42,52.9,27.5,0.0,1.9,39.1,1008.2,31.0,M,16,Silverstone,Williams
17,9,STR,18,0,18,19,18,0,42,52.6,27.3,0.0,2.7,39.1,1008.2,70.0,M,17,Silverstone,Williams
18,9,STR,19,1,19,18,18,0,42,53.1,27.5,0.0,1.0,38.5,1008.3,234.0,M,18,Silverstone,Williams
19,9,STR,20,1,18,18,18,0,42,53.1,27.6,0.0,1.8,38.3,1008.4,253.0,M,19,Silverstone,Williams
20,9,STR,21,1,18,18,18,0,42,53.1,27.6,0.0,1.7,39.0,1008.3,194.0,M,20,Silverstone,Williams
21,9,STR,22,0,18,17,18,0,42,53.2,27.8,0.0,2.0,38.3,1008.2,14.0,M,21,Silverstone,Williams
22,9,STR,23,0,17,17,18,0,42,53.2,27.7,0.0,1.0,38.4,1008.3,208.0,M,22,Silverstone,Williams
23,9,STR,24,0,17,17,18,0,42,53.7,27.7,0.0,1.8,38.5,1008.3,102.0,M,23,Silverstone,Williams
24,9,STR,25,0,17,17,18,0,43,53.8,28.0,0.0,1.8,37.1,1008.3,64.0,M,24,Silverstone,Williams
25,9,STR,26,0,17,17,18,0,43,53.5,28.0,0.0,2.0,37.1,1008.4,16.0,M,25,Silverstone,Williams
26,9,STR,27,0,17,17,18,0,43,54.1,28.4,0.0,1.2,36.5,1008.4,42.0,M,26,Silverstone,Williams
27,9,STR,28,0,17,17,18,0,44,52.1,28.0,0.0,1.9,37.4,1008.4,43.0,M,27,Silverstone,Williams
28,9,STR,29,0,17,17,18,0,44,53.2,27.6,0.0,1.1,38.6,1008.4,237.0,M,28,Silverstone,Williams
29,9,STR,30,0,17,17,18,0,44,53.1,27.5,0.0,1.1,39.1,1008.4,240.0,M,29,Silverstone,Williams
30,9,STR,31,0,17,18,18,0,44,54.0,27.9,0.0,1.5,38.5,1008.4,129.0,S,0,Silverstone,Williams
31,9,STR,32,1,18,17,18,0,44,51.7,28.2,0.0,0.9,37.6,1008.3,42.0,S,1,Silverstone,Williams
32,9,STR,33,2,17,17,18,0,44,50.6,27.9,0.0,1.5,38.0,1008.3,28.0,S,2,Silverstone,Williams
33,9,STR,34,2,17,17,18,0,44,49.3,27.5,0.0,1.3,38.8,1008.2,61.0,S,3,Silverstone,Williams
34,9,STR,35,2,17,17,18,0,44,48.2,27.3,0.0,0.9,39.2,1008.4,27.0,S,4,Silverstone,Williams
35,9,STR,36,2,17,17,18,0,45,48.9,27.1,0.0,1.3,39.4,1008.3,258.0,S,5,Silverstone,Williams
36,9,STR,37,2,17,17,18,0,45,49.6,27.1,0.0,1.4,39.4,1008.3,14.0,S,6,Silverstone,Williams
37,9,STR,38,2,17,15,18,0,45,50.5,27.2,0.0,1.5,39.1,1008.3,261.0,S,7,Silverstone,Williams
38,9,STR,39,2,15,15,18,0,44,51.4,27.4,0.0,0.8,39.2,1008.3,0.0,S,8,Silverstone,Williams
39,9,STR,40,2,15,15,18,0,43,52.1,27.4,0.0,0.8,38.9,1008.3,58.0,S,9,Silverstone,Williams
40,9,STR,41,2,15,15,18,0,42,52.1,27.6,0.0,2.0,38.7,1008.4,3.0,S,10,Silverstone,Williams
41,9,STR,42,0,15,14,18,0,42,50.1,27.6,0.0,1.6,38.6,1008.3,49.0,S,11,Silverstone,Williams
42,9,STR,43,0,14,14,18,0,42,49.4,27.4,0.0,1.9,39.2,1008.3,65.0,S,12,Silverstone,Williams
43,9,STR,44,0,14,14,18,0,42,49.8,27.1,0.0,1.9,39.6,1008.2,58.0,S,13,Silverstone,Williams
44,9,STR,45,0,14,14,18,0,43,50.5,27.7,0.0,2.5,38.1,1008.2,13.0,S,14,Silverstone,Williams
45,9,STR,46,1,14,13,18,0,43,51.5,27.4,0.0,2.2,38.8,1008.2,7.0,S,15,Silverstone,Williams
46,9,STR,47,1,13,13,18,0,43,51.5,27.7,0.0,1.1,38.1,1008.2,31.0,S,16,Silverstone,Williams
47,9,STR,48,1,13,13,18,0,44,51.6,27.6,0.0,0.9,37.4,1008.2,148.0,S,17,Silverstone,Williams
48,9,STR,49,0,13,13,18,0,44,51.8,27.6,0.0,0.5,37.3,1008.2,40.0,S,18,Silverstone,Williams
49,9,STR,50,0,13,13,18,0,44,51.5,27.8,0.0,2.1,37.7,1008.2,44.0,S,19,Silverstone,Williams
50,9,STR,51,0,13,13,18,0,44,51.5,27.6,0.0,1.6,38.1,1008.3,75.0,S,20,Silverstone,Williams
51,9,STR,52,0,13,13,18,0,45,51.6,27.7,0.0,0.9,38.3,1008.2,59.0,S,21,Silverstone,Williams
0,9,HAR,1,1,20,20,20,1,33,53.1,27.6,0.0,1.7,39.0,1008.3,194.0,M,0,Silverstone,Toro Rosso
