,driver,lap,trackStatus,position,grid,out,performance,trackTemp,airTemp,raining,windSpeed,humidity,pressure,windDir,tyre,tyreLap,track,team
0,VET,1,0,1,1,0,76,33.1,28.0,0.0,1.2,46.5,1009.3,276.0,V,3.0,Sakhir,Ferrari
1,VET,2,0,1,1,0,76,33.2,28.1,0.0,1.6,45.9,1009.3,355.0,V,4.0,Sakhir,Ferrari
2,VET,3,0,1,1,0,69,33.2,28.1,0.0,1.0,45.9,1009.2,9.0,V,5.0,Sakhir,Ferrari
3,VET,4,0,1,1,0,58,33.3,28.1,0.0,1.0,45.7,1009.3,299.0,V,6.0,Sakhir,Ferrari
4,VET,5,0,1,1,0,62,33.3,28.2,0.0,0.9,45.3,1009.3,162.0,V,7.0,Sakhir,Ferrari
5,VET,6,0,1,1,0,67,33.3,28.2,0.0,0.9,45.3,1009.3,162.0,V,8.0,Sakhir,Ferrari
6,VET,7,0,1,1,0,71,33.3,28.3,0.0,0.6,45.1,1009.3,2.0,V,9.0,Sakhir,Ferrari
7,VET,8,0,1,1,0,73,33.3,28.3,0.0,0.8,44.7,1009.2,28.0,V,10.0,Sakhir,Ferrari
8,VET,9,0,1,1,0,74,33.0,28.2,0.0,1.1,44.9,1009.3,38.0,V,11.0,Sakhir,Ferrari
9,VET,10,0,1,1,0,74,32.9,28.2,0.0,1.3,45.0,1009.4,10.0,V,12.0,Sakhir,Ferrari
10,VET,11,0,1,1,0,74,33.1,28.2,0.0,1.3,44.9,1009.3,322.0,V,13.0,Sakhir,Ferrari
11,VET,12,0,1,1,0,74,32.8,28.1,0.0,0.7,44.6,1009.4,185.0,V,14.0,Sakhir,Ferrari
12,VET,13,0,1,1,0,,32.7,28.1,0.0,1.0,44.9,1009.4,24.0,V,15.0,Sakhir,Ferrari
13,VET,14,0,1,1,0,74,32.8,28.2,0.0,1.0,44.8,1009.4,325.0,V,16.0,Sakhir,Ferrari
14,VET,15,0,1,1,0,74,32.8,28.2,0.0,1.0,44.8,1009.4,325.0,V,17.0,Sakhir,Ferrari
15,VET,16,0,1,1,0,56,32.8,28.2,0.0,0.9,44.8,1009.3,330.0,V,18.0,Sakhir,Ferrari
16,VET,17,0,1,1,0,74,32.8,28.2,0.0,0.9,45.0,1009.4,12.0,V,19.0,Sakhir,Ferrari
17,VET,18,0,2,1,0,79,32.7,28.3,0.0,1.0,44.6,1009.4,75.0,V,20.0,Sakhir,Ferrari
18,VET,19,0,4,1,0,81,32.7,28.3,0.0,0.6,44.6,1009.4,6.0,S,0.0,Sakhir,Ferrari
19,VET,20,0,3,1,0,82,32.4,28.2,0.0,0.9,45.0,1009.4,11.0,S,1.0,Sakhir,Ferrari
20,VET,21,0,2,1,0,83,32.5,28.3,0.0,1.7,44.5,1009.5,330.0,S,2.0,Sakhir,Ferrari
21,VET,22,0,2,1,0,83,32.4,28.3,0.0,1.1,44.7,1009.5,122.0,S,3.0,Sakhir,Ferrari
22,VET,23,0,2,1,0,83,32.2,28.0,0.0,1.7,45.8,1009.5,0.0,S,4.0,Sakhir,Ferrari
23,VET,24,0,2,1,0,83,32.2,28.1,0.0,0.9,46.4,1009.5,35.0,S,5.0,Sakhir,Ferrari
24,VET,25,0,2,1,0,83,32.3,28.2,0.0,1.0,46.3,1009.5,358.0,S,6.0,Sakhir,Ferrari
25,VET,26,0,1,1,0,82,32.2,28.1,0.0,0.7,46.4,1009.4,179.0,S,7.0,Sakhir,Ferrari
26,VET,27,0,1,1,0,83,32.2,28.2,0.0,1.4,46.2,1009.5,18.0,S,8.0,Sakhir,Ferrari
27,VET,28,0,1,1,0,82,32.2,28.1,0.0,0.8,46.6,1009.6,139.0,S,9.0,Sakhir,Ferrari
28,VET,29,0,1,1,0,82,32.2,28.1,0.0,0.8,46.4,1009.5,350.0,S,10.0,Sakhir,Ferrari
29,VET,30,0,1,1,0,82,31.9,28.0,0.0,1.0,47.3,1009.5,9.0,S,11.0,Sakhir,Ferrari
30,VET,31,0,1,1,0,81,31.8,27.9,0.0,0.8,47.2,1009.5,359.0,S,12.0,Sakhir,Ferrari
31,VET,32,0,1,1,0,80,31.8,27.9,0.0,1.0,46.8,1009.5,21.0,S,13.0,Sakhir,Ferrari
32,VET,33,0,1,1,0,80,31.9,27.9,0.0,0.6,46.4,1009.5,323.0,S,14.0,Sakhir,Ferrari
33,VET,34,0,1,1,0,79,31.9,27.9,0.0,0.6,46.4,1009.5,323.0,S,15.0,Sakhir,Ferrari
34,VET,35,0,1,1,0,79,31.9,27.9,0.0,1.2,46.7,1009.6,14.0,S,16.0,Sakhir,Ferrari
35,VET,36,0,1,1,0,79,31.7,27.9,0.0,1.6,46.8,1009.5,350.0,S,17.0,Sakhir,Ferrari
36,VET,37,0,1,1,0,80,31.8,27.9,0.0,1.3,46.7,1009.6,153.0,S,18.0,Sakhir,Ferrari
37,VET,38,0,1,1,0,79,31.8,28.1,0.0,1.3,46.8,1009.5,312.0,S,19.0,Sakhir,Ferrari
38,VET,39,0,1,1,0,79,31.8,28.1,0.0,1.3,46.8,1009.5,312.0,S,20.0,Sakhir,Ferrari
39,VET,40,0,1,1,0,79,31.9,28.1,0.0,1.3,46.9,1009.5,0.0,S,21.0,Sakhir,Ferrari
40,VET,41,0,1,1,0,79,31.7,28.1,0.0,0.8,47.7,1009.5,321.0,S,22.0,Sakhir,Ferrari
41,VET,42,0,1,1,0,78,31.7,27.9,0.0,0.4,48.3,1009.6,237.0,S,23.0,Sakhir,Ferrari
42,VET,43,0,1,1,0,78,31.9,28.0,0.0,0.0,49.9,1009.5,186.0,S,24.0,Sakhir,Ferrari
43,VET,44,0,1,1,0,78,31.9,28.0,0.0,0.0,49.9,1009.5,186.0,S,25.0,Sakhir,Ferrari
44,VET,45,0,1,1,0,77,31.4,27.9,0.0,0.8,50.8,1009.7,264.0,S,26.0,Sakhir,Ferrari
45,VET,46,0,1,1,0,77,31.4,27.7,0.0,0.9,52.2,1009.6,268.0,S,27.0,Sakhir,Ferrari
46,VET,47,0,1,1,0,77,31.1,27.6,0.0,1.1,52.5,1009.6,270.0,S,28.0,Sakhir,Ferrari
47,VET,48,0,1,1,0,77,31.1,27.6,0.0,1.1,52.5,1009.6,270.0,S,29.0,Sakhir,Ferrari
48,VET,49,0,1,1,0,77,31.1,27.5,0.0,0.7,52.9,1009.6,155.0,S,30.0,Sakhir,Ferrari
49,VET,50,0,1,1,0,76,31.2,27.5,0.0,0.5,52.2,1009.7,49.0,S,31.0,Sakhir,Ferrari
50,VET,51,0,1,1,0,76,31.3,27.5,0.0,0.4,52.1,1009.7,358.0,S,32.0,Sakhir,Ferrari
51,VET,52,0,1,1,0,76,31.3,27.5,0.0,0.7,52.1,1009.8,8.0,S,33.0,Sakhir,Ferrari
52,VET,53,0,1,1,0,76,31.3,27.5,0.0,0.7,52.1,1009.8,8.0,S,34.0,Sakhir,Ferrari
53,VET,54,0,1,1,0,76,31.3,27.5,0.0,0.6,51.9,1009.8,40.0,S,35.0,Sakhir,Ferrari
54,VET,55,0,1,1,0,76,31.4,27.6,0.0,0.7,51.6,1009.8,187.0,S,36.0,Sakhir,Ferrari
55,VET,56,0,1,1,0,76,31.5,27.6,0.0,0.9,50.2,1010.0,352.0,S,37.0,Sakhir,Ferrari
56,VET,57,0,1,1,0,76,31.1,27.6,0.0,1.0,50.4,1010.0,74.0,S,38.0,Sakhir,Ferrari
0,RAI,1,0,3,18,0,53,33.1,28.0,0.0,1.2,46.5,1009.3,276.0,V,3.0,Sakhir,Ferrari
1,RAI,2,0,3,18,0,47,33.2,28.1,0.0,1.0,45.9,1009.2,9.0,V,4.0,Sakhir,Ferrari
2,RAI,3,0,3,18,0,38,33.3,28.1,0.0,1.0,45.7,1009.3,299.0,V,5.0,Sakhir,Ferrari
3,RAI,4,0,3,18,0,28,33.3,28.2,0.0,0.9,45.3,1009.3,162.0,V,6.0,Sakhir,Ferrari
4,RAI,5,0,3,18,0,30,33.3,28.2,0.0,0.9,45.3,1009.3,162.0,V,7.0,Sakhir,Ferrari
5,RAI,6,0,3,18,0,33,33.3,28.3,0.0,0.6,45.1,1009.3,2.0,V,8.0,Sakhir,Ferrari
6,RAI,7,0,3,18,0,36,32.8,28.2,0.0,0.9,45.0,1009.3,35.0,V,9.0,Sakhir,Ferrari
7,RAI,8,0,3,18,0,38,32.8,28.1,0.0,1.3,45.0,1009.3,50.0,V,10.0,Sakhir,Ferrari
8,RAI,9,0,3,18,0,40,32.8,28.1,0.0,1.3,45.0,1009.3,50.0,V,11.0,Sakhir,Ferrari
9,RAI,10,0,3,18,0,42,32.7,28.1,0.0,1.0,44.9,1009.4,24.0,V,12.0,Sakhir,Ferrari
10,RAI,11,0,3,18,0,43,32.7,28.2,0.0,1.6,44.7,1009.4,5.0,V,13.0,Sakhir,Ferrari
11,RAI,12,0,3,18,0,44,32.8,28.2,0.0,1.0,44.8,1009.4,325.0,V,14.0,Sakhir,Ferrari
12,RAI,13,0,3,18,0,,32.8,28.2,0.0,1.0,44.8,1009.4,325.0,V,15.0,Sakhir,Ferrari
13,RAI,14,0,3,18,0,45,32.6,28.2,0.0,0.7,45.0,1009.4,170.0,V,16.0,Sakhir,Ferrari
14,RAI,15,0,3,18,0,46,32.5,28.3,0.0,1.7,44.5,1009.5,330.0,V,17.0,Sakhir,Ferrari
15,RAI,16,0,3,18,0,40,32.2,28.1,0.0,0.8,46.4,1009.5,350.0,V,18.0,Sakhir,Ferrari
16,RAI,17,0,3,18,0,43,32.0,28.0,0.0,0.7,46.6,1009.5,115.0,V,19.0,Sakhir,Ferrari
17,RAI,18,0,3,18,0,45,32.2,28.1,0.0,0.9,46.4,1009.5,359.0,V,20.0,Sakhir,Ferrari
18,RAI,19,0,2,18,0,50,32.0,28.1,0.0,0.9,46.7,1009.5,336.0,V,21.0,Sakhir,Ferrari
19,RAI,20,0,4,18,0,52,31.8,27.9,0.0,1.0,46.8,1009.5,21.0,S,0.0,Sakhir,Ferrari
20,RAI,21,0,4,18,0,52,31.9,27.9,0.0,0.6,46.4,1009.5,323.0,S,1.0,Sakhir,Ferrari
21,RAI,22,0,4,18,0,53,31.9,28.1,0.0,1.3,46.9,1009.5,0.0,S,2.0,Sakhir,Ferrari
22,RAI,23,0,4,18,0,52,31.8,28.0,0.0,0.9,47.4,1009.5,51.0,S,3.0,Sakhir,Ferrari
23,RAI,24,0,4,18,0,52,31.7,28.1,0.0,0.8,47.7,1009.5,321.0,S,4.0,Sakhir,Ferrari
24,RAI,25,0,4,18,0,51,31.7,27.9,0.0,0.4,48.3,1009.6,237.0,S,5.0,Sakhir,Ferrari
25,RAI,26,0,4,18,0,51,31.9,28.0,0.0,0.0,49.9,1009.5,186.0,S,6.0,Sakhir,Ferrari
26,RAI,27,0,3,18,0,52,31.4,27.9,0.0,0.8,50.8,1009.7,264.0,S,7.0,Sakhir,Ferrari
27,RAI,28,0,3,18,0,52,31.4,27.7,0.0,0.9,52.2,1009.6,268.0,S,8.0,Sakhir,Ferrari
28,RAI,29,0,3,18,0,52,31.1,27.6,0.0,1.1,52.5,1009.6,270.0,S,9.0,Sakhir,Ferrari
29,RAI,30,0,3,18,0,53,31.2,27.5,0.0,0.9,52.3,1009.7,2.0,S,10.0,Sakhir,Ferrari
30,RAI,31,0,3,18,0,53,31.3,27.5,0.0,0.4,52.1,1009.7,358.0,S,11.0,Sakhir,Ferrari
31,RAI,32,0,3,18,0,52,31.4,27.6,0.0,0.7,51.6,1009.8,187.0,S,12.0,Sakhir,Ferrari
32,RAI,33,0,3,18,0,52,31.3,27.6,0.0,0.5,51.2,1009.9,0.0,S,13.0,Sakhir,Ferrari
33,RAI,34,0,3,18,0,52,31.5,27.6,0.0,0.9,50.2,1010.0,352.0,S,14.0,Sakhir,Ferrari
34,RAI,35,0,3,18,1,53,31.1,27.6,0.0,1.0,50.4,1010.0,74.0,S,15.0,Sakhir,Ferrari
0,BOT,1,0,2,2,0,70,33.1,28.0,0.0,1.2,46.5,1009.3,276.0,V,3.0,Sakhir,Mercedes
1,BOT,2,0,2,2,0,62,33.1,28.0,0.0,1.2,46.5,1009.3,276.0,V,4.0,Sakhir,Mercedes
2,BOT,3,0,2,2,0,57,33.2,28.1,0.0,1.6,45.9,1009.3,355.0,V,5.0,Sakhir,Mercedes
3,BOT,4,0,2,2,0,53,33.2,28.1,0.0,1.0,45.9,1009.2,9.0,V,6.0,Sakhir,Mercedes
4,BOT,5,0,2,2,0,53,33.3,28.3,0.0,0.8,44.7,1009.2,28.0,V,7.0,Sakhir,Mercedes
5,BOT,6,0,2,2,0,52,32.9,28.2,0.0,1.3,45.0,1009.4,10.0,V,8.0,Sakhir,Mercedes
6,BOT,7,0,2,2,0,51,33.1,28.2,0.0,1.3,44.9,1009.3,322.0,V,9.0,Sakhir,Mercedes
7,BOT,8,0,2,2,0,52,32.8,28.2,0.0,0.9,45.0,1009.3,35.0,V,10.0,Sakhir,Mercedes
8,BOT,9,0,2,2,0,53,32.8,28.1,0.0,1.3,45.0,1009.3,50.0,V,11.0,Sakhir,Mercedes
9,BOT,10,0,2,2,0,54,32.8,28.1,0.0,1.3,45.0,1009.3,50.0,V,12.0,Sakhir,Mercedes
10,BOT,11,0,2,2,0,54,32.8,28.1,0.0,0.7,44.6,1009.4,185.0,V,13.0,Sakhir,Mercedes
11,BOT,12,0,2,2,0,54,32.7,28.1,0.0,1.0,44.9,1009.4,24.0,V,14.0,Sakhir,Mercedes
12,BOT,13,0,2,2,0,,32.7,28.2,0.0,1.6,44.7,1009.4,5.0,V,15.0,Sakhir,Mercedes
13,BOT,14,0,2,2,0,55,32.7,28.2,0.0,1.6,44.7,1009.4,5.0,V,16.0,Sakhir,Mercedes
14,BOT,15,0,2,2,0,55,32.8,28.2,0.0,1.0,44.8,1009.4,325.0,V,17.0,Sakhir,Mercedes
15,BOT,16,0,2,2,0,54,32.6,28.2,0.0,0.7,45.0,1009.4,170.0,V,18.0,Sakhir,Mercedes
16,BOT,17,0,2,2,0,66,32.6,28.2,0.0,0.7,45.0,1009.4,170.0,V,19.0,Sakhir,Mercedes
17,BOT,18,0,1,2,0,72,32.7,28.3,0.0,1.0,44.6,1009.4,75.0,V,20.0,Sakhir,Mercedes
18,BOT,19,0,1,2,0,74,32.4,28.3,0.0,1.1,44.7,1009.5,122.0,V,21.0,Sakhir,Mercedes
19,BOT,20,0,1,2,0,73,32.4,28.3,0.0,1.1,44.7,1009.5,122.0,V,22.0,Sakhir,Mercedes
20,BOT,21,0,3,2,0,74,32.2,28.1,0.0,1.2,46.2,1009.4,9.0,M,0.0,Sakhir,Mercedes
21,BOT,22,0,3,2,0,75,32.2,28.1,0.0,0.7,46.4,1009.4,179.0,M,1.0,Sakhir,Mercedes
22,BOT,23,0,3,2,0,75,32.2,28.2,0.0,1.4,46.2,1009.5,18.0,M,2.0,Sakhir,Mercedes
23,BOT,24,0,3,2,0,74,32.2,28.1,0.0,0.8,46.6,1009.6,139.0,M,3.0,Sakhir,Mercedes
24,BOT,25,0,3,2,0,73,32.0,28.1,0.0,0.9,46.4,1009.6,156.0,M,4.0,Sakhir,Mercedes
25,BOT,26,0,2,2,0,72,32.0,28.1,0.0,0.9,46.7,1009.5,336.0,M,5.0,Sakhir,Mercedes
26,BOT,27,0,2,2,0,72,31.9,28.0,0.0,0.5,47.1,1009.5,12.0,M,6.0,Sakhir,Mercedes
27,BOT,28,0,2,2,0,71,31.8,27.9,0.0,0.8,47.2,1009.5,359.0,M,7.0,Sakhir,Mercedes
28,BOT,29,0,2,2,0,71,31.9,27.9,0.0,0.6,46.4,1009.5,323.0,M,8.0,Sakhir,Mercedes
29,BOT,30,0,2,2,0,70,31.9,27.9,0.0,0.6,46.4,1009.5,323.0,M,9.0,Sakhir,Mercedes
30,BOT,31,0,2,2,0,70,31.9,27.9,0.0,0.6,46.4,1009.5,323.0,M,10.0,Sakhir,Mercedes
31,BOT,32,0,2,2,0,70,31.9,27.9,0.0,1.2,46.7,1009.6,14.0,M,11.0,Sakhir,Mercedes
32,BOT,33,0,2,2,0,70,31.8,27.9,0.0,1.3,46.7,1009.6,153.0,M,12.0,Sakhir,Mercedes
33,BOT,34,0,2,2,0,69,31.8,28.1,0.0,1.3,46.8,1009.5,312.0,M,13.0,Sakhir,Mercedes
34,BOT,35,0,2,2,0,69,31.8,28.1,0.0,1.3,46.8,1009.5,312.0,M,14.0,Sakhir,Mercedes
35,BOT,36,0,2,2,0,69,31.7,28.1,0.0,0.8,47.7,1009.5,321.0,M,15.0,Sakhir,Mercedes
36,BOT,37,0,2,2,0,68,31.7,28.1,0.0,0.8,47.7,1009.5,321.0,M,16.0,Sakhir,Mercedes
37,BOT,38,0,2,2,0,68,31.7,27.9,0.0,0.4,48.3,1009.6,237.0,M,17.0,Sakhir,Mercedes
38,BOT,39,0,2,2,0,68,31.7,27.9,0.0,0.4,48.3,1009.6,237.0,M,18.0,Sakhir,Mercedes
39,BOT,40,0,2,2,0,68,31.7,27.9,0.0,0.4,48.3,1009.6,237.0,M,19.0,Sakhir,Mercedes
40,BOT,41,0,2,2,0,68,31.9,28.0,0.0,0.0,49.9,1009.5,186.0,M,20.0,Sakhir,Mercedes
41,BOT,42,0,2,2,0,67,31.4,27.9,0.0,0.8,50.8,1009.7,264.0,M,21.0,Sakhir,Mercedes
42,BOT,43,0,2,2,0,67,31.1,27.6,0.0,1.1,52.5,1009.6,270.0,M,22.0,Sakhir,Mercedes
43,BOT,44,0,2,2,0,67,31.1,27.6,0.0,1.1,52.5,1009.6,270.0,M,23.0,Sakhir,Mercedes
44,BOT,45,0,2,2,0,67,31.1,27.6,0.0,1.4,52.8,1009.6,359.0,M,24.0,Sakhir,Mercedes
45,BOT,46,0,2,2,0,68,31.1,27.5,0.0,0.7,52.9,1009.6,155.0,M,25.0,Sakhir,Mercedes
46,BOT,47,0,2,2,0,68,31.1,27.5,0.0,0.8,52.7,1009.6,178.0,M,26.0,Sakhir,Mercedes
47,BOT,48,0,2,2,0,67,31.3,27.6,0.0,0.9,52.3,1009.7,199.0,M,27.0,Sakhir,Mercedes
48,BOT,49,0,2,2,0,68,31.3,27.5,0.0,0.4,52.1,1009.7,358.0,M,28.0,Sakhir,Mercedes
49,BOT,50,0,2,2,0,68,31.3,27.5,0.0,0.4,52.1,1009.7,358.0,M,29.0,Sakhir,Mercedes
50,BOT,51,0,2,2,0,69,31.3,27.5,0.0,0.6,51.9,1009.8,40.0,M,30.0,Sakhir,Mercedes
51,BOT,52,0,2,2,0,69,31.4,27.6,0.0,0.7,51.6,1009.8,187.0,M,31.0,Sakhir,Mercedes
52,BOT,53,0,2,2,0,69,31.4,27.6,0.0,0.7,51.6,1009.8,187.0,M,32.0,Sakhir,Mercedes
53,BOT,54,0,2,2,0,69,31.3,27.6,0.0,0.5,51.2,1009.9,0.0,M,33.0,Sakhir,Mercedes
54,BOT,55,0,2,2,0,70,31.3,27.6,0.0,0.5,51.2,1009.9,0.0,M,34.0,Sakhir,Mercedes
55,BOT,56,0,2,2,0,70,31.5,27.6,0.0,0.9,50.2,1010.0,352.0,M,35.0,Sakhir,Mercedes
56,BOT,57,0,2,2,0,70,31.1,27.6,0.0,1.0,50.4,1010.0,74.0,M,36.0,Sakhir,Mercedes
0,RIC,1,0,4,20,1,66,32.6,28.2,0.0,0.7,45.0,1009.4,170.0,V,3.0,Sakhir,Red Bull Racing
0,GAS,1,0,5,4,0,64,33.1,28.0,0.0,1.2,46.5,1009.3,276.0,V,3.0,Sakhir,Toro Rosso
1,GAS,2,0,4,4,0,58,33.2,28.1,0.0,1.6,45.9,1009.3,355.0,V,4.0,Sakhir,Toro Rosso
2,GAS,3,0,4,4,0,63,33.2,28.1,0.0,1.0,45.9,1009.2,9.0,V,5.0,Sakhir,Toro Rosso
3,GAS,4,0,4,4,0,66,33.3,28.1,0.0,1.0,45.7,1009.3,299.0,V,6.0,Sakhir,Toro Rosso
4,GAS,5,0,4,4,0,66,33.3,28.2,0.0,0.9,45.3,1009.3,162.0,V,7.0,Sakhir,Toro Rosso
5,GAS,6,0,4,4,0,64,33.3,28.2,0.0,0.9,45.3,1009.3,162.0,V,8.0,Sakhir,Toro Rosso
6,GAS,7,0,4,4,0,62,33.3,28.3,0.0,0.6,45.1,1009.3,2.0,V,9.0,Sakhir,Toro Rosso
7,GAS,8,0,5,4,0,61,33.3,28.3,0.0,0.8,44.7,1009.2,28.0,V,10.0,Sakhir,Toro Rosso
8,GAS,9,0,5,4,0,60,33.0,28.2,0.0,1.1,44.9,1009.3,38.0,V,11.0,Sakhir,Toro Rosso
9,GAS,10,0,5,4,0,59,32.9,28.2,0.0,1.3,45.0,1009.4,10.0,V,12.0,Sakhir,Toro Rosso
10,GAS,11,0,5,4,0,56,33.1,28.2,0.0,1.3,44.9,1009.3,322.0,V,13.0,Sakhir,Toro Rosso
11,GAS,12,0,5,4,0,57,32.8,28.2,0.0,0.9,45.0,1009.3,35.0,V,14.0,Sakhir,Toro Rosso
12,GAS,13,0,5,4,0,57,32.8,28.2,0.0,0.9,45.0,1009.3,35.0,V,15.0,Sakhir,Toro Rosso
13,GAS,14,0,5,4,0,57,32.8,28.1,0.0,1.3,45.0,1009.3,50.0,V,16.0,Sakhir,Toro Rosso
14,GAS,15,0,5,4,0,57,32.8,28.1,0.0,1.3,45.0,1009.3,50.0,V,17.0,Sakhir,Toro Rosso
15,GAS,16,0,9,4,0,67,32.7,28.1,0.0,1.0,44.9,1009.4,24.0,S,0.0,Sakhir,Toro Rosso
16,GAS,17,0,8,4,0,68,32.7,28.2,0.0,1.6,44.7,1009.4,5.0,S,1.0,Sakhir,Toro Rosso
17,GAS,18,0,7,4,0,66,32.8,28.2,0.0,1.0,44.8,1009.4,325.0,S,2.0,Sakhir,Toro Rosso
18,GAS,19,0,7,4,0,64,32.8,28.2,0.0,0.9,45.0,1009.4,12.0,S,3.0,Sakhir,Toro Rosso
19,GAS,20,0,5,4,0,64,32.6,28.2,0.0,0.7,45.0,1009.4,170.0,S,4.0,Sakhir,Toro Rosso
20,GAS,21,0,5,4,0,65,32.7,28.3,0.0,0.6,44.6,1009.4,6.0,S,5.0,Sakhir,Toro Rosso
21,GAS,22,0,5,4,0,65,32.4,28.2,0.0,0.9,45.0,1009.4,11.0,S,6.0,Sakhir,Toro Rosso
22,GAS,23,0,5,4,0,65,32.4,28.3,0.0,0.7,44.9,1009.5,206.0,S,7.0,Sakhir,Toro Rosso
23,GAS,24,0,5,4,0,64,32.4,28.3,0.0,1.1,44.7,1009.5,122.0,S,8.0,Sakhir,Toro Rosso
24,GAS,25,0,5,4,0,63,32.4,28.3,0.0,1.1,44.7,1009.5,122.0,S,9.0,Sakhir,Toro Rosso
25,GAS,26,0,5,4,0,63,32.1,28.0,0.0,0.7,46.2,1009.5,20.0,S,10.0,Sakhir,Toro Rosso
26,GAS,27,0,5,4,0,63,32.2,28.1,0.0,0.9,46.4,1009.5,35.0,S,11.0,Sakhir,Toro Rosso
27,GAS,28,0,5,4,0,63,32.2,28.1,0.0,0.7,46.4,1009.4,179.0,S,12.0,Sakhir,Toro Rosso
28,GAS,29,0,5,4,0,63,32.2,28.2,0.0,1.4,46.2,1009.5,18.0,S,13.0,Sakhir,Toro Rosso
29,GAS,30,0,5,4,0,63,32.2,28.1,0.0,0.8,46.6,1009.6,139.0,S,14.0,Sakhir,Toro Rosso
30,GAS,31,0,5,4,0,63,32.2,28.1,0.0,0.8,46.4,1009.5,350.0,S,15.0,Sakhir,Toro Rosso
31,GAS,32,0,5,4,0,63,32.0,28.1,0.0,0.9,46.4,1009.6,156.0,S,16.0,Sakhir,Toro Rosso
32,GAS,33,0,5,4,0,63,32.2,28.1,0.0,0.9,46.4,1009.5,359.0,S,17.0,Sakhir,Toro Rosso
33,GAS,34,0,5,4,0,62,31.9,28.0,0.0,0.5,47.1,1009.5,12.0,S,18.0,Sakhir,Toro Rosso
34,GAS,35,0,7,4,0,62,31.9,28.0,0.0,1.0,47.3,1009.5,9.0,V,3.0,Sakhir,Toro Rosso
35,GAS,36,0,6,4,0,62,31.8,27.9,0.0,0.8,47.2,1009.5,359.0,V,4.0,Sakhir,Toro Rosso
36,GAS,37,0,6,4,0,62,31.9,27.9,0.0,0.6,46.4,1009.5,323.0,V,5.0,Sakhir,Toro Rosso
37,GAS,38,0,6,4,0,62,31.8,27.9,0.0,1.3,46.7,1009.6,153.0,V,6.0,Sakhir,Toro Rosso
38,GAS,39,0,5,4,0,62,31.8,28.1,0.0,1.3,46.8,1009.5,312.0,V,7.0,Sakhir,Toro Rosso
39,GAS,40,0,4,4,0,63,31.8,28.1,0.0,1.3,46.8,1009.5,312.0,V,8.0,Sakhir,Toro Rosso
40,GAS,41,0,4,4,0,62,31.7,28.1,0.0,0.8,47.7,1009.5,321.0,V,9.0,Sakhir,Toro Rosso
41,GAS,42,0,4,4,0,62,31.7,27.9,0.0,0.4,48.3,1009.6,237.0,V,10.0,Sakhir,Toro Rosso
42,GAS,43,0,4,4,0,62,31.9,28.0,0.0,0.0,49.9,1009.5,186.0,V,11.0,Sakhir,Toro Rosso
43,GAS,44,0,4,4,0,62,31.4,27.7,0.0,0.9,52.2,1009.6,268.0,V,12.0,Sakhir,Toro Rosso
44,GAS,45,0,4,4,0,62,31.1,27.6,0.0,1.4,52.8,1009.6,359.0,V,13.0,Sakhir,Toro Rosso
45,GAS,46,0,4,4,0,62,31.1,27.6,0.0,1.4,52.8,1009.6,359.0,V,14.0,Sakhir,Toro Rosso
46,GAS,47,0,4,4,0,62,31.1,27.5,0.0,0.7,52.9,1009.6,155.0,V,15.0,Sakhir,Toro Rosso
47,GAS,48,0,4,4,0,61,31.1,27.5,0.0,0.8,52.7,1009.6,178.0,V,16.0,Sakhir,Toro Rosso
48,GAS,49,0,4,4,0,62,31.3,27.6,0.0,0.9,52.3,1009.7,199.0,V,17.0,Sakhir,Toro Rosso
49,GAS,50,0,4,4,0,61,31.2,27.5,0.0,0.5,52.2,1009.7,49.0,V,18.0,Sakhir,Toro Rosso
50,GAS,51,0,4,4,0,61,31.2,27.5,0.0,0.9,52.3,1009.7,2.0,V,19.0,Sakhir,Toro Rosso
51,GAS,52,0,4,4,0,61,31.3,27.5,0.0,0.7,52.1,1009.8,8.0,V,20.0,Sakhir,Toro Rosso
52,GAS,53,0,4,4,0,61,31.3,27.5,0.0,0.7,52.1,1009.8,8.0,V,21.0,Sakhir,Toro Rosso
53,GAS,54,0,4,4,0,61,31.3,27.5,0.0,0.6,51.9,1009.8,40.0,V,22.0,Sakhir,Toro Rosso
54,GAS,55,0,4,4,0,61,31.3,27.6,0.0,0.5,51.2,1009.9,0.0,V,23.0,Sakhir,Toro Rosso
55,GAS,56,0,4,4,0,61,31.5,27.7,0.0,0.5,50.6,1009.9,0.0,V,24.0,Sakhir,Toro Rosso
56,GAS,57,0,4,4,0,61,31.1,27.6,0.0,1.0,50.4,1010.0,74.0,V,25.0,Sakhir,Toro Rosso
0,MAG,1,0,6,5,0,42,33.1,28.0,0.0,1.2,46.5,1009.3,276.0,V,3.0,Sakhir,Haas F1 Team
1,MAG,2,0,5,5,0,34,33.1,28.0,0.0,1.2,46.5,1009.3,276.0,V,4.0,Sakhir,Haas F1 Team
2,MAG,3,0,5,5,0,33,33.2,28.1,0.0,1.6,45.9,1009.3,355.0,V,5.0,Sakhir,Haas F1 Team
3,MAG,4,0,5,5,0,29,33.2,28.1,0.0,1.0,45.9,1009.2,9.0,V,6.0,Sakhir,Haas F1 Team
4,MAG,5,0,5,5,0,32,33.3,28.1,0.0,1.0,45.7,1009.3,299.0,V,7.0,Sakhir,Haas F1 Team
5,MAG,6,0,6,5,0,35,33.3,28.2,0.0,0.9,45.3,1009.3,162.0,V,8.0,Sakhir,Haas F1 Team
6,MAG,7,0,6,5,0,36,33.3,28.3,0.0,0.6,45.1,1009.3,2.0,V,9.0,Sakhir,Haas F1 Team
7,MAG,8,0,6,5,0,38,33.3,28.3,0.0,0.8,44.7,1009.2,28.0,V,10.0,Sakhir,Haas F1 Team
8,MAG,9,0,6,5,0,39,33.1,28.2,0.0,1.3,44.9,1009.3,322.0,V,11.0,Sakhir,Haas F1 Team
9,MAG,10,0,6,5,0,40,33.1,28.2,0.0,1.3,44.9,1009.3,322.0,V,12.0,Sakhir,Haas F1 Team
10,MAG,11,0,6,5,0,39,32.8,28.2,0.0,0.9,45.0,1009.3,35.0,V,13.0,Sakhir,Haas F1 Team
11,MAG,12,0,6,5,0,40,32.8,28.2,0.0,0.9,45.0,1009.3,35.0,V,14.0,Sakhir,Haas F1 Team
12,MAG,13,0,7,5,0,40,32.8,28.1,0.0,1.3,45.0,1009.3,50.0,V,15.0,Sakhir,Haas F1 Team
13,MAG,14,0,15,5,0,41,32.8,28.1,0.0,1.3,45.0,1009.3,50.0,V,3.0,Sakhir,Haas F1 Team
14,MAG,15,0,13,5,0,45,32.7,28.1,0.0,1.0,44.9,1009.4,24.0,V,4.0,Sakhir,Haas F1 Team
15,MAG,16,0,10,5,0,58,32.7,28.2,0.0,1.6,44.7,1009.4,5.0,V,5.0,Sakhir,Haas F1 Team
16,MAG,17,0,9,5,0,51,32.7,28.2,0.0,1.6,44.7,1009.4,5.0,V,6.0,Sakhir,Haas F1 Team
17,MAG,18,0,9,5,0,48,32.8,28.2,0.0,1.0,44.8,1009.4,325.0,V,7.0,Sakhir,Haas F1 Team
18,MAG,19,0,8,5,0,48,32.8,28.2,0.0,0.9,44.8,1009.3,330.0,V,8.0,Sakhir,Haas F1 Team
19,MAG,20,0,8,5,0,45,32.8,28.2,0.0,0.9,45.0,1009.4,12.0,V,9.0,Sakhir,Haas F1 Team
20,MAG,21,0,7,5,0,43,32.8,28.1,0.0,1.1,45.1,1009.3,0.0,V,10.0,Sakhir,Haas F1 Team
21,MAG,22,0,7,5,0,42,32.6,28.2,0.0,0.7,45.0,1009.4,170.0,V,11.0,Sakhir,Haas F1 Team
22,MAG,23,0,6,5,0,42,32.7,28.3,0.0,0.6,44.6,1009.4,6.0,V,12.0,Sakhir,Haas F1 Team
23,MAG,24,0,6,5,0,42,32.4,28.2,0.0,0.9,45.0,1009.4,11.0,V,13.0,Sakhir,Haas F1 Team
24,MAG,25,0,6,5,0,41,32.4,28.3,0.0,0.7,44.9,1009.5,206.0,V,14.0,Sakhir,Haas F1 Team
25,MAG,26,0,6,5,0,41,32.4,28.3,0.0,1.1,44.7,1009.5,122.0,V,15.0,Sakhir,Haas F1 Team
26,MAG,27,0,7,5,0,41,32.2,28.0,0.0,1.7,45.8,1009.5,0.0,V,16.0,Sakhir,Haas F1 Team
27,MAG,28,0,11,5,0,40,32.2,28.1,0.0,0.9,46.4,1009.5,35.0,S,0.0,Sakhir,Haas F1 Team
28,MAG,29,0,10,5,0,40,32.2,28.1,0.0,1.2,46.2,1009.4,9.0,S,1.0,Sakhir,Haas F1 Team
29,MAG,30,0,9,5,0,39,32.0,28.1,0.0,0.9,46.7,1009.5,336.0,S,2.0,Sakhir,Haas F1 Team
30,MAG,31,0,9,5,0,39,31.9,28.0,0.0,0.5,47.1,1009.5,12.0,S,3.0,Sakhir,Haas F1 Team
31,MAG,32,0,8,5,0,39,31.9,28.0,0.0,1.0,47.3,1009.5,9.0,S,4.0,Sakhir,Haas F1 Team
32,MAG,33,0,8,5,0,38,31.8,27.9,0.0,0.8,47.2,1009.5,359.0,S,5.0,Sakhir,Haas F1 Team
33,MAG,34,0,8,5,0,38,31.9,27.9,0.0,0.6,46.4,1009.5,323.0,S,6.0,Sakhir,Haas F1 Team
34,MAG,35,0,8,5,0,39,31.9,27.9,0.0,0.6,46.4,1009.5,323.0,S,7.0,Sakhir,Haas F1 Team
35,MAG,36,0,7,5,0,38,31.9,27.9,0.0,0.6,46.4,1009.5,323.0,S,8.0,Sakhir,Haas F1 Team
36,MAG,37,0,7,5,0,38,31.9,27.9,0.0,1.2,46.7,1009.6,14.0,S,9.0,Sakhir,Haas F1 Team
37,MAG,38,0,7,5,0,38,31.8,27.9,0.0,1.3,46.7,1009.6,153.0,S,10.0,Sakhir,Haas F1 Team
38,MAG,39,0,7,5,0,38,31.8,28.1,0.0,1.3,46.8,1009.5,312.0,S,11.0,Sakhir,Haas F1 Team
39,MAG,40,0,5,5,0,38,31.8,28.1,0.0,1.3,46.8,1009.5,312.0,S,12.0,Sakhir,Haas F1 Team
40,MAG,41,0,5,5,0,38,31.8,28.0,0.0,0.9,47.4,1009.5,51.0,S,13.0,Sakhir,Haas F1 Team
41,MAG,42,0,5,5,0,37,31.7,27.9,0.0,0.4,48.3,1009.6,237.0,S,14.0,Sakhir,Haas F1 Team
42,MAG,43,0,5,5,0,37,31.7,27.9,0.0,0.4,48.3,1009.6,237.0,S,15.0,Sakhir,Haas F1 Team
43,MAG,44,0,5,5,0,37,31.4,27.9,0.0,0.8,50.8,1009.7,264.0,S,16.0,Sakhir,Haas F1 Team
44,MAG,45,0,5,5,0,38,31.1,27.6,0.0,1.1,52.5,1009.6,270.0,S,17.0,Sakhir,Haas F1 Team
45,MAG,46,0,5,5,0,38,31.1,27.6,0.0,1.1,52.5,1009.6,270.0,S,18.0,Sakhir,Haas F1 Team
46,MAG,47,0,5,5,0,38,31.1,27.6,0.0,1.4,52.8,1009.6,359.0,S,19.0,Sakhir,Haas F1 Team
47,MAG,48,0,5,5,0,38,31.1,27.5,0.0,0.7,52.9,1009.6,155.0,S,20.0,Sakhir,Haas F1 Team
48,MAG,49,0,5,5,0,38,31.1,27.5,0.0,0.8,52.7,1009.6,178.0,S,21.0,Sakhir,Haas F1 Team
49,MAG,50,0,5,5,0,38,31.2,27.5,0.0,0.9,52.3,1009.7,2.0,S,22.0,Sakhir,Haas F1 Team
50,MAG,51,0,5,5,0,38,31.3,27.5,0.0,0.4,52.1,1009.7,358.0,S,23.0,Sakhir,Haas F1 Team
51,MAG,52,0,5,5,0,37,31.3,27.5,0.0,0.7,52.1,1009.8,8.0,S,24.0,Sakhir,Haas F1 Team
52,MAG,53,0,5,5,0,37,31.3,27.5,0.0,0.6,51.9,1009.8,40.0,S,25.0,Sakhir,Haas F1 Team
53,MAG,54,0,5,5,0,37,31.4,27.6,0.0,0.7,51.6,1009.8,187.0,S,26.0,Sakhir,Haas F1 Team
54,MAG,55,0,5,5,0,37,31.4,27.6,0.0,0.7,51.6,1009.8,187.0,S,27.0,Sakhir,Haas F1 Team
55,MAG,56,0,5,5,0,37,31.5,27.6,0.0,0.9,50.2,1010.0,352.0,S,28.0,Sakhir,Haas F1 Team
56,MAG,57,0,5,5,0,36,31.1,27.6,0.0,1.0,50.4,1010.0,74.0,S,29.0,Sakhir,Haas F1 Team
0,HUL,1,0,8,6,0,44,33.1,28.0,0.0,1.2,46.5,1009.3,276.0,V,3.0,Sakhir,Renault
1,HUL,2,0,7,6,0,39,33.1,28.0,0.0,1.2,46.5,1009.3,276.0,V,4.0,Sakhir,Renault
2,HUL,3,0,7,6,0,37,33.2,28.1,0.0,1.0,45.9,1009.2,9.0,V,5.0,Sakhir,Renault
3,HUL,4,0,6,6,0,31,33.3,28.1,0.0,1.0,45.7,1009.3,299.0,V,6.0,Sakhir,Renault
4,HUL,5,0,7,6,0,35,33.3,28.2,0.0,0.9,45.3,1009.3,162.0,V,7.0,Sakhir,Renault
5,HUL,6,0,7,6,0,37,33.3,28.3,0.0,0.8,44.7,1009.2,28.0,V,8.0,Sakhir,Renault
6,HUL,7,0,7,6,0,37,33.0,28.2,0.0,1.1,44.9,1009.3,38.0,V,9.0,Sakhir,Renault
7,HUL,8,0,7,6,0,38,33.1,28.2,0.0,1.3,44.9,1009.3,322.0,V,10.0,Sakhir,Renault
8,HUL,9,0,7,6,0,39,32.8,28.2,0.0,0.9,45.0,1009.3,35.0,V,11.0,Sakhir,Renault
9,HUL,10,0,7,6,0,41,32.8,28.1,0.0,1.3,45.0,1009.3,50.0,V,12.0,Sakhir,Renault
10,HUL,11,0,7,6,0,41,32.8,28.1,0.0,1.3,45.0,1009.3,50.0,V,13.0,Sakhir,Renault
11,HUL,12,0,7,6,0,42,32.8,28.1,0.0,0.7,44.6,1009.4,185.0,V,14.0,Sakhir,Renault
12,HUL,13,0,6,6,0,43,32.7,28.1,0.0,1.0,44.9,1009.4,24.0,V,15.0,Sakhir,Renault
13,HUL,14,0,6,6,0,44,32.8,28.2,0.0,1.0,44.8,1009.4,325.0,V,16.0,Sakhir,Renault
14,HUL,15,0,6,6,0,44,32.8,28.2,0.0,1.0,44.8,1009.4,325.0,V,17.0,Sakhir,Renault
15,HUL,16,0,11,6,0,51,32.8,28.2,0.0,0.9,44.8,1009.3,330.0,S,0.0,Sakhir,Renault
16,HUL,17,0,10,6,0,52,32.8,28.2,0.0,0.9,45.0,1009.4,12.0,S,1.0,Sakhir,Renault
17,HUL,18,0,10,6,0,51,32.8,28.1,0.0,1.1,45.1,1009.3,0.0,S,2.0,Sakhir,Renault
18,HUL,19,0,9,6,0,50,32.7,28.3,0.0,0.6,44.6,1009.4,6.0,S,3.0,Sakhir,Renault
19,HUL,20,0,9,6,0,46,32.4,28.3,0.0,0.7,44.9,1009.5,206.0,S,4.0,Sakhir,Renault
20,HUL,21,0,8,6,0,44,32.5,28.3,0.0,1.7,44.5,1009.5,330.0,S,5.0,Sakhir,Renault
21,HUL,22,0,8,6,0,44,32.4,28.3,0.0,1.1,44.7,1009.5,122.0,S,6.0,Sakhir,Renault
22,HUL,23,0,7,6,0,43,32.2,28.0,0.0,1.7,45.8,1009.5,0.0,S,7.0,Sakhir,Renault
23,HUL,24,0,7,6,0,43,32.1,28.0,0.0,0.7,46.2,1009.5,20.0,S,8.0,Sakhir,Renault
24,HUL,25,0,7,6,0,45,32.2,28.1,0.0,1.2,46.2,1009.4,9.0,S,9.0,Sakhir,Renault
25,HUL,26,0,7,6,0,45,32.3,28.2,0.0,1.0,46.3,1009.5,358.0,S,10.0,Sakhir,Renault
26,HUL,27,0,6,6,0,45,32.2,28.1,0.0,0.7,46.4,1009.4,179.0,S,11.0,Sakhir,Renault
27,HUL,28,0,6,6,0,45,32.2,28.2,0.0,1.4,46.2,1009.5,18.0,S,12.0,Sakhir,Renault
28,HUL,29,0,6,6,0,45,32.2,28.2,0.0,1.4,46.2,1009.5,18.0,S,13.0,Sakhir,Renault
29,HUL,30,0,6,6,0,45,32.2,28.1,0.0,0.8,46.6,1009.6,139.0,S,14.0,Sakhir,Renault
30,HUL,31,0,6,6,0,45,32.0,28.1,0.0,0.9,46.7,1009.5,336.0,S,15.0,Sakhir,Renault
31,HUL,32,0,6,6,0,46,32.0,28.1,0.0,0.9,46.7,1009.5,336.0,S,16.0,Sakhir,Renault
32,HUL,33,0,6,6,0,45,31.9,27.9,0.0,0.6,46.4,1009.5,323.0,S,17.0,Sakhir,Renault
33,HUL,34,0,6,6,0,45,31.9,27.9,0.0,1.2,46.7,1009.6,14.0,S,18.0,Sakhir,Renault
34,HUL,35,0,5,6,0,45,31.7,27.9,0.0,1.6,46.8,1009.5,350.0,S,19.0,Sakhir,Renault
35,HUL,36,0,4,6,0,45,31.8,28.1,0.0,1.3,46.8,1009.5,312.0,S,20.0,Sakhir,Renault
36,HUL,37,0,4,6,0,45,31.8,28.1,0.0,1.3,46.8,1009.5,312.0,S,21.0,Sakhir,Renault
37,HUL,38,0,4,6,0,44,31.9,28.1,0.0,1.3,46.9,1009.5,0.0,S,22.0,Sakhir,Renault
38,HUL,39,0,4,6,0,44,31.8,28.0,0.0,0.9,47.4,1009.5,51.0,S,23.0,Sakhir,Renault
39,HUL,40,0,7,6,0,44,31.7,27.9,0.0,0.4,48.3,1009.6,237.0,V,3.0,Sakhir,Renault
40,HUL,41,0,7,6,0,43,31.9,28.0,0.0,0.0,49.9,1009.5,186.0,V,4.0,Sakhir,Renault
41,HUL,42,0,6,6,0,43,31.1,27.6,0.0,1.1,52.5,1009.6,270.0,V,5.0,Sakhir,Renault
42,HUL,43,0,6,6,0,43,31.1,27.6,0.0,1.1,52.5,1009.6,270.0,V,6.0,Sakhir,Renault
43,HUL,44,0,6,6,0,43,31.1,27.6,0.0,1.4,52.8,1009.6,359.0,V,7.0,Sakhir,Renault
44,HUL,45,0,6,6,0,43,31.1,27.6,0.0,1.4,52.8,1009.6,359.0,V,8.0,Sakhir,Renault
45,HUL,46,0,6,6,0,42,31.1,27.5,0.0,0.7,52.9,1009.6,155.0,V,9.0,Sakhir,Renault
46,HUL,47,0,6,6,0,42,31.1,27.5,0.0,0.8,52.7,1009.6,178.0,V,10.0,Sakhir,Renault
47,HUL,48,0,6,6,0,42,31.2,27.5,0.0,0.5,52.2,1009.7,49.0,V,11.0,Sakhir,Renault
48,HUL,49,0,6,6,0,42,31.3,27.5,0.0,0.4,52.1,1009.7,358.0,V,12.0,Sakhir,Renault
49,HUL,50,0,6,6,0,42,31.3,27.5,0.0,0.6,51.9,1009.8,40.0,V,13.0,Sakhir,Renault
50,HUL,51,0,6,6,0,42,31.4,27.6,0.0,0.7,51.6,1009.8,187.0,V,14.0,Sakhir,Renault
51,HUL,52,0,6,6,0,41,31.4,27.6,0.0,0.7,51.6,1009.8,187.0,V,15.0,Sakhir,Renault
52,HUL,53,0,6,6,0,41,31.3,27.6,0.0,0.5,51.2,1009.9,0.0,V,16.0,Sakhir,Renault
53,HUL,54,0,6,6,0,41,31.3,27.6,0.0,0.5,51.2,1009.9,0.0,V,17.0,Sakhir,Renault
54,HUL,55,0,6,6,0,40,31.5,27.7,0.0,0.5,50.6,1009.9,0.0,V,18.0,Sakhir,Renault
55,HUL,56,0,6,6,0,40,31.5,27.6,0.0,0.9,50.2,1010.0,352.0,V,19.0,Sakhir,Renault
56,HUL,57,0,6,6,0,37,31.1,27.6,0.0,1.0,50.4,1010.0,74.0,V,20.0,Sakhir,Renault
0,OCO,1,0,7,10,0,41,33.1,28.0,0.0,1.2,46.5,1009.3,276.0,V,3.0,Sakhir,Force India
1,OCO,2,0,6,10,0,40,33.2,28.1,0.0,1.6,45.9,1009.3,355.0,V,4.0,Sakhir,Force India
2,OCO,3,0,6,10,0,44,33.3,28.1,0.0,1.0,45.7,1009.3,299.0,V,5.0,Sakhir,Force India
3,OCO,4,0,7,10,0,43,33.3,28.3,0.0,0.6,45.1,1009.3,2.0,V,6.0,Sakhir,Force India
4,OCO,5,0,9,10,0,42,33.0,28.2,0.0,1.1,44.9,1009.3,38.0,V,7.0,Sakhir,Force India
5,OCO,6,0,9,10,0,42,32.9,28.2,0.0,1.3,45.0,1009.4,10.0,V,8.0,Sakhir,Force India
6,OCO,7,0,9,10,0,42,33.1,28.2,0.0,1.3,44.9,1009.3,322.0,V,9.0,Sakhir,Force India
7,OCO,8,0,9,10,0,43,33.1,28.2,0.0,1.3,44.9,1009.3,322.0,V,10.0,Sakhir,Force India
8,OCO,9,0,9,10,0,44,32.8,28.2,0.0,0.9,45.0,1009.3,35.0,V,11.0,Sakhir,Force India
9,OCO,10,0,9,10,0,45,32.8,28.1,0.0,1.3,45.0,1009.3,50.0,V,12.0,Sakhir,Force India
10,OCO,11,0,9,10,0,44,32.8,28.1,0.0,1.3,45.0,1009.3,50.0,V,13.0,Sakhir,Force India
11,OCO,12,0,9,10,0,45,32.8,28.1,0.0,0.7,44.6,1009.4,185.0,V,14.0,Sakhir,Force India
12,OCO,13,0,9,10,0,45,32.7,28.2,0.0,1.6,44.7,1009.4,5.0,V,15.0,Sakhir,Force India
13,OCO,14,0,8,10,0,45,32.7,28.2,0.0,1.6,44.7,1009.4,5.0,V,16.0,Sakhir,Force India
14,OCO,15,0,9,10,0,47,32.8,28.2,0.0,1.0,44.8,1009.4,325.0,V,17.0,Sakhir,Force India
15,OCO,16,0,17,10,0,41,32.6,28.2,0.0,0.7,45.0,1009.4,170.0,M,0.0,Sakhir,Force India
16,OCO,17,0,15,10,0,41,32.6,28.2,0.0,0.7,45.0,1009.4,170.0,M,1.0,Sakhir,Force India
17,OCO,18,0,14,10,0,41,32.7,28.3,0.0,0.6,44.6,1009.4,6.0,M,2.0,Sakhir,Force India
18,OCO,19,0,13,10,0,39,32.4,28.2,0.0,0.9,45.0,1009.4,11.0,M,3.0,Sakhir,Force India
19,OCO,20,0,12,10,0,35,32.4,28.3,0.0,0.7,44.9,1009.5,206.0,M,4.0,Sakhir,Force India
20,OCO,21,0,11,10,0,34,32.4,28.3,0.0,1.1,44.7,1009.5,122.0,M,5.0,Sakhir,Force India
21,OCO,22,0,11,10,0,34,32.1,28.0,0.0,0.7,46.2,1009.5,20.0,M,6.0,Sakhir,Force India
22,OCO,23,0,11,10,0,35,32.2,28.1,0.0,0.9,46.4,1009.5,35.0,M,7.0,Sakhir,Force India
23,OCO,24,0,10,10,0,35,32.2,28.1,0.0,1.2,46.2,1009.4,9.0,M,8.0,Sakhir,Force India
24,OCO,25,0,10,10,0,35,32.2,28.1,0.0,0.7,46.4,1009.4,179.0,M,9.0,Sakhir,Force India
25,OCO,26,0,10,10,0,35,32.2,28.2,0.0,1.4,46.2,1009.5,18.0,M,10.0,Sakhir,Force India
26,OCO,27,0,10,10,0,34,32.2,28.1,0.0,0.8,46.4,1009.5,350.0,M,11.0,Sakhir,Force India
27,OCO,28,0,8,10,0,34,32.0,28.1,0.0,0.9,46.4,1009.6,156.0,M,12.0,Sakhir,Force India
28,OCO,29,0,8,10,0,34,32.2,28.1,0.0,0.9,46.4,1009.5,359.0,M,13.0,Sakhir,Force India
29,OCO,30,0,8,10,0,35,32.0,28.1,0.0,0.9,46.7,1009.5,336.0,M,14.0,Sakhir,Force India
30,OCO,31,0,8,10,0,35,31.8,27.9,0.0,1.0,46.8,1009.5,21.0,M,15.0,Sakhir,Force India
31,OCO,32,0,9,10,0,36,31.9,27.9,0.0,0.6,46.4,1009.5,323.0,M,16.0,Sakhir,Force India
32,OCO,33,0,9,10,0,36,31.9,27.9,0.0,1.2,46.7,1009.6,14.0,M,17.0,Sakhir,Force India
33,OCO,34,0,9,10,0,37,31.8,28.1,0.0,1.3,46.8,1009.5,312.0,M,18.0,Sakhir,Force India
34,OCO,35,0,10,10,0,38,31.9,28.1,0.0,1.3,46.9,1009.5,0.0,M,19.0,Sakhir,Force India
35,OCO,36,0,13,10,0,38,31.7,28.1,0.0,0.8,47.7,1009.5,321.0,S,0.0,Sakhir,Force India
36,OCO,37,0,13,10,0,38,31.7,27.9,0.0,0.4,48.3,1009.6,237.0,S,1.0,Sakhir,Force India
37,OCO,38,0,13,10,0,38,31.9,28.0,0.0,0.0,49.9,1009.5,186.0,S,2.0,Sakhir,Force India
38,OCO,39,0,13,10,0,38,31.9,28.0,0.0,0.0,49.9,1009.5,186.0,S,3.0,Sakhir,Force India
39,OCO,40,0,13,10,0,38,31.4,27.9,0.0,0.8,50.8,1009.7,264.0,S,4.0,Sakhir,Force India
40,OCO,41,0,13,10,0,38,31.1,27.6,0.0,1.1,52.5,1009.6,270.0,S,5.0,Sakhir,Force India
41,OCO,42,0,13,10,0,37,31.1,27.6,0.0,1.1,52.5,1009.6,270.0,S,6.0,Sakhir,Force India
42,OCO,43,0,12,10,0,37,31.1,27.6,0.0,1.4,52.8,1009.6,359.0,S,7.0,Sakhir,Force India
43,OCO,44,0,12,10,0,37,31.1,27.5,0.0,0.7,52.9,1009.6,155.0,S,8.0,Sakhir,Force India
44,OCO,45,0,11,10,0,37,31.1,27.5,0.0,0.8,52.7,1009.6,178.0,S,9.0,Sakhir,Force India
45,OCO,46,0,11,10,0,38,31.3,27.6,0.0,0.9,52.3,1009.7,199.0,S,10.0,Sakhir,Force India
46,OCO,47,0,11,10,0,38,31.2,27.5,0.0,0.5,52.2,1009.7,49.0,S,11.0,Sakhir,Force India
47,OCO,48,0,11,10,0,37,31.2,27.5,0.0,0.9,52.3,1009.7,2.0,S,12.0,Sakhir,Force India
48,OCO,49,0,11,10,0,37,31.3,27.5,0.0,0.4,52.1,1009.7,358.0,S,13.0,Sakhir,Force India
49,OCO,50,0,11,10,0,37,31.3,27.5,0.0,0.7,52.1,1009.8,8.0,S,14.0,Sakhir,Force India
50,OCO,51,0,11,10,0,37,31.3,27.5,0.0,0.7,52.1,1009.8,8.0,S,15.0,Sakhir,Force India
51,OCO,52,0,11,10,0,37,31.4,27.6,0.0,0.7,51.6,1009.8,187.0,S,16.0,Sakhir,Force India
52,OCO,53,0,11,10,0,37,31.3,27.6,0.0,0.5,51.2,1009.9,0.0,S,17.0,Sakhir,Force India
53,OCO,54,0,10,10,0,37,31.3,27.6,0.0,0.5,51.2,1009.9,0.0,S,18.0,Sakhir,Force India
54,OCO,55,0,10,10,0,37,31.5,27.6,0.0,0.9,50.2,1010.0,352.0,S,19.0,Sakhir,Force India
55,OCO,56,0,10,10,0,37,31.1,27.6,0.0,1.0,50.4,1010.0,74.0,S,20.0,Sakhir,Force India
0,HAM,1,0,10,3,0,54,33.2,28.1,0.0,1.6,45.9,1009.3,355.0,S,3.0,Sakhir,Mercedes
1,HAM,2,0,9,3,0,47,33.2,28.1,0.0,1.0,45.9,1009.2,9.0,S,4.0,Sakhir,Mercedes
2,HAM,3,0,9,3,0,46,33.3,28.2,0.0,0.9,45.3,1009.3,162.0,S,5.0,Sakhir,Mercedes
3,HAM,4,0,9,3,0,44,33.3,28.2,0.0,0.9,45.3,1009.3,162.0,S,6.0,Sakhir,Mercedes
4,HAM,5,0,6,3,0,45,33.3,28.3,0.0,0.6,45.1,1009.3,2.0,S,7.0,Sakhir,Mercedes
5,HAM,6,0,5,3,0,45,33.1,28.2,0.0,1.3,44.9,1009.3,322.0,S,8.0,Sakhir,Mercedes
6,HAM,7,0,5,3,0,44,33.1,28.2,0.0,1.3,44.9,1009.3,322.0,S,9.0,Sakhir,Mercedes
7,HAM,8,0,4,3,0,44,32.8,28.2,0.0,0.9,45.0,1009.3,35.0,S,10.0,Sakhir,Mercedes
8,HAM,9,0,4,3,0,45,32.8,28.2,0.0,0.9,45.0,1009.3,35.0,S,11.0,Sakhir,Mercedes
9,HAM,10,0,4,3,0,46,32.8,28.1,0.0,1.3,45.0,1009.3,50.0,S,12.0,Sakhir,Mercedes
10,HAM,11,0,4,3,0,47,32.7,28.1,0.0,1.0,44.9,1009.4,24.0,S,13.0,Sakhir,Mercedes
11,HAM,12,0,4,3,0,48,32.7,28.2,0.0,1.6,44.7,1009.4,5.0,S,14.0,Sakhir,Mercedes
12,HAM,13,0,4,3,0,,32.7,28.2,0.0,1.6,44.7,1009.4,5.0,S,15.0,Sakhir,Mercedes
13,HAM,14,0,4,3,0,49,32.8,28.2,0.0,0.9,45.0,1009.4,12.0,S,16.0,Sakhir,Mercedes
14,HAM,15,0,4,3,0,49,32.8,28.1,0.0,1.1,45.1,1009.3,0.0,S,17.0,Sakhir,Mercedes
15,HAM,16,0,4,3,0,55,32.6,28.2,0.0,0.7,45.0,1009.4,170.0,S,18.0,Sakhir,Mercedes
16,HAM,17,0,4,3,0,64,32.7,28.3,0.0,1.0,44.6,1009.4,75.0,S,19.0,Sakhir,Mercedes
17,HAM,18,0,4,3,0,68,32.4,28.3,0.0,1.1,44.7,1009.5,122.0,S,20.0,Sakhir,Mercedes
18,HAM,19,0,3,3,0,69,32.2,28.1,0.0,0.9,46.4,1009.5,35.0,S,21.0,Sakhir,Mercedes
19,HAM,20,0,2,3,0,70,32.2,28.1,0.0,1.2,46.2,1009.4,9.0,S,22.0,Sakhir,Mercedes
20,HAM,21,0,1,3,0,71,32.3,28.2,0.0,1.0,46.3,1009.5,358.0,S,23.0,Sakhir,Mercedes
21,HAM,22,0,1,3,0,72,32.2,28.1,0.0,0.7,46.4,1009.4,179.0,S,24.0,Sakhir,Mercedes
22,HAM,23,0,1,3,0,72,32.2,28.2,0.0,1.4,46.2,1009.5,18.0,S,25.0,Sakhir,Mercedes
23,HAM,24,0,1,3,0,71,32.0,28.1,0.0,0.9,46.4,1009.6,156.0,S,26.0,Sakhir,Mercedes
24,HAM,25,0,1,3,0,72,32.2,28.1,0.0,0.9,46.4,1009.5,359.0,S,27.0,Sakhir,Mercedes
25,HAM,26,0,3,3,0,71,32.0,28.1,0.0,0.9,46.7,1009.5,336.0,S,28.0,Sakhir,Mercedes
26,HAM,27,0,4,3,0,70,31.9,28.0,0.0,0.5,47.1,1009.5,12.0,M,0.0,Sakhir,Mercedes
27,HAM,28,0,4,3,0,69,31.9,28.0,0.0,1.0,47.3,1009.5,9.0,M,1.0,Sakhir,Mercedes
28,HAM,29,0,4,3,0,69,31.8,27.9,0.0,0.8,47.2,1009.5,359.0,M,2.0,Sakhir,Mercedes
29,HAM,30,0,4,3,0,68,31.8,27.9,0.0,1.0,46.8,1009.5,21.0,M,3.0,Sakhir,Mercedes
30,HAM,31,0,4,3,0,67,31.9,27.9,0.0,0.6,46.4,1009.5,323.0,M,4.0,Sakhir,Mercedes
31,HAM,32,0,4,3,0,67,31.9,27.9,0.0,0.6,46.4,1009.5,323.0,M,5.0,Sakhir,Mercedes
32,HAM,33,0,4,3,0,67,31.9,27.9,0.0,0.6,46.4,1009.5,323.0,M,6.0,Sakhir,Mercedes
33,HAM,34,0,4,3,0,67,31.9,27.9,0.0,1.2,46.7,1009.6,14.0,M,7.0,Sakhir,Mercedes
34,HAM,35,0,4,3,0,67,31.7,27.9,0.0,1.6,46.8,1009.5,350.0,M,8.0,Sakhir,Mercedes
35,HAM,36,0,3,3,0,67,31.8,28.1,0.0,1.3,46.8,1009.5,312.0,M,9.0,Sakhir,Mercedes
36,HAM,37,0,3,3,0,67,31.9,28.1,0.0,1.3,46.9,1009.5,0.0,M,10.0,Sakhir,Mercedes
37,HAM,38,0,3,3,0,67,31.7,28.1,0.0,0.8,47.7,1009.5,321.0,M,11.0,Sakhir,Mercedes
38,HAM,39,0,3,3,0,67,31.7,28.1,0.0,0.8,47.7,1009.5,321.0,M,12.0,Sakhir,Mercedes
39,HAM,40,0,3,3,0,67,31.7,27.9,0.0,0.4,48.3,1009.6,237.0,M,13.0,Sakhir,Mercedes
40,HAM,41,0,3,3,0,67,31.7,27.9,0.0,0.4,48.3,1009.6,237.0,M,14.0,Sakhir,Mercedes
41,HAM,42,0,3,3,0,67,31.7,27.9,0.0,0.4,48.3,1009.6,237.0,M,15.0,Sakhir,Mercedes
42,HAM,43,0,3,3,0,67,31.9,28.0,0.0,0.0,49.9,1009.5,186.0,M,16.0,Sakhir,Mercedes
43,HAM,44,0,3,3,0,66,31.9,28.0,0.0,0.0,49.9,1009.5,186.0,M,17.0,Sakhir,Mercedes
44,HAM,45,0,3,3,0,66,31.4,27.7,0.0,0.9,52.2,1009.6,268.0,M,18.0,Sakhir,Mercedes
45,HAM,46,0,3,3,0,66,31.1,27.6,0.0,1.1,52.5,1009.6,270.0,M,19.0,Sakhir,Mercedes
46,HAM,47,0,3,3,0,66,31.1,27.6,0.0,1.4,52.8,1009.6,359.0,M,20.0,Sakhir,Mercedes
47,HAM,48,0,3,3,0,66,31.1,27.5,0.0,0.8,52.7,1009.6,178.0,M,21.0,Sakhir,Mercedes
48,HAM,49,0,3,3,0,66,31.3,27.6,0.0,0.9,52.3,1009.7,199.0,M,22.0,Sakhir,Mercedes
49,HAM,50,0,3,3,0,66,31.2,27.5,0.0,0.5,52.2,1009.7,49.0,M,23.0,Sakhir,Mercedes
50,HAM,51,0,3,3,0,66,31.3,27.5,0.0,0.4,52.1,1009.7,358.0,M,24.0,Sakhir,Mercedes
51,HAM,52,0,3,3,0,66,31.3,27.5,0.0,0.4,52.1,1009.7,358.0,M,25.0,Sakhir,Mercedes
52,HAM,53,0,3,3,0,66,31.3,27.5,0.0,0.7,52.1,1009.8,8.0,M,26.0,Sakhir,Mercedes
53,HAM,54,0,3,3,0,66,31.4,27.6,0.0,0.7,51.6,1009.8,187.0,M,27.0,Sakhir,Mercedes
54,HAM,55,0,3,3,0,66,31.3,27.6,0.0,0.5,51.2,1009.9,0.0,M,28.0,Sakhir,Mercedes
55,HAM,56,0,3,3,0,66,31.3,27.6,0.0,0.5,51.2,1009.9,0.0,M,29.0,Sakhir,Mercedes
56,HAM,57,0,3,3,0,66,31.1,27.6,0.0,1.0,50.4,1010.0,74.0,M,30.0,Sakhir,Mercedes
0,SAI,1,0,13,11,0,50,33.1,28.0,0.0,1.2,46.5,1009.3,276.0,V,3.0,Sakhir,Renault
1,SAI,2,0,11,11,0,44,33.3,28.2,0.0,0.9,45.3,1009.3,162.0,V,4.0,Sakhir,Renault
2,SAI,3,0,11,11,0,48,33.3,28.2,0.0,0.9,45.3,1009.3,162.0,V,5.0,Sakhir,Renault
3,SAI,4,0,11,11,0,46,33.0,28.2,0.0,1.1,44.9,1009.3,38.0,V,6.0,Sakhir,Renault
4,SAI,5,0,11,11,0,50,33.1,28.2,0.0,1.3,44.9,1009.3,322.0,V,7.0,Sakhir,Renault
5,SAI,6,0,11,11,0,50,32.8,28.2,0.0,0.9,45.0,1009.3,35.0,V,8.0,Sakhir,Renault
6,SAI,7,0,11,11,0,49,32.8,28.2,0.0,0.9,45.0,1009.3,35.0,V,9.0,Sakhir,Renault
7,SAI,8,0,11,11,0,49,32.8,28.1,0.0,1.3,45.0,1009.3,50.0,V,10.0,Sakhir,Renault
8,SAI,9,0,11,11,0,51,32.8,28.1,0.0,1.3,45.0,1009.3,50.0,V,11.0,Sakhir,Renault
9,SAI,10,0,11,11,0,51,32.8,28.1,0.0,0.7,44.6,1009.4,185.0,V,12.0,Sakhir,Renault
10,SAI,11,0,11,11,0,51,32.7,28.1,0.0,1.0,44.9,1009.4,24.0,V,13.0,Sakhir,Renault
11,SAI,12,0,11,11,0,52,32.7,28.2,0.0,1.6,44.7,1009.4,5.0,V,14.0,Sakhir,Renault
12,SAI,13,0,11,11,0,52,32.8,28.2,0.0,1.0,44.8,1009.4,325.0,V,15.0,Sakhir,Renault
13,SAI,14,0,10,11,0,53,32.6,28.2,0.0,0.7,45.0,1009.4,170.0,V,16.0,Sakhir,Renault
14,SAI,15,0,8,11,0,53,32.6,28.2,0.0,0.7,45.0,1009.4,170.0,V,17.0,Sakhir,Renault
15,SAI,16,0,8,11,0,62,32.7,28.3,0.0,1.0,44.6,1009.4,75.0,V,18.0,Sakhir,Renault
16,SAI,17,0,17,11,0,57,32.5,28.3,0.0,1.7,44.5,1009.5,330.0,V,3.0,Sakhir,Renault
17,SAI,18,0,17,11,0,56,32.4,28.3,0.0,1.1,44.7,1009.5,122.0,V,4.0,Sakhir,Renault
18,SAI,19,0,16,11,0,56,32.2,28.0,0.0,1.7,45.8,1009.5,0.0,V,5.0,Sakhir,Renault
19,SAI,20,0,15,11,0,54,32.1,28.0,0.0,0.7,46.2,1009.5,20.0,V,6.0,Sakhir,Renault
20,SAI,21,0,13,11,0,53,32.2,28.1,0.0,0.9,46.4,1009.5,35.0,V,7.0,Sakhir,Renault
21,SAI,22,0,13,11,0,54,32.2,28.1,0.0,1.2,46.2,1009.4,9.0,V,8.0,Sakhir,Renault
22,SAI,23,0,13,11,0,54,32.3,28.2,0.0,1.0,46.3,1009.5,358.0,V,9.0,Sakhir,Renault
23,SAI,24,0,12,11,0,55,32.2,28.1,0.0,0.7,46.4,1009.4,179.0,V,10.0,Sakhir,Renault
24,SAI,25,0,13,11,0,54,32.2,28.1,0.0,0.8,46.6,1009.6,139.0,V,11.0,Sakhir,Renault
25,SAI,26,0,14,11,0,54,32.2,28.1,0.0,0.8,46.4,1009.5,350.0,V,12.0,Sakhir,Renault
26,SAI,27,0,17,11,0,53,32.0,28.1,0.0,0.9,46.4,1009.6,156.0,S,10.0,Sakhir,Renault
27,SAI,28,0,16,11,0,53,32.0,28.1,0.0,0.9,46.7,1009.5,336.0,S,11.0,Sakhir,Renault
28,SAI,29,0,16,11,0,52,31.9,28.0,0.0,0.5,47.1,1009.5,12.0,S,12.0,Sakhir,Renault
29,SAI,30,0,16,11,0,52,31.9,28.0,0.0,1.0,47.3,1009.5,9.0,S,13.0,Sakhir,Renault
30,SAI,31,0,15,11,0,52,31.8,27.9,0.0,0.8,47.2,1009.5,359.0,S,14.0,Sakhir,Renault
31,SAI,32,0,16,11,0,52,31.8,27.9,0.0,1.0,46.8,1009.5,21.0,S,15.0,Sakhir,Renault
32,SAI,33,0,14,11,0,51,31.9,27.9,0.0,0.6,46.4,1009.5,323.0,S,16.0,Sakhir,Renault
33,SAI,34,0,14,11,0,51,31.9,27.9,0.0,0.6,46.4,1009.5,323.0,S,17.0,Sakhir,Renault
34,SAI,35,0,14,11,0,51,31.9,27.9,0.0,0.6,46.4,1009.5,323.0,S,18.0,Sakhir,Renault
35,SAI,36,0,12,11,0,51,31.9,27.9,0.0,1.2,46.7,1009.6,14.0,S,19.0,Sakhir,Renault
36,SAI,37,0,12,11,0,51,31.7,27.9,0.0,1.6,46.8,1009.5,350.0,S,20.0,Sakhir,Renault
37,SAI,38,0,12,11,0,51,31.8,27.9,0.0,1.3,46.7,1009.6,153.0,S,21.0,Sakhir,Renault
38,SAI,39,0,12,11,0,51,31.8,28.1,0.0,1.3,46.8,1009.5,312.0,S,22.0,Sakhir,Renault
39,SAI,40,0,12,11,0,51,31.9,28.1,0.0,1.3,46.9,1009.5,0.0,S,23.0,Sakhir,Renault
40,SAI,41,0,12,11,0,51,31.8,28.0,0.0,0.9,47.4,1009.5,51.0,S,24.0,Sakhir,Renault
41,SAI,42,0,12,11,0,52,31.7,28.1,0.0,0.8,47.7,1009.5,321.0,S,25.0,Sakhir,Renault
42,SAI,43,0,11,11,0,52,31.7,28.1,0.0,0.8,47.7,1009.5,321.0,S,26.0,Sakhir,Renault
43,SAI,44,0,11,11,0,52,31.7,27.9,0.0,0.4,48.3,1009.6,237.0,S,27.0,Sakhir,Renault
44,SAI,45,0,10,11,0,52,31.9,28.0,0.0,0.0,49.9,1009.5,186.0,S,28.0,Sakhir,Renault
45,SAI,46,0,10,11,0,53,31.1,27.6,0.0,1.1,52.5,1009.6,270.0,S,29.0,Sakhir,Renault
46,SAI,47,0,10,11,0,53,31.1,27.6,0.0,1.4,52.8,1009.6,359.0,S,30.0,Sakhir,Renault
47,SAI,48,0,10,11,0,53,31.2,27.5,0.0,0.5,52.2,1009.7,49.0,S,31.0,Sakhir,Renault
48,SAI,49,0,10,11,0,53,31.3,27.5,0.0,0.4,52.1,1009.7,358.0,S,32.0,Sakhir,Renault
49,SAI,50,0,10,11,0,53,31.3,27.5,0.0,0.4,52.1,1009.7,358.0,S,33.0,Sakhir,Renault
50,SAI,51,0,10,11,0,53,31.3,27.5,0.0,0.7,52.1,1009.8,8.0,S,34.0,Sakhir,Renault
51,SAI,52,0,10,11,0,53,31.3,27.5,0.0,0.6,51.9,1009.8,40.0,S,35.0,Sakhir,Renault
52,SAI,53,0,10,11,0,52,31.4,27.6,0.0,0.7,51.6,1009.8,187.0,S,36.0,Sakhir,Renault
53,SAI,54,0,11,11,0,52,31.3,27.6,0.0,0.5,51.2,1009.9,0.0,S,37.0,Sakhir,Renault
54,SAI,55,0,11,11,0,51,31.5,27.7,0.0,0.5,50.6,1009.9,0.0,S,38.0,Sakhir,Renault
55,SAI,56,0,11,11,0,50,31.5,27.6,0.0,0.9,50.2,1010.0,352.0,S,39.0,Sakhir,Renault
0,HAR,1,0,12,13,0,51,33.1,28.0,0.0,1.2,46.5,1009.3,276.0,V,0.0,Sakhir,Toro Rosso
1,HAR,2,0,10,13,0,42,33.1,28.0,0.0,1.2,46.5,1009.3,276.0,V,1.0,Sakhir,Toro Rosso
2,HAR,3,0,10,13,0,45,33.2,28.1,0.0,1.0,45.9,1009.2,9.0,V,2.0,Sakhir,Toro Rosso
3,HAR,4,0,10,13,0,43,33.3,28.1,0.0,1.0,45.7,1009.3,299.0,V,3.0,Sakhir,Toro Rosso
4,HAR,5,0,10,13,0,44,33.3,28.2,0.0,0.9,45.3,1009.3,162.0,V,4.0,Sakhir,Toro Rosso
5,HAR,6,0,10,13,0,46,33.3,28.2,0.0,0.9,45.3,1009.3,162.0,V,5.0,Sakhir,Toro Rosso
6,HAR,7,0,10,13,0,46,33.3,28.3,0.0,0.6,45.1,1009.3,2.0,V,6.0,Sakhir,Toro Rosso
7,HAR,8,0,10,13,0,47,33.3,28.3,0.0,0.8,44.7,1009.2,28.0,V,7.0,Sakhir,Toro Rosso
8,HAR,9,0,10,13,0,49,33.0,28.2,0.0,1.1,44.9,1009.3,38.0,V,8.0,Sakhir,Toro Rosso
9,HAR,10,0,10,13,0,50,32.8,28.2,0.0,0.9,45.0,1009.3,35.0,V,9.0,Sakhir,Toro Rosso
10,HAR,11,0,10,13,0,49,32.8,28.1,0.0,1.3,45.0,1009.3,50.0,V,10.0,Sakhir,Toro Rosso
11,HAR,12,0,10,13,0,51,32.8,28.1,0.0,0.7,44.6,1009.4,185.0,V,11.0,Sakhir,Toro Rosso
12,HAR,13,0,10,13,0,51,32.8,28.2,0.0,1.0,44.8,1009.4,325.0,V,12.0,Sakhir,Toro Rosso
13,HAR,14,0,9,13,0,52,32.6,28.2,0.0,0.7,45.0,1009.4,170.0,V,13.0,Sakhir,Toro Rosso
14,HAR,15,0,7,13,0,53,32.6,28.2,0.0,0.7,45.0,1009.4,170.0,V,14.0,Sakhir,Toro Rosso
15,HAR,16,0,5,13,0,67,32.7,28.3,0.0,0.6,44.6,1009.4,6.0,V,15.0,Sakhir,Toro Rosso
16,HAR,17,0,5,13,0,72,32.4,28.2,0.0,0.9,45.0,1009.4,11.0,V,16.0,Sakhir,Toro Rosso
17,HAR,18,0,5,13,0,73,32.2,28.0,0.0,1.7,45.8,1009.5,0.0,V,17.0,Sakhir,Toro Rosso
18,HAR,19,0,5,13,0,73,32.3,28.2,0.0,1.0,46.3,1009.5,358.0,V,18.0,Sakhir,Toro Rosso
19,HAR,20,0,6,13,0,71,32.2,28.1,0.0,0.7,46.4,1009.4,179.0,V,19.0,Sakhir,Toro Rosso
20,HAR,21,0,18,13,0,68,32.2,28.2,0.0,1.4,46.2,1009.5,18.0,S,0.0,Sakhir,Toro Rosso
21,HAR,22,0,17,13,0,68,32.0,28.0,0.0,0.7,46.6,1009.5,115.0,S,1.0,Sakhir,Toro Rosso
22,HAR,23,0,16,13,0,68,32.0,28.1,0.0,0.9,46.4,1009.6,156.0,S,2.0,Sakhir,Toro Rosso
23,HAR,24,0,16,13,0,69,32.0,28.1,0.0,0.9,46.7,1009.5,336.0,S,3.0,Sakhir,Toro Rosso
24,HAR,25,0,16,13,0,69,31.9,28.0,0.0,0.5,47.1,1009.5,12.0,S,4.0,Sakhir,Toro Rosso
25,HAR,26,0,16,13,0,70,31.8,27.9,0.0,0.8,47.2,1009.5,359.0,S,5.0,Sakhir,Toro Rosso
26,HAR,27,0,15,13,0,71,31.8,27.9,0.0,1.0,46.8,1009.5,21.0,S,6.0,Sakhir,Toro Rosso
27,HAR,28,0,14,13,0,70,31.9,27.9,0.0,1.2,46.7,1009.6,14.0,S,7.0,Sakhir,Toro Rosso
28,HAR,29,0,13,13,0,70,31.7,27.9,0.0,1.6,46.8,1009.5,350.0,S,8.0,Sakhir,Toro Rosso
29,HAR,30,0,13,13,0,71,31.8,27.9,0.0,1.3,46.7,1009.6,153.0,S,9.0,Sakhir,Toro Rosso
30,HAR,31,0,12,13,0,71,31.8,28.1,0.0,1.3,46.8,1009.5,312.0,S,10.0,Sakhir,Toro Rosso
31,HAR,32,0,11,13,0,70,31.8,28.0,0.0,0.9,47.4,1009.5,51.0,S,11.0,Sakhir,Toro Rosso
32,HAR,33,0,11,13,0,70,31.7,28.1,0.0,0.8,47.7,1009.5,321.0,S,12.0,Sakhir,Toro Rosso
33,HAR,34,0,11,13,0,71,31.7,28.1,0.0,0.8,47.7,1009.5,321.0,S,13.0,Sakhir,Toro Rosso
34,HAR,35,0,11,13,0,71,31.7,27.9,0.0,0.4,48.3,1009.6,237.0,S,14.0,Sakhir,Toro Rosso
35,HAR,36,0,9,13,0,72,31.7,27.9,0.0,0.4,48.3,1009.6,237.0,S,15.0,Sakhir,Toro Rosso
36,HAR,37,0,9,13,0,73,31.9,28.0,0.0,0.0,49.9,1009.5,186.0,S,16.0,Sakhir,Toro Rosso
37,HAR,38,0,9,13,0,73,31.4,27.7,0.0,0.9,52.2,1009.6,268.0,S,17.0,Sakhir,Toro Rosso
38,HAR,39,0,9,13,0,73,31.1,27.6,0.0,1.1,52.5,1009.6,270.0,S,18.0,Sakhir,Toro Rosso
39,HAR,40,0,9,13,0,73,31.1,27.6,0.0,1.1,52.5,1009.6,270.0,S,19.0,Sakhir,Toro Rosso
40,HAR,41,0,10,13,0,72,31.1,27.6,0.0,1.4,52.8,1009.6,359.0,S,20.0,Sakhir,Toro Rosso
41,HAR,42,0,11,13,0,72,31.1,27.5,0.0,0.8,52.7,1009.6,178.0,S,21.0,Sakhir,Toro Rosso
42,HAR,43,0,14,13,0,72,31.3,27.6,0.0,0.9,52.3,1009.7,199.0,V,3.0,Sakhir,Toro Rosso
43,HAR,44,0,14,13,0,73,31.2,27.5,0.0,0.5,52.2,1009.7,49.0,V,4.0,Sakhir,Toro Rosso
44,HAR,45,0,14,13,0,73,31.2,27.5,0.0,0.9,52.3,1009.7,2.0,V,5.0,Sakhir,Toro Rosso
45,HAR,46,0,13,13,0,74,31.3,27.5,0.0,0.4,52.1,1009.7,358.0,V,6.0,Sakhir,Toro Rosso
46,HAR,47,0,13,13,0,74,31.3,27.5,0.0,0.4,52.1,1009.7,358.0,V,7.0,Sakhir,Toro Rosso
47,HAR,48,0,13,13,0,74,31.3,27.5,0.0,0.7,52.1,1009.8,8.0,V,8.0,Sakhir,Toro Rosso
48,HAR,49,0,13,13,0,74,31.3,27.5,0.0,0.6,51.9,1009.8,40.0,V,9.0,Sakhir,Toro Rosso
49,HAR,50,0,13,13,0,74,31.4,27.6,0.0,0.7,51.6,1009.8,187.0,V,10.0,Sakhir,Toro Rosso
50,HAR,51,0,13,13,0,74,31.4,27.6,0.0,0.7,51.6,1009.8,187.0,V,11.0,Sakhir,Toro Rosso
51,HAR,52,0,13,13,0,75,31.3,27.6,0.0,0.5,51.2,1009.9,0.0,V,12.0,Sakhir,Toro Rosso
52,HAR,53,0,13,13,0,75,31.3,27.6,0.0,0.5,51.2,1009.9,0.0,V,13.0,Sakhir,Toro Rosso
53,HAR,54,0,13,13,0,75,31.5,27.7,0.0,0.5,50.6,1009.9,0.0,V,14.0,Sakhir,Toro Rosso
54,HAR,55,0,13,13,0,75,31.5,27.6,0.0,0.9,50.2,1010.0,352.0,V,15.0,Sakhir,Toro Rosso
55,HAR,56,0,13,13,0,74,31.1,27.6,0.0,1.0,50.4,1010.0,74.0,V,16.0,Sakhir,Toro Rosso
0,PER,1,0,20,12,0,31,33.3,28.1,0.0,1.0,45.7,1009.3,299.0,S,0.0,Sakhir,Force India
1,PER,2,0,18,12,0,25,33.3,28.3,0.0,0.6,45.1,1009.3,2.0,S,1.0,Sakhir,Force India
2,PER,3,0,18,12,0,33,33.3,28.3,0.0,0.8,44.7,1009.2,28.0,S,2.0,Sakhir,Force India
3,PER,4,0,17,12,0,34,32.9,28.2,0.0,1.3,45.0,1009.4,10.0,S,3.0,Sakhir,Force India
4,PER,5,0,16,12,0,34,33.1,28.2,0.0,1.3,44.9,1009.3,322.0,S,4.0,Sakhir,Force India
5,PER,6,0,16,12,0,35,33.1,28.2,0.0,1.3,44.9,1009.3,322.0,S,5.0,Sakhir,Force India
6,PER,7,0,15,12,0,35,32.8,28.2,0.0,0.9,45.0,1009.3,35.0,S,6.0,Sakhir,Force India
7,PER,8,0,15,12,0,36,32.8,28.2,0.0,0.9,45.0,1009.3,35.0,S,7.0,Sakhir,Force India
8,PER,9,0,15,12,0,37,32.8,28.1,0.0,1.3,45.0,1009.3,50.0,S,8.0,Sakhir,Force India
9,PER,10,0,18,12,0,37,32.8,28.1,0.0,1.3,45.0,1009.3,50.0,M,0.0,Sakhir,Force India
10,PER,11,0,16,12,0,38,32.7,28.1,0.0,1.0,44.9,1009.4,24.0,M,1.0,Sakhir,Force India
11,PER,12,0,16,12,0,40,32.7,28.2,0.0,1.6,44.7,1009.4,5.0,M,2.0,Sakhir,Force India
12,PER,13,0,17,12,0,40,32.8,28.2,0.0,1.0,44.8,1009.4,325.0,M,3.0,Sakhir,Force India
13,PER,14,0,17,12,0,41,32.8,28.2,0.0,0.9,44.8,1009.3,330.0,M,4.0,Sakhir,Force India
14,PER,15,0,17,12,0,43,32.6,28.2,0.0,0.7,45.0,1009.4,170.0,M,5.0,Sakhir,Force India
15,PER,16,0,16,12,0,45,32.6,28.2,0.0,0.7,45.0,1009.4,170.0,M,6.0,Sakhir,Force India
16,PER,17,0,16,12,0,40,32.7,28.3,0.0,1.0,44.6,1009.4,75.0,M,7.0,Sakhir,Force India
17,PER,18,0,16,12,0,37,32.7,28.3,0.0,0.6,44.6,1009.4,6.0,M,8.0,Sakhir,Force India
18,PER,19,0,15,12,0,35,32.4,28.3,0.0,0.7,44.9,1009.5,206.0,M,9.0,Sakhir,Force India
19,PER,20,0,14,12,0,32,32.5,28.3,0.0,1.7,44.5,1009.5,330.0,M,10.0,Sakhir,Force India
20,PER,21,0,12,12,0,30,32.4,28.3,0.0,1.1,44.7,1009.5,122.0,M,11.0,Sakhir,Force India
21,PER,22,0,12,12,0,31,32.2,28.0,0.0,1.7,45.8,1009.5,0.0,M,12.0,Sakhir,Force India
22,PER,23,0,12,12,0,32,32.1,28.0,0.0,0.7,46.2,1009.5,20.0,M,13.0,Sakhir,Force India
23,PER,24,0,11,12,0,33,32.2,28.1,0.0,0.9,46.4,1009.5,35.0,M,14.0,Sakhir,Force India
24,PER,25,0,11,12,0,33,32.2,28.1,0.0,1.2,46.2,1009.4,9.0,M,15.0,Sakhir,Force India
25,PER,26,0,12,12,0,34,32.3,28.2,0.0,1.0,46.3,1009.5,358.0,M,16.0,Sakhir,Force India
26,PER,27,0,12,12,0,33,32.2,28.2,0.0,1.4,46.2,1009.5,18.0,M,17.0,Sakhir,Force India
27,PER,28,0,12,12,0,33,32.2,28.2,0.0,1.4,46.2,1009.5,18.0,M,18.0,Sakhir,Force India
28,PER,29,0,12,12,0,33,32.2,28.1,0.0,0.8,46.6,1009.6,139.0,M,19.0,Sakhir,Force India
29,PER,30,0,12,12,0,33,32.2,28.1,0.0,0.8,46.4,1009.5,350.0,M,20.0,Sakhir,Force India
30,PER,31,0,11,12,0,33,32.0,28.0,0.0,0.7,46.6,1009.5,115.0,M,21.0,Sakhir,Force India
31,PER,32,0,12,12,0,33,32.0,28.1,0.0,0.9,46.4,1009.6,156.0,M,22.0,Sakhir,Force India
32,PER,33,0,16,12,0,33,32.0,28.1,0.0,0.9,46.7,1009.5,336.0,V,0.0,Sakhir,Force India
33,PER,34,0,16,12,0,33,32.0,28.1,0.0,0.9,46.7,1009.5,336.0,V,1.0,Sakhir,Force India
34,PER,35,0,15,12,0,33,31.9,27.9,0.0,0.6,46.4,1009.5,323.0,V,2.0,Sakhir,Force India
35,PER,36,0,14,12,0,33,31.9,27.9,0.0,0.6,46.4,1009.5,323.0,V,3.0,Sakhir,Force India
36,PER,37,0,14,12,0,33,31.9,27.9,0.0,1.2,46.7,1009.6,14.0,V,4.0,Sakhir,Force India
37,PER,38,0,14,12,0,33,31.9,28.1,0.0,1.3,46.9,1009.5,0.0,V,5.0,Sakhir,Force India
38,PER,39,0,14,12,0,33,31.9,28.0,0.0,0.0,49.9,1009.5,186.0,V,6.0,Sakhir,Force India
39,PER,40,0,14,12,0,33,31.9,28.0,0.0,0.0,49.9,1009.5,186.0,V,7.0,Sakhir,Force India
40,PER,41,0,14,12,0,32,31.4,27.9,0.0,0.8,50.8,1009.7,264.0,V,8.0,Sakhir,Force India
41,PER,42,0,14,12,0,32,31.1,27.6,0.0,1.1,52.5,1009.6,270.0,V,9.0,Sakhir,Force India
42,PER,43,0,13,12,0,32,31.1,27.6,0.0,1.4,52.8,1009.6,359.0,V,10.0,Sakhir,Force India
43,PER,44,0,13,12,0,32,31.1,27.6,0.0,1.4,52.8,1009.6,359.0,V,11.0,Sakhir,Force India
44,PER,45,0,12,12,0,32,31.1,27.5,0.0,0.7,52.9,1009.6,155.0,V,12.0,Sakhir,Force India
45,PER,46,0,12,12,0,31,31.1,27.5,0.0,0.8,52.7,1009.6,178.0,V,13.0,Sakhir,Force India
46,PER,47,0,12,12,0,31,31.2,27.5,0.0,0.5,52.2,1009.7,49.0,V,14.0,Sakhir,Force India
47,PER,48,0,12,12,0,32,31.2,27.5,0.0,0.9,52.3,1009.7,2.0,V,15.0,Sakhir,Force India
48,PER,49,0,12,12,0,32,31.3,27.5,0.0,0.4,52.1,1009.7,358.0,V,16.0,Sakhir,Force India
49,PER,50,0,12,12,0,31,31.3,27.5,0.0,0.7,52.1,1009.8,8.0,V,17.0,Sakhir,Force India
50,PER,51,0,12,12,0,31,31.3,27.5,0.0,0.7,52.1,1009.8,8.0,V,18.0,Sakhir,Force India
51,PER,52,0,12,12,0,31,31.4,27.6,0.0,0.7,51.6,1009.8,187.0,V,19.0,Sakhir,Force India
52,PER,53,0,12,12,0,31,31.3,27.6,0.0,0.5,51.2,1009.9,0.0,V,20.0,Sakhir,Force India
53,PER,54,0,12,12,0,31,31.5,27.7,0.0,0.5,50.6,1009.9,0.0,V,21.0,Sakhir,Force India
54,PER,55,0,12,12,0,31,31.5,27.6,0.0,0.9,50.2,1010.0,352.0,V,22.0,Sakhir,Force India
55,PER,56,0,12,12,0,31,31.1,27.6,0.0,1.0,50.4,1010.0,74.0,V,23.0,Sakhir,Force India
0,ALO,1,0,9,7,0,59,33.3,28.2,0.0,0.9,45.3,1009.3,162.0,S,0.0,Sakhir,McLaren
1,ALO,2,0,8,7,0,52,33.3,28.3,0.0,0.6,45.1,1009.3,2.0,S,1.0,Sakhir,McLaren
2,ALO,3,0,8,7,0,48,33.3,28.3,0.0,0.6,45.1,1009.3,2.0,S,2.0,Sakhir,McLaren
3,ALO,4,0,8,7,0,42,33.3,28.3,0.0,0.8,44.7,1009.2,28.0,S,3.0,Sakhir,McLaren
4,ALO,5,0,8,7,0,45,33.0,28.2,0.0,1.1,44.9,1009.3,38.0,S,4.0,Sakhir,McLaren
5,ALO,6,0,8,7,0,46,32.9,28.2,0.0,1.3,45.0,1009.4,10.0,S,5.0,Sakhir,McLaren
6,ALO,7,0,8,7,0,46,33.1,28.2,0.0,1.3,44.9,1009.3,322.0,S,6.0,Sakhir,McLaren
7,ALO,8,0,8,7,0,47,33.1,28.2,0.0,1.3,44.9,1009.3,322.0,S,7.0,Sakhir,McLaren
8,ALO,9,0,8,7,0,48,32.8,28.2,0.0,0.9,45.0,1009.3,35.0,S,8.0,Sakhir,McLaren
9,ALO,10,0,8,7,0,48,32.8,28.2,0.0,0.9,45.0,1009.3,35.0,S,9.0,Sakhir,McLaren
10,ALO,11,0,8,7,0,49,32.8,28.1,0.0,1.3,45.0,1009.3,50.0,S,10.0,Sakhir,McLaren
11,ALO,12,0,8,7,0,50,32.8,28.1,0.0,0.7,44.6,1009.4,185.0,S,11.0,Sakhir,McLaren
12,ALO,13,0,8,7,0,51,32.7,28.2,0.0,1.6,44.7,1009.4,5.0,S,12.0,Sakhir,McLaren
13,ALO,14,0,7,7,0,52,32.8,28.2,0.0,0.9,45.0,1009.4,12.0,S,13.0,Sakhir,McLaren
14,ALO,15,0,15,7,0,54,32.8,28.1,0.0,1.1,45.1,1009.3,0.0,M,0.0,Sakhir,McLaren
15,ALO,16,0,13,7,0,60,32.6,28.2,0.0,0.7,45.0,1009.4,170.0,M,1.0,Sakhir,McLaren
16,ALO,17,0,11,7,0,64,32.6,28.2,0.0,0.7,45.0,1009.4,170.0,M,2.0,Sakhir,McLaren
17,ALO,18,0,11,7,0,62,32.7,28.3,0.0,0.6,44.6,1009.4,6.0,M,3.0,Sakhir,McLaren
18,ALO,19,0,10,7,0,61,32.4,28.2,0.0,0.9,45.0,1009.4,11.0,M,4.0,Sakhir,McLaren
19,ALO,20,0,10,7,0,58,32.4,28.3,0.0,0.7,44.9,1009.5,206.0,M,5.0,Sakhir,McLaren
20,ALO,21,0,9,7,0,57,32.2,28.1,0.0,0.9,46.4,1009.5,35.0,M,6.0,Sakhir,McLaren
21,ALO,22,0,9,7,0,56,32.2,28.1,0.0,0.7,46.4,1009.4,179.0,M,7.0,Sakhir,McLaren
22,ALO,23,0,8,7,0,56,32.2,28.2,0.0,1.4,46.2,1009.5,18.0,M,8.0,Sakhir,McLaren
23,ALO,24,0,8,7,0,55,32.2,28.1,0.0,0.8,46.6,1009.6,139.0,M,9.0,Sakhir,McLaren
24,ALO,25,0,8,7,0,54,32.0,28.0,0.0,0.7,46.6,1009.5,115.0,M,10.0,Sakhir,McLaren
25,ALO,26,0,8,7,0,54,32.2,28.1,0.0,0.9,46.4,1009.5,359.0,M,11.0,Sakhir,McLaren
26,ALO,27,0,8,7,0,54,32.0,28.1,0.0,0.9,46.7,1009.5,336.0,M,12.0,Sakhir,McLaren
27,ALO,28,0,7,7,0,53,32.0,28.1,0.0,0.9,46.7,1009.5,336.0,M,13.0,Sakhir,McLaren
28,ALO,29,0,7,7,0,54,31.8,27.9,0.0,0.8,47.2,1009.5,359.0,M,14.0,Sakhir,McLaren
29,ALO,30,0,7,7,0,54,31.8,27.9,0.0,1.0,46.8,1009.5,21.0,M,15.0,Sakhir,McLaren
30,ALO,31,0,7,7,0,53,31.9,27.9,0.0,0.6,46.4,1009.5,323.0,M,16.0,Sakhir,McLaren
31,ALO,32,0,7,7,0,53,31.9,27.9,0.0,0.6,46.4,1009.5,323.0,M,17.0,Sakhir,McLaren
32,ALO,33,0,7,7,0,53,31.9,27.9,0.0,1.2,46.7,1009.6,14.0,M,18.0,Sakhir,McLaren
33,ALO,34,0,7,7,0,53,31.9,27.9,0.0,1.2,46.7,1009.6,14.0,M,19.0,Sakhir,McLaren
34,ALO,35,0,6,7,0,53,31.8,28.1,0.0,1.3,46.8,1009.5,312.0,M,20.0,Sakhir,McLaren
35,ALO,36,0,5,7,0,53,31.8,28.1,0.0,1.3,46.8,1009.5,312.0,M,21.0,Sakhir,McLaren
36,ALO,37,0,5,7,0,53,31.9,28.1,0.0,1.3,46.9,1009.5,0.0,M,22.0,Sakhir,McLaren
37,ALO,38,0,5,7,0,54,31.8,28.0,0.0,0.9,47.4,1009.5,51.0,M,23.0,Sakhir,McLaren
38,ALO,39,0,6,7,0,55,31.7,28.1,0.0,0.8,47.7,1009.5,321.0,M,24.0,Sakhir,McLaren
39,ALO,40,0,8,7,0,55,31.7,27.9,0.0,0.4,48.3,1009.6,237.0,V,0.0,Sakhir,McLaren
40,ALO,41,0,8,7,0,54,31.9,28.0,0.0,0.0,49.9,1009.5,186.0,V,1.0,Sakhir,McLaren
41,ALO,42,0,8,7,0,53,31.9,28.0,0.0,0.0,49.9,1009.5,186.0,V,2.0,Sakhir,McLaren
42,ALO,43,0,8,7,0,53,31.4,27.9,0.0,0.8,50.8,1009.7,264.0,V,3.0,Sakhir,McLaren
43,ALO,44,0,7,7,0,53,31.4,27.7,0.0,0.9,52.2,1009.6,268.0,V,4.0,Sakhir,McLaren
44,ALO,45,0,7,7,0,53,31.1,27.6,0.0,1.4,52.8,1009.6,359.0,V,5.0,Sakhir,McLaren
45,ALO,46,0,7,7,0,53,31.1,27.6,0.0,1.4,52.8,1009.6,359.0,V,6.0,Sakhir,McLaren
46,ALO,47,0,7,7,0,53,31.1,27.5,0.0,0.7,52.9,1009.6,155.0,V,7.0,Sakhir,McLaren
47,ALO,48,0,7,7,0,54,31.1,27.5,0.0,0.8,52.7,1009.6,178.0,V,8.0,Sakhir,McLaren
48,ALO,49,0,7,7,0,55,31.2,27.5,0.0,0.9,52.3,1009.7,2.0,V,9.0,Sakhir,McLaren
49,ALO,50,0,7,7,0,55,31.3,27.5,0.0,0.4,52.1,1009.7,358.0,V,10.0,Sakhir,McLaren
50,ALO,51,0,7,7,0,56,31.3,27.5,0.0,0.7,52.1,1009.8,8.0,V,11.0,Sakhir,McLaren
51,ALO,52,0,7,7,0,56,31.4,27.6,0.0,0.7,51.6,1009.8,187.0,V,12.0,Sakhir,McLaren
52,ALO,53,0,7,7,0,57,31.3,27.6,0.0,0.5,51.2,1009.9,0.0,V,13.0,Sakhir,McLaren
53,ALO,54,0,7,7,0,57,31.3,27.6,0.0,0.5,51.2,1009.9,0.0,V,14.0,Sakhir,McLaren
54,ALO,55,0,7,7,0,57,31.5,27.6,0.0,0.9,50.2,1010.0,352.0,V,15.0,Sakhir,McLaren
55,ALO,56,0,7,7,0,55,31.1,27.6,0.0,1.0,50.4,1010.0,74.0,V,16.0,Sakhir,McLaren
0,VAN,1,0,18,8,0,61,33.1,28.0,0.0,1.2,46.5,1009.3,276.0,V,0.0,Sakhir,McLaren
1,VAN,2,0,16,8,0,54,33.2,28.1,0.0,1.0,45.9,1009.2,9.0,V,1.0,Sakhir,McLaren
2,VAN,3,0,15,8,0,52,33.3,28.3,0.0,0.6,45.1,1009.3,2.0,V,2.0,Sakhir,McLaren
3,VAN,4,0,15,8,0,50,33.3,28.3,0.0,0.6,45.1,1009.3,2.0,V,3.0,Sakhir,McLaren
4,VAN,5,0,14,8,0,53,33.3,28.3,0.0,0.8,44.7,1009.2,28.0,V,4.0,Sakhir,McLaren
5,VAN,6,0,14,8,0,55,33.1,28.2,0.0,1.3,44.9,1009.3,322.0,V,5.0,Sakhir,McLaren
6,VAN,7,0,13,8,0,56,32.8,28.2,0.0,0.9,45.0,1009.3,35.0,V,6.0,Sakhir,McLaren
7,VAN,8,0,13,8,0,57,32.8,28.1,0.0,1.3,45.0,1009.3,50.0,V,7.0,Sakhir,McLaren
8,VAN,9,0,13,8,0,58,32.8,28.1,0.0,0.7,44.6,1009.4,185.0,V,8.0,Sakhir,McLaren
9,VAN,10,0,14,8,0,59,32.7,28.2,0.0,1.6,44.7,1009.4,5.0,V,9.0,Sakhir,McLaren
10,VAN,11,0,17,8,0,58,32.7,28.2,0.0,1.6,44.7,1009.4,5.0,S,0.0,Sakhir,McLaren
11,VAN,12,0,17,8,0,60,32.8,28.2,0.0,1.0,44.8,1009.4,325.0,S,1.0,Sakhir,McLaren
12,VAN,13,0,16,8,0,61,32.8,28.2,0.0,1.0,44.8,1009.4,325.0,S,2.0,Sakhir,McLaren
13,VAN,14,0,16,8,0,62,32.8,28.2,0.0,0.9,44.8,1009.3,330.0,S,3.0,Sakhir,McLaren
14,VAN,15,0,16,8,0,63,32.8,28.1,0.0,1.1,45.1,1009.3,0.0,S,4.0,Sakhir,McLaren
15,VAN,16,0,15,8,0,82,32.6,28.2,0.0,0.7,45.0,1009.4,170.0,S,5.0,Sakhir,McLaren
16,VAN,17,0,14,8,0,79,32.4,28.2,0.0,0.9,45.0,1009.4,11.0,S,6.0,Sakhir,McLaren
17,VAN,18,0,13,8,0,76,32.4,28.3,0.0,0.7,44.9,1009.5,206.0,S,7.0,Sakhir,McLaren
18,VAN,19,0,12,8,0,74,32.5,28.3,0.0,1.7,44.5,1009.5,330.0,S,8.0,Sakhir,McLaren
19,VAN,20,0,11,8,0,73,32.4,28.3,0.0,1.1,44.7,1009.5,122.0,S,9.0,Sakhir,McLaren
20,VAN,21,0,10,8,0,72,32.3,28.2,0.0,1.0,46.3,1009.5,358.0,S,10.0,Sakhir,McLaren
21,VAN,22,0,10,8,0,73,32.2,28.1,0.0,0.7,46.4,1009.4,179.0,S,11.0,Sakhir,McLaren
22,VAN,23,0,10,8,0,72,32.2,28.2,0.0,1.4,46.2,1009.5,18.0,S,12.0,Sakhir,McLaren
23,VAN,24,0,9,8,0,73,32.2,28.1,0.0,0.8,46.6,1009.6,139.0,S,13.0,Sakhir,McLaren
24,VAN,25,0,9,8,0,72,32.2,28.1,0.0,0.8,46.4,1009.5,350.0,S,14.0,Sakhir,McLaren
25,VAN,26,0,9,8,0,72,32.0,28.0,0.0,0.7,46.6,1009.5,115.0,S,15.0,Sakhir,McLaren
26,VAN,27,0,9,8,0,72,32.0,28.1,0.0,0.9,46.4,1009.6,156.0,S,16.0,Sakhir,McLaren
27,VAN,28,0,10,8,0,71,32.0,28.1,0.0,0.9,46.7,1009.5,336.0,S,17.0,Sakhir,McLaren
28,VAN,29,0,15,8,0,71,31.9,27.9,0.0,0.6,46.4,1009.5,323.0,M,0.0,Sakhir,McLaren
29,VAN,30,0,15,8,0,71,31.9,27.9,0.0,0.6,46.4,1009.5,323.0,M,1.0,Sakhir,McLaren
30,VAN,31,0,13,8,0,71,31.9,27.9,0.0,1.2,46.7,1009.6,14.0,M,2.0,Sakhir,McLaren
31,VAN,32,0,13,8,0,71,31.7,27.9,0.0,1.6,46.8,1009.5,350.0,M,3.0,Sakhir,McLaren
32,VAN,33,0,12,8,0,71,31.8,27.9,0.0,1.3,46.7,1009.6,153.0,M,4.0,Sakhir,McLaren
33,VAN,34,0,12,8,0,71,31.8,27.9,0.0,1.3,46.7,1009.6,153.0,M,5.0,Sakhir,McLaren
34,VAN,35,0,12,8,0,71,31.8,28.1,0.0,1.3,46.8,1009.5,312.0,M,6.0,Sakhir,McLaren
35,VAN,36,0,10,8,0,70,31.8,28.0,0.0,0.9,47.4,1009.5,51.0,M,7.0,Sakhir,McLaren
36,VAN,37,0,10,8,0,70,31.7,28.1,0.0,0.8,47.7,1009.5,321.0,M,8.0,Sakhir,McLaren
37,VAN,38,0,10,8,0,71,31.7,28.1,0.0,0.8,47.7,1009.5,321.0,M,9.0,Sakhir,McLaren
38,VAN,39,0,10,8,0,71,31.7,27.9,0.0,0.4,48.3,1009.6,237.0,M,10.0,Sakhir,McLaren
39,VAN,40,0,10,8,0,71,31.7,27.9,0.0,0.4,48.3,1009.6,237.0,M,11.0,Sakhir,McLaren
40,VAN,41,0,9,8,0,71,31.7,27.9,0.0,0.4,48.3,1009.6,237.0,M,12.0,Sakhir,McLaren
41,VAN,42,0,9,8,0,72,31.9,28.0,0.0,0.0,49.9,1009.5,186.0,M,13.0,Sakhir,McLaren
42,VAN,43,0,9,8,0,72,31.9,28.0,0.0,0.0,49.9,1009.5,186.0,M,14.0,Sakhir,McLaren
43,VAN,44,0,9,8,0,72,31.4,27.7,0.0,0.9,52.2,1009.6,268.0,M,15.0,Sakhir,McLaren
44,VAN,45,0,9,8,0,73,31.1,27.6,0.0,1.1,52.5,1009.6,270.0,M,16.0,Sakhir,McLaren
45,VAN,46,0,9,8,0,73,31.1,27.5,0.0,0.7,52.9,1009.6,155.0,M,17.0,Sakhir,McLaren
46,VAN,47,0,9,8,0,73,31.3,27.6,0.0,0.9,52.3,1009.7,199.0,M,18.0,Sakhir,McLaren
47,VAN,48,0,9,8,0,73,31.2,27.5,0.0,0.5,52.2,1009.7,49.0,M,19.0,Sakhir,McLaren
48,VAN,49,0,9,8,0,73,31.2,27.5,0.0,0.9,52.3,1009.7,2.0,M,20.0,Sakhir,McLaren
49,VAN,50,0,9,8,0,73,31.3,27.5,0.0,0.4,52.1,1009.7,358.0,M,21.0,Sakhir,McLaren
50,VAN,51,0,9,8,0,73,31.3,27.5,0.0,0.4,52.1,1009.7,358.0,M,22.0,Sakhir,McLaren
51,VAN,52,0,8,8,0,73,31.3,27.5,0.0,0.7,52.1,1009.8,8.0,M,23.0,Sakhir,McLaren
52,VAN,53,0,8,8,0,74,31.3,27.5,0.0,0.7,52.1,1009.8,8.0,M,24.0,Sakhir,McLaren
53,VAN,54,0,8,8,0,73,31.3,27.5,0.0,0.6,51.9,1009.8,40.0,M,25.0,Sakhir,McLaren
54,VAN,55,0,8,8,0,73,31.4,27.6,0.0,0.7,51.6,1009.8,187.0,M,26.0,Sakhir,McLaren
55,VAN,56,0,8,8,0,74,31.1,27.6,0.0,1.0,50.4,1010.0,74.0,M,27.0,Sakhir,McLaren
0,VER,1,0,11,19,0,46,33.1,28.2,0.0,1.3,44.9,1009.3,322.0,S,0.0,Sakhir,Red Bull Racing
1,VER,2,0,19,19,0,24,32.4,28.3,0.0,1.1,44.7,1009.5,122.0,S,1.0,Sakhir,Red Bull Racing
2,VER,3,0,19,19,1,21,32.2,28.2,0.0,1.4,46.2,1009.5,18.0,V,0.0,Sakhir,Red Bull Racing
0,GRO,1,0,16,15,0,26,33.1,28.0,0.0,1.2,46.5,1009.3,276.0,V,0.0,Sakhir,Haas F1 Team
1,GRO,2,0,14,15,0,24,33.1,28.0,0.0,1.2,46.5,1009.3,276.0,V,1.0,Sakhir,Haas F1 Team
2,GRO,3,0,14,15,0,29,33.2,28.1,0.0,1.0,45.9,1009.2,9.0,V,2.0,Sakhir,Haas F1 Team
3,GRO,4,0,14,15,0,23,33.3,28.1,0.0,1.0,45.7,1009.3,299.0,V,3.0,Sakhir,Haas F1 Team
4,GRO,5,0,13,15,0,25,33.3,28.2,0.0,0.9,45.3,1009.3,162.0,V,4.0,Sakhir,Haas F1 Team
5,GRO,6,0,13,15,0,27,33.3,28.3,0.0,0.6,45.1,1009.3,2.0,V,5.0,Sakhir,Haas F1 Team
6,GRO,7,0,14,15,0,29,33.3,28.3,0.0,0.8,44.7,1009.2,28.0,V,6.0,Sakhir,Haas F1 Team
7,GRO,8,0,14,15,0,31,33.0,28.2,0.0,1.1,44.9,1009.3,38.0,V,7.0,Sakhir,Haas F1 Team
8,GRO,9,0,14,15,0,32,33.1,28.2,0.0,1.3,44.9,1009.3,322.0,V,8.0,Sakhir,Haas F1 Team
9,GRO,10,0,13,15,0,33,33.1,28.2,0.0,1.3,44.9,1009.3,322.0,V,9.0,Sakhir,Haas F1 Team
10,GRO,11,0,13,15,0,33,32.8,28.2,0.0,0.9,45.0,1009.3,35.0,V,10.0,Sakhir,Haas F1 Team
11,GRO,12,0,13,15,0,34,32.8,28.1,0.0,1.3,45.0,1009.3,50.0,V,11.0,Sakhir,Haas F1 Team
12,GRO,13,0,13,15,0,35,32.8,28.1,0.0,1.3,45.0,1009.3,50.0,V,12.0,Sakhir,Haas F1 Team
13,GRO,14,0,12,15,0,36,32.7,28.2,0.0,1.6,44.7,1009.4,5.0,V,13.0,Sakhir,Haas F1 Team
14,GRO,15,0,11,15,0,37,32.7,28.2,0.0,1.6,44.7,1009.4,5.0,V,14.0,Sakhir,Haas F1 Team
15,GRO,16,0,7,15,0,29,32.8,28.2,0.0,0.9,44.8,1009.3,330.0,V,15.0,Sakhir,Haas F1 Team
16,GRO,17,0,7,15,0,15,32.8,28.2,0.0,0.9,45.0,1009.4,12.0,V,16.0,Sakhir,Haas F1 Team
17,GRO,18,0,8,15,0,15,32.6,28.2,0.0,0.7,45.0,1009.4,170.0,V,17.0,Sakhir,Haas F1 Team
18,GRO,19,0,17,15,0,16,32.6,28.2,0.0,0.7,45.0,1009.4,170.0,S,0.0,Sakhir,Haas F1 Team
19,GRO,20,0,17,15,0,17,32.7,28.3,0.0,1.0,44.6,1009.4,75.0,S,1.0,Sakhir,Haas F1 Team
20,GRO,21,0,14,15,0,19,32.4,28.2,0.0,0.9,45.0,1009.4,11.0,S,2.0,Sakhir,Haas F1 Team
21,GRO,22,0,14,15,0,21,32.4,28.3,0.0,0.7,44.9,1009.5,206.0,S,3.0,Sakhir,Haas F1 Team
22,GRO,23,0,14,15,0,22,32.5,28.3,0.0,1.7,44.5,1009.5,330.0,S,4.0,Sakhir,Haas F1 Team
23,GRO,24,0,13,15,0,23,32.4,28.3,0.0,1.1,44.7,1009.5,122.0,S,5.0,Sakhir,Haas F1 Team
24,GRO,25,0,12,15,0,24,32.4,28.3,0.0,1.1,44.7,1009.5,122.0,S,6.0,Sakhir,Haas F1 Team
25,GRO,26,0,11,15,0,25,32.2,28.0,0.0,1.7,45.8,1009.5,0.0,S,7.0,Sakhir,Haas F1 Team
26,GRO,27,0,11,15,0,25,32.1,28.0,0.0,0.7,46.2,1009.5,20.0,S,8.0,Sakhir,Haas F1 Team
27,GRO,28,0,9,15,0,25,32.2,28.1,0.0,0.9,46.4,1009.5,35.0,S,9.0,Sakhir,Haas F1 Team
28,GRO,29,0,9,15,0,25,32.2,28.1,0.0,1.2,46.2,1009.4,9.0,S,10.0,Sakhir,Haas F1 Team
29,GRO,30,0,10,15,0,25,32.2,28.1,0.0,0.7,46.4,1009.4,179.0,S,11.0,Sakhir,Haas F1 Team
30,GRO,31,0,16,15,0,25,32.2,28.2,0.0,1.4,46.2,1009.5,18.0,V,0.0,Sakhir,Haas F1 Team
31,GRO,32,0,15,15,0,26,32.2,28.2,0.0,1.4,46.2,1009.5,18.0,V,1.0,Sakhir,Haas F1 Team
32,GRO,33,0,13,15,0,26,32.2,28.1,0.0,0.8,46.6,1009.6,139.0,V,2.0,Sakhir,Haas F1 Team
33,GRO,34,0,13,15,0,26,32.0,28.1,0.0,0.9,46.4,1009.6,156.0,V,3.0,Sakhir,Haas F1 Team
34,GRO,35,0,13,15,0,26,32.0,28.1,0.0,0.9,46.7,1009.5,336.0,V,4.0,Sakhir,Haas F1 Team
35,GRO,36,0,11,15,0,26,31.9,28.0,0.0,1.0,47.3,1009.5,9.0,V,5.0,Sakhir,Haas F1 Team
36,GRO,37,0,11,15,0,26,31.9,27.9,0.0,0.6,46.4,1009.5,323.0,V,6.0,Sakhir,Haas F1 Team
37,GRO,38,0,11,15,0,26,31.9,27.9,0.0,0.6,46.4,1009.5,323.0,V,7.0,Sakhir,Haas F1 Team
38,GRO,39,0,11,15,0,26,31.8,27.9,0.0,1.3,46.7,1009.6,153.0,V,8.0,Sakhir,Haas F1 Team
39,GRO,40,0,11,15,0,27,31.8,27.9,0.0,1.3,46.7,1009.6,153.0,V,9.0,Sakhir,Haas F1 Team
40,GRO,41,0,11,15,0,27,31.9,28.1,0.0,1.3,46.9,1009.5,0.0,V,10.0,Sakhir,Haas F1 Team
41,GRO,42,0,10,15,0,27,31.7,28.1,0.0,0.8,47.7,1009.5,321.0,V,11.0,Sakhir,Haas F1 Team
42,GRO,43,0,10,15,0,27,31.7,28.1,0.0,0.8,47.7,1009.5,321.0,V,12.0,Sakhir,Haas F1 Team
43,GRO,44,0,10,15,0,27,31.7,27.9,0.0,0.4,48.3,1009.6,237.0,V,13.0,Sakhir,Haas F1 Team
44,GRO,45,0,13,15,0,26,31.9,28.0,0.0,0.0,49.9,1009.5,186.0,V,14.0,Sakhir,Haas F1 Team
45,GRO,46,0,15,15,0,25,31.4,27.7,0.0,0.9,52.2,1009.6,268.0,V,0.0,Sakhir,Haas F1 Team
46,GRO,47,0,15,15,0,25,31.1,27.6,0.0,1.1,52.5,1009.6,270.0,V,1.0,Sakhir,Haas F1 Team
47,GRO,48,0,15,15,0,26,31.1,27.6,0.0,1.4,52.8,1009.6,359.0,V,2.0,Sakhir,Haas F1 Team
48,GRO,49,0,15,15,0,26,31.1,27.5,0.0,0.7,52.9,1009.6,155.0,V,3.0,Sakhir,Haas F1 Team
49,GRO,50,0,15,15,0,26,31.1,27.5,0.0,0.8,52.7,1009.6,178.0,V,4.0,Sakhir,Haas F1 Team
50,GRO,51,0,15,15,0,26,31.2,27.5,0.0,0.5,52.2,1009.7,49.0,V,5.0,Sakhir,Haas F1 Team
51,GRO,52,0,15,15,0,26,31.3,27.5,0.0,0.4,52.1,1009.7,358.0,V,6.0,Sakhir,Haas F1 Team
52,GRO,53,0,15,15,0,27,31.3,27.5,0.0,0.4,52.1,1009.7,358.0,V,7.0,Sakhir,Haas F1 Team
53,GRO,54,0,15,15,0,27,31.3,27.5,0.0,0.7,52.1,1009.8,8.0,V,8.0,Sakhir,Haas F1 Team
54,GRO,55,0,15,15,0,28,31.4,27.6,0.0,0.7,51.6,1009.8,187.0,V,9.0,Sakhir,Haas F1 Team
55,GRO,56,0,15,15,0,29,31.3,27.6,0.0,0.5,51.2,1009.9,0.0,V,10.0,Sakhir,Haas F1 Team
0,ERI,1,0,14,9,0,34,33.1,28.0,0.0,1.2,46.5,1009.3,276.0,S,0.0,Sakhir,Sauber
1,ERI,2,0,12,9,0,28,33.2,28.1,0.0,1.0,45.9,1009.2,9.0,S,1.0,Sakhir,Sauber
2,ERI,3,0,12,9,0,33,33.3,28.2,0.0,0.9,45.3,1009.3,162.0,S,2.0,Sakhir,Sauber
3,ERI,4,0,12,9,0,37,33.3,28.2,0.0,0.9,45.3,1009.3,162.0,S,3.0,Sakhir,Sauber
4,ERI,5,0,12,9,0,37,33.3,28.3,0.0,0.6,45.1,1009.3,2.0,S,4.0,Sakhir,Sauber
5,ERI,6,0,12,9,0,37,33.3,28.3,0.0,0.6,45.1,1009.3,2.0,S,5.0,Sakhir,Sauber
6,ERI,7,0,12,9,0,38,33.0,28.2,0.0,1.1,44.9,1009.3,38.0,S,6.0,Sakhir,Sauber
7,ERI,8,0,12,9,0,39,32.9,28.2,0.0,1.3,45.0,1009.4,10.0,S,7.0,Sakhir,Sauber
8,ERI,9,0,12,9,0,40,32.8,28.2,0.0,0.9,45.0,1009.3,35.0,S,8.0,Sakhir,Sauber
9,ERI,10,0,12,9,0,40,32.8,28.2,0.0,0.9,45.0,1009.3,35.0,S,9.0,Sakhir,Sauber
10,ERI,11,0,12,9,0,39,32.7,28.1,0.0,1.0,44.9,1009.4,24.0,S,10.0,Sakhir,Sauber
11,ERI,12,0,12,9,0,39,32.7,28.2,0.0,1.6,44.7,1009.4,5.0,S,11.0,Sakhir,Sauber
12,ERI,13,0,12,9,0,39,32.7,28.2,0.0,1.6,44.7,1009.4,5.0,S,12.0,Sakhir,Sauber
13,ERI,14,0,11,9,0,39,32.8,28.2,0.0,1.0,44.8,1009.4,325.0,S,13.0,Sakhir,Sauber
14,ERI,15,0,10,9,0,39,32.8,28.2,0.0,1.0,44.8,1009.4,325.0,S,14.0,Sakhir,Sauber
15,ERI,16,0,6,9,0,46,32.8,28.2,0.0,0.9,44.8,1009.3,330.0,S,15.0,Sakhir,Sauber
16,ERI,17,0,6,9,0,48,32.6,28.2,0.0,0.7,45.0,1009.4,170.0,S,16.0,Sakhir,Sauber
17,ERI,18,0,6,9,0,49,32.6,28.2,0.0,0.7,45.0,1009.4,170.0,S,17.0,Sakhir,Sauber
18,ERI,19,0,6,9,0,50,32.7,28.3,0.0,1.0,44.6,1009.4,75.0,S,18.0,Sakhir,Sauber
19,ERI,20,0,7,9,0,50,32.7,28.3,0.0,0.6,44.6,1009.4,6.0,S,19.0,Sakhir,Sauber
20,ERI,21,0,6,9,0,49,32.4,28.3,0.0,1.1,44.7,1009.5,122.0,S,20.0,Sakhir,Sauber
21,ERI,22,0,6,9,0,50,32.4,28.3,0.0,1.1,44.7,1009.5,122.0,S,21.0,Sakhir,Sauber
22,ERI,23,0,9,9,0,49,32.2,28.0,0.0,1.7,45.8,1009.5,0.0,S,22.0,Sakhir,Sauber
23,ERI,24,0,15,9,0,47,32.2,28.1,0.0,1.2,46.2,1009.4,9.0,M,0.0,Sakhir,Sauber
24,ERI,25,0,15,9,0,50,32.3,28.2,0.0,1.0,46.3,1009.5,358.0,M,1.0,Sakhir,Sauber
25,ERI,26,0,13,9,0,51,32.2,28.1,0.0,0.7,46.4,1009.4,179.0,M,2.0,Sakhir,Sauber
26,ERI,27,0,13,9,0,52,32.2,28.2,0.0,1.4,46.2,1009.5,18.0,M,3.0,Sakhir,Sauber
27,ERI,28,0,13,9,0,53,32.2,28.2,0.0,1.4,46.2,1009.5,18.0,M,4.0,Sakhir,Sauber
28,ERI,29,0,11,9,0,53,32.2,28.1,0.0,0.8,46.4,1009.5,350.0,M,5.0,Sakhir,Sauber
29,ERI,30,0,11,9,0,53,32.0,28.0,0.0,0.7,46.6,1009.5,115.0,M,6.0,Sakhir,Sauber
30,ERI,31,0,10,9,0,54,32.0,28.1,0.0,0.9,46.4,1009.6,156.0,M,7.0,Sakhir,Sauber
31,ERI,32,0,10,9,0,54,32.0,28.1,0.0,0.9,46.7,1009.5,336.0,M,8.0,Sakhir,Sauber
32,ERI,33,0,10,9,0,54,31.9,28.0,0.0,1.0,47.3,1009.5,9.0,M,9.0,Sakhir,Sauber
33,ERI,34,0,10,9,0,54,31.8,27.9,0.0,0.8,47.2,1009.5,359.0,M,10.0,Sakhir,Sauber
34,ERI,35,0,9,9,0,55,31.9,27.9,0.0,0.6,46.4,1009.5,323.0,M,11.0,Sakhir,Sauber
35,ERI,36,0,8,9,0,55,31.9,27.9,0.0,0.6,46.4,1009.5,323.0,M,12.0,Sakhir,Sauber
36,ERI,37,0,8,9,0,55,31.9,27.9,0.0,1.2,46.7,1009.6,14.0,M,13.0,Sakhir,Sauber
37,ERI,38,0,8,9,0,55,31.7,27.9,0.0,1.6,46.8,1009.5,350.0,M,14.0,Sakhir,Sauber
38,ERI,39,0,8,9,0,54,31.8,28.0,0.0,0.9,47.4,1009.5,51.0,M,15.0,Sakhir,Sauber
39,ERI,40,0,6,9,0,54,31.7,27.9,0.0,0.4,48.3,1009.6,237.0,M,16.0,Sakhir,Sauber
40,ERI,41,0,6,9,0,54,31.9,28.0,0.0,0.0,49.9,1009.5,186.0,M,17.0,Sakhir,Sauber
41,ERI,42,0,7,9,0,54,31.9,28.0,0.0,0.0,49.9,1009.5,186.0,M,18.0,Sakhir,Sauber
42,ERI,43,0,7,9,0,54,31.4,27.7,0.0,0.9,52.2,1009.6,268.0,M,19.0,Sakhir,Sauber
43,ERI,44,0,8,9,0,53,31.1,27.6,0.0,1.1,52.5,1009.6,270.0,M,20.0,Sakhir,Sauber
44,ERI,45,0,8,9,0,53,31.1,27.6,0.0,1.1,52.5,1009.6,270.0,M,21.0,Sakhir,Sauber
45,ERI,46,0,8,9,0,53,31.1,27.5,0.0,0.7,52.9,1009.6,155.0,M,22.0,Sakhir,Sauber
46,ERI,47,0,8,9,0,53,31.2,27.5,0.0,0.5,52.2,1009.7,49.0,M,23.0,Sakhir,Sauber
47,ERI,48,0,8,9,0,53,31.2,27.5,0.0,0.9,52.3,1009.7,2.0,M,24.0,Sakhir,Sauber
48,ERI,49,0,8,9,0,52,31.3,27.5,0.0,0.4,52.1,1009.7,358.0,M,25.0,Sakhir,Sauber
49,ERI,50,0,8,9,0,52,31.3,27.5,0.0,0.7,52.1,1009.8,8.0,M,26.0,Sakhir,Sauber
50,ERI,51,0,8,9,0,52,31.3,27.5,0.0,0.7,52.1,1009.8,8.0,M,27.0,Sakhir,Sauber
51,ERI,52,0,9,9,0,52,31.3,27.5,0.0,0.6,51.9,1009.8,40.0,M,28.0,Sakhir,Sauber
52,ERI,53,0,9,9,0,51,31.3,27.6,0.0,0.5,51.2,1009.9,0.0,M,29.0,Sakhir,Sauber
53,ERI,54,0,9,9,0,51,31.3,27.6,0.0,0.5,51.2,1009.9,0.0,M,30.0,Sakhir,Sauber
54,ERI,55,0,9,9,0,51,31.5,27.6,0.0,0.9,50.2,1010.0,352.0,M,31.0,Sakhir,Sauber
55,ERI,56,0,9,9,0,51,31.1,27.6,0.0,1.0,50.4,1010.0,74.0,M,32.0,Sakhir,Sauber
0,SIR,1,0,19,17,0,55,33.1,28.0,0.0,1.2,46.5,1009.3,276.0,S,0.0,Sakhir,Williams
1,SIR,2,0,17,17,0,40,33.2,28.1,0.0,1.0,45.9,1009.2,9.0,S,1.0,Sakhir,Williams
2,SIR,3,0,17,17,0,38,33.3,28.2,0.0,0.9,45.3,1009.3,162.0,S,2.0,Sakhir,Williams
3,SIR,4,0,16,17,0,34,33.3,28.2,0.0,0.9,45.3,1009.3,162.0,S,3.0,Sakhir,Williams
4,SIR,5,0,17,17,0,37,33.3,28.3,0.0,0.6,45.1,1009.3,2.0,S,4.0,Sakhir,Williams
5,SIR,6,0,17,17,0,38,33.3,28.3,0.0,0.6,45.1,1009.3,2.0,S,5.0,Sakhir,Williams
6,SIR,7,0,17,17,0,38,33.3,28.3,0.0,0.8,44.7,1009.2,28.0,S,6.0,Sakhir,Williams
7,SIR,8,0,17,17,0,39,33.0,28.2,0.0,1.1,44.9,1009.3,38.0,S,7.0,Sakhir,Williams
8,SIR,9,0,17,17,0,40,33.1,28.2,0.0,1.3,44.9,1009.3,322.0,S,8.0,Sakhir,Williams
9,SIR,10,0,15,17,0,41,33.1,28.2,0.0,1.3,44.9,1009.3,322.0,S,9.0,Sakhir,Williams
10,SIR,11,0,14,17,0,41,32.8,28.2,0.0,0.9,45.0,1009.3,35.0,S,10.0,Sakhir,Williams
11,SIR,12,0,14,17,0,42,32.8,28.1,0.0,0.7,44.6,1009.4,185.0,S,11.0,Sakhir,Williams
12,SIR,13,0,14,17,0,43,32.8,28.2,0.0,1.0,44.8,1009.4,325.0,S,12.0,Sakhir,Williams
13,SIR,14,0,13,17,0,43,32.8,28.2,0.0,0.9,44.8,1009.3,330.0,S,13.0,Sakhir,Williams
14,SIR,15,0,12,17,0,46,32.8,28.2,0.0,0.9,45.0,1009.4,12.0,S,14.0,Sakhir,Williams
15,SIR,16,0,12,17,0,56,32.8,28.1,0.0,1.1,45.1,1009.3,0.0,S,15.0,Sakhir,Williams
16,SIR,17,0,12,17,0,48,32.6,28.2,0.0,0.7,45.0,1009.4,170.0,S,16.0,Sakhir,Williams
17,SIR,18,0,12,17,0,46,32.7,28.3,0.0,1.0,44.6,1009.4,75.0,S,17.0,Sakhir,Williams
18,SIR,19,0,11,17,0,46,32.7,28.3,0.0,0.6,44.6,1009.4,6.0,S,18.0,Sakhir,Williams
19,SIR,20,0,13,17,0,44,32.2,28.0,0.0,1.7,45.8,1009.5,0.0,S,19.0,Sakhir,Williams
20,SIR,21,0,15,17,0,42,32.1,28.0,0.0,0.7,46.2,1009.5,20.0,S,20.0,Sakhir,Williams
21,SIR,22,0,16,17,0,40,32.2,28.1,0.0,0.9,46.4,1009.5,35.0,S,21.0,Sakhir,Williams
22,SIR,23,0,18,17,0,39,32.2,28.1,0.0,1.2,46.2,1009.4,9.0,M,0.0,Sakhir,Williams
23,SIR,24,0,18,17,0,41,32.3,28.2,0.0,1.0,46.3,1009.5,358.0,M,1.0,Sakhir,Williams
24,SIR,25,0,18,17,0,43,32.2,28.2,0.0,1.4,46.2,1009.5,18.0,M,2.0,Sakhir,Williams
25,SIR,26,0,18,17,0,44,32.2,28.1,0.0,0.8,46.6,1009.6,139.0,M,3.0,Sakhir,Williams
26,SIR,27,0,18,17,0,45,32.2,28.1,0.0,0.8,46.4,1009.5,350.0,M,4.0,Sakhir,Williams
27,SIR,28,0,18,17,0,46,32.0,28.1,0.0,0.9,46.4,1009.6,156.0,M,5.0,Sakhir,Williams
28,SIR,29,0,18,17,0,46,32.2,28.1,0.0,0.9,46.4,1009.5,359.0,M,6.0,Sakhir,Williams
29,SIR,30,0,17,17,0,46,31.9,28.0,0.0,0.5,47.1,1009.5,12.0,M,7.0,Sakhir,Williams
30,SIR,31,0,17,17,0,45,31.9,28.0,0.0,1.0,47.3,1009.5,9.0,M,8.0,Sakhir,Williams
31,SIR,32,0,17,17,0,45,31.9,27.9,0.0,0.6,46.4,1009.5,323.0,M,9.0,Sakhir,Williams
32,SIR,33,0,17,17,0,45,31.9,27.9,0.0,0.6,46.4,1009.5,323.0,M,10.0,Sakhir,Williams
33,SIR,34,0,17,17,0,46,31.9,27.9,0.0,1.2,46.7,1009.6,14.0,M,11.0,Sakhir,Williams
34,SIR,35,0,16,17,0,47,31.7,27.9,0.0,1.6,46.8,1009.5,350.0,M,12.0,Sakhir,Williams
35,SIR,36,0,15,17,0,47,31.8,27.9,0.0,1.3,46.7,1009.6,153.0,M,13.0,Sakhir,Williams
36,SIR,37,0,15,17,0,46,31.8,27.9,0.0,1.3,46.7,1009.6,153.0,M,14.0,Sakhir,Williams
37,SIR,38,0,15,17,0,46,31.8,28.1,0.0,1.3,46.8,1009.5,312.0,M,15.0,Sakhir,Williams
38,SIR,39,0,15,17,0,46,31.8,28.1,0.0,1.3,46.8,1009.5,312.0,M,16.0,Sakhir,Williams
39,SIR,40,0,15,17,0,46,31.7,28.1,0.0,0.8,47.7,1009.5,321.0,M,17.0,Sakhir,Williams
40,SIR,41,0,17,17,0,46,31.7,27.9,0.0,0.4,48.3,1009.6,237.0,V,0.0,Sakhir,Williams
41,SIR,42,0,17,17,0,47,31.7,27.9,0.0,0.4,48.3,1009.6,237.0,V,1.0,Sakhir,Williams
42,SIR,43,0,17,17,0,48,31.9,28.0,0.0,0.0,49.9,1009.5,186.0,V,2.0,Sakhir,Williams
43,SIR,44,0,17,17,0,49,31.4,27.9,0.0,0.8,50.8,1009.7,264.0,V,3.0,Sakhir,Williams
44,SIR,45,0,17,17,0,50,31.4,27.7,0.0,0.9,52.2,1009.6,268.0,V,4.0,Sakhir,Williams
45,SIR,46,0,17,17,0,50,31.1,27.6,0.0,1.1,52.5,1009.6,270.0,V,5.0,Sakhir,Williams
46,SIR,47,0,17,17,0,51,31.1,27.6,0.0,1.4,52.8,1009.6,359.0,V,6.0,Sakhir,Williams
47,SIR,48,0,17,17,0,51,31.1,27.6,0.0,1.4,52.8,1009.6,359.0,V,7.0,Sakhir,Williams
48,SIR,49,0,17,17,0,51,31.3,27.6,0.0,0.9,52.3,1009.7,199.0,V,8.0,Sakhir,Williams
49,SIR,50,0,17,17,0,51,31.2,27.5,0.0,0.5,52.2,1009.7,49.0,V,9.0,Sakhir,Williams
50,SIR,51,0,17,17,0,51,31.2,27.5,0.0,0.9,52.3,1009.7,2.0,V,10.0,Sakhir,Williams
51,SIR,52,0,17,17,0,52,31.3,27.5,0.0,0.7,52.1,1009.8,8.0,V,11.0,Sakhir,Williams
52,SIR,53,0,17,17,0,52,31.3,27.5,0.0,0.6,51.9,1009.8,40.0,V,12.0,Sakhir,Williams
53,SIR,54,0,17,17,0,51,31.3,27.6,0.0,0.5,51.2,1009.9,0.0,V,13.0,Sakhir,Williams
54,SIR,55,0,17,17,0,51,31.5,27.7,0.0,0.5,50.6,1009.9,0.0,V,14.0,Sakhir,Williams
55,SIR,56,0,17,17,0,51,31.5,27.6,0.0,0.9,50.2,1010.0,352.0,V,15.0,Sakhir,Williams
0,LEC,1,0,17,14,0,44,33.1,28.0,0.0,1.2,46.5,1009.3,276.0,S,0.0,Sakhir,Sauber
1,LEC,2,0,15,14,0,35,33.2,28.1,0.0,1.6,45.9,1009.3,355.0,S,1.0,Sakhir,Sauber
2,LEC,3,0,16,14,0,31,33.2,28.1,0.0,1.0,45.9,1009.2,9.0,S,2.0,Sakhir,Sauber
3,LEC,4,0,18,14,0,35,33.3,28.1,0.0,1.0,45.7,1009.3,299.0,M,0.0,Sakhir,Sauber
4,LEC,5,0,18,14,0,36,33.3,28.2,0.0,0.9,45.3,1009.3,162.0,M,1.0,Sakhir,Sauber
5,LEC,6,0,18,14,0,37,33.3,28.2,0.0,0.9,45.3,1009.3,162.0,M,2.0,Sakhir,Sauber
6,LEC,7,0,18,14,0,39,33.3,28.3,0.0,0.6,45.1,1009.3,2.0,M,3.0,Sakhir,Sauber
7,LEC,8,0,18,14,0,40,33.3,28.3,0.0,0.6,45.1,1009.3,2.0,M,4.0,Sakhir,Sauber
8,LEC,9,0,18,14,0,41,33.0,28.2,0.0,1.1,44.9,1009.3,38.0,M,5.0,Sakhir,Sauber
9,LEC,10,0,17,14,0,42,32.9,28.2,0.0,1.3,45.0,1009.4,10.0,M,6.0,Sakhir,Sauber
10,LEC,11,0,15,14,0,41,33.1,28.2,0.0,1.3,44.9,1009.3,322.0,M,7.0,Sakhir,Sauber
11,LEC,12,0,15,14,0,42,32.8,28.2,0.0,0.9,45.0,1009.3,35.0,M,8.0,Sakhir,Sauber
12,LEC,13,0,15,14,0,42,32.8,28.1,0.0,1.3,45.0,1009.3,50.0,M,9.0,Sakhir,Sauber
13,LEC,14,0,14,14,0,42,32.8,28.1,0.0,0.7,44.6,1009.4,185.0,M,10.0,Sakhir,Sauber
14,LEC,15,0,14,14,0,43,32.7,28.1,0.0,1.0,44.9,1009.4,24.0,M,11.0,Sakhir,Sauber
15,LEC,16,0,14,14,0,51,32.8,28.2,0.0,1.0,44.8,1009.4,325.0,M,12.0,Sakhir,Sauber
16,LEC,17,0,13,14,0,43,32.8,28.2,0.0,0.9,44.8,1009.3,330.0,M,13.0,Sakhir,Sauber
17,LEC,18,0,15,14,0,41,32.8,28.2,0.0,0.9,45.0,1009.4,12.0,M,14.0,Sakhir,Sauber
18,LEC,19,0,14,14,0,39,32.8,28.1,0.0,1.1,45.1,1009.3,0.0,M,15.0,Sakhir,Sauber
19,LEC,20,0,16,14,0,38,32.7,28.3,0.0,1.0,44.6,1009.4,75.0,M,16.0,Sakhir,Sauber
20,LEC,21,0,16,14,0,37,32.7,28.3,0.0,0.6,44.6,1009.4,6.0,M,17.0,Sakhir,Sauber
21,LEC,22,0,15,14,0,38,32.4,28.2,0.0,0.9,45.0,1009.4,11.0,M,18.0,Sakhir,Sauber
22,LEC,23,0,15,14,0,40,32.4,28.3,0.0,0.7,44.9,1009.5,206.0,M,19.0,Sakhir,Sauber
23,LEC,24,0,14,14,0,41,32.4,28.3,0.0,1.1,44.7,1009.5,122.0,M,20.0,Sakhir,Sauber
24,LEC,25,0,14,14,0,42,32.2,28.0,0.0,1.7,45.8,1009.5,0.0,M,21.0,Sakhir,Sauber
25,LEC,26,0,15,14,0,42,32.2,28.1,0.0,0.9,46.4,1009.5,35.0,M,22.0,Sakhir,Sauber
26,LEC,27,0,14,14,0,42,32.2,28.2,0.0,1.4,46.2,1009.5,18.0,M,23.0,Sakhir,Sauber
27,LEC,28,0,15,14,0,42,32.2,28.2,0.0,1.4,46.2,1009.5,18.0,M,24.0,Sakhir,Sauber
28,LEC,29,0,14,14,0,43,32.2,28.1,0.0,0.8,46.6,1009.6,139.0,M,25.0,Sakhir,Sauber
29,LEC,30,0,14,14,0,44,32.2,28.1,0.0,0.8,46.4,1009.5,350.0,M,26.0,Sakhir,Sauber
30,LEC,31,0,14,14,0,44,32.0,28.0,0.0,0.7,46.6,1009.5,115.0,M,27.0,Sakhir,Sauber
31,LEC,32,0,14,14,0,44,32.0,28.1,0.0,0.9,46.4,1009.6,156.0,M,28.0,Sakhir,Sauber
32,LEC,33,0,15,14,0,44,32.0,28.1,0.0,0.9,46.7,1009.5,336.0,M,29.0,Sakhir,Sauber
33,LEC,34,0,15,14,0,43,31.8,27.9,0.0,0.8,47.2,1009.5,359.0,M,30.0,Sakhir,Sauber
34,LEC,35,0,18,14,0,43,31.8,27.9,0.0,1.0,46.8,1009.5,21.0,V,0.0,Sakhir,Sauber
35,LEC,36,0,16,14,0,44,31.9,27.9,0.0,0.6,46.4,1009.5,323.0,V,1.0,Sakhir,Sauber
36,LEC,37,0,16,14,0,45,31.8,27.9,0.0,1.3,46.7,1009.6,153.0,V,2.0,Sakhir,Sauber
37,LEC,38,0,16,14,0,45,31.8,28.1,0.0,1.3,46.8,1009.5,312.0,V,3.0,Sakhir,Sauber
38,LEC,39,0,16,14,0,46,31.9,28.1,0.0,1.3,46.9,1009.5,0.0,V,4.0,Sakhir,Sauber
39,LEC,40,0,16,14,0,46,31.8,28.0,0.0,0.9,47.4,1009.5,51.0,V,5.0,Sakhir,Sauber
40,LEC,41,0,15,14,0,47,31.7,28.1,0.0,0.8,47.7,1009.5,321.0,V,6.0,Sakhir,Sauber
41,LEC,42,0,15,14,0,47,31.7,27.9,0.0,0.4,48.3,1009.6,237.0,V,7.0,Sakhir,Sauber
42,LEC,43,0,15,14,0,48,31.4,27.7,0.0,0.9,52.2,1009.6,268.0,V,8.0,Sakhir,Sauber
43,LEC,44,0,15,14,0,48,31.1,27.6,0.0,1.1,52.5,1009.6,270.0,V,9.0,Sakhir,Sauber
44,LEC,45,0,15,14,0,49,31.1,27.6,0.0,1.1,52.5,1009.6,270.0,V,10.0,Sakhir,Sauber
45,LEC,46,0,14,14,0,49,31.1,27.6,0.0,1.4,52.8,1009.6,359.0,V,11.0,Sakhir,Sauber
46,LEC,47,0,14,14,0,49,31.1,27.6,0.0,1.4,52.8,1009.6,359.0,V,12.0,Sakhir,Sauber
47,LEC,48,0,14,14,0,50,31.1,27.5,0.0,0.7,52.9,1009.6,155.0,V,13.0,Sakhir,Sauber
48,LEC,49,0,14,14,0,50,31.2,27.5,0.0,0.5,52.2,1009.7,49.0,V,14.0,Sakhir,Sauber
49,LEC,50,0,14,14,0,49,31.2,27.5,0.0,0.9,52.3,1009.7,2.0,V,15.0,Sakhir,Sauber
50,LEC,51,0,14,14,0,49,31.3,27.5,0.0,0.7,52.1,1009.8,8.0,V,16.0,Sakhir,Sauber
51,LEC,52,0,14,14,0,49,31.3,27.5,0.0,0.7,52.1,1009.8,8.0,V,17.0,Sakhir,Sauber
52,LEC,53,0,14,14,0,49,31.3,27.5,0.0,0.6,51.9,1009.8,40.0,V,18.0,Sakhir,Sauber
53,LEC,54,0,14,14,0,50,31.4,27.6,0.0,0.7,51.6,1009.8,187.0,V,19.0,Sakhir,Sauber
54,LEC,55,0,14,14,0,50,31.3,27.6,0.0,0.5,51.2,1009.9,0.0,V,20.0,Sakhir,Sauber
55,LEC,56,0,14,14,0,50,31.5,27.7,0.0,0.5,50.6,1009.9,0.0,V,21.0,Sakhir,Sauber
0,STR,1,0,15,16,0,43,33.1,28.0,0.0,1.2,46.5,1009.3,276.0,S,0.0,Sakhir,Williams
1,STR,2,0,13,16,0,35,33.1,28.0,0.0,1.2,46.5,1009.3,276.0,S,1.0,Sakhir,Williams
2,STR,3,0,13,16,0,36,33.2,28.1,0.0,1.6,45.9,1009.3,355.0,S,2.0,Sakhir,Williams
3,STR,4,0,13,16,0,33,33.2,28.1,0.0,1.0,45.9,1009.2,9.0,S,3.0,Sakhir,Williams
4,STR,5,0,15,16,0,34,33.3,28.1,0.0,1.0,45.7,1009.3,299.0,S,4.0,Sakhir,Williams
5,STR,6,0,15,16,0,35,33.3,28.2,0.0,0.9,45.3,1009.3,162.0,S,5.0,Sakhir,Williams
6,STR,7,0,16,16,0,36,33.3,28.2,0.0,0.9,45.3,1009.3,162.0,S,6.0,Sakhir,Williams
7,STR,8,0,16,16,0,37,33.3,28.3,0.0,0.8,44.7,1009.2,28.0,S,7.0,Sakhir,Williams
8,STR,9,0,16,16,0,37,33.0,28.2,0.0,1.1,44.9,1009.3,38.0,S,8.0,Sakhir,Williams
9,STR,10,0,16,16,0,38,32.9,28.2,0.0,1.3,45.0,1009.4,10.0,S,9.0,Sakhir,Williams
10,STR,11,0,18,16,0,39,33.1,28.2,0.0,1.3,44.9,1009.3,322.0,V,0.0,Sakhir,Williams
11,STR,12,0,18,16,0,,32.8,28.1,0.0,1.3,45.0,1009.3,50.0,V,1.0,Sakhir,Williams
12,STR,13,0,18,16,0,40,32.8,28.1,0.0,0.7,44.6,1009.4,185.0,V,2.0,Sakhir,Williams
13,STR,14,0,18,16,0,40,32.7,28.2,0.0,1.6,44.7,1009.4,5.0,V,3.0,Sakhir,Williams
14,STR,15,0,18,16,0,41,32.8,28.2,0.0,1.0,44.8,1009.4,325.0,V,4.0,Sakhir,Williams
15,STR,16,0,18,16,0,57,32.8,28.2,0.0,1.0,44.8,1009.4,325.0,V,5.0,Sakhir,Williams
16,STR,17,0,18,16,0,57,32.8,28.2,0.0,0.9,44.8,1009.3,330.0,V,6.0,Sakhir,Williams
17,STR,18,0,18,16,0,56,32.8,28.1,0.0,1.1,45.1,1009.3,0.0,V,7.0,Sakhir,Williams
18,STR,19,0,18,16,0,54,32.6,28.2,0.0,0.7,45.0,1009.4,170.0,V,8.0,Sakhir,Williams
19,STR,20,0,18,16,0,53,32.6,28.2,0.0,0.7,45.0,1009.4,170.0,V,9.0,Sakhir,Williams
20,STR,21,0,17,16,0,53,32.7,28.3,0.0,1.0,44.6,1009.4,75.0,V,10.0,Sakhir,Williams
21,STR,22,0,18,16,0,51,32.5,28.3,0.0,1.7,44.5,1009.5,330.0,V,11.0,Sakhir,Williams
22,STR,23,0,17,16,0,50,32.2,28.0,0.0,1.7,45.8,1009.5,0.0,V,12.0,Sakhir,Williams
23,STR,24,0,17,16,0,51,32.2,28.1,0.0,1.2,46.2,1009.4,9.0,V,13.0,Sakhir,Williams
24,STR,25,0,17,16,0,51,32.2,28.2,0.0,1.4,46.2,1009.5,18.0,V,14.0,Sakhir,Williams
25,STR,26,0,17,16,0,51,32.2,28.1,0.0,0.8,46.4,1009.5,350.0,V,15.0,Sakhir,Williams
26,STR,27,0,16,16,0,51,32.0,28.1,0.0,0.9,46.4,1009.6,156.0,V,16.0,Sakhir,Williams
27,STR,28,0,17,16,0,50,32.0,28.1,0.0,0.9,46.7,1009.5,336.0,V,17.0,Sakhir,Williams
28,STR,29,0,17,16,0,50,32.0,28.1,0.0,0.9,46.7,1009.5,336.0,V,18.0,Sakhir,Williams
29,STR,30,0,18,16,0,50,31.9,28.0,0.0,0.5,47.1,1009.5,12.0,V,19.0,Sakhir,Williams
30,STR,31,0,18,16,0,49,31.9,28.0,0.0,1.0,47.3,1009.5,9.0,M,0.0,Sakhir,Williams
31,STR,32,0,18,16,0,50,31.9,27.9,0.0,0.6,46.4,1009.5,323.0,M,1.0,Sakhir,Williams
32,STR,33,0,18,16,0,50,31.9,27.9,0.0,0.6,46.4,1009.5,323.0,M,2.0,Sakhir,Williams
33,STR,34,0,18,16,0,51,31.8,28.0,0.0,0.9,47.4,1009.5,51.0,M,3.0,Sakhir,Williams
34,STR,35,0,17,16,0,53,31.7,28.1,0.0,0.8,47.7,1009.5,321.0,M,4.0,Sakhir,Williams
35,STR,36,0,17,16,0,53,31.7,28.1,0.0,0.8,47.7,1009.5,321.0,M,5.0,Sakhir,Williams
36,STR,37,0,17,16,0,53,31.7,27.9,0.0,0.4,48.3,1009.6,237.0,M,6.0,Sakhir,Williams
37,STR,38,0,17,16,0,53,31.9,28.0,0.0,0.0,49.9,1009.5,186.0,M,7.0,Sakhir,Williams
38,STR,39,0,17,16,0,53,31.9,28.0,0.0,0.0,49.9,1009.5,186.0,M,8.0,Sakhir,Williams
39,STR,40,0,17,16,0,53,31.4,27.9,0.0,0.8,50.8,1009.7,264.0,M,9.0,Sakhir,Williams
40,STR,41,0,16,16,0,53,31.1,27.6,0.0,1.1,52.5,1009.6,270.0,M,10.0,Sakhir,Williams
41,STR,42,0,16,16,0,53,31.1,27.6,0.0,1.1,52.5,1009.6,270.0,M,11.0,Sakhir,Williams
42,STR,43,0,16,16,0,53,31.1,27.6,0.0,1.4,52.8,1009.6,359.0,M,12.0,Sakhir,Williams
43,STR,44,0,16,16,0,53,31.1,27.6,0.0,1.4,52.8,1009.6,359.0,M,13.0,Sakhir,Williams
44,STR,45,0,16,16,0,54,31.1,27.5,0.0,0.7,52.9,1009.6,155.0,M,14.0,Sakhir,Williams
45,STR,46,0,16,16,0,54,31.1,27.5,0.0,0.8,52.7,1009.6,178.0,M,15.0,Sakhir,Williams
46,STR,47,0,16,16,0,53,31.2,27.5,0.0,0.5,52.2,1009.7,49.0,M,16.0,Sakhir,Williams
47,STR,48,0,16,16,0,54,31.2,27.5,0.0,0.9,52.3,1009.7,2.0,M,17.0,Sakhir,Williams
48,STR,49,0,16,16,0,53,31.3,27.5,0.0,0.4,52.1,1009.7,358.0,M,18.0,Sakhir,Williams
49,STR,50,0,16,16,0,53,31.3,27.5,0.0,0.7,52.1,1009.8,8.0,M,19.0,Sakhir,Williams
50,STR,51,0,16,16,0,53,31.3,27.5,0.0,0.6,51.9,1009.8,40.0,M,20.0,Sakhir,Williams
51,STR,52,0,16,16,0,53,31.4,27.6,0.0,0.7,51.6,1009.8,187.0,M,21.0,Sakhir,Williams
52,STR,53,0,16,16,0,53,31.4,27.6,0.0,0.7,51.6,1009.8,187.0,M,22.0,Sakhir,Williams
53,STR,54,0,16,16,0,53,31.3,27.6,0.0,0.5,51.2,1009.9,0.0,M,23.0,Sakhir,Williams
54,STR,55,0,16,16,0,52,31.5,27.6,0.0,0.9,50.2,1010.0,352.0,M,24.0,Sakhir,Williams
55,STR,56,0,16,16,0,52,31.1,27.6,0.0,1.0,50.4,1010.0,74.0,M,25.0,Sakhir,Williams
