,idGP,driver,lap,trackStatus,position,targetPosition,grid,out,performance,trackTemp,airTemp,raining,windSpeed,humidity,pressure,windDir,tyre,tyreLap,track,team
0,15,BOT,1,1,1,1,1,0,62,29.8,25.2,0.0,1.0,54.0,1016.7,164.0,M,3,Sochi,Mercedes
1,15,BOT,2,0,1,1,1,0,69,29.8,25.1,0.0,1.9,56.2,1016.7,153.0,M,4,Sochi,Mercedes
2,15,BOT,3,0,1,1,1,0,72,29.1,25.0,0.0,1.8,55.6,1016.7,3.0,M,5,Sochi,Mercedes
3,15,BOT,4,1,1,1,1,0,72,29.4,25.2,0.0,1.6,57.4,1016.6,33.0,M,6,Sochi,Mercedes
4,15,BOT,5,0,1,1,1,0,72,29.4,25.4,0.0,1.9,56.7,1016.6,156.0,M,7,Sochi,Mercedes
5,15,BOT,6,0,1,1,1,0,74,29.1,25.5,0.0,1.2,56.2,1016.6,146.0,M,8,Sochi,Mercedes
6,15,BOT,7,0,1,1,1,0,75,30.6,25.6,0.0,1.4,54.2,1016.6,133.0,M,9,Sochi,Mercedes
7,15,BOT,8,0,1,1,1,0,75,31.0,25.7,0.0,1.7,53.6,1016.5,166.0,M,10,Sochi,Mercedes
8,15,BOT,9,0,1,1,1,0,75,31.1,25.7,0.0,1.4,53.6,1016.5,37.0,M,11,Sochi,Mercedes
9,15,BOT,10,0,1,1,1,0,75,31.0,25.8,0.0,2.6,59.4,1016.5,158.0,M,12,Sochi,Mercedes
10,15,BOT,11,0,1,1,1,0,76,30.9,25.6,0.0,2.5,62.1,1016.6,165.0,M,13,Sochi,Mercedes
11,15,BOT,12,0,1,3,1,0,77,31.0,25.5,0.0,3.1,62.9,1016.5,179.0,M,14,Sochi,Mercedes
12,15,BOT,13,0,3,5,1,0,77,31.0,25.4,0.0,3.5,63.0,1016.5,176.0,H,0,Sochi,Mercedes
13,15,BOT,14,0,5,4,1,0,77,30.8,25.2,0.0,2.7,63.5,1016.6,184.0,H,1,Sochi,Mercedes
14,15,BOT,15,0,4,3,1,0,76,31.1,25.3,0.0,2.7,63.1,1016.6,161.0,H,2,Sochi,Mercedes
15,15,BOT,16,0,3,3,1,0,76,30.7,25.4,0.0,2.4,63.0,1016.5,176.0,H,3,Sochi,Mercedes
16,15,BOT,17,0,3,3,1,0,75,30.5,24.9,0.0,3.6,64.6,1016.5,161.0,H,4,Sochi,Mercedes
17,15,BOT,18,0,3,3,1,0,75,31.1,24.6,0.0,3.7,65.1,1016.4,123.0,H,5,Sochi,Mercedes
18,15,BOT,19,0,3,2,1,0,75,31.1,24.6,0.0,3.0,65.3,1016.4,164.0,H,6,Sochi,Mercedes
19,15,BOT,20,0,2,2,1,0,75,31.6,24.7,0.0,3.4,64.7,1016.4,169.0,H,7,Sochi,Mercedes
20,15,BOT,21,0,2,2,1,0,75,31.9,24.7,0.0,2.7,64.9,1016.5,133.0,H,8,Sochi,Mercedes
21,15,BOT,22,0,2,2,1,0,75,32.3,24.9,0.0,3.2,64.3,1016.5,177.0,H,9,Sochi,Mercedes
22,15,BOT,23,0,2,2,1,0,75,32.3,24.9,0.0,3.4,64.0,1016.5,165.0,H,10,Sochi,Mercedes
23,15,BOT,24,0,2,2,1,0,75,31.9,24.9,0.0,3.3,64.8,1016.5,167.0,H,11,Sochi,Mercedes
24,15,BOT,25,0,2,3,1,0,75,31.7,24.9,0.0,3.2,65.1,1016.4,138.0,H,12,Sochi,Mercedes
25,15,BOT,26,0,3,3,1,0,75,31.8,24.7,0.0,3.4,65.6,1016.5,152.0,H,13,Sochi,Mercedes
26,15,BOT,27,0,3,3,1,0,76,31.8,24.6,0.0,2.6,65.5,1016.5,167.0,H,14,Sochi,Mercedes
27,15,BOT,28,0,3,3,1,0,76,31.9,24.6,0.0,2.0,65.2,1016.5,164.0,H,15,Sochi,Mercedes
28,15,BOT,29,0,3,3,1,0,76,31.6,24.6,0.0,2.7,64.9,1016.6,162.0,H,16,Sochi,Mercedes
29,15,BOT,30,0,3,3,1,0,76,31.3,24.5,0.0,2.4,65.0,1016.5,174.0,H,17,Sochi,Mercedes
30,15,BOT,31,0,3,3,1,0,76,30.8,24.5,0.0,1.7,65.2,1016.6,155.0,H,18,Sochi,Mercedes
31,15,BOT,32,0,3,3,1,0,76,30.6,24.4,0.0,2.3,65.3,1016.5,141.0,H,19,Sochi,Mercedes
32,15,BOT,33,0,3,3,1,0,76,30.2,24.1,0.0,2.8,66.2,1016.5,143.0,H,20,Sochi,Mercedes
33,15,BOT,34,0,3,3,1,0,76,30.5,24.3,0.0,1.4,65.6,1016.4,151.0,H,21,Sochi,Mercedes
34,15,BOT,35,0,3,3,1,0,76,30.9,24.4,0.0,2.0,65.1,1016.5,134.0,H,22,Sochi,Mercedes
35,15,BOT,36,0,3,3,1,0,76,30.9,24.6,0.0,1.7,64.3,1016.5,120.0,H,23,Sochi,Mercedes
36,15,BOT,37,0,3,3,1,0,76,30.5,24.7,0.0,1.4,63.7,1016.4,165.0,H,24,Sochi,Mercedes
37,15,BOT,38,0,3,3,1,0,76,29.5,24.2,0.0,2.4,65.5,1016.4,167.0,H,25,Sochi,Mercedes
38,15,BOT,39,0,3,3,1,0,76,29.5,24.1,0.0,2.5,66.1,1016.5,89.0,H,26,Sochi,Mercedes
39,15,BOT,40,0,3,3,1,0,76,29.4,24.1,0.0,1.8,65.5,1016.6,0.0,H,27,Sochi,Mercedes
40,15,BOT,41,0,3,3,1,0,76,29.3,24.4,0.0,2.0,65.7,1016.6,95.0,H,28,Sochi,Mercedes
41,15,BOT,42,0,3,3,1,0,76,29.0,24.3,0.0,2.2,65.5,1016.6,21.0,H,29,Sochi,Mercedes
42,15,BOT,43,0,3,2,1,0,77,29.0,24.3,0.0,1.9,65.5,1016.5,25.0,H,30,Sochi,Mercedes
43,15,BOT,44,0,2,2,1,0,77,29.0,24.3,0.0,1.8,65.6,1016.6,40.0,H,31,Sochi,Mercedes
44,15,BOT,45,0,2,2,1,0,77,29.1,24.4,0.0,2.1,65.5,1016.7,14.0,H,32,Sochi,Mercedes
45,15,BOT,46,0,2,2,1,0,77,28.9,24.3,0.0,1.7,65.2,1016.7,11.0,H,33,Sochi,Mercedes
46,15,BOT,47,0,2,2,1,0,77,28.9,24.3,0.0,1.5,65.4,1016.7,30.0,H,34,Sochi,Mercedes
47,15,BOT,48,0,2,2,1,0,77,29.1,24.5,0.0,1.5,65.9,1016.6,50.0,H,35,Sochi,Mercedes
48,15,BOT,49,0,2,2,1,0,77,28.8,24.6,0.0,1.3,66.2,1016.6,47.0,H,36,Sochi,Mercedes
49,15,BOT,50,0,2,2,1,0,77,28.6,24.4,0.0,0.8,67.2,1016.7,119.0,H,37,Sochi,Mercedes
50,15,BOT,51,0,2,2,1,0,77,28.3,24.3,0.0,0.6,67.5,1016.7,60.0,H,38,Sochi,Mercedes
51,15,BOT,52,0,2,2,1,0,77,28.6,24.5,0.0,1.7,67.1,1016.7,130.0,H,39,Sochi,Mercedes
52,15,BOT,53,0,2,2,1,0,77,28.7,24.5,0.0,1.1,66.8,1016.7,21.0,H,40,Sochi,Mercedes
0,15,HAM,1,1,2,2,2,0,49,29.8,25.2,0.0,1.0,54.0,1016.7,164.0,M,3,Sochi,Mercedes
1,15,HAM,2,0,2,2,2,0,52,29.8,25.1,0.0,1.9,56.2,1016.7,153.0,M,4,Sochi,Mercedes
2,15,HAM,3,0,2,2,2,0,56,29.1,25.0,0.0,1.8,55.6,1016.7,3.0,M,5,Sochi,Mercedes
3,15,HAM,4,1,2,2,2,0,56,29.1,25.1,0.0,1.0,56.9,1016.6,170.0,M,6,Sochi,Mercedes
4,15,HAM,5,0,2,2,2,0,57,29.4,25.4,0.0,1.9,56.7,1016.6,156.0,M,7,Sochi,Mercedes
5,15,HAM,6,0,2,2,2,0,60,29.0,25.3,0.0,1.0,56.6,1016.5,74.0,M,8,Sochi,Mercedes
6,15,HAM,7,0,2,2,2,0,61,30.1,25.6,0.0,1.0,55.6,1016.4,49.0,M,9,Sochi,Mercedes
7,15,HAM,8,0,2,2,2,0,61,30.6,25.6,0.0,1.4,54.2,1016.6,133.0,M,10,Sochi,Mercedes
8,15,HAM,9,0,2,2,2,0,62,30.7,25.6,0.0,2.0,53.9,1016.5,80.0,M,11,Sochi,Mercedes
9,15,HAM,10,0,2,2,2,0,62,31.1,25.7,0.0,1.4,53.6,1016.5,37.0,M,12,Sochi,Mercedes
10,15,HAM,11,0,2,2,2,0,62,31.5,26.0,0.0,1.9,54.3,1016.5,122.0,M,13,Sochi,Mercedes
11,15,HAM,12,0,2,1,2,0,62,31.0,25.8,0.0,2.6,59.4,1016.5,158.0,M,14,Sochi,Mercedes
12,15,HAM,13,0,1,1,2,0,63,30.8,25.2,0.0,2.7,63.5,1016.6,184.0,M,15,Sochi,Mercedes
13,15,HAM,14,0,1,1,2,0,64,31.1,25.3,0.0,2.7,63.1,1016.6,161.0,M,16,Sochi,Mercedes
14,15,HAM,15,0,1,5,2,0,64,30.7,25.4,0.0,2.4,63.0,1016.5,176.0,H,0,Sochi,Mercedes
15,15,HAM,16,0,5,4,2,0,64,30.5,25.1,0.0,3.6,63.6,1016.5,175.0,H,1,Sochi,Mercedes
16,15,HAM,17,0,4,4,2,0,64,30.5,24.9,0.0,3.6,64.6,1016.5,161.0,H,2,Sochi,Mercedes
17,15,HAM,18,0,4,4,2,0,64,31.1,25.0,0.0,3.5,64.0,1016.4,179.0,H,3,Sochi,Mercedes
18,15,HAM,19,0,4,3,2,0,64,31.2,24.9,0.0,4.5,64.3,1016.4,161.0,H,4,Sochi,Mercedes
19,15,HAM,20,0,3,3,2,0,64,31.1,24.7,0.0,4.7,64.8,1016.5,148.0,H,5,Sochi,Mercedes
20,15,HAM,21,0,3,3,2,0,65,31.1,24.6,0.0,3.7,65.1,1016.4,123.0,H,6,Sochi,Mercedes
21,15,HAM,22,0,3,3,2,0,65,31.1,24.6,0.0,3.0,65.3,1016.4,164.0,H,7,Sochi,Mercedes
22,15,HAM,23,0,3,3,2,0,65,31.7,24.8,0.0,3.5,64.8,1016.4,163.0,H,8,Sochi,Mercedes
23,15,HAM,24,0,3,3,2,0,65,31.9,24.7,0.0,2.7,64.9,1016.5,133.0,H,9,Sochi,Mercedes
24,15,HAM,25,0,3,2,2,0,65,32.3,24.9,0.0,3.2,64.3,1016.5,177.0,H,10,Sochi,Mercedes
25,15,HAM,26,0,2,2,2,0,65,32.3,24.9,0.0,3.4,64.0,1016.5,165.0,H,11,Sochi,Mercedes
26,15,HAM,27,0,2,2,2,0,65,31.9,24.9,0.0,3.3,64.8,1016.5,167.0,H,12,Sochi,Mercedes
27,15,HAM,28,0,2,2,2,0,65,31.7,24.9,0.0,3.2,65.1,1016.4,138.0,H,13,Sochi,Mercedes
28,15,HAM,29,0,2,2,2,0,65,31.8,24.6,0.0,2.6,65.5,1016.5,167.0,H,14,Sochi,Mercedes
29,15,HAM,30,0,2,2,2,0,65,31.6,24.6,0.0,2.7,64.9,1016.6,162.0,H,15,Sochi,Mercedes
30,15,HAM,31,0,2,2,2,0,65,31.3,24.5,0.0,2.4,65.0,1016.5,174.0,H,16,Sochi,Mercedes
31,15,HAM,32,0,2,2,2,0,65,30.8,24.5,0.0,1.7,65.2,1016.6,155.0,H,17,Sochi,Mercedes
32,15,HAM,33,0,2,2,2,0,65,30.6,24.4,0.0,2.3,65.3,1016.5,141.0,H,18,Sochi,Mercedes
33,15,HAM,34,0,2,2,2,0,65,30.4,24.4,0.0,2.3,65.4,1016.5,135.0,H,19,Sochi,Mercedes
34,15,HAM,35,0,2,2,2,0,65,30.2,24.1,0.0,2.8,66.2,1016.5,143.0,H,20,Sochi,Mercedes
35,15,HAM,36,0,2,2,2,0,65,30.2,24.1,0.0,2.8,66.4,1016.5,149.0,H,21,Sochi,Mercedes
36,15,HAM,37,0,2,2,2,0,65,30.2,24.1,0.0,1.8,66.8,1016.5,105.0,H,22,Sochi,Mercedes
37,15,HAM,38,0,2,2,2,0,65,30.5,24.3,0.0,1.4,65.6,1016.4,151.0,H,23,Sochi,Mercedes
38,15,HAM,39,0,2,2,2,0,65,30.9,24.6,0.0,1.7,64.3,1016.5,120.0,H,24,Sochi,Mercedes
39,15,HAM,40,0,2,2,2,0,65,29.8,24.4,0.0,2.9,64.6,1016.4,125.0,H,25,Sochi,Mercedes
40,15,HAM,41,0,2,2,2,0,66,29.5,24.2,0.0,2.4,65.5,1016.4,167.0,H,26,Sochi,Mercedes
41,15,HAM,42,0,2,2,2,0,66,29.4,24.1,0.0,1.8,65.5,1016.6,0.0,H,27,Sochi,Mercedes
42,15,HAM,43,0,2,1,2,0,65,29.0,24.3,0.0,2.2,65.5,1016.6,21.0,H,28,Sochi,Mercedes
43,15,HAM,44,0,1,1,2,0,65,29.0,24.3,0.0,1.9,65.5,1016.5,25.0,H,29,Sochi,Mercedes
44,15,HAM,45,0,1,1,2,0,66,29.1,24.4,0.0,2.1,65.5,1016.7,14.0,H,30,Sochi,Mercedes
45,15,HAM,46,0,1,1,2,0,66,28.9,24.3,0.0,1.7,65.2,1016.7,11.0,H,31,Sochi,Mercedes
46,15,HAM,47,0,1,1,2,0,66,28.8,24.3,0.0,1.1,65.9,1016.7,30.0,H,32,Sochi,Mercedes
47,15,HAM,48,0,1,1,2,0,66,29.1,24.5,0.0,1.5,65.9,1016.6,50.0,H,33,Sochi,Mercedes
48,15,HAM,49,0,1,1,2,0,66,29.0,24.6,0.0,1.1,66.1,1016.6,5.0,H,34,Sochi,Mercedes
49,15,HAM,50,0,1,1,2,0,66,28.8,24.6,0.0,1.3,66.2,1016.6,47.0,H,35,Sochi,Mercedes
50,15,HAM,51,0,1,1,2,0,66,28.6,24.4,0.0,0.8,67.2,1016.7,119.0,H,36,Sochi,Mercedes
51,15,HAM,52,0,1,1,2,0,66,28.6,24.5,0.0,1.7,67.1,1016.7,130.0,H,37,Sochi,Mercedes
52,15,HAM,53,0,1,1,2,0,66,28.7,24.5,0.0,1.1,66.8,1016.7,21.0,H,38,Sochi,Mercedes
0,15,VET,1,1,3,3,3,0,56,29.8,25.2,0.0,1.0,54.0,1016.7,164.0,M,3,Sochi,Ferrari
1,15,VET,2,0,3,3,3,0,63,29.8,25.1,0.0,1.9,56.2,1016.7,153.0,M,4,Sochi,Ferrari
2,15,VET,3,0,3,3,3,0,64,29.0,25.0,0.0,1.4,54.9,1016.7,173.0,M,5,Sochi,Ferrari
3,15,VET,4,1,3,3,3,0,66,29.0,25.3,0.0,1.0,56.6,1016.5,74.0,M,6,Sochi,Ferrari
4,15,VET,5,0,3,3,3,0,66,29.1,25.5,0.0,1.2,56.2,1016.6,146.0,M,7,Sochi,Ferrari
5,15,VET,6,0,3,3,3,0,66,30.1,25.6,0.0,1.0,55.6,1016.4,49.0,M,8,Sochi,Ferrari
6,15,VET,7,0,3,3,3,0,65,30.7,25.6,0.0,2.0,53.9,1016.5,80.0,M,9,Sochi,Ferrari
7,15,VET,8,0,3,3,3,0,65,31.5,26.0,0.0,1.9,54.3,1016.5,122.0,M,10,Sochi,Ferrari
8,15,VET,9,0,3,3,3,0,65,31.3,26.0,0.0,1.6,57.0,1016.5,161.0,M,11,Sochi,Ferrari
9,15,VET,10,0,3,3,3,0,65,31.0,25.8,0.0,2.6,59.4,1016.5,158.0,M,12,Sochi,Ferrari
10,15,VET,11,0,3,3,3,0,65,31.0,25.4,0.0,3.5,63.0,1016.5,176.0,M,13,Sochi,Ferrari
11,15,VET,12,0,3,2,3,0,64,30.8,25.2,0.0,2.7,63.5,1016.6,184.0,M,14,Sochi,Ferrari
12,15,VET,13,0,2,2,3,0,64,31.1,25.3,0.0,2.7,63.1,1016.6,161.0,M,15,Sochi,Ferrari
13,15,VET,14,0,2,5,3,0,64,31.1,25.3,0.0,2.7,63.1,1016.6,161.0,H,0,Sochi,Ferrari
14,15,VET,15,0,5,4,3,0,64,30.7,25.4,0.0,2.4,63.0,1016.5,176.0,H,1,Sochi,Ferrari
15,15,VET,16,0,4,5,3,0,63,30.5,24.9,0.0,3.6,64.6,1016.5,161.0,H,2,Sochi,Ferrari
16,15,VET,17,0,5,5,3,0,63,31.1,25.0,0.0,3.5,64.0,1016.4,179.0,H,3,Sochi,Ferrari
17,15,VET,18,0,5,5,3,0,63,31.1,24.7,0.0,4.7,64.8,1016.5,148.0,H,4,Sochi,Ferrari
18,15,VET,19,0,5,4,3,0,63,31.2,24.6,0.0,3.8,65.5,1016.5,162.0,H,5,Sochi,Ferrari
19,15,VET,20,0,4,4,3,0,63,31.1,24.6,0.0,3.7,65.1,1016.4,123.0,H,6,Sochi,Ferrari
20,15,VET,21,0,4,4,3,0,63,31.1,24.6,0.0,3.0,65.3,1016.4,164.0,H,7,Sochi,Ferrari
21,15,VET,22,0,4,4,3,0,63,31.6,24.7,0.0,3.4,64.7,1016.4,169.0,H,8,Sochi,Ferrari
22,15,VET,23,0,4,4,3,0,63,31.7,24.8,0.0,3.5,64.8,1016.4,163.0,H,9,Sochi,Ferrari
23,15,VET,24,0,4,4,3,0,63,32.3,24.9,0.0,3.4,64.0,1016.5,165.0,H,10,Sochi,Ferrari
24,15,VET,25,0,4,4,3,0,62,32.3,24.9,0.0,3.4,64.0,1016.5,165.0,H,11,Sochi,Ferrari
25,15,VET,26,0,4,4,3,0,62,31.9,24.9,0.0,3.3,64.8,1016.5,167.0,H,12,Sochi,Ferrari
26,15,VET,27,0,4,4,3,0,63,31.7,24.9,0.0,3.2,65.1,1016.4,138.0,H,13,Sochi,Ferrari
27,15,VET,28,0,4,4,3,0,63,31.8,24.7,0.0,3.4,65.6,1016.5,152.0,H,14,Sochi,Ferrari
28,15,VET,29,0,4,4,3,0,63,31.8,24.6,0.0,2.6,65.5,1016.5,167.0,H,15,Sochi,Ferrari
29,15,VET,30,0,4,4,3,0,63,31.6,24.6,0.0,2.7,64.9,1016.6,162.0,H,16,Sochi,Ferrari
30,15,VET,31,0,4,4,3,0,63,30.9,24.5,0.0,2.2,65.3,1016.6,160.0,H,17,Sochi,Ferrari
31,15,VET,32,0,4,4,3,0,63,30.6,24.4,0.0,2.3,65.3,1016.5,141.0,H,18,Sochi,Ferrari
32,15,VET,33,0,4,4,3,0,63,30.4,24.4,0.0,2.3,65.4,1016.5,135.0,H,19,Sochi,Ferrari
33,15,VET,34,0,4,4,3,0,63,30.4,24.4,0.0,2.3,65.4,1016.5,135.0,H,20,Sochi,Ferrari
34,15,VET,35,0,4,4,3,0,63,30.2,24.1,0.0,2.8,66.2,1016.5,143.0,H,21,Sochi,Ferrari
35,15,VET,36,0,4,4,3,0,63,30.2,24.1,0.0,2.8,66.4,1016.5,149.0,H,22,Sochi,Ferrari
36,15,VET,37,0,4,4,3,0,63,30.2,24.1,0.0,1.8,66.8,1016.5,105.0,H,23,Sochi,Ferrari
37,15,VET,38,0,4,4,3,0,63,30.5,24.3,0.0,1.4,65.6,1016.4,151.0,H,24,Sochi,Ferrari
38,15,VET,39,0,4,4,3,0,63,30.9,24.4,0.0,2.0,65.1,1016.5,134.0,H,25,Sochi,Ferrari
39,15,VET,40,0,4,4,3,0,63,30.9,24.6,0.0,1.7,64.3,1016.5,120.0,H,26,Sochi,Ferrari
40,15,VET,41,0,4,4,3,0,63,29.5,24.2,0.0,1.7,65.1,1016.6,141.0,H,27,Sochi,Ferrari
41,15,VET,42,0,4,4,3,0,63,29.4,24.1,0.0,1.8,65.5,1016.6,0.0,H,28,Sochi,Ferrari
42,15,VET,43,0,4,3,3,0,63,29.4,24.3,0.0,0.8,65.0,1016.6,70.0,H,29,Sochi,Ferrari
43,15,VET,44,0,3,3,3,0,63,29.4,24.4,0.0,0.9,65.2,1016.5,164.0,H,30,Sochi,Ferrari
44,15,VET,45,0,3,3,3,0,63,29.3,24.4,0.0,1.7,65.5,1016.7,96.0,H,31,Sochi,Ferrari
45,15,VET,46,0,3,3,3,0,63,29.0,24.3,0.0,2.2,65.5,1016.6,21.0,H,32,Sochi,Ferrari
46,15,VET,47,0,3,3,3,0,63,29.0,24.3,0.0,1.9,65.5,1016.5,25.0,H,33,Sochi,Ferrari
47,15,VET,48,0,3,3,3,0,63,29.0,24.3,0.0,1.8,65.6,1016.6,40.0,H,34,Sochi,Ferrari
48,15,VET,49,0,3,3,3,0,63,28.9,24.3,0.0,1.7,65.2,1016.7,11.0,H,35,Sochi,Ferrari
49,15,VET,50,0,3,3,3,0,63,29.0,24.5,0.0,1.7,65.8,1016.7,32.0,H,36,Sochi,Ferrari
50,15,VET,51,0,3,3,3,0,63,29.1,24.5,0.0,1.5,65.9,1016.6,50.0,H,37,Sochi,Ferrari
51,15,VET,52,0,3,3,3,0,63,29.0,24.6,0.0,1.1,66.1,1016.6,5.0,H,38,Sochi,Ferrari
52,15,VET,53,0,3,3,3,0,63,28.8,24.6,0.0,1.3,66.1,1016.7,178.0,H,39,Sochi,Ferrari
0,15,RAI,1,1,4,4,4,0,46,29.8,25.2,0.0,1.0,54.0,1016.7,164.0,M,3,Sochi,Ferrari
1,15,RAI,2,0,4,4,4,0,51,29.8,25.1,0.0,1.9,56.2,1016.7,153.0,M,4,Sochi,Ferrari
2,15,RAI,3,0,4,4,4,0,52,29.1,25.0,0.0,1.8,55.6,1016.7,3.0,M,5,Sochi,Ferrari
3,15,RAI,4,1,4,4,4,0,53,29.1,25.1,0.0,1.0,56.9,1016.6,170.0,M,6,Sochi,Ferrari
4,15,RAI,5,0,4,4,4,0,56,29.4,25.2,0.0,1.6,57.4,1016.6,33.0,M,7,Sochi,Ferrari
5,15,RAI,6,0,4,4,4,0,58,29.0,25.3,0.0,1.0,56.6,1016.5,74.0,M,8,Sochi,Ferrari
6,15,RAI,7,0,4,4,4,0,61,30.6,25.6,0.0,1.4,54.2,1016.6,133.0,M,9,Sochi,Ferrari
7,15,RAI,8,0,4,4,4,0,62,30.7,25.6,0.0,2.0,53.9,1016.5,80.0,M,10,Sochi,Ferrari
8,15,RAI,9,0,4,4,4,0,62,31.0,25.7,0.0,1.7,53.6,1016.5,166.0,M,11,Sochi,Ferrari
9,15,RAI,10,0,4,4,4,0,63,31.1,25.7,0.0,1.4,53.6,1016.5,37.0,M,12,Sochi,Ferrari
10,15,RAI,11,0,4,4,4,0,64,31.5,25.9,0.0,0.7,55.2,1016.5,166.0,M,13,Sochi,Ferrari
11,15,RAI,12,0,4,4,4,0,66,31.5,26.0,0.0,1.9,54.3,1016.5,122.0,M,14,Sochi,Ferrari
12,15,RAI,13,0,4,3,4,0,67,31.3,26.0,0.0,1.6,57.0,1016.5,161.0,M,15,Sochi,Ferrari
13,15,RAI,14,0,3,2,4,0,67,30.9,25.6,0.0,2.5,62.1,1016.6,165.0,M,16,Sochi,Ferrari
14,15,RAI,15,0,2,1,4,0,68,31.1,25.3,0.0,2.7,63.1,1016.6,161.0,M,17,Sochi,Ferrari
15,15,RAI,16,0,1,1,4,0,68,31.1,25.3,0.0,2.7,63.1,1016.6,161.0,M,18,Sochi,Ferrari
16,15,RAI,17,0,1,1,4,0,69,30.5,25.1,0.0,3.6,63.6,1016.5,175.0,M,19,Sochi,Ferrari
17,15,RAI,18,0,1,1,4,0,69,31.1,25.0,0.0,3.5,64.0,1016.4,179.0,M,20,Sochi,Ferrari
18,15,RAI,19,0,1,5,4,0,69,31.2,24.9,0.0,4.5,64.3,1016.4,161.0,H,0,Sochi,Ferrari
19,15,RAI,20,0,5,5,4,0,69,31.1,24.7,0.0,4.7,64.8,1016.5,148.0,H,1,Sochi,Ferrari
20,15,RAI,21,0,5,5,4,0,69,31.1,24.6,0.0,3.7,65.1,1016.4,123.0,H,2,Sochi,Ferrari
21,15,RAI,22,0,5,5,4,0,69,31.6,24.7,0.0,3.4,64.7,1016.4,169.0,H,3,Sochi,Ferrari
22,15,RAI,23,0,5,5,4,0,69,31.7,24.8,0.0,3.5,64.8,1016.4,163.0,H,4,Sochi,Ferrari
23,15,RAI,24,0,5,5,4,0,68,31.9,24.7,0.0,2.7,64.9,1016.5,133.0,H,5,Sochi,Ferrari
24,15,RAI,25,0,5,5,4,0,68,31.9,24.7,0.0,2.7,64.9,1016.5,133.0,H,6,Sochi,Ferrari
25,15,RAI,26,0,5,5,4,0,68,32.3,24.9,0.0,3.2,64.3,1016.5,177.0,H,7,Sochi,Ferrari
26,15,RAI,27,0,5,5,4,0,68,32.3,24.9,0.0,3.4,64.0,1016.5,165.0,H,8,Sochi,Ferrari
27,15,RAI,28,0,5,5,4,0,68,31.9,24.9,0.0,3.3,64.8,1016.5,167.0,H,9,Sochi,Ferrari
28,15,RAI,29,0,5,5,4,0,68,31.7,24.9,0.0,3.2,65.1,1016.4,138.0,H,10,Sochi,Ferrari
29,15,RAI,30,0,5,5,4,0,68,31.8,24.6,0.0,2.6,65.5,1016.5,167.0,H,11,Sochi,Ferrari
30,15,RAI,31,0,5,5,4,0,67,31.9,24.6,0.0,2.0,65.2,1016.5,164.0,H,12,Sochi,Ferrari
31,15,RAI,32,0,5,5,4,0,67,31.3,24.5,0.0,2.4,65.0,1016.5,174.0,H,13,Sochi,Ferrari
32,15,RAI,33,0,5,5,4,0,67,31.2,24.5,0.0,2.7,65.2,1016.5,160.0,H,14,Sochi,Ferrari
33,15,RAI,34,0,5,5,4,0,67,30.4,24.4,0.0,2.3,65.4,1016.5,135.0,H,15,Sochi,Ferrari
34,15,RAI,35,0,5,5,4,0,66,30.4,24.4,0.0,2.3,65.4,1016.5,135.0,H,16,Sochi,Ferrari
35,15,RAI,36,0,5,5,4,0,66,30.2,24.1,0.0,1.8,66.8,1016.5,105.0,H,17,Sochi,Ferrari
36,15,RAI,37,0,5,5,4,0,66,30.9,24.4,0.0,2.0,65.1,1016.5,134.0,H,18,Sochi,Ferrari
37,15,RAI,38,0,5,5,4,0,66,30.9,24.6,0.0,1.7,64.3,1016.5,120.0,H,19,Sochi,Ferrari
38,15,RAI,39,0,5,5,4,0,66,30.9,24.6,0.0,1.7,64.3,1016.5,120.0,H,20,Sochi,Ferrari
39,15,RAI,40,0,5,5,4,0,66,30.5,24.7,0.0,1.4,63.7,1016.4,165.0,H,21,Sochi,Ferrari
40,15,RAI,41,0,5,5,4,0,66,29.5,24.2,0.0,2.4,65.5,1016.4,167.0,H,22,Sochi,Ferrari
41,15,RAI,42,0,5,5,4,0,66,29.5,24.1,0.0,2.5,66.1,1016.5,89.0,H,23,Sochi,Ferrari
42,15,RAI,43,0,5,5,4,0,66,29.4,24.1,0.0,1.8,65.5,1016.6,0.0,H,24,Sochi,Ferrari
43,15,RAI,44,0,5,4,4,0,66,29.4,24.3,0.0,0.8,65.0,1016.6,70.0,H,25,Sochi,Ferrari
44,15,RAI,45,0,4,4,4,0,66,29.4,24.4,0.0,0.9,65.2,1016.5,164.0,H,26,Sochi,Ferrari
45,15,RAI,46,0,4,4,4,0,65,29.3,24.4,0.0,1.7,65.5,1016.7,96.0,H,27,Sochi,Ferrari
46,15,RAI,47,0,4,4,4,0,66,29.0,24.3,0.0,1.8,65.6,1016.6,40.0,H,28,Sochi,Ferrari
47,15,RAI,48,0,4,4,4,0,66,28.9,24.3,0.0,1.7,65.2,1016.7,11.0,H,29,Sochi,Ferrari
48,15,RAI,49,0,4,4,4,0,65,28.8,24.3,0.0,1.1,65.9,1016.7,30.0,H,30,Sochi,Ferrari
49,15,RAI,50,0,4,4,4,0,65,29.1,24.5,0.0,1.5,65.9,1016.6,50.0,H,31,Sochi,Ferrari
50,15,RAI,51,0,4,4,4,0,65,28.8,24.6,0.0,1.3,66.1,1016.7,178.0,H,32,Sochi,Ferrari
51,15,RAI,52,0,4,4,4,0,65,28.6,24.4,0.0,0.8,67.2,1016.7,119.0,H,33,Sochi,Ferrari
52,15,RAI,53,0,4,4,4,0,65,28.3,24.3,0.0,0.6,67.5,1016.7,60.0,H,34,Sochi,Ferrari
0,15,MAG,1,1,5,5,5,0,39,28.8,24.9,0.0,1.7,55.0,1016.6,42.0,S,3,Sochi,Haas F1 Team
1,15,MAG,2,0,5,6,5,0,41,29.4,25.2,0.0,1.6,57.4,1016.6,33.0,S,4,Sochi,Haas F1 Team
2,15,MAG,3,0,6,6,5,0,42,29.4,25.4,0.0,1.3,56.4,1016.6,134.0,S,5,Sochi,Haas F1 Team
3,15,MAG,4,1,6,6,5,0,45,29.4,25.4,0.0,1.9,56.7,1016.6,156.0,S,6,Sochi,Haas F1 Team
4,15,MAG,5,0,6,6,5,0,49,29.0,25.3,0.0,1.0,56.6,1016.5,74.0,S,7,Sochi,Haas F1 Team
5,15,MAG,6,0,6,7,5,0,51,29.1,25.5,0.0,1.2,56.2,1016.6,146.0,S,8,Sochi,Haas F1 Team
6,15,MAG,7,0,7,7,5,0,51,30.1,25.6,0.0,1.0,55.6,1016.4,49.0,S,9,Sochi,Haas F1 Team
7,15,MAG,8,0,7,7,5,0,51,30.3,25.7,0.0,1.5,54.2,1016.5,179.0,S,10,Sochi,Haas F1 Team
8,15,MAG,9,0,7,9,5,0,50,30.6,25.6,0.0,1.4,54.2,1016.6,133.0,S,11,Sochi,Haas F1 Team
9,15,MAG,10,0,9,13,5,0,49,31.0,25.7,0.0,1.7,53.6,1016.5,166.0,H,0,Sochi,Haas F1 Team
10,15,MAG,11,0,13,12,5,0,49,31.3,26.0,0.0,1.6,57.0,1016.5,161.0,H,1,Sochi,Haas F1 Team
11,15,MAG,12,0,12,11,5,0,49,31.0,25.8,0.0,2.6,59.4,1016.5,158.0,H,2,Sochi,Haas F1 Team
12,15,MAG,13,0,11,10,5,0,49,30.9,25.6,0.0,2.5,62.1,1016.6,165.0,H,3,Sochi,Haas F1 Team
13,15,MAG,14,0,10,10,5,0,49,31.0,25.5,0.0,3.1,62.9,1016.5,179.0,H,4,Sochi,Haas F1 Team
14,15,MAG,15,0,10,10,5,0,49,31.0,25.4,0.0,3.5,63.0,1016.5,176.0,H,5,Sochi,Haas F1 Team
15,15,MAG,16,0,10,10,5,0,48,30.8,25.2,0.0,2.7,63.5,1016.6,184.0,H,6,Sochi,Haas F1 Team
16,15,MAG,17,0,10,10,5,0,48,31.1,25.3,0.0,2.7,63.1,1016.6,161.0,H,7,Sochi,Haas F1 Team
17,15,MAG,18,0,10,9,5,0,48,31.1,25.0,0.0,3.5,64.0,1016.4,179.0,H,8,Sochi,Haas F1 Team
18,15,MAG,19,0,9,9,5,0,48,31.2,24.9,0.0,4.5,64.3,1016.4,161.0,H,9,Sochi,Haas F1 Team
19,15,MAG,20,0,9,9,5,0,48,31.1,24.7,0.0,4.7,64.8,1016.5,148.0,H,10,Sochi,Haas F1 Team
20,15,MAG,21,0,9,9,5,0,48,31.1,24.6,0.0,3.7,65.1,1016.4,123.0,H,11,Sochi,Haas F1 Team
21,15,MAG,22,0,9,9,5,0,48,31.1,24.6,0.0,3.0,65.3,1016.4,164.0,H,12,Sochi,Haas F1 Team
22,15,MAG,23,0,9,9,5,0,48,31.7,24.8,0.0,3.5,64.8,1016.4,163.0,H,13,Sochi,Haas F1 Team
23,15,MAG,24,0,9,9,5,0,48,31.9,24.7,0.0,2.7,64.9,1016.5,133.0,H,14,Sochi,Haas F1 Team
24,15,MAG,25,0,9,9,5,0,48,32.3,24.9,0.0,3.0,63.9,1016.6,165.0,H,15,Sochi,Haas F1 Team
25,15,MAG,26,0,9,9,5,0,48,31.9,24.9,0.0,3.3,64.8,1016.5,167.0,H,16,Sochi,Haas F1 Team
26,15,MAG,27,0,9,9,5,0,48,31.7,24.9,0.0,3.2,65.1,1016.4,138.0,H,17,Sochi,Haas F1 Team
27,15,MAG,28,0,9,9,5,0,48,31.6,24.6,0.0,2.7,64.9,1016.6,162.0,H,18,Sochi,Haas F1 Team
28,15,MAG,29,0,9,9,5,0,48,31.2,24.5,0.0,2.7,65.2,1016.5,160.0,H,19,Sochi,Haas F1 Team
29,15,MAG,30,0,9,9,5,0,48,30.8,24.5,0.0,1.7,65.2,1016.6,155.0,H,20,Sochi,Haas F1 Team
30,15,MAG,31,0,9,9,5,0,48,30.6,24.4,0.0,2.3,65.3,1016.5,141.0,H,21,Sochi,Haas F1 Team
31,15,MAG,32,0,9,9,5,0,48,30.4,24.4,0.0,2.3,65.4,1016.5,135.0,H,22,Sochi,Haas F1 Team
32,15,MAG,33,0,9,9,5,0,48,30.4,24.4,0.0,2.3,65.4,1016.5,135.0,H,23,Sochi,Haas F1 Team
33,15,MAG,34,0,9,9,5,0,48,30.2,24.1,0.0,2.8,66.2,1016.5,143.0,H,24,Sochi,Haas F1 Team
34,15,MAG,35,0,9,9,5,0,48,30.2,24.1,0.0,2.8,66.4,1016.5,149.0,H,25,Sochi,Haas F1 Team
35,15,MAG,36,0,9,8,5,0,48,30.2,24.1,0.0,1.8,66.8,1016.5,105.0,H,26,Sochi,Haas F1 Team
36,15,MAG,37,0,8,8,5,0,48,30.9,24.4,0.0,2.0,65.1,1016.5,134.0,H,27,Sochi,Haas F1 Team
37,15,MAG,38,0,8,8,5,0,48,30.9,24.6,0.0,1.7,64.3,1016.5,120.0,H,28,Sochi,Haas F1 Team
38,15,MAG,39,0,8,8,5,0,48,30.9,24.6,0.0,1.7,64.3,1016.5,120.0,H,29,Sochi,Haas F1 Team
39,15,MAG,40,0,8,8,5,0,48,29.8,24.4,0.0,2.9,64.6,1016.4,125.0,H,30,Sochi,Haas F1 Team
40,15,MAG,41,0,8,8,5,0,48,29.5,24.2,0.0,2.4,65.5,1016.4,167.0,H,31,Sochi,Haas F1 Team
41,15,MAG,42,0,8,8,5,0,48,29.5,24.1,0.0,2.5,66.1,1016.5,89.0,H,32,Sochi,Haas F1 Team
42,15,MAG,43,0,8,8,5,0,48,29.5,24.2,0.0,1.7,65.1,1016.6,141.0,H,33,Sochi,Haas F1 Team
43,15,MAG,44,0,8,8,5,0,48,29.4,24.4,0.0,0.9,65.2,1016.5,164.0,H,34,Sochi,Haas F1 Team
44,15,MAG,45,0,8,8,5,0,48,29.0,24.3,0.0,1.9,65.5,1016.5,25.0,H,35,Sochi,Haas F1 Team
45,15,MAG,46,0,8,8,5,0,48,29.0,24.3,0.0,1.8,65.6,1016.6,40.0,H,36,Sochi,Haas F1 Team
46,15,MAG,47,0,8,8,5,0,48,28.9,24.3,0.0,1.5,65.4,1016.7,30.0,H,37,Sochi,Haas F1 Team
47,15,MAG,48,0,8,8,5,0,48,29.0,24.6,0.0,1.1,66.1,1016.6,5.0,H,38,Sochi,Haas F1 Team
48,15,MAG,49,0,8,8,5,0,48,28.8,24.6,0.0,1.3,66.2,1016.6,47.0,H,39,Sochi,Haas F1 Team
49,15,MAG,50,0,8,8,5,0,48,28.8,24.6,0.0,1.3,66.1,1016.7,178.0,H,40,Sochi,Haas F1 Team
50,15,MAG,51,0,8,8,5,0,48,28.6,24.4,0.0,0.8,67.2,1016.7,119.0,H,41,Sochi,Haas F1 Team
51,15,MAG,52,0,8,8,5,0,48,28.6,24.5,0.0,1.7,67.1,1016.7,130.0,H,42,Sochi,Haas F1 Team
0,15,OCO,1,1,7,7,7,0,38,29.8,25.2,0.0,1.0,54.0,1016.7,164.0,S,3,Sochi,Racing Point
1,15,OCO,2,0,7,7,7,0,44,29.8,25.1,0.0,1.9,56.2,1016.7,153.0,S,4,Sochi,Racing Point
2,15,OCO,3,0,7,7,7,0,38,29.1,25.1,0.0,1.0,56.9,1016.6,170.0,S,5,Sochi,Racing Point
3,15,OCO,4,1,7,7,7,0,37,29.4,25.2,0.0,1.6,57.4,1016.6,33.0,S,6,Sochi,Racing Point
4,15,OCO,5,0,7,8,7,0,41,29.4,25.4,0.0,1.9,56.7,1016.6,156.0,S,7,Sochi,Racing Point
5,15,OCO,6,0,8,8,7,0,42,29.1,25.5,0.0,1.2,56.2,1016.6,146.0,S,8,Sochi,Racing Point
6,15,OCO,7,0,8,8,7,0,41,30.7,25.6,0.0,2.0,53.9,1016.5,80.0,S,9,Sochi,Racing Point
7,15,OCO,8,0,8,8,7,0,40,31.5,25.9,0.0,0.7,55.2,1016.5,166.0,S,10,Sochi,Racing Point
8,15,OCO,9,0,8,7,7,0,40,31.5,26.0,0.0,1.9,54.3,1016.5,122.0,S,11,Sochi,Racing Point
9,15,OCO,10,0,7,8,7,0,41,31.3,26.0,0.0,1.6,57.0,1016.5,161.0,S,12,Sochi,Racing Point
10,15,OCO,11,0,8,13,7,0,41,31.0,25.8,0.0,2.6,59.4,1016.5,158.0,H,0,Sochi,Racing Point
11,15,OCO,12,0,13,12,7,0,41,31.0,25.5,0.0,3.1,62.9,1016.5,179.0,H,1,Sochi,Racing Point
12,15,OCO,13,0,12,11,7,0,42,30.8,25.2,0.0,2.7,63.5,1016.6,184.0,H,2,Sochi,Racing Point
13,15,OCO,14,0,11,11,7,0,42,31.1,25.3,0.0,2.7,63.1,1016.6,161.0,H,3,Sochi,Racing Point
14,15,OCO,15,0,11,11,7,0,42,30.5,25.1,0.0,3.6,63.6,1016.5,175.0,H,4,Sochi,Racing Point
15,15,OCO,16,0,11,11,7,0,42,31.1,24.7,0.0,4.7,64.8,1016.5,148.0,H,5,Sochi,Racing Point
16,15,OCO,17,0,11,11,7,0,42,31.6,24.7,0.0,3.4,64.7,1016.4,169.0,H,6,Sochi,Racing Point
17,15,OCO,18,0,11,10,7,0,42,31.9,24.7,0.0,2.7,64.9,1016.5,133.0,H,7,Sochi,Racing Point
18,15,OCO,19,0,10,10,7,0,41,32.3,24.9,0.0,3.4,64.0,1016.5,165.0,H,8,Sochi,Racing Point
19,15,OCO,20,0,10,10,7,0,42,32.3,24.9,0.0,3.4,64.0,1016.5,165.0,H,9,Sochi,Racing Point
20,15,OCO,21,0,10,10,7,0,42,31.9,24.9,0.0,3.3,64.8,1016.5,167.0,H,10,Sochi,Racing Point
21,15,OCO,22,0,10,10,7,0,42,31.7,24.9,0.0,3.2,65.1,1016.4,138.0,H,11,Sochi,Racing Point
22,15,OCO,23,0,10,10,7,0,42,31.8,24.7,0.0,3.4,65.6,1016.5,152.0,H,12,Sochi,Racing Point
23,15,OCO,24,0,10,10,7,0,43,31.8,24.6,0.0,2.6,65.5,1016.5,167.0,H,13,Sochi,Racing Point
24,15,OCO,25,0,10,10,7,0,43,31.6,24.6,0.0,2.7,64.9,1016.6,162.0,H,14,Sochi,Racing Point
25,15,OCO,26,0,10,11,7,0,43,30.8,24.5,0.0,1.7,65.2,1016.6,155.0,H,15,Sochi,Racing Point
26,15,OCO,27,0,11,11,7,0,43,30.6,24.4,0.0,2.3,65.3,1016.5,141.0,H,16,Sochi,Racing Point
27,15,OCO,28,0,11,11,7,0,43,30.4,24.4,0.0,2.3,65.4,1016.5,135.0,H,17,Sochi,Racing Point
28,15,OCO,29,0,11,11,7,0,44,30.4,24.4,0.0,2.3,65.4,1016.5,135.0,H,18,Sochi,Racing Point
29,15,OCO,30,0,11,11,7,0,44,30.4,24.4,0.0,2.3,65.4,1016.5,135.0,H,19,Sochi,Racing Point
30,15,OCO,31,0,11,11,7,0,44,30.2,24.1,0.0,2.8,66.2,1016.5,143.0,H,20,Sochi,Racing Point
31,15,OCO,32,0,11,11,7,0,44,30.2,24.1,0.0,1.8,66.8,1016.5,105.0,H,21,Sochi,Racing Point
32,15,OCO,33,0,11,11,7,0,45,30.5,24.3,0.0,1.4,65.6,1016.4,151.0,H,22,Sochi,Racing Point
33,15,OCO,34,0,11,11,7,0,45,30.9,24.4,0.0,2.0,65.1,1016.5,134.0,H,23,Sochi,Racing Point
34,15,OCO,35,0,11,11,7,0,45,30.9,24.6,0.0,1.7,64.3,1016.5,120.0,H,24,Sochi,Racing Point
35,15,OCO,36,0,11,10,7,0,45,30.5,24.7,0.0,1.4,63.7,1016.4,165.0,H,25,Sochi,Racing Point
36,15,OCO,37,0,10,9,7,0,45,29.8,24.4,0.0,2.9,64.6,1016.4,125.0,H,26,Sochi,Racing Point
37,15,OCO,38,0,9,9,7,0,45,29.5,24.2,0.0,2.4,65.5,1016.4,167.0,H,27,Sochi,Racing Point
38,15,OCO,39,0,9,9,7,0,46,29.4,24.1,0.0,1.8,65.5,1016.6,0.0,H,28,Sochi,Racing Point
39,15,OCO,40,0,9,9,7,0,46,29.3,24.4,0.0,2.0,65.7,1016.6,95.0,H,29,Sochi,Racing Point
40,15,OCO,41,0,9,9,7,0,46,29.0,24.3,0.0,2.2,65.5,1016.6,21.0,H,30,Sochi,Racing Point
41,15,OCO,42,0,9,9,7,0,46,29.0,24.3,0.0,1.9,65.5,1016.5,25.0,H,31,Sochi,Racing Point
42,15,OCO,43,0,9,9,7,0,46,29.0,24.3,0.0,1.8,65.6,1016.6,40.0,H,32,Sochi,Racing Point
43,15,OCO,44,0,9,9,7,0,46,29.1,24.4,0.0,2.1,65.5,1016.7,14.0,H,33,Sochi,Racing Point
44,15,OCO,45,0,9,9,7,0,47,28.8,24.3,0.0,1.1,65.9,1016.7,30.0,H,34,Sochi,Racing Point
45,15,OCO,46,0,9,9,7,0,47,29.0,24.5,0.0,1.7,65.8,1016.7,32.0,H,35,Sochi,Racing Point
46,15,OCO,47,0,9,9,7,0,47,29.1,24.5,0.0,1.5,65.9,1016.6,50.0,H,36,Sochi,Racing Point
47,15,OCO,48,0,9,9,7,0,47,29.0,24.7,0.0,1.5,65.8,1016.6,66.0,H,37,Sochi,Racing Point
48,15,OCO,49,0,9,9,7,0,47,28.8,24.6,0.0,1.3,66.2,1016.6,47.0,H,38,Sochi,Racing Point
49,15,OCO,50,0,9,9,7,0,47,28.8,24.6,0.0,1.3,66.1,1016.7,178.0,H,39,Sochi,Racing Point
50,15,OCO,51,0,9,9,7,0,47,28.6,24.5,0.0,1.7,67.1,1016.7,130.0,H,40,Sochi,Racing Point
51,15,OCO,52,0,9,9,7,0,47,28.7,24.5,0.0,1.1,66.8,1016.7,21.0,H,41,Sochi,Racing Point
0,15,LEC,1,1,6,6,6,0,43,29.8,25.1,0.0,1.9,56.2,1016.7,153.0,S,3,Sochi,Sauber
1,15,LEC,2,0,6,5,6,0,41,28.8,24.9,0.0,1.7,55.0,1016.6,42.0,S,4,Sochi,Sauber
2,15,LEC,3,0,5,5,6,0,39,29.0,25.0,0.0,1.4,54.9,1016.7,173.0,S,5,Sochi,Sauber
3,15,LEC,4,1,5,5,6,0,38,29.1,25.1,0.0,1.0,56.9,1016.6,170.0,S,6,Sochi,Sauber
4,15,LEC,5,0,5,5,6,0,39,29.4,25.4,0.0,1.3,56.4,1016.6,134.0,S,7,Sochi,Sauber
5,15,LEC,6,0,5,5,6,0,41,29.1,25.5,0.0,1.2,56.2,1016.6,146.0,S,8,Sochi,Sauber
6,15,LEC,7,0,5,5,6,0,42,30.1,25.6,0.0,1.0,55.6,1016.4,49.0,S,9,Sochi,Sauber
7,15,LEC,8,0,5,6,6,0,42,30.3,25.7,0.0,1.5,54.2,1016.5,179.0,S,10,Sochi,Sauber
8,15,LEC,9,0,6,6,6,0,42,30.6,25.6,0.0,1.4,54.2,1016.6,133.0,S,11,Sochi,Sauber
9,15,LEC,10,0,6,6,6,0,43,30.7,25.6,0.0,2.0,53.9,1016.5,80.0,S,12,Sochi,Sauber
10,15,LEC,11,0,6,11,6,0,42,31.0,25.7,0.0,1.7,53.6,1016.5,166.0,H,0,Sochi,Sauber
11,15,LEC,12,0,11,10,6,0,43,31.1,25.7,0.0,1.4,53.6,1016.5,37.0,H,1,Sochi,Sauber
12,15,LEC,13,0,10,9,6,0,43,31.5,25.9,0.0,0.7,55.2,1016.5,166.0,H,2,Sochi,Sauber
13,15,LEC,14,0,9,8,6,0,43,31.5,26.0,0.0,1.9,54.3,1016.5,122.0,H,3,Sochi,Sauber
14,15,LEC,15,0,8,8,6,0,43,31.0,25.4,0.0,3.5,63.0,1016.5,176.0,H,4,Sochi,Sauber
15,15,LEC,16,0,8,8,6,0,43,30.8,25.2,0.0,2.7,63.5,1016.6,184.0,H,5,Sochi,Sauber
16,15,LEC,17,0,8,8,6,0,43,31.1,25.3,0.0,2.7,63.1,1016.6,161.0,H,6,Sochi,Sauber
17,15,LEC,18,0,8,8,6,0,43,30.7,25.4,0.0,2.4,63.0,1016.5,176.0,H,7,Sochi,Sauber
18,15,LEC,19,0,8,8,6,0,43,31.6,24.7,0.0,3.4,64.7,1016.4,169.0,H,8,Sochi,Sauber
19,15,LEC,20,0,8,8,6,0,44,31.9,24.7,0.0,2.7,64.9,1016.5,133.0,H,9,Sochi,Sauber
20,15,LEC,21,0,8,8,6,0,44,31.9,24.7,0.0,2.7,64.9,1016.5,133.0,H,10,Sochi,Sauber
21,15,LEC,22,0,8,8,6,0,44,32.3,24.9,0.0,3.0,63.9,1016.6,165.0,H,11,Sochi,Sauber
22,15,LEC,23,0,8,8,6,0,44,31.9,24.9,0.0,3.3,64.8,1016.5,167.0,H,12,Sochi,Sauber
23,15,LEC,24,0,8,8,6,0,44,31.7,24.9,0.0,3.2,65.1,1016.4,138.0,H,13,Sochi,Sauber
24,15,LEC,25,0,8,8,6,0,44,31.8,24.7,0.0,3.4,65.6,1016.5,152.0,H,14,Sochi,Sauber
25,15,LEC,26,0,8,8,6,0,45,31.8,24.6,0.0,2.6,65.5,1016.5,167.0,H,15,Sochi,Sauber
26,15,LEC,27,0,8,8,6,0,45,31.9,24.6,0.0,2.0,65.2,1016.5,164.0,H,16,Sochi,Sauber
27,15,LEC,28,0,8,8,6,0,45,31.6,24.6,0.0,2.7,64.9,1016.6,162.0,H,17,Sochi,Sauber
28,15,LEC,29,0,8,8,6,0,45,31.2,24.5,0.0,2.7,65.2,1016.5,160.0,H,18,Sochi,Sauber
29,15,LEC,30,0,8,8,6,0,45,30.4,24.4,0.0,2.3,65.4,1016.5,135.0,H,19,Sochi,Sauber
30,15,LEC,31,0,8,8,6,0,45,30.4,24.4,0.0,2.3,65.4,1016.5,135.0,H,20,Sochi,Sauber
31,15,LEC,32,0,8,8,6,0,45,30.2,24.1,0.0,2.8,66.2,1016.5,143.0,H,21,Sochi,Sauber
32,15,LEC,33,0,8,8,6,0,45,30.2,24.1,0.0,1.8,66.8,1016.5,105.0,H,22,Sochi,Sauber
33,15,LEC,34,0,8,8,6,0,45,30.9,24.4,0.0,2.0,65.1,1016.5,134.0,H,23,Sochi,Sauber
34,15,LEC,35,0,8,7,6,0,45,30.9,24.6,0.0,1.7,64.3,1016.5,120.0,H,24,Sochi,Sauber
35,15,LEC,36,0,7,7,6,0,45,30.9,24.6,0.0,1.7,64.3,1016.5,120.0,H,25,Sochi,Sauber
36,15,LEC,37,0,7,7,6,0,45,30.5,24.7,0.0,1.4,63.7,1016.4,165.0,H,26,Sochi,Sauber
37,15,LEC,38,0,7,7,6,0,45,29.5,24.2,0.0,2.4,65.5,1016.4,167.0,H,27,Sochi,Sauber
38,15,LEC,39,0,7,7,6,0,45,29.5,24.1,0.0,2.5,66.1,1016.5,89.0,H,28,Sochi,Sauber
39,15,LEC,40,0,7,7,6,0,45,29.5,24.2,0.0,1.7,65.1,1016.6,141.0,H,29,Sochi,Sauber
40,15,LEC,41,0,7,7,6,0,45,29.4,24.3,0.0,0.8,65.0,1016.6,70.0,H,30,Sochi,Sauber
41,15,LEC,42,0,7,7,6,0,45,29.4,24.4,0.0,0.9,65.2,1016.5,164.0,H,31,Sochi,Sauber
42,15,LEC,43,0,7,7,6,0,45,29.3,24.4,0.0,1.7,65.5,1016.7,96.0,H,32,Sochi,Sauber
43,15,LEC,44,0,7,7,6,0,45,29.3,24.4,0.0,2.0,65.7,1016.6,95.0,H,33,Sochi,Sauber
44,15,LEC,45,0,7,7,6,0,45,29.0,24.3,0.0,2.2,65.5,1016.6,21.0,H,34,Sochi,Sauber
45,15,LEC,46,0,7,7,6,0,45,29.0,24.3,0.0,1.9,65.5,1016.5,25.0,H,35,Sochi,Sauber
46,15,LEC,47,0,7,7,6,0,45,29.0,24.3,0.0,1.8,65.6,1016.6,40.0,H,36,Sochi,Sauber
47,15,LEC,48,0,7,7,6,0,45,29.1,24.4,0.0,2.1,65.5,1016.7,14.0,H,37,Sochi,Sauber
48,15,LEC,49,0,7,7,6,0,45,29.0,24.5,0.0,1.7,65.8,1016.7,32.0,H,38,Sochi,Sauber
49,15,LEC,50,0,7,7,6,0,44,29.1,24.5,0.0,1.5,65.9,1016.6,50.0,H,39,Sochi,Sauber
50,15,LEC,51,0,7,7,6,0,44,29.0,24.7,0.0,1.5,65.8,1016.6,66.0,H,40,Sochi,Sauber
51,15,LEC,52,0,7,7,6,0,44,28.3,24.3,0.0,0.6,67.5,1016.7,60.0,H,41,Sochi,Sauber
52,15,LEC,53,0,7,7,6,0,44,28.7,24.5,0.0,1.1,66.8,1016.7,21.0,H,42,Sochi,Sauber
0,15,PER,1,1,8,8,8,0,40,29.8,25.2,0.0,1.0,54.0,1016.7,164.0,S,3,Sochi,Racing Point
1,15,PER,2,0,8,8,8,0,33,29.1,25.0,0.0,1.8,55.6,1016.7,3.0,S,4,Sochi,Racing Point
2,15,PER,3,0,8,8,8,0,26,29.1,25.1,0.0,1.0,56.9,1016.6,170.0,S,5,Sochi,Racing Point
3,15,PER,4,1,8,9,8,0,23,29.4,25.2,0.0,1.6,57.4,1016.6,33.0,S,6,Sochi,Racing Point
4,15,PER,5,0,9,9,8,0,28,29.4,25.4,0.0,1.3,56.4,1016.6,134.0,S,7,Sochi,Racing Point
5,15,PER,6,0,9,9,8,0,31,29.4,25.4,0.0,1.9,56.7,1016.6,156.0,S,8,Sochi,Racing Point
6,15,PER,7,0,9,9,8,0,32,29.0,25.3,0.0,1.0,56.6,1016.5,74.0,S,9,Sochi,Racing Point
7,15,PER,8,0,9,9,8,0,33,29.1,25.5,0.0,1.2,56.2,1016.6,146.0,S,10,Sochi,Racing Point
8,15,PER,9,0,9,8,8,0,34,30.7,25.6,0.0,2.0,53.9,1016.5,80.0,S,11,Sochi,Racing Point
9,15,PER,10,0,8,7,8,0,34,31.0,25.7,0.0,1.7,53.6,1016.5,166.0,S,12,Sochi,Racing Point
10,15,PER,11,0,7,6,8,0,36,31.1,25.7,0.0,1.4,53.6,1016.5,37.0,S,13,Sochi,Racing Point
11,15,PER,12,0,6,7,8,0,38,31.5,25.9,0.0,0.7,55.2,1016.5,166.0,S,14,Sochi,Racing Point
12,15,PER,13,0,7,12,8,0,38,31.5,26.0,0.0,1.9,54.3,1016.5,122.0,H,0,Sochi,Racing Point
13,15,PER,14,0,12,12,8,0,38,31.3,26.0,0.0,1.6,57.0,1016.5,161.0,H,1,Sochi,Racing Point
14,15,PER,15,0,12,12,8,0,38,31.0,25.8,0.0,2.6,59.4,1016.5,158.0,H,2,Sochi,Racing Point
15,15,PER,16,0,12,12,8,0,38,31.1,25.3,0.0,2.7,63.1,1016.6,161.0,H,3,Sochi,Racing Point
16,15,PER,17,0,12,12,8,0,37,30.7,25.4,0.0,2.4,63.0,1016.5,176.0,H,4,Sochi,Racing Point
17,15,PER,18,0,12,11,8,0,37,30.5,24.9,0.0,3.6,64.6,1016.5,161.0,H,5,Sochi,Racing Point
18,15,PER,19,0,11,11,8,0,38,31.2,24.9,0.0,4.5,64.3,1016.4,161.0,H,6,Sochi,Racing Point
19,15,PER,20,0,11,11,8,0,38,31.1,24.6,0.0,3.7,65.1,1016.4,123.0,H,7,Sochi,Racing Point
20,15,PER,21,0,11,11,8,0,38,31.6,24.7,0.0,3.4,64.7,1016.4,169.0,H,8,Sochi,Racing Point
21,15,PER,22,0,11,11,8,0,38,31.7,24.8,0.0,3.5,64.8,1016.4,163.0,H,9,Sochi,Racing Point
22,15,PER,23,0,11,11,8,0,39,31.9,24.7,0.0,2.7,64.9,1016.5,133.0,H,10,Sochi,Racing Point
23,15,PER,24,0,11,11,8,0,39,31.9,24.7,0.0,2.7,64.9,1016.5,133.0,H,11,Sochi,Racing Point
24,15,PER,25,0,11,11,8,0,39,31.8,24.7,0.0,3.4,65.6,1016.5,152.0,H,12,Sochi,Racing Point
25,15,PER,26,0,11,10,8,0,40,31.8,24.6,0.0,2.6,65.5,1016.5,167.0,H,13,Sochi,Racing Point
26,15,PER,27,0,10,10,8,0,40,31.9,24.6,0.0,2.0,65.2,1016.5,164.0,H,14,Sochi,Racing Point
27,15,PER,28,0,10,10,8,0,41,30.9,24.5,0.0,2.2,65.3,1016.6,160.0,H,15,Sochi,Racing Point
28,15,PER,29,0,10,10,8,0,42,30.4,24.4,0.0,2.3,65.4,1016.5,135.0,H,16,Sochi,Racing Point
29,15,PER,30,0,10,10,8,0,42,30.2,24.1,0.0,2.8,66.2,1016.5,143.0,H,17,Sochi,Racing Point
30,15,PER,31,0,10,10,8,0,43,30.2,24.1,0.0,2.8,66.4,1016.5,149.0,H,18,Sochi,Racing Point
31,15,PER,32,0,10,10,8,0,43,30.2,24.1,0.0,1.8,66.8,1016.5,105.0,H,19,Sochi,Racing Point
32,15,PER,33,0,10,10,8,0,44,30.9,24.4,0.0,2.0,65.1,1016.5,134.0,H,20,Sochi,Racing Point
33,15,PER,34,0,10,10,8,0,44,30.9,24.6,0.0,1.7,64.3,1016.5,120.0,H,21,Sochi,Racing Point
34,15,PER,35,0,10,10,8,0,44,30.5,24.7,0.0,1.4,63.7,1016.4,165.0,H,22,Sochi,Racing Point
35,15,PER,36,0,10,9,8,0,45,29.5,24.2,0.0,2.4,65.5,1016.4,167.0,H,23,Sochi,Racing Point
36,15,PER,37,0,9,10,8,0,45,29.5,24.2,0.0,1.7,65.1,1016.6,141.0,H,24,Sochi,Racing Point
37,15,PER,38,0,10,10,8,0,45,29.4,24.3,0.0,0.8,65.0,1016.6,70.0,H,25,Sochi,Racing Point
38,15,PER,39,0,10,10,8,0,45,29.3,24.4,0.0,1.7,65.5,1016.7,96.0,H,26,Sochi,Racing Point
39,15,PER,40,0,10,10,8,0,45,29.3,24.4,0.0,2.0,65.7,1016.6,95.0,H,27,Sochi,Racing Point
40,15,PER,41,0,10,10,8,0,45,29.0,24.3,0.0,1.9,65.5,1016.5,25.0,H,28,Sochi,Racing Point
41,15,PER,42,0,10,10,8,0,46,29.0,24.3,0.0,1.8,65.6,1016.6,40.0,H,29,Sochi,Racing Point
42,15,PER,43,0,10,10,8,0,46,29.1,24.4,0.0,2.1,65.5,1016.7,14.0,H,30,Sochi,Racing Point
43,15,PER,44,0,10,10,8,0,46,28.9,24.3,0.0,1.5,65.4,1016.7,30.0,H,31,Sochi,Racing Point
44,15,PER,45,0,10,10,8,0,46,29.0,24.5,0.0,1.7,65.8,1016.7,32.0,H,32,Sochi,Racing Point
45,15,PER,46,0,10,10,8,0,46,29.1,24.5,0.0,1.5,65.9,1016.6,50.0,H,33,Sochi,Racing Point
46,15,PER,47,0,10,10,8,0,46,28.8,24.6,0.0,1.3,66.2,1016.6,47.0,H,34,Sochi,Racing Point
47,15,PER,48,0,10,10,8,0,46,28.8,24.6,0.0,1.3,66.1,1016.7,178.0,H,35,Sochi,Racing Point
48,15,PER,49,0,10,10,8,0,46,28.6,24.4,0.0,0.8,67.2,1016.7,119.0,H,36,Sochi,Racing Point
49,15,PER,50,0,10,10,8,0,46,28.3,24.3,0.0,0.6,67.5,1016.7,60.0,H,37,Sochi,Racing Point
50,15,PER,51,0,10,10,8,0,46,28.6,24.5,0.0,1.7,67.1,1016.7,130.0,H,38,Sochi,Racing Point
51,15,PER,52,0,10,10,8,0,46,28.7,24.5,0.0,1.1,66.8,1016.7,21.0,H,39,Sochi,Racing Point
0,15,GRO,1,1,9,9,9,0,39,28.8,24.9,0.0,1.7,55.0,1016.6,42.0,S,3,Sochi,Haas F1 Team
1,15,GRO,2,0,9,9,9,0,37,29.0,25.0,0.0,1.4,54.9,1016.7,173.0,S,4,Sochi,Haas F1 Team
2,15,GRO,3,0,9,10,9,0,37,29.1,25.0,0.0,1.8,55.6,1016.7,3.0,S,5,Sochi,Haas F1 Team
3,15,GRO,4,1,10,10,9,0,40,29.1,25.1,0.0,1.0,56.9,1016.6,170.0,S,6,Sochi,Haas F1 Team
4,15,GRO,5,0,10,10,9,0,49,29.4,25.2,0.0,1.6,57.4,1016.6,33.0,S,7,Sochi,Haas F1 Team
5,15,GRO,6,0,10,10,9,0,52,29.4,25.4,0.0,1.9,56.7,1016.6,156.0,S,8,Sochi,Haas F1 Team
6,15,GRO,7,0,10,10,9,0,54,29.0,25.3,0.0,1.0,56.6,1016.5,74.0,S,9,Sochi,Haas F1 Team
7,15,GRO,8,0,10,14,9,0,54,29.1,25.5,0.0,1.2,56.2,1016.6,146.0,S,10,Sochi,Haas F1 Team
8,15,GRO,9,0,14,16,9,0,53,30.3,25.7,0.0,1.5,54.2,1016.5,179.0,H,0,Sochi,Haas F1 Team
9,15,GRO,10,0,16,15,9,0,53,30.6,25.6,0.0,1.4,54.2,1016.6,133.0,H,1,Sochi,Haas F1 Team
10,15,GRO,11,0,15,14,9,0,54,30.7,25.6,0.0,2.0,53.9,1016.5,80.0,H,2,Sochi,Haas F1 Team
11,15,GRO,12,0,14,13,9,0,55,31.5,25.9,0.0,0.7,55.2,1016.5,166.0,H,3,Sochi,Haas F1 Team
12,15,GRO,13,0,13,13,9,0,55,31.0,25.8,0.0,2.6,59.4,1016.5,158.0,H,4,Sochi,Haas F1 Team
13,15,GRO,14,0,13,13,9,0,55,31.0,25.5,0.0,3.1,62.9,1016.5,179.0,H,5,Sochi,Haas F1 Team
14,15,GRO,15,0,13,13,9,0,56,30.5,25.1,0.0,3.6,63.6,1016.5,175.0,H,6,Sochi,Haas F1 Team
15,15,GRO,16,0,13,13,9,0,56,30.5,24.9,0.0,3.6,64.6,1016.5,161.0,H,7,Sochi,Haas F1 Team
16,15,GRO,17,0,13,13,9,0,57,31.2,24.9,0.0,4.5,64.3,1016.4,161.0,H,8,Sochi,Haas F1 Team
17,15,GRO,18,0,13,13,9,0,57,31.1,24.6,0.0,3.0,65.3,1016.4,164.0,H,9,Sochi,Haas F1 Team
18,15,GRO,19,0,13,13,9,0,57,31.6,24.7,0.0,3.4,64.7,1016.4,169.0,H,10,Sochi,Haas F1 Team
19,15,GRO,20,0,13,13,9,0,57,31.7,24.8,0.0,3.5,64.8,1016.4,163.0,H,11,Sochi,Haas F1 Team
20,15,GRO,21,0,13,13,9,0,58,31.9,24.7,0.0,2.7,64.9,1016.5,133.0,H,12,Sochi,Haas F1 Team
21,15,GRO,22,0,13,13,9,0,58,31.9,24.7,0.0,2.7,64.9,1016.5,133.0,H,13,Sochi,Haas F1 Team
22,15,GRO,23,0,13,13,9,0,58,32.3,24.9,0.0,3.0,63.9,1016.6,165.0,H,14,Sochi,Haas F1 Team
23,15,GRO,24,0,13,13,9,0,58,32.3,24.9,0.0,3.4,64.0,1016.5,165.0,H,15,Sochi,Haas F1 Team
24,15,GRO,25,0,13,12,9,0,58,32.3,24.9,0.0,3.4,64.0,1016.5,165.0,H,16,Sochi,Haas F1 Team
25,15,GRO,26,0,12,12,9,0,58,31.7,24.9,0.0,3.2,65.1,1016.4,138.0,H,17,Sochi,Haas F1 Team
26,15,GRO,27,0,12,12,9,0,59,31.8,24.7,0.0,3.4,65.6,1016.5,152.0,H,18,Sochi,Haas F1 Team
27,15,GRO,28,0,12,12,9,0,59,31.8,24.6,0.0,2.6,65.5,1016.5,167.0,H,19,Sochi,Haas F1 Team
28,15,GRO,29,0,12,12,9,0,59,31.3,24.5,0.0,2.4,65.0,1016.5,174.0,H,20,Sochi,Haas F1 Team
29,15,GRO,30,0,12,12,9,0,59,31.2,24.5,0.0,2.7,65.2,1016.5,160.0,H,21,Sochi,Haas F1 Team
30,15,GRO,31,0,12,12,9,0,59,30.4,24.4,0.0,2.3,65.4,1016.5,135.0,H,22,Sochi,Haas F1 Team
31,15,GRO,32,0,12,12,9,0,59,30.5,24.3,0.0,1.4,65.6,1016.4,151.0,H,23,Sochi,Haas F1 Team
32,15,GRO,33,0,12,12,9,0,59,30.9,24.4,0.0,2.0,65.1,1016.5,134.0,H,24,Sochi,Haas F1 Team
33,15,GRO,34,0,12,12,9,0,59,30.9,24.6,0.0,1.7,64.3,1016.5,120.0,H,25,Sochi,Haas F1 Team
34,15,GRO,35,0,12,12,9,0,59,30.9,24.6,0.0,1.7,64.3,1016.5,120.0,H,26,Sochi,Haas F1 Team
35,15,GRO,36,0,12,12,9,0,59,30.5,24.7,0.0,1.4,63.7,1016.4,165.0,H,27,Sochi,Haas F1 Team
36,15,GRO,37,0,12,12,9,0,59,29.5,24.2,0.0,2.4,65.5,1016.4,167.0,H,28,Sochi,Haas F1 Team
37,15,GRO,38,0,12,12,9,0,60,29.5,24.1,0.0,2.5,66.1,1016.5,89.0,H,29,Sochi,Haas F1 Team
38,15,GRO,39,0,12,12,9,0,60,29.5,24.2,0.0,1.7,65.1,1016.6,141.0,H,30,Sochi,Haas F1 Team
39,15,GRO,40,0,12,12,9,0,59,29.4,24.1,0.0,1.8,65.5,1016.6,0.0,H,31,Sochi,Haas F1 Team
40,15,GRO,41,0,12,12,9,0,59,29.4,24.3,0.0,0.8,65.0,1016.6,70.0,H,32,Sochi,Haas F1 Team
41,15,GRO,42,0,12,12,9,0,59,29.4,24.4,0.0,0.9,65.2,1016.5,164.0,H,33,Sochi,Haas F1 Team
42,15,GRO,43,0,12,12,9,0,59,29.3,24.4,0.0,1.7,65.5,1016.7,96.0,H,34,Sochi,Haas F1 Team
43,15,GRO,44,0,12,12,9,0,59,29.3,24.4,0.0,2.0,65.7,1016.6,95.0,H,35,Sochi,Haas F1 Team
44,15,GRO,45,0,12,12,9,0,59,29.0,24.3,0.0,1.9,65.5,1016.5,25.0,H,36,Sochi,Haas F1 Team
45,15,GRO,46,0,12,11,9,0,59,29.1,24.4,0.0,2.1,65.5,1016.7,14.0,H,37,Sochi,Haas F1 Team
46,15,GRO,47,0,11,11,9,0,59,28.9,24.3,0.0,1.5,65.4,1016.7,30.0,H,38,Sochi,Haas F1 Team
47,15,GRO,48,0,11,11,9,0,59,28.8,24.3,0.0,1.1,65.9,1016.7,30.0,H,39,Sochi,Haas F1 Team
48,15,GRO,49,0,11,11,9,0,59,29.0,24.6,0.0,1.1,66.1,1016.6,5.0,H,40,Sochi,Haas F1 Team
49,15,GRO,50,0,11,11,9,0,59,29.0,24.7,0.0,1.5,65.8,1016.6,66.0,H,41,Sochi,Haas F1 Team
50,15,GRO,51,0,11,11,9,0,59,28.3,24.3,0.0,0.6,67.5,1016.7,60.0,H,42,Sochi,Haas F1 Team
51,15,GRO,52,0,11,11,9,0,60,28.7,24.5,0.0,1.1,66.8,1016.7,21.0,H,43,Sochi,Haas F1 Team
0,15,ERI,1,1,10,10,10,0,36,29.8,25.1,0.0,1.9,56.2,1016.7,153.0,S,3,Sochi,Sauber
1,15,ERI,2,0,10,10,10,0,35,28.8,24.9,0.0,1.7,55.0,1016.6,42.0,S,4,Sochi,Sauber
2,15,ERI,3,0,10,11,10,0,31,29.1,25.0,0.0,1.8,55.6,1016.7,3.0,S,5,Sochi,Sauber
3,15,ERI,4,1,11,11,10,0,31,29.1,25.1,0.0,1.0,56.9,1016.6,170.0,S,6,Sochi,Sauber
4,15,ERI,5,0,11,11,10,0,37,29.4,25.2,0.0,1.6,57.4,1016.6,33.0,S,7,Sochi,Sauber
5,15,ERI,6,0,11,11,10,0,40,29.0,25.3,0.0,1.0,56.6,1016.5,74.0,S,8,Sochi,Sauber
6,15,ERI,7,0,11,11,10,0,41,30.1,25.6,0.0,1.0,55.6,1016.4,49.0,S,9,Sochi,Sauber
7,15,ERI,8,0,11,10,10,0,42,30.3,25.7,0.0,1.5,54.2,1016.5,179.0,S,10,Sochi,Sauber
8,15,ERI,9,0,10,11,10,0,43,30.6,25.6,0.0,1.4,54.2,1016.6,133.0,S,11,Sochi,Sauber
9,15,ERI,10,0,11,11,10,0,43,31.3,26.0,0.0,1.6,57.0,1016.5,161.0,S,12,Sochi,Sauber
10,15,ERI,11,0,11,10,10,0,44,31.0,25.8,0.0,2.6,59.4,1016.5,158.0,S,13,Sochi,Sauber
11,15,ERI,12,0,10,14,10,0,44,31.0,25.4,0.0,3.5,63.0,1016.5,176.0,H,0,Sochi,Sauber
12,15,ERI,13,0,14,14,10,0,45,30.8,25.2,0.0,2.7,63.5,1016.6,184.0,H,1,Sochi,Sauber
13,15,ERI,14,0,14,14,10,0,45,31.1,25.3,0.0,2.7,63.1,1016.6,161.0,H,2,Sochi,Sauber
14,15,ERI,15,0,14,14,10,0,45,30.5,25.1,0.0,3.6,63.6,1016.5,175.0,H,3,Sochi,Sauber
15,15,ERI,16,0,14,14,10,0,45,30.5,24.9,0.0,3.6,64.6,1016.5,161.0,H,4,Sochi,Sauber
16,15,ERI,17,0,14,14,10,0,45,31.1,25.0,0.0,3.5,64.0,1016.4,179.0,H,5,Sochi,Sauber
17,15,ERI,18,0,14,14,10,0,46,31.2,24.9,0.0,4.5,64.3,1016.4,161.0,H,6,Sochi,Sauber
18,15,ERI,19,0,14,14,10,0,46,31.1,24.7,0.0,4.7,64.8,1016.5,148.0,H,7,Sochi,Sauber
19,15,ERI,20,0,14,14,10,0,46,31.1,24.6,0.0,3.7,65.1,1016.4,123.0,H,8,Sochi,Sauber
20,15,ERI,21,0,14,14,10,0,46,31.1,24.6,0.0,3.0,65.3,1016.4,164.0,H,9,Sochi,Sauber
21,15,ERI,22,0,14,14,10,0,46,32.3,24.9,0.0,3.0,63.9,1016.6,165.0,H,10,Sochi,Sauber
22,15,ERI,23,0,14,14,10,0,46,32.3,24.9,0.0,3.4,64.0,1016.5,165.0,H,11,Sochi,Sauber
23,15,ERI,24,0,14,14,10,0,47,32.3,24.9,0.0,3.4,64.0,1016.5,165.0,H,12,Sochi,Sauber
24,15,ERI,25,0,14,13,10,0,47,31.9,24.9,0.0,3.3,64.8,1016.5,167.0,H,13,Sochi,Sauber
25,15,ERI,26,0,13,13,10,0,47,31.8,24.7,0.0,3.4,65.6,1016.5,152.0,H,14,Sochi,Sauber
26,15,ERI,27,0,13,13,10,0,47,31.9,24.6,0.0,2.0,65.2,1016.5,164.0,H,15,Sochi,Sauber
27,15,ERI,28,0,13,13,10,0,47,31.6,24.6,0.0,2.7,64.9,1016.6,162.0,H,16,Sochi,Sauber
28,15,ERI,29,0,13,13,10,0,47,31.3,24.5,0.0,2.4,65.0,1016.5,174.0,H,17,Sochi,Sauber
29,15,ERI,30,0,13,13,10,0,48,31.2,24.5,0.0,2.7,65.2,1016.5,160.0,H,18,Sochi,Sauber
30,15,ERI,31,0,13,13,10,0,48,30.9,24.5,0.0,2.2,65.3,1016.6,160.0,H,19,Sochi,Sauber
31,15,ERI,32,0,13,13,10,0,48,30.6,24.4,0.0,2.3,65.3,1016.5,141.0,H,20,Sochi,Sauber
32,15,ERI,33,0,13,13,10,0,49,30.4,24.4,0.0,2.3,65.4,1016.5,135.0,H,21,Sochi,Sauber
33,15,ERI,34,0,13,13,10,0,49,30.2,24.1,0.0,2.8,66.2,1016.5,143.0,H,22,Sochi,Sauber
34,15,ERI,35,0,13,13,10,0,49,30.5,24.3,0.0,1.4,65.6,1016.4,151.0,H,23,Sochi,Sauber
35,15,ERI,36,0,13,13,10,0,49,30.9,24.6,0.0,1.7,64.3,1016.5,120.0,H,24,Sochi,Sauber
36,15,ERI,37,0,13,13,10,0,49,30.9,24.6,0.0,1.7,64.3,1016.5,120.0,H,25,Sochi,Sauber
37,15,ERI,38,0,13,13,10,0,49,30.5,24.7,0.0,1.4,63.7,1016.4,165.0,M,0,Sochi,Sauber
38,15,ERI,39,0,13,13,10,0,49,29.5,24.2,0.0,2.4,65.5,1016.4,167.0,M,1,Sochi,Sauber
39,15,ERI,40,0,13,13,10,0,50,29.4,24.1,0.0,1.8,65.5,1016.6,0.0,M,2,Sochi,Sauber
40,15,ERI,41,0,13,13,10,0,50,29.4,24.3,0.0,0.8,65.0,1016.6,70.0,M,3,Sochi,Sauber
41,15,ERI,42,0,13,13,10,0,50,29.4,24.4,0.0,0.9,65.2,1016.5,164.0,M,4,Sochi,Sauber
42,15,ERI,43,0,13,13,10,0,50,29.3,24.4,0.0,1.7,65.5,1016.7,96.0,M,5,Sochi,Sauber
43,15,ERI,44,0,13,13,10,0,50,29.0,24.3,0.0,2.2,65.5,1016.6,21.0,M,6,Sochi,Sauber
44,15,ERI,45,0,13,13,10,0,50,29.0,24.3,0.0,1.9,65.5,1016.5,25.0,M,7,Sochi,Sauber
45,15,ERI,46,0,13,13,10,0,50,29.1,24.4,0.0,2.1,65.5,1016.7,14.0,M,8,Sochi,Sauber
46,15,ERI,47,0,13,13,10,0,50,29.0,24.5,0.0,1.7,65.8,1016.7,32.0,M,9,Sochi,Sauber
47,15,ERI,48,0,13,13,10,0,51,29.0,24.7,0.0,1.5,65.8,1016.6,66.0,M,10,Sochi,Sauber
48,15,ERI,49,0,13,13,10,0,51,28.6,24.4,0.0,0.8,67.2,1016.7,119.0,M,11,Sochi,Sauber
49,15,ERI,50,0,13,13,10,0,51,28.3,24.3,0.0,0.6,67.5,1016.7,60.0,M,12,Sochi,Sauber
50,15,ERI,51,0,13,13,10,0,51,28.6,24.5,0.0,1.7,67.1,1016.7,130.0,M,13,Sochi,Sauber
51,15,ERI,52,0,13,13,10,0,51,28.7,24.5,0.0,1.1,66.8,1016.7,21.0,M,14,Sochi,Sauber
0,15,SAI,1,1,11,11,11,0,42,29.8,25.1,0.0,1.9,56.2,1016.7,153.0,H,0,Sochi,Renault
1,15,SAI,2,0,11,12,11,0,37,28.8,24.9,0.0,1.7,55.0,1016.6,42.0,H,1,Sochi,Renault
2,15,SAI,3,0,12,12,11,0,33,29.1,25.0,0.0,1.8,55.6,1016.7,3.0,H,2,Sochi,Renault
3,15,SAI,4,1,12,12,11,0,33,29.4,25.2,0.0,1.6,57.4,1016.6,33.0,H,3,Sochi,Renault
4,15,SAI,5,0,12,13,11,0,41,29.4,25.4,0.0,1.3,56.4,1016.6,134.0,H,4,Sochi,Renault
5,15,SAI,6,0,13,14,11,0,43,29.4,25.4,0.0,1.9,56.7,1016.6,156.0,H,5,Sochi,Renault
6,15,SAI,7,0,14,14,11,0,43,29.0,25.3,0.0,1.0,56.6,1016.5,74.0,H,6,Sochi,Renault
7,15,SAI,8,0,14,13,11,0,44,30.1,25.6,0.0,1.0,55.6,1016.4,49.0,H,7,Sochi,Renault
8,15,SAI,9,0,13,13,11,0,45,31.0,25.7,0.0,1.7,53.6,1016.5,166.0,H,8,Sochi,Renault
9,15,SAI,10,0,13,12,11,0,45,31.5,25.9,0.0,0.7,55.2,1016.5,166.0,H,9,Sochi,Renault
10,15,SAI,11,0,12,9,11,0,45,31.3,26.0,0.0,1.6,57.0,1016.5,161.0,H,10,Sochi,Renault
11,15,SAI,12,0,9,9,11,0,46,30.9,25.6,0.0,2.5,62.1,1016.6,165.0,H,11,Sochi,Renault
12,15,SAI,13,0,9,8,11,0,46,31.0,25.4,0.0,3.5,63.0,1016.5,176.0,H,12,Sochi,Renault
13,15,SAI,14,0,8,9,11,0,46,30.8,25.2,0.0,2.7,63.5,1016.6,184.0,H,13,Sochi,Renault
14,15,SAI,15,0,9,9,11,0,46,31.1,25.3,0.0,2.7,63.1,1016.6,161.0,H,14,Sochi,Renault
15,15,SAI,16,0,9,9,11,0,47,31.1,25.3,0.0,2.7,63.1,1016.6,161.0,H,15,Sochi,Renault
16,15,SAI,17,0,9,9,11,0,47,30.7,25.4,0.0,2.4,63.0,1016.5,176.0,H,16,Sochi,Renault
17,15,SAI,18,0,9,12,11,0,47,30.5,25.1,0.0,3.6,63.6,1016.5,175.0,H,17,Sochi,Renault
18,15,SAI,19,0,12,12,11,0,47,30.5,24.9,0.0,3.6,64.6,1016.5,161.0,H,18,Sochi,Renault
19,15,SAI,20,0,12,12,11,0,47,31.1,25.0,0.0,3.5,64.0,1016.4,179.0,H,19,Sochi,Renault
20,15,SAI,21,0,12,12,11,0,48,31.1,24.6,0.0,3.7,65.1,1016.4,123.0,H,20,Sochi,Renault
21,15,SAI,22,0,12,12,11,0,48,31.7,24.8,0.0,3.5,64.8,1016.4,163.0,H,21,Sochi,Renault
22,15,SAI,23,0,12,12,11,0,48,31.9,24.7,0.0,2.7,64.9,1016.5,133.0,H,22,Sochi,Renault
23,15,SAI,24,0,12,12,11,0,49,32.3,24.9,0.0,3.2,64.3,1016.5,177.0,H,23,Sochi,Renault
24,15,SAI,25,0,12,14,11,0,49,32.3,24.9,0.0,3.0,63.9,1016.6,165.0,H,24,Sochi,Renault
25,15,SAI,26,0,14,14,11,0,49,32.3,24.9,0.0,3.4,64.0,1016.5,165.0,H,25,Sochi,Renault
26,15,SAI,27,0,14,14,11,0,49,31.9,24.9,0.0,3.3,64.8,1016.5,167.0,H,26,Sochi,Renault
27,15,SAI,28,0,14,14,11,0,49,31.7,24.9,0.0,3.2,65.1,1016.4,138.0,H,27,Sochi,Renault
28,15,SAI,29,0,14,14,11,0,50,31.8,24.7,0.0,3.4,65.6,1016.5,152.0,H,28,Sochi,Renault
29,15,SAI,30,0,14,14,11,0,50,31.9,24.6,0.0,2.0,65.2,1016.5,164.0,H,29,Sochi,Renault
30,15,SAI,31,0,14,14,11,0,50,31.6,24.6,0.0,2.7,64.9,1016.6,162.0,H,30,Sochi,Renault
31,15,SAI,32,0,14,14,11,0,50,31.3,24.5,0.0,2.4,65.0,1016.5,174.0,H,31,Sochi,Renault
32,15,SAI,33,0,14,16,11,0,50,30.8,24.5,0.0,1.7,65.2,1016.6,155.0,M,0,Sochi,Renault
33,15,SAI,34,0,16,16,11,0,50,30.4,24.4,0.0,2.3,65.4,1016.5,135.0,M,1,Sochi,Renault
34,15,SAI,35,0,16,16,11,0,50,30.4,24.4,0.0,2.3,65.4,1016.5,135.0,M,2,Sochi,Renault
35,15,SAI,36,0,16,16,11,0,51,30.2,24.1,0.0,2.8,66.2,1016.5,143.0,M,3,Sochi,Renault
36,15,SAI,37,0,16,16,11,0,51,30.2,24.1,0.0,1.8,66.8,1016.5,105.0,M,4,Sochi,Renault
37,15,SAI,38,0,16,16,11,0,51,30.9,24.4,0.0,2.0,65.1,1016.5,134.0,M,5,Sochi,Renault
38,15,SAI,39,0,16,16,11,0,52,30.9,24.6,0.0,1.7,64.3,1016.5,120.0,M,6,Sochi,Renault
39,15,SAI,40,0,16,16,11,0,52,30.5,24.7,0.0,1.4,63.7,1016.4,165.0,M,7,Sochi,Renault
40,15,SAI,41,0,16,16,11,0,52,29.5,24.2,0.0,1.7,65.1,1016.6,141.0,M,8,Sochi,Renault
41,15,SAI,42,0,16,16,11,0,52,29.4,24.3,0.0,0.8,65.0,1016.6,70.0,M,9,Sochi,Renault
42,15,SAI,43,0,16,16,11,0,53,29.3,24.4,0.0,1.7,65.5,1016.7,96.0,M,10,Sochi,Renault
43,15,SAI,44,0,16,16,11,0,53,29.3,24.4,0.0,2.0,65.7,1016.6,95.0,M,11,Sochi,Renault
44,15,SAI,45,0,16,16,11,0,53,29.0,24.3,0.0,1.8,65.6,1016.6,40.0,M,12,Sochi,Renault
45,15,SAI,46,0,16,16,11,0,53,28.8,24.3,0.0,1.1,65.9,1016.7,30.0,M,13,Sochi,Renault
46,15,SAI,47,0,16,16,11,0,53,29.0,24.5,0.0,1.7,65.8,1016.7,32.0,M,14,Sochi,Renault
47,15,SAI,48,0,16,16,11,0,53,29.0,24.6,0.0,1.1,66.1,1016.6,5.0,M,15,Sochi,Renault
48,15,SAI,49,0,16,16,11,0,53,29.0,24.7,0.0,1.5,65.8,1016.6,66.0,M,16,Sochi,Renault
49,15,SAI,50,0,16,16,11,0,53,28.8,24.6,0.0,1.3,66.2,1016.6,47.0,M,17,Sochi,Renault
50,15,SAI,51,0,16,17,11,0,53,28.8,24.6,0.0,1.3,66.1,1016.7,178.0,M,18,Sochi,Renault
0,15,HUL,1,1,12,12,12,0,44,29.8,25.2,0.0,1.0,54.0,1016.7,164.0,H,0,Sochi,Renault
1,15,HUL,2,0,12,13,12,0,42,28.8,24.9,0.0,1.7,55.0,1016.6,42.0,H,1,Sochi,Renault
2,15,HUL,3,0,13,13,12,0,36,29.1,25.0,0.0,1.8,55.6,1016.7,3.0,H,2,Sochi,Renault
3,15,HUL,4,1,13,14,12,0,34,29.4,25.2,0.0,1.6,57.4,1016.6,33.0,H,3,Sochi,Renault
4,15,HUL,5,0,14,14,12,0,42,29.4,25.4,0.0,1.3,56.4,1016.6,134.0,H,4,Sochi,Renault
5,15,HUL,6,0,14,13,12,0,46,29.4,25.4,0.0,1.9,56.7,1016.6,156.0,H,5,Sochi,Renault
6,15,HUL,7,0,13,13,12,0,48,29.0,25.3,0.0,1.0,56.6,1016.5,74.0,H,6,Sochi,Renault
7,15,HUL,8,0,13,12,12,0,48,29.1,25.5,0.0,1.2,56.2,1016.6,146.0,H,7,Sochi,Renault
8,15,HUL,9,0,12,12,12,0,49,30.1,25.6,0.0,1.0,55.6,1016.4,49.0,H,8,Sochi,Renault
9,15,HUL,10,0,12,10,12,0,50,30.3,25.7,0.0,1.5,54.2,1016.5,179.0,H,9,Sochi,Renault
10,15,HUL,11,0,10,8,12,0,51,31.0,25.7,0.0,1.7,53.6,1016.5,166.0,H,10,Sochi,Renault
11,15,HUL,12,0,8,8,12,0,52,31.1,25.7,0.0,1.4,53.6,1016.5,37.0,H,11,Sochi,Renault
12,15,HUL,13,0,8,7,12,0,53,31.3,26.0,0.0,1.6,57.0,1016.5,161.0,H,12,Sochi,Renault
13,15,HUL,14,0,7,7,12,0,54,31.0,25.5,0.0,3.1,62.9,1016.5,179.0,H,13,Sochi,Renault
14,15,HUL,15,0,7,7,12,0,54,31.0,25.4,0.0,3.5,63.0,1016.5,176.0,H,14,Sochi,Renault
15,15,HUL,16,0,7,7,12,0,55,30.8,25.2,0.0,2.7,63.5,1016.6,184.0,H,15,Sochi,Renault
16,15,HUL,17,0,7,7,12,0,55,31.1,25.3,0.0,2.7,63.1,1016.6,161.0,H,16,Sochi,Renault
17,15,HUL,18,0,7,7,12,0,55,30.7,25.4,0.0,2.4,63.0,1016.5,176.0,H,17,Sochi,Renault
18,15,HUL,19,0,7,7,12,0,56,30.5,24.9,0.0,3.6,64.6,1016.5,161.0,H,18,Sochi,Renault
19,15,HUL,20,0,7,7,12,0,56,31.6,24.7,0.0,3.4,64.7,1016.4,169.0,H,19,Sochi,Renault
20,15,HUL,21,0,7,7,12,0,56,31.7,24.8,0.0,3.5,64.8,1016.4,163.0,H,20,Sochi,Renault
21,15,HUL,22,0,7,7,12,0,57,31.9,24.7,0.0,2.7,64.9,1016.5,133.0,H,21,Sochi,Renault
22,15,HUL,23,0,7,7,12,0,57,31.9,24.7,0.0,2.7,64.9,1016.5,133.0,H,22,Sochi,Renault
23,15,HUL,24,0,7,7,12,0,57,32.3,24.9,0.0,3.0,63.9,1016.6,165.0,H,23,Sochi,Renault
24,15,HUL,25,0,7,7,12,0,57,32.3,24.9,0.0,3.4,64.0,1016.5,165.0,H,24,Sochi,Renault
25,15,HUL,26,0,7,7,12,0,58,31.9,24.9,0.0,3.3,64.8,1016.5,167.0,H,25,Sochi,Renault
26,15,HUL,27,0,7,7,12,0,58,31.7,24.9,0.0,3.2,65.1,1016.4,138.0,H,26,Sochi,Renault
27,15,HUL,28,0,7,7,12,0,58,31.6,24.6,0.0,2.7,64.9,1016.6,162.0,H,27,Sochi,Renault
28,15,HUL,29,0,7,7,12,0,58,31.3,24.5,0.0,2.4,65.0,1016.5,174.0,H,28,Sochi,Renault
29,15,HUL,30,0,7,7,12,0,58,31.2,24.5,0.0,2.7,65.2,1016.5,160.0,H,29,Sochi,Renault
30,15,HUL,31,0,7,7,12,0,58,30.9,24.5,0.0,2.2,65.3,1016.6,160.0,H,30,Sochi,Renault
31,15,HUL,32,0,7,7,12,0,58,30.8,24.5,0.0,1.7,65.2,1016.6,155.0,H,31,Sochi,Renault
32,15,HUL,33,0,7,7,12,0,57,30.4,24.4,0.0,2.3,65.4,1016.5,135.0,H,32,Sochi,Renault
33,15,HUL,34,0,7,7,12,0,57,30.4,24.4,0.0,2.3,65.4,1016.5,135.0,H,33,Sochi,Renault
34,15,HUL,35,0,7,7,12,0,57,30.2,24.1,0.0,1.8,66.8,1016.5,105.0,H,34,Sochi,Renault
35,15,HUL,36,0,7,11,12,0,57,30.5,24.3,0.0,1.4,65.6,1016.4,151.0,M,0,Sochi,Renault
36,15,HUL,37,0,11,11,12,0,57,30.9,24.4,0.0,2.0,65.1,1016.5,134.0,M,1,Sochi,Renault
37,15,HUL,38,0,11,11,12,0,57,30.9,24.6,0.0,1.7,64.3,1016.5,120.0,M,2,Sochi,Renault
38,15,HUL,39,0,11,11,12,0,57,30.5,24.7,0.0,1.4,63.7,1016.4,165.0,M,3,Sochi,Renault
39,15,HUL,40,0,11,11,12,0,57,29.5,24.2,0.0,1.7,65.1,1016.6,141.0,M,4,Sochi,Renault
40,15,HUL,41,0,11,11,12,0,57,29.3,24.4,0.0,1.7,65.5,1016.7,96.0,M,5,Sochi,Renault
41,15,HUL,42,0,11,11,12,0,57,29.3,24.4,0.0,2.0,65.7,1016.6,95.0,M,6,Sochi,Renault
42,15,HUL,43,0,11,11,12,0,57,29.0,24.3,0.0,2.2,65.5,1016.6,21.0,M,7,Sochi,Renault
43,15,HUL,44,0,11,11,12,0,57,29.0,24.3,0.0,1.9,65.5,1016.5,25.0,M,8,Sochi,Renault
44,15,HUL,45,0,11,11,12,0,57,29.0,24.3,0.0,1.8,65.6,1016.6,40.0,M,9,Sochi,Renault
45,15,HUL,46,0,11,12,12,0,57,28.9,24.3,0.0,1.7,65.2,1016.7,11.0,M,10,Sochi,Renault
46,15,HUL,47,0,12,12,12,0,57,29.1,24.5,0.0,1.5,65.9,1016.6,50.0,M,11,Sochi,Renault
47,15,HUL,48,0,12,12,12,0,58,29.0,24.6,0.0,1.1,66.1,1016.6,5.0,M,12,Sochi,Renault
48,15,HUL,49,0,12,12,12,0,58,28.8,24.6,0.0,1.3,66.2,1016.6,47.0,M,13,Sochi,Renault
49,15,HUL,50,0,12,12,12,0,58,28.3,24.3,0.0,0.6,67.5,1016.7,60.0,M,14,Sochi,Renault
50,15,HUL,51,0,12,12,12,0,58,28.6,24.5,0.0,1.7,67.1,1016.7,130.0,M,15,Sochi,Renault
51,15,HUL,52,0,12,12,12,0,59,28.7,24.5,0.0,1.1,66.8,1016.7,21.0,M,16,Sochi,Renault
0,15,SIR,1,1,15,15,15,0,33,29.8,25.2,0.0,1.0,54.0,1016.7,164.0,M,0,Sochi,Williams
1,15,SIR,2,0,15,15,15,0,28,29.8,25.1,0.0,1.9,56.2,1016.7,153.0,M,1,Sochi,Williams
2,15,SIR,3,0,15,16,15,0,30,29.4,25.2,0.0,1.6,57.4,1016.6,33.0,M,2,Sochi,Williams
3,15,SIR,4,1,16,16,15,0,35,29.4,25.4,0.0,1.3,56.4,1016.6,134.0,M,3,Sochi,Williams
4,15,SIR,5,0,16,16,15,0,43,29.4,25.4,0.0,1.9,56.7,1016.6,156.0,M,4,Sochi,Williams
5,15,SIR,6,0,16,16,15,0,45,29.0,25.3,0.0,1.0,56.6,1016.5,74.0,M,5,Sochi,Williams
6,15,SIR,7,0,16,16,15,0,47,30.1,25.6,0.0,1.0,55.6,1016.4,49.0,M,6,Sochi,Williams
7,15,SIR,8,0,16,16,15,0,46,31.0,25.7,0.0,1.7,53.6,1016.5,166.0,M,7,Sochi,Williams
8,15,SIR,9,0,16,15,15,0,47,31.1,25.7,0.0,1.4,53.6,1016.5,37.0,M,8,Sochi,Williams
9,15,SIR,10,0,15,17,15,0,48,31.5,25.9,0.0,0.7,55.2,1016.5,166.0,M,9,Sochi,Williams
10,15,SIR,11,0,17,18,15,0,48,31.0,25.8,0.0,2.6,59.4,1016.5,158.0,H,0,Sochi,Williams
11,15,SIR,12,0,18,18,15,0,49,30.9,25.6,0.0,2.5,62.1,1016.6,165.0,H,1,Sochi,Williams
12,15,SIR,13,0,18,18,15,0,50,31.0,25.5,0.0,3.1,62.9,1016.5,179.0,H,2,Sochi,Williams
13,15,SIR,14,0,18,18,15,0,50,31.0,25.4,0.0,3.5,63.0,1016.5,176.0,H,3,Sochi,Williams
14,15,SIR,15,0,18,18,15,0,51,30.8,25.2,0.0,2.7,63.5,1016.6,184.0,H,4,Sochi,Williams
15,15,SIR,16,0,18,18,15,0,51,31.1,25.3,0.0,2.7,63.1,1016.6,161.0,H,5,Sochi,Williams
16,15,SIR,17,0,18,18,15,0,52,30.7,25.4,0.0,2.4,63.0,1016.5,176.0,H,6,Sochi,Williams
17,15,SIR,18,0,18,18,15,0,52,30.5,25.1,0.0,3.6,63.6,1016.5,175.0,H,7,Sochi,Williams
18,15,SIR,19,0,18,18,15,0,52,30.5,24.9,0.0,3.6,64.6,1016.5,161.0,H,8,Sochi,Williams
19,15,SIR,20,0,18,18,15,0,52,31.1,25.0,0.0,3.5,64.0,1016.4,179.0,H,9,Sochi,Williams
20,15,SIR,21,0,18,18,15,0,52,31.2,24.9,0.0,4.5,64.3,1016.4,161.0,H,10,Sochi,Williams
21,15,SIR,22,0,18,18,15,0,52,31.1,24.7,0.0,4.7,64.8,1016.5,148.0,H,11,Sochi,Williams
22,15,SIR,23,0,18,18,15,0,52,31.1,24.6,0.0,3.7,65.1,1016.4,123.0,H,12,Sochi,Williams
23,15,SIR,24,0,18,18,15,0,52,31.1,24.6,0.0,3.0,65.3,1016.4,164.0,H,13,Sochi,Williams
24,15,SIR,25,0,18,18,15,0,52,31.7,24.8,0.0,3.5,64.8,1016.4,163.0,H,14,Sochi,Williams
25,15,SIR,26,0,18,18,15,0,53,31.9,24.7,0.0,2.7,64.9,1016.5,133.0,H,15,Sochi,Williams
26,15,SIR,27,0,18,18,15,0,53,31.9,24.7,0.0,2.7,64.9,1016.5,133.0,H,16,Sochi,Williams
27,15,SIR,28,0,18,18,15,0,53,32.3,24.9,0.0,3.2,64.3,1016.5,177.0,H,17,Sochi,Williams
28,15,SIR,29,0,18,18,15,0,53,32.3,24.9,0.0,3.4,64.0,1016.5,165.0,H,18,Sochi,Williams
29,15,SIR,30,0,18,18,15,0,53,31.9,24.9,0.0,3.3,64.8,1016.5,167.0,H,19,Sochi,Williams
30,15,SIR,31,0,18,18,15,0,54,31.7,24.9,0.0,3.2,65.1,1016.4,138.0,H,20,Sochi,Williams
31,15,SIR,32,0,18,18,15,0,54,31.8,24.7,0.0,3.4,65.6,1016.5,152.0,H,21,Sochi,Williams
32,15,SIR,33,0,18,18,15,0,54,31.8,24.6,0.0,2.6,65.5,1016.5,167.0,H,22,Sochi,Williams
33,15,SIR,34,0,18,18,15,0,54,31.2,24.5,0.0,2.7,65.2,1016.5,160.0,H,23,Sochi,Williams
34,15,SIR,35,0,18,18,15,0,55,30.9,24.5,0.0,2.2,65.3,1016.6,160.0,H,24,Sochi,Williams
35,15,SIR,36,0,18,18,15,0,55,30.8,24.5,0.0,1.7,65.2,1016.6,155.0,H,25,Sochi,Williams
36,15,SIR,37,0,18,18,15,0,55,30.6,24.4,0.0,2.3,65.3,1016.5,141.0,H,26,Sochi,Williams
37,15,SIR,38,0,18,18,15,0,56,30.2,24.1,0.0,2.8,66.4,1016.5,149.0,H,27,Sochi,Williams
38,15,SIR,39,0,18,18,15,0,56,30.9,24.6,0.0,1.7,64.3,1016.5,120.0,H,28,Sochi,Williams
39,15,SIR,40,0,18,18,15,0,56,30.5,24.7,0.0,1.4,63.7,1016.4,165.0,H,29,Sochi,Williams
40,15,SIR,41,0,18,18,15,0,56,29.5,24.2,0.0,2.4,65.5,1016.4,167.0,H,30,Sochi,Williams
41,15,SIR,42,0,18,18,15,0,56,29.5,24.1,0.0,2.5,66.1,1016.5,89.0,H,31,Sochi,Williams
42,15,SIR,43,0,18,18,15,0,57,29.3,24.4,0.0,2.0,65.7,1016.6,95.0,H,32,Sochi,Williams
43,15,SIR,44,0,18,18,15,0,57,29.0,24.3,0.0,1.9,65.5,1016.5,25.0,H,33,Sochi,Williams
44,15,SIR,45,0,18,18,15,0,57,29.0,24.3,0.0,1.8,65.6,1016.6,40.0,H,34,Sochi,Williams
45,15,SIR,46,0,18,18,15,0,58,28.9,24.3,0.0,1.5,65.4,1016.7,30.0,H,35,Sochi,Williams
46,15,SIR,47,0,18,18,15,0,58,28.8,24.3,0.0,1.1,65.9,1016.7,30.0,H,36,Sochi,Williams
47,15,SIR,48,0,18,18,15,0,58,29.1,24.5,0.0,1.5,65.9,1016.6,50.0,H,37,Sochi,Williams
48,15,SIR,49,0,18,18,15,0,58,28.8,24.6,0.0,1.3,66.2,1016.6,47.0,H,38,Sochi,Williams
49,15,SIR,50,0,18,18,15,0,58,28.3,24.3,0.0,0.6,67.5,1016.7,60.0,H,39,Sochi,Williams
50,15,SIR,51,0,18,18,15,0,58,28.6,24.5,0.0,1.7,67.1,1016.7,130.0,H,40,Sochi,Williams
0,15,STR,1,1,14,14,14,0,37,29.8,25.2,0.0,1.0,54.0,1016.7,164.0,M,0,Sochi,Williams
1,15,STR,2,0,14,14,14,0,32,29.8,25.1,0.0,1.9,56.2,1016.7,153.0,M,1,Sochi,Williams
2,15,STR,3,0,14,15,14,0,31,29.4,25.2,0.0,1.6,57.4,1016.6,33.0,M,2,Sochi,Williams
3,15,STR,4,1,15,15,14,0,31,29.4,25.4,0.0,1.9,56.7,1016.6,156.0,M,3,Sochi,Williams
4,15,STR,5,0,15,15,14,0,38,29.0,25.3,0.0,1.0,56.6,1016.5,74.0,M,4,Sochi,Williams
5,15,STR,6,0,15,15,14,0,42,29.1,25.5,0.0,1.2,56.2,1016.6,146.0,M,5,Sochi,Williams
6,15,STR,7,0,15,17,14,0,43,30.1,25.6,0.0,1.0,55.6,1016.4,49.0,M,6,Sochi,Williams
7,15,STR,8,0,17,18,14,0,43,30.6,25.6,0.0,1.4,54.2,1016.6,133.0,H,0,Sochi,Williams
8,15,STR,9,0,18,18,14,0,45,30.7,25.6,0.0,2.0,53.9,1016.5,80.0,H,1,Sochi,Williams
9,15,STR,10,0,18,18,14,0,46,31.1,25.7,0.0,1.4,53.6,1016.5,37.0,H,2,Sochi,Williams
10,15,STR,11,0,18,17,14,0,47,31.5,25.9,0.0,0.7,55.2,1016.5,166.0,H,3,Sochi,Williams
11,15,STR,12,0,17,16,14,0,48,31.3,26.0,0.0,1.6,57.0,1016.5,161.0,H,4,Sochi,Williams
12,15,STR,13,0,16,16,14,0,48,30.8,25.2,0.0,2.7,63.5,1016.6,184.0,H,5,Sochi,Williams
13,15,STR,14,0,16,16,14,0,48,31.1,25.3,0.0,2.7,63.1,1016.6,161.0,H,6,Sochi,Williams
14,15,STR,15,0,16,16,14,0,48,30.5,25.1,0.0,3.6,63.6,1016.5,175.0,H,7,Sochi,Williams
15,15,STR,16,0,16,16,14,0,48,31.1,24.7,0.0,4.7,64.8,1016.5,148.0,H,8,Sochi,Williams
16,15,STR,17,0,16,16,14,0,48,31.1,24.6,0.0,3.7,65.1,1016.4,123.0,H,9,Sochi,Williams
17,15,STR,18,0,16,16,14,0,48,31.1,24.6,0.0,3.0,65.3,1016.4,164.0,H,10,Sochi,Williams
18,15,STR,19,0,16,16,14,0,48,31.6,24.7,0.0,3.4,64.7,1016.4,169.0,H,11,Sochi,Williams
19,15,STR,20,0,16,16,14,0,49,31.9,24.7,0.0,2.7,64.9,1016.5,133.0,H,12,Sochi,Williams
20,15,STR,21,0,16,16,14,0,49,32.3,24.9,0.0,3.2,64.3,1016.5,177.0,H,13,Sochi,Williams
21,15,STR,22,0,16,16,14,0,49,32.3,24.9,0.0,3.0,63.9,1016.6,165.0,H,14,Sochi,Williams
22,15,STR,23,0,16,16,14,0,49,32.3,24.9,0.0,3.4,64.0,1016.5,165.0,H,15,Sochi,Williams
23,15,STR,24,0,16,16,14,0,49,31.9,24.9,0.0,3.3,64.8,1016.5,167.0,H,16,Sochi,Williams
24,15,STR,25,0,16,16,14,0,50,31.7,24.9,0.0,3.2,65.1,1016.4,138.0,H,17,Sochi,Williams
25,15,STR,26,0,16,16,14,0,50,31.8,24.6,0.0,2.6,65.5,1016.5,167.0,H,18,Sochi,Williams
26,15,STR,27,0,16,16,14,0,50,31.6,24.6,0.0,2.7,64.9,1016.6,162.0,H,19,Sochi,Williams
27,15,STR,28,0,16,16,14,0,50,31.2,24.5,0.0,2.7,65.2,1016.5,160.0,H,20,Sochi,Williams
28,15,STR,29,0,16,16,14,0,50,30.9,24.5,0.0,2.2,65.3,1016.6,160.0,H,21,Sochi,Williams
29,15,STR,30,0,16,16,14,0,50,30.4,24.4,0.0,2.3,65.4,1016.5,135.0,H,22,Sochi,Williams
30,15,STR,31,0,16,16,14,0,50,30.4,24.4,0.0,2.3,65.4,1016.5,135.0,H,23,Sochi,Williams
31,15,STR,32,0,16,16,14,0,50,30.2,24.1,0.0,2.8,66.2,1016.5,143.0,H,24,Sochi,Williams
32,15,STR,33,0,16,15,14,0,50,30.2,24.1,0.0,1.8,66.8,1016.5,105.0,H,25,Sochi,Williams
33,15,STR,34,0,15,15,14,0,50,30.5,24.3,0.0,1.4,65.6,1016.4,151.0,H,26,Sochi,Williams
34,15,STR,35,0,15,15,14,0,50,30.9,24.4,0.0,2.0,65.1,1016.5,134.0,H,27,Sochi,Williams
35,15,STR,36,0,15,15,14,0,50,30.9,24.6,0.0,1.7,64.3,1016.5,120.0,H,28,Sochi,Williams
36,15,STR,37,0,15,15,14,0,51,30.9,24.6,0.0,1.7,64.3,1016.5,120.0,H,29,Sochi,Williams
37,15,STR,38,0,15,15,14,0,51,29.5,24.2,0.0,2.4,65.5,1016.4,167.0,H,30,Sochi,Williams
38,15,STR,39,0,15,15,14,0,51,29.5,24.1,0.0,2.5,66.1,1016.5,89.0,H,31,Sochi,Williams
39,15,STR,40,0,15,15,14,0,51,29.5,24.2,0.0,1.7,65.1,1016.6,141.0,H,32,Sochi,Williams
40,15,STR,41,0,15,15,14,0,51,29.4,24.1,0.0,1.8,65.5,1016.6,0.0,H,33,Sochi,Williams
41,15,STR,42,0,15,15,14,0,51,29.4,24.3,0.0,0.8,65.0,1016.6,70.0,H,34,Sochi,Williams
42,15,STR,43,0,15,15,14,0,52,29.3,24.4,0.0,2.0,65.7,1016.6,95.0,H,35,Sochi,Williams
43,15,STR,44,0,15,15,14,0,52,29.0,24.3,0.0,1.9,65.5,1016.5,25.0,H,36,Sochi,Williams
44,15,STR,45,0,15,15,14,0,52,28.8,24.3,0.0,1.1,65.9,1016.7,30.0,H,37,Sochi,Williams
45,15,STR,46,0,15,15,14,0,52,29.1,24.5,0.0,1.5,65.9,1016.6,50.0,H,38,Sochi,Williams
46,15,STR,47,0,15,15,14,0,52,29.0,24.6,0.0,1.1,66.1,1016.6,5.0,H,39,Sochi,Williams
47,15,STR,48,0,15,15,14,0,52,29.0,24.7,0.0,1.5,65.8,1016.6,66.0,H,40,Sochi,Williams
48,15,STR,49,0,15,15,14,0,52,28.8,24.6,0.0,1.3,66.1,1016.7,178.0,H,41,Sochi,Williams
49,15,STR,50,0,15,15,14,0,52,28.6,24.4,0.0,0.8,67.2,1016.7,119.0,H,42,Sochi,Williams
50,15,STR,51,0,15,15,14,0,52,28.3,24.3,0.0,0.6,67.5,1016.7,60.0,H,43,Sochi,Williams
51,15,STR,52,0,15,15,14,0,52,28.6,24.5,0.0,1.7,67.1,1016.7,130.0,H,44,Sochi,Williams
0,15,VAN,1,1,17,17,17,0,35,29.8,25.2,0.0,1.0,54.0,1016.7,164.0,M,0,Sochi,McLaren
1,15,VAN,2,0,17,18,17,0,27,29.8,25.1,0.0,1.9,56.2,1016.7,153.0,M,1,Sochi,McLaren
2,15,VAN,3,0,18,18,17,0,25,29.4,25.2,0.0,1.6,57.4,1016.6,33.0,M,2,Sochi,McLaren
3,15,VAN,4,1,18,18,17,0,30,29.4,25.4,0.0,1.3,56.4,1016.6,134.0,M,3,Sochi,McLaren
4,15,VAN,5,0,18,17,17,0,43,29.4,25.4,0.0,1.9,56.7,1016.6,156.0,M,4,Sochi,McLaren
5,15,VAN,6,0,17,17,17,0,47,29.0,25.3,0.0,1.0,56.6,1016.5,74.0,M,5,Sochi,McLaren
6,15,VAN,7,0,17,15,17,0,49,29.1,25.5,0.0,1.2,56.2,1016.6,146.0,M,6,Sochi,McLaren
7,15,VAN,8,0,15,15,17,0,49,30.3,25.7,0.0,1.5,54.2,1016.5,179.0,M,7,Sochi,McLaren
8,15,VAN,9,0,15,14,17,0,50,30.6,25.6,0.0,1.4,54.2,1016.6,133.0,M,8,Sochi,McLaren
9,15,VAN,10,0,14,14,17,0,51,30.7,25.6,0.0,2.0,53.9,1016.5,80.0,M,9,Sochi,McLaren
10,15,VAN,11,0,14,15,17,0,53,31.0,25.7,0.0,1.7,53.6,1016.5,166.0,M,10,Sochi,McLaren
11,15,VAN,12,0,15,17,17,0,53,31.1,25.7,0.0,1.4,53.6,1016.5,37.0,H,0,Sochi,McLaren
12,15,VAN,13,0,17,17,17,0,54,31.5,25.9,0.0,0.7,55.2,1016.5,166.0,H,1,Sochi,McLaren
13,15,VAN,14,0,17,17,17,0,55,30.9,25.6,0.0,2.5,62.1,1016.6,165.0,H,2,Sochi,McLaren
14,15,VAN,15,0,17,17,17,0,55,31.0,25.4,0.0,3.5,63.0,1016.5,176.0,H,3,Sochi,McLaren
15,15,VAN,16,0,17,17,17,0,55,30.7,25.4,0.0,2.4,63.0,1016.5,176.0,H,4,Sochi,McLaren
16,15,VAN,17,0,17,17,17,0,56,30.5,25.1,0.0,3.6,63.6,1016.5,175.0,H,5,Sochi,McLaren
17,15,VAN,18,0,17,17,17,0,56,30.5,24.9,0.0,3.6,64.6,1016.5,161.0,H,6,Sochi,McLaren
18,15,VAN,19,0,17,17,17,0,57,31.1,25.0,0.0,3.5,64.0,1016.4,179.0,H,7,Sochi,McLaren
19,15,VAN,20,0,17,17,17,0,57,31.1,24.7,0.0,4.7,64.8,1016.5,148.0,H,8,Sochi,McLaren
20,15,VAN,21,0,17,17,17,0,57,31.1,24.6,0.0,3.7,65.1,1016.4,123.0,H,9,Sochi,McLaren
21,15,VAN,22,0,17,17,17,0,57,31.9,24.7,0.0,2.7,64.9,1016.5,133.0,H,10,Sochi,McLaren
22,15,VAN,23,0,17,17,17,0,57,32.3,24.9,0.0,3.2,64.3,1016.5,177.0,H,11,Sochi,McLaren
23,15,VAN,24,0,17,17,17,0,57,32.3,24.9,0.0,3.0,63.9,1016.6,165.0,H,12,Sochi,McLaren
24,15,VAN,25,0,17,17,17,0,57,32.3,24.9,0.0,3.4,64.0,1016.5,165.0,H,13,Sochi,McLaren
25,15,VAN,26,0,17,17,17,0,58,31.8,24.7,0.0,3.4,65.6,1016.5,152.0,H,14,Sochi,McLaren
26,15,VAN,27,0,17,17,17,0,58,31.3,24.5,0.0,2.4,65.0,1016.5,174.0,H,15,Sochi,McLaren
27,15,VAN,28,0,17,17,17,0,58,31.2,24.5,0.0,2.7,65.2,1016.5,160.0,H,16,Sochi,McLaren
28,15,VAN,29,0,17,17,17,0,58,30.4,24.4,0.0,2.3,65.4,1016.5,135.0,H,17,Sochi,McLaren
29,15,VAN,30,0,17,17,17,0,59,30.4,24.4,0.0,2.3,65.4,1016.5,135.0,H,18,Sochi,McLaren
30,15,VAN,31,0,17,17,17,0,59,30.9,24.4,0.0,2.0,65.1,1016.5,134.0,H,19,Sochi,McLaren
31,15,VAN,32,0,17,17,17,0,59,30.9,24.6,0.0,1.7,64.3,1016.5,120.0,H,20,Sochi,McLaren
32,15,VAN,33,0,17,17,17,0,59,30.9,24.6,0.0,1.7,64.3,1016.5,120.0,H,21,Sochi,McLaren
33,15,VAN,34,0,17,17,17,0,59,30.5,24.7,0.0,1.4,63.7,1016.4,165.0,H,22,Sochi,McLaren
34,15,VAN,35,0,17,17,17,0,59,29.8,24.4,0.0,2.9,64.6,1016.4,125.0,H,23,Sochi,McLaren
35,15,VAN,36,0,17,17,17,0,59,29.5,24.2,0.0,2.4,65.5,1016.4,167.0,H,24,Sochi,McLaren
36,15,VAN,37,0,17,17,17,0,59,29.5,24.2,0.0,1.7,65.1,1016.6,141.0,H,25,Sochi,McLaren
37,15,VAN,38,0,17,17,17,0,60,29.4,24.3,0.0,0.8,65.0,1016.6,70.0,H,26,Sochi,McLaren
38,15,VAN,39,0,17,17,17,0,60,29.4,24.4,0.0,0.9,65.2,1016.5,164.0,H,27,Sochi,McLaren
39,15,VAN,40,0,17,17,17,0,60,29.3,24.4,0.0,1.7,65.5,1016.7,96.0,H,28,Sochi,McLaren
40,15,VAN,41,0,17,17,17,0,60,29.0,24.3,0.0,2.2,65.5,1016.6,21.0,H,29,Sochi,McLaren
41,15,VAN,42,0,17,17,17,0,60,29.0,24.3,0.0,1.9,65.5,1016.5,25.0,H,30,Sochi,McLaren
42,15,VAN,43,0,17,17,17,0,60,28.9,24.3,0.0,1.7,65.2,1016.7,11.0,H,31,Sochi,McLaren
43,15,VAN,44,0,17,17,17,0,60,28.8,24.3,0.0,1.1,65.9,1016.7,30.0,H,32,Sochi,McLaren
44,15,VAN,45,0,17,17,17,0,60,29.0,24.5,0.0,1.7,65.8,1016.7,32.0,H,33,Sochi,McLaren
45,15,VAN,46,0,17,17,17,0,60,29.0,24.7,0.0,1.5,65.8,1016.6,66.0,H,34,Sochi,McLaren
46,15,VAN,47,0,17,17,17,0,60,28.8,24.6,0.0,1.3,66.2,1016.6,47.0,H,35,Sochi,McLaren
47,15,VAN,48,0,17,17,17,0,60,28.6,24.4,0.0,0.8,67.2,1016.7,119.0,H,36,Sochi,McLaren
48,15,VAN,49,0,17,17,17,0,60,28.3,24.3,0.0,0.6,67.5,1016.7,60.0,H,37,Sochi,McLaren
49,15,VAN,50,0,17,17,17,0,60,28.6,24.5,0.0,1.7,67.1,1016.7,130.0,H,38,Sochi,McLaren
50,15,VAN,51,0,17,16,17,0,60,28.7,24.5,0.0,1.1,66.8,1016.7,21.0,H,39,Sochi,McLaren
0,15,ALO,1,1,16,16,16,0,56,29.8,25.1,0.0,1.9,56.2,1016.7,153.0,M,0,Sochi,McLaren
1,15,ALO,2,0,16,17,16,0,59,29.0,25.0,0.0,1.4,54.9,1016.7,173.0,M,1,Sochi,McLaren
2,15,ALO,3,0,17,17,16,0,58,29.1,25.1,0.0,1.0,56.9,1016.6,170.0,M,2,Sochi,McLaren
3,15,ALO,4,1,17,17,16,0,62,29.4,25.4,0.0,1.3,56.4,1016.6,134.0,M,3,Sochi,McLaren
4,15,ALO,5,0,17,18,16,0,71,29.4,25.4,0.0,1.9,56.7,1016.6,156.0,M,4,Sochi,McLaren
5,15,ALO,6,0,18,18,16,0,72,29.0,25.3,0.0,1.0,56.6,1016.5,74.0,H,0,Sochi,McLaren
6,15,ALO,7,0,18,18,16,0,75,29.1,25.5,0.0,1.2,56.2,1016.6,146.0,H,1,Sochi,McLaren
7,15,ALO,8,0,18,17,16,0,76,30.1,25.6,0.0,1.0,55.6,1016.4,49.0,H,2,Sochi,McLaren
8,15,ALO,9,0,17,17,16,0,77,30.3,25.7,0.0,1.5,54.2,1016.5,179.0,H,3,Sochi,McLaren
9,15,ALO,10,0,17,16,16,0,78,31.0,25.7,0.0,1.7,53.6,1016.5,166.0,H,4,Sochi,McLaren
10,15,ALO,11,0,16,16,16,0,79,31.1,25.7,0.0,1.4,53.6,1016.5,37.0,H,5,Sochi,McLaren
11,15,ALO,12,0,16,15,16,0,79,31.5,25.9,0.0,0.7,55.2,1016.5,166.0,H,6,Sochi,McLaren
12,15,ALO,13,0,15,15,16,0,80,31.3,26.0,0.0,1.6,57.0,1016.5,161.0,H,7,Sochi,McLaren
13,15,ALO,14,0,15,15,16,0,80,30.9,25.6,0.0,2.5,62.1,1016.6,165.0,H,8,Sochi,McLaren
14,15,ALO,15,0,15,15,16,0,81,31.0,25.5,0.0,3.1,62.9,1016.5,179.0,H,9,Sochi,McLaren
15,15,ALO,16,0,15,15,16,0,81,30.8,25.2,0.0,2.7,63.5,1016.6,184.0,H,10,Sochi,McLaren
16,15,ALO,17,0,15,15,16,0,81,31.1,25.3,0.0,2.7,63.1,1016.6,161.0,H,11,Sochi,McLaren
17,15,ALO,18,0,15,15,16,0,82,30.7,25.4,0.0,2.4,63.0,1016.5,176.0,H,12,Sochi,McLaren
18,15,ALO,19,0,15,15,16,0,82,30.5,24.9,0.0,3.6,64.6,1016.5,161.0,H,13,Sochi,McLaren
19,15,ALO,20,0,15,15,16,0,83,31.1,24.7,0.0,4.7,64.8,1016.5,148.0,H,14,Sochi,McLaren
20,15,ALO,21,0,15,15,16,0,83,31.7,24.8,0.0,3.5,64.8,1016.4,163.0,H,15,Sochi,McLaren
21,15,ALO,22,0,15,15,16,0,83,31.9,24.7,0.0,2.7,64.9,1016.5,133.0,H,16,Sochi,McLaren
22,15,ALO,23,0,15,15,16,0,83,32.3,24.9,0.0,3.4,64.0,1016.5,165.0,H,17,Sochi,McLaren
23,15,ALO,24,0,15,15,16,0,83,31.9,24.9,0.0,3.3,64.8,1016.5,167.0,H,18,Sochi,McLaren
24,15,ALO,25,0,15,15,16,0,83,31.7,24.9,0.0,3.2,65.1,1016.4,138.0,H,19,Sochi,McLaren
25,15,ALO,26,0,15,15,16,0,84,31.9,24.6,0.0,2.0,65.2,1016.5,164.0,H,20,Sochi,McLaren
26,15,ALO,27,0,15,15,16,0,84,31.6,24.6,0.0,2.7,64.9,1016.6,162.0,H,21,Sochi,McLaren
27,15,ALO,28,0,15,15,16,0,84,31.3,24.5,0.0,2.4,65.0,1016.5,174.0,H,22,Sochi,McLaren
28,15,ALO,29,0,15,15,16,0,84,31.2,24.5,0.0,2.7,65.2,1016.5,160.0,H,23,Sochi,McLaren
29,15,ALO,30,0,15,15,16,0,83,30.9,24.5,0.0,2.2,65.3,1016.6,160.0,H,24,Sochi,McLaren
30,15,ALO,31,0,15,15,16,0,83,30.8,24.5,0.0,1.7,65.2,1016.6,155.0,H,25,Sochi,McLaren
31,15,ALO,32,0,15,15,16,0,83,30.4,24.4,0.0,2.3,65.4,1016.5,135.0,H,26,Sochi,McLaren
32,15,ALO,33,0,15,14,16,0,83,30.2,24.1,0.0,1.8,66.8,1016.5,105.0,H,27,Sochi,McLaren
33,15,ALO,34,0,14,14,16,0,83,30.5,24.3,0.0,1.4,65.6,1016.4,151.0,H,28,Sochi,McLaren
34,15,ALO,35,0,14,14,16,0,82,30.9,24.4,0.0,2.0,65.1,1016.5,134.0,H,29,Sochi,McLaren
35,15,ALO,36,0,14,14,16,0,82,30.9,24.6,0.0,1.7,64.3,1016.5,120.0,H,30,Sochi,McLaren
36,15,ALO,37,0,14,14,16,0,82,30.9,24.6,0.0,1.7,64.3,1016.5,120.0,H,31,Sochi,McLaren
37,15,ALO,38,0,14,14,16,0,82,30.5,24.7,0.0,1.4,63.7,1016.4,165.0,H,32,Sochi,McLaren
38,15,ALO,39,0,14,14,16,0,82,29.8,24.4,0.0,2.9,64.6,1016.4,125.0,H,33,Sochi,McLaren
39,15,ALO,40,0,14,14,16,0,82,29.5,24.2,0.0,2.4,65.5,1016.4,167.0,H,34,Sochi,McLaren
40,15,ALO,41,0,14,14,16,0,82,29.5,24.2,0.0,1.7,65.1,1016.6,141.0,H,35,Sochi,McLaren
41,15,ALO,42,0,14,14,16,0,82,29.4,24.1,0.0,1.8,65.5,1016.6,0.0,H,36,Sochi,McLaren
42,15,ALO,43,0,14,14,16,0,83,29.4,24.3,0.0,0.8,65.0,1016.6,70.0,H,37,Sochi,McLaren
43,15,ALO,44,0,14,14,16,0,83,29.3,24.4,0.0,1.7,65.5,1016.7,96.0,H,38,Sochi,McLaren
44,15,ALO,45,0,14,14,16,0,83,29.3,24.4,0.0,2.0,65.7,1016.6,95.0,H,39,Sochi,McLaren
45,15,ALO,46,0,14,14,16,0,83,29.0,24.3,0.0,1.9,65.5,1016.5,25.0,H,40,Sochi,McLaren
46,15,ALO,47,0,14,14,16,0,83,29.1,24.4,0.0,2.1,65.5,1016.7,14.0,H,41,Sochi,McLaren
47,15,ALO,48,0,14,14,16,0,83,28.8,24.3,0.0,1.1,65.9,1016.7,30.0,H,42,Sochi,McLaren
48,15,ALO,49,0,14,14,16,0,83,29.0,24.5,0.0,1.7,65.8,1016.7,32.0,H,43,Sochi,McLaren
49,15,ALO,50,0,14,14,16,0,83,29.1,24.5,0.0,1.5,65.9,1016.6,50.0,H,44,Sochi,McLaren
50,15,ALO,51,0,14,14,16,0,83,28.8,24.6,0.0,1.3,66.2,1016.6,47.0,H,45,Sochi,McLaren
51,15,ALO,52,0,14,14,16,0,83,28.7,24.5,0.0,1.1,66.8,1016.7,21.0,H,46,Sochi,McLaren
0,15,GAS,1,1,20,20,20,0,35,31.6,24.6,0.0,2.7,64.9,1016.6,162.0,H,0,Sochi,Toro Rosso
1,15,GAS,2,0,20,20,20,0,26,31.3,24.5,0.0,2.4,65.0,1016.5,174.0,H,1,Sochi,Toro Rosso
2,15,GAS,3,0,20,19,20,0,27,30.9,24.6,0.0,1.7,64.3,1016.5,120.0,H,2,Sochi,Toro Rosso
3,15,GAS,4,1,19,19,20,1,19,30.5,24.7,0.0,1.4,63.7,1016.4,165.0,H,3,Sochi,Toro Rosso
0,15,RIC,1,1,18,18,18,0,35,28.8,24.9,0.0,1.7,55.0,1016.6,42.0,H,0,Sochi,Red Bull Racing
1,15,RIC,2,0,18,16,18,0,32,29.4,25.4,0.0,1.3,56.4,1016.6,134.0,H,1,Sochi,Red Bull Racing
2,15,RIC,3,0,16,14,18,0,35,29.1,25.5,0.0,1.2,56.2,1016.6,146.0,H,2,Sochi,Red Bull Racing
3,15,RIC,4,1,14,13,18,0,39,30.3,25.7,0.0,1.5,54.2,1016.5,179.0,H,3,Sochi,Red Bull Racing
4,15,RIC,5,0,13,12,18,0,46,31.1,25.7,0.0,1.4,53.6,1016.5,37.0,H,4,Sochi,Red Bull Racing
5,15,RIC,6,0,12,12,18,0,49,31.5,25.9,0.0,0.7,55.2,1016.5,166.0,H,5,Sochi,Red Bull Racing
6,15,RIC,7,0,12,12,18,0,50,31.3,26.0,0.0,1.6,57.0,1016.5,161.0,H,6,Sochi,Red Bull Racing
7,15,RIC,8,0,12,11,18,0,50,30.9,25.6,0.0,2.5,62.1,1016.6,165.0,H,7,Sochi,Red Bull Racing
8,15,RIC,9,0,11,10,18,0,51,31.1,25.3,0.0,2.7,63.1,1016.6,161.0,H,8,Sochi,Red Bull Racing
9,15,RIC,10,0,10,9,18,0,52,31.1,25.3,0.0,2.7,63.1,1016.6,161.0,H,9,Sochi,Red Bull Racing
10,15,RIC,11,0,9,7,18,0,53,30.7,25.4,0.0,2.4,63.0,1016.5,176.0,H,10,Sochi,Red Bull Racing
11,15,RIC,12,0,7,6,18,0,55,30.5,25.1,0.0,3.6,63.6,1016.5,175.0,H,11,Sochi,Red Bull Racing
12,15,RIC,13,0,6,6,18,0,58,30.5,24.9,0.0,3.6,64.6,1016.5,161.0,H,12,Sochi,Red Bull Racing
13,15,RIC,14,0,6,6,18,0,60,31.1,25.0,0.0,3.5,64.0,1016.4,179.0,H,13,Sochi,Red Bull Racing
14,15,RIC,15,0,6,6,18,0,61,31.1,24.7,0.0,4.7,64.8,1016.5,148.0,H,14,Sochi,Red Bull Racing
15,15,RIC,16,0,6,6,18,0,63,31.2,24.6,0.0,3.8,65.5,1016.5,162.0,H,15,Sochi,Red Bull Racing
16,15,RIC,17,0,6,6,18,0,65,31.1,24.6,0.0,3.7,65.1,1016.4,123.0,H,16,Sochi,Red Bull Racing
17,15,RIC,18,0,6,6,18,0,66,31.1,24.6,0.0,3.0,65.3,1016.4,164.0,H,17,Sochi,Red Bull Racing
18,15,RIC,19,0,6,6,18,0,66,31.6,24.7,0.0,3.4,64.7,1016.4,169.0,H,18,Sochi,Red Bull Racing
19,15,RIC,20,0,6,6,18,0,66,31.9,24.7,0.0,2.7,64.9,1016.5,133.0,H,19,Sochi,Red Bull Racing
20,15,RIC,21,0,6,6,18,0,66,32.3,24.9,0.0,3.2,64.3,1016.5,177.0,H,20,Sochi,Red Bull Racing
21,15,RIC,22,0,6,6,18,0,66,32.3,24.9,0.0,3.0,63.9,1016.6,165.0,H,21,Sochi,Red Bull Racing
22,15,RIC,23,0,6,6,18,0,66,32.3,24.9,0.0,3.4,64.0,1016.5,165.0,H,22,Sochi,Red Bull Racing
23,15,RIC,24,0,6,6,18,0,66,32.3,24.9,0.0,3.4,64.0,1016.5,165.0,H,23,Sochi,Red Bull Racing
24,15,RIC,25,0,6,6,18,0,66,31.9,24.9,0.0,3.3,64.8,1016.5,167.0,H,24,Sochi,Red Bull Racing
25,15,RIC,26,0,6,6,18,0,66,31.7,24.9,0.0,3.2,65.1,1016.4,138.0,H,25,Sochi,Red Bull Racing
26,15,RIC,27,0,6,6,18,0,66,31.9,24.6,0.0,2.0,65.2,1016.5,164.0,H,26,Sochi,Red Bull Racing
27,15,RIC,28,0,6,6,18,0,66,31.6,24.6,0.0,2.7,64.9,1016.6,162.0,H,27,Sochi,Red Bull Racing
28,15,RIC,29,0,6,6,18,0,66,31.2,24.5,0.0,2.7,65.2,1016.5,160.0,H,28,Sochi,Red Bull Racing
29,15,RIC,30,0,6,6,18,0,66,30.9,24.5,0.0,2.2,65.3,1016.6,160.0,H,29,Sochi,Red Bull Racing
30,15,RIC,31,0,6,6,18,0,66,30.8,24.5,0.0,1.7,65.2,1016.6,155.0,H,30,Sochi,Red Bull Racing
31,15,RIC,32,0,6,6,18,0,66,30.6,24.4,0.0,2.3,65.3,1016.5,141.0,H,31,Sochi,Red Bull Racing
32,15,RIC,33,0,6,6,18,0,66,30.4,24.4,0.0,2.3,65.4,1016.5,135.0,H,32,Sochi,Red Bull Racing
33,15,RIC,34,0,6,6,18,0,66,30.4,24.4,0.0,2.3,65.4,1016.5,135.0,H,33,Sochi,Red Bull Racing
34,15,RIC,35,0,6,6,18,0,66,30.4,24.4,0.0,2.3,65.4,1016.5,135.0,H,34,Sochi,Red Bull Racing
35,15,RIC,36,0,6,6,18,0,66,30.2,24.1,0.0,1.8,66.8,1016.5,105.0,H,35,Sochi,Red Bull Racing
36,15,RIC,37,0,6,6,18,0,66,30.5,24.3,0.0,1.4,65.6,1016.4,151.0,H,36,Sochi,Red Bull Racing
37,15,RIC,38,0,6,6,18,0,66,30.9,24.4,0.0,2.0,65.1,1016.5,134.0,H,37,Sochi,Red Bull Racing
38,15,RIC,39,0,6,6,18,0,66,30.5,24.7,0.0,1.4,63.7,1016.4,165.0,H,38,Sochi,Red Bull Racing
39,15,RIC,40,0,6,6,18,0,66,29.5,24.2,0.0,1.7,65.1,1016.6,141.0,M,0,Sochi,Red Bull Racing
40,15,RIC,41,0,6,6,18,0,66,29.4,24.1,0.0,1.8,65.5,1016.6,0.0,M,1,Sochi,Red Bull Racing
41,15,RIC,42,0,6,6,18,0,66,29.4,24.3,0.0,0.8,65.0,1016.6,70.0,M,2,Sochi,Red Bull Racing
42,15,RIC,43,0,6,6,18,0,66,29.3,24.4,0.0,2.0,65.7,1016.6,95.0,M,3,Sochi,Red Bull Racing
43,15,RIC,44,0,6,6,18,0,66,29.1,24.4,0.0,2.1,65.5,1016.7,14.0,M,4,Sochi,Red Bull Racing
44,15,RIC,45,0,6,6,18,0,66,28.9,24.3,0.0,1.7,65.2,1016.7,11.0,M,5,Sochi,Red Bull Racing
45,15,RIC,46,0,6,6,18,0,66,28.9,24.3,0.0,1.5,65.4,1016.7,30.0,M,6,Sochi,Red Bull Racing
46,15,RIC,47,0,6,6,18,0,65,28.8,24.3,0.0,1.1,65.9,1016.7,30.0,M,7,Sochi,Red Bull Racing
47,15,RIC,48,0,6,6,18,0,65,29.1,24.5,0.0,1.5,65.9,1016.6,50.0,M,8,Sochi,Red Bull Racing
48,15,RIC,49,0,6,6,18,0,65,29.0,24.6,0.0,1.1,66.1,1016.6,5.0,M,9,Sochi,Red Bull Racing
49,15,RIC,50,0,6,6,18,0,65,28.8,24.6,0.0,1.3,66.2,1016.6,47.0,M,10,Sochi,Red Bull Racing
50,15,RIC,51,0,6,6,18,0,65,28.8,24.6,0.0,1.3,66.1,1016.7,178.0,M,11,Sochi,Red Bull Racing
51,15,RIC,52,0,6,6,18,0,65,28.6,24.4,0.0,0.8,67.2,1016.7,119.0,M,12,Sochi,Red Bull Racing
52,15,RIC,53,0,6,6,18,0,65,28.6,24.5,0.0,1.7,67.1,1016.7,130.0,M,13,Sochi,Red Bull Racing
0,15,VER,1,1,13,13,13,0,39,29.8,25.1,0.0,1.9,56.2,1016.7,153.0,H,0,Sochi,Red Bull Racing
1,15,VER,2,0,13,11,13,0,43,29.1,25.0,0.0,1.8,55.6,1016.7,3.0,H,1,Sochi,Red Bull Racing
2,15,VER,3,0,11,9,13,0,46,29.4,25.2,0.0,1.6,57.4,1016.6,33.0,H,2,Sochi,Red Bull Racing
3,15,VER,4,1,9,8,13,0,49,29.4,25.4,0.0,1.9,56.7,1016.6,156.0,H,3,Sochi,Red Bull Racing
4,15,VER,5,0,8,7,13,0,56,29.0,25.3,0.0,1.0,56.6,1016.5,74.0,H,4,Sochi,Red Bull Racing
5,15,VER,6,0,7,6,13,0,59,30.1,25.6,0.0,1.0,55.6,1016.4,49.0,H,5,Sochi,Red Bull Racing
6,15,VER,7,0,6,6,13,0,60,30.3,25.7,0.0,1.5,54.2,1016.5,179.0,H,6,Sochi,Red Bull Racing
7,15,VER,8,0,6,5,13,0,61,30.6,25.6,0.0,1.4,54.2,1016.6,133.0,H,7,Sochi,Red Bull Racing
8,15,VER,9,0,5,5,13,0,61,30.7,25.6,0.0,2.0,53.9,1016.5,80.0,H,8,Sochi,Red Bull Racing
9,15,VER,10,0,5,5,13,0,61,31.0,25.7,0.0,1.7,53.6,1016.5,166.0,H,9,Sochi,Red Bull Racing
10,15,VER,11,0,5,5,13,0,61,31.5,26.0,0.0,1.9,54.3,1016.5,122.0,H,10,Sochi,Red Bull Racing
11,15,VER,12,0,5,5,13,0,61,31.3,26.0,0.0,1.6,57.0,1016.5,161.0,H,11,Sochi,Red Bull Racing
12,15,VER,13,0,5,4,13,0,61,30.9,25.6,0.0,2.5,62.1,1016.6,165.0,H,12,Sochi,Red Bull Racing
13,15,VER,14,0,4,3,13,0,61,31.0,25.5,0.0,3.1,62.9,1016.5,179.0,H,13,Sochi,Red Bull Racing
14,15,VER,15,0,3,2,13,0,61,31.0,25.4,0.0,3.5,63.0,1016.5,176.0,H,14,Sochi,Red Bull Racing
15,15,VER,16,0,2,2,13,0,61,31.1,25.3,0.0,2.7,63.1,1016.6,161.0,H,15,Sochi,Red Bull Racing
16,15,VER,17,0,2,2,13,0,61,31.1,25.3,0.0,2.7,63.1,1016.6,161.0,H,16,Sochi,Red Bull Racing
17,15,VER,18,0,2,2,13,0,62,30.5,25.1,0.0,3.6,63.6,1016.5,175.0,H,17,Sochi,Red Bull Racing
18,15,VER,19,0,2,1,13,0,62,31.1,25.0,0.0,3.5,64.0,1016.4,179.0,H,18,Sochi,Red Bull Racing
19,15,VER,20,0,1,1,13,0,62,31.1,24.7,0.0,4.7,64.8,1016.5,148.0,H,19,Sochi,Red Bull Racing
20,15,VER,21,0,1,1,13,0,62,31.2,24.6,0.0,3.8,65.5,1016.5,162.0,H,20,Sochi,Red Bull Racing
21,15,VER,22,0,1,1,13,0,63,31.1,24.6,0.0,3.0,65.3,1016.4,164.0,H,21,Sochi,Red Bull Racing
22,15,VER,23,0,1,1,13,0,63,31.6,24.7,0.0,3.4,64.7,1016.4,169.0,H,22,Sochi,Red Bull Racing
23,15,VER,24,0,1,1,13,0,63,31.7,24.8,0.0,3.5,64.8,1016.4,163.0,H,23,Sochi,Red Bull Racing
24,15,VER,25,0,1,1,13,0,64,32.3,24.9,0.0,3.0,63.9,1016.6,165.0,H,24,Sochi,Red Bull Racing
25,15,VER,26,0,1,1,13,0,64,32.3,24.9,0.0,3.4,64.0,1016.5,165.0,H,25,Sochi,Red Bull Racing
26,15,VER,27,0,1,1,13,0,64,32.3,24.9,0.0,3.4,64.0,1016.5,165.0,H,26,Sochi,Red Bull Racing
27,15,VER,28,0,1,1,13,0,65,31.7,24.9,0.0,3.2,65.1,1016.4,138.0,H,27,Sochi,Red Bull Racing
28,15,VER,29,0,1,1,13,0,65,30.9,24.5,0.0,2.2,65.3,1016.6,160.0,H,28,Sochi,Red Bull Racing
29,15,VER,30,0,1,1,13,0,65,30.6,24.4,0.0,2.3,65.3,1016.5,141.0,H,29,Sochi,Red Bull Racing
30,15,VER,31,0,1,1,13,0,65,30.4,24.4,0.0,2.3,65.4,1016.5,135.0,H,30,Sochi,Red Bull Racing
31,15,VER,32,0,1,1,13,0,66,30.2,24.1,0.0,2.8,66.2,1016.5,143.0,H,31,Sochi,Red Bull Racing
32,15,VER,33,0,1,1,13,0,66,30.2,24.1,0.0,2.8,66.4,1016.5,149.0,H,32,Sochi,Red Bull Racing
33,15,VER,34,0,1,1,13,0,66,30.2,24.1,0.0,1.8,66.8,1016.5,105.0,H,33,Sochi,Red Bull Racing
34,15,VER,35,0,1,1,13,0,66,30.5,24.3,0.0,1.4,65.6,1016.4,151.0,H,34,Sochi,Red Bull Racing
35,15,VER,36,0,1,1,13,0,66,30.9,24.6,0.0,1.7,64.3,1016.5,120.0,H,35,Sochi,Red Bull Racing
36,15,VER,37,0,1,1,13,0,67,30.5,24.7,0.0,1.4,63.7,1016.4,165.0,H,36,Sochi,Red Bull Racing
37,15,VER,38,0,1,1,13,0,67,29.5,24.1,0.0,2.5,66.1,1016.5,89.0,H,37,Sochi,Red Bull Racing
38,15,VER,39,0,1,1,13,0,67,29.4,24.3,0.0,0.8,65.0,1016.6,70.0,H,38,Sochi,Red Bull Racing
39,15,VER,40,0,1,1,13,0,67,29.4,24.4,0.0,0.9,65.2,1016.5,164.0,H,39,Sochi,Red Bull Racing
40,15,VER,41,0,1,1,13,0,67,29.3,24.4,0.0,1.7,65.5,1016.7,96.0,H,40,Sochi,Red Bull Racing
41,15,VER,42,0,1,1,13,0,67,29.3,24.4,0.0,2.0,65.7,1016.6,95.0,H,41,Sochi,Red Bull Racing
42,15,VER,43,0,1,4,13,0,67,29.0,24.3,0.0,2.2,65.5,1016.6,21.0,H,42,Sochi,Red Bull Racing
43,15,VER,44,0,4,5,13,0,67,29.0,24.3,0.0,1.9,65.5,1016.5,25.0,M,0,Sochi,Red Bull Racing
44,15,VER,45,0,5,5,13,0,67,28.9,24.3,0.0,1.7,65.2,1016.7,11.0,M,1,Sochi,Red Bull Racing
45,15,VER,46,0,5,5,13,0,67,28.9,24.3,0.0,1.5,65.4,1016.7,30.0,M,2,Sochi,Red Bull Racing
46,15,VER,47,0,5,5,13,0,67,29.1,24.5,0.0,1.5,65.9,1016.6,50.0,M,3,Sochi,Red Bull Racing
47,15,VER,48,0,5,5,13,0,67,29.0,24.6,0.0,1.1,66.1,1016.6,5.0,M,4,Sochi,Red Bull Racing
48,15,VER,49,0,5,5,13,0,67,29.0,24.7,0.0,1.5,65.8,1016.6,66.0,M,5,Sochi,Red Bull Racing
49,15,VER,50,0,5,5,13,0,67,28.8,24.6,0.0,1.3,66.1,1016.7,178.0,M,6,Sochi,Red Bull Racing
50,15,VER,51,0,5,5,13,0,67,28.6,24.4,0.0,0.8,67.2,1016.7,119.0,M,7,Sochi,Red Bull Racing
51,15,VER,52,0,5,5,13,0,67,28.3,24.3,0.0,0.6,67.5,1016.7,60.0,M,8,Sochi,Red Bull Racing
52,15,VER,53,0,5,5,13,0,67,28.6,24.5,0.0,1.7,67.1,1016.7,130.0,M,9,Sochi,Red Bull Racing
0,15,HAR,1,1,19,19,19,0,51,29.1,25.5,0.0,1.2,56.2,1016.6,146.0,S,0,Sochi,Toro Rosso
1,15,HAR,2,0,19,19,19,0,44,30.7,25.6,0.0,2.0,53.9,1016.5,80.0,S,1,Sochi,Toro Rosso
2,15,HAR,3,0,19,20,19,0,47,30.7,25.4,0.0,2.4,63.0,1016.5,176.0,S,2,Sochi,Toro Rosso
3,15,HAR,4,1,20,20,19,1,28,31.1,24.7,0.0,4.7,64.8,1016.5,148.0,H,0,Sochi,Toro Rosso
