,driver,lap,trackStatus,position,grid,out,performance,trackTemp,airTemp,raining,windSpeed,humidity,pressure,windDir,tyre,tyreLap,track,team
0,HAM,1,0,1,1,0,58,34.0,30.0,0.0,1.6,64.4,1007.5,174.0,F,3.0,Singapore,Mercedes
1,HAM,2,0,1,1,0,50,33.6,30.0,0.0,3.1,63.7,1007.6,163.0,F,4.0,Singapore,Mercedes
2,HAM,3,0,1,1,0,53,33.6,29.9,0.0,2.1,63.6,1007.6,173.0,F,5.0,Singapore,Mercedes
3,HAM,4,0,1,1,0,52,33.7,29.8,0.0,1.6,63.6,1007.6,172.0,F,6.0,Singapore,Mercedes
4,HAM,5,0,1,1,0,55,33.8,29.8,0.0,2.4,63.7,1007.7,165.0,F,7.0,Singapore,Mercedes
5,HAM,6,0,1,1,0,58,33.9,29.9,0.0,1.1,63.8,1007.8,193.0,F,8.0,Singapore,Mercedes
6,HAM,7,0,1,1,0,60,34.1,30.0,0.0,2.3,63.8,1007.8,152.0,F,9.0,Singapore,Mercedes
7,HAM,8,0,1,1,0,61,34.0,30.0,0.0,1.3,64.3,1007.8,184.0,F,10.0,Singapore,Mercedes
8,HAM,9,0,1,1,0,62,33.9,30.2,0.0,2.7,63.1,1007.8,181.0,F,11.0,Singapore,Mercedes
9,HAM,10,0,1,1,0,63,33.7,30.2,0.0,2.7,63.1,1007.8,165.0,F,12.0,Singapore,Mercedes
10,HAM,11,0,1,1,0,63,33.5,30.2,0.0,1.6,63.2,1007.9,172.0,F,13.0,Singapore,Mercedes
11,HAM,12,0,1,1,0,64,33.8,30.2,0.0,2.4,63.4,1007.9,174.0,F,14.0,Singapore,Mercedes
12,HAM,13,0,1,1,0,65,33.8,30.2,0.0,2.0,63.3,1007.8,167.0,F,15.0,Singapore,Mercedes
13,HAM,14,0,1,1,0,66,33.5,30.0,0.0,2.0,63.8,1007.9,171.0,F,16.0,Singapore,Mercedes
14,HAM,15,0,2,1,0,67,33.5,30.1,0.0,3.5,63.2,1007.9,170.0,F,17.0,Singapore,Mercedes
15,HAM,16,0,5,1,0,67,33.5,30.1,0.0,3.1,63.6,1008.0,174.0,S,0.0,Singapore,Mercedes
16,HAM,17,0,4,1,0,67,33.5,30.1,0.0,1.9,64.2,1008.0,198.0,S,1.0,Singapore,Mercedes
17,HAM,18,0,3,1,0,68,33.6,30.1,0.0,1.8,64.3,1007.9,178.0,S,2.0,Singapore,Mercedes
18,HAM,19,0,3,1,0,68,33.6,30.1,0.0,2.4,63.9,1007.9,191.0,S,3.0,Singapore,Mercedes
19,HAM,20,0,3,1,0,68,33.0,30.1,0.0,2.2,64.8,1007.8,191.0,S,4.0,Singapore,Mercedes
20,HAM,21,0,3,1,0,68,33.0,30.0,0.0,2.4,65.7,1007.7,180.0,S,5.0,Singapore,Mercedes
21,HAM,22,0,3,1,0,68,33.0,30.0,0.0,2.1,65.3,1007.8,168.0,S,6.0,Singapore,Mercedes
22,HAM,23,0,2,1,0,68,32.8,29.8,0.0,2.7,65.3,1007.8,176.0,S,7.0,Singapore,Mercedes
23,HAM,24,0,2,1,0,68,33.1,29.8,0.0,2.1,65.4,1007.8,182.0,S,8.0,Singapore,Mercedes
24,HAM,25,0,2,1,0,68,33.1,29.8,0.0,1.8,65.5,1007.9,190.0,S,9.0,Singapore,Mercedes
25,HAM,26,0,2,1,0,68,32.8,29.8,0.0,1.7,65.8,1007.8,182.0,S,10.0,Singapore,Mercedes
26,HAM,27,0,1,1,0,68,33.0,29.8,0.0,2.1,65.8,1007.8,178.0,S,11.0,Singapore,Mercedes
27,HAM,28,0,1,1,0,68,33.0,29.9,0.0,2.2,65.8,1007.8,190.0,S,12.0,Singapore,Mercedes
28,HAM,29,0,1,1,0,68,32.9,29.9,0.0,2.4,66.2,1007.8,182.0,S,13.0,Singapore,Mercedes
29,HAM,30,0,1,1,0,68,33.0,29.8,0.0,1.9,66.4,1007.9,183.0,S,14.0,Singapore,Mercedes
30,HAM,31,0,1,1,0,68,32.8,29.9,0.0,2.0,66.2,1007.9,191.0,S,15.0,Singapore,Mercedes
31,HAM,32,0,1,1,0,68,32.8,29.9,0.0,2.0,66.0,1007.9,179.0,S,16.0,Singapore,Mercedes
32,HAM,33,0,1,1,0,68,32.8,29.9,0.0,1.9,66.1,1007.8,178.0,S,17.0,Singapore,Mercedes
33,HAM,34,0,1,1,0,68,32.8,29.8,0.0,2.0,66.5,1007.9,181.0,S,18.0,Singapore,Mercedes
34,HAM,35,0,1,1,0,68,32.9,29.8,0.0,2.0,66.9,1007.8,190.0,S,19.0,Singapore,Mercedes
35,HAM,36,0,1,1,0,68,32.9,29.9,0.0,1.8,66.5,1007.8,199.0,S,20.0,Singapore,Mercedes
36,HAM,37,0,1,1,0,68,33.0,29.9,0.0,2.0,67.2,1007.9,196.0,S,21.0,Singapore,Mercedes
37,HAM,38,0,1,1,0,68,33.0,29.9,0.0,2.0,67.6,1007.9,180.0,S,22.0,Singapore,Mercedes
38,HAM,39,0,1,1,0,68,32.9,29.8,0.0,1.8,67.2,1007.9,184.0,S,23.0,Singapore,Mercedes
39,HAM,40,0,1,1,0,68,32.8,29.8,0.0,1.7,67.0,1007.9,174.0,S,24.0,Singapore,Mercedes
40,HAM,41,0,1,1,0,68,32.8,29.8,0.0,1.9,67.3,1007.8,175.0,S,25.0,Singapore,Mercedes
41,HAM,42,0,1,1,0,68,32.9,29.9,0.0,2.1,66.8,1007.9,187.0,S,26.0,Singapore,Mercedes
42,HAM,43,0,1,1,0,68,32.9,29.8,0.0,2.1,67.0,1007.9,186.0,S,27.0,Singapore,Mercedes
43,HAM,44,0,1,1,0,68,32.3,29.6,0.0,2.3,68.1,1008.0,176.0,S,28.0,Singapore,Mercedes
44,HAM,45,0,1,1,0,68,32.2,29.6,0.0,2.2,67.8,1008.0,170.0,S,29.0,Singapore,Mercedes
45,HAM,46,0,1,1,0,68,32.4,29.6,0.0,1.9,68.1,1008.0,181.0,S,30.0,Singapore,Mercedes
46,HAM,47,0,1,1,0,68,32.3,29.6,0.0,2.1,68.4,1008.0,167.0,S,31.0,Singapore,Mercedes
47,HAM,48,0,1,1,0,68,32.6,29.7,0.0,2.5,68.3,1008.1,206.0,S,32.0,Singapore,Mercedes
48,HAM,49,0,1,1,0,68,32.7,29.8,0.0,2.0,68.0,1008.2,171.0,S,33.0,Singapore,Mercedes
49,HAM,50,0,1,1,0,68,32.7,29.8,0.0,1.9,68.1,1008.0,184.0,S,34.0,Singapore,Mercedes
50,HAM,51,0,1,1,0,68,32.8,29.9,0.0,2.2,68.4,1008.1,180.0,S,35.0,Singapore,Mercedes
51,HAM,52,0,1,1,0,68,32.5,29.9,0.0,2.4,68.3,1008.1,196.0,S,36.0,Singapore,Mercedes
52,HAM,53,0,1,1,0,69,32.4,29.9,0.0,2.0,68.4,1008.1,178.0,S,37.0,Singapore,Mercedes
53,HAM,54,0,1,1,0,69,32.4,29.8,0.0,2.1,68.6,1008.1,185.0,S,38.0,Singapore,Mercedes
54,HAM,55,0,1,1,0,69,32.6,29.7,0.0,2.0,68.9,1008.1,163.0,S,39.0,Singapore,Mercedes
55,HAM,56,0,1,1,0,69,32.7,29.8,0.0,1.9,68.7,1008.1,192.0,S,40.0,Singapore,Mercedes
56,HAM,57,0,1,1,0,69,32.7,29.9,0.0,2.1,69.0,1008.2,183.0,S,41.0,Singapore,Mercedes
57,HAM,58,0,1,1,0,69,32.5,29.8,0.0,1.8,69.5,1008.3,182.0,S,42.0,Singapore,Mercedes
58,HAM,59,0,1,1,0,69,32.4,29.8,0.0,1.9,69.2,1008.3,195.0,S,43.0,Singapore,Mercedes
59,HAM,60,0,1,1,0,69,32.4,29.8,0.0,2.4,69.3,1008.3,178.0,S,44.0,Singapore,Mercedes
60,HAM,61,0,1,1,0,70,32.3,29.8,0.0,2.0,69.4,1008.3,180.0,S,45.0,Singapore,Mercedes
0,VER,1,0,3,2,0,44,34.2,29.9,0.0,1.4,65.2,1007.3,180.0,F,3.0,Singapore,Red Bull Racing
1,VER,2,0,3,2,0,48,34.0,30.0,0.0,1.1,65.2,1007.4,177.0,F,4.0,Singapore,Red Bull Racing
2,VER,3,0,3,2,0,50,34.0,30.0,0.0,1.6,64.4,1007.5,174.0,F,5.0,Singapore,Red Bull Racing
3,VER,4,0,3,2,0,50,33.8,29.9,0.0,1.7,64.5,1007.4,170.0,F,6.0,Singapore,Red Bull Racing
4,VER,5,0,3,2,0,52,33.6,30.0,0.0,3.1,63.7,1007.6,163.0,F,7.0,Singapore,Red Bull Racing
5,VER,6,0,3,2,0,54,33.2,29.7,0.0,2.0,64.0,1007.6,189.0,F,8.0,Singapore,Red Bull Racing
6,VER,7,0,3,2,0,56,33.7,29.8,0.0,1.6,63.6,1007.6,172.0,F,9.0,Singapore,Red Bull Racing
7,VER,8,0,3,2,0,57,33.9,29.9,0.0,1.2,64.0,1007.8,176.0,F,10.0,Singapore,Red Bull Racing
8,VER,9,0,3,2,0,57,34.1,30.0,0.0,2.3,63.8,1007.8,152.0,F,11.0,Singapore,Red Bull Racing
9,VER,10,0,3,2,0,57,34.0,30.0,0.0,1.3,64.3,1007.8,184.0,F,12.0,Singapore,Red Bull Racing
10,VER,11,0,3,2,0,57,33.9,30.2,0.0,2.7,63.1,1007.8,181.0,F,13.0,Singapore,Red Bull Racing
11,VER,12,0,3,2,0,57,33.7,30.2,0.0,2.7,63.1,1007.8,165.0,F,14.0,Singapore,Red Bull Racing
12,VER,13,0,3,2,0,57,33.5,30.2,0.0,1.6,63.2,1007.9,172.0,F,15.0,Singapore,Red Bull Racing
13,VER,14,0,2,2,0,58,33.8,30.2,0.0,2.4,63.4,1007.9,174.0,F,16.0,Singapore,Red Bull Racing
14,VER,15,0,1,2,0,58,33.5,30.0,0.0,2.0,63.8,1007.9,171.0,F,17.0,Singapore,Red Bull Racing
15,VER,16,0,1,2,0,59,33.5,30.1,0.0,3.5,63.2,1007.9,170.0,F,18.0,Singapore,Red Bull Racing
16,VER,17,0,1,2,0,60,33.5,30.1,0.0,1.9,64.2,1008.0,198.0,F,19.0,Singapore,Red Bull Racing
17,VER,18,0,4,2,0,60,33.6,30.1,0.0,2.4,63.9,1007.9,191.0,S,0.0,Singapore,Red Bull Racing
18,VER,19,0,4,2,0,60,33.4,30.1,0.0,2.1,64.5,1007.9,190.0,S,1.0,Singapore,Red Bull Racing
19,VER,20,0,4,2,0,60,33.4,30.0,0.0,2.2,65.1,1007.8,178.0,S,2.0,Singapore,Red Bull Racing
20,VER,21,0,4,2,0,60,33.0,30.1,0.0,2.2,64.8,1007.8,191.0,S,3.0,Singapore,Red Bull Racing
21,VER,22,0,4,2,0,60,33.1,30.0,0.0,2.6,64.8,1007.8,179.0,S,4.0,Singapore,Red Bull Racing
22,VER,23,0,3,2,0,60,32.9,29.9,0.0,2.3,65.4,1007.7,186.0,S,5.0,Singapore,Red Bull Racing
23,VER,24,0,3,2,0,60,32.8,29.8,0.0,2.7,65.3,1007.8,176.0,S,6.0,Singapore,Red Bull Racing
24,VER,25,0,3,2,0,59,32.8,29.7,0.0,2.2,65.4,1007.7,169.0,S,7.0,Singapore,Red Bull Racing
25,VER,26,0,3,2,0,59,33.1,29.8,0.0,2.1,65.4,1007.8,182.0,S,8.0,Singapore,Red Bull Racing
26,VER,27,0,3,2,0,59,33.1,29.8,0.0,1.8,65.5,1007.9,190.0,S,9.0,Singapore,Red Bull Racing
27,VER,28,0,2,2,0,59,32.8,29.8,0.0,1.8,65.5,1007.9,176.0,S,10.0,Singapore,Red Bull Racing
28,VER,29,0,2,2,0,59,32.8,29.8,0.0,2.0,65.6,1007.8,182.0,S,11.0,Singapore,Red Bull Racing
29,VER,30,0,2,2,0,59,33.0,29.9,0.0,2.2,65.8,1007.8,190.0,S,12.0,Singapore,Red Bull Racing
30,VER,31,0,2,2,0,59,32.8,29.9,0.0,2.0,66.2,1007.9,191.0,S,13.0,Singapore,Red Bull Racing
31,VER,32,0,2,2,0,59,32.8,29.9,0.0,2.0,66.0,1007.9,179.0,S,14.0,Singapore,Red Bull Racing
32,VER,33,0,2,2,0,59,32.8,29.9,0.0,1.9,66.1,1007.8,178.0,S,15.0,Singapore,Red Bull Racing
33,VER,34,0,2,2,0,60,32.8,29.8,0.0,1.9,66.4,1007.9,174.0,S,16.0,Singapore,Red Bull Racing
34,VER,35,0,2,2,0,60,32.8,29.8,0.0,2.0,66.5,1007.9,181.0,S,17.0,Singapore,Red Bull Racing
35,VER,36,0,2,2,0,60,32.9,29.9,0.0,1.8,66.5,1007.8,199.0,S,18.0,Singapore,Red Bull Racing
36,VER,37,0,2,2,0,59,32.8,29.8,0.0,1.9,67.3,1007.8,175.0,S,19.0,Singapore,Red Bull Racing
37,VER,38,0,2,2,0,57,32.7,29.8,0.0,2.1,67.1,1007.9,172.0,S,20.0,Singapore,Red Bull Racing
38,VER,39,0,2,2,0,58,32.9,29.9,0.0,2.1,66.8,1007.9,187.0,S,21.0,Singapore,Red Bull Racing
39,VER,40,0,2,2,0,58,32.9,29.8,0.0,2.1,67.0,1007.9,186.0,S,22.0,Singapore,Red Bull Racing
40,VER,41,0,2,2,0,58,32.9,29.8,0.0,2.7,67.6,1007.9,168.0,S,23.0,Singapore,Red Bull Racing
41,VER,42,0,2,2,0,58,32.6,29.8,0.0,2.2,66.9,1008.0,180.0,S,24.0,Singapore,Red Bull Racing
42,VER,43,0,2,2,0,58,32.3,29.6,0.0,2.3,68.1,1008.0,176.0,S,25.0,Singapore,Red Bull Racing
43,VER,44,0,2,2,0,58,32.2,29.6,0.0,2.0,68.0,1008.0,179.0,S,26.0,Singapore,Red Bull Racing
44,VER,45,0,2,2,0,58,32.2,29.6,0.0,2.3,68.1,1008.1,172.0,S,27.0,Singapore,Red Bull Racing
45,VER,46,0,2,2,0,58,32.6,29.7,0.0,2.5,68.3,1008.1,206.0,S,28.0,Singapore,Red Bull Racing
46,VER,47,0,2,2,0,58,32.7,29.8,0.0,1.7,68.1,1008.1,175.0,S,29.0,Singapore,Red Bull Racing
47,VER,48,0,2,2,0,58,32.4,29.9,0.0,2.0,68.4,1008.1,178.0,S,30.0,Singapore,Red Bull Racing
48,VER,49,0,2,2,0,58,32.4,29.8,0.0,2.1,68.6,1008.1,185.0,S,31.0,Singapore,Red Bull Racing
49,VER,50,0,2,2,0,58,32.4,29.7,0.0,1.9,68.9,1008.1,171.0,S,32.0,Singapore,Red Bull Racing
50,VER,51,0,2,2,0,59,32.6,29.7,0.0,2.0,68.9,1008.1,163.0,S,33.0,Singapore,Red Bull Racing
51,VER,52,0,2,2,0,59,32.6,29.8,0.0,2.2,68.9,1008.1,189.0,S,34.0,Singapore,Red Bull Racing
52,VER,53,0,2,2,0,59,32.5,29.7,0.0,1.7,68.8,1008.1,175.0,S,35.0,Singapore,Red Bull Racing
53,VER,54,0,2,2,0,59,32.5,29.7,0.0,1.7,69.1,1008.1,185.0,S,36.0,Singapore,Red Bull Racing
54,VER,55,0,2,2,0,59,32.7,29.8,0.0,1.9,68.7,1008.1,192.0,S,37.0,Singapore,Red Bull Racing
55,VER,56,0,2,2,0,59,32.7,29.9,0.0,2.1,69.0,1008.2,183.0,S,38.0,Singapore,Red Bull Racing
56,VER,57,0,2,2,0,59,32.5,29.8,0.0,1.8,69.5,1008.3,182.0,S,39.0,Singapore,Red Bull Racing
57,VER,58,0,2,2,0,59,32.4,29.9,0.0,1.8,69.6,1008.2,169.0,S,40.0,Singapore,Red Bull Racing
58,VER,59,0,2,2,0,59,32.4,29.8,0.0,1.9,69.2,1008.3,195.0,S,41.0,Singapore,Red Bull Racing
59,VER,60,0,2,2,0,59,32.3,29.8,0.0,2.0,69.4,1008.3,180.0,S,42.0,Singapore,Red Bull Racing
60,VER,61,0,2,2,0,59,32.3,29.8,0.0,1.6,69.6,1008.3,177.0,S,43.0,Singapore,Red Bull Racing
0,VET,1,0,2,3,0,57,34.2,29.9,0.0,1.4,65.2,1007.3,180.0,F,3.0,Singapore,Ferrari
1,VET,2,0,2,3,0,46,34.0,30.0,0.0,1.1,65.2,1007.4,177.0,F,4.0,Singapore,Ferrari
2,VET,3,0,2,3,0,44,34.0,30.0,0.0,1.6,64.4,1007.5,174.0,F,5.0,Singapore,Ferrari
3,VET,4,0,2,3,0,45,33.8,29.9,0.0,1.6,64.2,1007.5,172.0,F,6.0,Singapore,Ferrari
4,VET,5,0,2,3,0,47,33.6,30.0,0.0,3.1,63.7,1007.6,163.0,F,7.0,Singapore,Ferrari
5,VET,6,0,2,3,0,50,34.1,30.0,0.0,2.3,63.8,1007.8,152.0,F,8.0,Singapore,Ferrari
6,VET,7,0,2,3,0,52,34.0,30.0,0.0,1.3,64.3,1007.8,184.0,F,9.0,Singapore,Ferrari
7,VET,8,0,2,3,0,54,33.7,30.2,0.0,2.7,63.1,1007.8,165.0,F,10.0,Singapore,Ferrari
8,VET,9,0,2,3,0,55,33.5,30.1,0.0,3.3,63.1,1007.9,171.0,F,11.0,Singapore,Ferrari
9,VET,10,0,2,3,0,55,33.5,30.0,0.0,2.0,63.8,1007.9,171.0,F,12.0,Singapore,Ferrari
10,VET,11,0,2,3,0,56,33.5,30.1,0.0,3.5,63.2,1007.9,170.0,F,13.0,Singapore,Ferrari
11,VET,12,0,2,3,0,57,33.5,30.1,0.0,1.9,64.2,1008.0,198.0,F,14.0,Singapore,Ferrari
12,VET,13,0,2,3,0,58,33.6,30.1,0.0,2.4,64.4,1008.0,193.0,F,15.0,Singapore,Ferrari
13,VET,14,0,4,3,0,59,33.6,30.1,0.0,1.8,64.3,1007.9,178.0,F,16.0,Singapore,Ferrari
14,VET,15,0,7,3,0,60,33.4,30.1,0.0,2.1,64.5,1007.9,190.0,E,0.0,Singapore,Ferrari
15,VET,16,0,7,3,0,61,33.4,30.0,0.0,2.2,65.1,1007.8,178.0,E,1.0,Singapore,Ferrari
16,VET,17,0,5,3,0,61,33.4,30.1,0.0,2.2,65.3,1007.8,181.0,E,2.0,Singapore,Ferrari
17,VET,18,0,5,3,0,62,33.0,30.1,0.0,2.2,64.8,1007.8,191.0,E,3.0,Singapore,Ferrari
18,VET,19,0,5,3,0,62,33.0,30.0,0.0,2.4,65.7,1007.7,180.0,E,4.0,Singapore,Ferrari
19,VET,20,0,5,3,0,62,33.0,30.0,0.0,2.1,65.3,1007.8,168.0,E,5.0,Singapore,Ferrari
20,VET,21,0,5,3,0,63,33.1,30.0,0.0,2.6,64.8,1007.8,179.0,E,6.0,Singapore,Ferrari
21,VET,22,0,5,3,0,63,32.9,29.9,0.0,2.3,65.4,1007.7,186.0,E,7.0,Singapore,Ferrari
22,VET,23,0,4,3,0,63,32.8,29.7,0.0,2.2,65.4,1007.7,169.0,E,8.0,Singapore,Ferrari
23,VET,24,0,4,3,0,63,32.8,29.8,0.0,1.8,65.5,1007.9,176.0,E,9.0,Singapore,Ferrari
24,VET,25,0,4,3,0,63,32.8,29.8,0.0,2.0,65.6,1007.8,182.0,E,10.0,Singapore,Ferrari
25,VET,26,0,4,3,0,64,33.0,29.8,0.0,2.1,65.8,1007.8,178.0,E,11.0,Singapore,Ferrari
26,VET,27,0,4,3,0,64,33.0,29.9,0.0,2.2,65.8,1007.8,190.0,E,12.0,Singapore,Ferrari
27,VET,28,0,3,3,0,64,32.8,29.9,0.0,2.0,66.0,1007.9,179.0,E,13.0,Singapore,Ferrari
28,VET,29,0,3,3,0,64,32.8,29.9,0.0,1.9,66.1,1007.8,178.0,E,14.0,Singapore,Ferrari
29,VET,30,0,3,3,0,64,32.8,29.8,0.0,1.9,66.4,1007.9,174.0,E,15.0,Singapore,Ferrari
30,VET,31,0,3,3,0,64,32.8,29.8,0.0,2.2,66.6,1007.8,170.0,E,16.0,Singapore,Ferrari
31,VET,32,0,3,3,0,64,33.0,29.9,0.0,2.0,67.2,1007.9,196.0,E,17.0,Singapore,Ferrari
32,VET,33,0,3,3,0,64,33.0,29.9,0.0,2.0,67.6,1007.9,180.0,E,18.0,Singapore,Ferrari
33,VET,34,0,3,3,0,64,32.8,29.8,0.0,1.7,67.0,1007.9,174.0,E,19.0,Singapore,Ferrari
34,VET,35,0,3,3,0,64,32.7,29.8,0.0,2.1,67.1,1007.9,172.0,E,20.0,Singapore,Ferrari
35,VET,36,0,3,3,0,64,32.9,29.9,0.0,2.1,66.8,1007.9,187.0,E,21.0,Singapore,Ferrari
36,VET,37,0,3,3,0,64,32.9,29.8,0.0,2.1,67.0,1007.9,186.0,E,22.0,Singapore,Ferrari
37,VET,38,0,3,3,0,64,32.2,29.6,0.0,3.0,67.7,1008.0,180.0,E,23.0,Singapore,Ferrari
38,VET,39,0,3,3,0,64,32.3,29.6,0.0,2.3,68.1,1008.0,176.0,E,24.0,Singapore,Ferrari
39,VET,40,0,3,3,0,64,32.4,29.6,0.0,2.0,67.9,1007.9,179.0,E,25.0,Singapore,Ferrari
40,VET,41,0,3,3,0,64,32.2,29.7,0.0,2.1,67.6,1007.9,180.0,E,26.0,Singapore,Ferrari
41,VET,42,0,3,3,0,64,32.2,29.6,0.0,2.2,67.8,1008.0,170.0,E,27.0,Singapore,Ferrari
42,VET,43,0,3,3,0,64,32.3,29.6,0.0,2.1,68.4,1008.0,167.0,E,28.0,Singapore,Ferrari
43,VET,44,0,3,3,0,64,32.6,29.7,0.0,2.5,68.3,1008.1,206.0,E,29.0,Singapore,Ferrari
44,VET,45,0,3,3,0,63,32.5,29.7,0.0,2.3,68.3,1008.0,169.0,E,30.0,Singapore,Ferrari
45,VET,46,0,3,3,0,63,32.7,29.7,0.0,2.2,68.2,1008.1,166.0,E,31.0,Singapore,Ferrari
46,VET,47,0,3,3,0,63,32.8,29.8,0.0,2.2,67.9,1008.1,173.0,E,32.0,Singapore,Ferrari
47,VET,48,0,3,3,0,63,32.7,29.8,0.0,2.0,68.0,1008.2,171.0,E,33.0,Singapore,Ferrari
48,VET,49,0,3,3,0,63,32.7,29.8,0.0,1.9,68.1,1008.0,184.0,E,34.0,Singapore,Ferrari
49,VET,50,0,3,3,0,63,32.8,29.9,0.0,2.2,68.4,1008.1,180.0,E,35.0,Singapore,Ferrari
50,VET,51,0,3,3,0,63,32.5,29.9,0.0,2.4,68.3,1008.1,196.0,E,36.0,Singapore,Ferrari
51,VET,52,0,3,3,0,63,32.4,29.9,0.0,2.0,68.4,1008.1,178.0,E,37.0,Singapore,Ferrari
52,VET,53,0,3,3,0,63,32.4,29.8,0.0,2.1,68.6,1008.1,185.0,E,38.0,Singapore,Ferrari
53,VET,54,0,3,3,0,63,32.4,29.7,0.0,1.9,68.9,1008.1,171.0,E,39.0,Singapore,Ferrari
54,VET,55,0,3,3,0,63,32.6,29.8,0.0,2.2,68.9,1008.1,189.0,E,40.0,Singapore,Ferrari
55,VET,56,0,3,3,0,63,32.5,29.7,0.0,1.7,68.8,1008.1,175.0,E,41.0,Singapore,Ferrari
56,VET,57,0,3,3,0,63,32.7,29.9,0.0,2.1,69.0,1008.2,183.0,E,42.0,Singapore,Ferrari
57,VET,58,0,3,3,0,63,32.6,29.9,0.0,1.5,69.0,1008.2,187.0,E,43.0,Singapore,Ferrari
58,VET,59,0,3,3,0,63,32.4,29.9,0.0,1.8,69.6,1008.2,169.0,E,44.0,Singapore,Ferrari
59,VET,60,0,3,3,0,63,32.3,29.8,0.0,2.0,69.4,1008.3,180.0,E,45.0,Singapore,Ferrari
60,VET,61,0,3,3,0,63,32.3,29.8,0.0,1.6,69.6,1008.3,177.0,E,46.0,Singapore,Ferrari
0,BOT,1,0,4,4,0,57,34.0,30.0,0.0,1.6,64.4,1007.5,174.0,F,3.0,Singapore,Mercedes
1,BOT,2,0,4,4,0,53,33.7,29.9,0.0,1.3,64.5,1007.4,184.0,F,4.0,Singapore,Mercedes
2,BOT,3,0,4,4,0,53,33.7,29.9,0.0,1.7,64.5,1007.5,170.0,F,5.0,Singapore,Mercedes
3,BOT,4,0,4,4,0,54,33.6,30.0,0.0,3.1,63.7,1007.6,163.0,F,6.0,Singapore,Mercedes
4,BOT,5,0,4,4,0,57,33.8,29.8,0.0,2.1,63.5,1007.6,166.0,F,7.0,Singapore,Mercedes
5,BOT,6,0,4,4,0,61,33.8,29.8,0.0,2.4,63.7,1007.7,165.0,F,8.0,Singapore,Mercedes
6,BOT,7,0,4,4,0,63,33.9,29.9,0.0,1.2,64.0,1007.8,176.0,F,9.0,Singapore,Mercedes
7,BOT,8,0,4,4,0,64,34.1,30.0,0.0,2.3,63.8,1007.8,152.0,F,10.0,Singapore,Mercedes
8,BOT,9,0,4,4,0,65,33.7,30.3,0.0,1.8,63.1,1007.8,173.0,F,11.0,Singapore,Mercedes
9,BOT,10,0,4,4,0,66,33.7,30.2,0.0,2.7,63.1,1007.8,165.0,F,12.0,Singapore,Mercedes
10,BOT,11,0,4,4,0,65,33.8,30.2,0.0,2.4,63.4,1007.9,174.0,F,13.0,Singapore,Mercedes
11,BOT,12,0,4,4,0,66,33.5,30.1,0.0,3.3,63.1,1007.9,171.0,F,14.0,Singapore,Mercedes
12,BOT,13,0,4,4,0,66,33.6,30.2,0.0,2.0,63.3,1007.9,176.0,F,15.0,Singapore,Mercedes
13,BOT,14,0,3,4,0,67,33.6,30.1,0.0,1.8,64.3,1007.9,178.0,F,16.0,Singapore,Mercedes
14,BOT,15,0,3,4,0,67,33.6,30.1,0.0,2.4,63.9,1007.9,191.0,F,17.0,Singapore,Mercedes
15,BOT,16,0,4,4,0,68,33.4,30.1,0.0,1.8,64.4,1007.9,184.0,F,18.0,Singapore,Mercedes
16,BOT,17,0,6,4,0,68,33.4,30.1,0.0,2.1,64.5,1007.9,190.0,S,0.0,Singapore,Mercedes
17,BOT,18,0,6,4,0,69,33.4,30.1,0.0,2.2,65.3,1007.8,181.0,S,1.0,Singapore,Mercedes
18,BOT,19,0,6,4,0,69,33.0,30.1,0.0,2.2,64.8,1007.8,191.0,S,2.0,Singapore,Mercedes
19,BOT,20,0,6,4,0,69,33.1,30.0,0.0,2.6,64.8,1007.8,179.0,S,3.0,Singapore,Mercedes
20,BOT,21,0,6,4,0,69,32.9,29.9,0.0,2.3,65.4,1007.7,186.0,S,4.0,Singapore,Mercedes
21,BOT,22,0,6,4,0,69,33.1,29.8,0.0,1.8,65.5,1007.9,190.0,S,5.0,Singapore,Mercedes
22,BOT,23,0,5,4,0,69,32.8,29.8,0.0,2.0,65.6,1007.8,182.0,S,6.0,Singapore,Mercedes
23,BOT,24,0,5,4,0,69,32.8,29.8,0.0,1.7,65.8,1007.8,182.0,S,7.0,Singapore,Mercedes
24,BOT,25,0,5,4,0,69,33.0,29.8,0.0,2.1,65.8,1007.8,178.0,S,8.0,Singapore,Mercedes
25,BOT,26,0,5,4,0,69,32.9,29.9,0.0,2.4,66.2,1007.8,182.0,S,9.0,Singapore,Mercedes
26,BOT,27,0,5,4,0,69,33.0,29.8,0.0,1.9,66.4,1007.9,183.0,S,10.0,Singapore,Mercedes
27,BOT,28,0,4,4,0,69,32.8,29.9,0.0,2.0,66.0,1007.9,179.0,S,11.0,Singapore,Mercedes
28,BOT,29,0,4,4,0,69,32.8,29.8,0.0,1.9,66.4,1007.9,174.0,S,12.0,Singapore,Mercedes
29,BOT,30,0,4,4,0,69,32.9,29.8,0.0,2.0,66.9,1007.8,190.0,S,13.0,Singapore,Mercedes
30,BOT,31,0,4,4,0,69,32.9,29.9,0.0,1.8,66.5,1007.8,199.0,S,14.0,Singapore,Mercedes
31,BOT,32,0,4,4,0,69,33.0,29.9,0.0,2.0,67.2,1007.9,196.0,S,15.0,Singapore,Mercedes
32,BOT,33,0,4,4,0,69,33.0,29.9,0.0,2.0,67.6,1007.9,180.0,S,16.0,Singapore,Mercedes
33,BOT,34,0,4,4,0,69,32.8,29.8,0.0,1.7,67.0,1007.9,174.0,S,17.0,Singapore,Mercedes
34,BOT,35,0,4,4,0,69,32.8,29.8,0.0,2.6,66.9,1008.0,181.0,S,18.0,Singapore,Mercedes
35,BOT,36,0,4,4,0,69,32.6,29.8,0.0,2.2,66.9,1008.0,180.0,S,19.0,Singapore,Mercedes
36,BOT,37,0,4,4,0,69,32.4,29.7,0.0,2.6,67.5,1007.9,173.0,S,20.0,Singapore,Mercedes
37,BOT,38,0,4,4,0,69,32.4,29.6,0.0,2.0,67.9,1007.9,179.0,S,21.0,Singapore,Mercedes
38,BOT,39,0,4,4,0,69,32.3,29.6,0.0,2.5,67.7,1008.0,184.0,S,22.0,Singapore,Mercedes
39,BOT,40,0,4,4,0,69,32.2,29.6,0.0,2.0,68.0,1008.0,179.0,S,23.0,Singapore,Mercedes
40,BOT,41,0,4,4,0,69,32.2,29.7,0.0,2.1,67.6,1007.9,180.0,S,24.0,Singapore,Mercedes
41,BOT,42,0,4,4,0,69,32.2,29.6,0.0,2.2,67.8,1008.0,170.0,S,25.0,Singapore,Mercedes
42,BOT,43,0,4,4,0,70,32.3,29.6,0.0,2.1,68.4,1008.0,167.0,S,26.0,Singapore,Mercedes
43,BOT,44,0,4,4,0,70,32.6,29.7,0.0,2.5,68.3,1008.1,206.0,S,27.0,Singapore,Mercedes
44,BOT,45,0,4,4,0,70,32.5,29.7,0.0,2.3,68.3,1008.0,169.0,S,28.0,Singapore,Mercedes
45,BOT,46,0,4,4,0,70,32.7,29.7,0.0,2.2,68.2,1008.1,166.0,S,29.0,Singapore,Mercedes
46,BOT,47,0,4,4,0,70,32.8,29.8,0.0,2.2,67.9,1008.1,173.0,S,30.0,Singapore,Mercedes
47,BOT,48,0,4,4,0,70,32.7,29.8,0.0,2.0,68.0,1008.2,171.0,S,31.0,Singapore,Mercedes
48,BOT,49,0,4,4,0,70,32.7,29.8,0.0,1.9,68.1,1008.0,184.0,S,32.0,Singapore,Mercedes
49,BOT,50,0,4,4,0,70,32.8,29.9,0.0,2.2,68.4,1008.1,180.0,S,33.0,Singapore,Mercedes
50,BOT,51,0,4,4,0,70,32.5,29.9,0.0,2.4,68.3,1008.1,196.0,S,34.0,Singapore,Mercedes
51,BOT,52,0,4,4,0,70,32.4,29.9,0.0,2.0,68.4,1008.1,178.0,S,35.0,Singapore,Mercedes
52,BOT,53,0,4,4,0,70,32.4,29.8,0.0,2.1,68.6,1008.1,185.0,S,36.0,Singapore,Mercedes
53,BOT,54,0,4,4,0,70,32.6,29.7,0.0,2.0,68.9,1008.1,163.0,S,37.0,Singapore,Mercedes
54,BOT,55,0,4,4,0,70,32.5,29.7,0.0,1.7,68.8,1008.1,175.0,S,38.0,Singapore,Mercedes
55,BOT,56,0,4,4,0,70,32.5,29.7,0.0,1.7,69.1,1008.1,185.0,S,39.0,Singapore,Mercedes
56,BOT,57,0,4,4,0,70,32.5,29.8,0.0,1.7,69.1,1008.1,172.0,S,40.0,Singapore,Mercedes
57,BOT,58,0,4,4,0,71,32.6,29.9,0.0,1.5,69.0,1008.2,187.0,S,41.0,Singapore,Mercedes
58,BOT,59,0,4,4,0,71,32.5,29.8,0.0,1.8,69.5,1008.3,182.0,S,42.0,Singapore,Mercedes
59,BOT,60,0,4,4,0,71,32.4,29.9,0.0,1.8,69.6,1008.2,169.0,S,43.0,Singapore,Mercedes
60,BOT,61,0,4,4,0,71,32.3,29.8,0.0,1.6,69.6,1008.3,177.0,S,44.0,Singapore,Mercedes
0,RAI,1,0,5,5,0,51,34.2,29.9,0.0,1.4,65.2,1007.3,180.0,F,3.0,Singapore,Ferrari
1,RAI,2,0,5,5,0,42,34.0,30.0,0.0,1.1,65.2,1007.4,177.0,F,4.0,Singapore,Ferrari
2,RAI,3,0,5,5,0,41,33.7,29.9,0.0,1.7,64.5,1007.5,170.0,F,5.0,Singapore,Ferrari
3,RAI,4,0,5,5,0,41,33.8,29.9,0.0,1.7,64.5,1007.4,170.0,F,6.0,Singapore,Ferrari
4,RAI,5,0,5,5,0,43,33.8,29.8,0.0,2.4,63.7,1007.7,165.0,F,7.0,Singapore,Ferrari
5,RAI,6,0,5,5,0,47,33.9,29.9,0.0,1.1,63.8,1007.8,193.0,F,8.0,Singapore,Ferrari
6,RAI,7,0,5,5,0,50,33.9,29.9,0.0,1.2,64.0,1007.8,176.0,F,9.0,Singapore,Ferrari
7,RAI,8,0,5,5,0,51,34.1,30.0,0.0,2.3,63.8,1007.8,152.0,F,10.0,Singapore,Ferrari
8,RAI,9,0,5,5,0,52,34.0,30.0,0.0,1.3,64.3,1007.8,184.0,F,11.0,Singapore,Ferrari
9,RAI,10,0,5,5,0,53,33.9,30.2,0.0,2.7,63.1,1007.8,181.0,F,12.0,Singapore,Ferrari
10,RAI,11,0,5,5,0,54,33.7,30.2,0.0,2.7,63.1,1007.8,165.0,F,13.0,Singapore,Ferrari
11,RAI,12,0,5,5,0,55,33.5,30.2,0.0,1.6,63.2,1007.9,172.0,F,14.0,Singapore,Ferrari
12,RAI,13,0,5,5,0,56,33.8,30.2,0.0,2.0,63.3,1007.8,167.0,F,15.0,Singapore,Ferrari
13,RAI,14,0,5,5,0,57,33.5,30.1,0.0,3.5,63.2,1007.9,170.0,F,16.0,Singapore,Ferrari
14,RAI,15,0,4,5,0,58,33.6,30.2,0.0,2.0,63.3,1007.9,176.0,F,17.0,Singapore,Ferrari
15,RAI,16,0,2,5,0,59,33.5,30.1,0.0,2.3,64.0,1007.9,176.0,F,18.0,Singapore,Ferrari
16,RAI,17,0,2,5,0,60,33.6,30.1,0.0,2.4,63.9,1007.9,191.0,F,19.0,Singapore,Ferrari
17,RAI,18,0,1,5,0,60,33.4,30.1,0.0,1.8,64.4,1007.9,184.0,F,20.0,Singapore,Ferrari
18,RAI,19,0,1,5,0,61,33.4,30.1,0.0,2.1,64.5,1007.9,190.0,F,21.0,Singapore,Ferrari
19,RAI,20,0,1,5,0,62,33.4,30.1,0.0,2.2,65.3,1007.8,181.0,F,22.0,Singapore,Ferrari
20,RAI,21,0,1,5,0,62,33.0,30.1,0.0,2.2,64.8,1007.8,191.0,F,23.0,Singapore,Ferrari
21,RAI,22,0,2,5,0,63,33.1,30.0,0.0,2.6,64.8,1007.8,179.0,F,24.0,Singapore,Ferrari
22,RAI,23,0,6,5,0,63,32.9,29.9,0.0,2.3,65.4,1007.7,186.0,S,0.0,Singapore,Ferrari
23,RAI,24,0,6,5,0,63,32.8,29.8,0.0,2.7,65.3,1007.8,176.0,S,1.0,Singapore,Ferrari
24,RAI,25,0,6,5,0,63,32.8,29.7,0.0,2.2,65.4,1007.7,169.0,S,2.0,Singapore,Ferrari
25,RAI,26,0,6,5,0,63,33.0,29.8,0.0,1.9,65.3,1007.9,178.0,S,3.0,Singapore,Ferrari
26,RAI,27,0,6,5,0,63,33.1,29.8,0.0,1.8,65.5,1007.9,190.0,S,4.0,Singapore,Ferrari
27,RAI,28,0,5,5,0,63,32.8,29.8,0.0,1.8,65.5,1007.9,176.0,S,5.0,Singapore,Ferrari
28,RAI,29,0,5,5,0,63,32.8,29.8,0.0,2.0,65.8,1007.8,195.0,S,6.0,Singapore,Ferrari
29,RAI,30,0,5,5,0,63,33.0,29.8,0.0,2.1,65.8,1007.8,178.0,S,7.0,Singapore,Ferrari
30,RAI,31,0,5,5,0,63,32.9,29.9,0.0,2.4,66.2,1007.8,182.0,S,8.0,Singapore,Ferrari
31,RAI,32,0,5,5,0,62,32.8,29.9,0.0,2.0,66.2,1007.9,191.0,S,9.0,Singapore,Ferrari
32,RAI,33,0,5,5,0,62,32.8,29.9,0.0,1.9,66.1,1007.8,178.0,S,10.0,Singapore,Ferrari
33,RAI,34,0,5,5,0,62,32.8,29.8,0.0,1.9,66.4,1007.9,174.0,S,11.0,Singapore,Ferrari
34,RAI,35,0,5,5,0,62,32.9,29.9,0.0,1.8,66.5,1007.8,199.0,S,12.0,Singapore,Ferrari
35,RAI,36,0,5,5,0,62,33.0,29.9,0.0,2.0,67.6,1007.9,180.0,S,13.0,Singapore,Ferrari
36,RAI,37,0,5,5,0,62,32.9,29.8,0.0,1.8,67.2,1007.9,184.0,S,14.0,Singapore,Ferrari
37,RAI,38,0,5,5,0,62,32.8,29.8,0.0,1.7,67.0,1007.9,174.0,S,15.0,Singapore,Ferrari
38,RAI,39,0,5,5,0,62,32.8,29.8,0.0,1.9,67.3,1007.8,175.0,S,16.0,Singapore,Ferrari
39,RAI,40,0,5,5,0,62,32.7,29.8,0.0,2.1,67.1,1007.9,172.0,S,17.0,Singapore,Ferrari
40,RAI,41,0,5,5,0,62,32.9,29.9,0.0,2.1,66.8,1007.9,187.0,S,18.0,Singapore,Ferrari
41,RAI,42,0,5,5,0,62,32.6,29.8,0.0,2.2,66.9,1008.0,180.0,S,19.0,Singapore,Ferrari
42,RAI,43,0,5,5,0,62,32.2,29.6,0.0,3.0,67.7,1008.0,180.0,S,20.0,Singapore,Ferrari
43,RAI,44,0,5,5,0,62,32.3,29.6,0.0,2.3,68.1,1008.0,176.0,S,21.0,Singapore,Ferrari
44,RAI,45,0,5,5,0,62,32.2,29.6,0.0,2.0,68.0,1008.0,179.0,S,22.0,Singapore,Ferrari
45,RAI,46,0,5,5,0,62,32.2,29.6,0.0,2.2,68.5,1008.1,179.0,S,23.0,Singapore,Ferrari
46,RAI,47,0,5,5,0,62,32.3,29.6,0.0,2.1,68.4,1008.0,167.0,S,24.0,Singapore,Ferrari
47,RAI,48,0,5,5,0,62,32.8,29.8,0.0,2.2,67.9,1008.1,173.0,S,25.0,Singapore,Ferrari
48,RAI,49,0,5,5,0,62,32.7,29.8,0.0,1.7,68.1,1008.1,175.0,S,26.0,Singapore,Ferrari
49,RAI,50,0,5,5,0,62,32.7,29.8,0.0,1.9,68.1,1008.0,184.0,S,27.0,Singapore,Ferrari
50,RAI,51,0,5,5,0,62,32.7,29.9,0.0,2.1,68.2,1008.0,176.0,S,28.0,Singapore,Ferrari
51,RAI,52,0,5,5,0,62,32.4,29.8,0.0,2.1,68.6,1008.1,185.0,S,29.0,Singapore,Ferrari
52,RAI,53,0,5,5,0,62,32.4,29.7,0.0,1.9,68.9,1008.1,171.0,S,30.0,Singapore,Ferrari
53,RAI,54,0,5,5,0,62,32.6,29.7,0.0,2.0,68.9,1008.1,163.0,S,31.0,Singapore,Ferrari
54,RAI,55,0,5,5,0,62,32.5,29.7,0.0,1.7,68.8,1008.1,175.0,S,32.0,Singapore,Ferrari
55,RAI,56,0,5,5,0,62,32.5,29.7,0.0,1.7,69.1,1008.1,185.0,S,33.0,Singapore,Ferrari
56,RAI,57,0,5,5,0,62,32.7,29.8,0.0,1.9,68.7,1008.1,192.0,S,34.0,Singapore,Ferrari
57,RAI,58,0,5,5,0,62,32.7,29.9,0.0,2.1,69.0,1008.2,183.0,S,35.0,Singapore,Ferrari
58,RAI,59,0,5,5,0,62,32.6,29.9,0.0,1.5,69.0,1008.2,187.0,S,36.0,Singapore,Ferrari
59,RAI,60,0,5,5,0,62,32.3,29.8,0.0,2.0,69.4,1008.3,180.0,S,37.0,Singapore,Ferrari
60,RAI,61,0,5,5,0,62,32.3,29.8,0.0,1.6,69.6,1008.3,177.0,S,38.0,Singapore,Ferrari
0,RIC,1,0,6,6,0,49,34.0,30.0,0.0,1.1,65.2,1007.4,177.0,F,3.0,Singapore,Red Bull Racing
1,RIC,2,0,6,6,0,54,33.7,29.9,0.0,1.3,64.5,1007.4,184.0,F,4.0,Singapore,Red Bull Racing
2,RIC,3,0,6,6,0,54,33.8,29.9,0.0,1.6,64.2,1007.5,172.0,F,5.0,Singapore,Red Bull Racing
3,RIC,4,0,6,6,0,55,33.8,29.9,0.0,1.7,64.5,1007.4,170.0,F,6.0,Singapore,Red Bull Racing
4,RIC,5,0,6,6,0,56,33.6,30.0,0.0,3.1,63.7,1007.6,163.0,F,7.0,Singapore,Red Bull Racing
5,RIC,6,0,6,6,0,58,33.7,29.8,0.0,1.6,63.6,1007.6,172.0,F,8.0,Singapore,Red Bull Racing
6,RIC,7,0,6,6,0,60,33.8,29.8,0.0,2.1,63.5,1007.6,166.0,F,9.0,Singapore,Red Bull Racing
7,RIC,8,0,6,6,0,60,33.8,29.8,0.0,2.4,63.7,1007.7,165.0,F,10.0,Singapore,Red Bull Racing
8,RIC,9,0,6,6,0,60,33.9,29.9,0.0,1.1,63.8,1007.8,193.0,F,11.0,Singapore,Red Bull Racing
9,RIC,10,0,6,6,0,61,34.1,30.0,0.0,2.3,63.8,1007.8,152.0,F,12.0,Singapore,Red Bull Racing
10,RIC,11,0,6,6,0,60,34.0,30.0,0.0,1.3,64.3,1007.8,184.0,F,13.0,Singapore,Red Bull Racing
11,RIC,12,0,6,6,0,61,34.0,30.1,0.0,1.8,63.2,1007.7,164.0,F,14.0,Singapore,Red Bull Racing
12,RIC,13,0,6,6,0,61,33.7,30.3,0.0,1.8,63.1,1007.8,173.0,F,15.0,Singapore,Red Bull Racing
13,RIC,14,0,6,6,0,61,33.5,30.2,0.0,1.6,63.2,1007.9,172.0,F,16.0,Singapore,Red Bull Racing
14,RIC,15,0,5,6,0,62,33.5,30.1,0.0,3.1,63.6,1008.0,174.0,F,17.0,Singapore,Red Bull Racing
15,RIC,16,0,3,6,0,62,33.6,30.2,0.0,2.0,63.3,1007.9,176.0,F,18.0,Singapore,Red Bull Racing
16,RIC,17,0,3,6,0,63,33.6,30.1,0.0,2.4,64.4,1008.0,193.0,F,19.0,Singapore,Red Bull Racing
17,RIC,18,0,2,6,0,63,33.4,30.1,0.0,1.8,64.4,1007.9,184.0,F,20.0,Singapore,Red Bull Racing
18,RIC,19,0,2,6,0,63,33.4,30.1,0.0,2.1,64.5,1007.9,190.0,F,21.0,Singapore,Red Bull Racing
19,RIC,20,0,2,6,0,63,33.4,30.0,0.0,2.2,65.1,1007.8,178.0,F,22.0,Singapore,Red Bull Racing
20,RIC,21,0,2,6,0,64,33.0,30.1,0.0,2.2,64.8,1007.8,191.0,F,23.0,Singapore,Red Bull Racing
21,RIC,22,0,1,6,0,64,33.0,30.0,0.0,2.4,65.7,1007.7,180.0,F,24.0,Singapore,Red Bull Racing
22,RIC,23,0,1,6,0,64,32.9,29.9,0.0,2.3,65.4,1007.7,186.0,F,25.0,Singapore,Red Bull Racing
23,RIC,24,0,1,6,0,64,33.1,29.8,0.0,1.8,65.5,1007.9,190.0,F,26.0,Singapore,Red Bull Racing
24,RIC,25,0,1,6,0,65,32.8,29.8,0.0,1.8,65.5,1007.9,176.0,F,27.0,Singapore,Red Bull Racing
25,RIC,26,0,1,6,0,65,32.8,29.8,0.0,2.0,65.6,1007.8,182.0,F,28.0,Singapore,Red Bull Racing
26,RIC,27,0,2,6,0,65,33.0,29.8,0.0,2.1,65.8,1007.8,178.0,F,29.0,Singapore,Red Bull Racing
27,RIC,28,0,6,6,0,65,33.0,29.9,0.0,2.2,65.8,1007.8,190.0,E,0.0,Singapore,Red Bull Racing
28,RIC,29,0,6,6,0,65,33.0,29.8,0.0,1.9,66.4,1007.9,183.0,E,1.0,Singapore,Red Bull Racing
29,RIC,30,0,6,6,0,65,32.8,29.9,0.0,1.9,66.1,1007.8,178.0,E,2.0,Singapore,Red Bull Racing
30,RIC,31,0,6,6,0,65,32.8,29.8,0.0,1.9,66.4,1007.9,174.0,E,3.0,Singapore,Red Bull Racing
31,RIC,32,0,6,6,0,65,32.8,29.8,0.0,2.0,66.5,1007.9,181.0,E,4.0,Singapore,Red Bull Racing
32,RIC,33,0,6,6,0,65,33.0,29.9,0.0,2.0,67.6,1007.9,180.0,E,5.0,Singapore,Red Bull Racing
33,RIC,34,0,6,6,0,65,32.9,29.8,0.0,1.8,67.2,1007.9,184.0,E,6.0,Singapore,Red Bull Racing
34,RIC,35,0,6,6,0,66,32.8,29.8,0.0,1.7,67.0,1007.9,174.0,E,7.0,Singapore,Red Bull Racing
35,RIC,36,0,6,6,0,66,32.8,29.8,0.0,2.6,66.9,1008.0,181.0,E,8.0,Singapore,Red Bull Racing
36,RIC,37,0,6,6,0,66,32.8,29.8,0.0,1.9,67.3,1007.8,175.0,E,9.0,Singapore,Red Bull Racing
37,RIC,38,0,6,6,0,66,32.7,29.8,0.0,2.1,67.1,1007.9,172.0,E,10.0,Singapore,Red Bull Racing
38,RIC,39,0,6,6,0,66,32.9,29.8,0.0,2.1,67.0,1007.9,186.0,E,11.0,Singapore,Red Bull Racing
39,RIC,40,0,6,6,0,66,32.9,29.8,0.0,2.7,67.6,1007.9,168.0,E,12.0,Singapore,Red Bull Racing
40,RIC,41,0,6,6,0,66,32.2,29.6,0.0,3.0,67.7,1008.0,180.0,E,13.0,Singapore,Red Bull Racing
41,RIC,42,0,6,6,0,66,32.4,29.6,0.0,2.0,67.9,1007.9,179.0,E,14.0,Singapore,Red Bull Racing
42,RIC,43,0,6,6,0,66,32.2,29.6,0.0,2.3,68.1,1008.1,172.0,E,15.0,Singapore,Red Bull Racing
43,RIC,44,0,6,6,0,66,32.3,29.6,0.0,2.1,68.4,1008.0,167.0,E,16.0,Singapore,Red Bull Racing
44,RIC,45,0,6,6,0,66,32.5,29.7,0.0,2.3,68.3,1008.0,169.0,E,17.0,Singapore,Red Bull Racing
45,RIC,46,0,6,6,0,66,32.7,29.7,0.0,2.2,68.2,1008.1,166.0,E,18.0,Singapore,Red Bull Racing
46,RIC,47,0,6,6,0,66,32.8,29.8,0.0,2.2,67.9,1008.1,173.0,E,19.0,Singapore,Red Bull Racing
47,RIC,48,0,6,6,0,65,32.7,29.8,0.0,1.7,68.1,1008.1,175.0,E,20.0,Singapore,Red Bull Racing
48,RIC,49,0,6,6,0,65,32.7,29.8,0.0,2.0,68.0,1008.2,171.0,E,21.0,Singapore,Red Bull Racing
49,RIC,50,0,6,6,0,65,32.7,29.8,0.0,1.9,68.1,1008.0,184.0,E,22.0,Singapore,Red Bull Racing
50,RIC,51,0,6,6,0,65,32.7,29.9,0.0,2.1,68.2,1008.0,176.0,E,23.0,Singapore,Red Bull Racing
51,RIC,52,0,6,6,0,65,32.5,29.9,0.0,2.4,68.3,1008.1,196.0,E,24.0,Singapore,Red Bull Racing
52,RIC,53,0,6,6,0,65,32.4,29.8,0.0,2.1,68.6,1008.1,185.0,E,25.0,Singapore,Red Bull Racing
53,RIC,54,0,6,6,0,65,32.4,29.7,0.0,1.9,68.9,1008.1,171.0,E,26.0,Singapore,Red Bull Racing
54,RIC,55,0,6,6,0,65,32.5,29.7,0.0,1.7,69.1,1008.1,185.0,E,27.0,Singapore,Red Bull Racing
55,RIC,56,0,6,6,0,65,32.7,29.9,0.0,2.1,69.0,1008.2,183.0,E,28.0,Singapore,Red Bull Racing
56,RIC,57,0,6,6,0,65,32.6,29.9,0.0,1.5,69.0,1008.2,187.0,E,29.0,Singapore,Red Bull Racing
57,RIC,58,0,6,6,0,65,32.4,29.8,0.0,1.9,69.2,1008.3,195.0,E,30.0,Singapore,Red Bull Racing
58,RIC,59,0,6,6,0,65,32.4,29.8,0.0,2.4,69.3,1008.3,178.0,E,31.0,Singapore,Red Bull Racing
59,RIC,60,0,6,6,0,65,32.3,29.8,0.0,2.0,69.4,1008.3,180.0,E,32.0,Singapore,Red Bull Racing
60,RIC,61,0,6,6,0,65,32.3,29.8,0.0,1.6,69.6,1008.3,177.0,E,33.0,Singapore,Red Bull Racing
0,PER,1,0,7,16,0,48,34.0,30.0,0.0,1.1,65.2,1007.4,177.0,F,3.0,Singapore,Racing Point
1,PER,2,0,7,16,0,44,34.0,30.0,0.0,1.6,64.4,1007.5,174.0,F,4.0,Singapore,Racing Point
2,PER,3,0,7,16,0,42,33.7,29.9,0.0,1.3,64.5,1007.4,184.0,F,5.0,Singapore,Racing Point
3,PER,4,0,7,16,0,42,33.7,29.9,0.0,1.7,64.5,1007.5,170.0,F,6.0,Singapore,Racing Point
4,PER,5,0,7,16,0,43,33.8,29.9,0.0,1.6,64.2,1007.5,172.0,F,7.0,Singapore,Racing Point
5,PER,6,0,7,16,0,45,33.8,29.9,0.0,1.7,64.5,1007.4,170.0,F,8.0,Singapore,Racing Point
6,PER,7,0,7,16,0,47,33.6,30.0,0.0,3.1,63.7,1007.6,163.0,F,9.0,Singapore,Racing Point
7,PER,8,0,7,16,0,48,33.7,29.8,0.0,1.6,63.6,1007.6,172.0,F,10.0,Singapore,Racing Point
8,PER,9,0,7,16,0,48,33.9,29.9,0.0,1.1,63.8,1007.8,193.0,F,11.0,Singapore,Racing Point
9,PER,10,0,7,16,0,49,33.9,29.9,0.0,1.2,64.0,1007.8,176.0,F,12.0,Singapore,Racing Point
10,PER,11,0,7,16,0,49,34.1,30.0,0.0,2.3,63.8,1007.8,152.0,F,13.0,Singapore,Racing Point
11,PER,12,0,7,16,0,50,34.0,30.1,0.0,1.8,63.2,1007.7,164.0,F,14.0,Singapore,Racing Point
12,PER,13,0,7,16,0,50,33.7,30.3,0.0,1.8,63.1,1007.8,173.0,F,15.0,Singapore,Racing Point
13,PER,14,0,7,16,0,51,33.8,30.2,0.0,2.4,63.4,1007.9,174.0,F,16.0,Singapore,Racing Point
14,PER,15,0,6,16,0,51,33.8,30.2,0.0,2.0,63.3,1007.8,167.0,F,17.0,Singapore,Racing Point
15,PER,16,0,6,16,0,52,33.5,30.0,0.0,2.0,63.8,1007.9,171.0,F,18.0,Singapore,Racing Point
16,PER,17,0,7,16,0,53,33.5,30.1,0.0,3.1,63.6,1008.0,174.0,F,19.0,Singapore,Racing Point
17,PER,18,0,16,16,0,53,33.6,30.2,0.0,2.0,63.3,1007.9,176.0,E,0.0,Singapore,Racing Point
18,PER,19,0,16,16,0,53,33.5,30.1,0.0,2.3,64.0,1007.9,176.0,E,1.0,Singapore,Racing Point
19,PER,20,0,16,16,0,53,33.5,30.1,0.0,1.9,64.2,1008.0,198.0,E,2.0,Singapore,Racing Point
20,PER,21,0,16,16,0,53,33.6,30.1,0.0,2.4,64.4,1008.0,193.0,E,3.0,Singapore,Racing Point
21,PER,22,0,16,16,0,53,33.6,30.1,0.0,2.4,63.9,1007.9,191.0,E,4.0,Singapore,Racing Point
22,PER,23,0,16,16,0,53,33.4,30.0,0.0,2.2,65.1,1007.8,178.0,E,5.0,Singapore,Racing Point
23,PER,24,0,16,16,0,53,33.4,30.1,0.0,2.2,65.3,1007.8,181.0,E,6.0,Singapore,Racing Point
24,PER,25,0,16,16,0,53,33.0,30.0,0.0,2.1,65.3,1007.8,168.0,E,7.0,Singapore,Racing Point
25,PER,26,0,16,16,0,53,33.1,30.0,0.0,2.6,64.8,1007.8,179.0,E,8.0,Singapore,Racing Point
26,PER,27,0,14,16,0,53,32.8,29.8,0.0,2.7,65.3,1007.8,176.0,E,9.0,Singapore,Racing Point
27,PER,28,0,14,16,0,54,33.0,29.8,0.0,1.9,65.3,1007.9,178.0,E,10.0,Singapore,Racing Point
28,PER,29,0,14,16,0,54,32.8,29.8,0.0,2.0,65.6,1007.8,182.0,E,11.0,Singapore,Racing Point
29,PER,30,0,14,16,0,54,33.0,29.8,0.0,2.1,65.8,1007.8,178.0,E,12.0,Singapore,Racing Point
30,PER,31,0,14,16,0,54,32.9,29.9,0.0,2.4,66.2,1007.8,182.0,E,13.0,Singapore,Racing Point
31,PER,32,0,14,16,0,54,33.0,29.8,0.0,1.9,66.4,1007.9,183.0,E,14.0,Singapore,Racing Point
32,PER,33,0,19,16,0,54,32.8,29.9,0.0,1.9,66.1,1007.8,178.0,E,15.0,Singapore,Racing Point
33,PER,34,0,19,16,0,54,32.8,29.8,0.0,2.2,66.6,1007.8,170.0,S,0.0,Singapore,Racing Point
34,PER,35,0,19,16,0,54,32.9,29.8,0.0,2.0,66.9,1007.8,190.0,S,1.0,Singapore,Racing Point
35,PER,36,0,19,16,0,55,32.9,29.8,0.0,1.8,67.2,1007.9,184.0,S,2.0,Singapore,Racing Point
36,PER,37,0,17,16,0,55,32.8,29.8,0.0,2.6,66.9,1008.0,181.0,S,3.0,Singapore,Racing Point
37,PER,38,0,17,16,0,55,32.7,29.8,0.0,2.1,67.1,1007.9,172.0,S,4.0,Singapore,Racing Point
38,PER,39,0,19,16,0,55,32.4,29.7,0.0,2.6,67.5,1007.9,173.0,S,5.0,Singapore,Racing Point
39,PER,40,0,19,16,0,55,32.2,29.6,0.0,3.0,67.7,1008.0,180.0,S,6.0,Singapore,Racing Point
40,PER,41,0,19,16,0,55,32.3,29.6,0.0,2.3,68.1,1008.0,176.0,S,7.0,Singapore,Racing Point
41,PER,42,0,19,16,0,55,32.3,29.6,0.0,2.5,67.7,1008.0,184.0,S,8.0,Singapore,Racing Point
42,PER,43,0,19,16,0,55,32.2,29.6,0.0,2.0,68.0,1008.0,179.0,S,9.0,Singapore,Racing Point
43,PER,44,0,19,16,0,55,32.2,29.7,0.0,2.1,67.6,1007.9,180.0,S,10.0,Singapore,Racing Point
44,PER,45,0,18,16,0,55,32.2,29.7,0.0,1.9,68.1,1007.9,176.0,S,11.0,Singapore,Racing Point
45,PER,46,0,18,16,0,55,32.4,29.6,0.0,1.9,68.1,1008.0,181.0,S,12.0,Singapore,Racing Point
46,PER,47,0,18,16,0,55,32.2,29.6,0.0,2.2,68.5,1008.1,179.0,S,13.0,Singapore,Racing Point
47,PER,48,0,18,16,0,55,32.8,29.8,0.0,2.2,67.9,1008.1,173.0,S,14.0,Singapore,Racing Point
48,PER,49,0,17,16,0,55,32.7,29.8,0.0,1.7,68.1,1008.1,175.0,S,15.0,Singapore,Racing Point
49,PER,50,0,17,16,0,55,32.7,29.8,0.0,1.9,68.1,1008.0,184.0,S,16.0,Singapore,Racing Point
50,PER,51,0,17,16,0,55,32.8,29.9,0.0,2.2,68.4,1008.1,180.0,S,17.0,Singapore,Racing Point
51,PER,52,0,17,16,0,55,32.7,29.9,0.0,2.1,68.2,1008.0,176.0,S,18.0,Singapore,Racing Point
52,PER,53,0,17,16,0,55,32.5,29.9,0.0,2.4,68.3,1008.1,196.0,S,19.0,Singapore,Racing Point
53,PER,54,0,17,16,0,55,32.4,29.9,0.0,2.0,68.4,1008.1,178.0,S,20.0,Singapore,Racing Point
54,PER,55,0,17,16,0,55,32.4,29.7,0.0,1.9,68.9,1008.1,171.0,S,21.0,Singapore,Racing Point
55,PER,56,0,17,16,0,55,32.5,29.7,0.0,1.7,68.8,1008.1,175.0,S,22.0,Singapore,Racing Point
56,PER,57,0,17,16,0,56,32.5,29.7,0.0,1.7,69.1,1008.1,185.0,S,23.0,Singapore,Racing Point
57,PER,58,0,17,16,0,56,32.5,29.8,0.0,1.7,69.1,1008.1,172.0,S,24.0,Singapore,Racing Point
58,PER,59,0,16,16,0,56,32.7,29.8,0.0,1.9,68.7,1008.1,192.0,S,25.0,Singapore,Racing Point
59,PER,60,0,16,16,0,56,32.4,29.8,0.0,2.4,69.3,1008.3,178.0,S,26.0,Singapore,Racing Point
0,GRO,1,0,8,15,0,40,34.0,30.0,0.0,1.6,64.4,1007.5,174.0,F,3.0,Singapore,Haas F1 Team
1,GRO,2,0,8,15,0,45,33.7,29.9,0.0,1.7,64.5,1007.5,170.0,F,4.0,Singapore,Haas F1 Team
2,GRO,3,0,8,15,0,47,33.8,29.9,0.0,1.7,64.5,1007.4,170.0,F,5.0,Singapore,Haas F1 Team
3,GRO,4,0,8,15,0,49,33.6,30.0,0.0,3.1,63.7,1007.6,163.0,F,6.0,Singapore,Haas F1 Team
4,GRO,5,0,8,15,0,51,33.2,29.7,0.0,2.0,64.0,1007.6,189.0,F,7.0,Singapore,Haas F1 Team
5,GRO,6,0,8,15,0,53,33.8,29.8,0.0,2.1,63.5,1007.6,166.0,F,8.0,Singapore,Haas F1 Team
6,GRO,7,0,8,15,0,54,33.9,29.9,0.0,1.1,63.8,1007.8,193.0,F,9.0,Singapore,Haas F1 Team
7,GRO,8,0,8,15,0,55,34.1,30.0,0.0,2.3,63.8,1007.8,152.0,F,10.0,Singapore,Haas F1 Team
8,GRO,9,0,8,15,0,55,34.0,30.0,0.0,1.3,64.3,1007.8,184.0,F,11.0,Singapore,Haas F1 Team
9,GRO,10,0,8,15,0,55,33.9,30.2,0.0,2.7,63.1,1007.8,181.0,F,12.0,Singapore,Haas F1 Team
10,GRO,11,0,8,15,0,55,33.7,30.3,0.0,1.8,63.1,1007.8,173.0,F,13.0,Singapore,Haas F1 Team
11,GRO,12,0,8,15,0,55,33.5,30.2,0.0,1.6,63.2,1007.9,172.0,F,14.0,Singapore,Haas F1 Team
12,GRO,13,0,8,15,0,56,33.8,30.2,0.0,2.4,63.4,1007.9,174.0,F,15.0,Singapore,Haas F1 Team
13,GRO,14,0,8,15,0,57,33.5,30.1,0.0,3.3,63.1,1007.9,171.0,F,16.0,Singapore,Haas F1 Team
14,GRO,15,0,8,15,0,57,33.6,30.2,0.0,2.0,63.3,1007.9,176.0,F,17.0,Singapore,Haas F1 Team
15,GRO,16,0,14,15,0,58,33.5,30.1,0.0,2.3,64.0,1007.9,176.0,F,18.0,Singapore,Haas F1 Team
16,GRO,17,0,18,15,0,58,33.5,30.1,0.0,1.9,64.2,1008.0,198.0,S,0.0,Singapore,Haas F1 Team
17,GRO,18,0,18,15,0,58,33.6,30.1,0.0,1.8,64.3,1007.9,178.0,S,1.0,Singapore,Haas F1 Team
18,GRO,19,0,18,15,0,58,33.4,30.1,0.0,1.8,64.4,1007.9,184.0,S,2.0,Singapore,Haas F1 Team
19,GRO,20,0,18,15,0,57,33.4,30.1,0.0,2.1,64.5,1007.9,190.0,S,3.0,Singapore,Haas F1 Team
20,GRO,21,0,18,15,0,57,33.4,30.1,0.0,2.2,65.3,1007.8,181.0,S,4.0,Singapore,Haas F1 Team
21,GRO,22,0,18,15,0,57,33.0,30.1,0.0,2.2,64.8,1007.8,191.0,S,5.0,Singapore,Haas F1 Team
22,GRO,23,0,18,15,0,57,33.0,30.0,0.0,2.4,65.7,1007.7,180.0,S,6.0,Singapore,Haas F1 Team
23,GRO,24,0,18,15,0,57,33.1,30.0,0.0,2.6,64.8,1007.8,179.0,S,7.0,Singapore,Haas F1 Team
24,GRO,25,0,18,15,0,57,32.9,29.9,0.0,2.3,65.4,1007.7,186.0,S,8.0,Singapore,Haas F1 Team
25,GRO,26,0,18,15,0,57,32.8,29.7,0.0,2.2,65.4,1007.7,169.0,S,9.0,Singapore,Haas F1 Team
26,GRO,27,0,16,15,0,57,33.1,29.8,0.0,2.1,65.4,1007.8,182.0,S,10.0,Singapore,Haas F1 Team
27,GRO,28,0,16,15,0,57,33.0,29.8,0.0,1.9,65.3,1007.9,178.0,S,11.0,Singapore,Haas F1 Team
28,GRO,29,0,16,15,0,57,33.1,29.8,0.0,1.8,65.5,1007.9,190.0,S,12.0,Singapore,Haas F1 Team
29,GRO,30,0,16,15,0,57,32.8,29.8,0.0,1.8,65.5,1007.9,176.0,S,13.0,Singapore,Haas F1 Team
30,GRO,31,0,16,15,0,57,32.8,29.8,0.0,1.7,65.8,1007.8,182.0,S,14.0,Singapore,Haas F1 Team
31,GRO,32,0,16,15,0,57,33.0,29.8,0.0,2.1,65.8,1007.8,178.0,S,15.0,Singapore,Haas F1 Team
32,GRO,33,0,15,15,0,57,32.8,29.9,0.0,2.0,66.0,1007.9,179.0,S,16.0,Singapore,Haas F1 Team
33,GRO,34,0,15,15,0,57,32.8,29.8,0.0,1.9,66.4,1007.9,174.0,S,17.0,Singapore,Haas F1 Team
34,GRO,35,0,15,15,0,57,32.8,29.8,0.0,2.0,66.5,1007.9,181.0,S,18.0,Singapore,Haas F1 Team
35,GRO,36,0,15,15,0,57,32.8,29.8,0.0,2.2,66.6,1007.8,170.0,S,19.0,Singapore,Haas F1 Team
36,GRO,37,0,14,15,0,57,32.9,29.8,0.0,2.0,66.9,1007.8,190.0,S,20.0,Singapore,Haas F1 Team
37,GRO,38,0,14,15,0,56,33.0,29.9,0.0,2.0,67.6,1007.9,180.0,S,21.0,Singapore,Haas F1 Team
38,GRO,39,0,14,15,0,56,32.9,29.8,0.0,1.8,67.2,1007.9,184.0,S,22.0,Singapore,Haas F1 Team
39,GRO,40,0,14,15,0,56,32.8,29.8,0.0,1.7,67.0,1007.9,174.0,S,23.0,Singapore,Haas F1 Team
40,GRO,41,0,13,15,0,56,32.8,29.8,0.0,2.6,66.9,1008.0,181.0,S,24.0,Singapore,Haas F1 Team
41,GRO,42,0,13,15,0,56,32.7,29.8,0.0,2.1,67.1,1007.9,172.0,S,25.0,Singapore,Haas F1 Team
42,GRO,43,0,13,15,0,56,32.9,29.8,0.0,2.1,67.0,1007.9,186.0,S,26.0,Singapore,Haas F1 Team
43,GRO,44,0,13,15,0,56,32.9,29.8,0.0,2.7,67.6,1007.9,168.0,S,27.0,Singapore,Haas F1 Team
44,GRO,45,0,13,15,0,56,32.3,29.6,0.0,2.3,68.1,1008.0,176.0,S,28.0,Singapore,Haas F1 Team
45,GRO,46,0,13,15,0,56,32.4,29.6,0.0,2.0,67.9,1007.9,179.0,S,29.0,Singapore,Haas F1 Team
46,GRO,47,0,13,15,0,57,32.3,29.6,0.0,2.5,67.7,1008.0,184.0,S,30.0,Singapore,Haas F1 Team
47,GRO,48,0,13,15,0,57,32.2,29.6,0.0,2.3,68.1,1008.1,172.0,S,31.0,Singapore,Haas F1 Team
48,GRO,49,0,13,15,0,57,32.2,29.7,0.0,1.9,68.1,1007.9,176.0,S,32.0,Singapore,Haas F1 Team
49,GRO,50,0,13,15,0,57,32.2,29.6,0.0,2.2,68.5,1008.1,179.0,S,33.0,Singapore,Haas F1 Team
50,GRO,51,0,13,15,0,57,32.3,29.6,0.0,2.1,68.4,1008.0,167.0,S,34.0,Singapore,Haas F1 Team
51,GRO,52,0,13,15,0,57,32.7,29.7,0.0,2.2,68.2,1008.1,166.0,S,35.0,Singapore,Haas F1 Team
52,GRO,53,0,13,15,0,57,32.8,29.8,0.0,2.2,67.9,1008.1,173.0,S,36.0,Singapore,Haas F1 Team
53,GRO,54,0,13,15,0,57,32.7,29.8,0.0,1.7,68.1,1008.1,175.0,S,37.0,Singapore,Haas F1 Team
54,GRO,55,0,13,15,0,58,32.7,29.9,0.0,2.1,68.2,1008.0,176.0,S,38.0,Singapore,Haas F1 Team
55,GRO,56,0,13,15,0,58,32.4,29.9,0.0,2.0,68.4,1008.1,178.0,S,39.0,Singapore,Haas F1 Team
56,GRO,57,0,13,15,0,58,32.4,29.7,0.0,1.9,68.9,1008.1,171.0,S,40.0,Singapore,Haas F1 Team
57,GRO,58,0,13,15,0,58,32.5,29.8,0.0,1.7,69.1,1008.1,172.0,S,41.0,Singapore,Haas F1 Team
58,GRO,59,0,13,15,0,58,32.7,29.8,0.0,1.9,68.7,1008.1,192.0,S,42.0,Singapore,Haas F1 Team
59,GRO,60,0,13,15,0,58,32.6,29.9,0.0,1.5,69.0,1008.2,187.0,S,43.0,Singapore,Haas F1 Team
0,HUL,1,0,11,20,0,59,34.2,29.9,0.0,1.4,65.2,1007.3,180.0,,0.0,Singapore,Renault
1,HUL,2,0,11,20,0,48,34.0,30.0,0.0,1.1,65.2,1007.4,177.0,,0.0,Singapore,Renault
2,HUL,3,0,11,20,0,49,33.6,30.0,0.0,3.1,63.7,1007.6,163.0,,0.0,Singapore,Renault
3,HUL,4,0,11,20,0,52,33.2,29.7,0.0,2.0,64.0,1007.6,189.0,,0.0,Singapore,Renault
4,HUL,5,0,11,20,0,55,33.7,29.8,0.0,1.6,63.6,1007.6,172.0,,0.0,Singapore,Renault
5,HUL,6,0,11,20,0,58,33.8,29.8,0.0,2.1,63.5,1007.6,166.0,,0.0,Singapore,Renault
6,HUL,7,0,11,20,0,60,33.9,29.9,0.0,1.2,64.0,1007.8,176.0,,0.0,Singapore,Renault
7,HUL,8,0,11,20,0,61,34.1,30.0,0.0,2.3,63.8,1007.8,152.0,,0.0,Singapore,Renault
8,HUL,9,0,11,20,0,62,34.0,30.0,0.0,1.3,64.3,1007.8,184.0,,0.0,Singapore,Renault
9,HUL,10,0,11,20,0,62,34.0,30.1,0.0,1.8,63.2,1007.7,164.0,,0.0,Singapore,Renault
10,HUL,11,0,11,20,0,62,33.9,30.2,0.0,2.7,63.1,1007.8,181.0,,0.0,Singapore,Renault
11,HUL,12,0,11,20,0,63,33.7,30.3,0.0,1.8,63.1,1007.8,173.0,,0.0,Singapore,Renault
12,HUL,13,0,11,20,0,63,33.5,30.2,0.0,1.6,63.2,1007.9,172.0,,0.0,Singapore,Renault
13,HUL,14,0,11,20,0,64,33.8,30.2,0.0,2.4,63.4,1007.9,174.0,,0.0,Singapore,Renault
14,HUL,15,0,15,20,0,64,33.5,30.0,0.0,2.0,63.8,1007.9,171.0,,0.0,Singapore,Renault
15,HUL,16,0,18,20,0,65,33.5,30.1,0.0,3.5,63.2,1007.9,170.0,,0.0,Singapore,Renault
16,HUL,17,0,17,20,0,65,33.6,30.1,0.0,1.8,64.3,1007.9,178.0,,0.0,Singapore,Renault
17,HUL,18,0,17,20,0,65,33.6,30.1,0.0,2.4,63.9,1007.9,191.0,,0.0,Singapore,Renault
18,HUL,19,0,17,20,0,66,33.4,30.1,0.0,2.2,65.3,1007.8,181.0,,0.0,Singapore,Renault
19,HUL,20,0,17,20,0,66,33.0,30.1,0.0,2.2,64.8,1007.8,191.0,,0.0,Singapore,Renault
20,HUL,21,0,17,20,0,66,33.0,30.0,0.0,2.1,65.3,1007.8,168.0,,0.0,Singapore,Renault
21,HUL,22,0,17,20,0,66,33.1,30.0,0.0,2.6,64.8,1007.8,179.0,,0.0,Singapore,Renault
22,HUL,23,0,17,20,0,66,33.1,29.8,0.0,2.1,65.4,1007.8,182.0,,0.0,Singapore,Renault
23,HUL,24,0,17,20,0,66,33.0,29.8,0.0,1.9,65.3,1007.9,178.0,,0.0,Singapore,Renault
24,HUL,25,0,17,20,0,67,33.1,29.8,0.0,1.8,65.5,1007.9,190.0,,0.0,Singapore,Renault
25,HUL,26,0,17,20,0,67,32.8,29.8,0.0,1.8,65.5,1007.9,176.0,,0.0,Singapore,Renault
26,HUL,27,0,15,20,0,67,32.8,29.8,0.0,2.0,65.8,1007.8,195.0,,0.0,Singapore,Renault
27,HUL,28,0,15,20,0,67,32.8,29.8,0.0,1.7,65.8,1007.8,182.0,,0.0,Singapore,Renault
28,HUL,29,0,15,20,0,67,33.0,29.9,0.0,2.2,65.8,1007.8,190.0,,0.0,Singapore,Renault
29,HUL,30,0,15,20,0,67,32.8,29.9,0.0,2.0,66.2,1007.9,191.0,,0.0,Singapore,Renault
30,HUL,31,0,15,20,0,67,32.8,29.9,0.0,2.0,66.0,1007.9,179.0,,0.0,Singapore,Renault
31,HUL,32,0,15,20,0,67,32.8,29.9,0.0,1.9,66.1,1007.8,178.0,,0.0,Singapore,Renault
32,HUL,33,0,14,20,0,67,32.8,29.8,0.0,2.0,66.5,1007.9,181.0,,0.0,Singapore,Renault
33,HUL,34,0,13,20,0,67,32.8,29.8,0.0,2.2,66.6,1007.8,170.0,,0.0,Singapore,Renault
34,HUL,35,0,13,20,0,67,32.9,29.8,0.0,2.0,66.9,1007.8,190.0,,0.0,Singapore,Renault
35,HUL,36,0,13,20,0,67,32.9,29.9,0.0,1.8,66.5,1007.8,199.0,,0.0,Singapore,Renault
36,HUL,37,0,13,20,0,67,33.0,29.9,0.0,2.0,67.2,1007.9,196.0,,0.0,Singapore,Renault
37,HUL,38,0,12,20,0,68,32.9,29.8,0.0,2.1,67.0,1007.9,186.0,,0.0,Singapore,Renault
38,HUL,39,0,12,20,0,68,32.9,29.8,0.0,2.7,67.6,1007.9,168.0,,0.0,Singapore,Renault
39,HUL,40,0,12,20,0,68,32.4,29.7,0.0,2.6,67.5,1007.9,173.0,,0.0,Singapore,Renault
40,HUL,41,0,12,20,0,68,32.3,29.6,0.0,2.5,67.7,1008.0,184.0,,0.0,Singapore,Renault
41,HUL,42,0,12,20,0,68,32.2,29.6,0.0,2.0,68.0,1008.0,179.0,,0.0,Singapore,Renault
42,HUL,43,0,11,20,0,68,32.2,29.6,0.0,2.3,68.1,1008.1,172.0,,0.0,Singapore,Renault
43,HUL,44,0,11,20,0,68,32.2,29.7,0.0,1.9,68.1,1007.9,176.0,,0.0,Singapore,Renault
44,HUL,45,0,10,20,0,68,32.2,29.6,0.0,2.2,68.5,1008.1,179.0,,0.0,Singapore,Renault
45,HUL,46,0,10,20,0,67,32.3,29.6,0.0,2.1,68.4,1008.0,167.0,,0.0,Singapore,Renault
46,HUL,47,0,10,20,0,67,32.7,29.7,0.0,2.2,68.2,1008.1,166.0,,0.0,Singapore,Renault
47,HUL,48,0,10,20,0,67,32.7,29.8,0.0,2.0,68.0,1008.2,171.0,,0.0,Singapore,Renault
48,HUL,49,0,10,20,0,67,32.8,29.9,0.0,2.2,68.4,1008.1,180.0,,0.0,Singapore,Renault
49,HUL,50,0,10,20,0,68,32.7,29.9,0.0,2.1,68.2,1008.0,176.0,,0.0,Singapore,Renault
50,HUL,51,0,10,20,0,68,32.4,29.7,0.0,1.9,68.9,1008.1,171.0,,0.0,Singapore,Renault
51,HUL,52,0,10,20,0,68,32.6,29.8,0.0,2.2,68.9,1008.1,189.0,,0.0,Singapore,Renault
52,HUL,53,0,10,20,0,68,32.5,29.8,0.0,1.7,69.1,1008.1,172.0,,0.0,Singapore,Renault
53,HUL,54,0,10,20,0,68,32.7,29.8,0.0,1.9,68.7,1008.1,192.0,,0.0,Singapore,Renault
54,HUL,55,0,10,20,0,68,32.7,29.9,0.0,2.1,69.0,1008.2,183.0,,0.0,Singapore,Renault
55,HUL,56,0,10,20,0,68,32.6,29.9,0.0,1.5,69.0,1008.2,187.0,,0.0,Singapore,Renault
56,HUL,57,0,10,20,0,68,32.5,29.8,0.0,1.8,69.5,1008.3,182.0,,0.0,Singapore,Renault
57,HUL,58,0,10,20,0,68,32.4,29.9,0.0,1.8,69.6,1008.2,169.0,,0.0,Singapore,Renault
58,HUL,59,0,10,20,0,68,32.4,29.8,0.0,1.9,69.2,1008.3,195.0,,0.0,Singapore,Renault
59,HUL,60,0,10,20,1,68,32.3,29.8,0.0,2.0,69.4,1008.3,180.0,,0.0,Singapore,Renault
0,ALO,1,0,9,10,0,68,34.0,30.0,0.0,1.6,64.4,1007.5,174.0,F,3.0,Singapore,McLaren
1,ALO,2,0,9,10,0,62,33.8,29.9,0.0,1.6,64.2,1007.5,172.0,F,4.0,Singapore,McLaren
2,ALO,3,0,9,10,0,68,33.8,29.9,0.0,1.7,64.5,1007.4,170.0,F,5.0,Singapore,McLaren
3,ALO,4,0,9,10,0,69,33.6,30.0,0.0,3.1,63.7,1007.6,163.0,F,6.0,Singapore,McLaren
4,ALO,5,0,9,10,0,71,33.2,29.7,0.0,2.0,64.0,1007.6,189.0,F,7.0,Singapore,McLaren
5,ALO,6,0,9,10,0,73,33.9,29.9,0.0,1.2,64.0,1007.8,176.0,F,8.0,Singapore,McLaren
6,ALO,7,0,9,10,0,74,34.1,30.0,0.0,2.3,63.8,1007.8,152.0,F,9.0,Singapore,McLaren
7,ALO,8,0,9,10,0,75,33.9,30.2,0.0,2.7,63.1,1007.8,181.0,F,10.0,Singapore,McLaren
8,ALO,9,0,9,10,0,75,33.7,30.3,0.0,1.8,63.1,1007.8,173.0,F,11.0,Singapore,McLaren
9,ALO,10,0,9,10,0,76,33.8,30.2,0.0,2.4,63.4,1007.9,174.0,F,12.0,Singapore,McLaren
10,ALO,11,0,9,10,0,76,33.5,30.1,0.0,3.3,63.1,1007.9,171.0,F,13.0,Singapore,McLaren
11,ALO,12,0,9,10,0,76,33.5,30.1,0.0,3.5,63.2,1007.9,170.0,F,14.0,Singapore,McLaren
12,ALO,13,0,9,10,0,76,33.6,30.2,0.0,2.0,63.3,1007.9,176.0,F,15.0,Singapore,McLaren
13,ALO,14,0,9,10,0,76,33.5,30.1,0.0,2.3,64.0,1007.9,176.0,F,16.0,Singapore,McLaren
14,ALO,15,0,9,10,0,76,33.6,30.1,0.0,2.4,63.9,1007.9,191.0,F,17.0,Singapore,McLaren
15,ALO,16,0,8,10,0,76,33.4,30.1,0.0,1.8,64.4,1007.9,184.0,E,0.0,Singapore,McLaren
16,ALO,17,0,8,10,0,76,33.4,30.1,0.0,2.1,64.5,1007.9,190.0,E,1.0,Singapore,McLaren
17,ALO,18,0,7,10,0,77,33.4,30.1,0.0,2.2,65.3,1007.8,181.0,E,2.0,Singapore,McLaren
18,ALO,19,0,7,10,0,77,33.0,30.1,0.0,2.2,64.8,1007.8,191.0,E,3.0,Singapore,McLaren
19,ALO,20,0,7,10,0,77,32.8,29.8,0.0,2.7,65.3,1007.8,176.0,E,4.0,Singapore,McLaren
20,ALO,21,0,7,10,0,77,32.8,29.7,0.0,2.2,65.4,1007.7,169.0,E,5.0,Singapore,McLaren
21,ALO,22,0,7,10,0,78,33.1,29.8,0.0,2.1,65.4,1007.8,182.0,E,6.0,Singapore,McLaren
22,ALO,23,0,7,10,0,78,33.0,29.8,0.0,1.9,65.3,1007.9,178.0,E,7.0,Singapore,McLaren
23,ALO,24,0,7,10,0,78,32.8,29.8,0.0,2.0,65.8,1007.8,195.0,E,8.0,Singapore,McLaren
24,ALO,25,0,7,10,0,77,33.0,29.8,0.0,2.1,65.8,1007.8,178.0,E,9.0,Singapore,McLaren
25,ALO,26,0,7,10,0,77,33.0,29.9,0.0,2.2,65.8,1007.8,190.0,E,10.0,Singapore,McLaren
26,ALO,27,0,7,10,0,77,32.9,29.9,0.0,2.4,66.2,1007.8,182.0,E,11.0,Singapore,McLaren
27,ALO,28,0,7,10,0,77,33.0,29.8,0.0,1.9,66.4,1007.9,183.0,E,12.0,Singapore,McLaren
28,ALO,29,0,7,10,0,77,32.8,29.8,0.0,2.2,66.6,1007.8,170.0,E,13.0,Singapore,McLaren
29,ALO,30,0,7,10,0,77,33.0,29.9,0.0,2.0,67.2,1007.9,196.0,E,14.0,Singapore,McLaren
30,ALO,31,0,7,10,0,77,33.0,29.9,0.0,2.0,67.6,1007.9,180.0,E,15.0,Singapore,McLaren
31,ALO,32,0,7,10,0,77,32.8,29.8,0.0,1.7,67.0,1007.9,174.0,E,16.0,Singapore,McLaren
32,ALO,33,0,7,10,0,77,32.8,29.8,0.0,2.6,66.9,1008.0,181.0,E,17.0,Singapore,McLaren
33,ALO,34,0,7,10,0,77,32.7,29.8,0.0,2.1,67.1,1007.9,172.0,E,18.0,Singapore,McLaren
34,ALO,35,0,7,10,0,77,32.9,29.9,0.0,2.1,66.8,1007.9,187.0,E,19.0,Singapore,McLaren
35,ALO,36,0,7,10,0,77,32.9,29.8,0.0,2.1,67.0,1007.9,186.0,E,20.0,Singapore,McLaren
36,ALO,37,0,7,10,0,77,32.9,29.8,0.0,2.7,67.6,1007.9,168.0,E,21.0,Singapore,McLaren
37,ALO,38,0,7,10,0,78,32.6,29.8,0.0,2.2,66.9,1008.0,180.0,E,22.0,Singapore,McLaren
38,ALO,39,0,7,10,0,77,32.2,29.6,0.0,3.0,67.7,1008.0,180.0,E,23.0,Singapore,McLaren
39,ALO,40,0,7,10,0,77,32.4,29.6,0.0,2.0,67.9,1007.9,179.0,E,24.0,Singapore,McLaren
40,ALO,41,0,7,10,0,78,32.3,29.6,0.0,2.5,67.7,1008.0,184.0,E,25.0,Singapore,McLaren
41,ALO,42,0,7,10,0,78,32.2,29.6,0.0,2.0,68.0,1008.0,179.0,E,26.0,Singapore,McLaren
42,ALO,43,0,7,10,0,77,32.2,29.6,0.0,2.3,68.1,1008.1,172.0,E,27.0,Singapore,McLaren
43,ALO,44,0,7,10,0,78,32.4,29.6,0.0,1.9,68.1,1008.0,181.0,E,28.0,Singapore,McLaren
44,ALO,45,0,7,10,0,78,32.2,29.6,0.0,2.2,68.5,1008.1,179.0,E,29.0,Singapore,McLaren
45,ALO,46,0,7,10,0,78,32.3,29.6,0.0,2.1,68.4,1008.0,167.0,E,30.0,Singapore,McLaren
46,ALO,47,0,7,10,0,78,32.5,29.7,0.0,2.3,68.3,1008.0,169.0,E,31.0,Singapore,McLaren
47,ALO,48,0,7,10,0,78,32.7,29.7,0.0,2.2,68.2,1008.1,166.0,E,32.0,Singapore,McLaren
48,ALO,49,0,7,10,0,78,32.7,29.8,0.0,1.7,68.1,1008.1,175.0,E,33.0,Singapore,McLaren
49,ALO,50,0,7,10,0,77,32.7,29.9,0.0,2.1,68.2,1008.0,176.0,E,34.0,Singapore,McLaren
50,ALO,51,0,7,10,0,77,32.4,29.9,0.0,2.0,68.4,1008.1,178.0,E,35.0,Singapore,McLaren
51,ALO,52,0,7,10,0,77,32.4,29.8,0.0,2.1,68.6,1008.1,185.0,E,36.0,Singapore,McLaren
52,ALO,53,0,7,10,0,77,32.4,29.7,0.0,1.9,68.9,1008.1,171.0,E,37.0,Singapore,McLaren
53,ALO,54,0,7,10,0,77,32.6,29.8,0.0,2.2,68.9,1008.1,189.0,E,38.0,Singapore,McLaren
54,ALO,55,0,7,10,0,77,32.5,29.7,0.0,1.7,69.1,1008.1,185.0,E,39.0,Singapore,McLaren
55,ALO,56,0,7,10,0,77,32.5,29.8,0.0,1.7,69.1,1008.1,172.0,E,40.0,Singapore,McLaren
56,ALO,57,0,7,10,0,77,32.7,29.8,0.0,1.9,68.7,1008.1,192.0,E,41.0,Singapore,McLaren
57,ALO,58,0,7,10,0,78,32.6,29.9,0.0,1.5,69.0,1008.2,187.0,E,42.0,Singapore,McLaren
58,ALO,59,0,7,10,0,78,32.4,29.9,0.0,1.8,69.6,1008.2,169.0,E,43.0,Singapore,McLaren
59,ALO,60,0,7,10,0,78,32.4,29.8,0.0,2.4,69.3,1008.3,178.0,E,44.0,Singapore,McLaren
60,ALO,61,0,7,10,0,78,32.3,29.8,0.0,2.0,69.4,1008.3,180.0,,0.0,Singapore,McLaren
0,SAI,1,0,10,7,0,61,34.0,30.0,0.0,1.6,64.4,1007.5,174.0,E,0.0,Singapore,Renault
1,SAI,2,0,10,7,0,57,33.8,29.9,0.0,1.6,64.2,1007.5,172.0,E,1.0,Singapore,Renault
2,SAI,3,0,10,7,0,55,33.8,29.9,0.0,1.7,64.5,1007.4,170.0,E,2.0,Singapore,Renault
3,SAI,4,0,10,7,0,55,33.6,30.0,0.0,3.1,63.7,1007.6,163.0,E,3.0,Singapore,Renault
4,SAI,5,0,10,7,0,56,33.6,29.9,0.0,2.1,63.6,1007.6,173.0,E,4.0,Singapore,Renault
5,SAI,6,0,10,7,0,59,33.2,29.7,0.0,2.0,64.0,1007.6,189.0,E,5.0,Singapore,Renault
6,SAI,7,0,10,7,0,61,33.8,29.8,0.0,2.4,63.7,1007.7,165.0,E,6.0,Singapore,Renault
7,SAI,8,0,10,7,0,62,33.9,29.9,0.0,1.1,63.8,1007.8,193.0,E,7.0,Singapore,Renault
8,SAI,9,0,10,7,0,63,34.1,30.0,0.0,2.3,63.8,1007.8,152.0,E,8.0,Singapore,Renault
9,SAI,10,0,10,7,0,63,34.0,30.0,0.0,1.3,64.3,1007.8,184.0,E,9.0,Singapore,Renault
10,SAI,11,0,10,7,0,63,33.5,30.2,0.0,1.6,63.2,1007.9,172.0,E,10.0,Singapore,Renault
11,SAI,12,0,10,7,0,64,33.5,30.1,0.0,3.3,63.1,1007.9,171.0,E,11.0,Singapore,Renault
12,SAI,13,0,10,7,0,65,33.5,30.1,0.0,3.1,63.6,1008.0,174.0,E,12.0,Singapore,Renault
13,SAI,14,0,10,7,0,65,33.6,30.2,0.0,2.0,63.3,1007.9,176.0,E,13.0,Singapore,Renault
14,SAI,15,0,10,7,0,66,33.5,30.1,0.0,1.9,64.2,1008.0,198.0,E,14.0,Singapore,Renault
15,SAI,16,0,9,7,0,66,33.6,30.1,0.0,1.8,64.3,1007.9,178.0,E,15.0,Singapore,Renault
16,SAI,17,0,9,7,0,66,33.4,30.1,0.0,1.8,64.4,1007.9,184.0,E,16.0,Singapore,Renault
17,SAI,18,0,8,7,0,67,33.4,30.1,0.0,2.1,64.5,1007.9,190.0,E,17.0,Singapore,Renault
18,SAI,19,0,8,7,0,67,33.4,30.0,0.0,2.2,65.1,1007.8,178.0,E,18.0,Singapore,Renault
19,SAI,20,0,8,7,0,67,33.0,30.1,0.0,2.2,64.8,1007.8,191.0,E,19.0,Singapore,Renault
20,SAI,21,0,8,7,0,67,33.0,30.0,0.0,2.4,65.7,1007.7,180.0,E,20.0,Singapore,Renault
21,SAI,22,0,8,7,0,68,33.1,30.0,0.0,2.6,64.8,1007.8,179.0,E,21.0,Singapore,Renault
22,SAI,23,0,8,7,0,68,32.9,29.9,0.0,2.3,65.4,1007.7,186.0,E,22.0,Singapore,Renault
23,SAI,24,0,8,7,0,68,33.0,29.8,0.0,1.9,65.3,1007.9,178.0,E,23.0,Singapore,Renault
24,SAI,25,0,8,7,0,68,33.1,29.8,0.0,1.8,65.5,1007.9,190.0,E,24.0,Singapore,Renault
25,SAI,26,0,8,7,0,69,32.8,29.8,0.0,2.0,65.8,1007.8,195.0,E,25.0,Singapore,Renault
26,SAI,27,0,8,7,0,69,32.8,29.8,0.0,2.0,65.6,1007.8,182.0,E,26.0,Singapore,Renault
27,SAI,28,0,8,7,0,69,32.8,29.8,0.0,1.7,65.8,1007.8,182.0,E,27.0,Singapore,Renault
28,SAI,29,0,8,7,0,69,33.0,29.8,0.0,2.1,65.8,1007.8,178.0,E,28.0,Singapore,Renault
29,SAI,30,0,8,7,0,70,33.0,29.8,0.0,1.9,66.4,1007.9,183.0,E,29.0,Singapore,Renault
30,SAI,31,0,8,7,0,70,32.8,29.9,0.0,2.0,66.0,1007.9,179.0,E,30.0,Singapore,Renault
31,SAI,32,0,8,7,0,70,32.8,29.9,0.0,1.9,66.1,1007.8,178.0,E,31.0,Singapore,Renault
32,SAI,33,0,8,7,0,70,32.8,29.8,0.0,2.0,66.5,1007.9,181.0,E,32.0,Singapore,Renault
33,SAI,34,0,8,7,0,70,32.9,29.8,0.0,2.0,66.9,1007.8,190.0,E,33.0,Singapore,Renault
34,SAI,35,0,8,7,0,70,32.9,29.8,0.0,1.8,67.2,1007.9,184.0,E,34.0,Singapore,Renault
35,SAI,36,0,8,7,0,70,32.7,29.8,0.0,2.1,67.1,1007.9,172.0,E,35.0,Singapore,Renault
36,SAI,37,0,8,7,0,70,32.9,29.9,0.0,2.1,66.8,1007.9,187.0,E,36.0,Singapore,Renault
37,SAI,38,0,10,7,0,70,32.9,29.8,0.0,2.7,67.6,1007.9,168.0,E,37.0,Singapore,Renault
38,SAI,39,0,9,7,0,70,32.6,29.8,0.0,2.2,66.9,1008.0,180.0,S,0.0,Singapore,Renault
39,SAI,40,0,9,7,0,70,32.3,29.6,0.0,2.3,68.1,1008.0,176.0,S,1.0,Singapore,Renault
40,SAI,41,0,9,7,0,70,32.3,29.6,0.0,2.5,67.7,1008.0,184.0,S,2.0,Singapore,Renault
41,SAI,42,0,9,7,0,70,32.2,29.6,0.0,2.0,68.0,1008.0,179.0,S,3.0,Singapore,Renault
42,SAI,43,0,8,7,0,70,32.4,29.6,0.0,1.9,68.1,1008.0,181.0,S,4.0,Singapore,Renault
43,SAI,44,0,8,7,0,70,32.6,29.7,0.0,2.5,68.3,1008.1,206.0,S,5.0,Singapore,Renault
44,SAI,45,0,8,7,0,70,32.5,29.7,0.0,2.3,68.3,1008.0,169.0,S,6.0,Singapore,Renault
45,SAI,46,0,8,7,0,70,32.7,29.7,0.0,2.2,68.2,1008.1,166.0,S,7.0,Singapore,Renault
46,SAI,47,0,8,7,0,70,32.8,29.8,0.0,2.2,67.9,1008.1,173.0,S,8.0,Singapore,Renault
47,SAI,48,0,8,7,0,70,32.7,29.8,0.0,2.0,68.0,1008.2,171.0,S,9.0,Singapore,Renault
48,SAI,49,0,8,7,0,70,32.7,29.8,0.0,1.9,68.1,1008.0,184.0,S,10.0,Singapore,Renault
49,SAI,50,0,8,7,0,70,32.7,29.9,0.0,2.1,68.2,1008.0,176.0,S,11.0,Singapore,Renault
50,SAI,51,0,8,7,0,70,32.5,29.9,0.0,2.4,68.3,1008.1,196.0,S,12.0,Singapore,Renault
51,SAI,52,0,8,7,0,70,32.4,29.7,0.0,1.9,68.9,1008.1,171.0,S,13.0,Singapore,Renault
52,SAI,53,0,8,7,0,70,32.6,29.7,0.0,2.0,68.9,1008.1,163.0,S,14.0,Singapore,Renault
53,SAI,54,0,8,7,0,70,32.6,29.8,0.0,2.2,68.9,1008.1,189.0,S,15.0,Singapore,Renault
54,SAI,55,0,8,7,0,70,32.7,29.8,0.0,1.9,68.7,1008.1,192.0,S,16.0,Singapore,Renault
55,SAI,56,0,8,7,0,70,32.7,29.9,0.0,2.1,69.0,1008.2,183.0,S,17.0,Singapore,Renault
56,SAI,57,0,8,7,0,70,32.6,29.9,0.0,1.5,69.0,1008.2,187.0,S,18.0,Singapore,Renault
57,SAI,58,0,8,7,0,70,32.4,29.8,0.0,1.9,69.2,1008.3,195.0,S,19.0,Singapore,Renault
58,SAI,59,0,8,7,0,70,32.4,29.8,0.0,2.4,69.3,1008.3,178.0,S,20.0,Singapore,Renault
59,SAI,60,0,8,7,0,70,32.3,29.8,0.0,2.0,69.4,1008.3,180.0,S,21.0,Singapore,Renault
0,LEC,1,0,13,8,0,44,34.0,30.0,0.0,1.6,64.4,1007.5,174.0,E,0.0,Singapore,Sauber
1,LEC,2,0,13,8,0,44,33.7,29.9,0.0,1.3,64.5,1007.4,184.0,E,1.0,Singapore,Sauber
2,LEC,3,0,13,8,0,47,33.8,29.9,0.0,1.6,64.2,1007.5,172.0,E,2.0,Singapore,Sauber
3,LEC,4,0,13,8,0,48,33.2,29.7,0.0,2.0,64.0,1007.6,189.0,E,3.0,Singapore,Sauber
4,LEC,5,0,13,8,0,49,33.8,29.8,0.0,2.1,63.5,1007.6,166.0,E,4.0,Singapore,Sauber
5,LEC,6,0,13,8,0,50,33.8,29.8,0.0,2.4,63.7,1007.7,165.0,E,5.0,Singapore,Sauber
6,LEC,7,0,13,8,0,50,34.0,30.0,0.0,1.3,64.3,1007.8,184.0,E,6.0,Singapore,Sauber
7,LEC,8,0,13,8,0,51,33.7,30.3,0.0,1.8,63.1,1007.8,173.0,E,7.0,Singapore,Sauber
8,LEC,9,0,13,8,0,51,33.7,30.2,0.0,2.7,63.1,1007.8,165.0,E,8.0,Singapore,Sauber
9,LEC,10,0,13,8,0,51,33.5,30.2,0.0,1.6,63.2,1007.9,172.0,E,9.0,Singapore,Sauber
10,LEC,11,0,13,8,0,51,33.8,30.2,0.0,2.4,63.4,1007.9,174.0,E,10.0,Singapore,Sauber
11,LEC,12,0,13,8,0,51,33.8,30.2,0.0,2.0,63.3,1007.8,167.0,E,11.0,Singapore,Sauber
12,LEC,13,0,13,8,0,51,33.5,30.1,0.0,3.3,63.1,1007.9,171.0,E,12.0,Singapore,Sauber
13,LEC,14,0,13,8,0,51,33.5,30.0,0.0,2.0,63.8,1007.9,171.0,E,13.0,Singapore,Sauber
14,LEC,15,0,12,8,0,51,33.5,30.1,0.0,3.5,63.2,1007.9,170.0,E,14.0,Singapore,Sauber
15,LEC,16,0,11,8,0,51,33.5,30.1,0.0,2.3,64.0,1007.9,176.0,E,15.0,Singapore,Sauber
16,LEC,17,0,11,8,0,52,33.6,30.1,0.0,2.4,64.4,1008.0,193.0,E,16.0,Singapore,Sauber
17,LEC,18,0,10,8,0,52,33.6,30.1,0.0,1.8,64.3,1007.9,178.0,E,17.0,Singapore,Sauber
18,LEC,19,0,10,8,0,52,33.6,30.1,0.0,2.4,63.9,1007.9,191.0,E,18.0,Singapore,Sauber
19,LEC,20,0,10,8,0,52,33.4,30.1,0.0,1.8,64.4,1007.9,184.0,E,19.0,Singapore,Sauber
20,LEC,21,0,10,8,0,52,33.4,30.1,0.0,2.1,64.5,1007.9,190.0,E,20.0,Singapore,Sauber
21,LEC,22,0,10,8,0,52,33.4,30.0,0.0,2.2,65.1,1007.8,178.0,E,21.0,Singapore,Sauber
22,LEC,23,0,10,8,0,52,33.0,30.1,0.0,2.2,64.8,1007.8,191.0,E,22.0,Singapore,Sauber
23,LEC,24,0,10,8,0,52,33.0,30.0,0.0,2.4,65.7,1007.7,180.0,E,23.0,Singapore,Sauber
24,LEC,25,0,10,8,0,52,33.0,30.0,0.0,2.1,65.3,1007.8,168.0,E,24.0,Singapore,Sauber
25,LEC,26,0,9,8,0,52,32.8,29.8,0.0,2.7,65.3,1007.8,176.0,E,25.0,Singapore,Sauber
26,LEC,27,0,9,8,0,52,33.1,29.8,0.0,1.8,65.5,1007.9,190.0,E,26.0,Singapore,Sauber
27,LEC,28,0,9,8,0,53,32.8,29.8,0.0,1.7,65.8,1007.8,182.0,E,27.0,Singapore,Sauber
28,LEC,29,0,9,8,0,53,33.0,29.8,0.0,2.1,65.8,1007.8,178.0,E,28.0,Singapore,Sauber
29,LEC,30,0,9,8,0,53,32.9,29.9,0.0,2.4,66.2,1007.8,182.0,E,29.0,Singapore,Sauber
30,LEC,31,0,9,8,0,53,33.0,29.8,0.0,1.9,66.4,1007.9,183.0,E,30.0,Singapore,Sauber
31,LEC,32,0,9,8,0,54,32.8,29.9,0.0,2.0,66.0,1007.9,179.0,E,31.0,Singapore,Sauber
32,LEC,33,0,9,8,0,54,32.8,29.9,0.0,1.9,66.1,1007.8,178.0,E,32.0,Singapore,Sauber
33,LEC,34,0,9,8,0,54,32.8,29.8,0.0,2.0,66.5,1007.9,181.0,E,33.0,Singapore,Sauber
34,LEC,35,0,9,8,0,54,32.8,29.8,0.0,2.2,66.6,1007.8,170.0,E,34.0,Singapore,Sauber
35,LEC,36,0,9,8,0,55,32.9,29.9,0.0,1.8,66.5,1007.8,199.0,E,35.0,Singapore,Sauber
36,LEC,37,0,9,8,0,55,32.9,29.8,0.0,1.8,67.2,1007.9,184.0,E,36.0,Singapore,Sauber
37,LEC,38,0,8,8,0,55,32.8,29.8,0.0,2.6,66.9,1008.0,181.0,S,0.0,Singapore,Sauber
38,LEC,39,0,11,8,0,55,32.9,29.9,0.0,2.1,66.8,1007.9,187.0,S,1.0,Singapore,Sauber
39,LEC,40,0,11,8,0,55,32.9,29.8,0.0,2.1,67.0,1007.9,186.0,S,2.0,Singapore,Sauber
40,LEC,41,0,11,8,0,55,32.4,29.7,0.0,2.6,67.5,1007.9,173.0,S,3.0,Singapore,Sauber
41,LEC,42,0,11,8,0,55,32.2,29.6,0.0,3.0,67.7,1008.0,180.0,S,4.0,Singapore,Sauber
42,LEC,43,0,10,8,0,55,32.2,29.6,0.0,2.2,67.8,1008.0,170.0,S,5.0,Singapore,Sauber
43,LEC,44,0,9,8,0,55,32.2,29.6,0.0,2.3,68.1,1008.1,172.0,S,6.0,Singapore,Sauber
44,LEC,45,0,9,8,0,55,32.2,29.7,0.0,1.9,68.1,1007.9,176.0,S,7.0,Singapore,Sauber
45,LEC,46,0,9,8,0,55,32.6,29.7,0.0,2.5,68.3,1008.1,206.0,S,8.0,Singapore,Sauber
46,LEC,47,0,9,8,0,55,32.5,29.7,0.0,2.3,68.3,1008.0,169.0,S,9.0,Singapore,Sauber
47,LEC,48,0,9,8,0,55,32.7,29.7,0.0,2.2,68.2,1008.1,166.0,S,10.0,Singapore,Sauber
48,LEC,49,0,9,8,0,55,32.7,29.8,0.0,2.0,68.0,1008.2,171.0,S,11.0,Singapore,Sauber
49,LEC,50,0,9,8,0,55,32.8,29.9,0.0,2.2,68.4,1008.1,180.0,S,12.0,Singapore,Sauber
50,LEC,51,0,9,8,0,55,32.7,29.9,0.0,2.1,68.2,1008.0,176.0,S,13.0,Singapore,Sauber
51,LEC,52,0,9,8,0,55,32.4,29.9,0.0,2.0,68.4,1008.1,178.0,S,14.0,Singapore,Sauber
52,LEC,53,0,9,8,0,55,32.4,29.7,0.0,1.9,68.9,1008.1,171.0,S,15.0,Singapore,Sauber
53,LEC,54,0,9,8,0,55,32.6,29.8,0.0,2.2,68.9,1008.1,189.0,S,16.0,Singapore,Sauber
54,LEC,55,0,9,8,0,55,32.5,29.7,0.0,1.7,68.8,1008.1,175.0,S,17.0,Singapore,Sauber
55,LEC,56,0,9,8,0,55,32.5,29.8,0.0,1.7,69.1,1008.1,172.0,S,18.0,Singapore,Sauber
56,LEC,57,0,9,8,0,55,32.7,29.9,0.0,2.1,69.0,1008.2,183.0,S,19.0,Singapore,Sauber
57,LEC,58,0,9,8,0,55,32.5,29.8,0.0,1.8,69.5,1008.3,182.0,S,20.0,Singapore,Sauber
58,LEC,59,0,9,8,0,55,32.4,29.9,0.0,1.8,69.6,1008.2,169.0,S,21.0,Singapore,Sauber
59,LEC,60,0,9,8,0,56,32.4,29.8,0.0,1.9,69.2,1008.3,195.0,S,22.0,Singapore,Sauber
0,ERI,1,0,14,9,0,32,34.2,29.9,0.0,1.4,65.2,1007.3,180.0,E,0.0,Singapore,Sauber
1,ERI,2,0,14,9,0,36,33.7,29.9,0.0,1.3,64.5,1007.4,184.0,E,1.0,Singapore,Sauber
2,ERI,3,0,14,9,0,40,33.2,29.7,0.0,2.0,64.0,1007.6,189.0,E,2.0,Singapore,Sauber
3,ERI,4,0,14,9,0,41,33.7,29.8,0.0,1.6,63.6,1007.6,172.0,E,3.0,Singapore,Sauber
4,ERI,5,0,14,9,0,42,33.9,29.9,0.0,1.1,63.8,1007.8,193.0,E,4.0,Singapore,Sauber
5,ERI,6,0,14,9,0,44,33.9,29.9,0.0,1.2,64.0,1007.8,176.0,E,5.0,Singapore,Sauber
6,ERI,7,0,14,9,0,45,33.7,30.2,0.0,2.7,63.1,1007.8,165.0,E,6.0,Singapore,Sauber
7,ERI,8,0,14,9,0,45,33.5,30.2,0.0,1.6,63.2,1007.9,172.0,E,7.0,Singapore,Sauber
8,ERI,9,0,14,9,0,46,33.8,30.2,0.0,2.4,63.4,1007.9,174.0,E,8.0,Singapore,Sauber
9,ERI,10,0,14,9,0,46,33.8,30.2,0.0,2.0,63.3,1007.8,167.0,E,9.0,Singapore,Sauber
10,ERI,11,0,14,9,0,47,33.5,30.1,0.0,3.3,63.1,1007.9,171.0,E,10.0,Singapore,Sauber
11,ERI,12,0,14,9,0,47,33.5,30.1,0.0,3.1,63.6,1008.0,174.0,E,11.0,Singapore,Sauber
12,ERI,13,0,14,9,0,48,33.5,30.1,0.0,2.3,64.0,1007.9,176.0,E,12.0,Singapore,Sauber
13,ERI,14,0,14,9,0,48,33.6,30.1,0.0,2.4,64.4,1008.0,193.0,E,13.0,Singapore,Sauber
14,ERI,15,0,13,9,0,48,33.6,30.1,0.0,2.4,63.9,1007.9,191.0,E,14.0,Singapore,Sauber
15,ERI,16,0,12,9,0,48,33.4,30.1,0.0,1.8,64.4,1007.9,184.0,E,15.0,Singapore,Sauber
16,ERI,17,0,12,9,0,49,33.4,30.1,0.0,2.1,64.5,1007.9,190.0,E,16.0,Singapore,Sauber
17,ERI,18,0,11,9,0,49,33.4,30.0,0.0,2.2,65.1,1007.8,178.0,E,17.0,Singapore,Sauber
18,ERI,19,0,11,9,0,49,33.4,30.1,0.0,2.2,65.3,1007.8,181.0,E,18.0,Singapore,Sauber
19,ERI,20,0,11,9,0,49,33.0,30.1,0.0,2.2,64.8,1007.8,191.0,E,19.0,Singapore,Sauber
20,ERI,21,0,11,9,0,49,33.0,30.0,0.0,2.4,65.7,1007.7,180.0,E,20.0,Singapore,Sauber
21,ERI,22,0,11,9,0,50,33.0,30.0,0.0,2.1,65.3,1007.8,168.0,E,21.0,Singapore,Sauber
22,ERI,23,0,11,9,0,50,33.1,30.0,0.0,2.6,64.8,1007.8,179.0,E,22.0,Singapore,Sauber
23,ERI,24,0,11,9,0,50,32.8,29.8,0.0,2.7,65.3,1007.8,176.0,E,23.0,Singapore,Sauber
24,ERI,25,0,11,9,0,50,32.8,29.7,0.0,2.2,65.4,1007.7,169.0,E,24.0,Singapore,Sauber
25,ERI,26,0,10,9,0,50,33.0,29.8,0.0,1.9,65.3,1007.9,178.0,E,25.0,Singapore,Sauber
26,ERI,27,0,10,9,0,50,32.8,29.8,0.0,1.8,65.5,1007.9,176.0,E,26.0,Singapore,Sauber
27,ERI,28,0,10,9,0,51,32.8,29.8,0.0,2.0,65.6,1007.8,182.0,E,27.0,Singapore,Sauber
28,ERI,29,0,10,9,0,51,32.8,29.8,0.0,1.7,65.8,1007.8,182.0,E,28.0,Singapore,Sauber
29,ERI,30,0,10,9,0,51,33.0,29.8,0.0,2.1,65.8,1007.8,178.0,E,29.0,Singapore,Sauber
30,ERI,31,0,10,9,0,51,33.0,29.9,0.0,2.2,65.8,1007.8,190.0,E,30.0,Singapore,Sauber
31,ERI,32,0,10,9,0,52,32.8,29.8,0.0,1.9,66.4,1007.9,174.0,E,31.0,Singapore,Sauber
32,ERI,33,0,10,9,0,52,32.8,29.8,0.0,2.0,66.5,1007.9,181.0,E,32.0,Singapore,Sauber
33,ERI,34,0,10,9,0,52,32.8,29.8,0.0,2.2,66.6,1007.8,170.0,E,33.0,Singapore,Sauber
34,ERI,35,0,10,9,0,52,33.0,29.9,0.0,2.0,67.6,1007.9,180.0,E,34.0,Singapore,Sauber
35,ERI,36,0,10,9,0,53,32.9,29.8,0.0,1.8,67.2,1007.9,184.0,E,35.0,Singapore,Sauber
36,ERI,37,0,10,9,0,53,32.8,29.8,0.0,2.6,66.9,1008.0,181.0,E,36.0,Singapore,Sauber
37,ERI,38,0,9,9,0,53,32.7,29.8,0.0,2.1,67.1,1007.9,172.0,E,37.0,Singapore,Sauber
38,ERI,39,0,8,9,0,53,32.9,29.9,0.0,2.1,66.8,1007.9,187.0,F,0.0,Singapore,Sauber
39,ERI,40,0,8,9,0,53,32.9,29.8,0.0,2.1,67.0,1007.9,186.0,F,1.0,Singapore,Sauber
40,ERI,41,0,8,9,0,53,32.6,29.8,0.0,2.2,66.9,1008.0,180.0,F,2.0,Singapore,Sauber
41,ERI,42,0,8,9,0,53,32.2,29.6,0.0,3.0,67.7,1008.0,180.0,F,3.0,Singapore,Sauber
42,ERI,43,0,9,9,0,53,32.3,29.6,0.0,2.3,68.1,1008.0,176.0,F,4.0,Singapore,Sauber
43,ERI,44,0,10,9,0,53,32.2,29.7,0.0,2.1,67.6,1007.9,180.0,F,5.0,Singapore,Sauber
44,ERI,45,0,11,9,0,53,32.2,29.6,0.0,2.2,67.8,1008.0,170.0,F,6.0,Singapore,Sauber
45,ERI,46,0,11,9,0,53,32.2,29.6,0.0,2.3,68.1,1008.1,172.0,F,7.0,Singapore,Sauber
46,ERI,47,0,11,9,0,53,32.4,29.6,0.0,1.9,68.1,1008.0,181.0,F,8.0,Singapore,Sauber
47,ERI,48,0,11,9,0,53,32.2,29.6,0.0,2.2,68.5,1008.1,179.0,F,9.0,Singapore,Sauber
48,ERI,49,0,11,9,0,53,32.5,29.7,0.0,2.3,68.3,1008.0,169.0,F,10.0,Singapore,Sauber
49,ERI,50,0,11,9,0,54,32.7,29.8,0.0,1.7,68.1,1008.1,175.0,F,11.0,Singapore,Sauber
50,ERI,51,0,11,9,0,54,32.7,29.8,0.0,2.0,68.0,1008.2,171.0,F,12.0,Singapore,Sauber
51,ERI,52,0,11,9,0,54,32.7,29.8,0.0,1.9,68.1,1008.0,184.0,F,13.0,Singapore,Sauber
52,ERI,53,0,11,9,0,54,32.8,29.9,0.0,2.2,68.4,1008.1,180.0,F,14.0,Singapore,Sauber
53,ERI,54,0,11,9,0,54,32.7,29.9,0.0,2.1,68.2,1008.0,176.0,F,15.0,Singapore,Sauber
54,ERI,55,0,11,9,0,54,32.5,29.9,0.0,2.4,68.3,1008.1,196.0,F,16.0,Singapore,Sauber
55,ERI,56,0,11,9,0,54,32.4,29.9,0.0,2.0,68.4,1008.1,178.0,F,17.0,Singapore,Sauber
56,ERI,57,0,11,9,0,54,32.6,29.8,0.0,2.2,68.9,1008.1,189.0,F,18.0,Singapore,Sauber
57,ERI,58,0,11,9,0,54,32.5,29.7,0.0,1.7,69.1,1008.1,185.0,F,19.0,Singapore,Sauber
58,ERI,59,0,11,9,0,54,32.6,29.9,0.0,1.5,69.0,1008.2,187.0,F,20.0,Singapore,Sauber
59,ERI,60,0,11,9,0,54,32.4,29.9,0.0,1.8,69.6,1008.2,169.0,F,21.0,Singapore,Sauber
0,GAS,1,0,12,11,0,69,34.0,30.0,0.0,1.6,64.4,1007.5,174.0,E,0.0,Singapore,Toro Rosso
1,GAS,2,0,12,11,0,64,33.7,29.9,0.0,1.7,64.5,1007.5,170.0,E,1.0,Singapore,Toro Rosso
2,GAS,3,0,12,11,0,66,33.8,29.9,0.0,1.6,64.2,1007.5,172.0,E,2.0,Singapore,Toro Rosso
3,GAS,4,0,12,11,0,67,33.6,30.0,0.0,3.1,63.7,1007.6,163.0,E,3.0,Singapore,Toro Rosso
4,GAS,5,0,12,11,0,67,33.2,29.7,0.0,2.0,64.0,1007.6,189.0,E,4.0,Singapore,Toro Rosso
5,GAS,6,0,12,11,0,68,33.9,29.9,0.0,1.2,64.0,1007.8,176.0,E,5.0,Singapore,Toro Rosso
6,GAS,7,0,12,11,0,68,34.1,30.0,0.0,2.3,63.8,1007.8,152.0,E,6.0,Singapore,Toro Rosso
7,GAS,8,0,12,11,0,68,33.7,30.3,0.0,1.8,63.1,1007.8,173.0,E,7.0,Singapore,Toro Rosso
8,GAS,9,0,12,11,0,68,33.8,30.2,0.0,2.4,63.4,1007.9,174.0,E,8.0,Singapore,Toro Rosso
9,GAS,10,0,12,11,0,68,33.5,30.1,0.0,3.3,63.1,1007.9,171.0,E,9.0,Singapore,Toro Rosso
10,GAS,11,0,12,11,0,67,33.5,30.0,0.0,2.0,63.8,1007.9,171.0,E,10.0,Singapore,Toro Rosso
11,GAS,12,0,12,11,0,68,33.5,30.1,0.0,3.5,63.2,1007.9,170.0,E,11.0,Singapore,Toro Rosso
12,GAS,13,0,12,11,0,68,33.5,30.1,0.0,3.1,63.6,1008.0,174.0,E,12.0,Singapore,Toro Rosso
13,GAS,14,0,12,11,0,68,33.5,30.1,0.0,2.3,64.0,1007.9,176.0,E,13.0,Singapore,Toro Rosso
14,GAS,15,0,11,11,0,68,33.6,30.1,0.0,2.4,64.4,1008.0,193.0,E,14.0,Singapore,Toro Rosso
15,GAS,16,0,10,11,0,68,33.6,30.1,0.0,1.8,64.3,1007.9,178.0,E,15.0,Singapore,Toro Rosso
16,GAS,17,0,10,11,0,69,33.6,30.1,0.0,2.4,63.9,1007.9,191.0,E,16.0,Singapore,Toro Rosso
17,GAS,18,0,9,11,0,69,33.4,30.1,0.0,2.1,64.5,1007.9,190.0,E,17.0,Singapore,Toro Rosso
18,GAS,19,0,9,11,0,69,33.4,30.1,0.0,2.2,65.3,1007.8,181.0,E,18.0,Singapore,Toro Rosso
19,GAS,20,0,9,11,0,70,33.0,30.1,0.0,2.2,64.8,1007.8,191.0,E,19.0,Singapore,Toro Rosso
20,GAS,21,0,9,11,0,70,33.0,30.0,0.0,2.4,65.7,1007.7,180.0,E,20.0,Singapore,Toro Rosso
21,GAS,22,0,9,11,0,71,32.9,29.9,0.0,2.3,65.4,1007.7,186.0,E,21.0,Singapore,Toro Rosso
22,GAS,23,0,9,11,0,72,32.8,29.8,0.0,2.7,65.3,1007.8,176.0,E,22.0,Singapore,Toro Rosso
23,GAS,24,0,9,11,0,73,32.8,29.7,0.0,2.2,65.4,1007.7,169.0,E,23.0,Singapore,Toro Rosso
24,GAS,25,0,9,11,0,74,33.1,29.8,0.0,2.1,65.4,1007.8,182.0,E,24.0,Singapore,Toro Rosso
25,GAS,26,0,13,11,0,74,33.1,29.8,0.0,1.8,65.5,1007.9,190.0,E,25.0,Singapore,Toro Rosso
26,GAS,27,0,18,11,0,74,32.8,29.8,0.0,2.0,65.6,1007.8,182.0,E,26.0,Singapore,Toro Rosso
27,GAS,28,0,18,11,0,74,32.8,29.8,0.0,1.7,65.8,1007.8,182.0,E,27.0,Singapore,Toro Rosso
28,GAS,29,0,18,11,0,74,33.0,29.9,0.0,2.2,65.8,1007.8,190.0,E,28.0,Singapore,Toro Rosso
29,GAS,30,0,18,11,0,74,32.9,29.9,0.0,2.4,66.2,1007.8,182.0,E,29.0,Singapore,Toro Rosso
30,GAS,31,0,18,11,0,74,33.0,29.8,0.0,1.9,66.4,1007.9,183.0,E,30.0,Singapore,Toro Rosso
31,GAS,32,0,18,11,0,74,32.8,29.9,0.0,2.0,66.0,1007.9,179.0,E,31.0,Singapore,Toro Rosso
32,GAS,33,0,16,11,0,74,32.8,29.8,0.0,1.9,66.4,1007.9,174.0,E,32.0,Singapore,Toro Rosso
33,GAS,34,0,16,11,0,73,32.8,29.8,0.0,2.2,66.6,1007.8,170.0,E,33.0,Singapore,Toro Rosso
34,GAS,35,0,16,11,0,73,33.0,29.9,0.0,2.0,67.2,1007.9,196.0,E,34.0,Singapore,Toro Rosso
35,GAS,36,0,16,11,0,72,33.0,29.9,0.0,2.0,67.6,1007.9,180.0,E,35.0,Singapore,Toro Rosso
36,GAS,37,0,15,11,0,72,32.8,29.8,0.0,2.6,66.9,1008.0,181.0,E,36.0,Singapore,Toro Rosso
37,GAS,38,0,15,11,0,72,32.8,29.8,0.0,1.9,67.3,1007.8,175.0,E,37.0,Singapore,Toro Rosso
38,GAS,39,0,15,11,0,72,32.9,29.9,0.0,2.1,66.8,1007.9,187.0,E,38.0,Singapore,Toro Rosso
39,GAS,40,0,15,11,0,72,32.6,29.8,0.0,2.2,66.9,1008.0,180.0,E,39.0,Singapore,Toro Rosso
40,GAS,41,0,14,11,0,72,32.4,29.7,0.0,2.6,67.5,1007.9,173.0,E,40.0,Singapore,Toro Rosso
41,GAS,42,0,14,11,0,71,32.3,29.6,0.0,2.5,67.7,1008.0,184.0,E,41.0,Singapore,Toro Rosso
42,GAS,43,0,14,11,0,72,32.2,29.6,0.0,2.2,67.8,1008.0,170.0,E,42.0,Singapore,Toro Rosso
43,GAS,44,0,14,11,0,72,32.2,29.7,0.0,1.9,68.1,1007.9,176.0,E,43.0,Singapore,Toro Rosso
44,GAS,45,0,14,11,0,72,32.2,29.6,0.0,2.2,68.5,1008.1,179.0,F,0.0,Singapore,Toro Rosso
45,GAS,46,0,14,11,0,71,32.7,29.7,0.0,2.2,68.2,1008.1,166.0,F,1.0,Singapore,Toro Rosso
46,GAS,47,0,14,11,0,71,32.7,29.8,0.0,2.0,68.0,1008.2,171.0,F,2.0,Singapore,Toro Rosso
47,GAS,48,0,14,11,0,71,32.7,29.9,0.0,2.1,68.2,1008.0,176.0,F,3.0,Singapore,Toro Rosso
48,GAS,49,0,14,11,0,71,32.5,29.9,0.0,2.4,68.3,1008.1,196.0,F,4.0,Singapore,Toro Rosso
49,GAS,50,0,14,11,0,71,32.4,29.9,0.0,2.0,68.4,1008.1,178.0,F,5.0,Singapore,Toro Rosso
50,GAS,51,0,14,11,0,71,32.4,29.8,0.0,2.1,68.6,1008.1,185.0,F,6.0,Singapore,Toro Rosso
51,GAS,52,0,14,11,0,71,32.5,29.7,0.0,1.7,68.8,1008.1,175.0,F,7.0,Singapore,Toro Rosso
52,GAS,53,0,14,11,0,71,32.5,29.8,0.0,1.7,69.1,1008.1,172.0,F,8.0,Singapore,Toro Rosso
53,GAS,54,0,14,11,0,71,32.7,29.8,0.0,1.9,68.7,1008.1,192.0,F,9.0,Singapore,Toro Rosso
54,GAS,55,0,14,11,0,71,32.6,29.9,0.0,1.5,69.0,1008.2,187.0,F,10.0,Singapore,Toro Rosso
55,GAS,56,0,14,11,0,71,32.4,29.9,0.0,1.8,69.6,1008.2,169.0,F,11.0,Singapore,Toro Rosso
56,GAS,57,0,14,11,0,71,32.4,29.8,0.0,1.9,69.2,1008.3,195.0,F,12.0,Singapore,Toro Rosso
57,GAS,58,0,14,11,0,71,32.4,29.8,0.0,2.4,69.3,1008.3,178.0,F,13.0,Singapore,Toro Rosso
58,GAS,59,0,14,11,0,71,32.3,29.8,0.0,2.0,69.4,1008.3,180.0,F,14.0,Singapore,Toro Rosso
59,GAS,60,0,14,11,0,71,32.3,29.8,0.0,1.6,69.6,1008.3,177.0,F,15.0,Singapore,Toro Rosso
0,MAG,1,0,15,13,0,38,34.2,29.9,0.0,1.4,65.2,1007.3,180.0,F,0.0,Singapore,Haas F1 Team
1,MAG,2,0,15,13,0,46,33.7,29.9,0.0,1.3,64.5,1007.4,184.0,F,1.0,Singapore,Haas F1 Team
2,MAG,3,0,15,13,0,47,33.6,30.0,0.0,3.1,63.7,1007.6,163.0,F,2.0,Singapore,Haas F1 Team
3,MAG,4,0,15,13,0,46,33.2,29.7,0.0,2.0,64.0,1007.6,189.0,F,3.0,Singapore,Haas F1 Team
4,MAG,5,0,15,13,0,46,33.9,29.9,0.0,1.1,63.8,1007.8,193.0,F,4.0,Singapore,Haas F1 Team
5,MAG,6,0,15,13,0,47,34.1,30.0,0.0,2.3,63.8,1007.8,152.0,F,5.0,Singapore,Haas F1 Team
6,MAG,7,0,15,13,0,49,33.9,30.2,0.0,2.7,63.1,1007.8,181.0,F,6.0,Singapore,Haas F1 Team
7,MAG,8,0,15,13,0,50,33.7,30.3,0.0,1.8,63.1,1007.8,173.0,F,7.0,Singapore,Haas F1 Team
8,MAG,9,0,15,13,0,50,33.7,30.2,0.0,2.7,63.1,1007.8,165.0,F,8.0,Singapore,Haas F1 Team
9,MAG,10,0,15,13,0,50,33.8,30.2,0.0,2.4,63.4,1007.9,174.0,F,9.0,Singapore,Haas F1 Team
10,MAG,11,0,15,13,0,50,33.8,30.2,0.0,2.0,63.3,1007.8,167.0,F,10.0,Singapore,Haas F1 Team
11,MAG,12,0,15,13,0,51,33.5,30.1,0.0,3.3,63.1,1007.9,171.0,F,11.0,Singapore,Haas F1 Team
12,MAG,13,0,15,13,0,51,33.5,30.1,0.0,3.5,63.2,1007.9,170.0,F,12.0,Singapore,Haas F1 Team
13,MAG,14,0,15,13,0,52,33.6,30.2,0.0,2.0,63.3,1007.9,176.0,F,13.0,Singapore,Haas F1 Team
14,MAG,15,0,14,13,0,52,33.6,30.1,0.0,2.4,64.4,1008.0,193.0,F,14.0,Singapore,Haas F1 Team
15,MAG,16,0,13,13,0,52,33.6,30.1,0.0,2.4,63.9,1007.9,191.0,F,15.0,Singapore,Haas F1 Team
16,MAG,17,0,13,13,0,52,33.4,30.1,0.0,1.8,64.4,1007.9,184.0,F,16.0,Singapore,Haas F1 Team
17,MAG,18,0,12,13,0,53,33.4,30.0,0.0,2.2,65.1,1007.8,178.0,F,17.0,Singapore,Haas F1 Team
18,MAG,19,0,12,13,0,53,33.0,30.1,0.0,2.2,64.8,1007.8,191.0,F,18.0,Singapore,Haas F1 Team
19,MAG,20,0,12,13,0,53,32.9,29.9,0.0,2.3,65.4,1007.7,186.0,F,19.0,Singapore,Haas F1 Team
20,MAG,21,0,12,13,0,53,32.8,29.8,0.0,2.7,65.3,1007.8,176.0,F,20.0,Singapore,Haas F1 Team
21,MAG,22,0,12,13,0,53,33.1,29.8,0.0,2.1,65.4,1007.8,182.0,F,21.0,Singapore,Haas F1 Team
22,MAG,23,0,12,13,0,53,33.0,29.8,0.0,1.9,65.3,1007.9,178.0,F,22.0,Singapore,Haas F1 Team
23,MAG,24,0,12,13,0,53,33.1,29.8,0.0,1.8,65.5,1007.9,190.0,F,23.0,Singapore,Haas F1 Team
24,MAG,25,0,12,13,0,54,32.8,29.8,0.0,2.0,65.6,1007.8,182.0,F,24.0,Singapore,Haas F1 Team
25,MAG,26,0,15,13,0,53,32.8,29.8,0.0,1.7,65.8,1007.8,182.0,F,25.0,Singapore,Haas F1 Team
26,MAG,27,0,19,13,0,53,33.0,29.8,0.0,2.1,65.8,1007.8,178.0,E,0.0,Singapore,Haas F1 Team
27,MAG,28,0,19,13,0,54,33.0,29.9,0.0,2.2,65.8,1007.8,190.0,E,1.0,Singapore,Haas F1 Team
28,MAG,29,0,19,13,0,54,33.0,29.8,0.0,1.9,66.4,1007.9,183.0,E,2.0,Singapore,Haas F1 Team
29,MAG,30,0,19,13,0,54,32.8,29.9,0.0,2.0,66.0,1007.9,179.0,E,3.0,Singapore,Haas F1 Team
30,MAG,31,0,19,13,0,54,32.8,29.9,0.0,1.9,66.1,1007.8,178.0,E,4.0,Singapore,Haas F1 Team
31,MAG,32,0,19,13,0,54,32.8,29.8,0.0,1.9,66.4,1007.9,174.0,E,5.0,Singapore,Haas F1 Team
32,MAG,33,0,18,13,0,54,33.0,29.9,0.0,2.0,67.2,1007.9,196.0,E,6.0,Singapore,Haas F1 Team
33,MAG,34,0,18,13,0,54,32.8,29.8,0.0,2.6,66.9,1008.0,181.0,E,7.0,Singapore,Haas F1 Team
34,MAG,35,0,18,13,0,54,32.8,29.8,0.0,1.9,67.3,1007.8,175.0,E,8.0,Singapore,Haas F1 Team
35,MAG,36,0,18,13,0,54,32.9,29.9,0.0,2.1,66.8,1007.9,187.0,E,9.0,Singapore,Haas F1 Team
36,MAG,37,0,19,13,0,54,32.9,29.8,0.0,2.1,67.0,1007.9,186.0,E,10.0,Singapore,Haas F1 Team
37,MAG,38,0,19,13,0,54,32.9,29.8,0.0,2.7,67.6,1007.9,168.0,E,11.0,Singapore,Haas F1 Team
38,MAG,39,0,18,13,0,54,32.4,29.7,0.0,2.6,67.5,1007.9,173.0,E,12.0,Singapore,Haas F1 Team
39,MAG,40,0,18,13,0,54,32.3,29.6,0.0,2.3,68.1,1008.0,176.0,E,13.0,Singapore,Haas F1 Team
40,MAG,41,0,18,13,0,54,32.3,29.6,0.0,2.5,67.7,1008.0,184.0,E,14.0,Singapore,Haas F1 Team
41,MAG,42,0,17,13,0,54,32.2,29.6,0.0,2.0,68.0,1008.0,179.0,E,15.0,Singapore,Haas F1 Team
42,MAG,43,0,16,13,0,54,32.4,29.6,0.0,1.9,68.1,1008.0,181.0,E,16.0,Singapore,Haas F1 Team
43,MAG,44,0,16,13,0,54,32.2,29.6,0.0,2.2,68.5,1008.1,179.0,E,17.0,Singapore,Haas F1 Team
44,MAG,45,0,16,13,0,54,32.3,29.6,0.0,2.1,68.4,1008.0,167.0,E,18.0,Singapore,Haas F1 Team
45,MAG,46,0,16,13,0,54,32.5,29.7,0.0,2.3,68.3,1008.0,169.0,E,19.0,Singapore,Haas F1 Team
46,MAG,47,0,16,13,0,54,32.7,29.7,0.0,2.2,68.2,1008.1,166.0,E,20.0,Singapore,Haas F1 Team
47,MAG,48,0,16,13,0,54,32.8,29.8,0.0,2.2,67.9,1008.1,173.0,E,21.0,Singapore,Haas F1 Team
48,MAG,49,0,18,13,0,54,32.7,29.8,0.0,2.0,68.0,1008.2,171.0,E,22.0,Singapore,Haas F1 Team
49,MAG,50,0,18,13,0,54,32.7,29.8,0.0,1.9,68.1,1008.0,184.0,E,23.0,Singapore,Haas F1 Team
50,MAG,51,0,18,13,0,54,32.5,29.9,0.0,2.4,68.3,1008.1,196.0,E,24.0,Singapore,Haas F1 Team
51,MAG,52,0,18,13,0,54,32.6,29.7,0.0,2.0,68.9,1008.1,163.0,E,25.0,Singapore,Haas F1 Team
52,MAG,53,0,18,13,0,55,32.6,29.8,0.0,2.2,68.9,1008.1,189.0,E,26.0,Singapore,Haas F1 Team
53,MAG,54,0,18,13,0,55,32.5,29.8,0.0,1.7,69.1,1008.1,172.0,E,27.0,Singapore,Haas F1 Team
54,MAG,55,0,18,13,0,55,32.7,29.8,0.0,1.9,68.7,1008.1,192.0,E,28.0,Singapore,Haas F1 Team
55,MAG,56,0,18,13,0,55,32.7,29.9,0.0,2.1,69.0,1008.2,183.0,E,29.0,Singapore,Haas F1 Team
56,MAG,57,0,18,13,0,55,32.5,29.8,0.0,1.8,69.5,1008.3,182.0,E,30.0,Singapore,Haas F1 Team
57,MAG,58,0,18,13,0,55,32.4,29.8,0.0,2.4,69.3,1008.3,178.0,E,31.0,Singapore,Haas F1 Team
58,MAG,59,0,18,13,0,55,32.3,29.8,0.0,1.6,69.6,1008.3,177.0,E,32.0,Singapore,Haas F1 Team
0,HAR,1,0,16,18,0,61,34.0,30.0,0.0,1.1,65.2,1007.4,177.0,E,0.0,Singapore,Toro Rosso
1,HAR,2,0,16,18,0,68,33.8,29.9,0.0,1.6,64.2,1007.5,172.0,E,1.0,Singapore,Toro Rosso
2,HAR,3,0,16,18,0,71,33.6,30.0,0.0,3.1,63.7,1007.6,163.0,E,2.0,Singapore,Toro Rosso
3,HAR,4,0,16,18,0,72,33.6,29.9,0.0,2.1,63.6,1007.6,173.0,E,3.0,Singapore,Toro Rosso
4,HAR,5,0,16,18,0,73,33.2,29.7,0.0,2.0,64.0,1007.6,189.0,E,4.0,Singapore,Toro Rosso
5,HAR,6,0,16,18,0,73,33.7,29.8,0.0,1.6,63.6,1007.6,172.0,E,5.0,Singapore,Toro Rosso
6,HAR,7,0,16,18,0,73,33.8,29.8,0.0,2.1,63.5,1007.6,166.0,E,6.0,Singapore,Toro Rosso
7,HAR,8,0,16,18,0,73,33.8,29.8,0.0,2.4,63.7,1007.7,165.0,E,7.0,Singapore,Toro Rosso
8,HAR,9,0,16,18,0,73,33.9,29.9,0.0,1.1,63.8,1007.8,193.0,E,8.0,Singapore,Toro Rosso
9,HAR,10,0,16,18,0,73,34.1,30.0,0.0,2.3,63.8,1007.8,152.0,E,9.0,Singapore,Toro Rosso
10,HAR,11,0,16,18,0,74,34.0,30.0,0.0,1.3,64.3,1007.8,184.0,E,10.0,Singapore,Toro Rosso
11,HAR,12,0,16,18,0,74,34.0,30.1,0.0,1.8,63.2,1007.7,164.0,E,11.0,Singapore,Toro Rosso
12,HAR,13,0,16,18,0,74,33.9,30.2,0.0,2.7,63.1,1007.8,181.0,E,12.0,Singapore,Toro Rosso
13,HAR,14,0,18,18,0,74,33.8,30.2,0.0,2.0,63.3,1007.8,167.0,E,13.0,Singapore,Toro Rosso
14,HAR,15,0,19,18,0,74,33.5,30.1,0.0,3.3,63.1,1007.9,171.0,E,14.0,Singapore,Toro Rosso
15,HAR,16,0,19,18,0,74,33.5,30.1,0.0,3.5,63.2,1007.9,170.0,E,15.0,Singapore,Toro Rosso
16,HAR,17,0,19,18,0,74,33.5,30.1,0.0,3.1,63.6,1008.0,174.0,E,16.0,Singapore,Toro Rosso
17,HAR,18,0,19,18,0,74,33.6,30.2,0.0,2.0,63.3,1007.9,176.0,E,17.0,Singapore,Toro Rosso
18,HAR,19,0,19,18,0,74,33.5,30.1,0.0,2.3,64.0,1007.9,176.0,E,18.0,Singapore,Toro Rosso
19,HAR,20,0,19,18,0,74,33.6,30.1,0.0,2.4,63.9,1007.9,191.0,E,19.0,Singapore,Toro Rosso
20,HAR,21,0,19,18,0,74,33.4,30.0,0.0,2.2,65.1,1007.8,178.0,E,20.0,Singapore,Toro Rosso
21,HAR,22,0,19,18,0,74,33.4,30.1,0.0,2.2,65.3,1007.8,181.0,E,21.0,Singapore,Toro Rosso
22,HAR,23,0,19,18,0,74,33.0,30.1,0.0,2.2,64.8,1007.8,191.0,E,22.0,Singapore,Toro Rosso
23,HAR,24,0,19,18,0,74,33.0,30.0,0.0,2.1,65.3,1007.8,168.0,E,23.0,Singapore,Toro Rosso
24,HAR,25,0,19,18,0,74,32.8,29.8,0.0,2.7,65.3,1007.8,176.0,E,24.0,Singapore,Toro Rosso
25,HAR,26,0,19,18,0,74,33.1,29.8,0.0,2.1,65.4,1007.8,182.0,E,25.0,Singapore,Toro Rosso
26,HAR,27,0,17,18,0,74,33.0,29.8,0.0,1.9,65.3,1007.9,178.0,S,0.0,Singapore,Toro Rosso
27,HAR,28,0,17,18,0,74,33.1,29.8,0.0,1.8,65.5,1007.9,190.0,S,1.0,Singapore,Toro Rosso
28,HAR,29,0,17,18,0,74,32.8,29.8,0.0,1.8,65.5,1007.9,176.0,S,2.0,Singapore,Toro Rosso
29,HAR,30,0,17,18,0,74,32.8,29.8,0.0,2.0,65.8,1007.8,195.0,S,3.0,Singapore,Toro Rosso
30,HAR,31,0,17,18,0,74,32.8,29.8,0.0,2.0,65.6,1007.8,182.0,S,4.0,Singapore,Toro Rosso
31,HAR,32,0,17,18,0,74,33.0,29.9,0.0,2.2,65.8,1007.8,190.0,S,5.0,Singapore,Toro Rosso
32,HAR,33,0,17,18,0,74,32.8,29.9,0.0,2.0,66.0,1007.9,179.0,S,6.0,Singapore,Toro Rosso
33,HAR,34,0,17,18,0,74,32.8,29.9,0.0,1.9,66.1,1007.8,178.0,S,7.0,Singapore,Toro Rosso
34,HAR,35,0,17,18,0,74,32.8,29.8,0.0,1.9,66.4,1007.9,174.0,S,8.0,Singapore,Toro Rosso
35,HAR,36,0,17,18,0,74,32.8,29.8,0.0,2.0,66.5,1007.9,181.0,S,9.0,Singapore,Toro Rosso
36,HAR,37,0,18,18,0,74,32.9,29.8,0.0,2.0,66.9,1007.8,190.0,F,0.0,Singapore,Toro Rosso
37,HAR,38,0,18,18,0,74,33.0,29.9,0.0,2.0,67.2,1007.9,196.0,F,1.0,Singapore,Toro Rosso
38,HAR,39,0,17,18,0,74,32.9,29.8,0.0,1.8,67.2,1007.9,184.0,F,2.0,Singapore,Toro Rosso
39,HAR,40,0,17,18,0,74,32.8,29.8,0.0,1.7,67.0,1007.9,174.0,F,3.0,Singapore,Toro Rosso
40,HAR,41,0,17,18,0,74,32.8,29.8,0.0,2.6,66.9,1008.0,181.0,F,4.0,Singapore,Toro Rosso
41,HAR,42,0,18,18,0,74,32.9,29.9,0.0,2.1,66.8,1007.9,187.0,F,5.0,Singapore,Toro Rosso
42,HAR,43,0,18,18,0,74,32.6,29.8,0.0,2.2,66.9,1008.0,180.0,F,6.0,Singapore,Toro Rosso
43,HAR,44,0,17,18,0,74,32.2,29.6,0.0,3.0,67.7,1008.0,180.0,F,7.0,Singapore,Toro Rosso
44,HAR,45,0,17,18,0,74,32.4,29.6,0.0,2.0,67.9,1007.9,179.0,F,8.0,Singapore,Toro Rosso
45,HAR,46,0,17,18,0,74,32.2,29.7,0.0,2.1,67.6,1007.9,180.0,F,9.0,Singapore,Toro Rosso
46,HAR,47,0,17,18,0,74,32.4,29.6,0.0,1.9,68.1,1008.0,181.0,F,10.0,Singapore,Toro Rosso
47,HAR,48,0,17,18,0,74,32.2,29.6,0.0,2.2,68.5,1008.1,179.0,F,11.0,Singapore,Toro Rosso
48,HAR,49,0,16,18,0,74,32.8,29.8,0.0,2.2,67.9,1008.1,173.0,,0.0,Singapore,Toro Rosso
49,HAR,50,0,16,18,0,74,32.7,29.8,0.0,1.7,68.1,1008.1,175.0,,0.0,Singapore,Toro Rosso
50,HAR,51,0,16,18,0,74,32.5,29.9,0.0,2.4,68.3,1008.1,196.0,,0.0,Singapore,Toro Rosso
51,HAR,52,0,16,18,0,74,32.4,29.9,0.0,2.0,68.4,1008.1,178.0,,0.0,Singapore,Toro Rosso
52,HAR,53,0,16,18,0,74,32.4,29.8,0.0,2.1,68.6,1008.1,185.0,,0.0,Singapore,Toro Rosso
53,HAR,54,0,16,18,0,74,32.6,29.7,0.0,2.0,68.9,1008.1,163.0,,0.0,Singapore,Toro Rosso
54,HAR,55,0,16,18,0,74,32.6,29.8,0.0,2.2,68.9,1008.1,189.0,,0.0,Singapore,Toro Rosso
55,HAR,56,0,16,18,0,74,32.5,29.7,0.0,1.7,69.1,1008.1,185.0,,0.0,Singapore,Toro Rosso
56,HAR,57,0,16,18,0,74,32.7,29.8,0.0,1.9,68.7,1008.1,192.0,,0.0,Singapore,Toro Rosso
57,HAR,58,0,16,18,0,74,32.7,29.9,0.0,2.1,69.0,1008.2,183.0,,0.0,Singapore,Toro Rosso
58,HAR,59,0,17,18,0,74,32.6,29.9,0.0,1.5,69.0,1008.2,187.0,,0.0,Singapore,Toro Rosso
59,HAR,60,0,17,18,0,73,32.3,29.8,0.0,1.6,69.6,1008.3,177.0,,0.0,Singapore,Toro Rosso
0,VAN,1,0,18,17,0,48,34.2,29.9,0.0,1.4,65.2,1007.3,180.0,F,0.0,Singapore,McLaren
1,VAN,2,0,18,17,0,53,34.0,30.0,0.0,1.1,65.2,1007.4,177.0,F,1.0,Singapore,McLaren
2,VAN,3,0,17,17,0,55,34.0,30.0,0.0,1.6,64.4,1007.5,174.0,F,2.0,Singapore,McLaren
3,VAN,4,0,17,17,0,56,33.8,29.9,0.0,1.6,64.2,1007.5,172.0,F,3.0,Singapore,McLaren
4,VAN,5,0,17,17,0,58,33.8,29.9,0.0,1.7,64.5,1007.4,170.0,F,4.0,Singapore,McLaren
5,VAN,6,0,17,17,0,60,33.6,30.0,0.0,3.1,63.7,1007.6,163.0,F,5.0,Singapore,McLaren
6,VAN,7,0,17,17,0,61,33.8,29.8,0.0,2.4,63.7,1007.7,165.0,F,6.0,Singapore,McLaren
7,VAN,8,0,17,17,0,62,34.1,30.0,0.0,2.3,63.8,1007.8,152.0,F,7.0,Singapore,McLaren
8,VAN,9,0,17,17,0,62,34.0,30.0,0.0,1.3,64.3,1007.8,184.0,F,8.0,Singapore,McLaren
9,VAN,10,0,17,17,0,62,33.7,30.3,0.0,1.8,63.1,1007.8,173.0,F,9.0,Singapore,McLaren
10,VAN,11,0,17,17,0,63,33.5,30.2,0.0,1.6,63.2,1007.9,172.0,F,10.0,Singapore,McLaren
11,VAN,12,0,17,17,0,63,33.5,30.1,0.0,3.1,63.6,1008.0,174.0,F,11.0,Singapore,McLaren
12,VAN,13,0,17,17,0,64,33.5,30.1,0.0,2.3,64.0,1007.9,176.0,F,12.0,Singapore,McLaren
13,VAN,14,0,16,17,0,64,33.5,30.1,0.0,1.9,64.2,1008.0,198.0,F,13.0,Singapore,McLaren
14,VAN,15,0,16,17,0,65,33.6,30.1,0.0,2.4,64.4,1008.0,193.0,E,0.0,Singapore,McLaren
15,VAN,16,0,15,17,0,65,33.4,30.0,0.0,2.2,65.1,1007.8,178.0,E,1.0,Singapore,McLaren
16,VAN,17,0,14,17,0,66,33.4,30.1,0.0,2.2,65.3,1007.8,181.0,E,2.0,Singapore,McLaren
17,VAN,18,0,13,17,0,66,33.0,30.0,0.0,2.1,65.3,1007.8,168.0,E,3.0,Singapore,McLaren
18,VAN,19,0,13,17,0,66,33.1,30.0,0.0,2.6,64.8,1007.8,179.0,E,4.0,Singapore,McLaren
19,VAN,20,0,13,17,0,66,32.8,29.8,0.0,2.7,65.3,1007.8,176.0,E,5.0,Singapore,McLaren
20,VAN,21,0,13,17,0,67,32.8,29.7,0.0,2.2,65.4,1007.7,169.0,E,6.0,Singapore,McLaren
21,VAN,22,0,13,17,0,67,32.8,29.8,0.0,1.8,65.5,1007.9,176.0,E,7.0,Singapore,McLaren
22,VAN,23,0,13,17,0,67,33.0,29.9,0.0,2.2,65.8,1007.8,190.0,E,8.0,Singapore,McLaren
23,VAN,24,0,13,17,0,67,32.9,29.9,0.0,2.4,66.2,1007.8,182.0,E,9.0,Singapore,McLaren
24,VAN,25,0,13,17,0,68,32.8,29.9,0.0,2.0,66.2,1007.9,191.0,E,10.0,Singapore,McLaren
25,VAN,26,0,11,17,0,68,32.8,29.9,0.0,1.9,66.1,1007.8,178.0,E,11.0,Singapore,McLaren
26,VAN,27,0,11,17,0,68,32.8,29.8,0.0,1.9,66.4,1007.9,174.0,E,12.0,Singapore,McLaren
27,VAN,28,0,11,17,0,68,32.9,29.8,0.0,2.0,66.9,1007.8,190.0,E,13.0,Singapore,McLaren
28,VAN,29,0,11,17,0,68,33.0,29.9,0.0,2.0,67.2,1007.9,196.0,E,14.0,Singapore,McLaren
29,VAN,30,0,11,17,0,68,33.0,29.9,0.0,2.0,67.6,1007.9,180.0,E,15.0,Singapore,McLaren
30,VAN,31,0,11,17,0,68,32.9,29.8,0.0,1.8,67.2,1007.9,184.0,E,16.0,Singapore,McLaren
31,VAN,32,0,11,17,0,69,32.7,29.8,0.0,2.1,67.1,1007.9,172.0,E,17.0,Singapore,McLaren
32,VAN,33,0,11,17,0,69,32.9,29.9,0.0,2.1,66.8,1007.9,187.0,E,18.0,Singapore,McLaren
33,VAN,34,0,11,17,0,69,32.9,29.8,0.0,2.7,67.6,1007.9,168.0,E,19.0,Singapore,McLaren
34,VAN,35,0,11,17,0,69,32.6,29.8,0.0,2.2,66.9,1008.0,180.0,E,20.0,Singapore,McLaren
35,VAN,36,0,11,17,0,70,32.4,29.7,0.0,2.6,67.5,1007.9,173.0,E,21.0,Singapore,McLaren
36,VAN,37,0,11,17,0,70,32.2,29.6,0.0,3.0,67.7,1008.0,180.0,F,0.0,Singapore,McLaren
37,VAN,38,0,11,17,0,70,32.4,29.6,0.0,2.0,67.9,1007.9,179.0,F,1.0,Singapore,McLaren
38,VAN,39,0,10,17,0,70,32.3,29.6,0.0,2.5,67.7,1008.0,184.0,F,2.0,Singapore,McLaren
39,VAN,40,0,10,17,0,70,32.2,29.6,0.0,2.0,68.0,1008.0,179.0,F,3.0,Singapore,McLaren
40,VAN,41,0,10,17,0,70,32.2,29.7,0.0,2.1,67.6,1007.9,180.0,F,4.0,Singapore,McLaren
41,VAN,42,0,10,17,0,70,32.2,29.6,0.0,2.2,67.8,1008.0,170.0,F,5.0,Singapore,McLaren
42,VAN,43,0,12,17,0,70,32.2,29.7,0.0,1.9,68.1,1007.9,176.0,F,6.0,Singapore,McLaren
43,VAN,44,0,12,17,0,70,32.2,29.6,0.0,2.2,68.5,1008.1,179.0,F,7.0,Singapore,McLaren
44,VAN,45,0,12,17,0,70,32.3,29.6,0.0,2.1,68.4,1008.0,167.0,F,8.0,Singapore,McLaren
45,VAN,46,0,12,17,0,70,32.5,29.7,0.0,2.3,68.3,1008.0,169.0,F,9.0,Singapore,McLaren
46,VAN,47,0,12,17,0,70,32.7,29.7,0.0,2.2,68.2,1008.1,166.0,F,10.0,Singapore,McLaren
47,VAN,48,0,12,17,0,70,32.7,29.8,0.0,1.9,68.1,1008.0,184.0,F,11.0,Singapore,McLaren
48,VAN,49,0,12,17,0,70,32.8,29.9,0.0,2.2,68.4,1008.1,180.0,F,12.0,Singapore,McLaren
49,VAN,50,0,12,17,0,70,32.7,29.9,0.0,2.1,68.2,1008.0,176.0,F,13.0,Singapore,McLaren
50,VAN,51,0,12,17,0,70,32.4,29.9,0.0,2.0,68.4,1008.1,178.0,F,14.0,Singapore,McLaren
51,VAN,52,0,12,17,0,70,32.4,29.7,0.0,1.9,68.9,1008.1,171.0,F,15.0,Singapore,McLaren
52,VAN,53,0,12,17,0,70,32.6,29.7,0.0,2.0,68.9,1008.1,163.0,F,16.0,Singapore,McLaren
53,VAN,54,0,12,17,0,70,32.6,29.8,0.0,2.2,68.9,1008.1,189.0,F,17.0,Singapore,McLaren
54,VAN,55,0,12,17,0,70,32.5,29.7,0.0,1.7,68.8,1008.1,175.0,F,18.0,Singapore,McLaren
55,VAN,56,0,12,17,0,70,32.5,29.8,0.0,1.7,69.1,1008.1,172.0,F,19.0,Singapore,McLaren
56,VAN,57,0,12,17,0,70,32.7,29.8,0.0,1.9,68.7,1008.1,192.0,F,20.0,Singapore,McLaren
57,VAN,58,0,12,17,0,69,32.4,29.8,0.0,1.9,69.2,1008.3,195.0,F,21.0,Singapore,McLaren
58,VAN,59,0,12,17,0,69,32.3,29.8,0.0,2.0,69.4,1008.3,180.0,F,22.0,Singapore,McLaren
59,VAN,60,0,12,17,0,69,32.3,29.8,0.0,1.6,69.6,1008.3,177.0,F,23.0,Singapore,McLaren
0,SIR,1,0,17,12,0,46,34.0,30.0,0.0,1.1,65.2,1007.4,177.0,E,0.0,Singapore,Williams
1,SIR,2,0,17,12,0,45,34.0,30.0,0.0,1.6,64.4,1007.5,174.0,E,1.0,Singapore,Williams
2,SIR,3,0,19,12,0,50,33.7,29.9,0.0,1.3,64.5,1007.4,184.0,E,2.0,Singapore,Williams
3,SIR,4,0,19,12,0,53,33.7,29.9,0.0,1.7,64.5,1007.5,170.0,E,3.0,Singapore,Williams
4,SIR,5,0,19,12,0,56,33.7,29.8,0.0,1.6,63.6,1007.6,172.0,E,4.0,Singapore,Williams
5,SIR,6,0,19,12,0,57,33.9,29.9,0.0,1.1,63.8,1007.8,193.0,E,5.0,Singapore,Williams
6,SIR,7,0,19,12,0,58,33.9,30.2,0.0,2.7,63.1,1007.8,181.0,E,6.0,Singapore,Williams
7,SIR,8,0,19,12,0,58,33.7,30.3,0.0,1.8,63.1,1007.8,173.0,E,7.0,Singapore,Williams
8,SIR,9,0,19,12,0,59,33.7,30.2,0.0,2.7,63.1,1007.8,165.0,E,8.0,Singapore,Williams
9,SIR,10,0,19,12,0,58,33.5,30.2,0.0,1.6,63.2,1007.9,172.0,E,9.0,Singapore,Williams
10,SIR,11,0,19,12,0,58,33.8,30.2,0.0,2.0,63.3,1007.8,167.0,E,10.0,Singapore,Williams
11,SIR,12,0,19,12,0,58,33.5,30.1,0.0,3.3,63.1,1007.9,171.0,E,11.0,Singapore,Williams
12,SIR,13,0,19,12,0,58,33.5,30.0,0.0,2.0,63.8,1007.9,171.0,E,12.0,Singapore,Williams
13,SIR,14,0,19,12,0,58,33.5,30.1,0.0,3.5,63.2,1007.9,170.0,E,13.0,Singapore,Williams
14,SIR,15,0,18,12,0,58,33.5,30.1,0.0,3.1,63.6,1008.0,174.0,E,14.0,Singapore,Williams
15,SIR,16,0,17,12,0,58,33.6,30.2,0.0,2.0,63.3,1007.9,176.0,E,15.0,Singapore,Williams
16,SIR,17,0,16,12,0,58,33.6,30.1,0.0,2.4,64.4,1008.0,193.0,E,16.0,Singapore,Williams
17,SIR,18,0,15,12,0,58,33.6,30.1,0.0,1.8,64.3,1007.9,178.0,E,17.0,Singapore,Williams
18,SIR,19,0,15,12,0,58,33.6,30.1,0.0,2.4,63.9,1007.9,191.0,E,18.0,Singapore,Williams
19,SIR,20,0,15,12,0,59,33.4,30.0,0.0,2.2,65.1,1007.8,178.0,E,19.0,Singapore,Williams
20,SIR,21,0,15,12,0,59,33.4,30.1,0.0,2.2,65.3,1007.8,181.0,E,20.0,Singapore,Williams
21,SIR,22,0,15,12,0,59,33.0,30.1,0.0,2.2,64.8,1007.8,191.0,E,21.0,Singapore,Williams
22,SIR,23,0,15,12,0,59,33.0,30.0,0.0,2.1,65.3,1007.8,168.0,E,22.0,Singapore,Williams
23,SIR,24,0,15,12,0,59,33.1,30.0,0.0,2.6,64.8,1007.8,179.0,E,23.0,Singapore,Williams
24,SIR,25,0,15,12,0,59,32.9,29.9,0.0,2.3,65.4,1007.7,186.0,E,24.0,Singapore,Williams
25,SIR,26,0,14,12,0,59,32.8,29.7,0.0,2.2,65.4,1007.7,169.0,E,25.0,Singapore,Williams
26,SIR,27,0,13,12,0,59,33.1,29.8,0.0,2.1,65.4,1007.8,182.0,E,26.0,Singapore,Williams
27,SIR,28,0,13,12,0,59,33.0,29.8,0.0,1.9,65.3,1007.9,178.0,E,27.0,Singapore,Williams
28,SIR,29,0,13,12,0,59,33.1,29.8,0.0,1.8,65.5,1007.9,190.0,E,28.0,Singapore,Williams
29,SIR,30,0,13,12,0,59,33.0,29.8,0.0,2.1,65.8,1007.8,178.0,E,29.0,Singapore,Williams
30,SIR,31,0,13,12,0,59,33.0,29.9,0.0,2.2,65.8,1007.8,190.0,E,30.0,Singapore,Williams
31,SIR,32,0,13,12,0,59,32.9,29.9,0.0,2.4,66.2,1007.8,182.0,E,31.0,Singapore,Williams
32,SIR,33,0,13,12,0,59,32.8,29.9,0.0,2.0,66.0,1007.9,179.0,E,32.0,Singapore,Williams
33,SIR,34,0,14,12,0,59,32.8,29.9,0.0,1.9,66.1,1007.8,178.0,E,33.0,Singapore,Williams
34,SIR,35,0,14,12,0,59,32.8,29.8,0.0,2.0,66.5,1007.9,181.0,E,34.0,Singapore,Williams
35,SIR,36,0,14,12,0,59,33.0,29.9,0.0,2.0,67.6,1007.9,180.0,E,35.0,Singapore,Williams
36,SIR,37,0,16,12,0,59,32.8,29.8,0.0,2.6,66.9,1008.0,181.0,E,36.0,Singapore,Williams
37,SIR,38,0,16,12,0,58,32.7,29.8,0.0,2.1,67.1,1007.9,172.0,E,37.0,Singapore,Williams
38,SIR,39,0,16,12,0,58,32.9,29.8,0.0,2.1,67.0,1007.9,186.0,E,38.0,Singapore,Williams
39,SIR,40,0,16,12,0,58,32.6,29.8,0.0,2.2,66.9,1008.0,180.0,E,39.0,Singapore,Williams
40,SIR,41,0,16,12,0,58,32.4,29.7,0.0,2.6,67.5,1007.9,173.0,E,40.0,Singapore,Williams
41,SIR,42,0,16,12,0,58,32.3,29.6,0.0,2.3,68.1,1008.0,176.0,E,41.0,Singapore,Williams
42,SIR,43,0,17,12,0,58,32.4,29.6,0.0,2.0,67.9,1007.9,179.0,E,42.0,Singapore,Williams
43,SIR,44,0,18,12,0,58,32.2,29.6,0.0,2.0,68.0,1008.0,179.0,S,0.0,Singapore,Williams
44,SIR,45,0,19,12,0,58,32.2,29.6,0.0,2.2,67.8,1008.0,170.0,S,1.0,Singapore,Williams
45,SIR,46,0,19,12,0,58,32.4,29.6,0.0,1.9,68.1,1008.0,181.0,S,2.0,Singapore,Williams
46,SIR,47,0,19,12,0,58,32.5,29.7,0.0,2.3,68.3,1008.0,169.0,S,3.0,Singapore,Williams
47,SIR,48,0,19,12,0,58,32.8,29.8,0.0,2.2,67.9,1008.1,173.0,S,4.0,Singapore,Williams
48,SIR,49,0,19,12,0,58,32.7,29.8,0.0,2.0,68.0,1008.2,171.0,S,5.0,Singapore,Williams
49,SIR,50,0,19,12,0,58,32.7,29.8,0.0,1.9,68.1,1008.0,184.0,S,6.0,Singapore,Williams
50,SIR,51,0,19,12,0,58,32.4,29.9,0.0,2.0,68.4,1008.1,178.0,S,7.0,Singapore,Williams
51,SIR,52,0,19,12,0,58,32.4,29.8,0.0,2.1,68.6,1008.1,185.0,S,8.0,Singapore,Williams
52,SIR,53,0,19,12,0,58,32.4,29.7,0.0,1.9,68.9,1008.1,171.0,S,9.0,Singapore,Williams
53,SIR,54,0,19,12,0,58,32.5,29.8,0.0,1.7,69.1,1008.1,172.0,S,10.0,Singapore,Williams
54,SIR,55,0,19,12,0,58,32.6,29.9,0.0,1.5,69.0,1008.2,187.0,S,11.0,Singapore,Williams
55,SIR,56,0,19,12,0,58,32.4,29.8,0.0,1.9,69.2,1008.3,195.0,S,12.0,Singapore,Williams
56,SIR,57,0,19,12,0,58,32.4,29.8,0.0,2.4,69.3,1008.3,178.0,S,13.0,Singapore,Williams
57,SIR,58,0,19,12,0,58,32.3,29.8,0.0,2.0,69.4,1008.3,180.0,S,14.0,Singapore,Williams
58,SIR,59,0,19,12,0,57,32.3,29.8,0.0,1.6,69.6,1008.3,177.0,S,15.0,Singapore,Williams
0,STR,1,0,19,19,0,42,34.2,29.9,0.0,1.4,65.2,1007.3,180.0,E,0.0,Singapore,Williams
1,STR,2,0,19,19,0,43,33.7,29.9,0.0,1.7,64.5,1007.5,170.0,E,1.0,Singapore,Williams
2,STR,3,0,18,19,0,47,33.8,29.9,0.0,1.7,64.5,1007.4,170.0,E,2.0,Singapore,Williams
3,STR,4,0,18,19,0,51,33.6,30.0,0.0,3.1,63.7,1007.6,163.0,S,0.0,Singapore,Williams
4,STR,5,0,18,19,0,52,33.6,29.9,0.0,2.1,63.6,1007.6,173.0,S,1.0,Singapore,Williams
5,STR,6,0,18,19,0,53,33.2,29.7,0.0,2.0,64.0,1007.6,189.0,S,2.0,Singapore,Williams
6,STR,7,0,18,19,0,54,33.8,29.8,0.0,2.1,63.5,1007.6,166.0,S,3.0,Singapore,Williams
7,STR,8,0,18,19,0,55,33.9,29.9,0.0,1.2,64.0,1007.8,176.0,S,4.0,Singapore,Williams
8,STR,9,0,18,19,0,55,34.1,30.0,0.0,2.3,63.8,1007.8,152.0,S,5.0,Singapore,Williams
9,STR,10,0,18,19,0,56,33.7,30.3,0.0,1.8,63.1,1007.8,173.0,S,6.0,Singapore,Williams
10,STR,11,0,18,19,0,56,33.5,30.2,0.0,1.6,63.2,1007.9,172.0,S,7.0,Singapore,Williams
11,STR,12,0,18,19,0,56,33.8,30.2,0.0,2.4,63.4,1007.9,174.0,S,8.0,Singapore,Williams
12,STR,13,0,18,19,0,57,33.8,30.2,0.0,2.0,63.3,1007.8,167.0,S,9.0,Singapore,Williams
13,STR,14,0,17,19,0,57,33.5,30.0,0.0,2.0,63.8,1007.9,171.0,S,10.0,Singapore,Williams
14,STR,15,0,17,19,0,57,33.6,30.2,0.0,2.0,63.3,1007.9,176.0,S,11.0,Singapore,Williams
15,STR,16,0,16,19,0,57,33.5,30.1,0.0,2.3,64.0,1007.9,176.0,S,12.0,Singapore,Williams
16,STR,17,0,15,19,0,58,33.6,30.1,0.0,1.8,64.3,1007.9,178.0,S,13.0,Singapore,Williams
17,STR,18,0,14,19,0,58,33.6,30.1,0.0,2.4,63.9,1007.9,191.0,S,14.0,Singapore,Williams
18,STR,19,0,14,19,0,58,33.4,30.0,0.0,2.2,65.1,1007.8,178.0,S,15.0,Singapore,Williams
19,STR,20,0,14,19,0,58,33.0,30.1,0.0,2.2,64.8,1007.8,191.0,S,16.0,Singapore,Williams
20,STR,21,0,14,19,0,58,33.0,30.0,0.0,2.1,65.3,1007.8,168.0,S,17.0,Singapore,Williams
21,STR,22,0,14,19,0,58,32.8,29.7,0.0,2.2,65.4,1007.7,169.0,S,18.0,Singapore,Williams
22,STR,23,0,14,19,0,58,33.1,29.8,0.0,2.1,65.4,1007.8,182.0,S,19.0,Singapore,Williams
23,STR,24,0,14,19,0,59,33.1,29.8,0.0,1.8,65.5,1007.9,190.0,S,20.0,Singapore,Williams
24,STR,25,0,14,19,0,59,32.8,29.8,0.0,2.0,65.6,1007.8,182.0,S,21.0,Singapore,Williams
25,STR,26,0,12,19,0,59,33.0,29.8,0.0,2.1,65.8,1007.8,178.0,S,22.0,Singapore,Williams
26,STR,27,0,12,19,0,59,33.0,29.9,0.0,2.2,65.8,1007.8,190.0,S,23.0,Singapore,Williams
27,STR,28,0,12,19,0,59,32.8,29.9,0.0,2.0,66.2,1007.9,191.0,S,24.0,Singapore,Williams
28,STR,29,0,12,19,0,59,32.8,29.9,0.0,1.9,66.1,1007.8,178.0,S,25.0,Singapore,Williams
29,STR,30,0,12,19,0,59,32.8,29.8,0.0,1.9,66.4,1007.9,174.0,S,26.0,Singapore,Williams
30,STR,31,0,12,19,0,59,32.8,29.8,0.0,2.0,66.5,1007.9,181.0,S,27.0,Singapore,Williams
31,STR,32,0,12,19,0,60,32.9,29.8,0.0,2.0,66.9,1007.8,190.0,S,28.0,Singapore,Williams
32,STR,33,0,12,19,0,60,32.9,29.9,0.0,1.8,66.5,1007.8,199.0,S,29.0,Singapore,Williams
33,STR,34,0,12,19,0,60,33.0,29.9,0.0,2.0,67.2,1007.9,196.0,S,30.0,Singapore,Williams
34,STR,35,0,12,19,0,60,32.9,29.8,0.0,1.8,67.2,1007.9,184.0,S,31.0,Singapore,Williams
35,STR,36,0,12,19,0,60,32.8,29.8,0.0,2.6,66.9,1008.0,181.0,S,32.0,Singapore,Williams
36,STR,37,0,12,19,0,60,32.8,29.8,0.0,1.9,67.3,1007.8,175.0,S,33.0,Singapore,Williams
37,STR,38,0,13,19,0,60,32.9,29.9,0.0,2.1,66.8,1007.9,187.0,S,34.0,Singapore,Williams
38,STR,39,0,13,19,0,60,32.9,29.8,0.0,2.1,67.0,1007.9,186.0,S,35.0,Singapore,Williams
39,STR,40,0,13,19,0,60,32.4,29.7,0.0,2.6,67.5,1007.9,173.0,S,36.0,Singapore,Williams
40,STR,41,0,15,19,0,60,32.3,29.6,0.0,2.3,68.1,1008.0,176.0,S,37.0,Singapore,Williams
41,STR,42,0,15,19,0,60,32.4,29.6,0.0,2.0,67.9,1007.9,179.0,S,38.0,Singapore,Williams
42,STR,43,0,15,19,0,60,32.2,29.6,0.0,2.2,67.8,1008.0,170.0,S,39.0,Singapore,Williams
43,STR,44,0,15,19,0,60,32.2,29.6,0.0,2.3,68.1,1008.1,172.0,S,40.0,Singapore,Williams
44,STR,45,0,15,19,0,60,32.4,29.6,0.0,1.9,68.1,1008.0,181.0,S,41.0,Singapore,Williams
45,STR,46,0,15,19,0,60,32.2,29.6,0.0,2.2,68.5,1008.1,179.0,,0.0,Singapore,Williams
46,STR,47,0,15,19,0,60,32.5,29.7,0.0,2.3,68.3,1008.0,169.0,,0.0,Singapore,Williams
47,STR,48,0,15,19,0,60,32.7,29.7,0.0,2.2,68.2,1008.1,166.0,,0.0,Singapore,Williams
48,STR,49,0,15,19,0,60,32.7,29.8,0.0,1.7,68.1,1008.1,175.0,,0.0,Singapore,Williams
49,STR,50,0,15,19,0,60,32.7,29.8,0.0,2.0,68.0,1008.2,171.0,,0.0,Singapore,Williams
50,STR,51,0,15,19,0,60,32.7,29.8,0.0,1.9,68.1,1008.0,184.0,,0.0,Singapore,Williams
51,STR,52,0,15,19,0,60,32.8,29.9,0.0,2.2,68.4,1008.1,180.0,,0.0,Singapore,Williams
52,STR,53,0,15,19,0,60,32.5,29.9,0.0,2.4,68.3,1008.1,196.0,,0.0,Singapore,Williams
53,STR,54,0,15,19,0,60,32.4,29.9,0.0,2.0,68.4,1008.1,178.0,,0.0,Singapore,Williams
54,STR,55,0,15,19,0,60,32.5,29.7,0.0,1.7,68.8,1008.1,175.0,,0.0,Singapore,Williams
55,STR,56,0,15,19,0,60,32.5,29.8,0.0,1.7,69.1,1008.1,172.0,,0.0,Singapore,Williams
56,STR,57,0,15,19,0,60,32.7,29.8,0.0,1.9,68.7,1008.1,192.0,,0.0,Singapore,Williams
57,STR,58,0,15,19,0,60,32.7,29.9,0.0,2.1,69.0,1008.2,183.0,,0.0,Singapore,Williams
58,STR,59,0,15,19,0,60,32.6,29.9,0.0,1.5,69.0,1008.2,187.0,,0.0,Singapore,Williams
59,STR,60,0,14,19,0,60,32.3,29.8,0.0,2.0,69.4,1008.3,180.0,,0.0,Singapore,Williams
