,idGP,driver,lap,trackStatus,position,targetPosition,grid,out,performance,trackTemp,airTemp,raining,windSpeed,humidity,pressure,windDir,tyre,tyreLap,track,team
0,2,VET,1,0,1,1,1,0,,38.7,19.5,0.0,2.1,23.1,1018.3,60.0,M,3,Shanghai,Ferrari
1,2,VET,2,0,1,1,1,0,,38.6,19.6,0.0,3.1,23.4,1018.4,48.0,M,4,Shanghai,Ferrari
2,2,VET,3,0,1,1,1,0,,38.3,19.8,0.0,1.4,23.4,1018.4,109.0,M,5,Shanghai,Ferrari
3,2,VET,4,0,1,1,1,0,,38.2,19.6,0.0,1.7,23.5,1018.4,96.0,M,6,Shanghai,Ferrari
4,2,VET,5,0,1,1,1,0,,38.0,19.5,0.0,1.1,23.3,1018.3,0.0,M,7,Shanghai,Ferrari
5,2,VET,6,0,1,1,1,0,,38.1,19.8,0.0,1.0,22.9,1018.3,241.0,M,8,Shanghai,Ferrari
6,2,VET,7,0,1,1,1,0,,38.0,19.9,0.0,2.1,23.4,1018.4,85.0,M,9,Shanghai,Ferrari
7,2,VET,8,0,1,1,1,0,,37.9,20.2,0.0,1.1,22.6,1018.3,199.0,M,10,Shanghai,Ferrari
8,2,VET,9,0,1,1,1,0,,38.0,20.0,0.0,1.9,21.3,1018.3,239.0,M,11,Shanghai,Ferrari
9,2,VET,10,0,1,1,1,0,,38.2,19.5,0.0,1.8,23.0,1018.3,102.0,M,12,Shanghai,Ferrari
10,2,VET,11,0,1,1,1,0,,37.9,19.4,0.0,1.9,22.9,1018.3,200.0,M,13,Shanghai,Ferrari
11,2,VET,12,0,1,1,1,0,,37.6,19.3,0.0,1.1,23.5,1018.3,98.0,M,14,Shanghai,Ferrari
12,2,VET,13,0,1,1,1,0,,37.6,19.3,0.0,1.3,23.8,1018.2,77.0,M,15,Shanghai,Ferrari
13,2,VET,14,0,1,1,1,0,,37.5,19.2,0.0,1.3,24.4,1018.1,68.0,M,16,Shanghai,Ferrari
14,2,VET,15,0,1,1,1,0,,37.7,19.5,0.0,2.2,24.6,1018.2,82.0,M,17,Shanghai,Ferrari
15,2,VET,16,0,1,1,1,0,,37.8,19.9,0.0,1.4,22.9,1018.2,86.0,M,18,Shanghai,Ferrari
16,2,VET,17,0,1,1,1,0,,37.7,19.8,0.0,1.8,23.5,1018.2,79.0,M,19,Shanghai,Ferrari
17,2,VET,18,0,1,1,1,0,,37.6,19.8,0.0,2.4,22.9,1018.0,78.0,M,20,Shanghai,Ferrari
18,2,VET,19,0,1,1,1,0,,37.1,19.6,0.0,3.1,23.3,1018.0,76.0,M,21,Shanghai,Ferrari
19,2,VET,20,0,1,1,1,0,,35.2,19.9,0.0,2.0,23.1,1018.0,38.0,M,22,Shanghai,Ferrari
20,2,VET,21,0,1,3,1,0,,33.9,20.0,0.0,2.5,22.8,1018.0,94.0,H,0,Shanghai,Ferrari
21,2,VET,22,0,3,3,1,0,61,33.5,19.7,0.0,0.7,22.7,1018.0,46.0,H,1,Shanghai,Ferrari
22,2,VET,23,0,3,3,1,0,70,33.4,19.7,0.0,1.3,23.4,1018.0,106.0,H,2,Shanghai,Ferrari
23,2,VET,24,0,3,3,1,0,71,35.0,19.5,0.0,1.7,23.5,1018.0,214.0,H,3,Shanghai,Ferrari
24,2,VET,25,0,3,3,1,0,71,35.0,19.4,0.0,2.1,24.1,1018.0,207.0,H,4,Shanghai,Ferrari
25,2,VET,26,0,3,3,1,0,71,35.0,19.1,0.0,2.1,24.0,1017.9,100.0,H,5,Shanghai,Ferrari
26,2,VET,27,0,3,2,1,0,69,35.0,19.0,0.0,1.8,24.6,1017.9,234.0,H,6,Shanghai,Ferrari
27,2,VET,28,0,2,2,1,0,70,35.0,19.0,0.0,1.7,24.2,1017.9,207.0,H,7,Shanghai,Ferrari
28,2,VET,29,0,2,2,1,0,70,36.3,18.8,0.0,1.5,24.9,1018.0,251.0,H,8,Shanghai,Ferrari
29,2,VET,30,1,2,2,1,0,70,36.3,18.9,0.0,2.3,25.3,1018.0,221.0,H,9,Shanghai,Ferrari
30,2,VET,31,2,2,2,1,0,71,37.0,19.2,0.0,2.2,24.8,1018.1,242.0,H,10,Shanghai,Ferrari
31,2,VET,32,2,2,2,1,0,69,37.0,19.2,0.0,1.3,24.9,1018.0,287.0,H,11,Shanghai,Ferrari
32,2,VET,33,2,2,2,1,0,68,38.0,19.2,0.0,1.5,24.9,1017.8,237.0,H,12,Shanghai,Ferrari
33,2,VET,34,2,2,2,1,0,61,38.0,19.3,0.0,2.0,26.2,1017.8,87.0,H,13,Shanghai,Ferrari
34,2,VET,35,2,2,2,1,0,56,38.0,19.4,0.0,1.8,25.6,1018.0,156.0,H,14,Shanghai,Ferrari
35,2,VET,36,0,2,2,1,0,53,38.0,19.4,0.0,1.6,25.3,1017.9,66.0,H,15,Shanghai,Ferrari
36,2,VET,37,0,2,2,1,0,54,38.0,19.6,0.0,2.2,24.8,1017.9,128.0,H,16,Shanghai,Ferrari
37,2,VET,38,0,2,2,1,0,55,37.5,19.4,0.0,2.1,25.1,1018.0,94.0,H,17,Shanghai,Ferrari
38,2,VET,39,0,2,2,1,0,56,37.5,19.5,0.0,3.4,25.2,1018.1,129.0,H,18,Shanghai,Ferrari
39,2,VET,40,0,2,2,1,0,56,37.5,19.3,0.0,2.1,25.5,1018.2,87.0,H,19,Shanghai,Ferrari
40,2,VET,41,0,2,2,1,0,57,37.5,19.5,0.0,2.4,25.2,1018.1,78.0,H,20,Shanghai,Ferrari
41,2,VET,42,0,2,3,1,0,58,37.5,19.6,0.0,3.1,25.1,1018.2,120.0,H,21,Shanghai,Ferrari
42,2,VET,43,1,3,6,1,0,58,37.0,19.2,0.0,1.1,25.5,1018.1,62.0,H,22,Shanghai,Ferrari
43,2,VET,44,0,6,7,1,0,58,37.0,19.3,0.0,1.7,26.1,1018.1,152.0,H,23,Shanghai,Ferrari
44,2,VET,45,0,7,7,1,0,58,37.0,19.7,0.0,1.7,25.4,1018.1,80.0,H,24,Shanghai,Ferrari
45,2,VET,46,0,7,7,1,0,59,37.0,19.8,0.0,1.2,24.9,1018.1,53.0,H,25,Shanghai,Ferrari
46,2,VET,47,0,7,7,1,0,60,37.0,19.9,0.0,1.8,24.9,1018.1,83.0,H,26,Shanghai,Ferrari
47,2,VET,48,0,7,7,1,0,60,37.0,19.9,0.0,2.4,25.2,1018.2,135.0,H,27,Shanghai,Ferrari
48,2,VET,49,0,7,7,1,0,61,36.5,19.7,0.0,2.2,25.1,1018.1,65.0,H,28,Shanghai,Ferrari
49,2,VET,50,0,7,7,1,0,61,36.5,19.6,0.0,3.3,25.2,1018.0,78.0,H,29,Shanghai,Ferrari
50,2,VET,51,0,7,7,1,0,61,36.5,19.5,0.0,3.2,25.5,1018.1,141.0,H,30,Shanghai,Ferrari
51,2,VET,52,0,7,7,1,0,61,36.5,19.6,0.0,2.2,25.6,1018.1,85.0,H,31,Shanghai,Ferrari
52,2,VET,53,0,7,7,1,0,61,36.5,19.6,0.0,2.0,25.6,1018.1,80.0,H,32,Shanghai,Ferrari
53,2,VET,54,0,7,7,1,0,62,36.5,19.6,0.0,1.1,25.6,1018.1,120.0,H,33,Shanghai,Ferrari
54,2,VET,55,0,7,8,1,0,62,36.5,19.2,0.0,1.2,27.0,1018.1,152.0,H,34,Shanghai,Ferrari
55,2,VET,56,0,8,8,1,0,62,28.3,19.1,1.0,0.8,26.8,1018.1,84.0,H,35,Shanghai,Ferrari
0,2,RAI,1,0,4,4,4,0,,38.7,19.5,0.0,2.1,23.1,1018.3,60.0,M,3,Shanghai,Ferrari
1,2,RAI,2,0,4,4,4,0,,38.5,19.6,0.0,1.3,23.6,1018.3,35.0,M,4,Shanghai,Ferrari
2,2,RAI,3,0,4,4,4,0,,38.3,19.8,0.0,1.4,23.4,1018.4,109.0,M,5,Shanghai,Ferrari
3,2,RAI,4,0,4,4,4,0,,38.2,19.6,0.0,1.7,23.5,1018.4,96.0,M,6,Shanghai,Ferrari
4,2,RAI,5,0,4,4,4,0,,38.0,19.7,0.0,2.4,23.1,1018.4,226.0,M,7,Shanghai,Ferrari
5,2,RAI,6,0,4,4,4,0,,38.0,19.5,0.0,1.1,23.3,1018.3,0.0,M,8,Shanghai,Ferrari
6,2,RAI,7,0,4,4,4,0,,38.0,19.9,0.0,2.1,23.4,1018.4,85.0,M,9,Shanghai,Ferrari
7,2,RAI,8,0,4,4,4,0,,37.9,20.2,0.0,1.1,22.6,1018.3,199.0,M,10,Shanghai,Ferrari
8,2,RAI,9,0,4,4,4,0,,38.0,20.0,0.0,1.9,21.3,1018.3,239.0,M,11,Shanghai,Ferrari
9,2,RAI,10,0,4,4,4,0,,37.9,19.4,0.0,0.9,22.8,1018.3,77.0,M,12,Shanghai,Ferrari
10,2,RAI,11,0,4,4,4,0,,37.9,19.4,0.0,1.5,23.4,1018.3,157.0,M,13,Shanghai,Ferrari
11,2,RAI,12,0,4,4,4,0,,37.6,19.2,0.0,2.3,23.7,1018.3,95.0,M,14,Shanghai,Ferrari
12,2,RAI,13,0,4,4,4,0,,37.6,19.4,0.0,1.7,24.3,1018.3,95.0,M,15,Shanghai,Ferrari
13,2,RAI,14,0,4,4,4,0,,37.7,19.3,0.0,2.6,23.9,1018.3,107.0,M,16,Shanghai,Ferrari
14,2,RAI,15,0,4,4,4,0,,37.4,19.1,0.0,1.2,24.0,1018.2,86.0,M,17,Shanghai,Ferrari
15,2,RAI,16,0,4,4,4,0,,37.4,19.3,0.0,1.2,23.7,1018.1,117.0,M,18,Shanghai,Ferrari
16,2,RAI,17,0,4,3,4,0,,37.6,19.3,0.0,0.8,24.1,1018.1,165.0,M,19,Shanghai,Ferrari
17,2,RAI,18,0,3,3,4,0,,37.7,19.5,0.0,1.8,24.0,1018.1,0.0,M,20,Shanghai,Ferrari
18,2,RAI,19,0,3,3,4,0,,37.6,19.5,0.0,1.6,23.6,1018.1,278.0,M,21,Shanghai,Ferrari
19,2,RAI,20,0,3,2,4,0,,37.7,19.6,0.0,1.4,24.1,1018.1,233.0,M,22,Shanghai,Ferrari
20,2,RAI,21,0,2,1,4,0,,37.8,19.9,0.0,1.4,22.9,1018.2,86.0,M,23,Shanghai,Ferrari
21,2,RAI,22,0,1,1,4,0,43,37.7,19.8,0.0,1.8,23.5,1018.2,79.0,M,24,Shanghai,Ferrari
22,2,RAI,23,0,1,1,4,0,58,37.6,19.8,0.0,2.4,22.9,1018.0,78.0,M,25,Shanghai,Ferrari
23,2,RAI,24,0,1,1,4,0,61,37.1,19.4,0.0,3.5,23.5,1017.9,81.0,M,26,Shanghai,Ferrari
24,2,RAI,25,0,1,1,4,0,60,35.3,19.7,0.0,1.8,23.5,1018.0,70.0,M,27,Shanghai,Ferrari
25,2,RAI,26,0,1,1,4,0,60,34.5,19.9,0.0,1.4,23.3,1018.1,77.0,M,28,Shanghai,Ferrari
26,2,RAI,27,0,1,4,4,0,58,34.2,20.0,0.0,2.3,23.3,1018.0,77.0,M,29,Shanghai,Ferrari
27,2,RAI,28,0,4,6,4,0,57,33.9,20.0,0.0,2.5,22.8,1018.0,94.0,H,0,Shanghai,Ferrari
28,2,RAI,29,0,6,6,4,0,58,33.5,19.7,0.0,0.7,22.7,1018.0,46.0,H,1,Shanghai,Ferrari
29,2,RAI,30,1,6,6,4,0,60,33.4,19.7,0.0,1.3,23.4,1018.0,106.0,H,2,Shanghai,Ferrari
30,2,RAI,31,2,6,6,4,0,62,35.0,19.1,0.0,2.1,24.0,1017.9,100.0,H,3,Shanghai,Ferrari
31,2,RAI,32,2,6,5,4,0,64,36.3,18.8,0.0,1.5,24.9,1018.0,251.0,H,4,Shanghai,Ferrari
32,2,RAI,33,2,5,5,4,0,63,36.3,18.9,0.0,2.3,25.3,1018.0,221.0,H,5,Shanghai,Ferrari
33,2,RAI,34,2,5,5,4,0,54,37.0,19.0,0.0,2.3,24.9,1018.0,86.0,H,6,Shanghai,Ferrari
34,2,RAI,35,2,5,5,4,0,50,37.0,19.2,0.0,1.6,24.1,1018.0,214.0,H,7,Shanghai,Ferrari
35,2,RAI,36,0,5,5,4,0,48,37.0,19.2,0.0,1.3,24.9,1018.0,287.0,H,8,Shanghai,Ferrari
36,2,RAI,37,0,5,6,4,0,48,38.0,19.1,0.0,2.0,24.7,1017.9,238.0,H,9,Shanghai,Ferrari
37,2,RAI,38,0,6,6,4,0,48,38.0,19.2,0.0,1.5,24.9,1017.8,237.0,H,10,Shanghai,Ferrari
38,2,RAI,39,0,6,6,4,0,48,38.0,19.2,0.0,1.5,24.9,1017.8,237.0,H,11,Shanghai,Ferrari
39,2,RAI,40,0,6,6,4,0,48,38.0,19.3,0.0,2.0,26.2,1017.8,87.0,H,12,Shanghai,Ferrari
40,2,RAI,41,0,6,6,4,0,49,38.0,19.4,0.0,1.6,25.3,1017.9,66.0,H,13,Shanghai,Ferrari
41,2,RAI,42,0,6,6,4,0,49,38.0,19.6,0.0,2.2,24.8,1017.9,128.0,H,14,Shanghai,Ferrari
42,2,RAI,43,1,6,3,4,0,49,37.5,19.4,0.0,2.1,25.1,1018.0,94.0,H,15,Shanghai,Ferrari
43,2,RAI,44,0,3,3,4,0,49,37.5,19.5,0.0,3.4,25.2,1018.1,129.0,H,16,Shanghai,Ferrari
44,2,RAI,45,0,3,3,4,0,49,37.5,19.4,0.0,2.7,25.1,1018.1,85.0,H,17,Shanghai,Ferrari
45,2,RAI,46,0,3,3,4,0,50,37.0,19.3,0.0,1.7,26.1,1018.1,152.0,H,18,Shanghai,Ferrari
46,2,RAI,47,0,3,3,4,0,50,37.0,19.7,0.0,1.7,25.4,1018.1,80.0,H,19,Shanghai,Ferrari
47,2,RAI,48,0,3,3,4,0,50,37.0,19.8,0.0,1.2,24.9,1018.1,53.0,H,20,Shanghai,Ferrari
48,2,RAI,49,0,3,3,4,0,50,37.0,19.9,0.0,1.8,24.9,1018.1,83.0,H,21,Shanghai,Ferrari
49,2,RAI,50,0,3,3,4,0,50,36.5,19.7,0.0,2.2,25.1,1018.1,65.0,H,22,Shanghai,Ferrari
50,2,RAI,51,0,3,3,4,0,51,36.5,19.6,0.0,2.1,24.9,1018.1,66.0,H,23,Shanghai,Ferrari
51,2,RAI,52,0,3,3,4,0,51,36.5,19.6,0.0,2.2,25.6,1018.1,85.0,H,24,Shanghai,Ferrari
52,2,RAI,53,0,3,3,4,0,51,36.5,19.6,0.0,2.0,25.6,1018.1,80.0,H,25,Shanghai,Ferrari
53,2,RAI,54,0,3,3,4,0,51,36.5,19.2,0.0,1.2,27.0,1018.1,152.0,H,26,Shanghai,Ferrari
54,2,RAI,55,0,3,3,4,0,51,28.3,19.1,1.0,0.8,26.8,1018.1,84.0,H,27,Shanghai,Ferrari
55,2,RAI,56,0,3,3,4,0,51,28.3,19.1,1.0,0.8,26.8,1018.1,84.0,H,28,Shanghai,Ferrari
0,2,BOT,1,0,2,2,2,0,,38.5,19.6,0.0,1.3,23.6,1018.3,35.0,M,3,Shanghai,Mercedes
1,2,BOT,2,0,2,2,2,0,,38.3,19.8,0.0,1.4,23.4,1018.4,109.0,M,4,Shanghai,Mercedes
2,2,BOT,3,0,2,2,2,0,,38.2,19.6,0.0,1.7,23.5,1018.4,96.0,M,5,Shanghai,Mercedes
3,2,BOT,4,0,2,2,2,0,,38.0,19.7,0.0,2.4,23.1,1018.4,226.0,M,6,Shanghai,Mercedes
4,2,BOT,5,0,2,2,2,0,,38.0,19.5,0.0,1.1,23.3,1018.3,0.0,M,7,Shanghai,Mercedes
5,2,BOT,6,0,2,2,2,0,,37.9,20.2,0.0,1.1,22.6,1018.3,199.0,M,8,Shanghai,Mercedes
6,2,BOT,7,0,2,2,2,0,,37.9,20.2,0.0,1.7,21.8,1018.3,252.0,M,9,Shanghai,Mercedes
7,2,BOT,8,0,2,2,2,0,,38.0,20.0,0.0,1.9,21.3,1018.3,239.0,M,10,Shanghai,Mercedes
8,2,BOT,9,0,2,2,2,0,,37.9,19.4,0.0,0.9,22.8,1018.3,77.0,M,11,Shanghai,Mercedes
9,2,BOT,10,0,2,2,2,0,,38.2,19.5,0.0,1.8,23.0,1018.3,102.0,M,12,Shanghai,Mercedes
10,2,BOT,11,0,2,2,2,0,,37.9,19.4,0.0,2.0,23.3,1018.4,190.0,M,13,Shanghai,Mercedes
11,2,BOT,12,0,2,2,2,0,,37.9,19.3,0.0,1.7,22.7,1018.3,80.0,M,14,Shanghai,Mercedes
12,2,BOT,13,0,2,2,2,0,,37.6,19.2,0.0,2.3,23.7,1018.3,95.0,M,15,Shanghai,Mercedes
13,2,BOT,14,0,2,2,2,0,,37.6,19.3,0.0,1.1,23.5,1018.3,98.0,M,16,Shanghai,Mercedes
14,2,BOT,15,0,2,2,2,0,,37.6,19.4,0.0,1.7,24.3,1018.3,95.0,M,17,Shanghai,Mercedes
15,2,BOT,16,0,2,2,2,0,,37.6,19.2,0.0,2.1,23.7,1018.2,74.0,M,18,Shanghai,Mercedes
16,2,BOT,17,0,2,2,2,0,,37.4,19.3,0.0,1.2,23.7,1018.1,117.0,M,19,Shanghai,Mercedes
17,2,BOT,18,0,2,2,2,0,,37.6,19.3,0.0,0.8,24.1,1018.1,165.0,M,20,Shanghai,Mercedes
18,2,BOT,19,0,2,2,2,0,,37.7,19.3,0.0,1.9,23.5,1018.1,63.0,M,21,Shanghai,Mercedes
19,2,BOT,20,0,2,3,2,0,,37.5,19.2,0.0,1.3,24.4,1018.1,68.0,H,0,Shanghai,Mercedes
20,2,BOT,21,0,3,2,2,0,,37.7,19.5,0.0,2.2,24.6,1018.2,82.0,H,1,Shanghai,Mercedes
21,2,BOT,22,0,2,2,2,0,44,37.7,19.5,0.0,1.8,24.0,1018.1,0.0,H,2,Shanghai,Mercedes
22,2,BOT,23,0,2,2,2,0,57,37.6,19.5,0.0,1.6,23.6,1018.1,278.0,H,3,Shanghai,Mercedes
23,2,BOT,24,0,2,2,2,0,59,35.3,19.7,0.0,1.8,23.5,1018.0,70.0,H,4,Shanghai,Mercedes
24,2,BOT,25,0,2,2,2,0,60,35.2,19.9,0.0,2.0,23.1,1018.0,38.0,H,5,Shanghai,Mercedes
25,2,BOT,26,0,2,2,2,0,61,34.5,19.9,0.0,1.4,23.3,1018.1,77.0,H,6,Shanghai,Mercedes
26,2,BOT,27,0,2,1,2,0,61,34.2,20.0,0.0,2.3,23.3,1018.0,77.0,H,7,Shanghai,Mercedes
27,2,BOT,28,0,1,1,2,0,62,33.9,20.0,0.0,2.5,22.8,1018.0,94.0,H,8,Shanghai,Mercedes
28,2,BOT,29,0,1,1,2,0,63,33.5,19.7,0.0,0.7,22.7,1018.0,46.0,H,9,Shanghai,Mercedes
29,2,BOT,30,1,1,1,2,0,65,33.4,19.7,0.0,1.3,23.4,1018.0,106.0,H,10,Shanghai,Mercedes
30,2,BOT,31,2,1,1,2,0,67,33.4,19.6,0.0,0.7,23.3,1018.0,124.0,H,11,Shanghai,Mercedes
31,2,BOT,32,2,1,1,2,0,68,35.0,19.5,0.0,1.7,23.5,1018.0,214.0,H,12,Shanghai,Mercedes
32,2,BOT,33,2,1,1,2,0,65,35.0,19.4,0.0,2.1,24.1,1018.0,207.0,H,13,Shanghai,Mercedes
33,2,BOT,34,2,1,1,2,0,57,35.0,19.0,0.0,1.8,24.6,1017.9,234.0,H,14,Shanghai,Mercedes
34,2,BOT,35,2,1,1,2,0,54,35.0,19.0,0.0,1.7,24.2,1017.9,207.0,H,15,Shanghai,Mercedes
35,2,BOT,36,0,1,1,2,0,54,37.0,19.2,0.0,1.6,24.1,1018.0,214.0,H,16,Shanghai,Mercedes
36,2,BOT,37,0,1,1,2,0,54,37.0,19.2,0.0,1.3,24.9,1018.0,287.0,H,17,Shanghai,Mercedes
37,2,BOT,38,0,1,1,2,0,54,38.0,19.3,0.0,2.0,26.2,1017.8,87.0,H,18,Shanghai,Mercedes
38,2,BOT,39,0,1,1,2,0,54,38.0,19.4,0.0,1.6,25.3,1017.9,66.0,H,19,Shanghai,Mercedes
39,2,BOT,40,0,1,1,2,0,55,38.0,19.6,0.0,1.2,24.9,1017.9,151.0,H,20,Shanghai,Mercedes
40,2,BOT,41,0,1,1,2,0,55,38.0,19.6,0.0,2.2,24.8,1017.9,128.0,H,21,Shanghai,Mercedes
41,2,BOT,42,0,1,1,2,0,56,37.5,19.5,0.0,2.4,25.2,1018.1,78.0,H,22,Shanghai,Mercedes
42,2,BOT,43,1,1,1,2,0,56,37.5,19.6,0.0,3.1,25.1,1018.2,120.0,H,23,Shanghai,Mercedes
43,2,BOT,44,0,1,1,2,0,56,37.5,19.4,0.0,2.7,25.1,1018.1,85.0,H,24,Shanghai,Mercedes
44,2,BOT,45,0,1,2,2,0,56,37.5,19.3,0.0,1.9,25.1,1018.1,115.0,H,25,Shanghai,Mercedes
45,2,BOT,46,0,2,2,2,0,57,37.0,19.2,0.0,1.1,25.5,1018.1,62.0,H,26,Shanghai,Mercedes
46,2,BOT,47,0,2,2,2,0,57,37.0,19.3,0.0,1.7,26.1,1018.1,152.0,H,27,Shanghai,Mercedes
47,2,BOT,48,0,2,2,2,0,57,37.0,19.6,0.0,1.9,25.7,1018.2,117.0,H,28,Shanghai,Mercedes
48,2,BOT,49,0,2,2,2,0,57,37.0,19.7,0.0,1.7,25.4,1018.1,80.0,H,29,Shanghai,Mercedes
49,2,BOT,50,0,2,2,2,0,58,37.0,19.8,0.0,1.2,24.9,1018.1,53.0,H,30,Shanghai,Mercedes
50,2,BOT,51,0,2,2,2,0,58,37.0,19.9,0.0,1.8,24.9,1018.1,83.0,H,31,Shanghai,Mercedes
51,2,BOT,52,0,2,2,2,0,58,36.5,19.6,0.0,2.2,25.6,1018.1,85.0,H,32,Shanghai,Mercedes
52,2,BOT,53,0,2,2,2,0,58,36.5,19.6,0.0,2.0,25.6,1018.1,80.0,H,33,Shanghai,Mercedes
53,2,BOT,54,0,2,2,2,0,58,36.5,19.4,0.0,0.9,25.8,1018.1,118.0,H,34,Shanghai,Mercedes
54,2,BOT,55,0,2,2,2,0,58,36.5,19.2,0.0,1.2,27.0,1018.1,152.0,H,35,Shanghai,Mercedes
55,2,BOT,56,0,2,2,2,0,59,28.3,19.1,1.0,0.8,26.8,1018.1,84.0,H,36,Shanghai,Mercedes
0,2,HAM,1,0,5,5,5,0,,38.7,19.5,0.0,2.1,23.1,1018.3,60.0,M,3,Shanghai,Mercedes
1,2,HAM,2,0,5,5,5,0,,38.3,19.8,0.0,1.4,23.4,1018.4,109.0,M,4,Shanghai,Mercedes
2,2,HAM,3,0,5,5,5,0,,38.0,19.7,0.0,2.4,23.1,1018.4,226.0,M,5,Shanghai,Mercedes
3,2,HAM,4,0,5,5,5,0,,38.1,19.8,0.0,1.0,22.9,1018.3,241.0,M,6,Shanghai,Mercedes
4,2,HAM,5,0,5,5,5,0,,37.9,20.2,0.0,1.1,22.6,1018.3,199.0,M,7,Shanghai,Mercedes
5,2,HAM,6,0,5,5,5,0,,37.9,19.4,0.0,1.5,22.7,1018.3,263.0,M,8,Shanghai,Mercedes
6,2,HAM,7,0,5,5,5,0,,37.9,19.4,0.0,0.9,22.8,1018.3,77.0,M,9,Shanghai,Mercedes
7,2,HAM,8,0,5,5,5,0,,38.2,19.5,0.0,1.8,23.0,1018.3,102.0,M,10,Shanghai,Mercedes
8,2,HAM,9,0,5,5,5,0,,38.2,19.4,0.0,2.2,23.3,1018.3,143.0,M,11,Shanghai,Mercedes
9,2,HAM,10,0,5,5,5,0,,37.9,19.4,0.0,1.5,23.4,1018.3,157.0,M,12,Shanghai,Mercedes
10,2,HAM,11,0,5,5,5,0,,37.9,19.3,0.0,1.7,22.7,1018.3,80.0,M,13,Shanghai,Mercedes
11,2,HAM,12,0,5,5,5,0,,37.6,19.3,0.0,1.1,23.5,1018.3,98.0,M,14,Shanghai,Mercedes
12,2,HAM,13,0,5,5,5,0,,37.6,19.3,0.0,1.1,23.5,1018.3,98.0,M,15,Shanghai,Mercedes
13,2,HAM,14,0,5,5,5,0,,37.6,19.3,0.0,1.5,24.3,1018.3,139.0,M,16,Shanghai,Mercedes
14,2,HAM,15,0,5,5,5,0,,37.7,19.3,0.0,2.6,23.9,1018.3,107.0,M,17,Shanghai,Mercedes
15,2,HAM,16,0,5,5,5,0,,37.4,19.1,0.0,1.2,24.0,1018.2,86.0,M,18,Shanghai,Mercedes
16,2,HAM,17,0,5,5,5,0,,37.4,19.3,0.0,1.2,23.7,1018.1,117.0,M,19,Shanghai,Mercedes
17,2,HAM,18,0,5,4,5,0,,37.6,19.3,0.0,1.3,23.8,1018.2,77.0,M,20,Shanghai,Mercedes
18,2,HAM,19,0,4,5,5,0,,37.5,19.2,0.0,1.3,24.4,1018.1,68.0,H,0,Shanghai,Mercedes
19,2,HAM,20,0,5,5,5,0,,37.8,19.9,0.0,1.4,22.9,1018.2,86.0,H,1,Shanghai,Mercedes
20,2,HAM,21,0,5,5,5,0,64,37.7,19.8,0.0,1.8,23.5,1018.2,79.0,H,2,Shanghai,Mercedes
21,2,HAM,22,0,5,5,5,0,50,37.1,19.4,0.0,3.5,23.5,1017.9,81.0,H,3,Shanghai,Mercedes
22,2,HAM,23,0,5,5,5,0,56,36.0,19.6,0.0,2.7,23.2,1018.0,91.0,H,4,Shanghai,Mercedes
23,2,HAM,24,0,5,5,5,0,57,35.2,19.9,0.0,2.0,23.1,1018.0,38.0,H,5,Shanghai,Mercedes
24,2,HAM,25,0,5,5,5,0,56,34.5,19.9,0.0,1.4,23.3,1018.1,77.0,H,6,Shanghai,Mercedes
25,2,HAM,26,0,5,5,5,0,56,33.5,19.7,0.0,0.7,22.7,1018.0,46.0,H,7,Shanghai,Mercedes
26,2,HAM,27,0,5,5,5,0,55,33.4,19.6,0.0,0.7,23.3,1018.0,124.0,H,8,Shanghai,Mercedes
27,2,HAM,28,0,5,4,5,0,55,32.9,19.6,0.0,1.0,23.2,1018.0,202.0,H,9,Shanghai,Mercedes
28,2,HAM,29,0,4,4,5,0,56,35.0,19.5,0.0,1.7,23.5,1018.0,214.0,H,10,Shanghai,Mercedes
29,2,HAM,30,1,4,4,5,0,56,35.0,19.4,0.0,2.1,24.1,1018.0,207.0,H,11,Shanghai,Mercedes
30,2,HAM,31,2,4,4,5,0,58,35.0,19.0,0.0,1.8,24.6,1017.9,234.0,H,12,Shanghai,Mercedes
31,2,HAM,32,2,4,3,5,0,58,35.0,19.0,0.0,1.7,24.2,1017.9,207.0,H,13,Shanghai,Mercedes
32,2,HAM,33,2,3,3,5,0,56,36.3,18.9,0.0,2.3,25.3,1018.0,221.0,H,14,Shanghai,Mercedes
33,2,HAM,34,2,3,3,5,0,46,37.0,19.0,0.0,2.3,24.9,1018.0,86.0,H,15,Shanghai,Mercedes
34,2,HAM,35,2,3,3,5,0,40,37.0,19.2,0.0,1.6,24.1,1018.0,214.0,H,16,Shanghai,Mercedes
35,2,HAM,36,0,3,3,5,0,38,37.0,19.2,0.0,1.3,24.9,1018.0,287.0,H,17,Shanghai,Mercedes
36,2,HAM,37,0,3,3,5,0,39,38.0,19.1,0.0,2.0,24.7,1017.9,238.0,H,18,Shanghai,Mercedes
37,2,HAM,38,0,3,3,5,0,40,38.0,19.2,0.0,1.5,24.9,1017.8,237.0,H,19,Shanghai,Mercedes
38,2,HAM,39,0,3,3,5,0,40,38.0,19.2,0.0,1.5,24.9,1017.8,237.0,H,20,Shanghai,Mercedes
39,2,HAM,40,0,3,4,5,0,41,37.5,19.4,0.0,2.1,25.1,1018.0,94.0,H,21,Shanghai,Mercedes
40,2,HAM,41,0,4,4,5,0,41,37.5,19.5,0.0,3.4,25.2,1018.1,129.0,H,22,Shanghai,Mercedes
41,2,HAM,42,0,4,5,5,0,42,37.5,19.5,0.0,2.4,25.2,1018.1,78.0,H,23,Shanghai,Mercedes
42,2,HAM,43,1,5,4,5,0,42,37.5,19.3,0.0,1.9,25.1,1018.1,115.0,H,24,Shanghai,Mercedes
43,2,HAM,44,0,4,4,5,0,42,37.0,19.2,0.0,1.1,25.5,1018.1,62.0,H,25,Shanghai,Mercedes
44,2,HAM,45,0,4,4,5,0,43,37.0,19.6,0.0,1.9,25.7,1018.2,117.0,H,26,Shanghai,Mercedes
45,2,HAM,46,0,4,4,5,0,44,37.0,19.7,0.0,1.7,25.4,1018.1,80.0,H,27,Shanghai,Mercedes
46,2,HAM,47,0,4,4,5,0,44,37.0,19.8,0.0,1.2,24.9,1018.1,53.0,H,28,Shanghai,Mercedes
47,2,HAM,48,0,4,5,5,0,44,36.5,19.7,0.0,2.2,25.1,1018.1,65.0,H,29,Shanghai,Mercedes
48,2,HAM,49,0,5,5,5,0,45,36.5,19.4,0.0,2.8,25.6,1018.1,78.0,H,30,Shanghai,Mercedes
49,2,HAM,50,0,5,5,5,0,45,36.5,19.5,0.0,3.2,25.5,1018.1,141.0,H,31,Shanghai,Mercedes
50,2,HAM,51,0,5,5,5,0,46,36.5,19.4,0.0,1.6,26.1,1018.2,107.0,H,32,Shanghai,Mercedes
51,2,HAM,52,0,5,5,5,0,46,36.5,19.6,0.0,2.2,25.6,1018.1,85.0,H,33,Shanghai,Mercedes
52,2,HAM,53,0,5,5,5,0,46,36.5,19.6,0.0,2.0,25.6,1018.1,80.0,H,34,Shanghai,Mercedes
53,2,HAM,54,0,5,5,5,0,46,36.5,19.6,0.0,1.1,25.6,1018.1,120.0,H,35,Shanghai,Mercedes
54,2,HAM,55,0,5,5,5,0,47,36.5,19.4,0.0,0.9,25.8,1018.1,118.0,H,36,Shanghai,Mercedes
55,2,HAM,56,0,5,4,5,0,48,28.3,19.1,1.0,0.8,26.8,1018.1,84.0,H,37,Shanghai,Mercedes
0,2,VER,1,0,3,3,3,0,,38.2,19.6,0.0,1.7,23.5,1018.4,96.0,S,3,Shanghai,Red Bull Racing
1,2,VER,2,0,3,3,3,0,,38.0,19.7,0.0,2.4,23.1,1018.4,226.0,S,4,Shanghai,Red Bull Racing
2,2,VER,3,0,3,3,3,0,,38.1,19.8,0.0,1.2,22.6,1018.3,215.0,S,5,Shanghai,Red Bull Racing
3,2,VER,4,0,3,3,3,0,,38.0,19.9,0.0,2.1,23.4,1018.4,85.0,S,6,Shanghai,Red Bull Racing
4,2,VER,5,0,3,3,3,0,,37.9,20.2,0.0,1.7,21.8,1018.3,252.0,S,7,Shanghai,Red Bull Racing
5,2,VER,6,0,3,3,3,0,,37.9,19.4,0.0,1.5,22.7,1018.3,263.0,S,8,Shanghai,Red Bull Racing
6,2,VER,7,0,3,3,3,0,,37.9,19.4,0.0,0.9,22.8,1018.3,77.0,S,9,Shanghai,Red Bull Racing
7,2,VER,8,0,3,3,3,0,,38.2,19.5,0.0,1.8,23.0,1018.3,102.0,S,10,Shanghai,Red Bull Racing
8,2,VER,9,0,3,3,3,0,,37.9,19.4,0.0,1.5,23.4,1018.3,157.0,S,11,Shanghai,Red Bull Racing
9,2,VER,10,0,3,3,3,0,,37.9,19.4,0.0,1.9,22.9,1018.3,200.0,S,12,Shanghai,Red Bull Racing
10,2,VER,11,0,3,3,3,0,,37.6,19.2,0.0,2.3,23.7,1018.3,95.0,S,13,Shanghai,Red Bull Racing
11,2,VER,12,0,3,3,3,0,,37.6,19.3,0.0,1.5,24.3,1018.3,139.0,S,14,Shanghai,Red Bull Racing
12,2,VER,13,0,3,3,3,0,,37.6,19.4,0.0,1.7,24.3,1018.3,95.0,S,15,Shanghai,Red Bull Racing
13,2,VER,14,0,3,3,3,0,,37.4,19.1,0.0,1.2,24.0,1018.2,86.0,S,16,Shanghai,Red Bull Racing
14,2,VER,15,0,3,3,3,0,,37.7,19.3,0.0,1.9,23.5,1018.1,63.0,S,17,Shanghai,Red Bull Racing
15,2,VER,16,0,3,3,3,0,,37.5,19.2,0.0,1.3,24.4,1018.1,68.0,S,18,Shanghai,Red Bull Racing
16,2,VER,17,0,3,4,3,0,,37.7,19.5,0.0,1.8,24.0,1018.1,0.0,S,19,Shanghai,Red Bull Racing
17,2,VER,18,0,4,5,3,0,,37.7,19.6,0.0,1.4,24.1,1018.1,233.0,H,0,Shanghai,Red Bull Racing
18,2,VER,19,0,5,4,3,0,,37.8,19.6,0.0,2.3,23.9,1018.1,283.0,H,1,Shanghai,Red Bull Racing
19,2,VER,20,0,4,4,3,0,,37.8,19.9,0.0,1.4,22.9,1018.2,86.0,H,2,Shanghai,Red Bull Racing
20,2,VER,21,0,4,4,3,0,,37.2,19.5,0.0,2.8,23.0,1017.9,83.0,H,3,Shanghai,Red Bull Racing
21,2,VER,22,0,4,4,3,0,38,37.1,19.6,0.0,3.1,23.3,1018.0,76.0,H,4,Shanghai,Red Bull Racing
22,2,VER,23,0,4,4,3,0,37,36.0,19.6,0.0,2.7,23.2,1018.0,91.0,H,5,Shanghai,Red Bull Racing
23,2,VER,24,0,4,4,3,0,38,35.2,19.9,0.0,2.0,23.1,1018.0,38.0,H,6,Shanghai,Red Bull Racing
24,2,VER,25,0,4,4,3,0,37,33.9,20.0,0.0,2.5,22.8,1018.0,94.0,H,7,Shanghai,Red Bull Racing
25,2,VER,26,0,4,4,3,0,39,33.4,19.7,0.0,1.3,23.4,1018.0,106.0,H,8,Shanghai,Red Bull Racing
26,2,VER,27,0,4,3,3,0,40,33.4,19.6,0.0,0.7,23.3,1018.0,124.0,H,9,Shanghai,Red Bull Racing
27,2,VER,28,0,3,3,3,0,40,35.0,19.5,0.0,1.7,23.5,1018.0,214.0,H,10,Shanghai,Red Bull Racing
28,2,VER,29,0,3,3,3,0,41,35.0,19.4,0.0,2.1,24.1,1018.0,207.0,H,11,Shanghai,Red Bull Racing
29,2,VER,30,1,3,3,3,0,41,35.0,19.1,0.0,2.1,24.0,1017.9,100.0,H,12,Shanghai,Red Bull Racing
30,2,VER,31,2,3,3,3,0,43,35.0,19.0,0.0,1.7,24.2,1017.9,207.0,H,13,Shanghai,Red Bull Racing
31,2,VER,32,2,3,4,3,0,47,36.3,18.9,0.0,2.3,25.3,1018.0,221.0,M,0,Shanghai,Red Bull Racing
32,2,VER,33,2,4,4,3,0,46,37.0,19.0,0.0,2.3,24.9,1018.0,86.0,M,1,Shanghai,Red Bull Racing
33,2,VER,34,2,4,4,3,0,39,37.0,19.2,0.0,1.6,24.1,1018.0,214.0,M,2,Shanghai,Red Bull Racing
34,2,VER,35,2,4,4,3,0,38,37.0,19.2,0.0,1.3,24.9,1018.0,287.0,M,3,Shanghai,Red Bull Racing
35,2,VER,36,0,4,4,3,0,38,38.0,19.1,0.0,2.0,24.7,1017.9,238.0,M,4,Shanghai,Red Bull Racing
36,2,VER,37,0,4,4,3,0,38,38.0,19.2,0.0,1.5,24.9,1017.8,237.0,M,5,Shanghai,Red Bull Racing
37,2,VER,38,0,4,4,3,0,38,38.0,19.2,0.0,1.5,24.9,1017.8,237.0,M,6,Shanghai,Red Bull Racing
38,2,VER,39,0,4,5,3,0,38,38.0,19.4,0.0,1.6,25.3,1017.9,66.0,M,7,Shanghai,Red Bull Racing
39,2,VER,40,0,5,5,3,0,37,37.5,19.5,0.0,3.4,25.2,1018.1,129.0,M,8,Shanghai,Red Bull Racing
40,2,VER,41,0,5,5,3,0,38,37.5,19.5,0.0,2.4,25.2,1018.1,78.0,M,9,Shanghai,Red Bull Racing
41,2,VER,42,0,5,4,3,0,38,37.5,19.6,0.0,3.1,25.1,1018.2,120.0,M,10,Shanghai,Red Bull Racing
42,2,VER,43,1,4,5,3,0,38,37.5,19.4,0.0,2.7,25.1,1018.1,85.0,M,11,Shanghai,Red Bull Racing
43,2,VER,44,0,5,5,3,0,38,37.5,19.3,0.0,1.9,25.1,1018.1,115.0,M,12,Shanghai,Red Bull Racing
44,2,VER,45,0,5,5,3,0,38,37.0,19.3,0.0,1.7,26.1,1018.1,152.0,M,13,Shanghai,Red Bull Racing
45,2,VER,46,0,5,5,3,0,38,37.0,19.8,0.0,1.2,24.9,1018.1,53.0,M,14,Shanghai,Red Bull Racing
46,2,VER,47,0,5,5,3,0,38,37.0,19.9,0.0,2.4,25.2,1018.2,135.0,M,15,Shanghai,Red Bull Racing
47,2,VER,48,0,5,4,3,0,38,36.5,19.7,0.0,2.2,25.1,1018.1,65.0,M,16,Shanghai,Red Bull Racing
48,2,VER,49,0,4,4,3,0,39,36.5,19.6,0.0,2.1,24.9,1018.1,66.0,M,17,Shanghai,Red Bull Racing
49,2,VER,50,0,4,4,3,0,39,36.5,19.5,0.0,3.2,25.5,1018.1,141.0,M,18,Shanghai,Red Bull Racing
50,2,VER,51,0,4,4,3,0,39,36.5,19.4,0.0,1.6,26.1,1018.2,107.0,M,19,Shanghai,Red Bull Racing
51,2,VER,52,0,4,4,3,0,39,36.5,19.6,0.0,2.2,25.6,1018.1,85.0,M,20,Shanghai,Red Bull Racing
52,2,VER,53,0,4,4,3,0,39,36.5,19.6,0.0,2.0,25.6,1018.1,80.0,M,21,Shanghai,Red Bull Racing
53,2,VER,54,0,4,4,3,0,39,36.5,19.6,0.0,1.1,25.6,1018.1,120.0,M,22,Shanghai,Red Bull Racing
54,2,VER,55,0,4,4,3,0,38,36.5,19.4,0.0,0.9,25.8,1018.1,118.0,M,23,Shanghai,Red Bull Racing
55,2,VER,56,0,4,4,3,0,38,36.5,19.2,0.0,1.2,27.0,1018.1,152.0,M,24,Shanghai,Red Bull Racing
0,2,RIC,1,0,6,6,6,0,,38.6,19.6,0.0,3.1,23.4,1018.4,48.0,S,3,Shanghai,Red Bull Racing
1,2,RIC,2,0,6,6,6,0,,38.5,19.6,0.0,1.3,23.6,1018.3,35.0,S,4,Shanghai,Red Bull Racing
2,2,RIC,3,0,6,6,6,0,,38.2,19.6,0.0,1.7,23.5,1018.4,96.0,S,5,Shanghai,Red Bull Racing
3,2,RIC,4,0,6,6,6,0,,38.0,19.7,0.0,2.4,23.1,1018.4,226.0,S,6,Shanghai,Red Bull Racing
4,2,RIC,5,0,6,6,6,0,,38.0,19.5,0.0,1.1,23.3,1018.3,0.0,S,7,Shanghai,Red Bull Racing
5,2,RIC,6,0,6,6,6,0,,38.1,19.8,0.0,1.0,22.9,1018.3,241.0,S,8,Shanghai,Red Bull Racing
6,2,RIC,7,0,6,6,6,0,,37.9,20.2,0.0,1.1,22.6,1018.3,199.0,S,9,Shanghai,Red Bull Racing
7,2,RIC,8,0,6,6,6,0,,37.9,20.2,0.0,1.7,21.8,1018.3,252.0,S,10,Shanghai,Red Bull Racing
8,2,RIC,9,0,6,6,6,0,,37.9,19.4,0.0,1.5,22.7,1018.3,263.0,S,11,Shanghai,Red Bull Racing
9,2,RIC,10,0,6,6,6,0,,38.2,19.4,0.0,2.2,23.3,1018.3,143.0,S,12,Shanghai,Red Bull Racing
10,2,RIC,11,0,6,6,6,0,,37.9,19.4,0.0,2.0,23.3,1018.4,190.0,S,13,Shanghai,Red Bull Racing
11,2,RIC,12,0,6,6,6,0,,37.9,19.3,0.0,1.7,22.7,1018.3,80.0,S,14,Shanghai,Red Bull Racing
12,2,RIC,13,0,6,6,6,0,,37.9,19.4,0.0,1.9,22.9,1018.3,200.0,S,15,Shanghai,Red Bull Racing
13,2,RIC,14,0,6,6,6,0,,37.6,19.3,0.0,1.1,23.5,1018.3,98.0,S,16,Shanghai,Red Bull Racing
14,2,RIC,15,0,6,6,6,0,,37.6,19.3,0.0,1.1,23.5,1018.3,98.0,S,17,Shanghai,Red Bull Racing
15,2,RIC,16,0,6,6,6,0,,37.6,19.4,0.0,1.7,24.3,1018.3,95.0,S,18,Shanghai,Red Bull Racing
16,2,RIC,17,0,6,6,6,0,,37.7,19.3,0.0,2.6,23.9,1018.3,107.0,S,19,Shanghai,Red Bull Racing
17,2,RIC,18,0,6,7,6,0,,37.4,19.1,0.0,1.2,24.0,1018.2,86.0,H,0,Shanghai,Red Bull Racing
18,2,RIC,19,0,7,6,6,0,,37.4,19.3,0.0,1.2,23.7,1018.1,117.0,H,1,Shanghai,Red Bull Racing
19,2,RIC,20,0,6,6,6,0,,37.5,19.2,0.0,1.3,24.4,1018.1,68.0,H,2,Shanghai,Red Bull Racing
20,2,RIC,21,0,6,6,6,0,56,37.7,19.5,0.0,1.8,24.0,1018.1,0.0,H,3,Shanghai,Red Bull Racing
21,2,RIC,22,0,6,6,6,0,49,37.6,19.5,0.0,1.6,23.6,1018.1,278.0,H,4,Shanghai,Red Bull Racing
22,2,RIC,23,0,6,6,6,0,52,37.5,19.4,0.0,2.9,24.3,1018.1,191.0,H,5,Shanghai,Red Bull Racing
23,2,RIC,24,0,6,6,6,0,54,37.6,19.4,0.0,1.7,23.8,1018.2,271.0,H,6,Shanghai,Red Bull Racing
24,2,RIC,25,0,6,6,6,0,54,37.8,19.9,0.0,1.4,22.9,1018.2,86.0,H,7,Shanghai,Red Bull Racing
25,2,RIC,26,0,6,6,6,0,56,37.7,19.8,0.0,1.8,23.5,1018.2,79.0,H,8,Shanghai,Red Bull Racing
26,2,RIC,27,0,6,6,6,0,56,37.6,19.8,0.0,2.4,22.9,1018.0,78.0,H,9,Shanghai,Red Bull Racing
27,2,RIC,28,0,6,5,6,0,57,37.1,19.6,0.0,3.1,23.3,1018.0,76.0,H,10,Shanghai,Red Bull Racing
28,2,RIC,29,0,5,5,6,0,57,36.0,19.6,0.0,2.7,23.2,1018.0,91.0,H,11,Shanghai,Red Bull Racing
29,2,RIC,30,1,5,5,6,0,58,35.3,19.7,0.0,1.8,23.5,1018.0,70.0,H,12,Shanghai,Red Bull Racing
30,2,RIC,31,2,5,5,6,0,59,35.2,19.9,0.0,2.0,23.1,1018.0,38.0,H,13,Shanghai,Red Bull Racing
31,2,RIC,32,2,5,6,6,0,66,34.5,19.9,0.0,1.4,23.3,1018.1,77.0,M,0,Shanghai,Red Bull Racing
32,2,RIC,33,2,6,6,6,0,69,33.9,20.0,0.0,2.5,22.8,1018.0,94.0,M,1,Shanghai,Red Bull Racing
33,2,RIC,34,2,6,6,6,0,64,35.0,19.1,0.0,2.1,24.0,1017.9,100.0,M,2,Shanghai,Red Bull Racing
34,2,RIC,35,2,6,6,6,0,60,35.0,19.0,0.0,1.8,24.6,1017.9,234.0,M,3,Shanghai,Red Bull Racing
35,2,RIC,36,0,6,6,6,0,59,35.0,19.0,0.0,1.7,24.2,1017.9,207.0,M,4,Shanghai,Red Bull Racing
36,2,RIC,37,0,6,5,6,0,58,36.3,18.9,0.0,2.3,25.3,1018.0,221.0,M,5,Shanghai,Red Bull Racing
37,2,RIC,38,0,5,5,6,0,58,37.0,19.0,0.0,2.3,24.9,1018.0,86.0,M,6,Shanghai,Red Bull Racing
38,2,RIC,39,0,5,4,6,0,57,37.0,19.2,0.0,1.6,24.1,1018.0,214.0,M,7,Shanghai,Red Bull Racing
39,2,RIC,40,0,4,3,6,0,57,38.0,19.2,0.0,1.5,24.9,1017.8,237.0,M,8,Shanghai,Red Bull Racing
40,2,RIC,41,0,3,3,6,0,57,38.0,19.3,0.0,2.0,26.2,1017.8,87.0,M,9,Shanghai,Red Bull Racing
41,2,RIC,42,0,3,2,6,0,57,38.0,19.4,0.0,1.8,25.6,1018.0,156.0,M,10,Shanghai,Red Bull Racing
42,2,RIC,43,1,2,2,6,0,56,38.0,19.4,0.0,1.6,25.3,1017.9,66.0,M,11,Shanghai,Red Bull Racing
43,2,RIC,44,0,2,2,6,0,56,37.5,19.5,0.0,2.4,25.2,1018.1,78.0,M,12,Shanghai,Red Bull Racing
44,2,RIC,45,0,2,1,6,0,56,37.5,19.4,0.0,2.7,25.1,1018.1,85.0,M,13,Shanghai,Red Bull Racing
45,2,RIC,46,0,1,1,6,0,55,37.5,19.3,0.0,1.9,25.1,1018.1,115.0,M,14,Shanghai,Red Bull Racing
46,2,RIC,47,0,1,1,6,0,56,37.0,19.2,0.0,1.1,25.5,1018.1,62.0,M,15,Shanghai,Red Bull Racing
47,2,RIC,48,0,1,1,6,0,55,37.0,19.3,0.0,1.7,26.1,1018.1,152.0,M,16,Shanghai,Red Bull Racing
48,2,RIC,49,0,1,1,6,0,55,37.0,19.6,0.0,1.9,25.7,1018.2,117.0,M,17,Shanghai,Red Bull Racing
49,2,RIC,50,0,1,1,6,0,55,37.0,19.9,0.0,2.4,25.2,1018.2,135.0,M,18,Shanghai,Red Bull Racing
50,2,RIC,51,0,1,1,6,0,55,36.5,19.6,0.0,3.3,25.2,1018.0,78.0,M,19,Shanghai,Red Bull Racing
51,2,RIC,52,0,1,1,6,0,54,36.5,19.5,0.0,3.2,25.5,1018.1,141.0,M,20,Shanghai,Red Bull Racing
52,2,RIC,53,0,1,1,6,0,54,36.5,19.4,0.0,1.6,26.1,1018.2,107.0,M,21,Shanghai,Red Bull Racing
53,2,RIC,54,0,1,1,6,0,53,36.5,19.6,0.0,2.0,25.6,1018.1,80.0,M,22,Shanghai,Red Bull Racing
54,2,RIC,55,0,1,1,6,0,53,28.3,19.1,1.0,0.8,26.8,1018.1,84.0,M,23,Shanghai,Red Bull Racing
55,2,RIC,56,0,1,1,6,0,53,28.3,19.1,1.0,0.8,26.8,1018.1,84.0,M,24,Shanghai,Red Bull Racing
0,2,HUL,1,0,7,7,7,0,,38.7,19.5,0.0,2.1,23.1,1018.3,60.0,S,3,Shanghai,Renault
1,2,HUL,2,0,7,7,7,0,,38.6,19.6,0.0,3.1,23.4,1018.4,48.0,S,4,Shanghai,Renault
2,2,HUL,3,0,7,7,7,0,,38.3,19.8,0.0,1.4,23.4,1018.4,109.0,S,5,Shanghai,Renault
3,2,HUL,4,0,7,7,7,0,,38.2,19.6,0.0,1.7,23.5,1018.4,96.0,S,6,Shanghai,Renault
4,2,HUL,5,0,7,7,7,0,,38.0,19.7,0.0,2.4,23.1,1018.4,226.0,S,7,Shanghai,Renault
5,2,HUL,6,0,7,7,7,0,,38.0,19.5,0.0,1.1,23.3,1018.3,0.0,S,8,Shanghai,Renault
6,2,HUL,7,0,7,7,7,0,,38.1,19.8,0.0,1.0,22.9,1018.3,241.0,S,9,Shanghai,Renault
7,2,HUL,8,0,7,7,7,0,,37.9,20.2,0.0,1.1,22.6,1018.3,199.0,S,10,Shanghai,Renault
8,2,HUL,9,0,7,7,7,0,,38.0,20.0,0.0,1.9,21.3,1018.3,239.0,S,11,Shanghai,Renault
9,2,HUL,10,0,7,7,7,0,,37.9,19.4,0.0,0.9,22.8,1018.3,77.0,S,12,Shanghai,Renault
10,2,HUL,11,0,7,7,7,0,,38.2,19.5,0.0,1.8,23.0,1018.3,102.0,S,13,Shanghai,Renault
11,2,HUL,12,0,7,7,7,0,,38.2,19.4,0.0,2.2,23.3,1018.3,143.0,S,14,Shanghai,Renault
12,2,HUL,13,0,7,7,7,0,,37.9,19.4,0.0,1.5,23.4,1018.3,157.0,S,15,Shanghai,Renault
13,2,HUL,14,0,7,13,7,0,,37.9,19.4,0.0,2.0,23.3,1018.4,190.0,H,0,Shanghai,Renault
14,2,HUL,15,0,13,13,7,0,,37.6,19.3,0.0,1.1,23.5,1018.3,98.0,H,1,Shanghai,Renault
15,2,HUL,16,0,13,13,7,0,,37.6,19.4,0.0,1.7,24.3,1018.3,95.0,H,2,Shanghai,Renault
16,2,HUL,17,0,13,11,7,0,,37.7,19.3,0.0,2.6,23.9,1018.3,107.0,H,3,Shanghai,Renault
17,2,HUL,18,0,11,11,7,0,,37.6,19.2,0.0,2.1,23.7,1018.2,74.0,H,4,Shanghai,Renault
18,2,HUL,19,0,11,11,7,0,,37.4,19.3,0.0,1.2,23.7,1018.1,117.0,H,5,Shanghai,Renault
19,2,HUL,20,0,11,11,7,0,,37.6,19.3,0.0,1.3,23.8,1018.2,77.0,H,6,Shanghai,Renault
20,2,HUL,21,0,11,10,7,0,62,37.7,19.3,0.0,1.9,23.5,1018.1,63.0,H,7,Shanghai,Renault
21,2,HUL,22,0,10,9,7,0,50,37.5,19.2,0.0,1.3,24.4,1018.1,68.0,H,8,Shanghai,Renault
22,2,HUL,23,0,9,9,7,0,46,37.7,19.5,0.0,2.2,24.6,1018.2,82.0,H,9,Shanghai,Renault
23,2,HUL,24,0,9,9,7,0,47,37.6,19.5,0.0,1.6,23.6,1018.1,278.0,H,10,Shanghai,Renault
24,2,HUL,25,0,9,8,7,0,49,37.7,19.6,0.0,1.4,24.1,1018.1,233.0,H,11,Shanghai,Renault
25,2,HUL,26,0,8,8,7,0,49,37.8,19.6,0.0,2.3,23.9,1018.1,283.0,H,12,Shanghai,Renault
26,2,HUL,27,0,8,8,7,0,50,37.8,19.9,0.0,1.4,22.9,1018.2,86.0,H,13,Shanghai,Renault
27,2,HUL,28,0,8,8,7,0,50,37.7,19.8,0.0,1.8,23.5,1018.2,79.0,H,14,Shanghai,Renault
28,2,HUL,29,0,8,7,7,0,50,37.6,19.8,0.0,2.4,22.9,1018.0,78.0,H,15,Shanghai,Renault
29,2,HUL,30,1,7,7,7,0,51,37.1,19.4,0.0,3.5,23.5,1017.9,81.0,H,16,Shanghai,Renault
30,2,HUL,31,2,7,7,7,0,52,37.1,19.6,0.0,3.1,23.3,1018.0,76.0,H,17,Shanghai,Renault
31,2,HUL,32,2,7,8,7,0,56,36.0,19.6,0.0,2.7,23.2,1018.0,91.0,M,0,Shanghai,Renault
32,2,HUL,33,2,8,8,7,0,56,34.2,20.0,0.0,2.3,23.3,1018.0,77.0,M,1,Shanghai,Renault
33,2,HUL,34,2,8,8,7,0,51,33.5,19.7,0.0,0.7,22.7,1018.0,46.0,M,2,Shanghai,Renault
34,2,HUL,35,2,8,7,7,0,50,33.4,19.7,0.0,1.3,23.4,1018.0,106.0,M,3,Shanghai,Renault
35,2,HUL,36,0,7,7,7,0,49,35.0,19.4,0.0,2.1,24.1,1018.0,207.0,M,4,Shanghai,Renault
36,2,HUL,37,0,7,7,7,0,49,35.0,19.1,0.0,2.1,24.0,1017.9,100.0,M,5,Shanghai,Renault
37,2,HUL,38,0,7,7,7,0,49,35.0,19.0,0.0,1.7,24.2,1017.9,207.0,M,6,Shanghai,Renault
38,2,HUL,39,0,7,7,7,0,48,37.0,19.2,0.0,1.6,24.1,1018.0,214.0,M,7,Shanghai,Renault
39,2,HUL,40,0,7,7,7,0,48,38.0,19.1,0.0,2.0,24.7,1017.9,238.0,M,8,Shanghai,Renault
40,2,HUL,41,0,7,7,7,0,48,38.0,19.3,0.0,2.0,26.2,1017.8,87.0,M,9,Shanghai,Renault
41,2,HUL,42,0,7,7,7,0,48,38.0,19.6,0.0,1.2,24.9,1017.9,151.0,M,10,Shanghai,Renault
42,2,HUL,43,1,7,7,7,0,48,37.5,19.4,0.0,2.1,25.1,1018.0,94.0,M,11,Shanghai,Renault
43,2,HUL,44,0,7,6,7,0,48,37.5,19.5,0.0,3.4,25.2,1018.1,129.0,M,12,Shanghai,Renault
44,2,HUL,45,0,6,6,7,0,48,37.5,19.6,0.0,3.1,25.1,1018.2,120.0,M,13,Shanghai,Renault
45,2,HUL,46,0,6,6,7,0,48,37.5,19.4,0.0,2.7,25.1,1018.1,85.0,M,14,Shanghai,Renault
46,2,HUL,47,0,6,6,7,0,49,37.0,19.2,0.0,2.2,25.5,1018.1,158.0,M,15,Shanghai,Renault
47,2,HUL,48,0,6,6,7,0,49,37.0,19.6,0.0,1.9,25.7,1018.2,117.0,M,16,Shanghai,Renault
48,2,HUL,49,0,6,6,7,0,49,37.0,19.7,0.0,1.7,25.4,1018.1,80.0,M,17,Shanghai,Renault
49,2,HUL,50,0,6,6,7,0,50,37.0,19.9,0.0,2.4,25.2,1018.2,135.0,M,18,Shanghai,Renault
50,2,HUL,51,0,6,6,7,0,50,36.5,19.4,0.0,2.8,25.6,1018.1,78.0,M,19,Shanghai,Renault
51,2,HUL,52,0,6,6,7,0,50,36.5,19.5,0.0,3.2,25.5,1018.1,141.0,M,20,Shanghai,Renault
52,2,HUL,53,0,6,6,7,0,50,36.5,19.6,0.0,1.1,25.6,1018.1,120.0,M,21,Shanghai,Renault
53,2,HUL,54,0,6,6,7,0,50,36.5,19.2,0.0,1.2,27.0,1018.1,152.0,M,22,Shanghai,Renault
54,2,HUL,55,0,6,6,7,0,50,28.3,19.1,1.0,0.8,26.8,1018.1,84.0,M,23,Shanghai,Renault
55,2,HUL,56,0,6,6,7,0,51,28.3,19.1,1.0,0.8,26.8,1018.1,84.0,M,24,Shanghai,Renault
0,2,PER,1,0,14,14,14,0,,38.6,19.6,0.0,3.1,23.4,1018.4,48.0,S,3,Shanghai,Force India
1,2,PER,2,0,14,14,14,0,,38.5,19.6,0.0,1.3,23.6,1018.3,35.0,S,4,Shanghai,Force India
2,2,PER,3,0,14,14,14,0,,38.0,19.7,0.0,2.4,23.1,1018.4,226.0,S,5,Shanghai,Force India
3,2,PER,4,0,14,14,14,0,,38.0,19.5,0.0,1.1,23.3,1018.3,0.0,S,6,Shanghai,Force India
4,2,PER,5,0,14,14,14,0,,38.0,19.9,0.0,2.1,23.4,1018.4,85.0,S,7,Shanghai,Force India
5,2,PER,6,0,14,14,14,0,,37.9,20.2,0.0,1.1,22.6,1018.3,199.0,S,8,Shanghai,Force India
6,2,PER,7,0,14,14,14,0,,37.9,20.2,0.0,1.7,21.8,1018.3,252.0,S,9,Shanghai,Force India
7,2,PER,8,0,14,14,14,0,,37.9,19.4,0.0,1.5,22.7,1018.3,263.0,S,10,Shanghai,Force India
8,2,PER,9,0,14,14,14,0,,37.9,19.4,0.0,0.9,22.8,1018.3,77.0,S,11,Shanghai,Force India
9,2,PER,10,0,14,14,14,0,,37.9,19.4,0.0,1.5,23.4,1018.3,157.0,S,12,Shanghai,Force India
10,2,PER,11,0,14,14,14,0,,37.9,19.4,0.0,2.0,23.3,1018.4,190.0,S,13,Shanghai,Force India
11,2,PER,12,0,14,15,14,0,,37.9,19.3,0.0,1.7,22.7,1018.3,80.0,S,14,Shanghai,Force India
12,2,PER,13,0,15,19,14,0,,37.9,19.4,0.0,1.9,22.9,1018.3,200.0,M,0,Shanghai,Force India
13,2,PER,14,0,19,19,14,0,,37.6,19.3,0.0,1.1,23.5,1018.3,98.0,M,1,Shanghai,Force India
14,2,PER,15,0,19,19,14,0,,37.6,19.4,0.0,1.7,24.3,1018.3,95.0,M,2,Shanghai,Force India
15,2,PER,16,0,19,19,14,0,,37.6,19.2,0.0,2.1,23.7,1018.2,74.0,M,3,Shanghai,Force India
16,2,PER,17,0,19,18,14,0,,37.4,19.1,0.0,1.2,24.0,1018.2,86.0,M,4,Shanghai,Force India
17,2,PER,18,0,18,18,14,0,,37.6,19.3,0.0,0.8,24.1,1018.1,165.0,M,5,Shanghai,Force India
18,2,PER,19,0,18,17,14,0,,37.7,19.3,0.0,1.9,23.5,1018.1,63.0,M,6,Shanghai,Force India
19,2,PER,20,0,17,17,14,0,,37.7,19.5,0.0,1.8,24.0,1018.1,0.0,M,7,Shanghai,Force India
20,2,PER,21,0,17,16,14,0,52,37.6,19.5,0.0,1.6,23.6,1018.1,278.0,M,8,Shanghai,Force India
21,2,PER,22,0,16,16,14,0,48,37.8,19.9,0.0,1.4,22.9,1018.2,86.0,M,9,Shanghai,Force India
22,2,PER,23,0,16,15,14,0,47,37.6,19.8,0.0,2.4,22.9,1018.0,78.0,M,10,Shanghai,Force India
23,2,PER,24,0,15,14,14,0,45,37.1,19.6,0.0,3.1,23.3,1018.0,76.0,M,11,Shanghai,Force India
24,2,PER,25,0,14,14,14,0,42,36.0,19.6,0.0,2.7,23.2,1018.0,91.0,M,12,Shanghai,Force India
25,2,PER,26,0,14,13,14,0,40,35.3,19.7,0.0,1.8,23.5,1018.0,70.0,M,13,Shanghai,Force India
26,2,PER,27,0,13,13,14,0,39,35.2,19.9,0.0,2.0,23.1,1018.0,38.0,M,14,Shanghai,Force India
27,2,PER,28,0,13,13,14,0,38,34.5,19.9,0.0,1.4,23.3,1018.1,77.0,M,15,Shanghai,Force India
28,2,PER,29,0,13,13,14,0,39,33.9,20.0,0.0,2.5,22.8,1018.0,94.0,M,16,Shanghai,Force India
29,2,PER,30,1,13,12,14,0,40,33.4,19.7,0.0,1.3,23.4,1018.0,106.0,M,17,Shanghai,Force India
30,2,PER,31,2,12,12,14,0,42,32.9,19.6,0.0,1.0,23.2,1018.0,202.0,M,18,Shanghai,Force India
31,2,PER,32,2,12,11,14,0,45,35.0,19.4,0.0,2.1,24.1,1018.0,207.0,M,19,Shanghai,Force India
32,2,PER,33,2,11,15,14,0,49,35.0,19.1,0.0,2.1,24.0,1017.9,100.0,M,0,Shanghai,Force India
33,2,PER,34,2,15,15,14,0,47,35.0,19.0,0.0,1.8,24.6,1017.9,234.0,M,1,Shanghai,Force India
34,2,PER,35,2,15,15,14,0,40,35.0,19.0,0.0,1.7,24.2,1017.9,207.0,M,2,Shanghai,Force India
35,2,PER,36,0,15,13,14,0,38,37.0,19.0,0.0,2.3,24.9,1018.0,86.0,M,3,Shanghai,Force India
36,2,PER,37,0,13,13,14,0,38,37.0,19.2,0.0,1.3,24.9,1018.0,287.0,M,4,Shanghai,Force India
37,2,PER,38,0,13,13,14,0,37,38.0,19.1,0.0,2.0,24.7,1017.9,238.0,M,5,Shanghai,Force India
38,2,PER,39,0,13,13,14,0,37,38.0,19.1,0.0,1.9,24.9,1017.8,101.0,M,6,Shanghai,Force India
39,2,PER,40,0,13,13,14,0,37,38.0,19.2,0.0,1.5,24.9,1017.8,237.0,M,7,Shanghai,Force India
40,2,PER,41,0,13,13,14,0,37,38.0,19.2,0.0,1.5,24.9,1017.8,237.0,M,8,Shanghai,Force India
41,2,PER,42,0,13,13,14,0,37,38.0,19.3,0.0,2.0,26.2,1017.8,87.0,M,9,Shanghai,Force India
42,2,PER,43,1,13,13,14,0,36,38.0,19.4,0.0,1.8,25.6,1018.0,156.0,M,10,Shanghai,Force India
43,2,PER,44,0,13,13,14,0,36,38.0,19.6,0.0,1.2,24.9,1017.9,151.0,M,11,Shanghai,Force India
44,2,PER,45,0,13,13,14,0,36,38.0,19.6,0.0,2.2,24.8,1017.9,128.0,M,12,Shanghai,Force India
45,2,PER,46,0,13,12,14,0,36,37.5,19.5,0.0,2.4,25.2,1018.1,78.0,M,13,Shanghai,Force India
46,2,PER,47,0,12,12,14,0,37,37.5,19.6,0.0,3.1,25.1,1018.2,120.0,M,14,Shanghai,Force India
47,2,PER,48,0,12,12,14,0,37,37.5,19.3,0.0,1.9,25.1,1018.1,115.0,M,15,Shanghai,Force India
48,2,PER,49,0,12,12,14,0,37,37.0,19.6,0.0,1.9,25.7,1018.2,117.0,M,16,Shanghai,Force India
49,2,PER,50,0,12,12,14,0,37,37.0,19.7,0.0,1.7,25.4,1018.1,80.0,M,17,Shanghai,Force India
50,2,PER,51,0,12,12,14,0,37,37.0,19.9,0.0,1.8,24.9,1018.1,83.0,M,18,Shanghai,Force India
51,2,PER,52,0,12,11,14,0,37,37.0,19.9,0.0,2.4,25.2,1018.2,135.0,M,19,Shanghai,Force India
52,2,PER,53,0,11,11,14,0,37,36.5,19.6,0.0,2.1,24.9,1018.1,66.0,M,20,Shanghai,Force India
53,2,PER,54,0,11,11,14,0,37,36.5,19.4,0.0,2.8,25.6,1018.1,78.0,M,21,Shanghai,Force India
54,2,PER,55,0,11,11,14,0,37,36.5,19.6,0.0,1.1,25.6,1018.1,120.0,M,22,Shanghai,Force India
55,2,PER,56,0,11,12,14,0,36,36.5,19.4,0.0,0.9,25.8,1018.1,118.0,M,23,Shanghai,Force India
0,2,SAI,1,0,8,8,8,0,,38.7,19.5,0.0,2.1,23.1,1018.3,60.0,S,3,Shanghai,Renault
1,2,SAI,2,0,8,8,8,0,,38.6,19.6,0.0,3.1,23.4,1018.4,48.0,S,4,Shanghai,Renault
2,2,SAI,3,0,8,8,8,0,,38.5,19.6,0.0,1.3,23.6,1018.3,35.0,S,5,Shanghai,Renault
3,2,SAI,4,0,8,8,8,0,,38.2,19.6,0.0,1.7,23.5,1018.4,96.0,S,6,Shanghai,Renault
4,2,SAI,5,0,8,8,8,0,,38.1,19.8,0.0,1.0,22.9,1018.3,241.0,S,7,Shanghai,Renault
5,2,SAI,6,0,8,8,8,0,,37.9,20.2,0.0,1.7,21.8,1018.3,252.0,S,8,Shanghai,Renault
6,2,SAI,7,0,8,8,8,0,,38.0,20.0,0.0,1.9,21.3,1018.3,239.0,S,9,Shanghai,Renault
7,2,SAI,8,0,8,8,8,0,,37.9,19.4,0.0,0.9,22.8,1018.3,77.0,S,10,Shanghai,Renault
8,2,SAI,9,0,8,8,8,0,,38.2,19.5,0.0,1.8,23.0,1018.3,102.0,S,11,Shanghai,Renault
9,2,SAI,10,0,8,8,8,0,,37.9,19.4,0.0,2.0,23.3,1018.4,190.0,S,12,Shanghai,Renault
10,2,SAI,11,0,8,8,8,0,,37.6,19.2,0.0,2.3,23.7,1018.3,95.0,S,13,Shanghai,Renault
11,2,SAI,12,0,8,9,8,0,,37.6,19.3,0.0,1.1,23.5,1018.3,98.0,S,14,Shanghai,Renault
12,2,SAI,13,0,9,16,8,0,,37.6,19.3,0.0,1.5,24.3,1018.3,139.0,H,0,Shanghai,Renault
13,2,SAI,14,0,16,16,8,0,,37.6,19.4,0.0,1.7,24.3,1018.3,95.0,H,1,Shanghai,Renault
14,2,SAI,15,0,16,15,8,0,,37.4,19.1,0.0,1.2,24.0,1018.2,86.0,H,2,Shanghai,Renault
15,2,SAI,16,0,15,14,8,0,,37.6,19.3,0.0,0.8,24.1,1018.1,165.0,H,3,Shanghai,Renault
16,2,SAI,17,0,14,13,8,0,,37.7,19.5,0.0,2.2,24.6,1018.2,82.0,H,4,Shanghai,Renault
17,2,SAI,18,0,13,13,8,0,,37.7,19.5,0.0,1.8,24.0,1018.1,0.0,H,5,Shanghai,Renault
18,2,SAI,19,0,13,13,8,0,,37.6,19.5,0.0,1.6,23.6,1018.1,278.0,H,6,Shanghai,Renault
19,2,SAI,20,0,13,12,8,0,,37.6,19.4,0.0,1.7,23.8,1018.2,271.0,H,7,Shanghai,Renault
20,2,SAI,21,0,12,12,8,0,54,37.8,19.6,0.0,2.3,23.9,1018.1,283.0,H,8,Shanghai,Renault
21,2,SAI,22,0,12,11,8,0,54,37.8,19.9,0.0,1.4,22.9,1018.2,86.0,H,9,Shanghai,Renault
22,2,SAI,23,0,11,10,8,0,50,37.7,19.8,0.0,1.8,23.5,1018.2,79.0,H,10,Shanghai,Renault
23,2,SAI,24,0,10,10,8,0,48,37.6,19.8,0.0,2.4,22.9,1018.0,78.0,H,11,Shanghai,Renault
24,2,SAI,25,0,10,9,8,0,47,37.1,19.4,0.0,3.5,23.5,1017.9,81.0,H,12,Shanghai,Renault
25,2,SAI,26,0,9,9,8,0,47,37.1,19.6,0.0,3.1,23.3,1018.0,76.0,H,13,Shanghai,Renault
26,2,SAI,27,0,9,9,8,0,47,35.3,19.7,0.0,1.8,23.5,1018.0,70.0,H,14,Shanghai,Renault
27,2,SAI,28,0,9,9,8,0,47,35.2,19.9,0.0,2.0,23.1,1018.0,38.0,H,15,Shanghai,Renault
28,2,SAI,29,0,9,9,8,0,47,34.5,19.9,0.0,1.4,23.3,1018.1,77.0,H,16,Shanghai,Renault
29,2,SAI,30,1,9,8,8,0,47,34.2,20.0,0.0,2.3,23.3,1018.0,77.0,H,17,Shanghai,Renault
30,2,SAI,31,2,8,9,8,0,48,33.9,20.0,0.0,2.5,22.8,1018.0,94.0,H,18,Shanghai,Renault
31,2,SAI,32,2,9,12,8,0,51,33.5,19.7,0.0,0.7,22.7,1018.0,46.0,M,0,Shanghai,Renault
32,2,SAI,33,2,12,11,8,0,51,33.4,19.6,0.0,0.7,23.3,1018.0,124.0,M,1,Shanghai,Renault
33,2,SAI,34,2,11,11,8,0,50,32.9,19.6,0.0,1.0,23.2,1018.0,202.0,M,2,Shanghai,Renault
34,2,SAI,35,2,11,11,8,0,49,35.0,19.0,0.0,1.8,24.6,1017.9,234.0,M,3,Shanghai,Renault
35,2,SAI,36,0,11,10,8,0,48,36.3,18.8,0.0,1.5,24.9,1018.0,251.0,M,4,Shanghai,Renault
36,2,SAI,37,0,10,10,8,0,48,37.0,19.2,0.0,2.2,24.8,1018.1,242.0,M,5,Shanghai,Renault
37,2,SAI,38,0,10,10,8,0,48,37.0,19.2,0.0,1.3,24.9,1018.0,287.0,M,6,Shanghai,Renault
38,2,SAI,39,0,10,10,8,0,48,38.0,19.1,0.0,1.9,24.9,1017.8,101.0,M,7,Shanghai,Renault
39,2,SAI,40,0,10,10,8,0,48,38.0,19.2,0.0,1.5,24.9,1017.8,237.0,M,8,Shanghai,Renault
40,2,SAI,41,0,10,10,8,0,48,38.0,19.4,0.0,1.6,25.3,1017.9,66.0,M,9,Shanghai,Renault
41,2,SAI,42,0,10,10,8,0,48,38.0,19.6,0.0,2.2,24.8,1017.9,128.0,M,10,Shanghai,Renault
42,2,SAI,43,1,10,10,8,0,47,37.5,19.5,0.0,3.4,25.2,1018.1,129.0,M,11,Shanghai,Renault
43,2,SAI,44,0,10,10,8,0,47,37.5,19.5,0.0,2.4,25.2,1018.1,78.0,M,12,Shanghai,Renault
44,2,SAI,45,0,10,10,8,0,47,37.5,19.4,0.0,2.7,25.1,1018.1,85.0,M,13,Shanghai,Renault
45,2,SAI,46,0,10,10,8,0,47,37.0,19.2,0.0,2.2,25.5,1018.1,158.0,M,14,Shanghai,Renault
46,2,SAI,47,0,10,10,8,0,48,37.0,19.7,0.0,1.7,25.4,1018.1,80.0,M,15,Shanghai,Renault
47,2,SAI,48,0,10,9,8,0,48,37.0,19.9,0.0,1.8,24.9,1018.1,83.0,M,16,Shanghai,Renault
48,2,SAI,49,0,9,9,8,0,48,36.5,19.6,0.0,2.1,24.9,1018.1,66.0,M,17,Shanghai,Renault
49,2,SAI,50,0,9,9,8,0,48,36.5,19.6,0.0,3.3,25.2,1018.0,78.0,M,18,Shanghai,Renault
50,2,SAI,51,0,9,9,8,0,48,36.5,19.5,0.0,3.2,25.5,1018.1,141.0,M,19,Shanghai,Renault
51,2,SAI,52,0,9,9,8,0,48,36.5,19.4,0.0,1.6,26.1,1018.2,107.0,M,20,Shanghai,Renault
52,2,SAI,53,0,9,9,8,0,48,36.5,19.6,0.0,2.2,25.6,1018.1,85.0,M,21,Shanghai,Renault
53,2,SAI,54,0,9,9,8,0,48,36.5,19.6,0.0,2.0,25.6,1018.1,80.0,M,22,Shanghai,Renault
54,2,SAI,55,0,9,9,8,0,48,36.5,19.6,0.0,1.1,25.6,1018.1,120.0,M,23,Shanghai,Renault
55,2,SAI,56,0,9,9,8,0,48,36.5,19.4,0.0,0.9,25.8,1018.1,118.0,M,24,Shanghai,Renault
0,2,GRO,1,0,9,9,9,0,,38.7,19.5,0.0,2.1,23.1,1018.3,60.0,S,3,Shanghai,Haas F1 Team
1,2,GRO,2,0,9,9,9,0,,38.3,19.8,0.0,1.4,23.4,1018.4,109.0,S,4,Shanghai,Haas F1 Team
2,2,GRO,3,0,9,9,9,0,,38.2,19.6,0.0,1.7,23.5,1018.4,96.0,S,5,Shanghai,Haas F1 Team
3,2,GRO,4,0,9,9,9,0,,38.0,19.7,0.0,2.4,23.1,1018.4,226.0,S,6,Shanghai,Haas F1 Team
4,2,GRO,5,0,9,9,9,0,,38.0,19.5,0.0,1.1,23.3,1018.3,0.0,S,7,Shanghai,Haas F1 Team
5,2,GRO,6,0,9,10,9,0,,38.1,19.8,0.0,1.0,22.9,1018.3,241.0,S,8,Shanghai,Haas F1 Team
6,2,GRO,7,0,10,10,9,0,,38.0,19.9,0.0,2.1,23.4,1018.4,85.0,S,9,Shanghai,Haas F1 Team
7,2,GRO,8,0,10,10,9,0,,37.9,20.2,0.0,1.1,22.6,1018.3,199.0,S,10,Shanghai,Haas F1 Team
8,2,GRO,9,0,10,10,9,0,,37.9,19.4,0.0,1.5,22.7,1018.3,263.0,S,11,Shanghai,Haas F1 Team
9,2,GRO,10,0,10,10,9,0,,38.2,19.5,0.0,1.8,23.0,1018.3,102.0,S,12,Shanghai,Haas F1 Team
10,2,GRO,11,0,10,10,9,0,,38.2,19.4,0.0,2.2,23.3,1018.3,143.0,S,13,Shanghai,Haas F1 Team
11,2,GRO,12,0,10,10,9,0,,37.9,19.4,0.0,1.5,23.4,1018.3,157.0,S,14,Shanghai,Haas F1 Team
12,2,GRO,13,0,10,9,9,0,,37.9,19.3,0.0,1.7,22.7,1018.3,80.0,S,15,Shanghai,Haas F1 Team
13,2,GRO,14,0,9,8,9,0,,37.6,19.2,0.0,2.3,23.7,1018.3,95.0,S,16,Shanghai,Haas F1 Team
14,2,GRO,15,0,8,8,9,0,,37.6,19.3,0.0,1.1,23.5,1018.3,98.0,S,17,Shanghai,Haas F1 Team
15,2,GRO,16,0,8,9,9,0,,37.6,19.4,0.0,1.7,24.3,1018.3,95.0,S,18,Shanghai,Haas F1 Team
16,2,GRO,17,0,9,17,9,0,,37.7,19.3,0.0,2.6,23.9,1018.3,107.0,S,3,Shanghai,Haas F1 Team
17,2,GRO,18,0,17,16,9,0,,37.6,19.2,0.0,2.1,23.7,1018.2,74.0,S,4,Shanghai,Haas F1 Team
18,2,GRO,19,0,16,16,9,0,,37.4,19.1,0.0,1.2,24.0,1018.2,86.0,S,5,Shanghai,Haas F1 Team
19,2,GRO,20,0,16,15,9,0,,37.4,19.3,0.0,1.2,23.7,1018.1,117.0,S,6,Shanghai,Haas F1 Team
20,2,GRO,21,0,15,15,9,0,44,37.7,19.3,0.0,1.9,23.5,1018.1,63.0,S,7,Shanghai,Haas F1 Team
21,2,GRO,22,0,15,15,9,0,31,37.5,19.2,0.0,1.3,24.4,1018.1,68.0,S,8,Shanghai,Haas F1 Team
22,2,GRO,23,0,15,14,9,0,25,37.7,19.5,0.0,2.2,24.6,1018.2,82.0,S,9,Shanghai,Haas F1 Team
23,2,GRO,24,0,14,13,9,0,23,37.6,19.5,0.0,1.6,23.6,1018.1,278.0,S,10,Shanghai,Haas F1 Team
24,2,GRO,25,0,13,12,9,0,22,37.6,19.4,0.0,1.7,23.8,1018.2,271.0,S,11,Shanghai,Haas F1 Team
25,2,GRO,26,0,12,12,9,0,22,37.8,19.9,0.0,1.4,22.9,1018.2,86.0,S,12,Shanghai,Haas F1 Team
26,2,GRO,27,0,12,12,9,0,23,36.0,19.6,0.0,2.7,23.2,1018.0,91.0,S,13,Shanghai,Haas F1 Team
27,2,GRO,28,0,12,12,9,0,24,35.3,19.7,0.0,1.8,23.5,1018.0,70.0,S,14,Shanghai,Haas F1 Team
28,2,GRO,29,0,12,12,9,0,24,35.2,19.9,0.0,2.0,23.1,1018.0,38.0,S,15,Shanghai,Haas F1 Team
29,2,GRO,30,1,12,11,9,0,25,34.5,19.9,0.0,1.4,23.3,1018.1,77.0,S,16,Shanghai,Haas F1 Team
30,2,GRO,31,2,11,10,9,0,26,34.2,20.0,0.0,2.3,23.3,1018.0,77.0,S,17,Shanghai,Haas F1 Team
31,2,GRO,32,2,10,9,9,0,25,35.0,19.5,0.0,1.7,23.5,1018.0,214.0,S,18,Shanghai,Haas F1 Team
32,2,GRO,33,2,9,9,9,0,26,35.0,19.4,0.0,2.1,24.1,1018.0,207.0,S,19,Shanghai,Haas F1 Team
33,2,GRO,34,2,9,9,9,0,24,35.0,19.1,0.0,2.1,24.0,1017.9,100.0,S,20,Shanghai,Haas F1 Team
34,2,GRO,35,2,9,10,9,0,23,35.0,19.0,0.0,1.7,24.2,1017.9,207.0,S,21,Shanghai,Haas F1 Team
35,2,GRO,36,0,10,11,9,0,22,37.0,19.2,0.0,1.6,24.1,1018.0,214.0,S,22,Shanghai,Haas F1 Team
36,2,GRO,37,0,11,11,9,0,22,38.0,19.1,0.0,1.9,24.9,1017.8,101.0,S,23,Shanghai,Haas F1 Team
37,2,GRO,38,0,11,11,9,0,22,38.0,19.2,0.0,1.5,24.9,1017.8,237.0,S,24,Shanghai,Haas F1 Team
38,2,GRO,39,0,11,11,9,0,22,38.0,19.2,0.0,1.5,24.9,1017.8,237.0,S,25,Shanghai,Haas F1 Team
39,2,GRO,40,0,11,11,9,0,22,38.0,19.3,0.0,2.0,26.2,1017.8,87.0,S,26,Shanghai,Haas F1 Team
40,2,GRO,41,0,11,11,9,0,23,38.0,19.4,0.0,1.8,25.6,1018.0,156.0,S,27,Shanghai,Haas F1 Team
41,2,GRO,42,0,11,11,9,0,23,38.0,19.6,0.0,2.2,24.8,1017.9,128.0,S,28,Shanghai,Haas F1 Team
42,2,GRO,43,1,11,11,9,0,23,37.5,19.5,0.0,3.4,25.2,1018.1,129.0,S,29,Shanghai,Haas F1 Team
43,2,GRO,44,0,11,11,9,0,23,37.5,19.5,0.0,2.4,25.2,1018.1,78.0,S,30,Shanghai,Haas F1 Team
44,2,GRO,45,0,11,12,9,0,23,37.5,19.6,0.0,3.1,25.1,1018.2,120.0,S,31,Shanghai,Haas F1 Team
45,2,GRO,46,0,12,15,9,0,23,37.0,19.2,0.0,2.2,25.5,1018.1,158.0,S,32,Shanghai,Haas F1 Team
46,2,GRO,47,0,15,20,9,0,23,37.0,19.2,0.0,1.1,25.5,1018.1,62.0,H,0,Shanghai,Haas F1 Team
47,2,GRO,48,0,20,19,9,0,23,37.0,19.6,0.0,1.9,25.7,1018.2,117.0,H,1,Shanghai,Haas F1 Team
48,2,GRO,49,0,19,18,9,0,23,37.0,19.7,0.0,1.7,25.4,1018.1,80.0,H,2,Shanghai,Haas F1 Team
49,2,GRO,50,0,18,18,9,0,23,37.0,19.9,0.0,1.8,24.9,1018.1,83.0,H,3,Shanghai,Haas F1 Team
50,2,GRO,51,0,18,18,9,0,23,37.0,19.9,0.0,2.4,25.2,1018.2,135.0,H,4,Shanghai,Haas F1 Team
51,2,GRO,52,0,18,18,9,0,23,36.5,19.5,0.0,3.2,25.5,1018.1,141.0,H,5,Shanghai,Haas F1 Team
52,2,GRO,53,0,18,18,9,0,23,36.5,19.4,0.0,1.6,26.1,1018.2,107.0,H,6,Shanghai,Haas F1 Team
53,2,GRO,54,0,18,18,9,0,23,36.5,19.6,0.0,2.2,25.6,1018.1,85.0,H,7,Shanghai,Haas F1 Team
54,2,GRO,55,0,18,18,9,0,23,36.5,19.2,0.0,1.2,27.0,1018.1,152.0,H,8,Shanghai,Haas F1 Team
55,2,GRO,56,0,18,17,9,0,23,28.3,19.1,1.0,0.8,26.8,1018.1,84.0,H,9,Shanghai,Haas F1 Team
0,2,MAG,1,0,10,10,10,0,,38.7,19.5,0.0,2.1,23.1,1018.3,60.0,M,4,Shanghai,Haas F1 Team
1,2,MAG,2,0,10,10,10,0,,38.2,19.6,0.0,1.7,23.5,1018.4,96.0,M,5,Shanghai,Haas F1 Team
2,2,MAG,3,0,10,10,10,0,,38.0,19.7,0.0,2.4,23.1,1018.4,226.0,M,6,Shanghai,Haas F1 Team
3,2,MAG,4,0,10,10,10,0,,38.0,19.5,0.0,1.1,23.3,1018.3,0.0,M,7,Shanghai,Haas F1 Team
4,2,MAG,5,0,10,10,10,0,,38.1,19.8,0.0,1.0,22.9,1018.3,241.0,M,8,Shanghai,Haas F1 Team
5,2,MAG,6,0,10,9,10,0,,38.0,19.9,0.0,2.1,23.4,1018.4,85.0,M,9,Shanghai,Haas F1 Team
6,2,MAG,7,0,9,9,10,0,,37.9,20.2,0.0,1.1,22.6,1018.3,199.0,M,10,Shanghai,Haas F1 Team
7,2,MAG,8,0,9,9,10,0,,37.9,20.2,0.0,1.7,21.8,1018.3,252.0,M,11,Shanghai,Haas F1 Team
8,2,MAG,9,0,9,9,10,0,,37.9,19.4,0.0,1.5,22.7,1018.3,263.0,M,12,Shanghai,Haas F1 Team
9,2,MAG,10,0,9,9,10,0,,37.9,19.4,0.0,0.9,22.8,1018.3,77.0,M,13,Shanghai,Haas F1 Team
10,2,MAG,11,0,9,9,10,0,,37.9,19.3,0.0,1.7,22.7,1018.3,80.0,M,14,Shanghai,Haas F1 Team
11,2,MAG,12,0,9,8,10,0,,37.6,19.2,0.0,2.3,23.7,1018.3,95.0,M,15,Shanghai,Haas F1 Team
12,2,MAG,13,0,8,8,10,0,,37.6,19.3,0.0,1.1,23.5,1018.3,98.0,M,16,Shanghai,Haas F1 Team
13,2,MAG,14,0,8,7,10,0,,37.6,19.3,0.0,1.5,24.3,1018.3,139.0,M,17,Shanghai,Haas F1 Team
14,2,MAG,15,0,7,7,10,0,,37.6,19.4,0.0,1.7,24.3,1018.3,95.0,M,18,Shanghai,Haas F1 Team
15,2,MAG,16,0,7,7,10,0,,37.7,19.3,0.0,2.6,23.9,1018.3,107.0,M,19,Shanghai,Haas F1 Team
16,2,MAG,17,0,7,7,10,0,,37.6,19.2,0.0,2.1,23.7,1018.2,74.0,M,20,Shanghai,Haas F1 Team
17,2,MAG,18,0,7,6,10,0,,37.4,19.1,0.0,1.2,24.0,1018.2,86.0,M,21,Shanghai,Haas F1 Team
18,2,MAG,19,0,6,7,10,0,,37.6,19.3,0.0,0.8,24.1,1018.1,165.0,M,22,Shanghai,Haas F1 Team
19,2,MAG,20,0,7,7,10,0,,37.5,19.2,0.0,1.3,24.4,1018.1,68.0,M,23,Shanghai,Haas F1 Team
20,2,MAG,21,0,7,7,10,0,43,37.6,19.4,0.0,1.7,23.8,1018.2,271.0,M,24,Shanghai,Haas F1 Team
21,2,MAG,22,0,7,7,10,0,28,37.7,19.6,0.0,1.4,24.1,1018.1,233.0,M,25,Shanghai,Haas F1 Team
22,2,MAG,23,0,7,7,10,0,28,37.8,19.9,0.0,1.4,22.9,1018.2,86.0,M,26,Shanghai,Haas F1 Team
23,2,MAG,24,0,7,7,10,0,29,37.6,19.8,0.0,2.4,22.9,1018.0,78.0,M,27,Shanghai,Haas F1 Team
24,2,MAG,25,0,7,10,10,0,28,37.1,19.4,0.0,3.5,23.5,1017.9,81.0,H,0,Shanghai,Haas F1 Team
25,2,MAG,26,0,10,10,10,0,29,37.1,19.6,0.0,3.1,23.3,1018.0,76.0,H,1,Shanghai,Haas F1 Team
26,2,MAG,27,0,10,10,10,0,29,34.5,19.9,0.0,1.4,23.3,1018.1,77.0,H,2,Shanghai,Haas F1 Team
27,2,MAG,28,0,10,10,10,0,29,33.9,20.0,0.0,2.5,22.8,1018.0,94.0,H,3,Shanghai,Haas F1 Team
28,2,MAG,29,0,10,10,10,0,28,33.5,19.7,0.0,0.7,22.7,1018.0,46.0,H,4,Shanghai,Haas F1 Team
29,2,MAG,30,1,10,9,10,0,28,33.4,19.7,0.0,1.3,23.4,1018.0,106.0,H,5,Shanghai,Haas F1 Team
30,2,MAG,31,2,9,8,10,0,29,33.4,19.6,0.0,0.7,23.3,1018.0,124.0,H,6,Shanghai,Haas F1 Team
31,2,MAG,32,2,8,7,10,0,32,35.0,19.4,0.0,2.1,24.1,1018.0,207.0,H,7,Shanghai,Haas F1 Team
32,2,MAG,33,2,7,7,10,0,35,35.0,19.1,0.0,2.1,24.0,1017.9,100.0,H,8,Shanghai,Haas F1 Team
33,2,MAG,34,2,7,7,10,0,34,35.0,19.0,0.0,1.7,24.2,1017.9,207.0,H,9,Shanghai,Haas F1 Team
34,2,MAG,35,2,7,8,10,0,32,36.3,18.8,0.0,1.5,24.9,1018.0,251.0,H,10,Shanghai,Haas F1 Team
35,2,MAG,36,0,8,8,10,0,31,37.0,19.2,0.0,2.2,24.8,1018.1,242.0,H,11,Shanghai,Haas F1 Team
36,2,MAG,37,0,8,8,10,0,31,38.0,19.1,0.0,2.0,24.7,1017.9,238.0,H,12,Shanghai,Haas F1 Team
37,2,MAG,38,0,8,8,10,0,30,38.0,19.1,0.0,1.9,24.9,1017.8,101.0,H,13,Shanghai,Haas F1 Team
38,2,MAG,39,0,8,8,10,0,30,38.0,19.2,0.0,1.5,24.9,1017.8,237.0,H,14,Shanghai,Haas F1 Team
39,2,MAG,40,0,8,8,10,0,30,38.0,19.3,0.0,2.0,26.2,1017.8,87.0,H,15,Shanghai,Haas F1 Team
40,2,MAG,41,0,8,8,10,0,31,38.0,19.4,0.0,1.8,25.6,1018.0,156.0,H,16,Shanghai,Haas F1 Team
41,2,MAG,42,0,8,8,10,0,31,38.0,19.6,0.0,2.2,24.8,1017.9,128.0,H,17,Shanghai,Haas F1 Team
42,2,MAG,43,1,8,8,10,0,31,37.5,19.4,0.0,2.1,25.1,1018.0,94.0,H,18,Shanghai,Haas F1 Team
43,2,MAG,44,0,8,8,10,0,31,37.5,19.6,0.0,3.1,25.1,1018.2,120.0,H,19,Shanghai,Haas F1 Team
44,2,MAG,45,0,8,8,10,0,31,37.0,19.2,0.0,1.1,25.5,1018.1,62.0,H,20,Shanghai,Haas F1 Team
45,2,MAG,46,0,8,8,10,0,31,37.0,19.6,0.0,1.9,25.7,1018.2,117.0,H,21,Shanghai,Haas F1 Team
46,2,MAG,47,0,8,8,10,0,32,37.0,19.8,0.0,1.2,24.9,1018.1,53.0,H,22,Shanghai,Haas F1 Team
47,2,MAG,48,0,8,10,10,0,32,37.0,19.9,0.0,1.8,24.9,1018.1,83.0,H,23,Shanghai,Haas F1 Team
48,2,MAG,49,0,10,10,10,0,31,36.5,19.7,0.0,2.2,25.1,1018.1,65.0,H,24,Shanghai,Haas F1 Team
49,2,MAG,50,0,10,10,10,0,31,36.5,19.6,0.0,3.3,25.2,1018.0,78.0,H,25,Shanghai,Haas F1 Team
50,2,MAG,51,0,10,10,10,0,31,36.5,19.5,0.0,3.2,25.5,1018.1,141.0,H,26,Shanghai,Haas F1 Team
51,2,MAG,52,0,10,10,10,0,30,36.5,19.4,0.0,1.6,26.1,1018.2,107.0,H,27,Shanghai,Haas F1 Team
52,2,MAG,53,0,10,10,10,0,30,36.5,19.6,0.0,2.2,25.6,1018.1,85.0,H,28,Shanghai,Haas F1 Team
53,2,MAG,54,0,10,10,10,0,29,36.5,19.6,0.0,2.0,25.6,1018.1,80.0,H,29,Shanghai,Haas F1 Team
54,2,MAG,55,0,10,10,10,0,29,28.3,19.1,1.0,0.8,26.8,1018.1,84.0,H,30,Shanghai,Haas F1 Team
55,2,MAG,56,0,10,10,10,0,29,28.3,19.1,1.0,0.8,26.8,1018.1,84.0,H,31,Shanghai,Haas F1 Team
0,2,OCO,1,0,13,13,13,0,,38.5,19.6,0.0,1.3,23.6,1018.3,35.0,M,0,Shanghai,Force India
1,2,OCO,2,0,13,13,13,0,,38.3,19.8,0.0,1.4,23.4,1018.4,109.0,M,1,Shanghai,Force India
2,2,OCO,3,0,13,13,13,0,,38.2,19.6,0.0,1.7,23.5,1018.4,96.0,M,2,Shanghai,Force India
3,2,OCO,4,0,13,13,13,0,,38.1,19.8,0.0,1.0,22.9,1018.3,241.0,M,3,Shanghai,Force India
4,2,OCO,5,0,13,13,13,0,,38.0,19.9,0.0,2.1,23.4,1018.4,85.0,M,4,Shanghai,Force India
5,2,OCO,6,0,13,12,13,0,,37.9,20.2,0.0,1.7,21.8,1018.3,252.0,M,5,Shanghai,Force India
6,2,OCO,7,0,12,12,13,0,,37.9,19.4,0.0,1.5,22.7,1018.3,263.0,M,6,Shanghai,Force India
7,2,OCO,8,0,12,12,13,0,,37.9,19.4,0.0,0.9,22.8,1018.3,77.0,M,7,Shanghai,Force India
8,2,OCO,9,0,12,12,13,0,,37.9,19.4,0.0,1.5,23.4,1018.3,157.0,M,8,Shanghai,Force India
9,2,OCO,10,0,12,12,13,0,,37.9,19.4,0.0,1.9,22.9,1018.3,200.0,M,9,Shanghai,Force India
10,2,OCO,11,0,12,12,13,0,,37.6,19.3,0.0,1.1,23.5,1018.3,98.0,M,10,Shanghai,Force India
11,2,OCO,12,0,12,19,13,0,,37.6,19.3,0.0,1.1,23.5,1018.3,98.0,M,0,Shanghai,Force India
12,2,OCO,13,0,19,18,13,0,,37.6,19.4,0.0,1.7,24.3,1018.3,95.0,M,1,Shanghai,Force India
13,2,OCO,14,0,18,17,13,0,,37.7,19.3,0.0,2.6,23.9,1018.3,107.0,M,2,Shanghai,Force India
14,2,OCO,15,0,17,17,13,0,,37.6,19.2,0.0,2.1,23.7,1018.2,74.0,M,3,Shanghai,Force India
15,2,OCO,16,0,17,17,13,0,,37.6,19.3,0.0,0.8,24.1,1018.1,165.0,M,4,Shanghai,Force India
16,2,OCO,17,0,17,15,13,0,,37.5,19.2,0.0,1.3,24.4,1018.1,68.0,M,5,Shanghai,Force India
17,2,OCO,18,0,15,15,13,0,,37.6,19.5,0.0,1.6,23.6,1018.1,278.0,M,6,Shanghai,Force India
18,2,OCO,19,0,15,15,13,0,,37.6,19.4,0.0,1.7,23.8,1018.2,271.0,M,7,Shanghai,Force India
19,2,OCO,20,0,15,14,13,0,,37.8,19.6,0.0,2.3,23.9,1018.1,283.0,M,8,Shanghai,Force India
20,2,OCO,21,0,14,14,13,0,47,37.2,19.5,0.0,2.8,23.0,1017.9,83.0,M,9,Shanghai,Force India
21,2,OCO,22,0,14,14,13,0,42,34.5,19.9,0.0,1.4,23.3,1018.1,77.0,M,10,Shanghai,Force India
22,2,OCO,23,0,14,13,13,0,38,34.2,20.0,0.0,2.3,23.3,1018.0,77.0,M,11,Shanghai,Force India
23,2,OCO,24,0,13,12,13,0,33,33.9,20.0,0.0,2.5,22.8,1018.0,94.0,M,12,Shanghai,Force India
24,2,OCO,25,0,12,11,13,0,30,32.9,19.6,0.0,1.0,23.2,1018.0,202.0,M,13,Shanghai,Force India
25,2,OCO,26,0,11,11,13,0,30,35.0,19.4,0.0,2.1,24.1,1018.0,207.0,M,14,Shanghai,Force India
26,2,OCO,27,0,11,11,13,0,30,35.0,19.0,0.0,1.8,24.6,1017.9,234.0,M,15,Shanghai,Force India
27,2,OCO,28,0,11,11,13,0,31,36.3,18.9,0.0,2.3,25.3,1018.0,221.0,M,16,Shanghai,Force India
28,2,OCO,29,0,11,11,13,0,31,37.0,19.0,0.0,2.3,24.9,1018.0,86.0,M,17,Shanghai,Force India
29,2,OCO,30,1,11,10,13,0,32,37.0,19.2,0.0,2.2,24.8,1018.1,242.0,M,18,Shanghai,Force India
30,2,OCO,31,2,10,11,13,0,34,37.0,19.2,0.0,1.6,24.1,1018.0,214.0,M,19,Shanghai,Force India
31,2,OCO,32,2,11,14,13,0,41,37.0,19.2,0.0,1.3,24.9,1018.0,287.0,S,0,Shanghai,Force India
32,2,OCO,33,2,14,13,13,0,45,38.0,19.1,0.0,2.0,24.7,1017.9,238.0,S,1,Shanghai,Force India
33,2,OCO,34,2,13,13,13,0,42,38.0,19.2,0.0,1.5,24.9,1017.8,237.0,S,2,Shanghai,Force India
34,2,OCO,35,2,13,13,13,0,38,38.0,19.4,0.0,1.8,25.6,1018.0,156.0,S,3,Shanghai,Force India
35,2,OCO,36,0,13,12,13,0,36,38.0,19.6,0.0,1.2,24.9,1017.9,151.0,S,4,Shanghai,Force India
36,2,OCO,37,0,12,12,13,0,35,38.0,19.6,0.0,2.2,24.8,1017.9,128.0,S,5,Shanghai,Force India
37,2,OCO,38,0,12,12,13,0,34,37.5,19.4,0.0,2.1,25.1,1018.0,94.0,S,6,Shanghai,Force India
38,2,OCO,39,0,12,12,13,0,34,37.5,19.5,0.0,2.4,25.2,1018.1,78.0,S,7,Shanghai,Force India
39,2,OCO,40,0,12,12,13,0,33,37.5,19.6,0.0,3.1,25.1,1018.2,120.0,S,8,Shanghai,Force India
40,2,OCO,41,0,12,12,13,0,33,37.0,19.2,0.0,2.2,25.5,1018.1,158.0,S,9,Shanghai,Force India
41,2,OCO,42,0,12,12,13,0,32,37.0,19.2,0.0,1.1,25.5,1018.1,62.0,S,10,Shanghai,Force India
42,2,OCO,43,1,12,12,13,0,32,37.0,19.3,0.0,1.7,26.1,1018.1,152.0,S,11,Shanghai,Force India
43,2,OCO,44,0,12,12,13,0,32,37.0,19.6,0.0,1.9,25.7,1018.2,117.0,S,12,Shanghai,Force India
44,2,OCO,45,0,12,11,13,0,31,37.0,19.8,0.0,1.2,24.9,1018.1,53.0,S,13,Shanghai,Force India
45,2,OCO,46,0,11,11,13,0,31,37.0,19.9,0.0,1.8,24.9,1018.1,83.0,S,14,Shanghai,Force India
46,2,OCO,47,0,11,11,13,0,32,37.0,19.9,0.0,2.4,25.2,1018.2,135.0,S,15,Shanghai,Force India
47,2,OCO,48,0,11,11,13,0,32,36.5,19.7,0.0,2.2,25.1,1018.1,65.0,S,16,Shanghai,Force India
48,2,OCO,49,0,11,11,13,0,32,36.5,19.5,0.0,3.2,25.5,1018.1,141.0,S,17,Shanghai,Force India
49,2,OCO,50,0,11,11,13,0,32,36.5,19.4,0.0,1.6,26.1,1018.2,107.0,S,18,Shanghai,Force India
50,2,OCO,51,0,11,11,13,0,32,36.5,19.6,0.0,2.0,25.6,1018.1,80.0,S,19,Shanghai,Force India
51,2,OCO,52,0,11,12,13,0,31,36.5,19.6,0.0,1.1,25.6,1018.1,120.0,S,20,Shanghai,Force India
52,2,OCO,53,0,12,12,13,0,31,36.5,19.4,0.0,0.9,25.8,1018.1,118.0,S,21,Shanghai,Force India
53,2,OCO,54,0,12,12,13,0,30,36.5,19.2,0.0,1.2,27.0,1018.1,152.0,S,22,Shanghai,Force India
54,2,OCO,55,0,12,12,13,0,30,28.3,19.1,1.0,0.8,26.8,1018.1,84.0,S,23,Shanghai,Force India
55,2,OCO,56,0,12,11,13,0,30,28.3,19.1,1.0,0.8,26.8,1018.1,84.0,S,24,Shanghai,Force India
0,2,ALO,1,0,11,11,11,0,,38.7,19.5,0.0,2.1,23.1,1018.3,60.0,M,0,Shanghai,McLaren
1,2,ALO,2,0,11,11,11,0,,38.6,19.6,0.0,3.1,23.4,1018.4,48.0,M,1,Shanghai,McLaren
2,2,ALO,3,0,11,11,11,0,,38.0,19.7,0.0,2.4,23.1,1018.4,226.0,M,2,Shanghai,McLaren
3,2,ALO,4,0,11,11,11,0,,38.0,19.5,0.0,1.1,23.3,1018.3,0.0,M,3,Shanghai,McLaren
4,2,ALO,5,0,11,11,11,0,,38.1,19.8,0.0,1.0,22.9,1018.3,241.0,M,4,Shanghai,McLaren
5,2,ALO,6,0,11,11,11,0,,38.1,19.8,0.0,1.2,22.6,1018.3,215.0,M,5,Shanghai,McLaren
6,2,ALO,7,0,11,11,11,0,,37.9,20.2,0.0,1.1,22.6,1018.3,199.0,M,6,Shanghai,McLaren
7,2,ALO,8,0,11,11,11,0,,38.0,20.0,0.0,1.9,21.3,1018.3,239.0,M,7,Shanghai,McLaren
8,2,ALO,9,0,11,11,11,0,,37.9,19.3,0.0,1.7,22.7,1018.3,80.0,M,8,Shanghai,McLaren
9,2,ALO,10,0,11,11,11,0,,37.9,19.4,0.0,1.9,22.9,1018.3,200.0,M,9,Shanghai,McLaren
10,2,ALO,11,0,11,11,11,0,,37.6,19.2,0.0,2.3,23.7,1018.3,95.0,M,10,Shanghai,McLaren
11,2,ALO,12,0,11,11,11,0,,37.6,19.2,0.0,2.1,23.7,1018.2,74.0,M,11,Shanghai,McLaren
12,2,ALO,13,0,11,10,11,0,,37.6,19.3,0.0,0.8,24.1,1018.1,165.0,M,12,Shanghai,McLaren
13,2,ALO,14,0,10,9,11,0,,37.5,19.2,0.0,1.3,24.4,1018.1,68.0,M,13,Shanghai,McLaren
14,2,ALO,15,0,9,9,11,0,,37.7,19.5,0.0,2.2,24.6,1018.2,82.0,M,14,Shanghai,McLaren
15,2,ALO,16,0,9,8,11,0,,37.6,19.5,0.0,1.6,23.6,1018.1,278.0,M,15,Shanghai,McLaren
16,2,ALO,17,0,8,8,11,0,,37.5,19.4,0.0,2.9,24.3,1018.1,191.0,M,16,Shanghai,McLaren
17,2,ALO,18,0,8,8,11,0,,37.6,19.4,0.0,1.7,23.8,1018.2,271.0,M,17,Shanghai,McLaren
18,2,ALO,19,0,8,8,11,0,,37.7,19.6,0.0,1.4,24.1,1018.1,233.0,M,18,Shanghai,McLaren
19,2,ALO,20,0,8,8,11,0,,37.8,19.6,0.0,2.3,23.9,1018.1,283.0,M,19,Shanghai,McLaren
20,2,ALO,21,0,8,8,11,0,63,37.8,19.9,0.0,1.4,22.9,1018.2,86.0,M,20,Shanghai,McLaren
21,2,ALO,22,0,8,8,11,0,51,37.6,19.8,0.0,2.4,22.9,1018.0,78.0,M,21,Shanghai,McLaren
22,2,ALO,23,0,8,8,11,0,53,37.1,19.4,0.0,3.5,23.5,1017.9,81.0,M,22,Shanghai,McLaren
23,2,ALO,24,0,8,8,11,0,53,36.0,19.6,0.0,2.7,23.2,1018.0,91.0,M,23,Shanghai,McLaren
24,2,ALO,25,0,8,7,11,0,52,34.5,19.9,0.0,1.4,23.3,1018.1,77.0,M,24,Shanghai,McLaren
25,2,ALO,26,0,7,7,11,0,52,34.2,20.0,0.0,2.3,23.3,1018.0,77.0,M,25,Shanghai,McLaren
26,2,ALO,27,0,7,7,11,0,52,33.9,20.0,0.0,2.5,22.8,1018.0,94.0,M,26,Shanghai,McLaren
27,2,ALO,28,0,7,7,11,0,53,33.5,19.7,0.0,0.7,22.7,1018.0,46.0,M,27,Shanghai,McLaren
28,2,ALO,29,0,7,8,11,0,54,33.4,19.7,0.0,1.3,23.4,1018.0,106.0,M,28,Shanghai,McLaren
29,2,ALO,30,1,8,13,11,0,54,33.4,19.6,0.0,0.7,23.3,1018.0,124.0,H,0,Shanghai,McLaren
30,2,ALO,31,2,13,13,11,0,55,32.9,19.6,0.0,1.0,23.2,1018.0,202.0,H,1,Shanghai,McLaren
31,2,ALO,32,2,13,10,11,0,54,35.0,19.5,0.0,1.7,23.5,1018.0,214.0,H,2,Shanghai,McLaren
32,2,ALO,33,2,10,10,11,0,54,35.0,19.1,0.0,2.1,24.0,1017.9,100.0,H,3,Shanghai,McLaren
33,2,ALO,34,2,10,10,11,0,52,36.3,18.9,0.0,2.3,25.3,1018.0,221.0,H,4,Shanghai,McLaren
34,2,ALO,35,2,10,9,11,0,50,37.0,19.0,0.0,2.3,24.9,1018.0,86.0,H,5,Shanghai,McLaren
35,2,ALO,36,0,9,9,11,0,49,37.0,19.2,0.0,1.6,24.1,1018.0,214.0,H,6,Shanghai,McLaren
36,2,ALO,37,0,9,9,11,0,49,38.0,19.1,0.0,2.0,24.7,1017.9,238.0,H,7,Shanghai,McLaren
37,2,ALO,38,0,9,9,11,0,49,38.0,19.1,0.0,1.9,24.9,1017.8,101.0,H,8,Shanghai,McLaren
38,2,ALO,39,0,9,9,11,0,49,38.0,19.2,0.0,1.5,24.9,1017.8,237.0,H,9,Shanghai,McLaren
39,2,ALO,40,0,9,9,11,0,49,38.0,19.2,0.0,1.5,24.9,1017.8,237.0,H,10,Shanghai,McLaren
40,2,ALO,41,0,9,9,11,0,51,38.0,19.6,0.0,1.2,24.9,1017.9,151.0,H,11,Shanghai,McLaren
41,2,ALO,42,0,9,9,11,0,51,37.5,19.4,0.0,2.1,25.1,1018.0,94.0,H,12,Shanghai,McLaren
42,2,ALO,43,1,9,9,11,0,51,37.5,19.5,0.0,3.4,25.2,1018.1,129.0,H,13,Shanghai,McLaren
43,2,ALO,44,0,9,9,11,0,51,37.5,19.3,0.0,2.1,25.5,1018.2,87.0,H,14,Shanghai,McLaren
44,2,ALO,45,0,9,9,11,0,51,37.5,19.6,0.0,3.1,25.1,1018.2,120.0,H,15,Shanghai,McLaren
45,2,ALO,46,0,9,9,11,0,51,37.5,19.4,0.0,2.7,25.1,1018.1,85.0,H,16,Shanghai,McLaren
46,2,ALO,47,0,9,9,11,0,52,37.0,19.6,0.0,1.9,25.7,1018.2,117.0,H,17,Shanghai,McLaren
47,2,ALO,48,0,9,8,11,0,52,37.0,19.7,0.0,1.7,25.4,1018.1,80.0,H,18,Shanghai,McLaren
48,2,ALO,49,0,8,8,11,0,53,37.0,19.9,0.0,1.8,24.9,1018.1,83.0,H,19,Shanghai,McLaren
49,2,ALO,50,0,8,8,11,0,53,37.0,19.9,0.0,2.4,25.2,1018.2,135.0,H,20,Shanghai,McLaren
50,2,ALO,51,0,8,8,11,0,54,36.5,19.4,0.0,2.8,25.6,1018.1,78.0,H,21,Shanghai,McLaren
51,2,ALO,52,0,8,8,11,0,54,36.5,19.6,0.0,3.3,25.2,1018.0,78.0,H,22,Shanghai,McLaren
52,2,ALO,53,0,8,8,11,0,54,36.5,19.5,0.0,3.2,25.5,1018.1,141.0,H,23,Shanghai,McLaren
53,2,ALO,54,0,8,8,11,0,54,36.5,19.4,0.0,1.6,26.1,1018.2,107.0,H,24,Shanghai,McLaren
54,2,ALO,55,0,8,7,11,0,53,36.5,19.6,0.0,2.2,25.6,1018.1,85.0,H,25,Shanghai,McLaren
55,2,ALO,56,0,7,7,11,0,54,28.3,19.1,1.0,0.8,26.8,1018.1,84.0,H,26,Shanghai,McLaren
0,2,VAN,1,0,16,16,16,0,,38.7,19.5,0.0,2.1,23.1,1018.3,60.0,M,0,Shanghai,McLaren
1,2,VAN,2,0,16,16,16,0,,38.0,19.7,0.0,2.4,23.1,1018.4,226.0,M,1,Shanghai,McLaren
2,2,VAN,3,0,16,16,16,0,,38.0,19.5,0.0,1.1,23.3,1018.3,0.0,M,2,Shanghai,McLaren
3,2,VAN,4,0,16,16,16,0,,38.1,19.8,0.0,1.2,22.6,1018.3,215.0,M,3,Shanghai,McLaren
4,2,VAN,5,0,16,15,16,0,,38.0,19.9,0.0,2.1,23.4,1018.4,85.0,M,4,Shanghai,McLaren
5,2,VAN,6,0,15,15,16,0,,37.9,20.2,0.0,1.1,22.6,1018.3,199.0,M,5,Shanghai,McLaren
6,2,VAN,7,0,15,15,16,0,,37.9,20.2,0.0,1.7,21.8,1018.3,252.0,M,6,Shanghai,McLaren
7,2,VAN,8,0,15,15,16,0,,38.2,19.5,0.0,1.8,23.0,1018.3,102.0,M,7,Shanghai,McLaren
8,2,VAN,9,0,15,15,16,0,,38.2,19.4,0.0,2.2,23.3,1018.3,143.0,M,8,Shanghai,McLaren
9,2,VAN,10,0,15,15,16,0,,37.9,19.4,0.0,1.5,23.4,1018.3,157.0,M,9,Shanghai,McLaren
10,2,VAN,11,0,15,15,16,0,,37.9,19.4,0.0,2.0,23.3,1018.4,190.0,M,10,Shanghai,McLaren
11,2,VAN,12,0,15,13,16,0,,37.6,19.2,0.0,2.3,23.7,1018.3,95.0,M,11,Shanghai,McLaren
12,2,VAN,13,0,13,12,16,0,,37.6,19.3,0.0,1.1,23.5,1018.3,98.0,M,12,Shanghai,McLaren
13,2,VAN,14,0,12,11,16,0,,37.6,19.3,0.0,1.5,24.3,1018.3,139.0,M,13,Shanghai,McLaren
14,2,VAN,15,0,11,11,16,0,,37.7,19.3,0.0,2.6,23.9,1018.3,107.0,M,14,Shanghai,McLaren
15,2,VAN,16,0,11,11,16,0,,37.4,19.3,0.0,1.2,23.7,1018.1,117.0,M,15,Shanghai,McLaren
16,2,VAN,17,0,11,10,16,0,,37.6,19.3,0.0,0.8,24.1,1018.1,165.0,M,16,Shanghai,McLaren
17,2,VAN,18,0,10,10,16,0,,37.6,19.3,0.0,1.3,23.8,1018.2,77.0,M,17,Shanghai,McLaren
18,2,VAN,19,0,10,10,16,0,,37.5,19.2,0.0,1.3,24.4,1018.1,68.0,M,18,Shanghai,McLaren
19,2,VAN,20,0,10,10,16,0,,37.5,19.4,0.0,2.9,24.3,1018.1,191.0,M,19,Shanghai,McLaren
20,2,VAN,21,0,10,11,16,0,90,37.6,19.4,0.0,1.7,23.8,1018.2,271.0,M,20,Shanghai,McLaren
21,2,VAN,22,0,11,12,16,0,74,37.7,19.6,0.0,1.4,24.1,1018.1,233.0,M,21,Shanghai,McLaren
22,2,VAN,23,0,12,17,16,0,67,37.8,19.6,0.0,2.3,23.9,1018.1,283.0,H,0,Shanghai,McLaren
23,2,VAN,24,0,17,16,16,0,71,37.7,19.8,0.0,1.8,23.5,1018.2,79.0,H,1,Shanghai,McLaren
24,2,VAN,25,0,16,16,16,0,72,37.6,19.8,0.0,2.4,22.9,1018.0,78.0,H,2,Shanghai,McLaren
25,2,VAN,26,0,16,15,16,0,71,37.1,19.6,0.0,3.1,23.3,1018.0,76.0,H,3,Shanghai,McLaren
26,2,VAN,27,0,15,15,16,0,72,36.0,19.6,0.0,2.7,23.2,1018.0,91.0,H,4,Shanghai,McLaren
27,2,VAN,28,0,15,15,16,0,73,33.9,20.0,0.0,2.5,22.8,1018.0,94.0,H,5,Shanghai,McLaren
28,2,VAN,29,0,15,14,16,0,75,33.5,19.7,0.0,0.7,22.7,1018.0,46.0,H,6,Shanghai,McLaren
29,2,VAN,30,1,14,14,16,0,76,33.4,19.7,0.0,1.3,23.4,1018.0,106.0,H,7,Shanghai,McLaren
30,2,VAN,31,2,14,14,16,0,77,32.9,19.6,0.0,1.0,23.2,1018.0,202.0,H,8,Shanghai,McLaren
31,2,VAN,32,2,14,13,16,0,77,35.0,19.5,0.0,1.7,23.5,1018.0,214.0,H,9,Shanghai,McLaren
32,2,VAN,33,2,13,12,16,0,79,35.0,19.4,0.0,2.1,24.1,1018.0,207.0,H,10,Shanghai,McLaren
33,2,VAN,34,2,12,12,16,0,76,35.0,19.0,0.0,1.7,24.2,1017.9,207.0,H,11,Shanghai,McLaren
34,2,VAN,35,2,12,12,16,0,71,36.3,18.8,0.0,1.5,24.9,1018.0,251.0,H,12,Shanghai,McLaren
35,2,VAN,36,0,12,14,16,0,69,37.0,19.0,0.0,2.3,24.9,1018.0,86.0,H,13,Shanghai,McLaren
36,2,VAN,37,0,14,14,16,0,68,37.0,19.2,0.0,2.2,24.8,1018.1,242.0,H,14,Shanghai,McLaren
37,2,VAN,38,0,14,14,16,0,68,37.0,19.2,0.0,1.6,24.1,1018.0,214.0,H,15,Shanghai,McLaren
38,2,VAN,39,0,14,14,16,0,68,38.0,19.1,0.0,1.9,24.9,1017.8,101.0,H,16,Shanghai,McLaren
39,2,VAN,40,0,14,14,16,0,68,38.0,19.2,0.0,1.5,24.9,1017.8,237.0,H,17,Shanghai,McLaren
40,2,VAN,41,0,14,14,16,0,68,38.0,19.3,0.0,2.0,26.2,1017.8,87.0,H,18,Shanghai,McLaren
41,2,VAN,42,0,14,14,16,0,68,38.0,19.4,0.0,1.8,25.6,1018.0,156.0,H,19,Shanghai,McLaren
42,2,VAN,43,1,14,14,16,0,68,37.5,19.5,0.0,2.4,25.2,1018.1,78.0,H,20,Shanghai,McLaren
43,2,VAN,44,0,14,14,16,0,67,37.5,19.4,0.0,2.7,25.1,1018.1,85.0,H,21,Shanghai,McLaren
44,2,VAN,45,0,14,14,16,0,67,37.0,19.2,0.0,2.2,25.5,1018.1,158.0,H,22,Shanghai,McLaren
45,2,VAN,46,0,14,13,16,0,67,37.0,19.2,0.0,1.1,25.5,1018.1,62.0,H,23,Shanghai,McLaren
46,2,VAN,47,0,13,13,16,0,67,37.0,19.8,0.0,1.2,24.9,1018.1,53.0,H,24,Shanghai,McLaren
47,2,VAN,48,0,13,13,16,0,67,37.0,19.9,0.0,1.8,24.9,1018.1,83.0,H,25,Shanghai,McLaren
48,2,VAN,49,0,13,13,16,0,67,37.0,19.9,0.0,2.4,25.2,1018.2,135.0,H,26,Shanghai,McLaren
49,2,VAN,50,0,13,13,16,0,67,36.5,19.7,0.0,2.2,25.1,1018.1,65.0,H,27,Shanghai,McLaren
50,2,VAN,51,0,13,13,16,0,67,36.5,19.6,0.0,3.3,25.2,1018.0,78.0,H,28,Shanghai,McLaren
51,2,VAN,52,0,13,13,16,0,67,36.5,19.5,0.0,3.2,25.5,1018.1,141.0,H,29,Shanghai,McLaren
52,2,VAN,53,0,13,13,16,0,67,36.5,19.6,0.0,2.2,25.6,1018.1,85.0,H,30,Shanghai,McLaren
53,2,VAN,54,0,13,13,16,0,66,36.5,19.6,0.0,2.0,25.6,1018.1,80.0,H,31,Shanghai,McLaren
54,2,VAN,55,0,13,13,16,0,66,36.5,19.4,0.0,0.9,25.8,1018.1,118.0,H,32,Shanghai,McLaren
55,2,VAN,56,0,13,13,16,0,66,28.3,19.1,1.0,0.8,26.8,1018.1,84.0,H,33,Shanghai,McLaren
0,2,HAR,1,0,17,17,17,0,,38.7,19.5,0.0,2.1,23.1,1018.3,60.0,S,0,Shanghai,Toro Rosso
1,2,HAR,2,0,17,18,17,0,,38.3,19.8,0.0,1.4,23.4,1018.4,109.0,S,1,Shanghai,Toro Rosso
2,2,HAR,3,0,18,18,17,0,,38.2,19.6,0.0,1.7,23.5,1018.4,96.0,S,2,Shanghai,Toro Rosso
3,2,HAR,4,0,18,19,17,0,,38.0,19.7,0.0,2.4,23.1,1018.4,226.0,S,3,Shanghai,Toro Rosso
4,2,HAR,5,0,19,19,17,0,,38.0,19.5,0.0,1.1,23.3,1018.3,0.0,S,4,Shanghai,Toro Rosso
5,2,HAR,6,0,19,19,17,0,,38.1,19.8,0.0,1.0,22.9,1018.3,241.0,S,5,Shanghai,Toro Rosso
6,2,HAR,7,0,19,19,17,0,,38.1,19.8,0.0,1.2,22.6,1018.3,215.0,S,6,Shanghai,Toro Rosso
7,2,HAR,8,0,19,19,17,0,,37.9,20.2,0.0,1.1,22.6,1018.3,199.0,S,7,Shanghai,Toro Rosso
8,2,HAR,9,0,19,19,17,0,,38.0,20.0,0.0,1.9,21.3,1018.3,239.0,S,8,Shanghai,Toro Rosso
9,2,HAR,10,0,19,20,17,0,,37.9,19.4,0.0,1.5,22.7,1018.3,263.0,S,9,Shanghai,Toro Rosso
10,2,HAR,11,0,20,20,17,0,,38.2,19.5,0.0,1.8,23.0,1018.3,102.0,H,0,Shanghai,Toro Rosso
11,2,HAR,12,0,20,20,17,0,,37.9,19.4,0.0,1.5,23.4,1018.3,157.0,H,1,Shanghai,Toro Rosso
12,2,HAR,13,0,20,20,17,0,,37.9,19.4,0.0,2.0,23.3,1018.4,190.0,H,2,Shanghai,Toro Rosso
13,2,HAR,14,0,20,20,17,0,,37.6,19.4,0.0,1.7,24.3,1018.3,95.0,H,3,Shanghai,Toro Rosso
14,2,HAR,15,0,20,20,17,0,,37.6,19.2,0.0,2.1,23.7,1018.2,74.0,H,4,Shanghai,Toro Rosso
15,2,HAR,16,0,20,20,17,0,,37.4,19.1,0.0,1.2,24.0,1018.2,86.0,H,5,Shanghai,Toro Rosso
16,2,HAR,17,0,20,20,17,0,,37.6,19.3,0.0,0.8,24.1,1018.1,165.0,H,6,Shanghai,Toro Rosso
17,2,HAR,18,0,20,20,17,0,,37.6,19.3,0.0,1.3,23.8,1018.2,77.0,H,7,Shanghai,Toro Rosso
18,2,HAR,19,0,20,20,17,0,,37.5,19.2,0.0,1.3,24.4,1018.1,68.0,H,8,Shanghai,Toro Rosso
19,2,HAR,20,0,20,20,17,0,,37.6,19.5,0.0,1.6,23.6,1018.1,278.0,H,9,Shanghai,Toro Rosso
20,2,HAR,21,0,20,19,17,0,56,37.5,19.4,0.0,2.9,24.3,1018.1,191.0,H,10,Shanghai,Toro Rosso
21,2,HAR,22,0,19,18,17,0,65,37.8,19.9,0.0,1.4,22.9,1018.2,86.0,H,11,Shanghai,Toro Rosso
22,2,HAR,23,0,18,18,17,0,65,37.7,19.8,0.0,1.8,23.5,1018.2,79.0,H,12,Shanghai,Toro Rosso
23,2,HAR,24,0,18,18,17,0,64,37.6,19.8,0.0,2.4,22.9,1018.0,78.0,H,13,Shanghai,Toro Rosso
24,2,HAR,25,0,18,18,17,0,63,37.1,19.6,0.0,3.1,23.3,1018.0,76.0,H,14,Shanghai,Toro Rosso
25,2,HAR,26,0,18,18,17,0,62,35.2,19.9,0.0,2.0,23.1,1018.0,38.0,H,15,Shanghai,Toro Rosso
26,2,HAR,27,0,18,18,17,0,62,34.5,19.9,0.0,1.4,23.3,1018.1,77.0,H,16,Shanghai,Toro Rosso
27,2,HAR,28,0,18,18,17,0,61,33.9,20.0,0.0,2.5,22.8,1018.0,94.0,H,17,Shanghai,Toro Rosso
28,2,HAR,29,0,18,19,17,0,60,35.0,19.5,0.0,1.7,23.5,1018.0,214.0,H,18,Shanghai,Toro Rosso
29,2,HAR,30,1,19,19,17,0,56,35.0,19.1,0.0,2.1,24.0,1017.9,100.0,H,19,Shanghai,Toro Rosso
30,2,HAR,31,2,19,20,17,0,59,35.0,19.0,0.0,1.8,24.6,1017.9,234.0,M,0,Shanghai,Toro Rosso
31,2,HAR,32,2,20,20,17,0,57,36.3,18.8,0.0,1.5,24.9,1018.0,251.0,M,1,Shanghai,Toro Rosso
32,2,HAR,33,2,20,20,17,0,48,38.0,19.1,0.0,1.9,24.9,1017.8,101.0,M,2,Shanghai,Toro Rosso
33,2,HAR,34,2,20,20,17,0,53,38.0,19.2,0.0,1.5,24.9,1017.8,237.0,M,3,Shanghai,Toro Rosso
34,2,HAR,35,2,20,20,17,0,59,38.0,19.2,0.0,1.5,24.9,1017.8,237.0,M,4,Shanghai,Toro Rosso
35,2,HAR,36,0,20,20,17,0,60,38.0,19.3,0.0,2.0,26.2,1017.8,87.0,M,5,Shanghai,Toro Rosso
36,2,HAR,37,0,20,20,17,0,60,38.0,19.4,0.0,1.8,25.6,1018.0,156.0,M,6,Shanghai,Toro Rosso
37,2,HAR,38,0,20,20,17,0,60,38.0,19.6,0.0,1.2,24.9,1017.9,151.0,M,7,Shanghai,Toro Rosso
38,2,HAR,39,0,20,20,17,0,59,38.0,19.6,0.0,2.2,24.8,1017.9,128.0,M,8,Shanghai,Toro Rosso
39,2,HAR,40,0,20,20,17,0,59,37.5,19.5,0.0,3.4,25.2,1018.1,129.0,M,9,Shanghai,Toro Rosso
40,2,HAR,41,0,20,20,17,0,59,37.5,19.6,0.0,3.1,25.1,1018.2,120.0,M,10,Shanghai,Toro Rosso
41,2,HAR,42,0,20,20,17,0,58,37.5,19.3,0.0,1.9,25.1,1018.1,115.0,M,11,Shanghai,Toro Rosso
42,2,HAR,43,1,20,20,17,0,58,37.0,19.2,0.0,1.1,25.5,1018.1,62.0,M,12,Shanghai,Toro Rosso
43,2,HAR,44,0,20,20,17,0,57,37.0,19.9,0.0,1.8,24.9,1018.1,83.0,M,13,Shanghai,Toro Rosso
44,2,HAR,45,0,20,20,17,0,57,37.0,19.9,0.0,2.4,25.2,1018.2,135.0,M,14,Shanghai,Toro Rosso
45,2,HAR,46,0,20,20,17,0,57,36.5,19.6,0.0,2.1,24.9,1018.1,66.0,M,15,Shanghai,Toro Rosso
46,2,HAR,47,0,20,19,17,0,57,36.5,19.4,0.0,2.8,25.6,1018.1,78.0,M,16,Shanghai,Toro Rosso
47,2,HAR,48,0,19,20,17,0,56,36.5,19.6,0.0,3.3,25.2,1018.0,78.0,M,17,Shanghai,Toro Rosso
48,2,HAR,49,0,20,20,17,0,56,36.5,19.4,0.0,1.6,26.1,1018.2,107.0,M,18,Shanghai,Toro Rosso
49,2,HAR,50,0,20,20,17,0,56,36.5,19.6,0.0,2.2,25.6,1018.1,85.0,M,19,Shanghai,Toro Rosso
50,2,HAR,51,0,20,20,17,0,55,36.5,19.6,0.0,2.0,25.6,1018.1,80.0,M,20,Shanghai,Toro Rosso
0,2,SIR,1,0,15,15,15,0,,38.7,19.5,0.0,2.1,23.1,1018.3,60.0,M,0,Shanghai,Williams
1,2,SIR,2,0,15,15,15,0,,38.6,19.6,0.0,3.1,23.4,1018.4,48.0,M,1,Shanghai,Williams
2,2,SIR,3,0,15,15,15,0,,38.5,19.6,0.0,1.3,23.6,1018.3,35.0,M,2,Shanghai,Williams
3,2,SIR,4,0,15,15,15,0,,38.0,19.7,0.0,2.4,23.1,1018.4,226.0,M,3,Shanghai,Williams
4,2,SIR,5,0,15,16,15,0,,38.1,19.8,0.0,1.0,22.9,1018.3,241.0,M,4,Shanghai,Williams
5,2,SIR,6,0,16,16,15,0,,37.9,19.4,0.0,0.9,22.8,1018.3,77.0,M,5,Shanghai,Williams
6,2,SIR,7,0,16,16,15,0,,38.2,19.4,0.0,2.2,23.3,1018.3,143.0,M,6,Shanghai,Williams
7,2,SIR,8,0,16,16,15,0,,37.9,19.4,0.0,1.5,23.4,1018.3,157.0,M,7,Shanghai,Williams
8,2,SIR,9,0,16,16,15,0,,37.9,19.4,0.0,1.9,22.9,1018.3,200.0,M,8,Shanghai,Williams
9,2,SIR,10,0,16,16,15,0,,37.6,19.2,0.0,2.3,23.7,1018.3,95.0,M,9,Shanghai,Williams
10,2,SIR,11,0,16,16,15,0,,37.6,19.3,0.0,1.5,24.3,1018.3,139.0,M,10,Shanghai,Williams
11,2,SIR,12,0,16,14,15,0,,37.6,19.4,0.0,1.7,24.3,1018.3,95.0,M,11,Shanghai,Williams
12,2,SIR,13,0,14,13,15,0,,37.6,19.2,0.0,2.1,23.7,1018.2,74.0,M,12,Shanghai,Williams
13,2,SIR,14,0,13,12,15,0,,37.4,19.3,0.0,1.2,23.7,1018.1,117.0,M,13,Shanghai,Williams
14,2,SIR,15,0,12,12,15,0,,37.6,19.3,0.0,0.8,24.1,1018.1,165.0,M,14,Shanghai,Williams
15,2,SIR,16,0,12,12,15,0,,37.7,19.3,0.0,1.9,23.5,1018.1,63.0,M,15,Shanghai,Williams
16,2,SIR,17,0,12,12,15,0,,37.5,19.2,0.0,1.3,24.4,1018.1,68.0,M,16,Shanghai,Williams
17,2,SIR,18,0,12,12,15,0,,37.5,19.4,0.0,2.9,24.3,1018.1,191.0,M,17,Shanghai,Williams
18,2,SIR,19,0,12,12,15,0,,37.6,19.4,0.0,1.7,23.8,1018.2,271.0,M,18,Shanghai,Williams
19,2,SIR,20,0,12,13,15,0,,37.7,19.6,0.0,1.4,24.1,1018.1,233.0,M,19,Shanghai,Williams
20,2,SIR,21,0,13,13,15,0,48,37.8,19.6,0.0,2.3,23.9,1018.1,283.0,M,20,Shanghai,Williams
21,2,SIR,22,0,13,13,15,0,52,37.8,19.9,0.0,1.4,22.9,1018.2,86.0,M,21,Shanghai,Williams
22,2,SIR,23,0,13,12,15,0,50,37.7,19.8,0.0,1.8,23.5,1018.2,79.0,M,22,Shanghai,Williams
23,2,SIR,24,0,12,11,15,0,49,37.1,19.4,0.0,3.5,23.5,1017.9,81.0,M,23,Shanghai,Williams
24,2,SIR,25,0,11,13,15,0,48,35.3,19.7,0.0,1.8,23.5,1018.0,70.0,M,24,Shanghai,Williams
25,2,SIR,26,0,13,14,15,0,46,34.5,19.9,0.0,1.4,23.3,1018.1,77.0,M,25,Shanghai,Williams
26,2,SIR,27,0,14,14,15,0,46,34.2,20.0,0.0,2.3,23.3,1018.0,77.0,M,26,Shanghai,Williams
27,2,SIR,28,0,14,14,15,0,47,33.9,20.0,0.0,2.5,22.8,1018.0,94.0,M,27,Shanghai,Williams
28,2,SIR,29,0,14,18,15,0,47,33.4,19.7,0.0,1.3,23.4,1018.0,106.0,H,0,Shanghai,Williams
29,2,SIR,30,1,18,17,15,0,47,35.0,19.4,0.0,2.1,24.1,1018.0,207.0,H,1,Shanghai,Williams
30,2,SIR,31,2,17,17,15,0,51,35.0,19.1,0.0,2.1,24.0,1017.9,100.0,H,2,Shanghai,Williams
31,2,SIR,32,2,17,16,15,0,52,35.0,19.0,0.0,1.7,24.2,1017.9,207.0,H,3,Shanghai,Williams
32,2,SIR,33,2,16,16,15,0,53,37.0,19.0,0.0,2.3,24.9,1018.0,86.0,H,4,Shanghai,Williams
33,2,SIR,34,2,16,17,15,0,53,37.0,19.2,0.0,1.6,24.1,1018.0,214.0,M,1,Shanghai,Williams
34,2,SIR,35,2,17,17,15,0,53,38.0,19.1,0.0,2.0,24.7,1017.9,238.0,M,2,Shanghai,Williams
35,2,SIR,36,0,17,17,15,0,51,38.0,19.1,0.0,1.9,24.9,1017.8,101.0,M,3,Shanghai,Williams
36,2,SIR,37,0,17,17,15,0,50,38.0,19.2,0.0,1.5,24.9,1017.8,237.0,M,4,Shanghai,Williams
37,2,SIR,38,0,17,17,15,0,49,38.0,19.2,0.0,1.5,24.9,1017.8,237.0,M,5,Shanghai,Williams
38,2,SIR,39,0,17,17,15,0,49,38.0,19.6,0.0,1.2,24.9,1017.9,151.0,M,6,Shanghai,Williams
39,2,SIR,40,0,17,17,15,0,49,37.5,19.4,0.0,2.1,25.1,1018.0,94.0,M,7,Shanghai,Williams
40,2,SIR,41,0,17,17,15,0,50,37.5,19.5,0.0,3.4,25.2,1018.1,129.0,M,8,Shanghai,Williams
41,2,SIR,42,0,17,17,15,0,49,37.5,19.3,0.0,2.1,25.5,1018.2,87.0,M,9,Shanghai,Williams
42,2,SIR,43,1,17,17,15,0,50,37.5,19.5,0.0,2.4,25.2,1018.1,78.0,M,10,Shanghai,Williams
43,2,SIR,44,0,17,17,15,0,50,37.5,19.4,0.0,2.7,25.1,1018.1,85.0,M,11,Shanghai,Williams
44,2,SIR,45,0,17,17,15,0,50,37.0,19.3,0.0,1.7,26.1,1018.1,152.0,M,12,Shanghai,Williams
45,2,SIR,46,0,17,17,15,0,49,37.0,19.6,0.0,1.9,25.7,1018.2,117.0,M,13,Shanghai,Williams
46,2,SIR,47,0,17,16,15,0,49,37.0,19.7,0.0,1.7,25.4,1018.1,80.0,M,14,Shanghai,Williams
47,2,SIR,48,0,16,16,15,0,49,37.0,19.9,0.0,1.8,24.9,1018.1,83.0,M,15,Shanghai,Williams
48,2,SIR,49,0,16,16,15,0,49,36.5,19.6,0.0,2.1,24.9,1018.1,66.0,M,16,Shanghai,Williams
49,2,SIR,50,0,16,16,15,0,49,36.5,19.4,0.0,2.8,25.6,1018.1,78.0,M,17,Shanghai,Williams
50,2,SIR,51,0,16,16,15,0,49,36.5,19.6,0.0,3.3,25.2,1018.0,78.0,M,18,Shanghai,Williams
51,2,SIR,52,0,16,16,15,0,49,36.5,19.4,0.0,1.6,26.1,1018.2,107.0,M,19,Shanghai,Williams
52,2,SIR,53,0,16,16,15,0,49,36.5,19.6,0.0,2.2,25.6,1018.1,85.0,M,20,Shanghai,Williams
53,2,SIR,54,0,16,16,15,0,48,36.5,19.6,0.0,2.0,25.6,1018.1,80.0,M,21,Shanghai,Williams
54,2,SIR,55,0,16,16,15,0,48,36.5,19.2,0.0,1.2,27.0,1018.1,152.0,M,22,Shanghai,Williams
55,2,SIR,56,0,16,15,15,0,49,28.3,19.1,1.0,0.8,26.8,1018.1,84.0,M,23,Shanghai,Williams
0,2,GAS,1,0,19,19,19,0,,38.7,19.5,0.0,2.1,23.1,1018.3,60.0,H,0,Shanghai,Toro Rosso
1,2,GAS,2,0,19,19,19,0,,38.3,19.8,0.0,1.4,23.4,1018.4,109.0,H,1,Shanghai,Toro Rosso
2,2,GAS,3,0,19,19,19,0,,38.0,19.7,0.0,2.4,23.1,1018.4,226.0,H,2,Shanghai,Toro Rosso
3,2,GAS,4,0,19,18,19,0,,38.0,19.5,0.0,1.1,23.3,1018.3,0.0,H,3,Shanghai,Toro Rosso
4,2,GAS,5,0,18,18,19,0,,38.1,19.8,0.0,1.2,22.6,1018.3,215.0,H,4,Shanghai,Toro Rosso
5,2,GAS,6,0,18,18,19,0,,38.0,20.0,0.0,1.9,21.3,1018.3,239.0,H,5,Shanghai,Toro Rosso
6,2,GAS,7,0,18,18,19,0,,37.9,19.4,0.0,1.5,22.7,1018.3,263.0,H,6,Shanghai,Toro Rosso
7,2,GAS,8,0,18,18,19,0,,37.9,19.4,0.0,0.9,22.8,1018.3,77.0,H,7,Shanghai,Toro Rosso
8,2,GAS,9,0,18,18,19,0,,38.2,19.5,0.0,1.8,23.0,1018.3,102.0,H,8,Shanghai,Toro Rosso
9,2,GAS,10,0,18,18,19,0,,38.2,19.4,0.0,2.2,23.3,1018.3,143.0,H,9,Shanghai,Toro Rosso
10,2,GAS,11,0,18,18,19,0,,37.9,19.4,0.0,1.5,23.4,1018.3,157.0,H,10,Shanghai,Toro Rosso
11,2,GAS,12,0,18,17,19,0,,37.9,19.3,0.0,1.7,22.7,1018.3,80.0,H,11,Shanghai,Toro Rosso
12,2,GAS,13,0,17,15,19,0,,37.9,19.4,0.0,1.9,22.9,1018.3,200.0,H,12,Shanghai,Toro Rosso
13,2,GAS,14,0,15,15,19,0,,37.6,19.3,0.0,1.1,23.5,1018.3,98.0,H,13,Shanghai,Toro Rosso
14,2,GAS,15,0,15,16,19,0,,37.6,19.3,0.0,1.5,24.3,1018.3,139.0,H,14,Shanghai,Toro Rosso
15,2,GAS,16,0,16,16,19,0,,37.6,19.4,0.0,1.7,24.3,1018.3,95.0,H,15,Shanghai,Toro Rosso
16,2,GAS,17,0,16,16,19,0,,37.6,19.2,0.0,2.1,23.7,1018.2,74.0,H,16,Shanghai,Toro Rosso
17,2,GAS,18,0,16,17,19,0,,37.4,19.1,0.0,1.2,24.0,1018.2,86.0,H,17,Shanghai,Toro Rosso
18,2,GAS,19,0,17,18,19,0,,37.6,19.3,0.0,0.8,24.1,1018.1,165.0,H,18,Shanghai,Toro Rosso
19,2,GAS,20,0,18,19,19,0,,37.7,19.3,0.0,1.9,23.5,1018.1,63.0,H,19,Shanghai,Toro Rosso
20,2,GAS,21,0,19,20,19,0,50,37.8,19.9,0.0,1.4,22.9,1018.2,86.0,M,0,Shanghai,Toro Rosso
21,2,GAS,22,0,20,19,19,0,67,37.6,19.8,0.0,2.4,22.9,1018.0,78.0,M,1,Shanghai,Toro Rosso
22,2,GAS,23,0,19,19,19,0,65,37.1,19.6,0.0,3.1,23.3,1018.0,76.0,M,2,Shanghai,Toro Rosso
23,2,GAS,24,0,19,19,19,0,63,35.3,19.7,0.0,1.8,23.5,1018.0,70.0,M,3,Shanghai,Toro Rosso
24,2,GAS,25,0,19,19,19,0,62,34.5,19.9,0.0,1.4,23.3,1018.1,77.0,M,4,Shanghai,Toro Rosso
25,2,GAS,26,0,19,19,19,0,61,34.2,20.0,0.0,2.3,23.3,1018.0,77.0,M,5,Shanghai,Toro Rosso
26,2,GAS,27,0,19,19,19,0,61,33.9,20.0,0.0,2.5,22.8,1018.0,94.0,M,6,Shanghai,Toro Rosso
27,2,GAS,28,0,19,19,19,0,61,33.5,19.7,0.0,0.7,22.7,1018.0,46.0,M,7,Shanghai,Toro Rosso
28,2,GAS,29,0,19,17,19,0,61,33.4,19.6,0.0,0.7,23.3,1018.0,124.0,M,8,Shanghai,Toro Rosso
29,2,GAS,30,1,17,16,19,0,61,35.0,19.1,0.0,2.1,24.0,1017.9,100.0,M,9,Shanghai,Toro Rosso
30,2,GAS,31,2,16,16,19,0,67,35.0,19.0,0.0,1.8,24.6,1017.9,234.0,M,10,Shanghai,Toro Rosso
31,2,GAS,32,2,16,17,19,0,73,35.0,19.0,0.0,1.7,24.2,1017.9,207.0,S,0,Shanghai,Toro Rosso
32,2,GAS,33,2,17,17,19,0,73,37.0,19.0,0.0,2.3,24.9,1018.0,86.0,S,1,Shanghai,Toro Rosso
33,2,GAS,34,2,17,16,19,0,74,37.0,19.2,0.0,1.6,24.1,1018.0,214.0,S,2,Shanghai,Toro Rosso
34,2,GAS,35,2,16,16,19,0,72,37.0,19.2,0.0,1.3,24.9,1018.0,287.0,S,3,Shanghai,Toro Rosso
35,2,GAS,36,0,16,16,19,0,69,38.0,19.1,0.0,2.0,24.7,1017.9,238.0,S,4,Shanghai,Toro Rosso
36,2,GAS,37,0,16,16,19,0,67,38.0,19.2,0.0,1.5,24.9,1017.8,237.0,S,5,Shanghai,Toro Rosso
37,2,GAS,38,0,16,16,19,0,66,38.0,19.3,0.0,2.0,26.2,1017.8,87.0,S,6,Shanghai,Toro Rosso
38,2,GAS,39,0,16,16,19,0,65,38.0,19.4,0.0,1.6,25.3,1017.9,66.0,S,7,Shanghai,Toro Rosso
39,2,GAS,40,0,16,16,19,0,64,38.0,19.6,0.0,1.2,24.9,1017.9,151.0,S,8,Shanghai,Toro Rosso
40,2,GAS,41,0,16,16,19,0,65,37.5,19.4,0.0,2.1,25.1,1018.0,94.0,S,9,Shanghai,Toro Rosso
41,2,GAS,42,0,16,16,19,0,64,37.5,19.5,0.0,2.4,25.2,1018.1,78.0,S,10,Shanghai,Toro Rosso
42,2,GAS,43,1,16,16,19,0,64,37.5,19.6,0.0,3.1,25.1,1018.2,120.0,S,11,Shanghai,Toro Rosso
43,2,GAS,44,0,16,16,19,0,63,37.5,19.3,0.0,1.9,25.1,1018.1,115.0,S,12,Shanghai,Toro Rosso
44,2,GAS,45,0,16,16,19,0,63,37.0,19.2,0.0,1.1,25.5,1018.1,62.0,S,13,Shanghai,Toro Rosso
45,2,GAS,46,0,16,16,19,0,63,37.0,19.7,0.0,1.7,25.4,1018.1,80.0,S,14,Shanghai,Toro Rosso
46,2,GAS,47,0,16,15,19,0,63,37.0,19.9,0.0,1.8,24.9,1018.1,83.0,S,15,Shanghai,Toro Rosso
47,2,GAS,48,0,15,15,19,0,62,37.0,19.9,0.0,2.4,25.2,1018.2,135.0,S,16,Shanghai,Toro Rosso
48,2,GAS,49,0,15,15,19,0,62,36.5,19.6,0.0,2.1,24.9,1018.1,66.0,S,17,Shanghai,Toro Rosso
49,2,GAS,50,0,15,15,19,0,62,36.5,19.5,0.0,3.2,25.5,1018.1,141.0,S,18,Shanghai,Toro Rosso
50,2,GAS,51,0,15,15,19,0,62,36.5,19.4,0.0,1.6,26.1,1018.2,107.0,S,19,Shanghai,Toro Rosso
51,2,GAS,52,0,15,15,19,0,61,36.5,19.6,0.0,2.2,25.6,1018.1,85.0,S,20,Shanghai,Toro Rosso
52,2,GAS,53,0,15,15,19,0,61,36.5,19.6,0.0,2.0,25.6,1018.1,80.0,S,21,Shanghai,Toro Rosso
53,2,GAS,54,0,15,15,19,0,61,36.5,19.6,0.0,1.1,25.6,1018.1,120.0,S,22,Shanghai,Toro Rosso
54,2,GAS,55,0,15,15,19,0,61,36.5,19.2,0.0,1.2,27.0,1018.1,152.0,S,23,Shanghai,Toro Rosso
55,2,GAS,56,0,15,15,19,0,61,28.3,19.1,1.0,0.8,26.8,1018.1,84.0,S,24,Shanghai,Toro Rosso
0,2,STR,1,0,12,12,12,0,,38.6,19.6,0.0,3.1,23.4,1018.4,48.0,M,0,Shanghai,Williams
1,2,STR,2,0,12,12,12,0,,38.5,19.6,0.0,1.3,23.6,1018.3,35.0,M,1,Shanghai,Williams
2,2,STR,3,0,12,12,12,0,,38.2,19.6,0.0,1.7,23.5,1018.4,96.0,M,2,Shanghai,Williams
3,2,STR,4,0,12,12,12,0,,38.0,19.5,0.0,1.1,23.3,1018.3,0.0,M,3,Shanghai,Williams
4,2,STR,5,0,12,12,12,0,,38.1,19.8,0.0,1.2,22.6,1018.3,215.0,M,4,Shanghai,Williams
5,2,STR,6,0,12,13,12,0,,38.0,19.9,0.0,2.1,23.4,1018.4,85.0,M,5,Shanghai,Williams
6,2,STR,7,0,13,13,12,0,,37.9,20.2,0.0,1.1,22.6,1018.3,199.0,M,6,Shanghai,Williams
7,2,STR,8,0,13,13,12,0,,37.9,20.2,0.0,1.7,21.8,1018.3,252.0,M,7,Shanghai,Williams
8,2,STR,9,0,13,13,12,0,,38.0,20.0,0.0,1.9,21.3,1018.3,239.0,M,8,Shanghai,Williams
9,2,STR,10,0,13,13,12,0,,38.2,19.4,0.0,2.2,23.3,1018.3,143.0,M,9,Shanghai,Williams
10,2,STR,11,0,13,13,12,0,,37.9,19.4,0.0,1.5,23.4,1018.3,157.0,M,10,Shanghai,Williams
11,2,STR,12,0,13,12,12,0,,37.9,19.4,0.0,2.0,23.3,1018.4,190.0,M,11,Shanghai,Williams
12,2,STR,13,0,12,11,12,0,,37.9,19.3,0.0,1.7,22.7,1018.3,80.0,M,12,Shanghai,Williams
13,2,STR,14,0,11,10,12,0,,37.6,19.2,0.0,2.3,23.7,1018.3,95.0,M,13,Shanghai,Williams
14,2,STR,15,0,10,10,12,0,,37.6,19.3,0.0,1.1,23.5,1018.3,98.0,M,14,Shanghai,Williams
15,2,STR,16,0,10,10,12,0,,37.6,19.3,0.0,1.5,24.3,1018.3,139.0,M,15,Shanghai,Williams
16,2,STR,17,0,10,9,12,0,,37.7,19.3,0.0,2.6,23.9,1018.3,107.0,M,16,Shanghai,Williams
17,2,STR,18,0,9,9,12,0,,37.4,19.1,0.0,1.2,24.0,1018.2,86.0,M,17,Shanghai,Williams
18,2,STR,19,0,9,9,12,0,,37.4,19.3,0.0,1.2,23.7,1018.1,117.0,M,18,Shanghai,Williams
19,2,STR,20,0,9,9,12,0,,37.6,19.3,0.0,0.8,24.1,1018.1,165.0,M,19,Shanghai,Williams
20,2,STR,21,0,9,9,12,0,66,37.6,19.3,0.0,1.3,23.8,1018.2,77.0,M,20,Shanghai,Williams
21,2,STR,22,0,9,10,12,0,54,37.7,19.3,0.0,1.9,23.5,1018.1,63.0,M,21,Shanghai,Williams
22,2,STR,23,0,10,11,12,0,46,37.7,19.5,0.0,2.2,24.6,1018.2,82.0,M,22,Shanghai,Williams
23,2,STR,24,0,11,17,12,0,44,37.6,19.5,0.0,1.6,23.6,1018.1,278.0,H,0,Shanghai,Williams
24,2,STR,25,0,17,17,12,0,44,37.5,19.4,0.0,2.9,24.3,1018.1,191.0,H,1,Shanghai,Williams
25,2,STR,26,0,17,17,12,0,43,37.6,19.4,0.0,1.7,23.8,1018.2,271.0,H,2,Shanghai,Williams
26,2,STR,27,0,17,16,12,0,42,37.7,19.8,0.0,1.8,23.5,1018.2,79.0,H,3,Shanghai,Williams
27,2,STR,28,0,16,16,12,0,42,37.1,19.4,0.0,3.5,23.5,1017.9,81.0,H,4,Shanghai,Williams
28,2,STR,29,0,16,15,12,0,43,37.1,19.6,0.0,3.1,23.3,1018.0,76.0,H,5,Shanghai,Williams
29,2,STR,30,1,15,15,12,0,44,35.3,19.7,0.0,1.8,23.5,1018.0,70.0,H,6,Shanghai,Williams
30,2,STR,31,2,15,15,12,0,45,34.5,19.9,0.0,1.4,23.3,1018.1,77.0,H,7,Shanghai,Williams
31,2,STR,32,2,15,15,12,0,48,33.4,19.6,0.0,0.7,23.3,1018.0,124.0,H,8,Shanghai,Williams
32,2,STR,33,2,15,14,12,0,51,35.0,19.5,0.0,1.7,23.5,1018.0,214.0,H,9,Shanghai,Williams
33,2,STR,34,2,14,14,12,0,49,35.0,19.4,0.0,2.1,24.1,1018.0,207.0,H,10,Shanghai,Williams
34,2,STR,35,2,14,14,12,0,46,35.0,19.0,0.0,1.8,24.6,1017.9,234.0,H,11,Shanghai,Williams
35,2,STR,36,0,14,15,12,0,45,36.3,18.8,0.0,1.5,24.9,1018.0,251.0,H,12,Shanghai,Williams
36,2,STR,37,0,15,15,12,0,44,36.3,18.9,0.0,2.3,25.3,1018.0,221.0,H,13,Shanghai,Williams
37,2,STR,38,0,15,15,12,0,44,38.0,19.1,0.0,1.9,24.9,1017.8,101.0,H,14,Shanghai,Williams
38,2,STR,39,0,15,15,12,0,43,38.0,19.2,0.0,1.5,24.9,1017.8,237.0,H,15,Shanghai,Williams
39,2,STR,40,0,15,15,12,0,43,38.0,19.6,0.0,1.2,24.9,1017.9,151.0,H,16,Shanghai,Williams
40,2,STR,41,0,15,15,12,0,43,37.5,19.5,0.0,2.4,25.2,1018.1,78.0,H,17,Shanghai,Williams
41,2,STR,42,0,15,15,12,0,43,37.5,19.6,0.0,3.1,25.1,1018.2,120.0,H,18,Shanghai,Williams
42,2,STR,43,1,15,15,12,0,43,37.5,19.4,0.0,2.7,25.1,1018.1,85.0,H,19,Shanghai,Williams
43,2,STR,44,0,15,15,12,0,43,37.0,19.2,0.0,2.2,25.5,1018.1,158.0,H,20,Shanghai,Williams
44,2,STR,45,0,15,15,12,0,42,37.0,19.2,0.0,1.1,25.5,1018.1,62.0,H,21,Shanghai,Williams
45,2,STR,46,0,15,14,12,0,42,37.0,19.6,0.0,1.9,25.7,1018.2,117.0,H,22,Shanghai,Williams
46,2,STR,47,0,14,14,12,0,42,37.0,19.8,0.0,1.2,24.9,1018.1,53.0,H,23,Shanghai,Williams
47,2,STR,48,0,14,14,12,0,42,37.0,19.9,0.0,2.4,25.2,1018.2,135.0,H,24,Shanghai,Williams
48,2,STR,49,0,14,14,12,0,42,36.5,19.7,0.0,2.2,25.1,1018.1,65.0,H,25,Shanghai,Williams
49,2,STR,50,0,14,14,12,0,42,36.5,19.6,0.0,3.3,25.2,1018.0,78.0,H,26,Shanghai,Williams
50,2,STR,51,0,14,14,12,0,41,36.5,19.5,0.0,3.2,25.5,1018.1,141.0,H,27,Shanghai,Williams
51,2,STR,52,0,14,14,12,0,41,36.5,19.4,0.0,1.6,26.1,1018.2,107.0,H,28,Shanghai,Williams
52,2,STR,53,0,14,14,12,0,41,36.5,19.6,0.0,2.2,25.6,1018.1,85.0,H,29,Shanghai,Williams
53,2,STR,54,0,14,14,12,0,41,36.5,19.6,0.0,2.0,25.6,1018.1,80.0,H,30,Shanghai,Williams
54,2,STR,55,0,14,14,12,0,41,36.5,19.4,0.0,0.9,25.8,1018.1,118.0,H,31,Shanghai,Williams
55,2,STR,56,0,14,14,12,0,41,36.5,19.2,0.0,1.2,27.0,1018.1,152.0,H,32,Shanghai,Williams
0,2,LEC,1,0,18,18,18,0,,38.6,19.6,0.0,3.1,23.4,1018.4,48.0,M,0,Shanghai,Sauber
1,2,LEC,2,0,18,17,18,0,,38.5,19.6,0.0,1.3,23.6,1018.3,35.0,M,1,Shanghai,Sauber
2,2,LEC,3,0,17,17,18,0,,38.3,19.8,0.0,1.4,23.4,1018.4,109.0,M,2,Shanghai,Sauber
3,2,LEC,4,0,17,17,18,0,,38.0,19.5,0.0,1.1,23.3,1018.3,0.0,M,3,Shanghai,Sauber
4,2,LEC,5,0,17,17,18,0,,38.1,19.8,0.0,1.2,22.6,1018.3,215.0,M,4,Shanghai,Sauber
5,2,LEC,6,0,17,17,18,0,,37.9,20.2,0.0,1.1,22.6,1018.3,199.0,M,5,Shanghai,Sauber
6,2,LEC,7,0,17,17,18,0,,37.9,20.2,0.0,1.7,21.8,1018.3,252.0,M,6,Shanghai,Sauber
7,2,LEC,8,0,17,17,18,0,,38.0,20.0,0.0,1.9,21.3,1018.3,239.0,M,7,Shanghai,Sauber
8,2,LEC,9,0,17,17,18,0,,37.9,19.4,0.0,1.5,22.7,1018.3,263.0,M,8,Shanghai,Sauber
9,2,LEC,10,0,17,17,18,0,,37.9,19.4,0.0,0.9,22.8,1018.3,77.0,M,9,Shanghai,Sauber
10,2,LEC,11,0,17,17,18,0,,38.2,19.5,0.0,1.8,23.0,1018.3,102.0,M,10,Shanghai,Sauber
11,2,LEC,12,0,17,16,18,0,,38.2,19.4,0.0,2.2,23.3,1018.3,143.0,M,11,Shanghai,Sauber
12,2,LEC,13,0,16,14,18,0,,37.9,19.4,0.0,1.5,23.4,1018.3,157.0,M,12,Shanghai,Sauber
13,2,LEC,14,0,14,14,18,0,,37.9,19.4,0.0,2.0,23.3,1018.4,190.0,M,13,Shanghai,Sauber
14,2,LEC,15,0,14,14,18,0,,37.9,19.4,0.0,1.9,22.9,1018.3,200.0,M,14,Shanghai,Sauber
15,2,LEC,16,0,14,15,18,0,,37.6,19.3,0.0,1.1,23.5,1018.3,98.0,M,15,Shanghai,Sauber
16,2,LEC,17,0,15,14,18,0,,37.6,19.3,0.0,1.5,24.3,1018.3,139.0,M,16,Shanghai,Sauber
17,2,LEC,18,0,14,14,18,0,,37.6,19.4,0.0,1.7,24.3,1018.3,95.0,M,17,Shanghai,Sauber
18,2,LEC,19,0,14,14,18,0,,37.4,19.1,0.0,1.2,24.0,1018.2,86.0,M,18,Shanghai,Sauber
19,2,LEC,20,0,14,16,18,0,,37.6,19.3,0.0,1.3,23.8,1018.2,77.0,M,19,Shanghai,Sauber
20,2,LEC,21,0,16,18,18,0,45,37.7,19.3,0.0,1.9,23.5,1018.1,63.0,M,20,Shanghai,Sauber
21,2,LEC,22,0,18,20,18,0,32,37.5,19.2,0.0,1.3,24.4,1018.1,68.0,H,0,Shanghai,Sauber
22,2,LEC,23,0,20,20,18,0,44,37.7,19.5,0.0,1.8,24.0,1018.1,0.0,H,1,Shanghai,Sauber
23,2,LEC,24,0,20,20,18,0,47,37.6,19.5,0.0,1.6,23.6,1018.1,278.0,H,2,Shanghai,Sauber
24,2,LEC,25,0,20,20,18,0,48,37.5,19.4,0.0,2.9,24.3,1018.1,191.0,H,3,Shanghai,Sauber
25,2,LEC,26,0,20,20,18,0,50,37.7,19.8,0.0,1.8,23.5,1018.2,79.0,H,4,Shanghai,Sauber
26,2,LEC,27,0,20,20,18,0,51,37.6,19.8,0.0,2.4,22.9,1018.0,78.0,H,5,Shanghai,Sauber
27,2,LEC,28,0,20,20,18,0,50,36.0,19.6,0.0,2.7,23.2,1018.0,91.0,H,6,Shanghai,Sauber
28,2,LEC,29,0,20,20,18,0,51,35.2,19.9,0.0,2.0,23.1,1018.0,38.0,H,7,Shanghai,Sauber
29,2,LEC,30,1,20,18,18,0,53,34.5,19.9,0.0,1.4,23.3,1018.1,77.0,H,8,Shanghai,Sauber
30,2,LEC,31,2,18,18,18,0,54,34.2,20.0,0.0,2.3,23.3,1018.0,77.0,H,9,Shanghai,Sauber
31,2,LEC,32,2,18,18,18,0,53,33.9,20.0,0.0,2.5,22.8,1018.0,94.0,H,10,Shanghai,Sauber
32,2,LEC,33,2,18,18,18,0,50,33.5,19.7,0.0,0.7,22.7,1018.0,46.0,H,11,Shanghai,Sauber
33,2,LEC,34,2,18,18,18,0,52,33.4,19.7,0.0,1.3,23.4,1018.0,106.0,H,12,Shanghai,Sauber
34,2,LEC,35,2,18,18,18,0,57,33.4,19.6,0.0,0.7,23.3,1018.0,124.0,H,13,Shanghai,Sauber
35,2,LEC,36,0,18,18,18,0,58,32.9,19.6,0.0,1.0,23.2,1018.0,202.0,H,14,Shanghai,Sauber
36,2,LEC,37,0,18,18,18,0,58,35.0,19.1,0.0,2.1,24.0,1017.9,100.0,H,15,Shanghai,Sauber
37,2,LEC,38,0,18,18,18,0,58,35.0,19.0,0.0,1.7,24.2,1017.9,207.0,H,16,Shanghai,Sauber
38,2,LEC,39,0,18,18,18,0,58,37.0,19.0,0.0,2.3,24.9,1018.0,86.0,H,17,Shanghai,Sauber
39,2,LEC,40,0,18,19,18,0,58,37.0,19.2,0.0,1.3,24.9,1018.0,287.0,H,18,Shanghai,Sauber
40,2,LEC,41,0,19,19,18,0,58,38.0,19.1,0.0,2.0,24.7,1017.9,238.0,H,19,Shanghai,Sauber
41,2,LEC,42,0,19,19,18,0,58,38.0,19.2,0.0,1.5,24.9,1017.8,237.0,H,20,Shanghai,Sauber
42,2,LEC,43,1,19,19,18,0,58,38.0,19.4,0.0,1.8,25.6,1018.0,156.0,H,21,Shanghai,Sauber
43,2,LEC,44,0,19,19,18,0,58,38.0,19.6,0.0,1.2,24.9,1017.9,151.0,H,22,Shanghai,Sauber
44,2,LEC,45,0,19,19,18,0,58,37.5,19.5,0.0,3.4,25.2,1018.1,129.0,H,23,Shanghai,Sauber
45,2,LEC,46,0,19,19,18,0,58,37.5,19.5,0.0,2.4,25.2,1018.1,78.0,H,24,Shanghai,Sauber
46,2,LEC,47,0,19,18,18,0,59,37.5,19.3,0.0,1.9,25.1,1018.1,115.0,H,25,Shanghai,Sauber
47,2,LEC,48,0,18,18,18,0,59,37.0,19.3,0.0,1.7,26.1,1018.1,152.0,H,26,Shanghai,Sauber
48,2,LEC,49,0,18,19,18,0,59,37.0,19.6,0.0,1.9,25.7,1018.2,117.0,H,27,Shanghai,Sauber
49,2,LEC,50,0,19,19,18,0,59,37.0,19.7,0.0,1.7,25.4,1018.1,80.0,H,28,Shanghai,Sauber
50,2,LEC,51,0,19,19,18,0,59,36.5,19.6,0.0,2.1,24.9,1018.1,66.0,H,29,Shanghai,Sauber
51,2,LEC,52,0,19,19,18,0,59,36.5,19.5,0.0,3.2,25.5,1018.1,141.0,H,30,Shanghai,Sauber
52,2,LEC,53,0,19,19,18,0,60,36.5,19.6,0.0,2.0,25.6,1018.1,80.0,H,31,Shanghai,Sauber
53,2,LEC,54,0,19,19,18,0,60,36.5,19.4,0.0,0.9,25.8,1018.1,118.0,H,32,Shanghai,Sauber
54,2,LEC,55,0,19,19,18,0,60,28.3,19.1,1.0,0.8,26.8,1018.1,84.0,H,33,Shanghai,Sauber
55,2,LEC,56,0,19,19,18,0,60,28.3,19.1,1.0,0.8,26.8,1018.1,84.0,H,34,Shanghai,Sauber
0,2,ERI,1,0,20,20,20,0,,38.7,19.5,0.0,2.1,23.1,1018.3,60.0,M,0,Shanghai,Sauber
1,2,ERI,2,0,20,20,20,0,,38.5,19.6,0.0,1.3,23.6,1018.3,35.0,M,1,Shanghai,Sauber
2,2,ERI,3,0,20,20,20,0,,38.2,19.6,0.0,1.7,23.5,1018.4,96.0,M,2,Shanghai,Sauber
3,2,ERI,4,0,20,20,20,0,,38.0,19.7,0.0,2.4,23.1,1018.4,226.0,M,3,Shanghai,Sauber
4,2,ERI,5,0,20,20,20,0,,38.0,19.5,0.0,1.1,23.3,1018.3,0.0,M,4,Shanghai,Sauber
5,2,ERI,6,0,20,20,20,0,,38.1,19.8,0.0,1.2,22.6,1018.3,215.0,M,5,Shanghai,Sauber
6,2,ERI,7,0,20,20,20,0,,37.9,20.2,0.0,1.1,22.6,1018.3,199.0,M,6,Shanghai,Sauber
7,2,ERI,8,0,20,20,20,0,,38.0,20.0,0.0,1.9,21.3,1018.3,239.0,M,7,Shanghai,Sauber
8,2,ERI,9,0,20,20,20,0,,37.9,19.4,0.0,1.5,22.7,1018.3,263.0,M,8,Shanghai,Sauber
9,2,ERI,10,0,20,19,20,0,,38.2,19.5,0.0,1.8,23.0,1018.3,102.0,M,9,Shanghai,Sauber
10,2,ERI,11,0,19,19,20,0,,37.9,19.4,0.0,1.9,22.9,1018.3,200.0,M,10,Shanghai,Sauber
11,2,ERI,12,0,19,18,20,0,,37.6,19.3,0.0,1.1,23.5,1018.3,98.0,M,11,Shanghai,Sauber
12,2,ERI,13,0,18,17,20,0,,37.6,19.3,0.0,1.5,24.3,1018.3,139.0,M,12,Shanghai,Sauber
13,2,ERI,14,0,17,18,20,0,,37.6,19.4,0.0,1.7,24.3,1018.3,95.0,M,13,Shanghai,Sauber
14,2,ERI,15,0,18,18,20,0,,37.7,19.3,0.0,2.6,23.9,1018.3,107.0,M,14,Shanghai,Sauber
15,2,ERI,16,0,18,18,20,0,,37.6,19.2,0.0,2.1,23.7,1018.2,74.0,M,15,Shanghai,Sauber
16,2,ERI,17,0,18,19,20,0,,37.4,19.1,0.0,1.2,24.0,1018.2,86.0,M,16,Shanghai,Sauber
17,2,ERI,18,0,19,19,20,0,,37.4,19.3,0.0,1.2,23.7,1018.1,117.0,M,17,Shanghai,Sauber
18,2,ERI,19,0,19,19,20,0,,37.7,19.3,0.0,1.9,23.5,1018.1,63.0,M,18,Shanghai,Sauber
19,2,ERI,20,0,19,18,20,0,,37.5,19.2,0.0,1.3,24.4,1018.1,68.0,M,19,Shanghai,Sauber
20,2,ERI,21,0,18,17,20,0,52,37.7,19.5,0.0,2.2,24.6,1018.2,82.0,M,20,Shanghai,Sauber
21,2,ERI,22,0,17,17,20,0,47,37.7,19.5,0.0,1.8,24.0,1018.1,0.0,M,21,Shanghai,Sauber
22,2,ERI,23,0,17,16,20,0,47,37.6,19.5,0.0,1.6,23.6,1018.1,278.0,M,22,Shanghai,Sauber
23,2,ERI,24,0,16,15,20,0,44,37.5,19.4,0.0,2.9,24.3,1018.1,191.0,M,23,Shanghai,Sauber
24,2,ERI,25,0,15,15,20,0,44,37.7,19.6,0.0,1.4,24.1,1018.1,233.0,M,24,Shanghai,Sauber
25,2,ERI,26,0,15,16,20,0,43,37.8,19.6,0.0,2.3,23.9,1018.1,283.0,M,25,Shanghai,Sauber
26,2,ERI,27,0,16,17,20,0,41,37.1,19.4,0.0,3.5,23.5,1017.9,81.0,M,26,Shanghai,Sauber
27,2,ERI,28,0,17,17,20,0,39,37.1,19.6,0.0,3.1,23.3,1018.0,76.0,M,27,Shanghai,Sauber
28,2,ERI,29,0,17,16,20,0,39,36.0,19.6,0.0,2.7,23.2,1018.0,91.0,M,28,Shanghai,Sauber
29,2,ERI,30,1,16,20,20,0,39,35.3,19.7,0.0,1.8,23.5,1018.0,70.0,H,0,Shanghai,Sauber
30,2,ERI,31,2,20,19,20,0,42,33.5,19.7,0.0,0.7,22.7,1018.0,46.0,H,1,Shanghai,Sauber
31,2,ERI,32,2,19,19,20,0,46,35.0,19.4,0.0,2.1,24.1,1018.0,207.0,H,2,Shanghai,Sauber
32,2,ERI,33,2,19,19,20,0,46,35.0,19.0,0.0,1.8,24.6,1017.9,234.0,H,3,Shanghai,Sauber
33,2,ERI,34,2,19,19,20,0,48,36.3,18.8,0.0,1.5,24.9,1018.0,251.0,H,4,Shanghai,Sauber
34,2,ERI,35,2,19,19,20,0,52,37.0,19.2,0.0,1.3,24.9,1018.0,287.0,H,5,Shanghai,Sauber
35,2,ERI,36,0,19,19,20,0,53,38.0,19.1,0.0,1.9,24.9,1017.8,101.0,H,6,Shanghai,Sauber
36,2,ERI,37,0,19,19,20,0,52,38.0,19.3,0.0,2.0,26.2,1017.8,87.0,H,7,Shanghai,Sauber
37,2,ERI,38,0,19,19,20,0,51,38.0,19.4,0.0,1.8,25.6,1018.0,156.0,H,8,Shanghai,Sauber
38,2,ERI,39,0,19,19,20,0,50,38.0,19.6,0.0,1.2,24.9,1017.9,151.0,H,9,Shanghai,Sauber
39,2,ERI,40,0,19,18,20,0,49,37.5,19.3,0.0,2.1,25.5,1018.2,87.0,H,10,Shanghai,Sauber
40,2,ERI,41,0,18,18,20,0,50,37.5,19.5,0.0,2.4,25.2,1018.1,78.0,H,11,Shanghai,Sauber
41,2,ERI,42,0,18,18,20,0,50,37.5,19.6,0.0,3.1,25.1,1018.2,120.0,H,12,Shanghai,Sauber
42,2,ERI,43,1,18,18,20,0,49,37.0,19.6,0.0,1.9,25.7,1018.2,117.0,H,13,Shanghai,Sauber
43,2,ERI,44,0,18,18,20,0,49,37.0,19.7,0.0,1.7,25.4,1018.1,80.0,H,14,Shanghai,Sauber
44,2,ERI,45,0,18,18,20,0,49,37.0,19.8,0.0,1.2,24.9,1018.1,53.0,H,15,Shanghai,Sauber
45,2,ERI,46,0,18,18,20,0,49,37.0,19.9,0.0,1.8,24.9,1018.1,83.0,H,16,Shanghai,Sauber
46,2,ERI,47,0,18,17,20,0,49,36.5,19.7,0.0,2.2,25.1,1018.1,65.0,H,17,Shanghai,Sauber
47,2,ERI,48,0,17,17,20,0,49,36.5,19.6,0.0,2.1,24.9,1018.1,66.0,H,18,Shanghai,Sauber
48,2,ERI,49,0,17,17,20,0,49,36.5,19.4,0.0,2.8,25.6,1018.1,78.0,H,19,Shanghai,Sauber
49,2,ERI,50,0,17,17,20,0,49,36.5,19.6,0.0,3.3,25.2,1018.0,78.0,H,20,Shanghai,Sauber
50,2,ERI,51,0,17,17,20,0,49,36.5,19.4,0.0,1.6,26.1,1018.2,107.0,H,21,Shanghai,Sauber
51,2,ERI,52,0,17,17,20,0,48,36.5,19.6,0.0,2.2,25.6,1018.1,85.0,H,22,Shanghai,Sauber
52,2,ERI,53,0,17,17,20,0,48,36.5,19.6,0.0,1.1,25.6,1018.1,120.0,H,23,Shanghai,Sauber
53,2,ERI,54,0,17,17,20,0,48,36.5,19.2,0.0,1.2,27.0,1018.1,152.0,H,24,Shanghai,Sauber
54,2,ERI,55,0,17,17,20,0,47,28.3,19.1,1.0,0.8,26.8,1018.1,84.0,H,25,Shanghai,Sauber
55,2,ERI,56,0,17,16,20,0,47,28.3,19.1,1.0,0.8,26.8,1018.1,84.0,H,26,Shanghai,Sauber
