,idGP,driver,lap,trackStatus,position,targetPosition,grid,out,performance,trackTemp,airTemp,raining,windSpeed,humidity,pressure,windDir,tyre,tyreLap,track,team
0,4,HAM,1,2,1,1,1,0,61,35.0,14.9,1.0,2.6,54.2,1001.6,78.0,M,3,Catalunya,Mercedes
1,4,HAM,2,2,1,1,1,0,59,35.0,15.2,1.0,1.4,54.1,1001.6,96.0,M,4,Catalunya,Mercedes
2,4,HAM,3,2,1,1,1,0,56,35.0,15.3,0.0,1.1,54.1,1001.6,219.0,M,5,Catalunya,Mercedes
3,4,HAM,4,2,1,1,1,0,49,35.0,15.9,1.0,0.6,53.3,1001.5,230.0,M,6,Catalunya,Mercedes
4,4,HAM,5,2,1,1,1,0,49,35.0,16.0,1.0,1.4,52.9,1001.5,0.0,M,7,Catalunya,Mercedes
5,4,HAM,6,2,1,1,1,0,51,36.6,16.2,1.0,1.2,52.6,1001.5,280.0,M,8,Catalunya,Mercedes
6,4,HAM,7,0,1,1,1,0,52,35.6,16.3,1.0,1.4,51.0,1001.5,189.0,M,9,Catalunya,Mercedes
7,4,HAM,8,0,1,1,1,0,53,34.0,16.0,1.0,1.3,52.0,1001.4,293.0,M,10,Catalunya,Mercedes
8,4,HAM,9,0,1,1,1,0,53,34.0,15.9,1.0,1.3,52.0,1001.4,342.0,M,11,Catalunya,Mercedes
9,4,HAM,10,0,1,1,1,0,53,36.5,16.4,0.0,1.0,51.8,1001.4,263.0,M,12,Catalunya,Mercedes
10,4,HAM,11,0,1,1,1,0,53,36.6,16.7,0.0,0.9,51.5,1001.3,37.0,M,13,Catalunya,Mercedes
11,4,HAM,12,0,1,1,1,0,53,36.5,16.5,1.0,1.6,51.0,1001.4,20.0,M,14,Catalunya,Mercedes
12,4,HAM,13,0,1,1,1,0,53,35.4,16.3,1.0,2.3,51.4,1001.5,12.0,M,15,Catalunya,Mercedes
13,4,HAM,14,0,1,1,1,0,54,35.1,16.2,1.0,2.2,51.0,1001.4,51.0,M,16,Catalunya,Mercedes
14,4,HAM,15,0,1,1,1,0,54,35.1,16.2,1.0,1.5,51.4,1001.4,50.0,M,17,Catalunya,Mercedes
15,4,HAM,16,0,1,1,1,0,55,36.3,16.6,1.0,1.0,50.7,1001.5,282.0,M,18,Catalunya,Mercedes
16,4,HAM,17,0,1,1,1,0,55,32.5,16.1,1.0,2.0,51.2,1001.5,62.0,M,19,Catalunya,Mercedes
17,4,HAM,18,0,1,1,1,0,55,31.8,16.0,1.0,2.5,51.9,1001.4,55.0,M,20,Catalunya,Mercedes
18,4,HAM,19,0,1,1,1,0,56,31.4,15.8,1.0,1.3,52.8,1001.5,68.0,M,21,Catalunya,Mercedes
19,4,HAM,20,0,1,1,1,0,56,31.1,15.9,1.0,2.2,52.8,1001.5,40.0,M,22,Catalunya,Mercedes
20,4,HAM,21,0,1,1,1,0,57,30.8,15.8,1.0,2.2,53.5,1001.5,83.0,M,23,Catalunya,Mercedes
21,4,HAM,22,0,1,1,1,0,57,30.8,15.8,1.0,2.3,53.8,1001.5,54.0,M,24,Catalunya,Mercedes
22,4,HAM,23,0,1,1,1,0,58,30.6,15.9,1.0,2.3,53.3,1001.4,64.0,M,25,Catalunya,Mercedes
23,4,HAM,24,0,1,1,1,0,58,30.2,15.7,1.0,2.3,53.3,1001.4,68.0,M,26,Catalunya,Mercedes
24,4,HAM,25,0,1,1,1,0,58,30.2,15.7,1.0,2.4,53.2,1001.5,61.0,M,27,Catalunya,Mercedes
25,4,HAM,26,0,1,2,1,0,58,29.8,15.7,1.0,1.7,53.3,1001.5,69.0,H,0,Catalunya,Mercedes
26,4,HAM,27,0,2,2,1,0,58,29.7,15.8,1.0,2.7,53.5,1001.6,40.0,H,1,Catalunya,Mercedes
27,4,HAM,28,0,2,2,1,0,58,29.4,15.8,1.0,1.7,54.1,1001.7,52.0,H,2,Catalunya,Mercedes
28,4,HAM,29,0,2,2,1,0,58,29.3,15.8,1.0,1.7,53.7,1001.7,64.0,H,3,Catalunya,Mercedes
29,4,HAM,30,0,2,2,1,0,58,29.6,15.9,1.0,2.0,53.3,1001.6,59.0,H,4,Catalunya,Mercedes
30,4,HAM,31,0,2,2,1,0,58,29.1,15.7,1.0,1.5,53.3,1001.6,68.0,H,5,Catalunya,Mercedes
31,4,HAM,32,0,2,2,1,0,59,29.0,15.6,1.0,1.7,53.8,1001.7,61.0,H,6,Catalunya,Mercedes
32,4,HAM,33,0,2,2,1,0,59,28.9,15.6,1.0,2.2,54.5,1001.7,83.0,H,7,Catalunya,Mercedes
33,4,HAM,34,0,2,1,1,0,59,28.8,15.7,1.0,2.2,54.7,1001.7,64.0,H,8,Catalunya,Mercedes
34,4,HAM,35,0,1,1,1,0,59,29.0,15.6,1.0,2.6,54.0,1001.8,77.0,H,9,Catalunya,Mercedes
35,4,HAM,36,0,1,1,1,0,59,30.3,15.8,1.0,1.9,53.6,1001.7,68.0,H,10,Catalunya,Mercedes
36,4,HAM,37,0,1,1,1,0,59,30.9,15.9,1.0,1.8,52.5,1001.6,69.0,H,11,Catalunya,Mercedes
37,4,HAM,38,0,1,1,1,0,59,31.7,16.1,1.0,1.4,52.2,1001.7,247.0,H,12,Catalunya,Mercedes
38,4,HAM,39,0,1,1,1,0,59,32.2,15.9,0.0,1.1,51.7,1001.6,27.0,H,13,Catalunya,Mercedes
39,4,HAM,40,1,1,1,1,0,59,32.0,15.9,1.0,1.8,52.5,1001.6,72.0,H,14,Catalunya,Mercedes
40,4,HAM,41,2,1,1,1,0,59,30.6,16.3,1.0,1.0,51.2,1001.7,111.0,H,15,Catalunya,Mercedes
41,4,HAM,42,2,1,1,1,0,59,30.6,15.9,1.0,0.9,52.3,1001.6,36.0,H,16,Catalunya,Mercedes
42,4,HAM,43,2,1,1,1,0,59,33.4,16.2,1.0,2.7,52.4,1001.5,58.0,H,17,Catalunya,Mercedes
43,4,HAM,44,0,1,1,1,0,59,34.0,16.5,1.0,2.2,51.9,1001.6,78.0,H,18,Catalunya,Mercedes
44,4,HAM,45,0,1,1,1,0,59,34.3,16.7,1.0,2.2,51.6,1001.4,92.0,H,19,Catalunya,Mercedes
45,4,HAM,46,0,1,1,1,0,59,32.3,16.8,1.0,2.5,49.9,1001.4,63.0,H,20,Catalunya,Mercedes
46,4,HAM,47,0,1,1,1,0,59,31.9,16.8,1.0,2.7,49.7,1001.6,74.0,H,21,Catalunya,Mercedes
47,4,HAM,48,0,1,1,1,0,59,31.2,15.8,1.0,1.9,50.7,1001.5,72.0,H,22,Catalunya,Mercedes
48,4,HAM,49,0,1,1,1,0,59,31.1,15.9,1.0,2.1,51.5,1001.5,72.0,H,23,Catalunya,Mercedes
49,4,HAM,50,0,1,1,1,0,59,31.4,15.8,1.0,1.5,52.2,1001.5,56.0,H,24,Catalunya,Mercedes
50,4,HAM,51,0,1,1,1,0,59,30.7,16.0,1.0,2.7,51.7,1001.4,0.0,H,25,Catalunya,Mercedes
51,4,HAM,52,0,1,1,1,0,59,31.7,16.2,1.0,3.2,51.5,1001.4,72.0,H,26,Catalunya,Mercedes
52,4,HAM,53,0,1,1,1,0,59,32.5,15.9,1.0,2.0,51.1,1001.5,73.0,H,27,Catalunya,Mercedes
53,4,HAM,54,0,1,1,1,0,59,33.2,16.1,1.0,2.1,51.8,1001.4,31.0,H,28,Catalunya,Mercedes
54,4,HAM,55,0,1,1,1,0,59,33.2,16.7,1.0,2.9,50.4,1001.5,68.0,H,29,Catalunya,Mercedes
55,4,HAM,56,0,1,1,1,0,59,33.2,16.7,1.0,2.9,50.4,1001.5,68.0,H,30,Catalunya,Mercedes
56,4,HAM,57,0,1,1,1,0,59,32.9,16.9,0.0,2.5,49.5,1001.6,64.0,H,31,Catalunya,Mercedes
57,4,HAM,58,0,1,1,1,0,59,32.4,16.7,0.0,2.2,50.4,1001.5,279.0,H,32,Catalunya,Mercedes
58,4,HAM,59,0,1,1,1,0,59,32.3,16.8,0.0,1.8,50.2,1001.4,76.0,H,33,Catalunya,Mercedes
59,4,HAM,60,0,1,1,1,0,59,32.4,17.0,0.0,2.4,49.1,1001.5,52.0,H,34,Catalunya,Mercedes
60,4,HAM,61,0,1,1,1,0,59,32.3,17.0,0.0,2.2,50.1,1001.6,64.0,H,35,Catalunya,Mercedes
61,4,HAM,62,0,1,1,1,0,59,30.9,17.0,0.0,2.3,49.5,1001.6,90.0,H,36,Catalunya,Mercedes
62,4,HAM,63,0,1,1,1,0,59,30.7,16.9,0.0,2.3,49.5,1001.5,99.0,H,37,Catalunya,Mercedes
63,4,HAM,64,0,1,1,1,0,59,30.7,16.9,0.0,2.3,49.5,1001.5,99.0,H,38,Catalunya,Mercedes
64,4,HAM,65,0,1,1,1,0,59,29.1,16.0,0.0,2.2,52.4,1001.7,71.0,H,39,Catalunya,Mercedes
65,4,HAM,66,0,1,1,1,0,59,29.3,16.0,1.0,2.0,53.2,1001.6,77.0,H,40,Catalunya,Mercedes
0,4,BOT,1,2,3,3,3,0,58,35.0,14.9,1.0,2.6,54.2,1001.6,78.0,M,3,Catalunya,Mercedes
1,4,BOT,2,2,3,3,3,0,51,35.0,15.2,1.0,1.4,54.1,1001.6,96.0,M,4,Catalunya,Mercedes
2,4,BOT,3,2,3,3,3,0,48,35.0,15.3,0.0,1.1,54.1,1001.6,219.0,M,5,Catalunya,Mercedes
3,4,BOT,4,2,3,3,3,0,48,35.0,15.5,1.0,2.4,54.3,1001.6,161.0,M,6,Catalunya,Mercedes
4,4,BOT,5,2,3,3,3,0,50,35.0,15.9,1.0,0.6,53.3,1001.5,230.0,M,7,Catalunya,Mercedes
5,4,BOT,6,2,3,3,3,0,52,34.0,16.0,1.0,1.3,52.0,1001.4,293.0,M,8,Catalunya,Mercedes
6,4,BOT,7,0,3,3,3,0,54,34.0,15.9,1.0,1.3,52.0,1001.4,342.0,M,9,Catalunya,Mercedes
7,4,BOT,8,0,3,3,3,0,55,36.5,16.4,0.0,1.0,51.8,1001.4,263.0,M,10,Catalunya,Mercedes
8,4,BOT,9,0,3,3,3,0,55,36.6,16.7,0.0,0.9,51.5,1001.3,37.0,M,11,Catalunya,Mercedes
9,4,BOT,10,0,3,3,3,0,54,36.7,16.4,0.0,2.5,50.3,1001.3,283.0,M,12,Catalunya,Mercedes
10,4,BOT,11,0,3,3,3,0,54,36.7,16.3,0.0,1.0,50.9,1001.4,52.0,M,13,Catalunya,Mercedes
11,4,BOT,12,0,3,3,3,0,54,36.5,16.5,1.0,1.6,51.0,1001.4,20.0,M,14,Catalunya,Mercedes
12,4,BOT,13,0,3,3,3,0,55,35.4,16.3,1.0,2.3,51.4,1001.5,12.0,M,15,Catalunya,Mercedes
13,4,BOT,14,0,3,3,3,0,55,35.1,16.2,1.0,1.5,51.4,1001.4,50.0,M,16,Catalunya,Mercedes
14,4,BOT,15,0,3,3,3,0,56,35.7,16.4,1.0,2.6,52.4,1001.4,0.0,M,17,Catalunya,Mercedes
15,4,BOT,16,0,3,3,3,0,56,36.3,16.6,1.0,1.0,50.7,1001.5,282.0,M,18,Catalunya,Mercedes
16,4,BOT,17,0,3,2,3,0,57,35.8,16.5,1.0,1.5,50.2,1001.3,72.0,M,19,Catalunya,Mercedes
17,4,BOT,18,0,2,2,3,0,57,33.2,16.4,1.0,1.7,51.8,1001.5,334.0,M,20,Catalunya,Mercedes
18,4,BOT,19,0,2,2,3,0,58,32.6,16.2,1.0,2.1,51.6,1001.5,18.0,M,21,Catalunya,Mercedes
19,4,BOT,20,0,2,7,3,0,58,32.2,16.0,1.0,3.2,53.0,1001.5,325.0,H,0,Catalunya,Mercedes
20,4,BOT,21,0,7,6,3,0,59,31.8,16.0,1.0,2.5,51.9,1001.4,55.0,H,1,Catalunya,Mercedes
21,4,BOT,22,0,6,6,3,0,59,31.4,15.8,1.0,1.3,52.8,1001.5,68.0,H,2,Catalunya,Mercedes
22,4,BOT,23,0,6,6,3,0,60,31.1,15.9,1.0,2.2,52.8,1001.5,40.0,H,3,Catalunya,Mercedes
23,4,BOT,24,0,6,6,3,0,60,30.8,15.8,1.0,2.2,53.5,1001.5,83.0,H,4,Catalunya,Mercedes
24,4,BOT,25,0,6,5,3,0,60,30.8,15.8,1.0,2.3,53.8,1001.5,54.0,H,5,Catalunya,Mercedes
25,4,BOT,26,0,5,5,3,0,60,30.6,15.9,1.0,2.3,53.3,1001.4,64.0,H,6,Catalunya,Mercedes
26,4,BOT,27,0,5,5,3,0,60,30.3,15.8,1.0,2.9,53.4,1001.4,23.0,H,7,Catalunya,Mercedes
27,4,BOT,28,0,5,5,3,0,60,30.2,15.7,1.0,2.3,53.3,1001.4,68.0,H,8,Catalunya,Mercedes
28,4,BOT,29,0,5,5,3,0,60,30.2,15.7,1.0,2.4,53.2,1001.5,61.0,H,9,Catalunya,Mercedes
29,4,BOT,30,0,5,5,3,0,60,29.3,15.8,1.0,1.7,53.7,1001.7,64.0,H,10,Catalunya,Mercedes
30,4,BOT,31,0,5,5,3,0,60,29.6,15.7,1.0,2.2,53.3,1001.7,15.0,H,11,Catalunya,Mercedes
31,4,BOT,32,0,5,5,3,0,60,29.0,15.6,1.0,1.7,53.8,1001.7,61.0,H,12,Catalunya,Mercedes
32,4,BOT,33,0,5,5,3,0,60,28.9,15.6,1.0,2.2,54.5,1001.7,83.0,H,13,Catalunya,Mercedes
33,4,BOT,34,0,5,4,3,0,60,28.8,15.7,1.0,2.2,54.7,1001.7,64.0,H,14,Catalunya,Mercedes
34,4,BOT,35,0,4,3,3,0,60,28.9,15.8,1.0,1.7,54.4,1001.8,79.0,H,15,Catalunya,Mercedes
35,4,BOT,36,0,3,3,3,0,61,29.0,15.6,1.0,2.6,54.0,1001.8,77.0,H,16,Catalunya,Mercedes
36,4,BOT,37,0,3,3,3,0,61,28.8,15.6,1.0,2.3,53.4,1001.8,69.0,H,17,Catalunya,Mercedes
37,4,BOT,38,0,3,3,3,0,61,29.2,15.7,1.0,2.2,54.3,1001.7,65.0,H,18,Catalunya,Mercedes
38,4,BOT,39,0,3,3,3,0,61,30.3,15.8,1.0,1.9,53.6,1001.7,68.0,H,19,Catalunya,Mercedes
39,4,BOT,40,1,3,3,3,0,61,30.9,15.9,1.0,1.8,52.5,1001.6,69.0,H,20,Catalunya,Mercedes
40,4,BOT,41,2,3,3,3,0,61,31.7,16.1,1.0,1.4,52.2,1001.7,247.0,H,21,Catalunya,Mercedes
41,4,BOT,42,2,3,2,3,0,61,32.2,15.9,0.0,1.1,51.7,1001.6,27.0,H,22,Catalunya,Mercedes
42,4,BOT,43,2,2,2,3,0,61,32.0,15.9,1.0,1.8,52.5,1001.6,72.0,H,23,Catalunya,Mercedes
43,4,BOT,44,0,2,2,3,0,61,31.3,16.0,1.0,1.7,53.1,1001.6,91.0,H,24,Catalunya,Mercedes
44,4,BOT,45,0,2,2,3,0,61,30.7,16.2,1.0,1.4,52.6,1001.6,117.0,H,25,Catalunya,Mercedes
45,4,BOT,46,0,2,2,3,0,61,30.3,16.1,1.0,0.8,51.2,1001.6,180.0,H,26,Catalunya,Mercedes
46,4,BOT,47,0,2,2,3,0,61,32.5,16.1,1.0,1.4,52.1,1001.6,3.0,H,27,Catalunya,Mercedes
47,4,BOT,48,0,2,2,3,0,61,33.0,16.1,1.0,2.5,52.4,1001.5,77.0,H,28,Catalunya,Mercedes
48,4,BOT,49,0,2,2,3,0,61,34.0,16.5,1.0,2.2,51.9,1001.6,78.0,H,29,Catalunya,Mercedes
49,4,BOT,50,0,2,2,3,0,61,34.3,16.7,1.0,2.2,51.6,1001.4,92.0,H,30,Catalunya,Mercedes
50,4,BOT,51,0,2,2,3,0,61,31.2,15.8,1.0,1.9,50.7,1001.5,72.0,H,31,Catalunya,Mercedes
51,4,BOT,52,0,2,2,3,0,61,31.1,15.9,1.0,2.1,51.5,1001.5,72.0,H,32,Catalunya,Mercedes
52,4,BOT,53,0,2,2,3,0,61,31.4,15.8,1.0,2.7,51.2,1001.5,97.0,H,33,Catalunya,Mercedes
53,4,BOT,54,0,2,2,3,0,61,31.4,15.8,1.0,1.5,52.2,1001.5,56.0,H,34,Catalunya,Mercedes
54,4,BOT,55,0,2,2,3,0,61,31.7,16.2,1.0,3.2,51.5,1001.4,72.0,H,35,Catalunya,Mercedes
55,4,BOT,56,0,2,2,3,0,61,32.5,15.9,1.0,2.0,51.1,1001.5,73.0,H,36,Catalunya,Mercedes
56,4,BOT,57,0,2,2,3,0,61,33.2,16.1,1.0,2.1,51.8,1001.4,31.0,H,37,Catalunya,Mercedes
57,4,BOT,58,0,2,2,3,0,61,33.2,16.5,1.0,2.2,51.0,1001.5,77.0,H,38,Catalunya,Mercedes
58,4,BOT,59,0,2,2,3,0,61,33.2,16.7,1.0,2.9,50.4,1001.5,68.0,H,39,Catalunya,Mercedes
59,4,BOT,60,0,2,2,3,0,61,32.9,16.9,0.0,2.5,49.5,1001.6,64.0,H,40,Catalunya,Mercedes
60,4,BOT,61,0,2,2,3,0,61,32.3,16.8,0.0,1.8,50.2,1001.4,76.0,H,41,Catalunya,Mercedes
61,4,BOT,62,0,2,2,3,0,61,32.4,17.0,0.0,2.4,49.1,1001.5,52.0,H,42,Catalunya,Mercedes
62,4,BOT,63,0,2,2,3,0,62,30.9,17.0,0.0,2.3,49.5,1001.6,90.0,H,43,Catalunya,Mercedes
63,4,BOT,64,0,2,2,3,0,62,29.8,16.5,0.0,2.4,51.2,1001.6,62.0,H,44,Catalunya,Mercedes
64,4,BOT,65,0,2,2,3,0,62,29.1,16.0,0.0,2.2,52.4,1001.7,71.0,H,45,Catalunya,Mercedes
65,4,BOT,66,0,2,2,3,0,62,29.3,16.0,1.0,2.0,53.2,1001.6,77.0,H,46,Catalunya,Mercedes
0,4,VET,1,2,2,2,2,0,63,35.0,15.2,1.0,1.4,54.1,1001.6,96.0,M,3,Catalunya,Ferrari
1,4,VET,2,2,2,2,2,0,53,35.0,15.3,0.0,1.1,54.1,1001.6,219.0,M,4,Catalunya,Ferrari
2,4,VET,3,2,2,2,2,0,56,35.0,15.5,1.0,2.4,54.3,1001.6,161.0,M,5,Catalunya,Ferrari
3,4,VET,4,2,2,2,2,0,59,35.0,15.9,1.0,0.6,53.3,1001.5,230.0,M,6,Catalunya,Ferrari
4,4,VET,5,2,2,2,2,0,67,35.0,16.0,1.0,1.4,52.9,1001.5,0.0,M,7,Catalunya,Ferrari
5,4,VET,6,2,2,2,2,0,72,35.6,16.3,1.0,1.4,51.0,1001.5,189.0,M,8,Catalunya,Ferrari
6,4,VET,7,0,2,2,2,0,75,35.6,16.0,1.0,1.5,52.6,1001.4,271.0,M,9,Catalunya,Ferrari
7,4,VET,8,0,2,2,2,0,79,36.2,16.1,1.0,2.1,52.4,1001.4,279.0,M,10,Catalunya,Ferrari
8,4,VET,9,0,2,2,2,0,82,36.6,16.7,0.0,0.9,51.5,1001.3,37.0,M,11,Catalunya,Ferrari
9,4,VET,10,0,2,2,2,0,83,36.7,16.4,0.0,2.5,50.3,1001.3,283.0,M,12,Catalunya,Ferrari
10,4,VET,11,0,2,2,2,0,84,36.7,16.3,0.0,1.0,50.9,1001.4,52.0,M,13,Catalunya,Ferrari
11,4,VET,12,0,2,2,2,0,84,36.5,16.5,1.0,1.6,51.0,1001.4,20.0,M,14,Catalunya,Ferrari
12,4,VET,13,0,2,2,2,0,84,35.4,16.3,1.0,2.3,51.4,1001.5,12.0,M,15,Catalunya,Ferrari
13,4,VET,14,0,2,2,2,0,84,35.1,16.2,1.0,2.2,51.0,1001.4,51.0,M,16,Catalunya,Ferrari
14,4,VET,15,0,2,2,2,0,84,35.1,16.2,1.0,1.5,51.4,1001.4,50.0,M,17,Catalunya,Ferrari
15,4,VET,16,0,2,2,2,0,84,35.7,16.4,1.0,2.6,52.4,1001.4,0.0,M,18,Catalunya,Ferrari
16,4,VET,17,0,2,3,2,0,84,33.4,16.4,1.0,2.4,51.8,1001.5,349.0,M,19,Catalunya,Ferrari
17,4,VET,18,0,3,7,2,0,84,33.2,16.4,1.0,1.7,51.8,1001.5,334.0,H,0,Catalunya,Ferrari
18,4,VET,19,0,7,7,2,0,84,32.5,16.1,1.0,2.0,51.2,1001.5,62.0,H,1,Catalunya,Ferrari
19,4,VET,20,0,7,5,2,0,84,32.2,16.0,1.0,3.2,53.0,1001.5,325.0,H,2,Catalunya,Ferrari
20,4,VET,21,0,5,5,2,0,84,31.4,15.8,1.0,1.3,52.8,1001.5,68.0,H,3,Catalunya,Ferrari
21,4,VET,22,0,5,5,2,0,84,31.1,15.9,1.0,2.2,52.8,1001.5,40.0,H,4,Catalunya,Ferrari
22,4,VET,23,0,5,5,2,0,83,30.8,15.8,1.0,2.2,53.5,1001.5,83.0,H,5,Catalunya,Ferrari
23,4,VET,24,0,5,5,2,0,83,30.8,15.8,1.0,2.3,53.8,1001.5,54.0,H,6,Catalunya,Ferrari
24,4,VET,25,0,5,4,2,0,82,30.6,15.9,1.0,2.3,53.3,1001.4,64.0,H,7,Catalunya,Ferrari
25,4,VET,26,0,4,4,2,0,82,29.7,15.7,0.0,2.5,52.8,1001.5,57.0,H,8,Catalunya,Ferrari
26,4,VET,27,0,4,4,2,0,81,30.2,15.7,1.0,2.3,53.3,1001.4,68.0,H,9,Catalunya,Ferrari
27,4,VET,28,0,4,4,2,0,81,29.8,15.7,1.0,1.7,53.3,1001.5,69.0,H,10,Catalunya,Ferrari
28,4,VET,29,0,4,4,2,0,80,29.6,15.8,1.0,1.5,53.2,1001.7,39.0,H,11,Catalunya,Ferrari
29,4,VET,30,0,4,4,2,0,80,29.3,15.8,1.0,1.7,53.7,1001.7,64.0,H,12,Catalunya,Ferrari
30,4,VET,31,0,4,4,2,0,79,29.6,15.7,1.0,2.2,53.3,1001.7,15.0,H,13,Catalunya,Ferrari
31,4,VET,32,0,4,4,2,0,79,29.1,15.7,1.0,1.5,53.3,1001.6,68.0,H,14,Catalunya,Ferrari
32,4,VET,33,0,4,4,2,0,78,29.0,15.6,1.0,1.7,53.8,1001.7,61.0,H,15,Catalunya,Ferrari
33,4,VET,34,0,4,3,2,0,78,28.9,15.6,1.0,2.2,54.5,1001.7,83.0,H,16,Catalunya,Ferrari
34,4,VET,35,0,3,2,2,0,77,28.9,15.7,1.0,2.6,54.7,1001.7,68.0,H,17,Catalunya,Ferrari
35,4,VET,36,0,2,2,2,0,77,28.9,15.8,1.0,1.7,54.4,1001.8,79.0,H,18,Catalunya,Ferrari
36,4,VET,37,0,2,2,2,0,77,29.0,15.6,1.0,2.6,54.0,1001.8,77.0,H,19,Catalunya,Ferrari
37,4,VET,38,0,2,2,2,0,77,28.8,15.6,1.0,2.3,53.4,1001.8,69.0,H,20,Catalunya,Ferrari
38,4,VET,39,0,2,2,2,0,76,30.9,15.9,1.0,1.8,52.5,1001.6,69.0,H,21,Catalunya,Ferrari
39,4,VET,40,1,2,2,2,0,76,31.5,16.0,1.0,1.8,53.2,1001.6,33.0,H,22,Catalunya,Ferrari
40,4,VET,41,2,2,2,2,0,76,32.0,15.9,1.0,1.8,52.5,1001.6,72.0,H,23,Catalunya,Ferrari
41,4,VET,42,2,2,4,2,0,75,31.3,16.0,1.0,1.7,53.1,1001.6,91.0,H,0,Catalunya,Ferrari
42,4,VET,43,2,4,4,2,0,75,30.7,16.2,1.0,1.4,52.6,1001.6,117.0,H,1,Catalunya,Ferrari
43,4,VET,44,0,4,4,2,0,75,30.3,16.1,1.0,0.8,51.2,1001.6,180.0,H,2,Catalunya,Ferrari
44,4,VET,45,0,4,4,2,0,74,32.5,16.1,1.0,1.4,52.1,1001.6,3.0,H,3,Catalunya,Ferrari
45,4,VET,46,0,4,4,2,0,74,33.0,16.1,1.0,2.5,52.4,1001.5,77.0,H,4,Catalunya,Ferrari
46,4,VET,47,0,4,4,2,0,74,34.0,16.5,1.0,2.2,51.9,1001.6,78.0,H,5,Catalunya,Ferrari
47,4,VET,48,0,4,4,2,0,74,34.3,16.7,1.0,2.2,51.6,1001.4,92.0,H,6,Catalunya,Ferrari
48,4,VET,49,0,4,4,2,0,74,32.3,16.8,1.0,2.5,49.9,1001.4,63.0,H,7,Catalunya,Ferrari
49,4,VET,50,0,4,4,2,0,74,31.9,16.8,1.0,2.7,49.7,1001.6,74.0,H,8,Catalunya,Ferrari
50,4,VET,51,0,4,4,2,0,74,31.3,16.3,1.0,2.7,49.5,1001.5,79.0,H,9,Catalunya,Ferrari
51,4,VET,52,0,4,4,2,0,74,31.2,15.8,1.0,1.9,50.7,1001.5,72.0,H,10,Catalunya,Ferrari
52,4,VET,53,0,4,4,2,0,74,31.4,15.8,1.0,2.7,51.2,1001.5,97.0,H,11,Catalunya,Ferrari
53,4,VET,54,0,4,4,2,0,74,30.7,16.0,1.0,2.7,51.7,1001.4,0.0,H,12,Catalunya,Ferrari
54,4,VET,55,0,4,4,2,0,73,31.7,16.2,1.0,3.2,51.5,1001.4,72.0,H,13,Catalunya,Ferrari
55,4,VET,56,0,4,4,2,0,73,33.2,16.5,1.0,2.2,51.0,1001.5,77.0,H,14,Catalunya,Ferrari
56,4,VET,57,0,4,4,2,0,73,33.2,16.7,1.0,2.9,50.4,1001.5,68.0,H,15,Catalunya,Ferrari
57,4,VET,58,0,4,4,2,0,73,33.2,16.7,1.0,2.9,50.4,1001.5,68.0,H,16,Catalunya,Ferrari
58,4,VET,59,0,4,4,2,0,73,32.4,16.7,0.0,2.2,50.4,1001.5,279.0,H,17,Catalunya,Ferrari
59,4,VET,60,0,4,4,2,0,73,32.3,16.8,0.0,1.8,50.2,1001.4,76.0,H,18,Catalunya,Ferrari
60,4,VET,61,0,4,4,2,0,73,32.3,17.0,0.0,2.2,50.1,1001.6,64.0,H,19,Catalunya,Ferrari
61,4,VET,62,0,4,4,2,0,73,31.6,17.1,0.0,2.3,49.6,1001.6,65.0,H,20,Catalunya,Ferrari
62,4,VET,63,0,4,4,2,0,73,30.9,17.0,0.0,2.3,49.5,1001.6,90.0,H,21,Catalunya,Ferrari
63,4,VET,64,0,4,4,2,0,73,30.7,16.9,0.0,2.3,49.5,1001.5,99.0,H,22,Catalunya,Ferrari
64,4,VET,65,0,4,4,2,0,73,30.7,16.9,0.0,2.3,49.5,1001.5,99.0,H,23,Catalunya,Ferrari
65,4,VET,66,0,4,4,2,0,73,29.8,16.5,0.0,2.4,51.2,1001.6,62.0,H,24,Catalunya,Ferrari
0,4,RAI,1,2,4,4,4,0,42,36.2,16.1,1.0,2.1,52.4,1001.4,279.0,M,3,Catalunya,Ferrari
1,4,RAI,2,2,4,4,4,0,43,36.5,16.4,0.0,1.0,51.8,1001.4,263.0,M,4,Catalunya,Ferrari
2,4,RAI,3,2,4,4,4,0,44,35.1,16.2,1.0,2.2,51.0,1001.4,51.0,M,5,Catalunya,Ferrari
3,4,RAI,4,2,4,4,4,0,44,35.8,16.5,1.0,1.5,50.2,1001.3,72.0,M,6,Catalunya,Ferrari
4,4,RAI,5,2,4,4,4,0,44,31.8,16.0,1.0,2.5,51.9,1001.4,55.0,M,7,Catalunya,Ferrari
5,4,RAI,6,2,4,4,4,0,45,30.8,15.8,1.0,2.2,53.5,1001.5,83.0,M,8,Catalunya,Ferrari
6,4,RAI,7,0,4,4,4,0,46,30.8,15.8,1.0,2.3,53.8,1001.5,54.0,M,9,Catalunya,Ferrari
7,4,RAI,8,0,4,4,4,0,49,30.6,15.9,1.0,2.3,53.3,1001.4,64.0,M,10,Catalunya,Ferrari
8,4,RAI,9,0,4,4,4,0,50,29.3,15.8,1.0,1.7,53.7,1001.7,64.0,M,11,Catalunya,Ferrari
9,4,RAI,10,0,4,4,4,0,50,29.1,15.7,1.0,1.5,53.3,1001.6,68.0,M,12,Catalunya,Ferrari
10,4,RAI,11,0,4,4,4,0,51,28.9,15.7,1.0,2.6,54.7,1001.7,68.0,M,13,Catalunya,Ferrari
11,4,RAI,12,0,4,4,4,0,51,28.9,15.8,1.0,1.7,54.4,1001.8,79.0,M,14,Catalunya,Ferrari
12,4,RAI,13,0,4,4,4,0,52,31.3,16.0,1.0,1.7,53.1,1001.6,91.0,M,15,Catalunya,Ferrari
13,4,RAI,14,0,4,4,4,0,52,30.6,16.3,1.0,1.0,51.2,1001.7,111.0,M,16,Catalunya,Ferrari
14,4,RAI,15,0,4,4,4,0,53,30.6,15.9,1.0,0.9,52.3,1001.6,36.0,M,17,Catalunya,Ferrari
15,4,RAI,16,0,4,4,4,0,54,32.5,16.1,1.0,1.4,52.1,1001.6,3.0,M,18,Catalunya,Ferrari
16,4,RAI,17,0,4,4,4,0,54,33.0,16.1,1.0,2.5,52.4,1001.5,77.0,M,19,Catalunya,Ferrari
17,4,RAI,18,0,4,3,4,0,55,34.3,16.7,1.0,2.2,51.6,1001.4,92.0,M,20,Catalunya,Ferrari
18,4,RAI,19,0,3,3,4,0,55,31.3,16.3,1.0,2.7,49.5,1001.5,79.0,M,21,Catalunya,Ferrari
19,4,RAI,20,0,3,2,4,0,56,33.2,16.7,1.0,2.9,50.4,1001.5,68.0,M,22,Catalunya,Ferrari
20,4,RAI,21,0,2,2,4,0,56,32.3,16.8,0.0,1.8,50.2,1001.4,76.0,M,23,Catalunya,Ferrari
21,4,RAI,22,0,2,2,4,0,56,32.3,17.0,0.0,2.2,50.1,1001.6,64.0,M,24,Catalunya,Ferrari
22,4,RAI,23,0,2,2,4,0,57,31.6,17.1,0.0,2.3,49.6,1001.6,65.0,M,25,Catalunya,Ferrari
23,4,RAI,24,0,2,3,4,0,57,30.7,16.9,0.0,2.3,49.5,1001.5,99.0,M,26,Catalunya,Ferrari
24,4,RAI,25,0,3,11,4,1,55,30.7,16.9,0.0,2.3,49.5,1001.5,99.0,M,27,Catalunya,Ferrari
0,4,VER,1,2,5,5,5,0,39,35.0,14.9,1.0,2.6,54.2,1001.6,78.0,M,3,Catalunya,Red Bull Racing
1,4,VER,2,2,5,5,5,0,50,35.0,15.3,0.0,1.1,54.1,1001.6,219.0,M,4,Catalunya,Red Bull Racing
2,4,VER,3,2,5,5,5,0,53,35.0,15.5,1.0,2.4,54.3,1001.6,161.0,M,5,Catalunya,Red Bull Racing
3,4,VER,4,2,5,5,5,0,53,35.0,16.0,1.0,1.4,52.9,1001.5,0.0,M,6,Catalunya,Red Bull Racing
4,4,VER,5,2,5,5,5,0,54,36.6,16.2,1.0,1.2,52.6,1001.5,280.0,M,7,Catalunya,Red Bull Racing
5,4,VER,6,2,5,5,5,0,55,34.0,16.0,1.0,1.3,52.0,1001.4,293.0,M,8,Catalunya,Red Bull Racing
6,4,VER,7,0,5,5,5,0,57,34.0,15.9,1.0,1.3,52.0,1001.4,342.0,M,9,Catalunya,Red Bull Racing
7,4,VER,8,0,5,5,5,0,57,34.9,16.0,1.0,1.7,52.7,1001.4,177.0,M,10,Catalunya,Red Bull Racing
8,4,VER,9,0,5,5,5,0,57,35.6,16.0,1.0,1.5,52.6,1001.4,271.0,M,11,Catalunya,Red Bull Racing
9,4,VER,10,0,5,5,5,0,56,36.2,16.1,1.0,2.1,52.4,1001.4,279.0,M,12,Catalunya,Red Bull Racing
10,4,VER,11,0,5,5,5,0,56,36.5,16.4,0.0,1.0,51.8,1001.4,263.0,M,13,Catalunya,Red Bull Racing
11,4,VER,12,0,5,5,5,0,56,36.7,16.4,0.0,2.5,50.3,1001.3,283.0,M,14,Catalunya,Red Bull Racing
12,4,VER,13,0,5,5,5,0,56,36.7,16.3,0.0,1.0,50.9,1001.4,52.0,M,15,Catalunya,Red Bull Racing
13,4,VER,14,0,5,5,5,0,56,35.4,16.3,1.0,2.3,51.4,1001.5,12.0,M,16,Catalunya,Red Bull Racing
14,4,VER,15,0,5,5,5,0,57,35.1,16.2,1.0,2.2,51.0,1001.4,51.0,M,17,Catalunya,Red Bull Racing
15,4,VER,16,0,5,5,5,0,57,35.1,16.2,1.0,1.5,51.4,1001.4,50.0,M,18,Catalunya,Red Bull Racing
16,4,VER,17,0,5,5,5,0,58,35.7,16.4,1.0,2.6,52.4,1001.4,0.0,M,19,Catalunya,Red Bull Racing
17,4,VER,18,0,5,4,5,0,58,36.3,16.6,1.0,1.0,50.7,1001.5,282.0,M,20,Catalunya,Red Bull Racing
18,4,VER,19,0,4,4,5,0,59,35.8,16.5,1.0,1.5,50.2,1001.3,72.0,M,21,Catalunya,Red Bull Racing
19,4,VER,20,0,4,3,5,0,59,33.4,16.4,1.0,2.4,51.8,1001.5,349.0,M,22,Catalunya,Red Bull Racing
20,4,VER,21,0,3,3,5,0,59,32.6,16.2,1.0,2.1,51.6,1001.5,18.0,M,23,Catalunya,Red Bull Racing
21,4,VER,22,0,3,3,5,0,59,32.5,16.1,1.0,2.0,51.2,1001.5,62.0,M,24,Catalunya,Red Bull Racing
22,4,VER,23,0,3,3,5,0,59,32.2,16.0,1.0,3.2,53.0,1001.5,325.0,M,25,Catalunya,Red Bull Racing
23,4,VER,24,0,3,2,5,0,60,30.8,15.8,1.0,2.3,53.8,1001.5,54.0,M,26,Catalunya,Red Bull Racing
24,4,VER,25,0,2,2,5,0,60,30.6,15.9,1.0,2.3,53.3,1001.4,64.0,M,27,Catalunya,Red Bull Racing
25,4,VER,26,0,2,1,5,0,60,30.3,15.8,1.0,2.9,53.4,1001.4,23.0,M,28,Catalunya,Red Bull Racing
26,4,VER,27,0,1,1,5,0,60,29.7,15.7,0.0,2.5,52.8,1001.5,57.0,M,29,Catalunya,Red Bull Racing
27,4,VER,28,0,1,1,5,0,60,30.2,15.7,1.0,2.3,53.3,1001.4,68.0,M,30,Catalunya,Red Bull Racing
28,4,VER,29,0,1,1,5,0,60,30.2,15.7,1.0,2.4,53.2,1001.5,61.0,M,31,Catalunya,Red Bull Racing
29,4,VER,30,0,1,1,5,0,60,29.8,15.7,1.0,1.7,53.3,1001.5,69.0,M,32,Catalunya,Red Bull Racing
30,4,VER,31,0,1,1,5,0,60,29.6,15.8,1.0,1.5,53.2,1001.7,39.0,M,33,Catalunya,Red Bull Racing
31,4,VER,32,0,1,1,5,0,61,29.4,15.8,1.0,1.7,54.1,1001.7,52.0,M,34,Catalunya,Red Bull Racing
32,4,VER,33,0,1,1,5,0,61,29.3,15.8,1.0,1.7,53.7,1001.7,64.0,M,35,Catalunya,Red Bull Racing
33,4,VER,34,0,1,2,5,0,61,29.1,15.7,1.0,1.5,53.3,1001.6,68.0,M,36,Catalunya,Red Bull Racing
34,4,VER,35,0,2,4,5,0,61,29.0,15.6,1.0,1.7,53.8,1001.7,61.0,H,0,Catalunya,Red Bull Racing
35,4,VER,36,0,4,4,5,0,61,28.9,15.6,1.0,2.2,54.5,1001.7,83.0,H,1,Catalunya,Red Bull Racing
36,4,VER,37,0,4,4,5,0,61,28.9,15.7,1.0,2.6,54.7,1001.7,68.0,H,2,Catalunya,Red Bull Racing
37,4,VER,38,0,4,4,5,0,61,29.2,15.7,1.0,2.2,54.3,1001.7,65.0,H,3,Catalunya,Red Bull Racing
38,4,VER,39,0,4,4,5,0,61,30.3,15.8,1.0,1.9,53.6,1001.7,68.0,H,4,Catalunya,Red Bull Racing
39,4,VER,40,1,4,4,5,0,62,30.9,15.9,1.0,1.8,52.5,1001.6,69.0,H,5,Catalunya,Red Bull Racing
40,4,VER,41,2,4,4,5,0,61,32.0,15.9,1.0,1.8,52.5,1001.6,72.0,H,6,Catalunya,Red Bull Racing
41,4,VER,42,2,4,3,5,0,61,31.3,16.0,1.0,1.7,53.1,1001.6,91.0,H,7,Catalunya,Red Bull Racing
42,4,VER,43,2,3,3,5,0,61,30.3,16.1,1.0,0.8,51.2,1001.6,180.0,H,8,Catalunya,Red Bull Racing
43,4,VER,44,0,3,3,5,0,61,30.6,15.9,1.0,0.9,52.3,1001.6,36.0,H,9,Catalunya,Red Bull Racing
44,4,VER,45,0,3,3,5,0,61,33.4,16.2,1.0,2.7,52.4,1001.5,58.0,H,10,Catalunya,Red Bull Racing
45,4,VER,46,0,3,3,5,0,61,34.0,16.5,1.0,2.2,51.9,1001.6,78.0,H,11,Catalunya,Red Bull Racing
46,4,VER,47,0,3,3,5,0,61,34.3,16.7,1.0,2.2,51.6,1001.4,92.0,H,12,Catalunya,Red Bull Racing
47,4,VER,48,0,3,3,5,0,61,32.3,16.8,1.0,2.5,49.9,1001.4,63.0,H,13,Catalunya,Red Bull Racing
48,4,VER,49,0,3,3,5,0,61,31.9,16.8,1.0,2.7,49.7,1001.6,74.0,H,14,Catalunya,Red Bull Racing
49,4,VER,50,0,3,3,5,0,62,31.3,16.3,1.0,2.7,49.5,1001.5,79.0,H,15,Catalunya,Red Bull Racing
50,4,VER,51,0,3,3,5,0,62,31.2,15.8,1.0,1.9,50.7,1001.5,72.0,H,16,Catalunya,Red Bull Racing
51,4,VER,52,0,3,3,5,0,62,31.4,15.8,1.0,2.7,51.2,1001.5,97.0,H,17,Catalunya,Red Bull Racing
52,4,VER,53,0,3,3,5,0,62,31.4,15.8,1.0,1.5,52.2,1001.5,56.0,H,18,Catalunya,Red Bull Racing
53,4,VER,54,0,3,3,5,0,62,30.7,15.9,1.0,2.1,51.6,1001.4,65.0,H,19,Catalunya,Red Bull Racing
54,4,VER,55,0,3,3,5,0,62,30.7,16.0,1.0,2.7,51.7,1001.4,0.0,H,20,Catalunya,Red Bull Racing
55,4,VER,56,0,3,3,5,0,62,31.7,16.2,1.0,3.2,51.5,1001.4,72.0,H,21,Catalunya,Red Bull Racing
56,4,VER,57,0,3,3,5,0,62,33.2,16.1,1.0,2.1,51.8,1001.4,31.0,H,22,Catalunya,Red Bull Racing
57,4,VER,58,0,3,3,5,0,62,33.2,16.5,1.0,2.2,51.0,1001.5,77.0,H,23,Catalunya,Red Bull Racing
58,4,VER,59,0,3,3,5,0,62,33.2,16.7,1.0,2.9,50.4,1001.5,68.0,H,24,Catalunya,Red Bull Racing
59,4,VER,60,0,3,3,5,0,62,33.2,16.7,1.0,2.9,50.4,1001.5,68.0,H,25,Catalunya,Red Bull Racing
60,4,VER,61,0,3,3,5,0,62,32.4,16.7,0.0,2.2,50.4,1001.5,279.0,H,26,Catalunya,Red Bull Racing
61,4,VER,62,0,3,3,5,0,62,32.3,16.8,0.0,1.8,50.2,1001.4,76.0,H,27,Catalunya,Red Bull Racing
62,4,VER,63,0,3,3,5,0,62,32.3,17.0,0.0,2.2,50.1,1001.6,64.0,H,28,Catalunya,Red Bull Racing
63,4,VER,64,0,3,3,5,0,62,30.7,16.9,0.0,2.3,49.5,1001.5,99.0,H,29,Catalunya,Red Bull Racing
64,4,VER,65,0,3,3,5,0,62,30.7,16.9,0.0,2.3,49.5,1001.5,99.0,H,30,Catalunya,Red Bull Racing
65,4,VER,66,0,3,3,5,0,62,29.1,16.0,0.0,2.2,52.4,1001.7,71.0,H,31,Catalunya,Red Bull Racing
0,4,RIC,1,2,6,6,6,0,51,35.0,14.9,1.0,2.6,54.2,1001.6,78.0,M,3,Catalunya,Red Bull Racing
1,4,RIC,2,2,6,6,6,0,51,35.0,15.3,0.0,1.1,54.1,1001.6,219.0,M,4,Catalunya,Red Bull Racing
2,4,RIC,3,2,6,6,6,0,50,35.0,15.5,1.0,2.4,54.3,1001.6,161.0,M,5,Catalunya,Red Bull Racing
3,4,RIC,4,2,6,6,6,0,49,35.0,15.9,1.0,0.6,53.3,1001.5,230.0,M,6,Catalunya,Red Bull Racing
4,4,RIC,5,2,6,6,6,0,49,36.6,16.2,1.0,1.2,52.6,1001.5,280.0,M,7,Catalunya,Red Bull Racing
5,4,RIC,6,2,6,6,6,0,51,34.9,16.0,1.0,1.7,52.7,1001.4,177.0,M,8,Catalunya,Red Bull Racing
6,4,RIC,7,0,6,6,6,0,52,35.6,16.0,1.0,1.5,52.6,1001.4,271.0,M,9,Catalunya,Red Bull Racing
7,4,RIC,8,0,6,6,6,0,53,36.5,16.4,0.0,1.0,51.8,1001.4,263.0,M,10,Catalunya,Red Bull Racing
8,4,RIC,9,0,6,6,6,0,54,36.6,16.7,0.0,0.9,51.5,1001.3,37.0,M,11,Catalunya,Red Bull Racing
9,4,RIC,10,0,6,6,6,0,54,35.4,16.3,1.0,2.3,51.4,1001.5,12.0,M,12,Catalunya,Red Bull Racing
10,4,RIC,11,0,6,6,6,0,54,35.1,16.2,1.0,2.2,51.0,1001.4,51.0,M,13,Catalunya,Red Bull Racing
11,4,RIC,12,0,6,6,6,0,54,35.1,16.2,1.0,1.5,51.4,1001.4,50.0,M,14,Catalunya,Red Bull Racing
12,4,RIC,13,0,6,6,6,0,55,35.7,16.4,1.0,2.6,52.4,1001.4,0.0,M,15,Catalunya,Red Bull Racing
13,4,RIC,14,0,6,6,6,0,55,33.4,16.4,1.0,2.4,51.8,1001.5,349.0,M,16,Catalunya,Red Bull Racing
14,4,RIC,15,0,6,6,6,0,55,32.2,16.0,1.0,3.2,53.0,1001.5,325.0,M,17,Catalunya,Red Bull Racing
15,4,RIC,16,0,6,6,6,0,55,31.8,16.0,1.0,2.5,51.9,1001.4,55.0,M,18,Catalunya,Red Bull Racing
16,4,RIC,17,0,6,6,6,0,56,31.1,15.9,1.0,2.2,52.8,1001.5,40.0,M,19,Catalunya,Red Bull Racing
17,4,RIC,18,0,6,5,6,0,56,30.8,15.8,1.0,2.2,53.5,1001.5,83.0,M,20,Catalunya,Red Bull Racing
18,4,RIC,19,0,5,5,6,0,57,30.8,15.8,1.0,2.3,53.8,1001.5,54.0,M,21,Catalunya,Red Bull Racing
19,4,RIC,20,0,5,4,6,0,57,30.6,15.9,1.0,2.3,53.3,1001.4,64.0,M,22,Catalunya,Red Bull Racing
20,4,RIC,21,0,4,4,6,0,57,29.7,15.7,0.0,2.5,52.8,1001.5,57.0,M,23,Catalunya,Red Bull Racing
21,4,RIC,22,0,4,4,6,0,57,30.2,15.7,1.0,2.3,53.3,1001.4,68.0,M,24,Catalunya,Red Bull Racing
22,4,RIC,23,0,4,4,6,0,57,29.6,15.8,1.0,1.5,53.2,1001.7,39.0,M,25,Catalunya,Red Bull Racing
23,4,RIC,24,0,4,4,6,0,57,29.3,15.8,1.0,1.7,53.7,1001.7,64.0,M,26,Catalunya,Red Bull Racing
24,4,RIC,25,0,4,3,6,0,58,29.6,15.7,1.0,2.2,53.3,1001.7,15.0,M,27,Catalunya,Red Bull Racing
25,4,RIC,26,0,3,3,6,0,58,29.1,15.7,1.0,1.5,53.3,1001.6,68.0,M,28,Catalunya,Red Bull Racing
26,4,RIC,27,0,3,3,6,0,58,29.0,15.6,1.0,1.7,53.8,1001.7,61.0,M,29,Catalunya,Red Bull Racing
27,4,RIC,28,0,3,3,6,0,58,28.9,15.6,1.0,2.2,54.5,1001.7,83.0,M,30,Catalunya,Red Bull Racing
28,4,RIC,29,0,3,3,6,0,57,28.9,15.7,1.0,2.6,54.7,1001.7,68.0,M,31,Catalunya,Red Bull Racing
29,4,RIC,30,0,3,3,6,0,58,28.8,15.7,1.0,2.2,54.7,1001.7,64.0,M,32,Catalunya,Red Bull Racing
30,4,RIC,31,0,3,3,6,0,58,29.0,15.6,1.0,2.6,54.0,1001.8,77.0,M,33,Catalunya,Red Bull Racing
31,4,RIC,32,0,3,3,6,0,58,29.2,15.7,1.0,2.2,54.3,1001.7,65.0,M,34,Catalunya,Red Bull Racing
32,4,RIC,33,0,3,3,6,0,58,30.3,15.8,1.0,1.9,53.6,1001.7,68.0,M,35,Catalunya,Red Bull Racing
33,4,RIC,34,0,3,5,6,0,58,30.9,15.9,1.0,1.8,52.5,1001.6,69.0,H,0,Catalunya,Red Bull Racing
34,4,RIC,35,0,5,5,6,0,58,31.5,16.0,1.0,1.8,53.2,1001.6,33.0,H,1,Catalunya,Red Bull Racing
35,4,RIC,36,0,5,5,6,0,58,31.7,16.1,1.0,1.4,52.2,1001.7,247.0,H,2,Catalunya,Red Bull Racing
36,4,RIC,37,0,5,5,6,0,58,32.2,15.9,0.0,1.1,51.7,1001.6,27.0,H,3,Catalunya,Red Bull Racing
37,4,RIC,38,0,5,5,6,0,58,32.0,15.9,1.0,1.8,52.5,1001.6,72.0,H,4,Catalunya,Red Bull Racing
38,4,RIC,39,0,5,5,6,0,58,30.6,16.3,1.0,1.0,51.2,1001.7,111.0,H,5,Catalunya,Red Bull Racing
39,4,RIC,40,1,5,5,6,0,58,30.3,16.1,1.0,0.8,51.2,1001.6,180.0,H,6,Catalunya,Red Bull Racing
40,4,RIC,41,2,5,5,6,0,58,30.6,15.9,1.0,0.9,52.3,1001.6,36.0,H,7,Catalunya,Red Bull Racing
41,4,RIC,42,2,5,5,6,0,58,32.5,16.1,1.0,1.4,52.1,1001.6,3.0,H,8,Catalunya,Red Bull Racing
42,4,RIC,43,2,5,5,6,0,58,33.0,16.1,1.0,2.5,52.4,1001.5,77.0,H,9,Catalunya,Red Bull Racing
43,4,RIC,44,0,5,5,6,0,58,33.4,16.2,1.0,2.7,52.4,1001.5,58.0,H,10,Catalunya,Red Bull Racing
44,4,RIC,45,0,5,5,6,0,58,34.0,16.5,1.0,2.2,51.9,1001.6,78.0,H,11,Catalunya,Red Bull Racing
45,4,RIC,46,0,5,5,6,0,58,34.3,16.7,1.0,2.2,51.6,1001.4,92.0,H,12,Catalunya,Red Bull Racing
46,4,RIC,47,0,5,5,6,0,58,32.3,16.8,1.0,2.5,49.9,1001.4,63.0,H,13,Catalunya,Red Bull Racing
47,4,RIC,48,0,5,5,6,0,58,31.3,16.3,1.0,2.7,49.5,1001.5,79.0,H,14,Catalunya,Red Bull Racing
48,4,RIC,49,0,5,5,6,0,58,31.2,15.8,1.0,1.9,50.7,1001.5,72.0,H,15,Catalunya,Red Bull Racing
49,4,RIC,50,0,5,5,6,0,59,31.4,15.8,1.0,2.7,51.2,1001.5,97.0,H,16,Catalunya,Red Bull Racing
50,4,RIC,51,0,5,5,6,0,59,31.4,15.8,1.0,1.5,52.2,1001.5,56.0,H,17,Catalunya,Red Bull Racing
51,4,RIC,52,0,5,5,6,0,59,30.7,16.0,1.0,2.7,51.7,1001.4,0.0,H,18,Catalunya,Red Bull Racing
52,4,RIC,53,0,5,5,6,0,59,31.7,16.2,1.0,3.2,51.5,1001.4,72.0,H,19,Catalunya,Red Bull Racing
53,4,RIC,54,0,5,5,6,0,59,32.5,15.9,1.0,2.0,51.1,1001.5,73.0,H,20,Catalunya,Red Bull Racing
54,4,RIC,55,0,5,5,6,0,58,33.2,16.1,1.0,2.1,51.8,1001.4,31.0,H,21,Catalunya,Red Bull Racing
55,4,RIC,56,0,5,5,6,0,58,33.2,16.5,1.0,2.2,51.0,1001.5,77.0,H,22,Catalunya,Red Bull Racing
56,4,RIC,57,0,5,5,6,0,58,33.2,16.7,1.0,2.9,50.4,1001.5,68.0,H,23,Catalunya,Red Bull Racing
57,4,RIC,58,0,5,5,6,0,58,33.2,16.7,1.0,2.9,50.4,1001.5,68.0,H,24,Catalunya,Red Bull Racing
58,4,RIC,59,0,5,5,6,0,58,32.4,17.0,0.0,2.4,49.1,1001.5,52.0,H,25,Catalunya,Red Bull Racing
59,4,RIC,60,0,5,5,6,0,58,32.3,17.0,0.0,2.2,50.1,1001.6,64.0,H,26,Catalunya,Red Bull Racing
60,4,RIC,61,0,5,5,6,0,58,31.6,17.1,0.0,2.3,49.6,1001.6,65.0,H,27,Catalunya,Red Bull Racing
61,4,RIC,62,0,5,5,6,0,59,30.9,17.0,0.0,2.3,49.5,1001.6,90.0,H,28,Catalunya,Red Bull Racing
62,4,RIC,63,0,5,5,6,0,59,30.7,16.9,0.0,2.3,49.5,1001.5,99.0,H,29,Catalunya,Red Bull Racing
63,4,RIC,64,0,5,5,6,0,59,29.8,16.5,0.0,2.4,51.2,1001.6,62.0,H,30,Catalunya,Red Bull Racing
64,4,RIC,65,0,5,5,6,0,59,29.1,16.0,0.0,2.2,52.4,1001.7,71.0,H,31,Catalunya,Red Bull Racing
65,4,RIC,66,0,5,5,6,0,59,29.3,16.0,1.0,2.0,53.2,1001.6,77.0,H,32,Catalunya,Red Bull Racing
0,4,MAG,1,2,7,7,7,0,40,35.0,14.9,1.0,2.6,54.2,1001.6,78.0,M,4,Catalunya,Haas F1 Team
1,4,MAG,2,2,7,7,7,0,41,35.0,15.2,1.0,1.4,54.1,1001.6,96.0,M,5,Catalunya,Haas F1 Team
2,4,MAG,3,2,7,7,7,0,36,35.0,16.0,1.0,1.4,52.9,1001.5,0.0,M,6,Catalunya,Haas F1 Team
3,4,MAG,4,2,7,7,7,0,33,35.6,16.3,1.0,1.4,51.0,1001.5,189.0,M,7,Catalunya,Haas F1 Team
4,4,MAG,5,2,7,7,7,0,33,34.0,16.0,1.0,1.3,52.0,1001.4,293.0,M,8,Catalunya,Haas F1 Team
5,4,MAG,6,2,7,7,7,0,33,36.2,16.1,1.0,2.1,52.4,1001.4,279.0,M,9,Catalunya,Haas F1 Team
6,4,MAG,7,0,7,7,7,0,33,36.5,16.4,0.0,1.0,51.8,1001.4,263.0,M,10,Catalunya,Haas F1 Team
7,4,MAG,8,0,7,7,7,0,36,36.6,16.7,0.0,0.9,51.5,1001.3,37.0,M,11,Catalunya,Haas F1 Team
8,4,MAG,9,0,7,7,7,0,38,36.7,16.3,0.0,1.0,50.9,1001.4,52.0,M,12,Catalunya,Haas F1 Team
9,4,MAG,10,0,7,7,7,0,39,36.5,16.5,1.0,1.6,51.0,1001.4,20.0,M,13,Catalunya,Haas F1 Team
10,4,MAG,11,0,7,7,7,0,40,35.1,16.2,1.0,2.2,51.0,1001.4,51.0,M,14,Catalunya,Haas F1 Team
11,4,MAG,12,0,7,7,7,0,41,35.1,16.2,1.0,1.5,51.4,1001.4,50.0,M,15,Catalunya,Haas F1 Team
12,4,MAG,13,0,7,7,7,0,42,36.3,16.6,1.0,1.0,50.7,1001.5,282.0,M,16,Catalunya,Haas F1 Team
13,4,MAG,14,0,7,7,7,0,43,33.4,16.4,1.0,2.4,51.8,1001.5,349.0,M,17,Catalunya,Haas F1 Team
14,4,MAG,15,0,7,7,7,0,44,33.2,16.4,1.0,1.7,51.8,1001.5,334.0,M,18,Catalunya,Haas F1 Team
15,4,MAG,16,0,7,7,7,0,45,32.6,16.2,1.0,2.1,51.6,1001.5,18.0,M,19,Catalunya,Haas F1 Team
16,4,MAG,17,0,7,7,7,0,46,31.8,16.0,1.0,2.5,51.9,1001.4,55.0,M,20,Catalunya,Haas F1 Team
17,4,MAG,18,0,7,6,7,0,47,31.4,15.8,1.0,1.3,52.8,1001.5,68.0,M,21,Catalunya,Haas F1 Team
18,4,MAG,19,0,6,6,7,0,48,31.1,15.9,1.0,2.2,52.8,1001.5,40.0,M,22,Catalunya,Haas F1 Team
19,4,MAG,20,0,6,6,7,0,48,30.8,15.8,1.0,2.2,53.5,1001.5,83.0,M,23,Catalunya,Haas F1 Team
20,4,MAG,21,0,6,7,7,0,49,30.6,15.9,1.0,2.3,53.3,1001.4,64.0,M,24,Catalunya,Haas F1 Team
21,4,MAG,22,0,7,7,7,0,49,30.3,15.8,1.0,2.9,53.4,1001.4,23.0,M,25,Catalunya,Haas F1 Team
22,4,MAG,23,0,7,7,7,0,49,30.2,15.7,1.0,2.4,53.2,1001.5,61.0,M,26,Catalunya,Haas F1 Team
23,4,MAG,24,0,7,7,7,0,50,29.8,15.7,1.0,1.7,53.3,1001.5,69.0,M,27,Catalunya,Haas F1 Team
24,4,MAG,25,0,7,6,7,0,50,29.7,15.8,1.0,2.7,53.5,1001.6,40.0,M,28,Catalunya,Haas F1 Team
25,4,MAG,26,0,6,6,7,0,50,29.6,15.8,1.0,1.5,53.2,1001.7,39.0,M,29,Catalunya,Haas F1 Team
26,4,MAG,27,0,6,6,7,0,50,29.4,15.8,1.0,1.7,54.1,1001.7,52.0,M,30,Catalunya,Haas F1 Team
27,4,MAG,28,0,6,6,7,0,50,29.6,15.9,1.0,2.0,53.3,1001.6,59.0,M,31,Catalunya,Haas F1 Team
28,4,MAG,29,0,6,6,7,0,50,29.1,15.7,1.0,1.5,53.3,1001.6,68.0,M,32,Catalunya,Haas F1 Team
29,4,MAG,30,0,6,6,7,0,50,29.0,15.6,1.0,1.7,53.8,1001.7,61.0,M,33,Catalunya,Haas F1 Team
30,4,MAG,31,0,6,6,7,0,51,28.9,15.6,1.0,2.2,54.5,1001.7,83.0,M,34,Catalunya,Haas F1 Team
31,4,MAG,32,0,6,6,7,0,51,28.9,15.7,1.0,2.6,54.7,1001.7,68.0,M,35,Catalunya,Haas F1 Team
32,4,MAG,33,0,6,6,7,0,51,28.9,15.8,1.0,1.7,54.4,1001.8,79.0,H,0,Catalunya,Haas F1 Team
33,4,MAG,34,0,6,6,7,0,51,28.8,15.6,1.0,2.3,53.4,1001.8,69.0,H,1,Catalunya,Haas F1 Team
34,4,MAG,35,0,6,6,7,0,51,29.2,15.7,1.0,2.2,54.3,1001.7,65.0,H,2,Catalunya,Haas F1 Team
35,4,MAG,36,0,6,6,7,0,51,31.5,16.0,1.0,1.8,53.2,1001.6,33.0,H,3,Catalunya,Haas F1 Team
36,4,MAG,37,0,6,6,7,0,51,32.2,15.9,0.0,1.1,51.7,1001.6,27.0,H,4,Catalunya,Haas F1 Team
37,4,MAG,38,0,6,6,7,0,51,30.6,16.3,1.0,1.0,51.2,1001.7,111.0,H,5,Catalunya,Haas F1 Team
38,4,MAG,39,0,6,6,7,0,52,30.6,15.9,1.0,0.9,52.3,1001.6,36.0,H,6,Catalunya,Haas F1 Team
39,4,MAG,40,1,6,6,7,0,52,31.2,16.0,1.0,1.0,53.6,1001.6,305.0,H,7,Catalunya,Haas F1 Team
40,4,MAG,41,2,6,6,7,0,52,33.0,16.1,1.0,2.5,52.4,1001.5,77.0,H,8,Catalunya,Haas F1 Team
41,4,MAG,42,2,6,6,7,0,52,33.4,16.2,1.0,2.7,52.4,1001.5,58.0,H,9,Catalunya,Haas F1 Team
42,4,MAG,43,2,6,6,7,0,52,34.0,16.5,1.0,2.2,51.9,1001.6,78.0,H,10,Catalunya,Haas F1 Team
43,4,MAG,44,0,6,6,7,0,52,34.3,16.7,1.0,2.2,51.6,1001.4,92.0,H,11,Catalunya,Haas F1 Team
44,4,MAG,45,0,6,6,7,0,52,32.3,16.8,1.0,2.5,49.9,1001.4,63.0,H,12,Catalunya,Haas F1 Team
45,4,MAG,46,0,6,6,7,0,52,31.9,16.8,1.0,2.7,49.7,1001.6,74.0,H,13,Catalunya,Haas F1 Team
46,4,MAG,47,0,6,6,7,0,52,31.3,16.3,1.0,2.7,49.5,1001.5,79.0,H,14,Catalunya,Haas F1 Team
47,4,MAG,48,0,6,6,7,0,52,31.1,15.9,1.0,2.1,51.5,1001.5,72.0,H,15,Catalunya,Haas F1 Team
48,4,MAG,49,0,6,6,7,0,53,31.4,15.8,1.0,2.7,51.2,1001.5,97.0,H,16,Catalunya,Haas F1 Team
49,4,MAG,50,0,6,6,7,0,53,31.4,15.8,1.0,1.5,52.2,1001.5,56.0,H,17,Catalunya,Haas F1 Team
50,4,MAG,51,0,6,6,7,0,53,30.7,16.0,1.0,2.7,51.7,1001.4,0.0,H,18,Catalunya,Haas F1 Team
51,4,MAG,52,0,6,6,7,0,53,31.7,16.2,1.0,3.2,51.5,1001.4,72.0,H,19,Catalunya,Haas F1 Team
52,4,MAG,53,0,6,6,7,0,53,32.5,15.9,1.0,2.0,51.1,1001.5,73.0,H,20,Catalunya,Haas F1 Team
53,4,MAG,54,0,6,6,7,0,53,33.2,16.1,1.0,2.1,51.8,1001.4,31.0,H,21,Catalunya,Haas F1 Team
54,4,MAG,55,0,6,6,7,0,53,33.2,16.7,1.0,2.9,50.4,1001.5,68.0,H,22,Catalunya,Haas F1 Team
55,4,MAG,56,0,6,6,7,0,53,33.2,16.7,1.0,2.9,50.4,1001.5,68.0,H,23,Catalunya,Haas F1 Team
56,4,MAG,57,0,6,6,7,0,53,32.9,16.9,0.0,2.5,49.5,1001.6,64.0,H,24,Catalunya,Haas F1 Team
57,4,MAG,58,0,6,6,7,0,53,32.4,16.7,0.0,2.2,50.4,1001.5,279.0,H,25,Catalunya,Haas F1 Team
58,4,MAG,59,0,6,6,7,0,53,32.3,16.8,0.0,1.8,50.2,1001.4,76.0,H,26,Catalunya,Haas F1 Team
59,4,MAG,60,0,6,6,7,0,53,32.3,17.0,0.0,2.2,50.1,1001.6,64.0,H,27,Catalunya,Haas F1 Team
60,4,MAG,61,0,6,6,7,0,53,31.6,17.1,0.0,2.3,49.6,1001.6,65.0,H,28,Catalunya,Haas F1 Team
61,4,MAG,62,0,6,6,7,0,53,30.9,17.0,0.0,2.3,49.5,1001.6,90.0,H,29,Catalunya,Haas F1 Team
62,4,MAG,63,0,6,6,7,0,53,30.7,16.9,0.0,2.3,49.5,1001.5,99.0,H,30,Catalunya,Haas F1 Team
63,4,MAG,64,0,6,6,7,0,53,30.7,16.9,0.0,2.3,49.5,1001.5,99.0,H,31,Catalunya,Haas F1 Team
64,4,MAG,65,0,6,6,7,0,53,29.8,16.5,0.0,2.4,51.2,1001.6,62.0,H,32,Catalunya,Haas F1 Team
0,4,ALO,1,2,11,11,11,0,54,35.0,14.9,1.0,2.6,54.2,1001.6,78.0,S,3,Catalunya,McLaren
1,4,ALO,2,2,11,11,11,0,54,35.0,15.2,1.0,1.4,54.1,1001.6,96.0,S,4,Catalunya,McLaren
2,4,ALO,3,2,11,11,11,0,60,35.0,15.5,1.0,2.4,54.3,1001.6,161.0,S,5,Catalunya,McLaren
3,4,ALO,4,2,11,11,11,0,59,35.0,16.0,1.0,1.4,52.9,1001.5,0.0,S,6,Catalunya,McLaren
4,4,ALO,5,2,11,11,11,0,59,36.6,16.2,1.0,1.2,52.6,1001.5,280.0,S,7,Catalunya,McLaren
5,4,ALO,6,2,11,11,11,0,60,34.0,15.9,1.0,1.3,52.0,1001.4,342.0,S,8,Catalunya,McLaren
6,4,ALO,7,0,11,10,11,0,62,34.9,16.0,1.0,1.7,52.7,1001.4,177.0,S,9,Catalunya,McLaren
7,4,ALO,8,0,10,10,11,0,63,35.6,16.0,1.0,1.5,52.6,1001.4,271.0,S,10,Catalunya,McLaren
8,4,ALO,9,0,10,10,11,0,62,36.2,16.1,1.0,2.1,52.4,1001.4,279.0,S,11,Catalunya,McLaren
9,4,ALO,10,0,10,10,11,0,61,36.5,16.4,0.0,1.0,51.8,1001.4,263.0,S,12,Catalunya,McLaren
10,4,ALO,11,0,10,10,11,0,61,36.6,16.7,0.0,0.9,51.5,1001.3,37.0,S,13,Catalunya,McLaren
11,4,ALO,12,0,10,10,11,0,61,36.7,16.4,0.0,2.5,50.3,1001.3,283.0,S,14,Catalunya,McLaren
12,4,ALO,13,0,10,10,11,0,62,36.7,16.3,0.0,1.0,50.9,1001.4,52.0,S,15,Catalunya,McLaren
13,4,ALO,14,0,10,10,11,0,63,35.1,16.2,1.0,2.2,51.0,1001.4,51.0,S,16,Catalunya,McLaren
14,4,ALO,15,0,10,10,11,0,64,35.1,16.2,1.0,1.5,51.4,1001.4,50.0,S,17,Catalunya,McLaren
15,4,ALO,16,0,10,10,11,0,65,35.7,16.4,1.0,2.6,52.4,1001.4,0.0,S,18,Catalunya,McLaren
16,4,ALO,17,0,10,10,11,0,66,36.3,16.6,1.0,1.0,50.7,1001.5,282.0,S,19,Catalunya,McLaren
17,4,ALO,18,0,10,10,11,0,66,35.8,16.5,1.0,1.5,50.2,1001.3,72.0,S,20,Catalunya,McLaren
18,4,ALO,19,0,10,10,11,0,67,33.4,16.4,1.0,2.4,51.8,1001.5,349.0,S,21,Catalunya,McLaren
19,4,ALO,20,0,10,9,11,0,68,33.2,16.4,1.0,1.7,51.8,1001.5,334.0,S,22,Catalunya,McLaren
20,4,ALO,21,0,9,10,11,0,68,32.6,16.2,1.0,2.1,51.6,1001.5,18.0,S,23,Catalunya,McLaren
21,4,ALO,22,0,10,16,11,0,69,31.8,16.0,1.0,2.5,51.9,1001.4,55.0,H,0,Catalunya,McLaren
22,4,ALO,23,0,16,16,11,0,69,30.8,15.8,1.0,2.2,53.5,1001.5,83.0,H,1,Catalunya,McLaren
23,4,ALO,24,0,16,15,11,0,69,30.3,15.8,1.0,2.9,53.4,1001.4,23.0,H,2,Catalunya,McLaren
24,4,ALO,25,0,15,15,11,0,69,29.7,15.7,0.0,2.5,52.8,1001.5,57.0,H,3,Catalunya,McLaren
25,4,ALO,26,0,15,13,11,0,69,30.2,15.7,1.0,2.3,53.3,1001.4,68.0,H,4,Catalunya,McLaren
26,4,ALO,27,0,13,12,11,0,69,30.2,15.7,1.0,2.4,53.2,1001.5,61.0,H,5,Catalunya,McLaren
27,4,ALO,28,0,12,12,11,0,69,29.8,15.7,1.0,1.7,53.3,1001.5,69.0,H,6,Catalunya,McLaren
28,4,ALO,29,0,12,12,11,0,69,29.6,15.9,1.0,2.0,53.3,1001.6,59.0,H,7,Catalunya,McLaren
29,4,ALO,30,0,12,11,11,0,69,29.6,15.7,1.0,2.2,53.3,1001.7,15.0,H,8,Catalunya,McLaren
30,4,ALO,31,0,11,11,11,0,69,28.9,15.6,1.0,2.2,54.5,1001.7,83.0,H,9,Catalunya,McLaren
31,4,ALO,32,0,11,11,11,0,69,28.9,15.7,1.0,2.6,54.7,1001.7,68.0,H,10,Catalunya,McLaren
32,4,ALO,33,0,11,11,11,0,69,28.8,15.7,1.0,2.2,54.7,1001.7,64.0,H,11,Catalunya,McLaren
33,4,ALO,34,0,11,11,11,0,69,29.0,15.6,1.0,2.6,54.0,1001.8,77.0,H,12,Catalunya,McLaren
34,4,ALO,35,0,11,9,11,0,69,29.2,15.7,1.0,2.2,54.3,1001.7,65.0,H,13,Catalunya,McLaren
35,4,ALO,36,0,9,9,11,0,69,30.3,15.8,1.0,1.9,53.6,1001.7,68.0,H,14,Catalunya,McLaren
36,4,ALO,37,0,9,9,11,0,69,31.5,16.0,1.0,1.8,53.2,1001.6,33.0,H,15,Catalunya,McLaren
37,4,ALO,38,0,9,9,11,0,69,31.7,16.1,1.0,1.4,52.2,1001.7,247.0,H,16,Catalunya,McLaren
38,4,ALO,39,0,9,9,11,0,69,31.3,16.0,1.0,1.7,53.1,1001.6,91.0,H,17,Catalunya,McLaren
39,4,ALO,40,1,9,9,11,0,69,30.7,16.2,1.0,1.4,52.6,1001.6,117.0,H,18,Catalunya,McLaren
40,4,ALO,41,2,9,9,11,0,68,30.6,16.3,1.0,1.0,51.2,1001.7,111.0,H,19,Catalunya,McLaren
41,4,ALO,42,2,9,8,11,0,68,30.3,16.1,1.0,0.8,51.2,1001.6,180.0,H,20,Catalunya,McLaren
42,4,ALO,43,2,8,8,11,0,68,31.2,16.0,1.0,1.0,53.6,1001.6,305.0,H,21,Catalunya,McLaren
43,4,ALO,44,0,8,8,11,0,68,33.0,16.1,1.0,2.5,52.4,1001.5,77.0,H,22,Catalunya,McLaren
44,4,ALO,45,0,8,8,11,0,68,33.4,16.2,1.0,2.7,52.4,1001.5,58.0,H,23,Catalunya,McLaren
45,4,ALO,46,0,8,8,11,0,68,34.3,16.7,1.0,2.2,51.6,1001.4,92.0,H,24,Catalunya,McLaren
46,4,ALO,47,0,8,8,11,0,68,32.3,16.8,1.0,2.5,49.9,1001.4,63.0,H,25,Catalunya,McLaren
47,4,ALO,48,0,8,8,11,0,68,31.9,16.8,1.0,2.7,49.7,1001.6,74.0,H,26,Catalunya,McLaren
48,4,ALO,49,0,8,8,11,0,68,31.3,16.3,1.0,2.7,49.5,1001.5,79.0,H,27,Catalunya,McLaren
49,4,ALO,50,0,8,8,11,0,68,31.2,15.8,1.0,1.9,50.7,1001.5,72.0,H,28,Catalunya,McLaren
50,4,ALO,51,0,8,8,11,0,68,31.1,15.9,1.0,2.1,51.5,1001.5,72.0,H,29,Catalunya,McLaren
51,4,ALO,52,0,8,8,11,0,68,30.7,15.9,1.0,2.1,51.6,1001.4,65.0,H,30,Catalunya,McLaren
52,4,ALO,53,0,8,8,11,0,68,31.7,16.2,1.0,3.2,51.5,1001.4,72.0,H,31,Catalunya,McLaren
53,4,ALO,54,0,8,8,11,0,68,32.5,15.9,1.0,2.0,51.1,1001.5,73.0,H,32,Catalunya,McLaren
54,4,ALO,55,0,8,8,11,0,68,33.2,16.7,1.0,2.9,50.4,1001.5,68.0,H,33,Catalunya,McLaren
55,4,ALO,56,0,8,8,11,0,68,33.2,16.7,1.0,2.9,50.4,1001.5,68.0,H,34,Catalunya,McLaren
56,4,ALO,57,0,8,8,11,0,68,32.9,16.9,0.0,2.5,49.5,1001.6,64.0,H,35,Catalunya,McLaren
57,4,ALO,58,0,8,8,11,0,68,32.4,16.7,0.0,2.2,50.4,1001.5,279.0,H,36,Catalunya,McLaren
58,4,ALO,59,0,8,8,11,0,68,32.4,17.0,0.0,2.4,49.1,1001.5,52.0,H,37,Catalunya,McLaren
59,4,ALO,60,0,8,8,11,0,68,31.6,17.1,0.0,2.3,49.6,1001.6,65.0,H,38,Catalunya,McLaren
60,4,ALO,61,0,8,8,11,0,68,30.9,17.0,0.0,2.3,49.5,1001.6,90.0,H,39,Catalunya,McLaren
61,4,ALO,62,0,8,8,11,0,68,30.7,16.9,0.0,2.3,49.5,1001.5,99.0,H,40,Catalunya,McLaren
62,4,ALO,63,0,8,8,11,0,69,30.7,16.9,0.0,2.3,49.5,1001.5,99.0,H,41,Catalunya,McLaren
63,4,ALO,64,0,8,8,11,0,69,29.1,16.0,0.0,2.2,52.4,1001.7,71.0,H,42,Catalunya,McLaren
64,4,ALO,65,0,8,8,11,0,69,29.3,16.0,1.0,2.0,53.2,1001.6,77.0,H,43,Catalunya,McLaren
0,4,SAI,1,2,8,8,8,0,47,35.0,14.9,1.0,2.6,54.2,1001.6,78.0,M,4,Catalunya,Renault
1,4,SAI,2,2,8,8,8,0,45,35.0,15.3,0.0,1.1,54.1,1001.6,219.0,M,5,Catalunya,Renault
2,4,SAI,3,2,8,8,8,0,46,35.0,15.5,1.0,2.4,54.3,1001.6,161.0,M,6,Catalunya,Renault
3,4,SAI,4,2,8,8,8,0,45,35.0,16.0,1.0,1.4,52.9,1001.5,0.0,M,7,Catalunya,Renault
4,4,SAI,5,2,8,8,8,0,45,35.6,16.3,1.0,1.4,51.0,1001.5,189.0,M,8,Catalunya,Renault
5,4,SAI,6,2,8,8,8,0,48,34.0,16.0,1.0,1.3,52.0,1001.4,293.0,M,9,Catalunya,Renault
6,4,SAI,7,0,8,8,8,0,49,34.0,15.9,1.0,1.3,52.0,1001.4,342.0,M,10,Catalunya,Renault
7,4,SAI,8,0,8,8,8,0,51,34.9,16.0,1.0,1.7,52.7,1001.4,177.0,M,11,Catalunya,Renault
8,4,SAI,9,0,8,8,8,0,52,35.6,16.0,1.0,1.5,52.6,1001.4,271.0,M,12,Catalunya,Renault
9,4,SAI,10,0,8,8,8,0,52,36.5,16.4,0.0,1.0,51.8,1001.4,263.0,M,13,Catalunya,Renault
10,4,SAI,11,0,8,8,8,0,52,36.7,16.4,0.0,2.5,50.3,1001.3,283.0,M,14,Catalunya,Renault
11,4,SAI,12,0,8,8,8,0,53,36.7,16.3,0.0,1.0,50.9,1001.4,52.0,M,15,Catalunya,Renault
12,4,SAI,13,0,8,8,8,0,55,35.4,16.3,1.0,2.3,51.4,1001.5,12.0,M,16,Catalunya,Renault
13,4,SAI,14,0,8,8,8,0,56,35.1,16.2,1.0,1.5,51.4,1001.4,50.0,M,17,Catalunya,Renault
14,4,SAI,15,0,8,8,8,0,57,35.7,16.4,1.0,2.6,52.4,1001.4,0.0,M,18,Catalunya,Renault
15,4,SAI,16,0,8,8,8,0,58,33.4,16.4,1.0,2.4,51.8,1001.5,349.0,M,19,Catalunya,Renault
16,4,SAI,17,0,8,8,8,0,59,32.6,16.2,1.0,2.1,51.6,1001.5,18.0,M,20,Catalunya,Renault
17,4,SAI,18,0,8,8,8,0,60,32.5,16.1,1.0,2.0,51.2,1001.5,62.0,M,21,Catalunya,Renault
18,4,SAI,19,0,8,8,8,0,60,32.2,16.0,1.0,3.2,53.0,1001.5,325.0,M,22,Catalunya,Renault
19,4,SAI,20,0,8,8,8,0,61,31.8,16.0,1.0,2.5,51.9,1001.4,55.0,M,23,Catalunya,Renault
20,4,SAI,21,0,8,8,8,0,62,31.4,15.8,1.0,1.3,52.8,1001.5,68.0,M,24,Catalunya,Renault
21,4,SAI,22,0,8,8,8,0,62,30.8,15.8,1.0,2.3,53.8,1001.5,54.0,M,25,Catalunya,Renault
22,4,SAI,23,0,8,8,8,0,62,30.6,15.9,1.0,2.3,53.3,1001.4,64.0,M,26,Catalunya,Renault
23,4,SAI,24,0,8,8,8,0,63,30.3,15.8,1.0,2.9,53.4,1001.4,23.0,M,27,Catalunya,Renault
24,4,SAI,25,0,8,7,8,0,63,29.7,15.7,0.0,2.5,52.8,1001.5,57.0,M,28,Catalunya,Renault
25,4,SAI,26,0,7,10,8,0,63,30.2,15.7,1.0,2.3,53.3,1001.4,68.0,H,0,Catalunya,Renault
26,4,SAI,27,0,10,10,8,0,63,30.2,15.7,1.0,2.4,53.2,1001.5,61.0,H,1,Catalunya,Renault
27,4,SAI,28,0,10,10,8,0,63,29.7,15.8,1.0,2.7,53.5,1001.6,40.0,H,2,Catalunya,Renault
28,4,SAI,29,0,10,10,8,0,63,29.6,15.8,1.0,1.5,53.2,1001.7,39.0,H,3,Catalunya,Renault
29,4,SAI,30,0,10,9,8,0,63,29.4,15.8,1.0,1.7,54.1,1001.7,52.0,H,4,Catalunya,Renault
30,4,SAI,31,0,9,9,8,0,63,29.6,15.9,1.0,2.0,53.3,1001.6,59.0,H,5,Catalunya,Renault
31,4,SAI,32,0,9,9,8,0,63,29.1,15.7,1.0,1.5,53.3,1001.6,68.0,H,6,Catalunya,Renault
32,4,SAI,33,0,9,9,8,0,63,28.8,15.7,1.0,2.2,54.7,1001.7,64.0,H,7,Catalunya,Renault
33,4,SAI,34,0,9,9,8,0,63,29.2,15.7,1.0,2.2,54.3,1001.7,65.0,H,8,Catalunya,Renault
34,4,SAI,35,0,9,7,8,0,63,30.3,15.8,1.0,1.9,53.6,1001.7,68.0,H,9,Catalunya,Renault
35,4,SAI,36,0,7,7,8,0,63,31.5,16.0,1.0,1.8,53.2,1001.6,33.0,H,10,Catalunya,Renault
36,4,SAI,37,0,7,7,8,0,63,31.7,16.1,1.0,1.4,52.2,1001.7,247.0,H,11,Catalunya,Renault
37,4,SAI,38,0,7,7,8,0,63,32.2,15.9,0.0,1.1,51.7,1001.6,27.0,H,12,Catalunya,Renault
38,4,SAI,39,0,7,7,8,0,63,32.0,15.9,1.0,1.8,52.5,1001.6,72.0,H,13,Catalunya,Renault
39,4,SAI,40,1,7,7,8,0,63,31.3,16.0,1.0,1.7,53.1,1001.6,91.0,H,14,Catalunya,Renault
40,4,SAI,41,2,7,7,8,0,63,30.7,16.2,1.0,1.4,52.6,1001.6,117.0,H,15,Catalunya,Renault
41,4,SAI,42,2,7,7,8,0,63,30.6,15.9,1.0,0.9,52.3,1001.6,36.0,H,16,Catalunya,Renault
42,4,SAI,43,2,7,7,8,0,63,31.2,16.0,1.0,1.0,53.6,1001.6,305.0,H,17,Catalunya,Renault
43,4,SAI,44,0,7,7,8,0,63,32.5,16.1,1.0,1.4,52.1,1001.6,3.0,H,18,Catalunya,Renault
44,4,SAI,45,0,7,7,8,0,63,33.0,16.1,1.0,2.5,52.4,1001.5,77.0,H,19,Catalunya,Renault
45,4,SAI,46,0,7,7,8,0,63,34.3,16.7,1.0,2.2,51.6,1001.4,92.0,H,20,Catalunya,Renault
46,4,SAI,47,0,7,7,8,0,63,32.3,16.8,1.0,2.5,49.9,1001.4,63.0,H,21,Catalunya,Renault
47,4,SAI,48,0,7,7,8,0,63,31.9,16.8,1.0,2.7,49.7,1001.6,74.0,H,22,Catalunya,Renault
48,4,SAI,49,0,7,7,8,0,63,31.2,15.8,1.0,1.9,50.7,1001.5,72.0,H,23,Catalunya,Renault
49,4,SAI,50,0,7,7,8,0,63,31.1,15.9,1.0,2.1,51.5,1001.5,72.0,H,24,Catalunya,Renault
50,4,SAI,51,0,7,7,8,0,63,31.4,15.8,1.0,2.7,51.2,1001.5,97.0,H,25,Catalunya,Renault
51,4,SAI,52,0,7,7,8,0,63,30.7,15.9,1.0,2.1,51.6,1001.4,65.0,H,26,Catalunya,Renault
52,4,SAI,53,0,7,7,8,0,63,30.7,16.0,1.0,2.7,51.7,1001.4,0.0,H,27,Catalunya,Renault
53,4,SAI,54,0,7,7,8,0,63,32.5,15.9,1.0,2.0,51.1,1001.5,73.0,H,28,Catalunya,Renault
54,4,SAI,55,0,7,7,8,0,63,33.2,16.1,1.0,2.1,51.8,1001.4,31.0,H,29,Catalunya,Renault
55,4,SAI,56,0,7,7,8,0,63,33.2,16.5,1.0,2.2,51.0,1001.5,77.0,H,30,Catalunya,Renault
56,4,SAI,57,0,7,7,8,0,63,32.9,16.9,0.0,2.5,49.5,1001.6,64.0,H,31,Catalunya,Renault
57,4,SAI,58,0,7,7,8,0,63,32.4,16.7,0.0,2.2,50.4,1001.5,279.0,H,32,Catalunya,Renault
58,4,SAI,59,0,7,7,8,0,63,32.3,17.0,0.0,2.2,50.1,1001.6,64.0,H,33,Catalunya,Renault
59,4,SAI,60,0,7,7,8,0,63,31.6,17.1,0.0,2.3,49.6,1001.6,65.0,H,34,Catalunya,Renault
60,4,SAI,61,0,7,7,8,0,63,30.9,17.0,0.0,2.3,49.5,1001.6,90.0,H,35,Catalunya,Renault
61,4,SAI,62,0,7,7,8,0,63,30.7,16.9,0.0,2.3,49.5,1001.5,99.0,H,36,Catalunya,Renault
62,4,SAI,63,0,7,7,8,0,63,30.7,16.9,0.0,2.3,49.5,1001.5,99.0,H,37,Catalunya,Renault
63,4,SAI,64,0,7,7,8,0,63,29.8,16.5,0.0,2.4,51.2,1001.6,62.0,H,38,Catalunya,Renault
64,4,SAI,65,0,7,7,8,0,63,29.3,16.0,1.0,2.0,53.2,1001.6,77.0,H,39,Catalunya,Renault
0,4,VAN,1,2,14,14,14,0,52,35.0,14.9,1.0,2.6,54.2,1001.6,78.0,M,3,Catalunya,McLaren
1,4,VAN,2,2,14,14,14,0,48,35.0,16.0,1.0,1.4,52.9,1001.5,0.0,M,4,Catalunya,McLaren
2,4,VAN,3,2,14,14,14,0,49,35.6,16.3,1.0,1.4,51.0,1001.5,189.0,M,5,Catalunya,McLaren
3,4,VAN,4,2,14,14,14,0,52,34.0,16.0,1.0,1.3,52.0,1001.4,293.0,M,6,Catalunya,McLaren
4,4,VAN,5,2,14,14,14,0,54,35.6,16.0,1.0,1.5,52.6,1001.4,271.0,M,7,Catalunya,McLaren
5,4,VAN,6,2,14,14,14,0,58,36.2,16.1,1.0,2.1,52.4,1001.4,279.0,M,8,Catalunya,McLaren
6,4,VAN,7,0,14,14,14,0,61,36.7,16.3,0.0,1.0,50.9,1001.4,52.0,M,9,Catalunya,McLaren
7,4,VAN,8,0,14,14,14,0,64,36.5,16.5,1.0,1.6,51.0,1001.4,20.0,M,10,Catalunya,McLaren
8,4,VAN,9,0,14,14,14,0,64,35.4,16.3,1.0,2.3,51.4,1001.5,12.0,M,11,Catalunya,McLaren
9,4,VAN,10,0,14,14,14,0,63,35.1,16.2,1.0,2.2,51.0,1001.4,51.0,M,12,Catalunya,McLaren
10,4,VAN,11,0,14,14,14,0,63,35.8,16.5,1.0,1.5,50.2,1001.3,72.0,M,13,Catalunya,McLaren
11,4,VAN,12,0,14,14,14,0,63,32.6,16.2,1.0,2.1,51.6,1001.5,18.0,M,14,Catalunya,McLaren
12,4,VAN,13,0,14,14,14,0,64,32.5,16.1,1.0,2.0,51.2,1001.5,62.0,M,15,Catalunya,McLaren
13,4,VAN,14,0,14,14,14,0,65,32.2,16.0,1.0,3.2,53.0,1001.5,325.0,M,16,Catalunya,McLaren
14,4,VAN,15,0,14,14,14,0,66,29.8,15.7,1.0,1.7,53.3,1001.5,69.0,M,17,Catalunya,McLaren
15,4,VAN,16,0,14,14,14,0,67,29.6,15.8,1.0,1.5,53.2,1001.7,39.0,M,18,Catalunya,McLaren
16,4,VAN,17,0,14,14,14,0,68,29.6,15.9,1.0,2.0,53.3,1001.6,59.0,M,19,Catalunya,McLaren
17,4,VAN,18,0,14,14,14,0,69,29.1,15.7,1.0,1.5,53.3,1001.6,68.0,M,20,Catalunya,McLaren
18,4,VAN,19,0,14,14,14,0,69,29.0,15.6,1.0,1.7,53.8,1001.7,61.0,M,21,Catalunya,McLaren
19,4,VAN,20,0,14,13,14,0,70,28.9,15.6,1.0,2.2,54.5,1001.7,83.0,M,22,Catalunya,McLaren
20,4,VAN,21,0,13,12,14,0,70,28.8,15.7,1.0,2.2,54.7,1001.7,64.0,M,23,Catalunya,McLaren
21,4,VAN,22,0,12,11,14,0,71,28.8,15.6,1.0,2.3,53.4,1001.8,69.0,M,24,Catalunya,McLaren
22,4,VAN,23,0,11,11,14,0,71,29.2,15.7,1.0,2.2,54.3,1001.7,65.0,M,25,Catalunya,McLaren
23,4,VAN,24,0,11,11,14,0,71,30.9,15.9,1.0,1.8,52.5,1001.6,69.0,M,26,Catalunya,McLaren
24,4,VAN,25,0,11,10,14,0,71,31.5,16.0,1.0,1.8,53.2,1001.6,33.0,M,27,Catalunya,McLaren
25,4,VAN,26,0,10,8,14,0,71,31.7,16.1,1.0,1.4,52.2,1001.7,247.0,M,28,Catalunya,McLaren
26,4,VAN,27,0,8,8,14,0,71,32.0,15.9,1.0,1.8,52.5,1001.6,72.0,M,29,Catalunya,McLaren
27,4,VAN,28,0,8,8,14,0,72,31.3,16.0,1.0,1.7,53.1,1001.6,91.0,M,30,Catalunya,McLaren
28,4,VAN,29,0,8,8,14,0,72,30.6,16.3,1.0,1.0,51.2,1001.7,111.0,M,31,Catalunya,McLaren
29,4,VAN,30,0,8,7,14,0,72,32.5,16.1,1.0,1.4,52.1,1001.6,3.0,M,32,Catalunya,McLaren
30,4,VAN,31,0,7,7,14,0,72,33.0,16.1,1.0,2.5,52.4,1001.5,77.0,M,33,Catalunya,McLaren
31,4,VAN,32,0,7,7,14,0,72,33.4,16.2,1.0,2.7,52.4,1001.5,58.0,M,34,Catalunya,McLaren
32,4,VAN,33,0,7,7,14,0,72,34.3,16.7,1.0,2.2,51.6,1001.4,92.0,M,35,Catalunya,McLaren
33,4,VAN,34,0,7,8,14,0,73,32.3,16.8,1.0,2.5,49.9,1001.4,63.0,M,36,Catalunya,McLaren
34,4,VAN,35,0,8,13,14,0,73,31.9,16.8,1.0,2.7,49.7,1001.6,74.0,H,0,Catalunya,McLaren
35,4,VAN,36,0,13,13,14,0,73,31.3,16.3,1.0,2.7,49.5,1001.5,79.0,H,1,Catalunya,McLaren
36,4,VAN,37,0,13,13,14,0,73,31.2,15.8,1.0,1.9,50.7,1001.5,72.0,H,2,Catalunya,McLaren
37,4,VAN,38,0,13,13,14,0,73,30.7,15.9,1.0,2.1,51.6,1001.4,65.0,H,3,Catalunya,McLaren
38,4,VAN,39,0,13,13,14,0,73,30.7,16.0,1.0,2.7,51.7,1001.4,0.0,H,4,Catalunya,McLaren
39,4,VAN,40,1,13,13,14,0,73,33.2,16.1,1.0,2.1,51.8,1001.4,31.0,H,5,Catalunya,McLaren
40,4,VAN,41,2,13,13,14,0,73,33.2,16.5,1.0,2.2,51.0,1001.5,77.0,H,6,Catalunya,McLaren
41,4,VAN,42,2,13,13,14,0,73,31.6,17.1,0.0,2.3,49.6,1001.6,65.0,H,7,Catalunya,McLaren
42,4,VAN,43,2,13,13,14,0,73,30.7,16.9,0.0,2.3,49.5,1001.5,99.0,H,8,Catalunya,McLaren
43,4,VAN,44,0,13,13,14,0,73,29.1,16.0,0.0,2.2,52.4,1001.7,71.0,H,9,Catalunya,McLaren
44,4,VAN,45,0,13,13,14,1,73,29.3,16.0,1.0,2.0,53.2,1001.6,77.0,H,10,Catalunya,McLaren
0,4,OCO,1,2,10,10,10,0,44,35.0,14.9,1.0,2.6,54.2,1001.6,78.0,M,0,Catalunya,Force India
1,4,OCO,2,2,10,10,10,0,51,35.0,15.9,1.0,0.6,53.3,1001.5,230.0,M,1,Catalunya,Force India
2,4,OCO,3,2,10,10,10,0,53,35.6,16.3,1.0,1.4,51.0,1001.5,189.0,M,2,Catalunya,Force India
3,4,OCO,4,2,10,10,10,0,52,35.6,16.0,1.0,1.5,52.6,1001.4,271.0,M,3,Catalunya,Force India
4,4,OCO,5,2,10,10,10,0,53,36.7,16.3,0.0,1.0,50.9,1001.4,52.0,M,4,Catalunya,Force India
5,4,OCO,6,2,10,10,10,0,54,36.5,16.5,1.0,1.6,51.0,1001.4,20.0,M,5,Catalunya,Force India
6,4,OCO,7,0,10,11,10,0,55,35.4,16.3,1.0,2.3,51.4,1001.5,12.0,M,6,Catalunya,Force India
7,4,OCO,8,0,11,11,10,0,55,35.1,16.2,1.0,1.5,51.4,1001.4,50.0,M,7,Catalunya,Force India
8,4,OCO,9,0,11,11,10,0,55,32.6,16.2,1.0,2.1,51.6,1001.5,18.0,M,8,Catalunya,Force India
9,4,OCO,10,0,11,11,10,0,55,30.6,15.9,1.0,2.3,53.3,1001.4,64.0,M,9,Catalunya,Force India
10,4,OCO,11,0,11,11,10,0,55,30.3,15.8,1.0,2.9,53.4,1001.4,23.0,M,10,Catalunya,Force India
11,4,OCO,12,0,11,11,10,0,55,29.7,15.7,0.0,2.5,52.8,1001.5,57.0,M,11,Catalunya,Force India
12,4,OCO,13,0,11,11,10,0,56,30.2,15.7,1.0,2.3,53.3,1001.4,68.0,M,12,Catalunya,Force India
13,4,OCO,14,0,11,11,10,0,56,29.8,15.7,1.0,1.7,53.3,1001.5,69.0,M,13,Catalunya,Force India
14,4,OCO,15,0,11,11,10,0,56,29.7,15.8,1.0,2.7,53.5,1001.6,40.0,M,14,Catalunya,Force India
15,4,OCO,16,0,11,11,10,0,57,29.6,15.8,1.0,1.5,53.2,1001.7,39.0,M,15,Catalunya,Force India
16,4,OCO,17,0,11,11,10,0,57,29.4,15.8,1.0,1.7,54.1,1001.7,52.0,M,16,Catalunya,Force India
17,4,OCO,18,0,11,11,10,0,57,29.3,15.8,1.0,1.7,53.7,1001.7,64.0,M,17,Catalunya,Force India
18,4,OCO,19,0,11,11,10,0,57,28.9,15.6,1.0,2.2,54.5,1001.7,83.0,M,18,Catalunya,Force India
19,4,OCO,20,0,11,11,10,0,57,28.9,15.8,1.0,1.7,54.4,1001.8,79.0,M,19,Catalunya,Force India
20,4,OCO,21,0,11,9,10,0,58,29.0,15.6,1.0,2.6,54.0,1001.8,77.0,M,20,Catalunya,Force India
21,4,OCO,22,0,9,9,10,0,58,28.8,15.6,1.0,2.3,53.4,1001.8,69.0,M,21,Catalunya,Force India
22,4,OCO,23,0,9,9,10,0,58,30.9,15.9,1.0,1.8,52.5,1001.6,69.0,M,22,Catalunya,Force India
23,4,OCO,24,0,9,9,10,0,58,31.7,16.1,1.0,1.4,52.2,1001.7,247.0,M,23,Catalunya,Force India
24,4,OCO,25,0,9,8,10,0,58,31.3,16.0,1.0,1.7,53.1,1001.6,91.0,M,24,Catalunya,Force India
25,4,OCO,26,0,8,7,10,0,57,30.7,16.2,1.0,1.4,52.6,1001.6,117.0,M,25,Catalunya,Force India
26,4,OCO,27,0,7,7,10,0,57,30.6,16.3,1.0,1.0,51.2,1001.7,111.0,M,26,Catalunya,Force India
27,4,OCO,28,0,7,7,10,0,57,33.4,16.2,1.0,2.7,52.4,1001.5,58.0,M,27,Catalunya,Force India
28,4,OCO,29,0,7,7,10,0,57,31.9,16.8,1.0,2.7,49.7,1001.6,74.0,M,28,Catalunya,Force India
29,4,OCO,30,0,7,16,10,0,57,31.2,15.8,1.0,1.9,50.7,1001.5,72.0,H,0,Catalunya,Force India
30,4,OCO,31,0,16,16,10,0,57,31.7,16.2,1.0,3.2,51.5,1001.4,72.0,H,1,Catalunya,Force India
31,4,OCO,32,0,16,16,10,0,57,32.5,15.9,1.0,2.0,51.1,1001.5,73.0,H,2,Catalunya,Force India
32,4,OCO,33,0,16,16,10,0,57,33.2,16.5,1.0,2.2,51.0,1001.5,77.0,H,3,Catalunya,Force India
33,4,OCO,34,0,16,16,10,0,56,33.2,16.7,1.0,2.9,50.4,1001.5,68.0,H,4,Catalunya,Force India
34,4,OCO,35,0,16,15,10,0,56,32.9,16.9,0.0,2.5,49.5,1001.6,64.0,H,5,Catalunya,Force India
35,4,OCO,36,0,15,15,10,0,56,32.3,16.8,0.0,1.8,50.2,1001.4,76.0,H,6,Catalunya,Force India
36,4,OCO,37,0,15,15,10,0,56,31.6,17.1,0.0,2.3,49.6,1001.6,65.0,H,7,Catalunya,Force India
37,4,OCO,38,0,15,15,10,1,56,29.1,16.0,0.0,2.2,52.4,1001.7,71.0,H,8,Catalunya,Force India
0,4,LEC,1,2,9,9,9,0,44,35.0,15.3,0.0,1.1,54.1,1001.6,219.0,M,0,Catalunya,Sauber
1,4,LEC,2,2,9,9,9,0,45,35.0,15.5,1.0,2.4,54.3,1001.6,161.0,M,1,Catalunya,Sauber
2,4,LEC,3,2,9,9,9,0,47,35.0,15.9,1.0,0.6,53.3,1001.5,230.0,M,2,Catalunya,Sauber
3,4,LEC,4,2,9,9,9,0,44,35.0,16.0,1.0,1.4,52.9,1001.5,0.0,M,3,Catalunya,Sauber
4,4,LEC,5,2,9,9,9,0,42,36.6,16.2,1.0,1.2,52.6,1001.5,280.0,M,4,Catalunya,Sauber
5,4,LEC,6,2,9,9,9,0,42,35.6,16.3,1.0,1.4,51.0,1001.5,189.0,M,5,Catalunya,Sauber
6,4,LEC,7,0,9,9,9,0,42,34.0,16.0,1.0,1.3,52.0,1001.4,293.0,M,6,Catalunya,Sauber
7,4,LEC,8,0,9,9,9,0,44,34.9,16.0,1.0,1.7,52.7,1001.4,177.0,M,7,Catalunya,Sauber
8,4,LEC,9,0,9,9,9,0,45,35.6,16.0,1.0,1.5,52.6,1001.4,271.0,M,8,Catalunya,Sauber
9,4,LEC,10,0,9,9,9,0,45,36.2,16.1,1.0,2.1,52.4,1001.4,279.0,M,9,Catalunya,Sauber
10,4,LEC,11,0,9,9,9,0,46,36.6,16.7,0.0,0.9,51.5,1001.3,37.0,M,10,Catalunya,Sauber
11,4,LEC,12,0,9,9,9,0,46,36.5,16.5,1.0,1.6,51.0,1001.4,20.0,M,11,Catalunya,Sauber
12,4,LEC,13,0,9,9,9,0,47,35.1,16.2,1.0,1.5,51.4,1001.4,50.0,M,12,Catalunya,Sauber
13,4,LEC,14,0,9,9,9,0,48,35.7,16.4,1.0,2.6,52.4,1001.4,0.0,M,13,Catalunya,Sauber
14,4,LEC,15,0,9,9,9,0,48,36.3,16.6,1.0,1.0,50.7,1001.5,282.0,M,14,Catalunya,Sauber
15,4,LEC,16,0,9,9,9,0,49,35.8,16.5,1.0,1.5,50.2,1001.3,72.0,M,15,Catalunya,Sauber
16,4,LEC,17,0,9,9,9,0,49,32.6,16.2,1.0,2.1,51.6,1001.5,18.0,M,16,Catalunya,Sauber
17,4,LEC,18,0,9,9,9,0,50,32.5,16.1,1.0,2.0,51.2,1001.5,62.0,M,17,Catalunya,Sauber
18,4,LEC,19,0,9,9,9,0,51,32.2,16.0,1.0,3.2,53.0,1001.5,325.0,M,18,Catalunya,Sauber
19,4,LEC,20,0,9,10,9,0,52,31.4,15.8,1.0,1.3,52.8,1001.5,68.0,M,19,Catalunya,Sauber
20,4,LEC,21,0,10,16,9,0,51,31.1,15.9,1.0,2.2,52.8,1001.5,40.0,H,0,Catalunya,Sauber
21,4,LEC,22,0,16,15,9,0,52,30.8,15.8,1.0,2.3,53.8,1001.5,54.0,H,1,Catalunya,Sauber
22,4,LEC,23,0,15,15,9,0,52,30.6,15.9,1.0,2.3,53.3,1001.4,64.0,H,2,Catalunya,Sauber
23,4,LEC,24,0,15,14,9,0,52,30.3,15.8,1.0,2.9,53.4,1001.4,23.0,H,3,Catalunya,Sauber
24,4,LEC,25,0,14,13,9,0,52,30.2,15.7,1.0,2.3,53.3,1001.4,68.0,H,4,Catalunya,Sauber
25,4,LEC,26,0,13,12,9,0,52,30.2,15.7,1.0,2.4,53.2,1001.5,61.0,H,5,Catalunya,Sauber
26,4,LEC,27,0,12,11,9,0,52,29.8,15.7,1.0,1.7,53.3,1001.5,69.0,H,6,Catalunya,Sauber
27,4,LEC,28,0,11,11,9,0,53,29.7,15.8,1.0,2.7,53.5,1001.6,40.0,H,7,Catalunya,Sauber
28,4,LEC,29,0,11,11,9,0,53,29.4,15.8,1.0,1.7,54.1,1001.7,52.0,H,8,Catalunya,Sauber
29,4,LEC,30,0,11,10,9,0,53,29.1,15.7,1.0,1.5,53.3,1001.6,68.0,H,9,Catalunya,Sauber
30,4,LEC,31,0,10,10,9,0,53,29.0,15.6,1.0,1.7,53.8,1001.7,61.0,H,10,Catalunya,Sauber
31,4,LEC,32,0,10,10,9,0,53,28.9,15.7,1.0,2.6,54.7,1001.7,68.0,H,11,Catalunya,Sauber
32,4,LEC,33,0,10,10,9,0,53,28.8,15.7,1.0,2.2,54.7,1001.7,64.0,H,12,Catalunya,Sauber
33,4,LEC,34,0,10,10,9,0,53,28.9,15.8,1.0,1.7,54.4,1001.8,79.0,H,13,Catalunya,Sauber
34,4,LEC,35,0,10,8,9,0,53,29.0,15.6,1.0,2.6,54.0,1001.8,77.0,H,14,Catalunya,Sauber
35,4,LEC,36,0,8,8,9,0,53,30.9,15.9,1.0,1.8,52.5,1001.6,69.0,H,15,Catalunya,Sauber
36,4,LEC,37,0,8,8,9,0,53,31.5,16.0,1.0,1.8,53.2,1001.6,33.0,H,16,Catalunya,Sauber
37,4,LEC,38,0,8,8,9,0,53,31.7,16.1,1.0,1.4,52.2,1001.7,247.0,H,17,Catalunya,Sauber
38,4,LEC,39,0,8,8,9,0,53,32.2,15.9,0.0,1.1,51.7,1001.6,27.0,H,18,Catalunya,Sauber
39,4,LEC,40,1,8,8,9,0,53,32.0,15.9,1.0,1.8,52.5,1001.6,72.0,H,19,Catalunya,Sauber
40,4,LEC,41,2,8,8,9,0,53,31.3,16.0,1.0,1.7,53.1,1001.6,91.0,H,20,Catalunya,Sauber
41,4,LEC,42,2,8,9,9,0,53,30.7,16.2,1.0,1.4,52.6,1001.6,117.0,H,21,Catalunya,Sauber
42,4,LEC,43,2,9,9,9,0,53,30.6,16.3,1.0,1.0,51.2,1001.7,111.0,H,22,Catalunya,Sauber
43,4,LEC,44,0,9,9,9,0,53,30.3,16.1,1.0,0.8,51.2,1001.6,180.0,H,23,Catalunya,Sauber
44,4,LEC,45,0,9,9,9,0,53,31.2,16.0,1.0,1.0,53.6,1001.6,305.0,H,24,Catalunya,Sauber
45,4,LEC,46,0,9,9,9,0,53,32.5,16.1,1.0,1.4,52.1,1001.6,3.0,H,25,Catalunya,Sauber
46,4,LEC,47,0,9,9,9,0,53,34.3,16.7,1.0,2.2,51.6,1001.4,92.0,H,26,Catalunya,Sauber
47,4,LEC,48,0,9,9,9,0,53,31.9,16.8,1.0,2.7,49.7,1001.6,74.0,H,27,Catalunya,Sauber
48,4,LEC,49,0,9,9,9,0,53,31.3,16.3,1.0,2.7,49.5,1001.5,79.0,H,28,Catalunya,Sauber
49,4,LEC,50,0,9,9,9,0,54,31.2,15.8,1.0,1.9,50.7,1001.5,72.0,H,29,Catalunya,Sauber
50,4,LEC,51,0,9,9,9,0,54,31.4,15.8,1.0,2.7,51.2,1001.5,97.0,H,30,Catalunya,Sauber
51,4,LEC,52,0,9,9,9,0,54,31.4,15.8,1.0,1.5,52.2,1001.5,56.0,H,31,Catalunya,Sauber
52,4,LEC,53,0,9,9,9,0,54,30.7,15.9,1.0,2.1,51.6,1001.4,65.0,H,32,Catalunya,Sauber
53,4,LEC,54,0,9,9,9,0,54,30.7,16.0,1.0,2.7,51.7,1001.4,0.0,H,33,Catalunya,Sauber
54,4,LEC,55,0,9,9,9,0,54,32.5,15.9,1.0,2.0,51.1,1001.5,73.0,H,34,Catalunya,Sauber
55,4,LEC,56,0,9,9,9,0,54,33.2,16.1,1.0,2.1,51.8,1001.4,31.0,H,35,Catalunya,Sauber
56,4,LEC,57,0,9,9,9,0,54,33.2,16.7,1.0,2.9,50.4,1001.5,68.0,H,36,Catalunya,Sauber
57,4,LEC,58,0,9,10,9,0,54,32.9,16.9,0.0,2.5,49.5,1001.6,64.0,H,37,Catalunya,Sauber
58,4,LEC,59,0,10,10,9,0,54,32.3,16.8,0.0,1.8,50.2,1001.4,76.0,H,38,Catalunya,Sauber
59,4,LEC,60,0,10,10,9,0,54,32.4,17.0,0.0,2.4,49.1,1001.5,52.0,H,39,Catalunya,Sauber
60,4,LEC,61,0,10,10,9,0,54,32.3,17.0,0.0,2.2,50.1,1001.6,64.0,H,40,Catalunya,Sauber
61,4,LEC,62,0,10,10,9,0,54,31.6,17.1,0.0,2.3,49.6,1001.6,65.0,H,41,Catalunya,Sauber
62,4,LEC,63,0,10,10,9,0,55,30.7,16.9,0.0,2.3,49.5,1001.5,99.0,H,42,Catalunya,Sauber
63,4,LEC,64,0,10,10,9,0,55,29.3,16.0,1.0,2.0,53.2,1001.6,77.0,H,43,Catalunya,Sauber
0,4,PER,1,2,13,13,13,0,54,35.0,14.9,1.0,2.6,54.2,1001.6,78.0,M,0,Catalunya,Force India
1,4,PER,2,2,13,13,13,0,62,35.0,15.2,1.0,1.4,54.1,1001.6,96.0,M,1,Catalunya,Force India
2,4,PER,3,2,13,13,13,0,64,35.0,15.3,0.0,1.1,54.1,1001.6,219.0,M,2,Catalunya,Force India
3,4,PER,4,2,13,13,13,0,66,35.0,15.5,1.0,2.4,54.3,1001.6,161.0,M,3,Catalunya,Force India
4,4,PER,5,2,13,13,13,0,67,35.0,15.9,1.0,0.6,53.3,1001.5,230.0,M,4,Catalunya,Force India
5,4,PER,6,2,13,13,13,0,67,35.6,16.3,1.0,1.4,51.0,1001.5,189.0,M,5,Catalunya,Force India
6,4,PER,7,0,13,13,13,0,66,34.0,16.0,1.0,1.3,52.0,1001.4,293.0,M,6,Catalunya,Force India
7,4,PER,8,0,13,13,13,0,65,34.0,15.9,1.0,1.3,52.0,1001.4,342.0,M,7,Catalunya,Force India
8,4,PER,9,0,13,13,13,0,63,35.6,16.0,1.0,1.5,52.6,1001.4,271.0,M,8,Catalunya,Force India
9,4,PER,10,0,13,13,13,0,60,36.2,16.1,1.0,2.1,52.4,1001.4,279.0,M,9,Catalunya,Force India
10,4,PER,11,0,13,13,13,0,59,36.5,16.5,1.0,1.6,51.0,1001.4,20.0,M,10,Catalunya,Force India
11,4,PER,12,0,13,13,13,0,58,35.1,16.2,1.0,1.5,51.4,1001.4,50.0,M,11,Catalunya,Force India
12,4,PER,13,0,13,13,13,0,59,35.7,16.4,1.0,2.6,52.4,1001.4,0.0,M,12,Catalunya,Force India
13,4,PER,14,0,13,13,13,0,59,36.3,16.6,1.0,1.0,50.7,1001.5,282.0,M,13,Catalunya,Force India
14,4,PER,15,0,13,13,13,0,59,35.8,16.5,1.0,1.5,50.2,1001.3,72.0,M,14,Catalunya,Force India
15,4,PER,16,0,13,13,13,0,59,33.4,16.4,1.0,2.4,51.8,1001.5,349.0,M,15,Catalunya,Force India
16,4,PER,17,0,13,13,13,0,59,33.2,16.4,1.0,1.7,51.8,1001.5,334.0,M,16,Catalunya,Force India
17,4,PER,18,0,13,13,13,0,59,32.6,16.2,1.0,2.1,51.6,1001.5,18.0,M,17,Catalunya,Force India
18,4,PER,19,0,13,13,13,0,59,32.5,16.1,1.0,2.0,51.2,1001.5,62.0,M,18,Catalunya,Force India
19,4,PER,20,0,13,12,13,0,60,32.2,16.0,1.0,3.2,53.0,1001.5,325.0,M,19,Catalunya,Force India
20,4,PER,21,0,12,11,13,0,60,31.8,16.0,1.0,2.5,51.9,1001.4,55.0,M,20,Catalunya,Force India
21,4,PER,22,0,11,10,13,0,60,31.4,15.8,1.0,1.3,52.8,1001.5,68.0,M,21,Catalunya,Force India
22,4,PER,23,0,10,10,13,0,60,30.8,15.8,1.0,2.2,53.5,1001.5,83.0,M,22,Catalunya,Force India
23,4,PER,24,0,10,10,13,0,60,30.8,15.8,1.0,2.3,53.8,1001.5,54.0,M,23,Catalunya,Force India
24,4,PER,25,0,10,9,13,0,60,30.6,15.9,1.0,2.3,53.3,1001.4,64.0,M,24,Catalunya,Force India
25,4,PER,26,0,9,11,13,0,60,30.3,15.8,1.0,2.9,53.4,1001.4,23.0,M,25,Catalunya,Force India
26,4,PER,27,0,11,15,13,0,60,29.7,15.7,0.0,2.5,52.8,1001.5,57.0,H,0,Catalunya,Force India
27,4,PER,28,0,15,15,13,0,60,30.2,15.7,1.0,2.4,53.2,1001.5,61.0,H,1,Catalunya,Force India
28,4,PER,29,0,15,15,13,0,60,29.8,15.7,1.0,1.7,53.3,1001.5,69.0,H,2,Catalunya,Force India
29,4,PER,30,0,15,14,13,0,59,29.7,15.8,1.0,2.7,53.5,1001.6,40.0,H,3,Catalunya,Force India
30,4,PER,31,0,14,14,13,0,59,29.6,15.8,1.0,1.5,53.2,1001.7,39.0,H,4,Catalunya,Force India
31,4,PER,32,0,14,14,13,0,59,29.3,15.8,1.0,1.7,53.7,1001.7,64.0,H,5,Catalunya,Force India
32,4,PER,33,0,14,14,13,0,59,29.6,15.7,1.0,2.2,53.3,1001.7,15.0,H,6,Catalunya,Force India
33,4,PER,34,0,14,13,13,0,59,29.0,15.6,1.0,1.7,53.8,1001.7,61.0,H,7,Catalunya,Force India
34,4,PER,35,0,13,11,13,0,59,28.9,15.7,1.0,2.6,54.7,1001.7,68.0,H,8,Catalunya,Force India
35,4,PER,36,0,11,10,13,0,59,28.8,15.7,1.0,2.2,54.7,1001.7,64.0,H,9,Catalunya,Force India
36,4,PER,37,0,10,10,13,0,59,29.0,15.6,1.0,2.6,54.0,1001.8,77.0,H,10,Catalunya,Force India
37,4,PER,38,0,10,10,13,0,59,28.8,15.6,1.0,2.3,53.4,1001.8,69.0,H,11,Catalunya,Force India
38,4,PER,39,0,10,10,13,0,59,29.2,15.7,1.0,2.2,54.3,1001.7,65.0,H,12,Catalunya,Force India
39,4,PER,40,1,10,10,13,0,58,30.3,15.8,1.0,1.9,53.6,1001.7,68.0,H,13,Catalunya,Force India
40,4,PER,41,2,10,12,13,0,58,32.0,15.9,1.0,1.8,52.5,1001.6,72.0,M,6,Catalunya,Force India
41,4,PER,42,2,12,11,13,0,58,31.3,16.0,1.0,1.7,53.1,1001.6,91.0,M,7,Catalunya,Force India
42,4,PER,43,2,11,10,13,0,58,30.7,16.2,1.0,1.4,52.6,1001.6,117.0,M,8,Catalunya,Force India
43,4,PER,44,0,10,10,13,0,58,30.6,16.3,1.0,1.0,51.2,1001.7,111.0,M,9,Catalunya,Force India
44,4,PER,45,0,10,10,13,0,58,30.3,16.1,1.0,0.8,51.2,1001.6,180.0,M,10,Catalunya,Force India
45,4,PER,46,0,10,10,13,0,59,31.2,16.0,1.0,1.0,53.6,1001.6,305.0,M,11,Catalunya,Force India
46,4,PER,47,0,10,10,13,0,59,33.4,16.2,1.0,2.7,52.4,1001.5,58.0,M,12,Catalunya,Force India
47,4,PER,48,0,10,10,13,0,60,34.0,16.5,1.0,2.2,51.9,1001.6,78.0,M,13,Catalunya,Force India
48,4,PER,49,0,10,10,13,0,60,32.3,16.8,1.0,2.5,49.9,1001.4,63.0,M,14,Catalunya,Force India
49,4,PER,50,0,10,10,13,0,60,31.9,16.8,1.0,2.7,49.7,1001.6,74.0,M,15,Catalunya,Force India
50,4,PER,51,0,10,10,13,0,60,31.3,16.3,1.0,2.7,49.5,1001.5,79.0,M,16,Catalunya,Force India
51,4,PER,52,0,10,10,13,0,60,31.2,15.8,1.0,1.9,50.7,1001.5,72.0,M,17,Catalunya,Force India
52,4,PER,53,0,10,10,13,0,59,31.1,15.9,1.0,2.1,51.5,1001.5,72.0,M,18,Catalunya,Force India
53,4,PER,54,0,10,10,13,0,59,31.4,15.8,1.0,2.7,51.2,1001.5,97.0,M,19,Catalunya,Force India
54,4,PER,55,0,10,10,13,0,59,33.2,16.5,1.0,2.2,51.0,1001.5,77.0,M,20,Catalunya,Force India
55,4,PER,56,0,10,10,13,0,59,33.2,16.7,1.0,2.9,50.4,1001.5,68.0,M,21,Catalunya,Force India
56,4,PER,57,0,10,10,13,0,59,32.4,16.7,0.0,2.2,50.4,1001.5,279.0,M,22,Catalunya,Force India
57,4,PER,58,0,10,9,13,0,59,32.3,16.8,0.0,1.8,50.2,1001.4,76.0,M,23,Catalunya,Force India
58,4,PER,59,0,9,9,13,0,59,32.4,17.0,0.0,2.4,49.1,1001.5,52.0,M,24,Catalunya,Force India
59,4,PER,60,0,9,9,13,0,59,31.6,17.1,0.0,2.3,49.6,1001.6,65.0,M,25,Catalunya,Force India
60,4,PER,61,0,9,9,13,0,59,30.9,17.0,0.0,2.3,49.5,1001.6,90.0,M,26,Catalunya,Force India
61,4,PER,62,0,9,9,13,0,59,30.7,16.9,0.0,2.3,49.5,1001.5,99.0,M,27,Catalunya,Force India
62,4,PER,63,0,9,9,13,0,59,29.8,16.5,0.0,2.4,51.2,1001.6,62.0,M,28,Catalunya,Force India
63,4,PER,64,0,9,9,13,0,59,29.1,16.0,0.0,2.2,52.4,1001.7,71.0,M,29,Catalunya,Force India
0,4,ERI,1,2,16,16,16,0,34,35.0,14.9,1.0,2.6,54.2,1001.6,78.0,H,0,Catalunya,Sauber
1,4,ERI,2,2,16,15,16,0,37,35.0,15.2,1.0,1.4,54.1,1001.6,96.0,H,1,Catalunya,Sauber
2,4,ERI,3,2,15,15,16,0,36,35.0,15.5,1.0,2.4,54.3,1001.6,161.0,H,2,Catalunya,Sauber
3,4,ERI,4,2,15,15,16,0,34,35.0,16.0,1.0,1.4,52.9,1001.5,0.0,H,3,Catalunya,Sauber
4,4,ERI,5,2,15,15,16,0,35,36.6,16.2,1.0,1.2,52.6,1001.5,280.0,H,4,Catalunya,Sauber
5,4,ERI,6,2,15,15,16,0,37,34.0,16.0,1.0,1.3,52.0,1001.4,293.0,H,5,Catalunya,Sauber
6,4,ERI,7,0,15,15,16,0,39,34.9,16.0,1.0,1.7,52.7,1001.4,177.0,H,6,Catalunya,Sauber
7,4,ERI,8,0,15,15,16,0,40,35.6,16.0,1.0,1.5,52.6,1001.4,271.0,H,7,Catalunya,Sauber
8,4,ERI,9,0,15,15,16,0,42,36.2,16.1,1.0,2.1,52.4,1001.4,279.0,H,8,Catalunya,Sauber
9,4,ERI,10,0,15,15,16,0,43,36.5,16.4,0.0,1.0,51.8,1001.4,263.0,H,9,Catalunya,Sauber
10,4,ERI,11,0,15,15,16,0,43,36.7,16.3,0.0,1.0,50.9,1001.4,52.0,H,10,Catalunya,Sauber
11,4,ERI,12,0,15,15,16,0,44,36.5,16.5,1.0,1.6,51.0,1001.4,20.0,H,11,Catalunya,Sauber
12,4,ERI,13,0,15,15,16,0,45,35.4,16.3,1.0,2.3,51.4,1001.5,12.0,H,12,Catalunya,Sauber
13,4,ERI,14,0,15,15,16,0,45,35.1,16.2,1.0,1.5,51.4,1001.4,50.0,H,13,Catalunya,Sauber
14,4,ERI,15,0,15,15,16,0,46,35.7,16.4,1.0,2.6,52.4,1001.4,0.0,H,14,Catalunya,Sauber
15,4,ERI,16,0,15,15,16,0,47,36.3,16.6,1.0,1.0,50.7,1001.5,282.0,H,15,Catalunya,Sauber
16,4,ERI,17,0,15,15,16,0,47,35.8,16.5,1.0,1.5,50.2,1001.3,72.0,H,16,Catalunya,Sauber
17,4,ERI,18,0,15,15,16,0,48,32.6,16.2,1.0,2.1,51.6,1001.5,18.0,H,17,Catalunya,Sauber
18,4,ERI,19,0,15,15,16,0,48,32.5,16.1,1.0,2.0,51.2,1001.5,62.0,H,18,Catalunya,Sauber
19,4,ERI,20,0,15,15,16,0,50,32.2,16.0,1.0,3.2,53.0,1001.5,325.0,H,19,Catalunya,Sauber
20,4,ERI,21,0,15,13,16,0,55,31.8,16.0,1.0,2.5,51.9,1001.4,55.0,H,20,Catalunya,Sauber
21,4,ERI,22,0,13,12,16,0,58,31.1,15.9,1.0,2.2,52.8,1001.5,40.0,H,21,Catalunya,Sauber
22,4,ERI,23,0,12,12,16,0,60,30.8,15.8,1.0,2.2,53.5,1001.5,83.0,H,22,Catalunya,Sauber
23,4,ERI,24,0,12,12,16,0,62,30.6,15.9,1.0,2.3,53.3,1001.4,64.0,H,23,Catalunya,Sauber
24,4,ERI,25,0,12,12,16,0,62,30.3,15.8,1.0,2.9,53.4,1001.4,23.0,H,24,Catalunya,Sauber
25,4,ERI,26,0,12,9,16,0,62,29.7,15.7,0.0,2.5,52.8,1001.5,57.0,H,25,Catalunya,Sauber
26,4,ERI,27,0,9,9,16,0,62,29.8,15.7,1.0,1.7,53.3,1001.5,69.0,H,26,Catalunya,Sauber
27,4,ERI,28,0,9,9,16,0,62,29.7,15.8,1.0,2.7,53.5,1001.6,40.0,H,27,Catalunya,Sauber
28,4,ERI,29,0,9,9,16,0,61,29.4,15.8,1.0,1.7,54.1,1001.7,52.0,H,28,Catalunya,Sauber
29,4,ERI,30,0,9,8,16,0,61,29.6,15.9,1.0,2.0,53.3,1001.6,59.0,H,29,Catalunya,Sauber
30,4,ERI,31,0,8,8,16,0,61,29.1,15.7,1.0,1.5,53.3,1001.6,68.0,H,30,Catalunya,Sauber
31,4,ERI,32,0,8,8,16,0,61,29.0,15.6,1.0,1.7,53.8,1001.7,61.0,H,31,Catalunya,Sauber
32,4,ERI,33,0,8,8,16,0,61,28.8,15.7,1.0,2.2,54.7,1001.7,64.0,H,32,Catalunya,Sauber
33,4,ERI,34,0,8,7,16,0,61,29.0,15.6,1.0,2.6,54.0,1001.8,77.0,H,33,Catalunya,Sauber
34,4,ERI,35,0,7,10,16,0,61,28.8,15.6,1.0,2.3,53.4,1001.8,69.0,H,34,Catalunya,Sauber
35,4,ERI,36,0,10,12,16,0,61,29.2,15.7,1.0,2.2,54.3,1001.7,65.0,M,0,Catalunya,Sauber
36,4,ERI,37,0,12,12,16,0,61,30.3,15.8,1.0,1.9,53.6,1001.7,68.0,M,1,Catalunya,Sauber
37,4,ERI,38,0,12,12,16,0,60,30.9,15.9,1.0,1.8,52.5,1001.6,69.0,M,2,Catalunya,Sauber
38,4,ERI,39,0,12,12,16,0,60,31.5,16.0,1.0,1.8,53.2,1001.6,33.0,M,3,Catalunya,Sauber
39,4,ERI,40,1,12,12,16,0,60,32.2,15.9,0.0,1.1,51.7,1001.6,27.0,M,4,Catalunya,Sauber
40,4,ERI,41,2,12,11,16,0,60,31.3,16.0,1.0,1.7,53.1,1001.6,91.0,M,5,Catalunya,Sauber
41,4,ERI,42,2,11,12,16,0,60,30.3,16.1,1.0,0.8,51.2,1001.6,180.0,M,6,Catalunya,Sauber
42,4,ERI,43,2,12,12,16,0,60,30.6,15.9,1.0,0.9,52.3,1001.6,36.0,M,7,Catalunya,Sauber
43,4,ERI,44,0,12,12,16,0,60,31.2,16.0,1.0,1.0,53.6,1001.6,305.0,M,8,Catalunya,Sauber
44,4,ERI,45,0,12,12,16,0,60,33.0,16.1,1.0,2.5,52.4,1001.5,77.0,M,9,Catalunya,Sauber
45,4,ERI,46,0,12,12,16,0,60,33.4,16.2,1.0,2.7,52.4,1001.5,58.0,M,10,Catalunya,Sauber
46,4,ERI,47,0,12,12,16,0,60,34.0,16.5,1.0,2.2,51.9,1001.6,78.0,M,11,Catalunya,Sauber
47,4,ERI,48,0,12,12,16,0,59,32.3,16.8,1.0,2.5,49.9,1001.4,63.0,M,12,Catalunya,Sauber
48,4,ERI,49,0,12,12,16,0,59,31.9,16.8,1.0,2.7,49.7,1001.6,74.0,M,13,Catalunya,Sauber
49,4,ERI,50,0,12,12,16,0,59,31.3,16.3,1.0,2.7,49.5,1001.5,79.0,M,14,Catalunya,Sauber
50,4,ERI,51,0,12,12,16,0,59,31.2,15.8,1.0,1.9,50.7,1001.5,72.0,M,15,Catalunya,Sauber
51,4,ERI,52,0,12,12,16,0,59,31.1,15.9,1.0,2.1,51.5,1001.5,72.0,M,16,Catalunya,Sauber
52,4,ERI,53,0,12,12,16,0,59,31.4,15.8,1.0,2.7,51.2,1001.5,97.0,M,17,Catalunya,Sauber
53,4,ERI,54,0,12,12,16,0,59,31.4,15.8,1.0,1.5,52.2,1001.5,56.0,M,18,Catalunya,Sauber
54,4,ERI,55,0,12,12,16,0,59,30.7,15.9,1.0,2.1,51.6,1001.4,65.0,M,19,Catalunya,Sauber
55,4,ERI,56,0,12,12,16,0,59,31.7,16.2,1.0,3.2,51.5,1001.4,72.0,M,20,Catalunya,Sauber
56,4,ERI,57,0,12,12,16,0,59,33.2,16.5,1.0,2.2,51.0,1001.5,77.0,M,21,Catalunya,Sauber
57,4,ERI,58,0,12,12,16,0,59,33.2,16.7,1.0,2.9,50.4,1001.5,68.0,M,22,Catalunya,Sauber
58,4,ERI,59,0,12,12,16,0,59,32.4,16.7,0.0,2.2,50.4,1001.5,279.0,M,23,Catalunya,Sauber
59,4,ERI,60,0,12,12,16,0,59,32.3,16.8,0.0,1.8,50.2,1001.4,76.0,M,24,Catalunya,Sauber
60,4,ERI,61,0,12,12,16,0,59,32.3,17.0,0.0,2.2,50.1,1001.6,64.0,M,25,Catalunya,Sauber
61,4,ERI,62,0,12,13,16,0,58,31.6,17.1,0.0,2.3,49.6,1001.6,65.0,M,26,Catalunya,Sauber
62,4,ERI,63,0,13,13,16,0,58,30.7,16.9,0.0,2.3,49.5,1001.5,99.0,M,27,Catalunya,Sauber
63,4,ERI,64,0,13,13,16,0,58,29.3,16.0,1.0,2.0,53.2,1001.6,77.0,M,28,Catalunya,Sauber
0,4,STR,1,2,12,12,12,0,39,35.0,14.9,1.0,2.6,54.2,1001.6,78.0,M,0,Catalunya,Williams
1,4,STR,2,2,12,12,12,0,44,35.0,15.2,1.0,1.4,54.1,1001.6,96.0,M,1,Catalunya,Williams
2,4,STR,3,2,12,12,12,0,50,35.0,15.3,0.0,1.1,54.1,1001.6,219.0,M,2,Catalunya,Williams
3,4,STR,4,2,12,12,12,0,51,35.0,15.9,1.0,0.6,53.3,1001.5,230.0,M,3,Catalunya,Williams
4,4,STR,5,2,12,12,12,0,53,35.0,16.0,1.0,1.4,52.9,1001.5,0.0,M,4,Catalunya,Williams
5,4,STR,6,2,12,12,12,0,55,35.6,16.3,1.0,1.4,51.0,1001.5,189.0,M,5,Catalunya,Williams
6,4,STR,7,0,12,12,12,0,57,34.0,16.0,1.0,1.3,52.0,1001.4,293.0,M,6,Catalunya,Williams
7,4,STR,8,0,12,12,12,0,57,34.0,15.9,1.0,1.3,52.0,1001.4,342.0,M,7,Catalunya,Williams
8,4,STR,9,0,12,12,12,0,56,34.9,16.0,1.0,1.7,52.7,1001.4,177.0,M,8,Catalunya,Williams
9,4,STR,10,0,12,12,12,0,55,35.6,16.0,1.0,1.5,52.6,1001.4,271.0,M,9,Catalunya,Williams
10,4,STR,11,0,12,12,12,0,54,36.2,16.1,1.0,2.1,52.4,1001.4,279.0,M,10,Catalunya,Williams
11,4,STR,12,0,12,12,12,0,54,36.6,16.7,0.0,0.9,51.5,1001.3,37.0,M,11,Catalunya,Williams
12,4,STR,13,0,12,12,12,0,54,36.7,16.4,0.0,2.5,50.3,1001.3,283.0,M,12,Catalunya,Williams
13,4,STR,14,0,12,12,12,0,54,36.5,16.5,1.0,1.6,51.0,1001.4,20.0,M,13,Catalunya,Williams
14,4,STR,15,0,12,12,12,0,54,35.4,16.3,1.0,2.3,51.4,1001.5,12.0,M,14,Catalunya,Williams
15,4,STR,16,0,12,12,12,0,54,35.1,16.2,1.0,1.5,51.4,1001.4,50.0,M,15,Catalunya,Williams
16,4,STR,17,0,12,12,12,0,54,35.7,16.4,1.0,2.6,52.4,1001.4,0.0,M,16,Catalunya,Williams
17,4,STR,18,0,12,12,12,0,55,36.3,16.6,1.0,1.0,50.7,1001.5,282.0,M,17,Catalunya,Williams
18,4,STR,19,0,12,12,12,0,55,35.8,16.5,1.0,1.5,50.2,1001.3,72.0,M,18,Catalunya,Williams
19,4,STR,20,0,12,14,12,0,56,33.4,16.4,1.0,2.4,51.8,1001.5,349.0,M,19,Catalunya,Williams
20,4,STR,21,0,14,17,12,0,56,32.6,16.2,1.0,2.1,51.6,1001.5,18.0,H,0,Catalunya,Williams
21,4,STR,22,0,17,17,12,0,56,32.5,16.1,1.0,2.0,51.2,1001.5,62.0,H,1,Catalunya,Williams
22,4,STR,23,0,17,17,12,0,56,32.2,16.0,1.0,3.2,53.0,1001.5,325.0,H,2,Catalunya,Williams
23,4,STR,24,0,17,17,12,0,55,31.4,15.8,1.0,1.3,52.8,1001.5,68.0,H,3,Catalunya,Williams
24,4,STR,25,0,17,16,12,0,55,30.8,15.8,1.0,2.3,53.8,1001.5,54.0,H,4,Catalunya,Williams
25,4,STR,26,0,16,15,12,0,55,30.6,15.9,1.0,2.3,53.3,1001.4,64.0,H,5,Catalunya,Williams
26,4,STR,27,0,15,14,12,0,55,30.2,15.7,1.0,2.4,53.2,1001.5,61.0,H,6,Catalunya,Williams
27,4,STR,28,0,14,14,12,0,55,29.7,15.8,1.0,2.7,53.5,1001.6,40.0,H,7,Catalunya,Williams
28,4,STR,29,0,14,14,12,0,55,29.6,15.8,1.0,1.5,53.2,1001.7,39.0,H,8,Catalunya,Williams
29,4,STR,30,0,14,13,12,0,55,29.4,15.8,1.0,1.7,54.1,1001.7,52.0,H,9,Catalunya,Williams
30,4,STR,31,0,13,13,12,0,55,29.1,15.7,1.0,1.5,53.3,1001.6,68.0,H,10,Catalunya,Williams
31,4,STR,32,0,13,13,12,0,55,29.0,15.6,1.0,1.7,53.8,1001.7,61.0,H,11,Catalunya,Williams
32,4,STR,33,0,13,13,12,0,55,28.9,15.6,1.0,2.2,54.5,1001.7,83.0,H,12,Catalunya,Williams
33,4,STR,34,0,13,12,12,0,55,28.8,15.7,1.0,2.2,54.7,1001.7,64.0,H,13,Catalunya,Williams
34,4,STR,35,0,12,12,12,0,55,28.9,15.8,1.0,1.7,54.4,1001.8,79.0,H,14,Catalunya,Williams
35,4,STR,36,0,12,11,12,0,55,29.0,15.6,1.0,2.6,54.0,1001.8,77.0,H,15,Catalunya,Williams
36,4,STR,37,0,11,11,12,0,55,28.8,15.6,1.0,2.3,53.4,1001.8,69.0,H,16,Catalunya,Williams
37,4,STR,38,0,11,11,12,0,55,29.2,15.7,1.0,2.2,54.3,1001.7,65.0,H,17,Catalunya,Williams
38,4,STR,39,0,11,11,12,0,55,30.9,15.9,1.0,1.8,52.5,1001.6,69.0,H,18,Catalunya,Williams
39,4,STR,40,1,11,11,12,0,55,31.5,16.0,1.0,1.8,53.2,1001.6,33.0,H,19,Catalunya,Williams
40,4,STR,41,2,11,10,12,0,55,31.7,16.1,1.0,1.4,52.2,1001.7,247.0,H,20,Catalunya,Williams
41,4,STR,42,2,10,10,12,0,55,32.2,15.9,0.0,1.1,51.7,1001.6,27.0,H,21,Catalunya,Williams
42,4,STR,43,2,10,11,12,0,55,32.0,15.9,1.0,1.8,52.5,1001.6,72.0,H,22,Catalunya,Williams
43,4,STR,44,0,11,11,12,0,55,31.3,16.0,1.0,1.7,53.1,1001.6,91.0,H,23,Catalunya,Williams
44,4,STR,45,0,11,11,12,0,55,30.6,15.9,1.0,0.9,52.3,1001.6,36.0,H,24,Catalunya,Williams
45,4,STR,46,0,11,11,12,0,55,32.5,16.1,1.0,1.4,52.1,1001.6,3.0,H,25,Catalunya,Williams
46,4,STR,47,0,11,11,12,0,55,33.4,16.2,1.0,2.7,52.4,1001.5,58.0,H,26,Catalunya,Williams
47,4,STR,48,0,11,11,12,0,55,34.3,16.7,1.0,2.2,51.6,1001.4,92.0,H,27,Catalunya,Williams
48,4,STR,49,0,11,11,12,0,55,32.3,16.8,1.0,2.5,49.9,1001.4,63.0,H,28,Catalunya,Williams
49,4,STR,50,0,11,11,12,0,55,31.3,16.3,1.0,2.7,49.5,1001.5,79.0,H,29,Catalunya,Williams
50,4,STR,51,0,11,11,12,0,55,31.2,15.8,1.0,1.9,50.7,1001.5,72.0,H,30,Catalunya,Williams
51,4,STR,52,0,11,11,12,0,55,31.1,15.9,1.0,2.1,51.5,1001.5,72.0,H,31,Catalunya,Williams
52,4,STR,53,0,11,11,12,0,55,31.4,15.8,1.0,2.7,51.2,1001.5,97.0,H,32,Catalunya,Williams
53,4,STR,54,0,11,11,12,0,55,30.7,15.9,1.0,2.1,51.6,1001.4,65.0,H,33,Catalunya,Williams
54,4,STR,55,0,11,11,12,0,55,30.7,16.0,1.0,2.7,51.7,1001.4,0.0,H,34,Catalunya,Williams
55,4,STR,56,0,11,11,12,0,55,33.2,16.1,1.0,2.1,51.8,1001.4,31.0,H,35,Catalunya,Williams
56,4,STR,57,0,11,11,12,0,55,33.2,16.5,1.0,2.2,51.0,1001.5,77.0,H,36,Catalunya,Williams
57,4,STR,58,0,11,11,12,0,55,32.9,16.9,0.0,2.5,49.5,1001.6,64.0,H,37,Catalunya,Williams
58,4,STR,59,0,11,11,12,0,55,32.4,16.7,0.0,2.2,50.4,1001.5,279.0,H,38,Catalunya,Williams
59,4,STR,60,0,11,11,12,0,55,32.3,16.8,0.0,1.8,50.2,1001.4,76.0,H,39,Catalunya,Williams
60,4,STR,61,0,11,11,12,0,55,32.3,17.0,0.0,2.2,50.1,1001.6,64.0,H,40,Catalunya,Williams
61,4,STR,62,0,11,11,12,0,55,31.6,17.1,0.0,2.3,49.6,1001.6,65.0,H,41,Catalunya,Williams
62,4,STR,63,0,11,11,12,0,55,30.7,16.9,0.0,2.3,49.5,1001.5,99.0,H,42,Catalunya,Williams
63,4,STR,64,0,11,11,12,0,55,29.1,16.0,0.0,2.2,52.4,1001.7,71.0,H,43,Catalunya,Williams
0,4,SIR,1,2,17,17,17,0,37,35.0,14.9,1.0,2.6,54.2,1001.6,78.0,M,0,Catalunya,Williams
1,4,SIR,2,2,17,17,17,0,42,35.0,15.2,1.0,1.4,54.1,1001.6,96.0,H,0,Catalunya,Williams
2,4,SIR,3,2,17,17,17,0,46,35.0,15.3,0.0,1.1,54.1,1001.6,219.0,H,1,Catalunya,Williams
3,4,SIR,4,2,17,17,17,0,48,35.0,15.5,1.0,2.4,54.3,1001.6,161.0,H,2,Catalunya,Williams
4,4,SIR,5,2,17,17,17,0,50,35.6,16.3,1.0,1.4,51.0,1001.5,189.0,H,3,Catalunya,Williams
5,4,SIR,6,2,17,17,17,0,53,34.0,15.9,1.0,1.3,52.0,1001.4,342.0,H,4,Catalunya,Williams
6,4,SIR,7,0,17,16,17,0,53,35.6,16.0,1.0,1.5,52.6,1001.4,271.0,H,5,Catalunya,Williams
7,4,SIR,8,0,16,16,17,0,54,36.2,16.1,1.0,2.1,52.4,1001.4,279.0,H,6,Catalunya,Williams
8,4,SIR,9,0,16,16,17,0,54,36.6,16.7,0.0,0.9,51.5,1001.3,37.0,H,7,Catalunya,Williams
9,4,SIR,10,0,16,16,17,0,53,36.7,16.4,0.0,2.5,50.3,1001.3,283.0,H,8,Catalunya,Williams
10,4,SIR,11,0,16,16,17,0,53,36.5,16.5,1.0,1.6,51.0,1001.4,20.0,H,9,Catalunya,Williams
11,4,SIR,12,0,16,16,17,0,53,35.4,16.3,1.0,2.3,51.4,1001.5,12.0,H,10,Catalunya,Williams
12,4,SIR,13,0,16,16,17,0,54,35.1,16.2,1.0,2.2,51.0,1001.4,51.0,H,11,Catalunya,Williams
13,4,SIR,14,0,16,16,17,0,54,35.1,16.2,1.0,1.5,51.4,1001.4,50.0,H,12,Catalunya,Williams
14,4,SIR,15,0,16,16,17,0,54,35.7,16.4,1.0,2.6,52.4,1001.4,0.0,H,13,Catalunya,Williams
15,4,SIR,16,0,16,16,17,0,54,35.8,16.5,1.0,1.5,50.2,1001.3,72.0,H,14,Catalunya,Williams
16,4,SIR,17,0,16,16,17,0,55,33.4,16.4,1.0,2.4,51.8,1001.5,349.0,H,15,Catalunya,Williams
17,4,SIR,18,0,16,16,17,0,56,32.6,16.2,1.0,2.1,51.6,1001.5,18.0,H,16,Catalunya,Williams
18,4,SIR,19,0,16,16,17,0,56,32.2,16.0,1.0,3.2,53.0,1001.5,325.0,H,17,Catalunya,Williams
19,4,SIR,20,0,16,16,17,0,56,31.4,15.8,1.0,1.3,52.8,1001.5,68.0,H,18,Catalunya,Williams
20,4,SIR,21,0,16,14,17,0,56,31.1,15.9,1.0,2.2,52.8,1001.5,40.0,H,19,Catalunya,Williams
21,4,SIR,22,0,14,13,17,0,56,30.8,15.8,1.0,2.3,53.8,1001.5,54.0,H,20,Catalunya,Williams
22,4,SIR,23,0,13,13,17,0,57,30.3,15.8,1.0,2.9,53.4,1001.4,23.0,H,21,Catalunya,Williams
23,4,SIR,24,0,13,16,17,0,57,29.7,15.7,0.0,2.5,52.8,1001.5,57.0,H,22,Catalunya,Williams
24,4,SIR,25,0,16,17,17,0,56,30.2,15.7,1.0,2.3,53.3,1001.4,68.0,H,2,Catalunya,Williams
25,4,SIR,26,0,17,16,17,0,56,29.8,15.7,1.0,1.7,53.3,1001.5,69.0,H,3,Catalunya,Williams
26,4,SIR,27,0,16,16,17,0,56,29.7,15.8,1.0,2.7,53.5,1001.6,40.0,H,4,Catalunya,Williams
27,4,SIR,28,0,16,16,17,0,56,29.6,15.8,1.0,1.5,53.2,1001.7,39.0,H,5,Catalunya,Williams
28,4,SIR,29,0,16,16,17,0,56,29.3,15.8,1.0,1.7,53.7,1001.7,64.0,H,6,Catalunya,Williams
29,4,SIR,30,0,16,15,17,0,56,29.6,15.9,1.0,2.0,53.3,1001.6,59.0,H,7,Catalunya,Williams
30,4,SIR,31,0,15,15,17,0,55,29.1,15.7,1.0,1.5,53.3,1001.6,68.0,H,8,Catalunya,Williams
31,4,SIR,32,0,15,15,17,0,55,28.9,15.6,1.0,2.2,54.5,1001.7,83.0,H,9,Catalunya,Williams
32,4,SIR,33,0,15,15,17,0,55,28.8,15.7,1.0,2.2,54.7,1001.7,64.0,H,10,Catalunya,Williams
33,4,SIR,34,0,15,15,17,0,55,29.0,15.6,1.0,2.6,54.0,1001.8,77.0,H,11,Catalunya,Williams
34,4,SIR,35,0,15,16,17,0,55,28.8,15.6,1.0,2.3,53.4,1001.8,69.0,H,12,Catalunya,Williams
35,4,SIR,36,0,16,16,17,0,55,30.3,15.8,1.0,1.9,53.6,1001.7,68.0,H,13,Catalunya,Williams
36,4,SIR,37,0,16,16,17,0,55,30.9,15.9,1.0,1.8,52.5,1001.6,69.0,H,14,Catalunya,Williams
37,4,SIR,38,0,16,16,17,0,56,32.2,15.9,0.0,1.1,51.7,1001.6,27.0,H,15,Catalunya,Williams
38,4,SIR,39,0,16,15,17,0,56,32.0,15.9,1.0,1.8,52.5,1001.6,72.0,H,16,Catalunya,Williams
39,4,SIR,40,1,15,15,17,0,56,31.3,16.0,1.0,1.7,53.1,1001.6,91.0,H,17,Catalunya,Williams
40,4,SIR,41,2,15,15,17,0,56,30.7,16.2,1.0,1.4,52.6,1001.6,117.0,H,18,Catalunya,Williams
41,4,SIR,42,2,15,15,17,0,56,30.3,16.1,1.0,0.8,51.2,1001.6,180.0,S,0,Catalunya,Williams
42,4,SIR,43,2,15,15,17,0,56,30.6,15.9,1.0,0.9,52.3,1001.6,36.0,S,1,Catalunya,Williams
43,4,SIR,44,0,15,15,17,0,56,31.2,16.0,1.0,1.0,53.6,1001.6,305.0,S,2,Catalunya,Williams
44,4,SIR,45,0,15,15,17,0,56,32.5,16.1,1.0,1.4,52.1,1001.6,3.0,S,3,Catalunya,Williams
45,4,SIR,46,0,15,14,17,0,56,34.0,16.5,1.0,2.2,51.9,1001.6,78.0,S,4,Catalunya,Williams
46,4,SIR,47,0,14,14,17,0,56,34.3,16.7,1.0,2.2,51.6,1001.4,92.0,S,5,Catalunya,Williams
47,4,SIR,48,0,14,14,17,0,56,32.3,16.8,1.0,2.5,49.9,1001.4,63.0,S,6,Catalunya,Williams
48,4,SIR,49,0,14,14,17,0,56,31.9,16.8,1.0,2.7,49.7,1001.6,74.0,S,7,Catalunya,Williams
49,4,SIR,50,0,14,14,17,0,56,31.3,16.3,1.0,2.7,49.5,1001.5,79.0,S,8,Catalunya,Williams
50,4,SIR,51,0,14,14,17,0,56,31.1,15.9,1.0,2.1,51.5,1001.5,72.0,S,9,Catalunya,Williams
51,4,SIR,52,0,14,14,17,0,56,31.4,15.8,1.0,1.5,52.2,1001.5,56.0,S,10,Catalunya,Williams
52,4,SIR,53,0,14,14,17,0,56,30.7,15.9,1.0,2.1,51.6,1001.4,65.0,S,11,Catalunya,Williams
53,4,SIR,54,0,14,14,17,0,56,30.7,16.0,1.0,2.7,51.7,1001.4,0.0,S,12,Catalunya,Williams
54,4,SIR,55,0,14,14,17,0,56,31.7,16.2,1.0,3.2,51.5,1001.4,72.0,S,13,Catalunya,Williams
55,4,SIR,56,0,14,14,17,0,56,32.5,15.9,1.0,2.0,51.1,1001.5,73.0,S,14,Catalunya,Williams
56,4,SIR,57,0,14,14,17,0,56,33.2,16.1,1.0,2.1,51.8,1001.4,31.0,S,15,Catalunya,Williams
57,4,SIR,58,0,14,14,17,0,57,33.2,16.7,1.0,2.9,50.4,1001.5,68.0,S,16,Catalunya,Williams
58,4,SIR,59,0,14,14,17,0,56,33.2,16.7,1.0,2.9,50.4,1001.5,68.0,S,17,Catalunya,Williams
59,4,SIR,60,0,14,14,17,0,56,32.3,16.8,0.0,1.8,50.2,1001.4,76.0,S,18,Catalunya,Williams
60,4,SIR,61,0,14,14,17,0,56,30.7,16.9,0.0,2.3,49.5,1001.5,99.0,S,19,Catalunya,Williams
61,4,SIR,62,0,14,14,17,0,56,30.7,16.9,0.0,2.3,49.5,1001.5,99.0,S,20,Catalunya,Williams
62,4,SIR,63,0,14,14,17,0,56,29.1,16.0,0.0,2.2,52.4,1001.7,71.0,S,21,Catalunya,Williams
0,4,HAR,1,2,15,15,15,0,39,35.0,15.2,1.0,1.4,54.1,1001.6,96.0,M,0,Catalunya,Toro Rosso
1,4,HAR,2,2,15,16,15,0,46,35.0,15.9,1.0,0.6,53.3,1001.5,230.0,H,0,Catalunya,Toro Rosso
2,4,HAR,3,2,16,16,15,0,47,35.0,16.0,1.0,1.4,52.9,1001.5,0.0,H,1,Catalunya,Toro Rosso
3,4,HAR,4,2,16,16,15,0,47,36.6,16.2,1.0,1.2,52.6,1001.5,280.0,H,2,Catalunya,Toro Rosso
4,4,HAR,5,2,16,16,15,0,48,35.6,16.3,1.0,1.4,51.0,1001.5,189.0,H,3,Catalunya,Toro Rosso
5,4,HAR,6,2,16,16,15,0,49,34.0,16.0,1.0,1.3,52.0,1001.4,293.0,H,4,Catalunya,Toro Rosso
6,4,HAR,7,0,16,17,15,0,49,34.9,16.0,1.0,1.7,52.7,1001.4,177.0,H,5,Catalunya,Toro Rosso
7,4,HAR,8,0,17,17,15,0,50,36.7,16.4,0.0,2.5,50.3,1001.3,283.0,H,6,Catalunya,Toro Rosso
8,4,HAR,9,0,17,17,15,0,51,36.7,16.3,0.0,1.0,50.9,1001.4,52.0,H,7,Catalunya,Toro Rosso
9,4,HAR,10,0,17,17,15,0,51,35.4,16.3,1.0,2.3,51.4,1001.5,12.0,H,8,Catalunya,Toro Rosso
10,4,HAR,11,0,17,17,15,0,51,35.1,16.2,1.0,2.2,51.0,1001.4,51.0,H,9,Catalunya,Toro Rosso
11,4,HAR,12,0,17,17,15,0,52,35.1,16.2,1.0,1.5,51.4,1001.4,50.0,H,10,Catalunya,Toro Rosso
12,4,HAR,13,0,17,17,15,0,53,35.7,16.4,1.0,2.6,52.4,1001.4,0.0,H,11,Catalunya,Toro Rosso
13,4,HAR,14,0,17,17,15,0,54,35.8,16.5,1.0,1.5,50.2,1001.3,72.0,H,12,Catalunya,Toro Rosso
14,4,HAR,15,0,17,17,15,0,55,33.4,16.4,1.0,2.4,51.8,1001.5,349.0,H,13,Catalunya,Toro Rosso
15,4,HAR,16,0,17,17,15,0,56,32.6,16.2,1.0,2.1,51.6,1001.5,18.0,H,14,Catalunya,Toro Rosso
16,4,HAR,17,0,17,17,15,0,57,32.5,16.1,1.0,2.0,51.2,1001.5,62.0,H,15,Catalunya,Toro Rosso
17,4,HAR,18,0,17,17,15,0,57,31.8,16.0,1.0,2.5,51.9,1001.4,55.0,H,16,Catalunya,Toro Rosso
18,4,HAR,19,0,17,17,15,0,58,30.8,15.8,1.0,2.2,53.5,1001.5,83.0,H,17,Catalunya,Toro Rosso
19,4,HAR,20,0,17,17,15,0,59,30.8,15.8,1.0,2.3,53.8,1001.5,54.0,H,18,Catalunya,Toro Rosso
20,4,HAR,21,0,17,15,15,0,59,30.6,15.9,1.0,2.3,53.3,1001.4,64.0,H,19,Catalunya,Toro Rosso
21,4,HAR,22,0,15,14,15,0,59,30.3,15.8,1.0,2.9,53.4,1001.4,23.0,H,20,Catalunya,Toro Rosso
22,4,HAR,23,0,14,14,15,0,60,29.7,15.7,0.0,2.5,52.8,1001.5,57.0,H,21,Catalunya,Toro Rosso
23,4,HAR,24,0,14,13,15,0,60,30.2,15.7,1.0,2.3,53.3,1001.4,68.0,H,22,Catalunya,Toro Rosso
24,4,HAR,25,0,13,14,15,0,60,29.8,15.7,1.0,1.7,53.3,1001.5,69.0,H,23,Catalunya,Toro Rosso
25,4,HAR,26,0,14,14,15,0,60,29.7,15.8,1.0,2.7,53.5,1001.6,40.0,H,24,Catalunya,Toro Rosso
26,4,HAR,27,0,14,13,15,0,60,29.4,15.8,1.0,1.7,54.1,1001.7,52.0,H,25,Catalunya,Toro Rosso
27,4,HAR,28,0,13,13,15,0,60,29.1,15.7,1.0,1.5,53.3,1001.6,68.0,H,26,Catalunya,Toro Rosso
28,4,HAR,29,0,13,13,15,0,60,29.0,15.6,1.0,1.7,53.8,1001.7,61.0,H,27,Catalunya,Toro Rosso
29,4,HAR,30,0,13,12,15,0,61,28.8,15.6,1.0,2.3,53.4,1001.8,69.0,H,28,Catalunya,Toro Rosso
30,4,HAR,31,0,12,12,15,0,61,29.2,15.7,1.0,2.2,54.3,1001.7,65.0,H,29,Catalunya,Toro Rosso
31,4,HAR,32,0,12,12,15,0,61,30.3,15.8,1.0,1.9,53.6,1001.7,68.0,H,30,Catalunya,Toro Rosso
32,4,HAR,33,0,12,12,15,0,61,31.5,16.0,1.0,1.8,53.2,1001.6,33.0,H,31,Catalunya,Toro Rosso
33,4,HAR,34,0,12,14,15,0,61,32.2,15.9,0.0,1.1,51.7,1001.6,27.0,H,0,Catalunya,Toro Rosso
34,4,HAR,35,0,14,14,15,0,61,32.0,15.9,1.0,1.8,52.5,1001.6,72.0,H,1,Catalunya,Toro Rosso
35,4,HAR,36,0,14,14,15,0,61,31.3,16.0,1.0,1.7,53.1,1001.6,91.0,H,2,Catalunya,Toro Rosso
36,4,HAR,37,0,14,14,15,0,61,30.7,16.2,1.0,1.4,52.6,1001.6,117.0,H,3,Catalunya,Toro Rosso
37,4,HAR,38,0,14,14,15,0,62,30.6,16.3,1.0,1.0,51.2,1001.7,111.0,H,4,Catalunya,Toro Rosso
38,4,HAR,39,0,14,14,15,0,62,30.6,15.9,1.0,0.9,52.3,1001.6,36.0,H,5,Catalunya,Toro Rosso
39,4,HAR,40,1,14,14,15,0,61,31.2,16.0,1.0,1.0,53.6,1001.6,305.0,H,6,Catalunya,Toro Rosso
40,4,HAR,41,2,14,14,15,0,61,32.5,16.1,1.0,1.4,52.1,1001.6,3.0,H,7,Catalunya,Toro Rosso
41,4,HAR,42,2,14,14,15,0,61,33.4,16.2,1.0,2.7,52.4,1001.5,58.0,H,8,Catalunya,Toro Rosso
42,4,HAR,43,2,14,14,15,0,61,34.0,16.5,1.0,2.2,51.9,1001.6,78.0,H,9,Catalunya,Toro Rosso
43,4,HAR,44,0,14,14,15,0,61,34.3,16.7,1.0,2.2,51.6,1001.4,92.0,H,10,Catalunya,Toro Rosso
44,4,HAR,45,0,14,14,15,0,61,32.3,16.8,1.0,2.5,49.9,1001.4,63.0,H,11,Catalunya,Toro Rosso
45,4,HAR,46,0,14,13,15,0,62,31.9,16.8,1.0,2.7,49.7,1001.6,74.0,H,12,Catalunya,Toro Rosso
46,4,HAR,47,0,13,13,15,0,62,31.2,15.8,1.0,1.9,50.7,1001.5,72.0,H,13,Catalunya,Toro Rosso
47,4,HAR,48,0,13,13,15,0,62,31.4,15.8,1.0,2.7,51.2,1001.5,97.0,H,14,Catalunya,Toro Rosso
48,4,HAR,49,0,13,13,15,0,62,31.4,15.8,1.0,1.5,52.2,1001.5,56.0,H,15,Catalunya,Toro Rosso
49,4,HAR,50,0,13,13,15,0,62,30.7,15.9,1.0,2.1,51.6,1001.4,65.0,H,16,Catalunya,Toro Rosso
50,4,HAR,51,0,13,13,15,0,62,31.7,16.2,1.0,3.2,51.5,1001.4,72.0,H,17,Catalunya,Toro Rosso
51,4,HAR,52,0,13,13,15,0,62,32.5,15.9,1.0,2.0,51.1,1001.5,73.0,H,18,Catalunya,Toro Rosso
52,4,HAR,53,0,13,13,15,0,62,33.2,16.5,1.0,2.2,51.0,1001.5,77.0,H,19,Catalunya,Toro Rosso
53,4,HAR,54,0,13,13,15,0,62,33.2,16.7,1.0,2.9,50.4,1001.5,68.0,H,20,Catalunya,Toro Rosso
54,4,HAR,55,0,13,13,15,0,62,33.2,16.7,1.0,2.9,50.4,1001.5,68.0,H,21,Catalunya,Toro Rosso
55,4,HAR,56,0,13,13,15,0,62,32.9,16.9,0.0,2.5,49.5,1001.6,64.0,H,22,Catalunya,Toro Rosso
56,4,HAR,57,0,13,13,15,0,62,32.4,16.7,0.0,2.2,50.4,1001.5,279.0,H,23,Catalunya,Toro Rosso
57,4,HAR,58,0,13,13,15,0,62,32.3,16.8,0.0,1.8,50.2,1001.4,76.0,H,24,Catalunya,Toro Rosso
58,4,HAR,59,0,13,13,15,0,62,32.4,17.0,0.0,2.4,49.1,1001.5,52.0,H,25,Catalunya,Toro Rosso
59,4,HAR,60,0,13,13,15,0,62,32.3,17.0,0.0,2.2,50.1,1001.6,64.0,H,26,Catalunya,Toro Rosso
60,4,HAR,61,0,13,13,15,0,62,30.9,17.0,0.0,2.3,49.5,1001.6,90.0,H,27,Catalunya,Toro Rosso
61,4,HAR,62,0,13,12,15,0,62,30.7,16.9,0.0,2.3,49.5,1001.5,99.0,H,28,Catalunya,Toro Rosso
62,4,HAR,63,0,12,12,15,0,62,29.1,16.0,0.0,2.2,52.4,1001.7,71.0,H,29,Catalunya,Toro Rosso
63,4,HAR,64,0,12,12,15,0,62,29.3,16.0,1.0,2.0,53.2,1001.6,77.0,H,30,Catalunya,Toro Rosso
