,driver,lap,trackStatus,position,grid,out,performance,trackTemp,airTemp,raining,windSpeed,humidity,pressure,windDir,tyre,tyreLap,track,team
0,HAM,1,0,1,1,0,66,42.7,24.5,1.0,1.6,50.0,966.5,90.0,V,3.0,Paul Ricard,Mercedes
1,HAM,2,0,1,1,0,58,41.5,24.2,0.0,1.3,51.4,966.4,78.0,V,4.0,Paul Ricard,Mercedes
2,HAM,3,0,1,1,0,56,41.4,24.2,0.0,2.1,51.3,966.4,97.0,V,5.0,Paul Ricard,Mercedes
3,HAM,4,0,1,1,0,57,42.3,24.5,0.0,0.9,48.3,966.4,80.0,V,6.0,Paul Ricard,Mercedes
4,HAM,5,0,1,1,0,57,42.4,24.2,0.0,1.7,49.8,966.4,140.0,V,7.0,Paul Ricard,Mercedes
5,HAM,6,0,1,1,0,59,44.2,24.7,0.0,2.4,48.6,966.4,111.0,V,8.0,Paul Ricard,Mercedes
6,HAM,7,0,1,1,0,60,44.5,24.7,0.0,2.7,48.9,966.3,110.0,V,9.0,Paul Ricard,Mercedes
7,HAM,8,0,1,1,0,61,44.6,24.6,0.0,3.1,48.5,966.4,118.0,V,10.0,Paul Ricard,Mercedes
8,HAM,9,0,1,1,0,61,44.7,24.6,0.0,2.0,48.9,966.4,135.0,V,11.0,Paul Ricard,Mercedes
9,HAM,10,0,1,1,0,62,44.6,24.6,0.0,1.9,48.5,966.2,124.0,V,12.0,Paul Ricard,Mercedes
10,HAM,11,0,1,1,0,63,44.6,24.6,0.0,1.9,48.5,966.2,124.0,V,13.0,Paul Ricard,Mercedes
11,HAM,12,0,1,1,0,64,45.0,24.9,0.0,3.6,47.5,966.3,115.0,V,14.0,Paul Ricard,Mercedes
12,HAM,13,0,1,1,0,64,44.6,25.3,0.0,3.6,44.6,966.3,128.0,V,15.0,Paul Ricard,Mercedes
13,HAM,14,0,1,1,0,65,44.6,24.7,0.0,3.0,47.7,966.4,122.0,V,16.0,Paul Ricard,Mercedes
14,HAM,15,0,1,1,0,65,44.8,24.9,0.0,2.0,47.8,966.3,106.0,V,17.0,Paul Ricard,Mercedes
15,HAM,16,0,1,1,0,65,44.8,24.9,0.0,1.8,48.3,966.1,129.0,V,18.0,Paul Ricard,Mercedes
16,HAM,17,0,1,1,0,65,44.7,25.1,0.0,2.2,48.1,966.2,114.0,V,19.0,Paul Ricard,Mercedes
17,HAM,18,0,1,1,0,66,44.1,25.0,0.0,3.4,48.7,966.2,112.0,V,20.0,Paul Ricard,Mercedes
18,HAM,19,0,1,1,0,67,44.3,24.9,0.0,3.7,48.9,966.2,117.0,V,21.0,Paul Ricard,Mercedes
19,HAM,20,0,1,1,0,67,44.3,24.9,0.0,3.7,48.9,966.2,117.0,V,22.0,Paul Ricard,Mercedes
20,HAM,21,0,1,1,0,68,44.7,24.9,0.0,2.1,48.7,966.1,126.0,V,23.0,Paul Ricard,Mercedes
21,HAM,22,0,1,1,0,68,42.5,25.0,0.0,2.5,48.6,966.2,120.0,V,24.0,Paul Ricard,Mercedes
22,HAM,23,0,1,1,0,68,42.5,24.6,0.0,1.8,49.5,966.1,148.0,V,25.0,Paul Ricard,Mercedes
23,HAM,24,0,1,1,0,68,44.5,24.7,0.0,1.9,49.6,966.2,14.0,V,26.0,Paul Ricard,Mercedes
24,HAM,25,0,1,1,0,67,44.7,25.0,0.0,1.4,48.7,966.0,26.0,V,27.0,Paul Ricard,Mercedes
25,HAM,26,0,1,1,0,67,44.6,25.6,0.0,2.1,45.8,966.2,76.0,V,28.0,Paul Ricard,Mercedes
26,HAM,27,0,1,1,0,67,43.7,25.3,0.0,2.3,46.1,966.0,83.0,V,29.0,Paul Ricard,Mercedes
27,HAM,28,0,1,1,0,67,43.0,24.9,0.0,2.6,47.3,965.9,126.0,V,30.0,Paul Ricard,Mercedes
28,HAM,29,0,1,1,0,67,43.0,24.8,0.0,1.6,48.1,966.1,95.0,V,31.0,Paul Ricard,Mercedes
29,HAM,30,0,1,1,0,67,43.1,24.8,0.0,1.3,48.0,966.2,74.0,V,32.0,Paul Ricard,Mercedes
30,HAM,31,0,1,1,0,67,42.9,25.0,0.0,1.9,47.2,966.1,106.0,V,33.0,Paul Ricard,Mercedes
31,HAM,32,0,1,1,0,67,42.5,24.5,0.0,1.6,47.4,966.2,105.0,V,34.0,Paul Ricard,Mercedes
32,HAM,33,0,2,1,0,67,42.1,24.4,0.0,1.8,47.6,966.3,83.0,V,35.0,Paul Ricard,Mercedes
33,HAM,34,0,1,1,0,66,41.8,24.3,0.0,1.6,47.7,966.2,118.0,S,0.0,Paul Ricard,Mercedes
34,HAM,35,0,1,1,0,66,40.6,24.4,0.0,1.5,47.6,966.2,84.0,S,1.0,Paul Ricard,Mercedes
35,HAM,36,0,1,1,0,66,40.0,24.5,0.0,2.0,46.7,966.2,106.0,S,2.0,Paul Ricard,Mercedes
36,HAM,37,0,1,1,0,66,40.0,24.3,0.0,2.4,46.7,966.2,114.0,S,3.0,Paul Ricard,Mercedes
37,HAM,38,0,1,1,0,66,40.3,24.2,0.0,2.1,47.0,966.2,101.0,S,4.0,Paul Ricard,Mercedes
38,HAM,39,0,1,1,0,66,40.1,24.3,0.0,1.5,46.1,966.2,121.0,S,5.0,Paul Ricard,Mercedes
39,HAM,40,0,1,1,0,66,40.2,24.4,0.0,1.7,45.6,966.2,97.0,S,6.0,Paul Ricard,Mercedes
40,HAM,41,0,1,1,0,66,40.2,24.5,0.0,1.8,45.8,966.1,122.0,S,7.0,Paul Ricard,Mercedes
41,HAM,42,0,1,1,0,66,39.8,24.6,0.0,1.3,47.0,966.2,78.0,S,8.0,Paul Ricard,Mercedes
42,HAM,43,0,1,1,0,66,39.6,24.7,0.0,1.2,51.6,966.2,347.0,S,9.0,Paul Ricard,Mercedes
43,HAM,44,0,1,1,0,66,39.7,24.6,0.0,1.2,50.9,966.3,80.0,S,10.0,Paul Ricard,Mercedes
44,HAM,45,0,1,1,0,66,39.3,24.4,0.0,0.7,47.4,966.3,92.0,S,11.0,Paul Ricard,Mercedes
45,HAM,46,0,1,1,0,66,37.8,24.0,0.0,1.8,51.4,966.4,43.0,S,12.0,Paul Ricard,Mercedes
46,HAM,47,0,1,1,0,66,37.8,23.6,0.0,1.6,53.4,966.3,120.0,S,13.0,Paul Ricard,Mercedes
47,HAM,48,0,1,1,0,66,37.7,23.4,0.0,1.6,54.8,966.4,19.0,S,14.0,Paul Ricard,Mercedes
48,HAM,49,0,1,1,0,65,37.6,23.4,0.0,0.8,55.9,966.4,63.0,S,15.0,Paul Ricard,Mercedes
49,HAM,50,0,1,1,0,65,39.6,23.4,0.0,0.8,55.9,966.4,6.0,S,16.0,Paul Ricard,Mercedes
50,HAM,51,0,1,1,0,65,39.8,23.6,0.0,1.2,55.2,966.3,149.0,S,17.0,Paul Ricard,Mercedes
51,HAM,52,0,1,1,0,65,40.1,24.0,0.0,0.9,52.8,966.3,336.0,S,18.0,Paul Ricard,Mercedes
52,HAM,53,0,1,1,0,65,39.7,23.8,0.0,0.8,53.1,966.4,353.0,S,19.0,Paul Ricard,Mercedes
0,BOT,1,0,18,7,0,43,41.4,24.2,0.0,2.1,51.3,966.4,97.0,V,3.0,Paul Ricard,Mercedes
1,BOT,2,0,18,7,0,50,41.1,24.3,0.0,1.3,50.7,966.4,120.0,S,0.0,Paul Ricard,Mercedes
2,BOT,3,0,18,7,0,60,42.1,24.5,0.0,2.1,49.9,966.6,110.0,S,1.0,Paul Ricard,Mercedes
3,BOT,4,0,18,7,0,63,42.3,24.5,0.0,0.9,48.3,966.4,80.0,S,2.0,Paul Ricard,Mercedes
4,BOT,5,0,18,7,0,66,44.1,24.7,0.0,1.7,48.6,966.3,106.0,S,3.0,Paul Ricard,Mercedes
5,BOT,6,0,16,7,0,68,44.2,24.7,0.0,2.4,48.6,966.4,111.0,S,4.0,Paul Ricard,Mercedes
6,BOT,7,0,16,7,0,69,44.5,24.7,0.0,2.7,48.9,966.3,110.0,S,5.0,Paul Ricard,Mercedes
7,BOT,8,0,14,7,0,69,44.6,24.6,0.0,1.9,48.5,966.2,124.0,S,6.0,Paul Ricard,Mercedes
8,BOT,9,0,13,7,0,69,45.0,24.9,0.0,3.6,47.5,966.3,115.0,S,7.0,Paul Ricard,Mercedes
9,BOT,10,0,13,7,0,70,44.8,24.9,0.0,1.8,48.3,966.1,129.0,S,8.0,Paul Ricard,Mercedes
10,BOT,11,0,12,7,0,71,44.5,25.1,0.0,3.7,48.5,966.2,114.0,S,9.0,Paul Ricard,Mercedes
11,BOT,12,0,12,7,0,71,44.1,25.0,0.0,3.4,48.7,966.2,112.0,S,10.0,Paul Ricard,Mercedes
12,BOT,13,0,12,7,0,72,44.3,24.9,0.0,3.7,48.9,966.2,117.0,S,11.0,Paul Ricard,Mercedes
13,BOT,14,0,12,7,0,72,44.7,24.9,0.0,2.8,49.0,966.1,103.0,S,12.0,Paul Ricard,Mercedes
14,BOT,15,0,11,7,0,72,44.7,24.9,0.0,2.1,48.7,966.1,126.0,S,13.0,Paul Ricard,Mercedes
15,BOT,16,0,11,7,0,72,42.5,25.0,0.0,2.5,48.6,966.2,120.0,S,14.0,Paul Ricard,Mercedes
16,BOT,17,0,11,7,0,72,42.5,24.6,0.0,1.8,49.5,966.1,148.0,S,15.0,Paul Ricard,Mercedes
17,BOT,18,0,11,7,0,73,43.5,24.5,0.0,1.8,50.3,966.1,114.0,S,16.0,Paul Ricard,Mercedes
18,BOT,19,0,10,7,0,73,44.7,25.0,0.0,1.4,48.7,966.0,26.0,S,17.0,Paul Ricard,Mercedes
19,BOT,20,0,10,7,0,74,44.7,25.2,0.0,1.5,48.0,966.1,348.0,S,18.0,Paul Ricard,Mercedes
20,BOT,21,0,10,7,0,74,44.3,25.1,0.0,1.9,48.0,966.1,134.0,S,19.0,Paul Ricard,Mercedes
21,BOT,22,0,10,7,0,74,44.3,25.5,0.0,1.4,47.4,966.2,123.0,S,20.0,Paul Ricard,Mercedes
22,BOT,23,0,10,7,0,74,44.6,25.6,0.0,2.1,45.8,966.2,76.0,S,21.0,Paul Ricard,Mercedes
23,BOT,24,0,10,7,0,74,44.4,25.0,0.0,1.4,47.0,966.1,71.0,S,22.0,Paul Ricard,Mercedes
24,BOT,25,0,10,7,0,74,44.1,24.9,0.0,1.1,47.8,966.1,140.0,S,23.0,Paul Ricard,Mercedes
25,BOT,26,0,9,7,0,74,44.2,25.2,0.0,1.3,47.1,966.0,116.0,S,24.0,Paul Ricard,Mercedes
26,BOT,27,0,9,7,0,74,43.7,25.3,0.0,2.3,46.1,966.0,83.0,S,25.0,Paul Ricard,Mercedes
27,BOT,28,0,7,7,0,74,43.0,24.9,0.0,2.6,47.3,965.9,126.0,S,26.0,Paul Ricard,Mercedes
28,BOT,29,0,7,7,0,74,43.0,24.8,0.0,1.6,48.1,966.1,95.0,S,27.0,Paul Ricard,Mercedes
29,BOT,30,0,7,7,0,74,43.1,24.8,0.0,1.3,48.0,966.2,74.0,S,28.0,Paul Ricard,Mercedes
30,BOT,31,0,7,7,0,74,42.9,25.0,0.0,1.9,47.2,966.1,106.0,S,29.0,Paul Ricard,Mercedes
31,BOT,32,0,7,7,0,74,42.5,24.5,0.0,1.6,47.4,966.2,105.0,S,30.0,Paul Ricard,Mercedes
32,BOT,33,0,7,7,0,74,42.1,24.4,0.0,1.8,47.6,966.3,83.0,S,31.0,Paul Ricard,Mercedes
33,BOT,34,0,6,7,0,74,40.0,24.3,0.0,2.4,46.7,966.2,114.0,S,32.0,Paul Ricard,Mercedes
34,BOT,35,0,6,7,0,74,40.1,24.2,0.0,2.4,47.0,966.2,112.0,S,33.0,Paul Ricard,Mercedes
35,BOT,36,0,6,7,0,74,40.3,24.2,0.0,2.1,47.0,966.2,101.0,S,34.0,Paul Ricard,Mercedes
36,BOT,37,0,6,7,0,74,40.2,24.3,0.0,1.5,46.7,966.2,98.0,S,35.0,Paul Ricard,Mercedes
37,BOT,38,0,6,7,0,74,40.2,24.5,0.0,1.8,45.8,966.1,122.0,S,36.0,Paul Ricard,Mercedes
38,BOT,39,0,9,7,0,74,39.8,24.6,0.0,1.3,47.0,966.2,78.0,S,37.0,Paul Ricard,Mercedes
39,BOT,40,0,8,7,0,74,39.6,24.7,0.0,1.2,51.6,966.2,347.0,V,0.0,Paul Ricard,Mercedes
40,BOT,41,0,8,7,0,74,39.5,24.5,0.0,1.0,47.1,966.2,23.0,V,1.0,Paul Ricard,Mercedes
41,BOT,42,0,8,7,0,74,39.1,24.5,0.0,0.9,47.2,966.3,15.0,V,2.0,Paul Ricard,Mercedes
42,BOT,43,0,8,7,0,74,38.9,24.3,0.0,1.0,47.9,966.3,28.0,V,3.0,Paul Ricard,Mercedes
43,BOT,44,0,8,7,0,74,38.4,24.4,0.0,1.0,48.3,966.3,149.0,V,4.0,Paul Ricard,Mercedes
44,BOT,45,0,8,7,0,74,37.8,24.3,0.0,0.9,49.3,966.3,75.0,V,5.0,Paul Ricard,Mercedes
45,BOT,46,0,8,7,0,74,37.8,24.0,0.0,1.8,51.4,966.4,43.0,V,6.0,Paul Ricard,Mercedes
46,BOT,47,0,8,7,0,74,37.8,23.6,0.0,1.6,53.4,966.3,120.0,V,7.0,Paul Ricard,Mercedes
47,BOT,48,0,8,7,0,74,39.6,23.4,0.0,1.0,55.4,966.3,53.0,V,8.0,Paul Ricard,Mercedes
48,BOT,49,0,8,7,0,73,39.6,23.4,0.0,0.8,55.9,966.4,6.0,V,9.0,Paul Ricard,Mercedes
49,BOT,50,0,7,7,0,73,40.1,23.9,0.0,0.5,54.0,966.4,1.0,V,10.0,Paul Ricard,Mercedes
50,BOT,51,0,7,7,0,74,40.0,23.9,0.0,1.3,53.2,966.4,298.0,V,11.0,Paul Ricard,Mercedes
51,BOT,52,0,7,7,0,73,40.1,24.0,0.0,0.9,52.8,966.3,336.0,V,12.0,Paul Ricard,Mercedes
52,BOT,53,0,7,7,0,73,40.1,24.0,0.0,0.9,52.8,966.3,336.0,V,13.0,Paul Ricard,Mercedes
0,VET,1,0,17,5,0,44,41.5,24.2,0.0,1.3,51.4,966.4,78.0,E,3.0,Paul Ricard,Ferrari
1,VET,2,0,17,5,0,47,41.1,24.3,0.0,1.3,50.7,966.4,120.0,S,0.0,Paul Ricard,Ferrari
2,VET,3,0,17,5,0,47,42.4,24.2,0.0,1.7,49.8,966.4,140.0,S,1.0,Paul Ricard,Ferrari
3,VET,4,0,17,5,0,49,44.1,24.7,0.0,1.7,48.6,966.3,106.0,S,2.0,Paul Ricard,Ferrari
4,VET,5,0,17,5,0,49,44.2,24.7,0.0,2.4,48.6,966.4,111.0,S,3.0,Paul Ricard,Ferrari
5,VET,6,0,15,5,0,53,44.5,24.7,0.0,2.7,48.9,966.3,110.0,S,4.0,Paul Ricard,Ferrari
6,VET,7,0,13,5,0,56,44.6,24.6,0.0,3.1,48.5,966.4,118.0,S,5.0,Paul Ricard,Ferrari
7,VET,8,0,12,5,0,58,44.6,24.6,0.0,1.9,48.5,966.2,124.0,S,6.0,Paul Ricard,Ferrari
8,VET,9,0,11,5,0,60,44.6,24.6,0.0,1.9,48.5,966.2,124.0,S,7.0,Paul Ricard,Ferrari
9,VET,10,0,11,5,0,61,45.2,24.9,0.0,2.5,48.0,966.3,140.0,S,8.0,Paul Ricard,Ferrari
10,VET,11,0,10,5,0,63,45.0,24.9,0.0,3.6,47.5,966.3,115.0,S,9.0,Paul Ricard,Ferrari
11,VET,12,0,10,5,0,65,45.2,24.9,0.0,3.7,47.6,966.2,132.0,S,10.0,Paul Ricard,Ferrari
12,VET,13,0,9,5,0,66,45.0,25.1,0.0,3.3,45.4,966.3,121.0,S,11.0,Paul Ricard,Ferrari
13,VET,14,0,8,5,0,68,44.6,25.3,0.0,3.6,44.6,966.3,128.0,S,12.0,Paul Ricard,Ferrari
14,VET,15,0,8,5,0,69,44.8,24.9,0.0,1.8,48.3,966.1,129.0,S,13.0,Paul Ricard,Ferrari
15,VET,16,0,8,5,0,70,44.7,25.1,0.0,2.2,48.1,966.2,114.0,S,14.0,Paul Ricard,Ferrari
16,VET,17,0,7,5,0,71,44.1,25.0,0.0,3.4,48.7,966.2,112.0,S,15.0,Paul Ricard,Ferrari
17,VET,18,0,6,5,0,72,44.3,24.9,0.0,3.7,48.9,966.2,117.0,S,16.0,Paul Ricard,Ferrari
18,VET,19,0,6,5,0,73,44.3,24.9,0.0,3.7,48.9,966.2,117.0,S,17.0,Paul Ricard,Ferrari
19,VET,20,0,5,5,0,73,44.7,24.9,0.0,2.8,49.0,966.1,103.0,S,18.0,Paul Ricard,Ferrari
20,VET,21,0,5,5,0,74,42.5,24.6,0.0,1.8,49.5,966.1,148.0,S,19.0,Paul Ricard,Ferrari
21,VET,22,0,5,5,0,74,44.5,24.7,0.0,1.9,49.6,966.2,14.0,S,20.0,Paul Ricard,Ferrari
22,VET,23,0,5,5,0,75,44.8,24.9,0.0,0.8,48.9,966.1,90.0,S,21.0,Paul Ricard,Ferrari
23,VET,24,0,5,5,0,75,44.3,25.1,0.0,1.9,48.0,966.1,134.0,S,22.0,Paul Ricard,Ferrari
24,VET,25,0,5,5,0,75,44.4,25.0,0.0,1.4,47.0,966.1,71.0,S,23.0,Paul Ricard,Ferrari
25,VET,26,0,5,5,0,74,43.7,25.3,0.0,2.3,46.1,966.0,83.0,S,24.0,Paul Ricard,Ferrari
26,VET,27,0,5,5,0,74,43.0,24.9,0.0,2.6,47.3,965.9,126.0,S,25.0,Paul Ricard,Ferrari
27,VET,28,0,5,5,0,74,43.0,24.8,0.0,1.6,48.1,966.1,95.0,S,26.0,Paul Ricard,Ferrari
28,VET,29,0,4,5,0,74,43.1,24.8,0.0,1.3,48.0,966.2,74.0,S,27.0,Paul Ricard,Ferrari
29,VET,30,0,4,5,0,74,43.0,25.0,0.0,1.9,47.9,966.2,119.0,S,28.0,Paul Ricard,Ferrari
30,VET,31,0,4,5,0,74,42.5,24.5,0.0,1.6,47.4,966.2,105.0,S,29.0,Paul Ricard,Ferrari
31,VET,32,0,4,5,0,74,42.1,24.4,0.0,1.8,47.6,966.3,83.0,S,30.0,Paul Ricard,Ferrari
32,VET,33,0,4,5,0,74,41.8,24.3,0.0,1.6,47.7,966.2,118.0,S,31.0,Paul Ricard,Ferrari
33,VET,34,0,4,5,0,74,40.3,24.3,0.0,1.8,48.0,966.2,133.0,S,32.0,Paul Ricard,Ferrari
34,VET,35,0,4,5,0,74,40.1,24.6,0.0,1.3,46.6,966.2,101.0,S,33.0,Paul Ricard,Ferrari
35,VET,36,0,4,5,0,74,40.1,24.2,0.0,2.4,47.0,966.2,112.0,S,34.0,Paul Ricard,Ferrari
36,VET,37,0,4,5,0,74,40.2,24.3,0.0,1.8,46.4,966.2,91.0,S,35.0,Paul Ricard,Ferrari
37,VET,38,0,4,5,0,74,40.1,24.3,0.0,1.5,46.1,966.2,121.0,S,36.0,Paul Ricard,Ferrari
38,VET,39,0,5,5,0,74,40.2,24.4,0.0,1.7,45.6,966.2,97.0,S,37.0,Paul Ricard,Ferrari
39,VET,40,0,5,5,0,74,39.6,24.6,0.0,1.1,49.4,966.2,349.0,S,38.0,Paul Ricard,Ferrari
40,VET,41,0,5,5,0,74,39.6,24.7,0.0,1.2,51.6,966.2,347.0,E,3.0,Paul Ricard,Ferrari
41,VET,42,0,5,5,0,74,39.5,24.5,0.0,1.0,47.1,966.2,23.0,E,4.0,Paul Ricard,Ferrari
42,VET,43,0,5,5,0,74,39.2,24.5,0.0,0.7,46.8,966.3,0.0,E,5.0,Paul Ricard,Ferrari
43,VET,44,0,5,5,0,74,39.0,24.5,0.0,1.1,47.1,966.2,27.0,E,6.0,Paul Ricard,Ferrari
44,VET,45,0,5,5,0,74,38.9,24.3,0.0,1.0,47.9,966.3,28.0,E,7.0,Paul Ricard,Ferrari
45,VET,46,0,5,5,0,74,38.4,24.4,0.0,1.0,48.3,966.3,149.0,E,8.0,Paul Ricard,Ferrari
46,VET,47,0,5,5,0,74,37.8,23.6,0.0,1.6,53.4,966.3,120.0,E,9.0,Paul Ricard,Ferrari
47,VET,48,0,5,5,0,73,37.7,23.4,0.0,1.6,54.8,966.4,19.0,E,10.0,Paul Ricard,Ferrari
48,VET,49,0,5,5,0,73,39.6,23.4,0.0,0.8,55.9,966.4,6.0,E,11.0,Paul Ricard,Ferrari
49,VET,50,0,5,5,0,73,39.8,23.6,0.0,1.2,55.2,966.3,149.0,E,12.0,Paul Ricard,Ferrari
50,VET,51,0,5,5,0,73,39.9,23.7,0.0,1.2,55.2,966.3,0.0,E,13.0,Paul Ricard,Ferrari
51,VET,52,0,5,5,0,73,40.1,23.9,0.0,0.5,54.0,966.4,1.0,E,14.0,Paul Ricard,Ferrari
52,VET,53,0,5,5,0,72,40.1,24.0,0.0,0.9,52.8,966.3,336.0,E,15.0,Paul Ricard,Ferrari
0,VER,1,0,2,2,0,53,41.5,24.2,0.0,1.3,51.4,966.4,78.0,V,3.0,Paul Ricard,Red Bull Racing
1,VER,2,0,2,2,0,49,41.4,24.2,0.0,2.1,51.3,966.4,97.0,V,4.0,Paul Ricard,Red Bull Racing
2,VER,3,0,2,2,0,50,41.1,24.3,0.0,1.3,50.7,966.4,120.0,V,5.0,Paul Ricard,Red Bull Racing
3,VER,4,0,2,2,0,51,42.4,24.2,0.0,1.7,49.8,966.4,140.0,V,6.0,Paul Ricard,Red Bull Racing
4,VER,5,0,2,2,0,52,44.2,24.7,0.0,2.4,48.6,966.4,111.0,V,7.0,Paul Ricard,Red Bull Racing
5,VER,6,0,2,2,0,54,44.7,24.6,0.0,2.0,48.9,966.4,135.0,V,8.0,Paul Ricard,Red Bull Racing
6,VER,7,0,2,2,0,56,44.6,24.6,0.0,1.9,48.5,966.2,124.0,V,9.0,Paul Ricard,Red Bull Racing
7,VER,8,0,2,2,0,57,44.8,24.9,0.0,1.8,48.3,966.1,129.0,V,10.0,Paul Ricard,Red Bull Racing
8,VER,9,0,2,2,0,58,44.7,25.1,0.0,2.2,48.1,966.2,114.0,V,11.0,Paul Ricard,Red Bull Racing
9,VER,10,0,2,2,0,59,44.5,25.1,0.0,3.7,48.5,966.2,114.0,V,12.0,Paul Ricard,Red Bull Racing
10,VER,11,0,2,2,0,60,44.3,24.9,0.0,3.7,48.9,966.2,117.0,V,13.0,Paul Ricard,Red Bull Racing
11,VER,12,0,2,2,0,61,44.3,24.9,0.0,3.7,48.9,966.2,117.0,V,14.0,Paul Ricard,Red Bull Racing
12,VER,13,0,2,2,0,61,42.5,25.0,0.0,2.5,48.6,966.2,120.0,V,15.0,Paul Ricard,Red Bull Racing
13,VER,14,0,2,2,0,61,43.5,24.5,0.0,1.8,50.3,966.1,114.0,V,16.0,Paul Ricard,Red Bull Racing
14,VER,15,0,2,2,0,61,44.5,24.7,0.0,1.9,49.6,966.2,14.0,V,17.0,Paul Ricard,Red Bull Racing
15,VER,16,0,2,2,0,62,44.8,24.9,0.0,0.8,48.9,966.1,90.0,V,18.0,Paul Ricard,Red Bull Racing
16,VER,17,0,2,2,0,62,44.3,25.1,0.0,1.9,48.0,966.1,134.0,V,19.0,Paul Ricard,Red Bull Racing
17,VER,18,0,2,2,0,63,44.3,25.5,0.0,1.4,47.4,966.2,123.0,V,20.0,Paul Ricard,Red Bull Racing
18,VER,19,0,2,2,0,63,44.6,25.6,0.0,2.1,45.8,966.2,76.0,V,21.0,Paul Ricard,Red Bull Racing
19,VER,20,0,2,2,0,64,44.4,25.0,0.0,1.4,47.0,966.1,71.0,V,22.0,Paul Ricard,Red Bull Racing
20,VER,21,0,2,2,0,64,44.1,24.9,0.0,1.1,47.8,966.1,140.0,V,23.0,Paul Ricard,Red Bull Racing
21,VER,22,0,2,2,0,64,44.2,25.2,0.0,1.3,47.1,966.0,116.0,V,24.0,Paul Ricard,Red Bull Racing
22,VER,23,0,2,2,0,64,43.7,25.3,0.0,2.3,46.1,966.0,83.0,V,25.0,Paul Ricard,Red Bull Racing
23,VER,24,0,2,2,0,64,43.0,24.8,0.0,1.6,48.1,966.1,95.0,V,26.0,Paul Ricard,Red Bull Racing
24,VER,25,0,4,2,0,64,43.1,24.8,0.0,1.3,48.0,966.2,74.0,V,27.0,Paul Ricard,Red Bull Racing
25,VER,26,0,4,2,0,64,42.9,25.0,0.0,1.9,47.2,966.1,106.0,S,0.0,Paul Ricard,Red Bull Racing
26,VER,27,0,4,2,0,65,42.5,24.5,0.0,1.6,47.4,966.2,105.0,S,1.0,Paul Ricard,Red Bull Racing
27,VER,28,0,3,2,0,65,41.8,24.3,0.0,1.6,47.7,966.2,118.0,S,2.0,Paul Ricard,Red Bull Racing
28,VER,29,0,3,2,0,65,40.6,24.4,0.0,1.5,47.6,966.2,84.0,S,3.0,Paul Ricard,Red Bull Racing
29,VER,30,0,3,2,0,65,40.3,24.3,0.0,1.8,48.0,966.2,133.0,S,4.0,Paul Ricard,Red Bull Racing
30,VER,31,0,3,2,0,66,40.0,24.5,0.0,2.0,46.7,966.2,106.0,S,5.0,Paul Ricard,Red Bull Racing
31,VER,32,0,3,2,0,65,40.1,24.2,0.0,2.4,47.0,966.2,112.0,S,6.0,Paul Ricard,Red Bull Racing
32,VER,33,0,3,2,0,65,40.1,24.3,0.0,1.5,46.1,966.2,121.0,S,7.0,Paul Ricard,Red Bull Racing
33,VER,34,0,2,2,0,66,40.2,24.4,0.0,1.7,45.6,966.2,97.0,S,8.0,Paul Ricard,Red Bull Racing
34,VER,35,0,2,2,0,66,39.6,24.6,0.0,1.1,49.4,966.2,349.0,S,9.0,Paul Ricard,Red Bull Racing
35,VER,36,0,2,2,0,66,39.6,24.6,0.0,2.3,51.1,966.2,335.0,S,10.0,Paul Ricard,Red Bull Racing
36,VER,37,0,2,2,0,66,39.7,24.7,0.0,1.4,51.4,966.3,317.0,S,11.0,Paul Ricard,Red Bull Racing
37,VER,38,0,2,2,0,66,39.7,24.6,0.0,1.2,50.9,966.3,80.0,S,12.0,Paul Ricard,Red Bull Racing
38,VER,39,0,2,2,0,66,39.5,24.5,0.0,1.0,47.1,966.2,23.0,S,13.0,Paul Ricard,Red Bull Racing
39,VER,40,0,2,2,0,67,39.3,24.4,0.0,0.7,47.4,966.3,92.0,S,14.0,Paul Ricard,Red Bull Racing
40,VER,41,0,2,2,0,67,39.2,24.5,0.0,0.7,46.8,966.3,0.0,S,15.0,Paul Ricard,Red Bull Racing
41,VER,42,0,2,2,0,67,39.0,24.5,0.0,1.1,47.1,966.2,27.0,S,16.0,Paul Ricard,Red Bull Racing
42,VER,43,0,2,2,0,67,38.4,24.4,0.0,0.9,48.2,966.4,153.0,S,17.0,Paul Ricard,Red Bull Racing
43,VER,44,0,2,2,0,67,37.8,24.3,0.0,0.9,49.3,966.3,75.0,S,18.0,Paul Ricard,Red Bull Racing
44,VER,45,0,2,2,0,67,37.8,24.0,0.0,1.8,51.4,966.4,43.0,S,19.0,Paul Ricard,Red Bull Racing
45,VER,46,0,2,2,0,68,37.7,23.4,0.0,1.6,54.8,966.4,19.0,S,20.0,Paul Ricard,Red Bull Racing
46,VER,47,0,2,2,0,68,37.6,23.4,0.0,0.8,55.9,966.4,63.0,S,21.0,Paul Ricard,Red Bull Racing
47,VER,48,0,2,2,0,68,39.6,23.4,0.0,0.8,55.9,966.4,6.0,S,22.0,Paul Ricard,Red Bull Racing
48,VER,49,0,2,2,0,68,39.8,23.6,0.0,1.2,55.2,966.3,149.0,S,23.0,Paul Ricard,Red Bull Racing
49,VER,50,0,2,2,0,68,40.1,23.9,0.0,0.5,54.0,966.4,1.0,S,24.0,Paul Ricard,Red Bull Racing
50,VER,51,0,2,2,0,68,40.0,23.9,0.0,1.3,53.2,966.4,298.0,S,25.0,Paul Ricard,Red Bull Racing
51,VER,52,0,2,2,0,68,40.1,24.0,0.0,0.9,52.8,966.3,336.0,S,26.0,Paul Ricard,Red Bull Racing
52,VER,53,0,2,2,0,68,39.7,23.8,0.0,0.8,53.1,966.4,353.0,S,27.0,Paul Ricard,Red Bull Racing
0,RIC,1,0,4,4,0,54,42.7,24.5,1.0,1.6,50.0,966.5,90.0,V,5.0,Paul Ricard,Red Bull Racing
1,RIC,2,0,4,4,0,58,41.5,24.2,0.0,1.3,51.4,966.4,78.0,V,6.0,Paul Ricard,Red Bull Racing
2,RIC,3,0,4,4,0,56,41.4,24.2,0.0,2.1,51.3,966.4,97.0,V,7.0,Paul Ricard,Red Bull Racing
3,RIC,4,0,4,4,0,58,42.4,24.2,0.0,1.7,49.8,966.4,140.0,V,8.0,Paul Ricard,Red Bull Racing
4,RIC,5,0,4,4,0,58,43.3,24.6,0.0,2.2,48.6,966.4,117.0,V,9.0,Paul Ricard,Red Bull Racing
5,RIC,6,0,4,4,0,59,44.1,24.7,0.0,1.7,48.6,966.3,106.0,V,10.0,Paul Ricard,Red Bull Racing
6,RIC,7,0,4,4,0,60,44.2,24.7,0.0,2.4,48.6,966.4,111.0,V,11.0,Paul Ricard,Red Bull Racing
7,RIC,8,0,4,4,0,61,44.5,24.7,0.0,2.7,48.9,966.3,110.0,V,12.0,Paul Ricard,Red Bull Racing
8,RIC,9,0,3,4,0,62,44.6,24.6,0.0,3.1,48.5,966.4,118.0,V,13.0,Paul Ricard,Red Bull Racing
9,RIC,10,0,3,4,0,62,44.6,24.6,0.0,1.9,48.5,966.2,124.0,V,14.0,Paul Ricard,Red Bull Racing
10,RIC,11,0,3,4,0,63,45.2,24.9,0.0,2.5,48.0,966.3,140.0,V,15.0,Paul Ricard,Red Bull Racing
11,RIC,12,0,3,4,0,64,45.0,24.9,0.0,3.6,47.5,966.3,115.0,V,16.0,Paul Ricard,Red Bull Racing
12,RIC,13,0,3,4,0,65,44.6,25.3,0.0,3.6,44.6,966.3,128.0,V,17.0,Paul Ricard,Red Bull Racing
13,RIC,14,0,3,4,0,65,44.8,24.9,0.0,1.8,48.3,966.1,129.0,V,18.0,Paul Ricard,Red Bull Racing
14,RIC,15,0,3,4,0,65,44.7,25.1,0.0,2.2,48.1,966.2,114.0,V,19.0,Paul Ricard,Red Bull Racing
15,RIC,16,0,3,4,0,65,44.3,24.9,0.0,3.7,48.9,966.2,117.0,V,20.0,Paul Ricard,Red Bull Racing
16,RIC,17,0,3,4,0,65,44.7,24.9,0.0,2.8,49.0,966.1,103.0,V,21.0,Paul Ricard,Red Bull Racing
17,RIC,18,0,3,4,0,65,44.7,24.9,0.0,2.1,48.7,966.1,126.0,V,22.0,Paul Ricard,Red Bull Racing
18,RIC,19,0,3,4,0,66,42.5,24.6,0.0,1.8,49.5,966.1,148.0,V,23.0,Paul Ricard,Red Bull Racing
19,RIC,20,0,3,4,0,66,43.5,24.5,0.0,1.8,50.3,966.1,114.0,V,24.0,Paul Ricard,Red Bull Racing
20,RIC,21,0,3,4,0,66,44.3,25.1,0.0,1.9,48.0,966.1,134.0,V,25.0,Paul Ricard,Red Bull Racing
21,RIC,22,0,3,4,0,66,44.3,25.5,0.0,1.4,47.4,966.2,123.0,V,26.0,Paul Ricard,Red Bull Racing
22,RIC,23,0,3,4,0,67,44.6,25.6,0.0,2.1,45.8,966.2,76.0,V,27.0,Paul Ricard,Red Bull Racing
23,RIC,24,0,3,4,0,67,44.1,24.9,0.0,1.1,47.8,966.1,140.0,V,28.0,Paul Ricard,Red Bull Racing
24,RIC,25,0,2,4,0,67,44.2,25.2,0.0,1.3,47.1,966.0,116.0,V,29.0,Paul Ricard,Red Bull Racing
25,RIC,26,0,2,4,0,67,43.7,25.3,0.0,2.3,46.1,966.0,83.0,V,30.0,Paul Ricard,Red Bull Racing
26,RIC,27,0,2,4,0,67,43.0,24.9,0.0,2.6,47.3,965.9,126.0,V,31.0,Paul Ricard,Red Bull Racing
27,RIC,28,0,4,4,0,67,43.1,24.8,0.0,1.3,48.0,966.2,74.0,V,32.0,Paul Ricard,Red Bull Racing
28,RIC,29,0,5,4,0,67,42.9,25.0,0.0,1.9,47.2,966.1,106.0,S,0.0,Paul Ricard,Red Bull Racing
29,RIC,30,0,5,4,0,67,42.5,24.5,0.0,1.6,47.4,966.2,105.0,S,1.0,Paul Ricard,Red Bull Racing
30,RIC,31,0,5,4,0,67,40.3,24.3,0.0,1.8,48.0,966.2,133.0,S,2.0,Paul Ricard,Red Bull Racing
31,RIC,32,0,5,4,0,67,40.0,24.5,0.0,2.0,46.7,966.2,106.0,S,3.0,Paul Ricard,Red Bull Racing
32,RIC,33,0,5,4,0,67,40.1,24.2,0.0,2.4,47.0,966.2,112.0,S,4.0,Paul Ricard,Red Bull Racing
33,RIC,34,0,3,4,0,66,40.3,24.2,0.0,2.1,47.0,966.2,101.0,S,5.0,Paul Ricard,Red Bull Racing
34,RIC,35,0,3,4,0,66,40.2,24.3,0.0,1.5,46.7,966.2,98.0,S,6.0,Paul Ricard,Red Bull Racing
35,RIC,36,0,3,4,0,66,40.2,24.3,0.0,1.8,46.4,966.2,91.0,S,7.0,Paul Ricard,Red Bull Racing
36,RIC,37,0,3,4,0,66,40.1,24.3,0.0,1.5,46.1,966.2,121.0,S,8.0,Paul Ricard,Red Bull Racing
37,RIC,38,0,3,4,0,66,39.8,24.6,0.0,1.3,47.0,966.2,78.0,S,9.0,Paul Ricard,Red Bull Racing
38,RIC,39,0,3,4,0,66,39.6,24.6,0.0,1.1,49.4,966.2,349.0,S,10.0,Paul Ricard,Red Bull Racing
39,RIC,40,0,3,4,0,66,39.6,24.6,0.0,2.3,51.1,966.2,335.0,S,11.0,Paul Ricard,Red Bull Racing
40,RIC,41,0,3,4,0,66,39.5,24.5,0.0,1.0,47.1,966.2,23.0,S,12.0,Paul Ricard,Red Bull Racing
41,RIC,42,0,3,4,0,66,39.2,24.5,0.0,0.7,46.8,966.3,0.0,S,13.0,Paul Ricard,Red Bull Racing
42,RIC,43,0,3,4,0,66,39.1,24.5,0.0,0.9,47.2,966.3,15.0,S,14.0,Paul Ricard,Red Bull Racing
43,RIC,44,0,3,4,0,65,39.0,24.5,0.0,1.1,47.1,966.2,27.0,S,15.0,Paul Ricard,Red Bull Racing
44,RIC,45,0,3,4,0,65,38.4,24.4,0.0,0.9,48.2,966.4,153.0,S,16.0,Paul Ricard,Red Bull Racing
45,RIC,46,0,3,4,0,65,37.8,24.0,0.0,1.8,51.4,966.4,43.0,S,17.0,Paul Ricard,Red Bull Racing
46,RIC,47,0,4,4,0,65,37.8,23.6,0.0,1.6,53.4,966.3,120.0,S,18.0,Paul Ricard,Red Bull Racing
47,RIC,48,0,4,4,0,65,37.6,23.4,0.0,0.8,55.9,966.4,63.0,S,19.0,Paul Ricard,Red Bull Racing
48,RIC,49,0,4,4,0,65,39.6,23.4,0.0,0.8,55.9,966.4,6.0,S,20.0,Paul Ricard,Red Bull Racing
49,RIC,50,0,4,4,0,65,39.8,23.6,0.0,1.2,55.2,966.3,149.0,S,21.0,Paul Ricard,Red Bull Racing
50,RIC,51,0,4,4,0,65,39.9,23.7,0.0,1.2,55.2,966.3,0.0,S,22.0,Paul Ricard,Red Bull Racing
51,RIC,52,0,4,4,0,65,40.1,23.9,0.0,0.5,54.0,966.4,1.0,S,23.0,Paul Ricard,Red Bull Racing
52,RIC,53,0,4,4,0,64,39.7,23.8,0.0,0.8,53.1,966.4,353.0,S,24.0,Paul Ricard,Red Bull Racing
0,RAI,1,0,7,3,0,51,42.7,24.5,1.0,1.6,50.0,966.5,90.0,E,3.0,Paul Ricard,Ferrari
1,RAI,2,0,7,3,0,48,42.6,24.3,0.0,1.8,50.4,966.4,108.0,E,4.0,Paul Ricard,Ferrari
2,RAI,3,0,7,3,0,49,41.5,24.2,0.0,1.3,51.4,966.4,78.0,E,5.0,Paul Ricard,Ferrari
3,RAI,4,0,7,3,0,49,42.1,24.5,0.0,2.1,49.9,966.6,110.0,E,6.0,Paul Ricard,Ferrari
4,RAI,5,0,7,3,0,50,42.3,24.5,0.0,0.9,48.3,966.4,80.0,E,7.0,Paul Ricard,Ferrari
5,RAI,6,0,6,3,0,52,42.4,24.2,0.0,1.7,49.8,966.4,140.0,E,8.0,Paul Ricard,Ferrari
6,RAI,7,0,6,3,0,54,43.3,24.6,0.0,2.2,48.6,966.4,117.0,E,9.0,Paul Ricard,Ferrari
7,RAI,8,0,5,3,0,56,44.6,24.6,0.0,1.9,48.5,966.2,124.0,E,10.0,Paul Ricard,Ferrari
8,RAI,9,0,5,3,0,57,44.6,24.6,0.0,1.9,48.5,966.2,124.0,E,11.0,Paul Ricard,Ferrari
9,RAI,10,0,4,3,0,58,45.2,24.9,0.0,2.5,48.0,966.3,140.0,E,12.0,Paul Ricard,Ferrari
10,RAI,11,0,4,3,0,60,45.0,24.9,0.0,3.6,47.5,966.3,115.0,E,13.0,Paul Ricard,Ferrari
11,RAI,12,0,4,3,0,61,45.2,24.9,0.0,3.7,47.6,966.2,132.0,E,14.0,Paul Ricard,Ferrari
12,RAI,13,0,4,3,0,61,44.6,25.3,0.0,3.6,44.6,966.3,128.0,E,15.0,Paul Ricard,Ferrari
13,RAI,14,0,4,3,0,62,44.8,24.9,0.0,2.0,47.8,966.3,106.0,E,16.0,Paul Ricard,Ferrari
14,RAI,15,0,4,3,0,62,44.7,25.1,0.0,2.2,48.1,966.2,114.0,E,17.0,Paul Ricard,Ferrari
15,RAI,16,0,4,3,0,63,44.3,24.9,0.0,3.7,48.9,966.2,117.0,E,18.0,Paul Ricard,Ferrari
16,RAI,17,0,4,3,0,64,44.7,24.9,0.0,2.1,48.7,966.1,126.0,E,19.0,Paul Ricard,Ferrari
17,RAI,18,0,4,3,0,64,44.7,24.9,0.0,2.4,48.3,966.2,171.0,E,20.0,Paul Ricard,Ferrari
18,RAI,19,0,4,3,0,65,43.5,24.5,0.0,1.8,50.3,966.1,114.0,E,21.0,Paul Ricard,Ferrari
19,RAI,20,0,4,3,0,65,44.5,24.7,0.0,1.9,49.6,966.2,14.0,E,22.0,Paul Ricard,Ferrari
20,RAI,21,0,4,3,0,65,44.8,24.9,0.0,0.8,48.9,966.1,90.0,E,23.0,Paul Ricard,Ferrari
21,RAI,22,0,4,3,0,65,44.7,25.0,0.0,1.4,48.7,966.0,26.0,E,24.0,Paul Ricard,Ferrari
22,RAI,23,0,4,3,0,65,44.3,25.1,0.0,1.9,48.0,966.1,134.0,E,25.0,Paul Ricard,Ferrari
23,RAI,24,0,4,3,0,66,44.6,25.6,0.0,2.1,45.8,966.2,76.0,E,26.0,Paul Ricard,Ferrari
24,RAI,25,0,3,3,0,66,44.4,25.0,0.0,1.4,47.0,966.1,71.0,E,27.0,Paul Ricard,Ferrari
25,RAI,26,0,3,3,0,66,43.0,24.9,0.0,2.6,47.3,965.9,126.0,E,28.0,Paul Ricard,Ferrari
26,RAI,27,0,3,3,0,66,43.0,24.8,0.0,1.6,48.1,966.1,95.0,E,29.0,Paul Ricard,Ferrari
27,RAI,28,0,2,3,0,66,43.1,24.8,0.0,1.3,48.0,966.2,74.0,E,30.0,Paul Ricard,Ferrari
28,RAI,29,0,2,3,0,66,42.9,25.0,0.0,1.9,47.2,966.1,106.0,E,31.0,Paul Ricard,Ferrari
29,RAI,30,0,2,3,0,66,42.6,24.8,0.0,2.4,47.5,966.1,66.0,E,32.0,Paul Ricard,Ferrari
30,RAI,31,0,2,3,0,66,42.5,24.5,0.0,1.6,47.4,966.2,105.0,E,33.0,Paul Ricard,Ferrari
31,RAI,32,0,2,3,0,66,41.8,24.3,0.0,1.6,47.7,966.2,118.0,E,34.0,Paul Ricard,Ferrari
32,RAI,33,0,1,3,0,66,40.1,24.6,0.0,1.3,46.6,966.2,101.0,E,35.0,Paul Ricard,Ferrari
33,RAI,34,0,5,3,0,66,40.0,24.3,0.0,2.4,46.7,966.2,114.0,E,36.0,Paul Ricard,Ferrari
34,RAI,35,0,5,3,0,66,40.2,24.3,0.0,1.5,46.7,966.2,98.0,V,0.0,Paul Ricard,Ferrari
35,RAI,36,0,5,3,0,66,40.1,24.3,0.0,1.5,46.1,966.2,121.0,V,1.0,Paul Ricard,Ferrari
36,RAI,37,0,5,3,0,66,40.2,24.4,0.0,1.7,45.6,966.2,97.0,V,2.0,Paul Ricard,Ferrari
37,RAI,38,0,5,3,0,66,40.2,24.5,0.0,1.8,45.8,966.1,122.0,V,3.0,Paul Ricard,Ferrari
38,RAI,39,0,4,3,0,65,39.8,24.6,0.0,1.3,47.0,966.2,78.0,V,4.0,Paul Ricard,Ferrari
39,RAI,40,0,4,3,0,65,39.6,24.7,0.0,1.2,51.6,966.2,347.0,V,5.0,Paul Ricard,Ferrari
40,RAI,41,0,4,3,0,65,39.2,24.5,0.0,0.7,46.8,966.3,0.0,V,6.0,Paul Ricard,Ferrari
41,RAI,42,0,4,3,0,66,39.1,24.5,0.0,0.9,47.2,966.3,15.0,V,7.0,Paul Ricard,Ferrari
42,RAI,43,0,4,3,0,66,38.9,24.3,0.0,1.0,47.9,966.3,28.0,V,8.0,Paul Ricard,Ferrari
43,RAI,44,0,4,3,0,66,38.4,24.4,0.0,0.9,48.2,966.4,153.0,V,9.0,Paul Ricard,Ferrari
44,RAI,45,0,4,3,0,66,37.8,24.0,0.0,1.8,51.4,966.4,43.0,V,10.0,Paul Ricard,Ferrari
45,RAI,46,0,4,3,0,66,37.8,23.6,0.0,1.6,53.4,966.3,120.0,V,11.0,Paul Ricard,Ferrari
46,RAI,47,0,3,3,0,66,37.7,23.4,0.0,1.6,54.8,966.4,19.0,V,12.0,Paul Ricard,Ferrari
47,RAI,48,0,3,3,0,65,37.6,23.4,0.0,0.8,55.9,966.4,63.0,V,13.0,Paul Ricard,Ferrari
48,RAI,49,0,3,3,0,65,39.6,23.4,0.0,1.0,55.4,966.3,53.0,V,14.0,Paul Ricard,Ferrari
49,RAI,50,0,3,3,0,65,40.1,23.9,0.0,0.5,54.0,966.4,1.0,V,15.0,Paul Ricard,Ferrari
50,RAI,51,0,3,3,0,65,40.1,24.0,0.0,0.9,52.8,966.3,336.0,V,16.0,Paul Ricard,Ferrari
51,RAI,52,0,3,3,0,65,40.1,24.0,0.0,0.9,52.8,966.3,336.0,V,17.0,Paul Ricard,Ferrari
52,RAI,53,0,3,3,0,64,39.7,23.8,0.0,0.8,53.1,966.4,353.0,V,18.0,Paul Ricard,Ferrari
0,SAI,1,0,3,8,0,64,42.7,24.5,1.0,1.6,50.0,966.5,90.0,E,3.0,Paul Ricard,Renault
1,SAI,2,0,3,8,0,66,41.5,24.2,0.0,1.3,51.4,966.4,78.0,E,4.0,Paul Ricard,Renault
2,SAI,3,0,3,8,0,66,41.4,24.2,0.0,2.1,51.3,966.4,97.0,E,5.0,Paul Ricard,Renault
3,SAI,4,0,3,8,0,67,42.4,24.2,0.0,1.7,49.8,966.4,140.0,E,6.0,Paul Ricard,Renault
4,SAI,5,0,3,8,0,66,44.1,24.7,0.0,1.7,48.6,966.3,106.0,E,7.0,Paul Ricard,Renault
5,SAI,6,0,3,8,0,66,44.6,24.6,0.0,3.1,48.5,966.4,118.0,E,8.0,Paul Ricard,Renault
6,SAI,7,0,3,8,0,67,44.7,24.6,0.0,2.0,48.9,966.4,135.0,E,9.0,Paul Ricard,Renault
7,SAI,8,0,3,8,0,68,44.6,24.6,0.0,1.9,48.5,966.2,124.0,E,10.0,Paul Ricard,Renault
8,SAI,9,0,4,8,0,68,45.0,25.1,0.0,3.3,45.4,966.3,121.0,E,11.0,Paul Ricard,Renault
9,SAI,10,0,5,8,0,68,44.6,25.3,0.0,3.6,44.6,966.3,128.0,E,12.0,Paul Ricard,Renault
10,SAI,11,0,5,8,0,69,44.6,24.7,0.0,3.0,47.7,966.4,122.0,E,13.0,Paul Ricard,Renault
11,SAI,12,0,5,8,0,69,44.8,24.9,0.0,2.0,47.8,966.3,106.0,E,14.0,Paul Ricard,Renault
12,SAI,13,0,5,8,0,69,44.7,25.1,0.0,2.2,48.1,966.2,114.0,E,15.0,Paul Ricard,Renault
13,SAI,14,0,5,8,0,69,44.5,25.1,0.0,3.7,48.5,966.2,114.0,E,16.0,Paul Ricard,Renault
14,SAI,15,0,5,8,0,69,44.1,25.0,0.0,3.4,48.7,966.2,112.0,E,17.0,Paul Ricard,Renault
15,SAI,16,0,5,8,0,69,44.7,24.9,0.0,2.8,49.0,966.1,103.0,E,18.0,Paul Ricard,Renault
16,SAI,17,0,5,8,0,69,42.5,24.6,0.0,1.8,49.5,966.1,148.0,E,19.0,Paul Ricard,Renault
17,SAI,18,0,5,8,0,70,43.5,24.5,0.0,1.8,50.3,966.1,114.0,E,20.0,Paul Ricard,Renault
18,SAI,19,0,5,8,0,70,44.5,24.7,0.0,1.9,49.6,966.2,14.0,E,21.0,Paul Ricard,Renault
19,SAI,20,0,6,8,0,70,44.8,24.9,0.0,0.8,48.9,966.1,90.0,E,22.0,Paul Ricard,Renault
20,SAI,21,0,6,8,0,70,44.3,25.1,0.0,1.9,48.0,966.1,134.0,E,23.0,Paul Ricard,Renault
21,SAI,22,0,6,8,0,70,44.6,25.6,0.0,2.1,45.8,966.2,76.0,E,24.0,Paul Ricard,Renault
22,SAI,23,0,6,8,0,70,44.4,25.0,0.0,1.4,47.0,966.1,71.0,E,25.0,Paul Ricard,Renault
23,SAI,24,0,6,8,0,70,44.2,25.2,0.0,1.3,47.1,966.0,116.0,E,26.0,Paul Ricard,Renault
24,SAI,25,0,6,8,0,70,43.7,25.3,0.0,2.3,46.1,966.0,83.0,E,27.0,Paul Ricard,Renault
25,SAI,26,0,14,8,0,70,43.0,24.9,0.0,2.6,47.3,965.9,126.0,E,28.0,Paul Ricard,Renault
26,SAI,27,0,14,8,0,70,43.0,25.0,0.0,1.9,47.9,966.2,119.0,S,0.0,Paul Ricard,Renault
27,SAI,28,0,13,8,0,70,42.9,25.0,0.0,1.9,47.2,966.1,106.0,S,1.0,Paul Ricard,Renault
28,SAI,29,0,11,8,0,69,42.5,24.5,0.0,1.6,47.4,966.2,105.0,S,2.0,Paul Ricard,Renault
29,SAI,30,0,11,8,0,69,42.1,24.4,0.0,1.8,47.6,966.3,83.0,S,3.0,Paul Ricard,Renault
30,SAI,31,0,10,8,0,69,40.6,24.4,0.0,1.5,47.6,966.2,84.0,S,4.0,Paul Ricard,Renault
31,SAI,32,0,10,8,0,69,40.0,24.5,0.0,2.0,46.7,966.2,106.0,S,5.0,Paul Ricard,Renault
32,SAI,33,0,10,8,0,69,40.1,24.2,0.0,2.4,47.0,966.2,112.0,S,6.0,Paul Ricard,Renault
33,SAI,34,0,9,8,0,69,40.2,24.3,0.0,1.8,46.4,966.2,91.0,S,7.0,Paul Ricard,Renault
34,SAI,35,0,8,8,0,69,39.8,24.6,0.0,1.3,47.0,966.2,78.0,S,8.0,Paul Ricard,Renault
35,SAI,36,0,8,8,0,69,39.6,24.6,0.0,1.1,49.4,966.2,349.0,S,9.0,Paul Ricard,Renault
36,SAI,37,0,7,8,0,69,39.7,24.7,0.0,1.4,51.4,966.3,317.0,S,10.0,Paul Ricard,Renault
37,SAI,38,0,7,8,0,69,39.7,24.6,0.0,1.2,50.9,966.3,80.0,S,11.0,Paul Ricard,Renault
38,SAI,39,0,6,8,0,69,39.3,24.4,0.0,0.7,47.4,966.3,92.0,S,12.0,Paul Ricard,Renault
39,SAI,40,0,6,8,0,69,39.2,24.5,0.0,0.7,46.8,966.3,0.0,S,13.0,Paul Ricard,Renault
40,SAI,41,0,6,8,0,69,39.1,24.5,0.0,0.9,47.2,966.3,15.0,S,14.0,Paul Ricard,Renault
41,SAI,42,0,6,8,0,69,39.0,24.5,0.0,1.1,47.1,966.2,27.0,S,15.0,Paul Ricard,Renault
42,SAI,43,0,6,8,0,70,38.9,24.3,0.0,1.0,47.9,966.3,28.0,S,16.0,Paul Ricard,Renault
43,SAI,44,0,6,8,0,70,38.4,24.4,0.0,1.0,48.3,966.3,149.0,S,17.0,Paul Ricard,Renault
44,SAI,45,0,6,8,0,70,37.8,24.0,0.0,1.8,51.4,966.4,43.0,S,18.0,Paul Ricard,Renault
45,SAI,46,0,6,8,0,70,37.8,23.6,0.0,1.6,53.4,966.3,120.0,S,19.0,Paul Ricard,Renault
46,SAI,47,0,6,8,0,70,37.7,23.4,0.0,1.6,54.8,966.4,19.0,S,20.0,Paul Ricard,Renault
47,SAI,48,0,6,8,0,69,37.6,23.4,0.0,0.8,55.9,966.4,63.0,S,21.0,Paul Ricard,Renault
48,SAI,49,0,6,8,0,69,39.6,23.4,0.0,0.8,55.9,966.4,6.0,S,22.0,Paul Ricard,Renault
49,SAI,50,0,8,8,0,69,39.9,23.7,0.0,1.2,55.2,966.3,0.0,S,23.0,Paul Ricard,Renault
50,SAI,51,0,8,8,0,69,40.0,23.9,0.0,1.3,53.2,966.4,298.0,S,24.0,Paul Ricard,Renault
51,SAI,52,0,8,8,0,69,40.1,24.0,0.0,0.9,52.8,966.3,336.0,S,25.0,Paul Ricard,Renault
52,SAI,53,0,8,8,0,69,39.7,23.8,0.0,0.8,53.1,966.4,353.0,S,26.0,Paul Ricard,Renault
0,LEC,1,0,6,10,0,52,42.6,24.3,0.0,1.8,50.4,966.4,108.0,E,3.0,Paul Ricard,Sauber
1,LEC,2,0,6,10,0,52,41.5,24.2,0.0,1.3,51.4,966.4,78.0,E,4.0,Paul Ricard,Sauber
2,LEC,3,0,6,10,0,54,41.4,24.2,0.0,2.1,51.3,966.4,97.0,E,5.0,Paul Ricard,Sauber
3,LEC,4,0,6,10,0,55,41.1,24.3,0.0,1.3,50.7,966.4,120.0,E,6.0,Paul Ricard,Sauber
4,LEC,5,0,6,10,0,55,43.3,24.6,0.0,2.2,48.6,966.4,117.0,E,7.0,Paul Ricard,Sauber
5,LEC,6,0,7,10,0,56,44.6,24.6,0.0,3.1,48.5,966.4,118.0,E,8.0,Paul Ricard,Sauber
6,LEC,7,0,7,10,0,57,44.7,24.6,0.0,2.0,48.9,966.4,135.0,E,9.0,Paul Ricard,Sauber
7,LEC,8,0,7,10,0,58,44.6,24.6,0.0,1.9,48.5,966.2,124.0,E,10.0,Paul Ricard,Sauber
8,LEC,9,0,7,10,0,58,44.6,24.6,0.0,1.9,48.5,966.2,124.0,E,11.0,Paul Ricard,Sauber
9,LEC,10,0,7,10,0,58,45.2,24.9,0.0,3.7,47.6,966.2,132.0,E,12.0,Paul Ricard,Sauber
10,LEC,11,0,7,10,0,59,45.0,25.1,0.0,3.3,45.4,966.3,121.0,E,13.0,Paul Ricard,Sauber
11,LEC,12,0,7,10,0,59,44.6,25.3,0.0,3.6,44.6,966.3,128.0,E,14.0,Paul Ricard,Sauber
12,LEC,13,0,7,10,0,60,44.8,24.9,0.0,2.0,47.8,966.3,106.0,E,15.0,Paul Ricard,Sauber
13,LEC,14,0,7,10,0,60,44.7,25.1,0.0,2.2,48.1,966.2,114.0,E,16.0,Paul Ricard,Sauber
14,LEC,15,0,7,10,0,60,44.5,25.1,0.0,3.7,48.5,966.2,114.0,E,17.0,Paul Ricard,Sauber
15,LEC,16,0,7,10,0,60,44.1,25.0,0.0,3.4,48.7,966.2,112.0,E,18.0,Paul Ricard,Sauber
16,LEC,17,0,8,10,0,60,44.3,24.9,0.0,3.7,48.9,966.2,117.0,E,19.0,Paul Ricard,Sauber
17,LEC,18,0,8,10,0,60,44.7,24.9,0.0,2.8,49.0,966.1,103.0,E,20.0,Paul Ricard,Sauber
18,LEC,19,0,8,10,0,61,42.5,25.0,0.0,2.5,48.6,966.2,120.0,E,21.0,Paul Ricard,Sauber
19,LEC,20,0,8,10,0,61,42.5,24.6,0.0,1.8,49.5,966.1,148.0,E,22.0,Paul Ricard,Sauber
20,LEC,21,0,8,10,0,61,43.5,24.5,0.0,1.8,50.3,966.1,114.0,E,23.0,Paul Ricard,Sauber
21,LEC,22,0,8,10,0,61,44.8,24.9,0.0,0.8,48.9,966.1,90.0,E,24.0,Paul Ricard,Sauber
22,LEC,23,0,8,10,0,61,44.6,25.6,0.0,2.1,45.8,966.2,76.0,E,25.0,Paul Ricard,Sauber
23,LEC,24,0,9,10,0,61,44.4,25.0,0.0,1.4,47.0,966.1,71.0,E,26.0,Paul Ricard,Sauber
24,LEC,25,0,9,10,0,61,44.2,25.2,0.0,1.3,47.1,966.0,116.0,E,27.0,Paul Ricard,Sauber
25,LEC,26,0,8,10,0,61,43.7,25.3,0.0,2.3,46.1,966.0,83.0,E,28.0,Paul Ricard,Sauber
26,LEC,27,0,8,10,0,61,43.0,24.8,0.0,1.6,48.1,966.1,95.0,E,29.0,Paul Ricard,Sauber
27,LEC,28,0,8,10,0,61,43.1,24.8,0.0,1.3,48.0,966.2,74.0,E,30.0,Paul Ricard,Sauber
28,LEC,29,0,8,10,0,61,43.0,25.0,0.0,1.9,47.9,966.2,119.0,E,31.0,Paul Ricard,Sauber
29,LEC,30,0,8,10,0,61,42.9,25.0,0.0,1.9,47.2,966.1,106.0,E,32.0,Paul Ricard,Sauber
30,LEC,31,0,15,10,0,61,42.6,24.8,0.0,2.4,47.5,966.1,66.0,E,33.0,Paul Ricard,Sauber
31,LEC,32,0,15,10,0,61,42.5,24.5,0.0,1.6,47.4,966.2,105.0,V,0.0,Paul Ricard,Sauber
32,LEC,33,0,15,10,0,61,41.8,24.3,0.0,1.6,47.7,966.2,118.0,V,1.0,Paul Ricard,Sauber
33,LEC,34,0,14,10,0,61,40.6,24.4,0.0,1.5,47.6,966.2,84.0,V,2.0,Paul Ricard,Sauber
34,LEC,35,0,12,10,0,61,40.1,24.6,0.0,1.3,46.6,966.2,101.0,V,3.0,Paul Ricard,Sauber
35,LEC,36,0,12,10,0,61,40.0,24.5,0.0,2.0,46.7,966.2,106.0,V,4.0,Paul Ricard,Sauber
36,LEC,37,0,12,10,0,61,40.0,24.3,0.0,2.4,46.7,966.2,114.0,V,5.0,Paul Ricard,Sauber
37,LEC,38,0,11,10,0,61,40.2,24.3,0.0,1.5,46.7,966.2,98.0,V,6.0,Paul Ricard,Sauber
38,LEC,39,0,11,10,0,61,40.2,24.5,0.0,1.8,45.8,966.1,122.0,V,7.0,Paul Ricard,Sauber
39,LEC,40,0,10,10,0,60,39.8,24.6,0.0,1.3,47.0,966.2,78.0,V,8.0,Paul Ricard,Sauber
40,LEC,41,0,10,10,0,60,39.6,24.6,0.0,1.1,49.4,966.2,349.0,V,9.0,Paul Ricard,Sauber
41,LEC,42,0,10,10,0,60,39.6,24.6,0.0,2.3,51.1,966.2,335.0,V,10.0,Paul Ricard,Sauber
42,LEC,43,0,10,10,0,60,39.6,24.7,0.0,1.2,51.6,966.2,347.0,V,11.0,Paul Ricard,Sauber
43,LEC,44,0,10,10,0,60,39.7,24.6,0.0,1.2,50.9,966.3,80.0,V,12.0,Paul Ricard,Sauber
44,LEC,45,0,10,10,0,60,39.2,24.5,0.0,0.7,46.8,966.3,0.0,V,13.0,Paul Ricard,Sauber
45,LEC,46,0,10,10,0,60,39.0,24.5,0.0,1.1,47.1,966.2,27.0,V,14.0,Paul Ricard,Sauber
46,LEC,47,0,10,10,0,60,38.9,24.3,0.0,1.0,47.9,966.3,28.0,V,15.0,Paul Ricard,Sauber
47,LEC,48,0,10,10,0,60,38.4,24.4,0.0,0.9,48.2,966.4,153.0,V,16.0,Paul Ricard,Sauber
48,LEC,49,0,10,10,0,60,38.4,24.4,0.0,1.0,48.3,966.3,149.0,V,17.0,Paul Ricard,Sauber
49,LEC,50,0,10,10,0,60,37.8,24.3,0.0,0.9,49.3,966.3,75.0,V,18.0,Paul Ricard,Sauber
50,LEC,51,0,10,10,0,60,39.6,23.4,0.0,0.8,55.9,966.4,6.0,V,19.0,Paul Ricard,Sauber
51,LEC,52,0,10,10,0,60,39.8,23.6,0.0,1.2,55.2,966.3,149.0,V,20.0,Paul Ricard,Sauber
52,LEC,53,0,10,10,0,60,40.0,23.9,0.0,1.3,53.2,966.4,298.0,V,21.0,Paul Ricard,Sauber
0,MAG,1,0,5,6,0,49,42.7,24.5,1.0,1.6,50.0,966.5,90.0,E,3.0,Paul Ricard,Haas F1 Team
1,MAG,2,0,5,6,0,56,41.5,24.2,0.0,1.3,51.4,966.4,78.0,E,4.0,Paul Ricard,Haas F1 Team
2,MAG,3,0,5,6,0,54,41.4,24.2,0.0,2.1,51.3,966.4,97.0,E,5.0,Paul Ricard,Haas F1 Team
3,MAG,4,0,5,6,0,56,42.3,24.5,0.0,0.9,48.3,966.4,80.0,E,6.0,Paul Ricard,Haas F1 Team
4,MAG,5,0,5,6,0,54,42.4,24.2,0.0,1.7,49.8,966.4,140.0,E,7.0,Paul Ricard,Haas F1 Team
5,MAG,6,0,5,6,0,54,43.3,24.6,0.0,2.2,48.6,966.4,117.0,E,8.0,Paul Ricard,Haas F1 Team
6,MAG,7,0,5,6,0,56,44.5,24.7,0.0,2.7,48.9,966.3,110.0,E,9.0,Paul Ricard,Haas F1 Team
7,MAG,8,0,6,6,0,57,44.7,24.6,0.0,2.0,48.9,966.4,135.0,E,10.0,Paul Ricard,Haas F1 Team
8,MAG,9,0,6,6,0,59,44.6,24.6,0.0,1.9,48.5,966.2,124.0,E,11.0,Paul Ricard,Haas F1 Team
9,MAG,10,0,6,6,0,60,45.2,24.9,0.0,2.5,48.0,966.3,140.0,E,12.0,Paul Ricard,Haas F1 Team
10,MAG,11,0,6,6,0,61,45.2,24.9,0.0,3.7,47.6,966.2,132.0,E,13.0,Paul Ricard,Haas F1 Team
11,MAG,12,0,6,6,0,62,45.0,25.1,0.0,3.3,45.4,966.3,121.0,E,14.0,Paul Ricard,Haas F1 Team
12,MAG,13,0,6,6,0,63,44.6,25.3,0.0,3.6,44.6,966.3,128.0,E,15.0,Paul Ricard,Haas F1 Team
13,MAG,14,0,6,6,0,63,44.6,24.7,0.0,3.0,47.7,966.4,122.0,E,16.0,Paul Ricard,Haas F1 Team
14,MAG,15,0,6,6,0,64,44.8,24.9,0.0,1.8,48.3,966.1,129.0,E,17.0,Paul Ricard,Haas F1 Team
15,MAG,16,0,6,6,0,64,44.5,25.1,0.0,3.7,48.5,966.2,114.0,E,18.0,Paul Ricard,Haas F1 Team
16,MAG,17,0,6,6,0,64,44.1,25.0,0.0,3.4,48.7,966.2,112.0,E,19.0,Paul Ricard,Haas F1 Team
17,MAG,18,0,7,6,0,65,44.3,24.9,0.0,3.7,48.9,966.2,117.0,E,20.0,Paul Ricard,Haas F1 Team
18,MAG,19,0,7,6,0,65,44.7,24.9,0.0,2.8,49.0,966.1,103.0,E,21.0,Paul Ricard,Haas F1 Team
19,MAG,20,0,7,6,0,65,44.7,24.9,0.0,2.4,48.3,966.2,171.0,E,22.0,Paul Ricard,Haas F1 Team
20,MAG,21,0,7,6,0,65,42.5,24.6,0.0,1.8,49.5,966.1,148.0,E,23.0,Paul Ricard,Haas F1 Team
21,MAG,22,0,7,6,0,65,44.5,24.7,0.0,1.9,49.6,966.2,14.0,E,24.0,Paul Ricard,Haas F1 Team
22,MAG,23,0,7,6,0,65,44.8,24.9,0.0,0.8,48.9,966.1,90.0,E,25.0,Paul Ricard,Haas F1 Team
23,MAG,24,0,7,6,0,65,44.7,25.2,0.0,1.5,48.0,966.1,348.0,E,26.0,Paul Ricard,Haas F1 Team
24,MAG,25,0,7,6,0,65,44.3,25.5,0.0,1.4,47.4,966.2,123.0,E,27.0,Paul Ricard,Haas F1 Team
25,MAG,26,0,6,6,0,65,44.6,25.6,0.0,2.1,45.8,966.2,76.0,E,28.0,Paul Ricard,Haas F1 Team
26,MAG,27,0,6,6,0,65,44.4,25.0,0.0,1.4,47.0,966.1,71.0,E,29.0,Paul Ricard,Haas F1 Team
27,MAG,28,0,11,6,0,65,44.1,24.9,0.0,1.1,47.8,966.1,140.0,E,30.0,Paul Ricard,Haas F1 Team
28,MAG,29,0,13,6,0,65,43.0,24.9,0.0,2.6,47.3,965.9,126.0,S,0.0,Paul Ricard,Haas F1 Team
29,MAG,30,0,12,6,0,65,43.0,25.0,0.0,1.9,47.9,966.2,119.0,S,1.0,Paul Ricard,Haas F1 Team
30,MAG,31,0,11,6,0,65,42.5,24.5,0.0,1.6,47.4,966.2,105.0,S,2.0,Paul Ricard,Haas F1 Team
31,MAG,32,0,11,6,0,65,42.1,24.4,0.0,1.8,47.6,966.3,83.0,S,3.0,Paul Ricard,Haas F1 Team
32,MAG,33,0,11,6,0,64,41.8,24.3,0.0,1.6,47.7,966.2,118.0,S,4.0,Paul Ricard,Haas F1 Team
33,MAG,34,0,10,6,0,64,40.2,24.3,0.0,1.8,46.4,966.2,91.0,S,5.0,Paul Ricard,Haas F1 Team
34,MAG,35,0,10,6,0,64,40.1,24.3,0.0,1.5,46.1,966.2,121.0,S,6.0,Paul Ricard,Haas F1 Team
35,MAG,36,0,10,6,0,64,40.2,24.5,0.0,1.8,45.8,966.1,122.0,S,7.0,Paul Ricard,Haas F1 Team
36,MAG,37,0,8,6,0,64,39.8,24.6,0.0,1.3,47.0,966.2,78.0,S,8.0,Paul Ricard,Haas F1 Team
37,MAG,38,0,8,6,0,64,39.6,24.6,0.0,1.1,49.4,966.2,349.0,S,9.0,Paul Ricard,Haas F1 Team
38,MAG,39,0,7,6,0,64,39.6,24.6,0.0,2.3,51.1,966.2,335.0,S,10.0,Paul Ricard,Haas F1 Team
39,MAG,40,0,7,6,0,64,39.7,24.7,0.0,1.4,51.4,966.3,317.0,S,11.0,Paul Ricard,Haas F1 Team
40,MAG,41,0,7,6,0,64,39.7,24.6,0.0,1.2,50.9,966.3,80.0,S,12.0,Paul Ricard,Haas F1 Team
41,MAG,42,0,7,6,0,64,39.3,24.4,0.0,0.7,47.4,966.3,92.0,S,13.0,Paul Ricard,Haas F1 Team
42,MAG,43,0,7,6,0,64,39.2,24.5,0.0,0.7,46.8,966.3,0.0,S,14.0,Paul Ricard,Haas F1 Team
43,MAG,44,0,7,6,0,64,38.4,24.4,0.0,0.9,48.2,966.4,153.0,S,15.0,Paul Ricard,Haas F1 Team
44,MAG,45,0,7,6,0,64,38.4,24.4,0.0,1.0,48.3,966.3,149.0,S,16.0,Paul Ricard,Haas F1 Team
45,MAG,46,0,7,6,0,64,37.8,23.6,0.0,1.6,53.4,966.3,120.0,S,17.0,Paul Ricard,Haas F1 Team
46,MAG,47,0,7,6,0,64,37.7,23.4,0.0,1.6,54.8,966.4,19.0,S,18.0,Paul Ricard,Haas F1 Team
47,MAG,48,0,7,6,0,64,37.6,23.4,0.0,0.8,55.9,966.4,63.0,S,19.0,Paul Ricard,Haas F1 Team
48,MAG,49,0,7,6,0,64,39.8,23.6,0.0,1.2,55.2,966.3,149.0,S,20.0,Paul Ricard,Haas F1 Team
49,MAG,50,0,6,6,0,64,40.1,23.9,0.0,0.5,54.0,966.4,1.0,S,21.0,Paul Ricard,Haas F1 Team
50,MAG,51,0,6,6,0,64,40.0,23.9,0.0,1.3,53.2,966.4,298.0,S,22.0,Paul Ricard,Haas F1 Team
51,MAG,52,0,6,6,0,64,40.1,24.0,0.0,0.9,52.8,966.3,336.0,S,23.0,Paul Ricard,Haas F1 Team
52,MAG,53,0,6,6,0,64,39.7,23.8,0.0,0.8,53.1,966.4,353.0,S,24.0,Paul Ricard,Haas F1 Team
0,GRO,1,0,8,11,0,36,42.7,24.5,1.0,1.6,50.0,966.5,90.0,E,3.0,Paul Ricard,Haas F1 Team
1,GRO,2,0,8,11,0,44,42.6,24.3,0.0,1.8,50.4,966.4,108.0,E,4.0,Paul Ricard,Haas F1 Team
2,GRO,3,0,8,11,0,43,41.5,24.2,0.0,1.3,51.4,966.4,78.0,E,5.0,Paul Ricard,Haas F1 Team
3,GRO,4,0,8,11,0,45,41.4,24.2,0.0,2.1,51.3,966.4,97.0,E,6.0,Paul Ricard,Haas F1 Team
4,GRO,5,0,8,11,0,46,41.1,24.3,0.0,1.3,50.7,966.4,120.0,E,7.0,Paul Ricard,Haas F1 Team
5,GRO,6,0,8,11,0,48,42.1,24.5,0.0,2.1,49.9,966.6,110.0,E,8.0,Paul Ricard,Haas F1 Team
6,GRO,7,0,8,11,0,50,42.4,24.2,0.0,1.7,49.8,966.4,140.0,E,9.0,Paul Ricard,Haas F1 Team
7,GRO,8,0,8,11,0,51,44.1,24.7,0.0,1.7,48.6,966.3,106.0,E,10.0,Paul Ricard,Haas F1 Team
8,GRO,9,0,8,11,0,52,44.2,24.7,0.0,2.4,48.6,966.4,111.0,E,11.0,Paul Ricard,Haas F1 Team
9,GRO,10,0,8,11,0,54,45.0,25.1,0.0,3.3,45.4,966.3,121.0,E,12.0,Paul Ricard,Haas F1 Team
10,GRO,11,0,8,11,0,55,44.6,25.3,0.0,3.6,44.6,966.3,128.0,E,13.0,Paul Ricard,Haas F1 Team
11,GRO,12,0,8,11,0,56,44.3,24.9,0.0,3.7,48.9,966.2,117.0,E,14.0,Paul Ricard,Haas F1 Team
12,GRO,13,0,8,11,0,56,44.3,24.9,0.0,3.7,48.9,966.2,117.0,E,15.0,Paul Ricard,Haas F1 Team
13,GRO,14,0,9,11,0,57,44.7,24.9,0.0,2.4,48.3,966.2,171.0,E,16.0,Paul Ricard,Haas F1 Team
14,GRO,15,0,9,11,0,57,42.5,24.6,0.0,1.8,49.5,966.1,148.0,E,17.0,Paul Ricard,Haas F1 Team
15,GRO,16,0,10,11,0,57,44.8,24.9,0.0,0.8,48.9,966.1,90.0,E,18.0,Paul Ricard,Haas F1 Team
16,GRO,17,0,10,11,0,57,44.3,25.5,0.0,1.4,47.4,966.2,123.0,E,19.0,Paul Ricard,Haas F1 Team
17,GRO,18,0,10,11,0,57,44.6,25.6,0.0,2.1,45.8,966.2,76.0,E,20.0,Paul Ricard,Haas F1 Team
18,GRO,19,0,11,11,0,57,44.1,24.9,0.0,1.1,47.8,966.1,140.0,E,21.0,Paul Ricard,Haas F1 Team
19,GRO,20,0,11,11,0,57,44.2,25.2,0.0,1.3,47.1,966.0,116.0,E,22.0,Paul Ricard,Haas F1 Team
20,GRO,21,0,11,11,0,55,43.0,24.9,0.0,2.6,47.3,965.9,126.0,E,23.0,Paul Ricard,Haas F1 Team
21,GRO,22,0,11,11,0,53,43.0,24.8,0.0,1.6,48.1,966.1,95.0,E,24.0,Paul Ricard,Haas F1 Team
22,GRO,23,0,11,11,0,53,43.1,24.8,0.0,1.3,48.0,966.2,74.0,E,25.0,Paul Ricard,Haas F1 Team
23,GRO,24,0,11,11,0,53,42.9,25.0,0.0,1.9,47.2,966.1,106.0,E,26.0,Paul Ricard,Haas F1 Team
24,GRO,25,0,11,11,0,53,42.6,24.8,0.0,2.4,47.5,966.1,66.0,E,27.0,Paul Ricard,Haas F1 Team
25,GRO,26,0,10,11,0,53,42.5,24.5,0.0,1.6,47.4,966.2,105.0,E,28.0,Paul Ricard,Haas F1 Team
26,GRO,27,0,10,11,0,53,41.8,24.3,0.0,1.6,47.7,966.2,118.0,E,29.0,Paul Ricard,Haas F1 Team
27,GRO,28,0,9,11,0,53,40.6,24.4,0.0,1.5,47.6,966.2,84.0,E,30.0,Paul Ricard,Haas F1 Team
28,GRO,29,0,9,11,0,53,40.1,24.6,0.0,1.3,46.6,966.2,101.0,E,31.0,Paul Ricard,Haas F1 Team
29,GRO,30,0,9,11,0,53,40.0,24.5,0.0,2.0,46.7,966.2,106.0,E,32.0,Paul Ricard,Haas F1 Team
30,GRO,31,0,8,11,0,53,40.3,24.2,0.0,2.1,47.0,966.2,101.0,E,33.0,Paul Ricard,Haas F1 Team
31,GRO,32,0,8,11,0,53,40.2,24.3,0.0,1.5,46.7,966.2,98.0,E,34.0,Paul Ricard,Haas F1 Team
32,GRO,33,0,8,11,0,53,40.1,24.3,0.0,1.5,46.1,966.2,121.0,E,35.0,Paul Ricard,Haas F1 Team
33,GRO,34,0,16,11,0,53,40.2,24.4,0.0,1.7,45.6,966.2,97.0,E,36.0,Paul Ricard,Haas F1 Team
34,GRO,35,0,16,11,0,53,40.2,24.5,0.0,1.8,45.8,966.1,122.0,V,0.0,Paul Ricard,Haas F1 Team
35,GRO,36,0,15,11,0,53,39.6,24.6,0.0,1.1,49.4,966.2,349.0,V,1.0,Paul Ricard,Haas F1 Team
36,GRO,37,0,14,11,0,53,39.6,24.6,0.0,2.3,51.1,966.2,335.0,V,2.0,Paul Ricard,Haas F1 Team
37,GRO,38,0,13,11,0,53,39.5,24.5,0.0,1.0,47.1,966.2,23.0,V,3.0,Paul Ricard,Haas F1 Team
38,GRO,39,0,13,11,0,53,39.3,24.4,0.0,0.7,47.4,966.3,92.0,V,4.0,Paul Ricard,Haas F1 Team
39,GRO,40,0,11,11,0,53,39.2,24.5,0.0,0.7,46.8,966.3,0.0,V,5.0,Paul Ricard,Haas F1 Team
40,GRO,41,0,11,11,0,53,39.1,24.5,0.0,0.9,47.2,966.3,15.0,V,6.0,Paul Ricard,Haas F1 Team
41,GRO,42,0,11,11,0,53,38.9,24.3,0.0,1.0,47.9,966.3,28.0,V,7.0,Paul Ricard,Haas F1 Team
42,GRO,43,0,11,11,0,53,38.4,24.4,0.0,0.9,48.2,966.4,153.0,V,8.0,Paul Ricard,Haas F1 Team
43,GRO,44,0,11,11,0,53,38.4,24.4,0.0,1.0,48.3,966.3,149.0,V,9.0,Paul Ricard,Haas F1 Team
44,GRO,45,0,11,11,0,53,37.8,23.6,0.0,1.6,53.4,966.3,120.0,V,10.0,Paul Ricard,Haas F1 Team
45,GRO,46,0,11,11,0,53,37.7,23.4,0.0,1.6,54.8,966.4,19.0,V,11.0,Paul Ricard,Haas F1 Team
46,GRO,47,0,11,11,0,53,39.6,23.4,0.0,0.8,55.9,966.4,6.0,V,12.0,Paul Ricard,Haas F1 Team
47,GRO,48,0,11,11,0,53,39.8,23.6,0.0,1.2,55.2,966.3,149.0,V,13.0,Paul Ricard,Haas F1 Team
48,GRO,49,0,11,11,0,53,39.9,23.7,0.0,1.2,55.2,966.3,0.0,V,14.0,Paul Ricard,Haas F1 Team
49,GRO,50,0,11,11,0,53,40.1,23.9,0.0,0.5,54.0,966.4,1.0,V,15.0,Paul Ricard,Haas F1 Team
50,GRO,51,0,11,11,0,53,40.0,23.9,0.0,1.3,53.2,966.4,298.0,V,16.0,Paul Ricard,Haas F1 Team
51,GRO,52,0,11,11,0,53,40.1,24.0,0.0,0.9,52.8,966.3,336.0,V,17.0,Paul Ricard,Haas F1 Team
0,HUL,1,0,10,19,0,46,42.6,24.3,0.0,1.8,50.4,966.4,108.0,,0.0,Paul Ricard,Renault
1,HUL,2,0,10,19,0,51,41.5,24.2,0.0,1.3,51.4,966.4,78.0,,0.0,Paul Ricard,Renault
2,HUL,3,0,10,19,0,53,41.4,24.2,0.0,2.1,51.3,966.4,97.0,,0.0,Paul Ricard,Renault
3,HUL,4,0,10,19,0,56,41.4,24.2,0.0,2.1,51.3,966.4,97.0,,0.0,Paul Ricard,Renault
4,HUL,5,0,10,19,0,57,41.1,24.3,0.0,1.3,50.7,966.4,120.0,,0.0,Paul Ricard,Renault
5,HUL,6,0,10,19,0,59,42.3,24.5,0.0,0.9,48.3,966.4,80.0,,0.0,Paul Ricard,Renault
6,HUL,7,0,10,19,0,60,42.4,24.2,0.0,1.7,49.8,966.4,140.0,,0.0,Paul Ricard,Renault
7,HUL,8,0,10,19,0,60,43.3,24.6,0.0,2.2,48.6,966.4,117.0,,0.0,Paul Ricard,Renault
8,HUL,9,0,10,19,0,61,44.5,24.7,0.0,2.7,48.9,966.3,110.0,,0.0,Paul Ricard,Renault
9,HUL,10,0,10,19,0,61,44.6,24.6,0.0,1.9,48.5,966.2,124.0,,0.0,Paul Ricard,Renault
10,HUL,11,0,11,19,0,62,45.0,24.9,0.0,3.6,47.5,966.3,115.0,,0.0,Paul Ricard,Renault
11,HUL,12,0,11,19,0,63,45.2,24.9,0.0,3.7,47.6,966.2,132.0,,0.0,Paul Ricard,Renault
12,HUL,13,0,11,19,0,63,44.8,24.9,0.0,2.0,47.8,966.3,106.0,,0.0,Paul Ricard,Renault
13,HUL,14,0,10,19,0,63,44.7,25.1,0.0,2.2,48.1,966.2,114.0,,0.0,Paul Ricard,Renault
14,HUL,15,0,10,19,0,64,44.7,24.9,0.0,2.8,49.0,966.1,103.0,,0.0,Paul Ricard,Renault
15,HUL,16,0,9,19,0,64,44.7,24.9,0.0,2.1,48.7,966.1,126.0,,0.0,Paul Ricard,Renault
16,HUL,17,0,9,19,0,65,44.7,24.9,0.0,2.4,48.3,966.2,171.0,,0.0,Paul Ricard,Renault
17,HUL,18,0,9,19,0,66,42.5,25.0,0.0,2.5,48.6,966.2,120.0,,0.0,Paul Ricard,Renault
18,HUL,19,0,9,19,0,66,42.5,24.6,0.0,1.8,49.5,966.1,148.0,,0.0,Paul Ricard,Renault
19,HUL,20,0,9,19,0,67,43.5,24.5,0.0,1.8,50.3,966.1,114.0,,0.0,Paul Ricard,Renault
20,HUL,21,0,9,19,0,67,44.5,24.7,0.0,1.9,49.6,966.2,14.0,,0.0,Paul Ricard,Renault
21,HUL,22,0,9,19,0,67,44.8,24.9,0.0,0.8,48.9,966.1,90.0,,0.0,Paul Ricard,Renault
22,HUL,23,0,9,19,0,68,44.7,25.0,0.0,1.4,48.7,966.0,26.0,,0.0,Paul Ricard,Renault
23,HUL,24,0,8,19,0,68,44.7,25.2,0.0,1.5,48.0,966.1,348.0,,0.0,Paul Ricard,Renault
24,HUL,25,0,8,19,0,68,44.6,25.6,0.0,2.1,45.8,966.2,76.0,,0.0,Paul Ricard,Renault
25,HUL,26,0,7,19,0,68,44.1,24.9,0.0,1.1,47.8,966.1,140.0,,0.0,Paul Ricard,Renault
26,HUL,27,0,7,19,0,68,43.7,25.3,0.0,2.3,46.1,966.0,83.0,,0.0,Paul Ricard,Renault
27,HUL,28,0,6,19,0,68,43.0,24.9,0.0,2.6,47.3,965.9,126.0,,0.0,Paul Ricard,Renault
28,HUL,29,0,6,19,0,69,43.1,24.8,0.0,1.3,48.0,966.2,74.0,,0.0,Paul Ricard,Renault
29,HUL,30,0,6,19,0,69,43.0,25.0,0.0,1.9,47.9,966.2,119.0,,0.0,Paul Ricard,Renault
30,HUL,31,0,6,19,0,69,42.6,24.8,0.0,2.4,47.5,966.1,66.0,,0.0,Paul Ricard,Renault
31,HUL,32,0,6,19,0,69,42.5,24.5,0.0,1.6,47.4,966.2,105.0,,0.0,Paul Ricard,Renault
32,HUL,33,0,6,19,0,69,41.8,24.3,0.0,1.6,47.7,966.2,118.0,,0.0,Paul Ricard,Renault
33,HUL,34,0,7,19,0,69,40.3,24.3,0.0,1.8,48.0,966.2,133.0,,0.0,Paul Ricard,Renault
34,HUL,35,0,7,19,0,69,40.1,24.6,0.0,1.3,46.6,966.2,101.0,,0.0,Paul Ricard,Renault
35,HUL,36,0,7,19,0,69,40.0,24.5,0.0,2.0,46.7,966.2,106.0,,0.0,Paul Ricard,Renault
36,HUL,37,0,10,19,0,69,40.0,24.3,0.0,2.4,46.7,966.2,114.0,,0.0,Paul Ricard,Renault
37,HUL,38,0,10,19,0,68,40.1,24.2,0.0,2.4,47.0,966.2,112.0,,0.0,Paul Ricard,Renault
38,HUL,39,0,10,19,0,68,40.3,24.2,0.0,2.1,47.0,966.2,101.0,,0.0,Paul Ricard,Renault
39,HUL,40,0,9,19,0,68,40.2,24.3,0.0,1.5,46.7,966.2,98.0,,0.0,Paul Ricard,Renault
40,HUL,41,0,9,19,0,68,39.8,24.6,0.0,1.3,47.0,966.2,78.0,,0.0,Paul Ricard,Renault
41,HUL,42,0,9,19,0,68,39.6,24.6,0.0,1.1,49.4,966.2,349.0,,0.0,Paul Ricard,Renault
42,HUL,43,0,9,19,0,68,39.6,24.6,0.0,2.3,51.1,966.2,335.0,,0.0,Paul Ricard,Renault
43,HUL,44,0,9,19,0,68,39.6,24.7,0.0,1.2,51.6,966.2,347.0,,0.0,Paul Ricard,Renault
44,HUL,45,0,9,19,0,68,38.9,24.3,0.0,1.0,47.9,966.3,28.0,,0.0,Paul Ricard,Renault
45,HUL,46,0,9,19,0,68,38.4,24.4,0.0,0.9,48.2,966.4,153.0,,0.0,Paul Ricard,Renault
46,HUL,47,0,9,19,0,68,37.8,24.3,0.0,0.9,49.3,966.3,75.0,,0.0,Paul Ricard,Renault
47,HUL,48,0,9,19,0,68,37.8,23.6,0.0,1.6,53.4,966.3,120.0,,0.0,Paul Ricard,Renault
48,HUL,49,0,9,19,0,68,39.8,23.6,0.0,1.2,55.2,966.3,149.0,,0.0,Paul Ricard,Renault
49,HUL,50,0,9,19,0,68,39.9,23.7,0.0,1.2,55.2,966.3,0.0,,0.0,Paul Ricard,Renault
50,HUL,51,0,9,19,0,68,40.0,23.9,0.0,1.3,53.2,966.4,298.0,,0.0,Paul Ricard,Renault
51,HUL,52,0,9,19,0,67,40.1,24.0,0.0,0.9,52.8,966.3,336.0,,0.0,Paul Ricard,Renault
52,HUL,53,0,9,19,1,67,39.7,23.8,0.0,0.8,53.1,966.4,353.0,,0.0,Paul Ricard,Renault
0,PER,1,0,9,9,0,47,44.5,24.7,0.0,2.7,48.9,966.3,110.0,S,0.0,Paul Ricard,Force India
1,PER,2,0,9,9,0,48,45.2,24.9,0.0,3.7,47.6,966.2,132.0,S,1.0,Paul Ricard,Force India
2,PER,3,0,9,9,0,49,45.0,25.1,0.0,3.3,45.4,966.3,121.0,S,2.0,Paul Ricard,Force India
3,PER,4,0,9,9,0,51,44.6,24.7,0.0,3.0,47.7,966.4,122.0,S,3.0,Paul Ricard,Force India
4,PER,5,0,9,9,0,51,44.8,24.9,0.0,1.8,48.3,966.1,129.0,S,4.0,Paul Ricard,Force India
5,PER,6,0,9,9,0,52,44.7,25.1,0.0,2.2,48.1,966.2,114.0,S,5.0,Paul Ricard,Force India
6,PER,7,0,9,9,0,53,44.3,24.9,0.0,3.7,48.9,966.2,117.0,S,6.0,Paul Ricard,Force India
7,PER,8,0,9,9,0,55,42.5,24.6,0.0,1.8,49.5,966.1,148.0,S,7.0,Paul Ricard,Force India
8,PER,9,0,9,9,0,56,44.8,24.9,0.0,0.8,48.9,966.1,90.0,S,8.0,Paul Ricard,Force India
9,PER,10,0,9,9,0,57,44.7,25.2,0.0,1.5,48.0,966.1,348.0,S,9.0,Paul Ricard,Force India
10,PER,11,0,9,9,0,57,44.3,25.1,0.0,1.9,48.0,966.1,134.0,S,10.0,Paul Ricard,Force India
11,PER,12,0,9,9,0,58,44.4,25.0,0.0,1.4,47.0,966.1,71.0,S,11.0,Paul Ricard,Force India
12,PER,13,0,10,9,0,58,44.2,25.2,0.0,1.3,47.1,966.0,116.0,S,12.0,Paul Ricard,Force India
13,PER,14,0,11,9,0,58,43.0,25.0,0.0,1.9,47.9,966.2,119.0,S,13.0,Paul Ricard,Force India
14,PER,15,0,12,9,0,58,42.5,24.5,0.0,1.6,47.4,966.2,105.0,S,14.0,Paul Ricard,Force India
15,PER,16,0,12,9,0,58,40.0,24.5,0.0,2.0,46.7,966.2,106.0,S,15.0,Paul Ricard,Force India
16,PER,17,0,12,9,0,59,40.1,24.2,0.0,2.4,47.0,966.2,112.0,S,16.0,Paul Ricard,Force India
17,PER,18,0,12,9,0,60,40.3,24.2,0.0,2.1,47.0,966.2,101.0,S,17.0,Paul Ricard,Force India
18,PER,19,0,12,9,0,60,39.6,24.7,0.0,1.2,51.6,966.2,347.0,S,18.0,Paul Ricard,Force India
19,PER,20,0,12,9,0,60,39.7,24.6,0.0,1.2,50.9,966.3,80.0,S,19.0,Paul Ricard,Force India
20,PER,21,0,12,9,0,60,38.9,24.3,0.0,1.0,47.9,966.3,28.0,S,20.0,Paul Ricard,Force India
21,PER,22,0,12,9,0,61,39.6,23.4,0.0,1.0,55.4,966.3,53.0,S,21.0,Paul Ricard,Force India
22,PER,23,0,12,9,0,61,39.8,23.6,0.0,1.2,55.2,966.3,149.0,S,22.0,Paul Ricard,Force India
23,PER,24,0,12,9,0,60,39.9,23.7,0.0,1.2,55.2,966.3,0.0,S,23.0,Paul Ricard,Force India
24,PER,25,0,12,9,0,60,40.1,23.9,0.0,0.5,54.0,966.4,1.0,S,24.0,Paul Ricard,Force India
25,PER,26,0,11,9,0,60,40.0,23.9,0.0,1.3,53.2,966.4,298.0,S,25.0,Paul Ricard,Force India
26,PER,27,0,11,9,0,60,39.7,23.8,0.0,0.8,53.1,966.4,353.0,S,26.0,Paul Ricard,Force India
0,ERI,1,0,11,18,0,42,41.4,24.2,0.0,2.1,51.3,966.4,97.0,S,0.0,Paul Ricard,Sauber
1,ERI,2,0,11,18,0,50,41.4,24.2,0.0,2.1,51.3,966.4,97.0,S,1.0,Paul Ricard,Sauber
2,ERI,3,0,11,18,0,49,41.1,24.3,0.0,1.3,50.7,966.4,120.0,S,2.0,Paul Ricard,Sauber
3,ERI,4,0,11,18,0,50,42.1,24.5,0.0,2.1,49.9,966.6,110.0,S,3.0,Paul Ricard,Sauber
4,ERI,5,0,11,18,0,50,42.4,24.2,0.0,1.7,49.8,966.4,140.0,S,4.0,Paul Ricard,Sauber
5,ERI,6,0,11,18,0,51,44.1,24.7,0.0,1.7,48.6,966.3,106.0,S,5.0,Paul Ricard,Sauber
6,ERI,7,0,11,18,0,52,44.2,24.7,0.0,2.4,48.6,966.4,111.0,S,6.0,Paul Ricard,Sauber
7,ERI,8,0,13,18,0,53,44.7,24.6,0.0,2.0,48.9,966.4,135.0,S,7.0,Paul Ricard,Sauber
8,ERI,9,0,15,18,0,53,44.6,24.6,0.0,1.9,48.5,966.2,124.0,S,8.0,Paul Ricard,Sauber
9,ERI,10,0,15,18,0,53,45.2,24.9,0.0,2.5,48.0,966.3,140.0,S,9.0,Paul Ricard,Sauber
10,ERI,11,0,15,18,0,54,45.0,24.9,0.0,3.6,47.5,966.3,115.0,S,10.0,Paul Ricard,Sauber
11,ERI,12,0,15,18,0,54,45.2,24.9,0.0,3.7,47.6,966.2,132.0,S,11.0,Paul Ricard,Sauber
12,ERI,13,0,15,18,0,54,44.6,25.3,0.0,3.6,44.6,966.3,128.0,S,12.0,Paul Ricard,Sauber
13,ERI,14,0,15,18,0,54,44.6,24.7,0.0,3.0,47.7,966.4,122.0,S,13.0,Paul Ricard,Sauber
14,ERI,15,0,15,18,0,54,44.8,24.9,0.0,2.0,47.8,966.3,106.0,S,14.0,Paul Ricard,Sauber
15,ERI,16,0,15,18,0,55,44.8,24.9,0.0,1.8,48.3,966.1,129.0,S,15.0,Paul Ricard,Sauber
16,ERI,17,0,15,18,0,55,44.1,25.0,0.0,3.4,48.7,966.2,112.0,S,16.0,Paul Ricard,Sauber
17,ERI,18,0,15,18,0,55,44.3,24.9,0.0,3.7,48.9,966.2,117.0,S,17.0,Paul Ricard,Sauber
18,ERI,19,0,15,18,0,56,44.7,24.9,0.0,2.8,49.0,966.1,103.0,S,18.0,Paul Ricard,Sauber
19,ERI,20,0,15,18,0,56,44.7,24.9,0.0,2.4,48.3,966.2,171.0,S,19.0,Paul Ricard,Sauber
20,ERI,21,0,15,18,0,56,43.5,24.5,0.0,1.8,50.3,966.1,114.0,S,20.0,Paul Ricard,Sauber
21,ERI,22,0,15,18,0,56,44.5,24.7,0.0,1.9,49.6,966.2,14.0,S,21.0,Paul Ricard,Sauber
22,ERI,23,0,15,18,0,57,44.8,24.9,0.0,0.8,48.9,966.1,90.0,S,22.0,Paul Ricard,Sauber
23,ERI,24,0,15,18,0,57,44.7,25.0,0.0,1.4,48.7,966.0,26.0,S,23.0,Paul Ricard,Sauber
24,ERI,25,0,15,18,0,57,44.7,25.2,0.0,1.5,48.0,966.1,348.0,S,24.0,Paul Ricard,Sauber
25,ERI,26,0,15,18,0,56,44.4,25.0,0.0,1.4,47.0,966.1,71.0,S,25.0,Paul Ricard,Sauber
26,ERI,27,0,15,18,0,56,44.1,24.9,0.0,1.1,47.8,966.1,140.0,S,26.0,Paul Ricard,Sauber
27,ERI,28,0,14,18,0,56,44.2,25.2,0.0,1.3,47.1,966.0,116.0,,0.0,Paul Ricard,Sauber
28,ERI,29,0,14,18,0,56,43.7,25.3,0.0,2.3,46.1,966.0,83.0,,0.0,Paul Ricard,Sauber
29,ERI,30,0,14,18,0,56,43.1,24.8,0.0,1.3,48.0,966.2,74.0,,0.0,Paul Ricard,Sauber
30,ERI,31,0,13,18,0,56,42.1,24.4,0.0,1.8,47.6,966.3,83.0,,0.0,Paul Ricard,Sauber
31,ERI,32,0,13,18,0,56,41.8,24.3,0.0,1.6,47.7,966.2,118.0,,0.0,Paul Ricard,Sauber
32,ERI,33,0,13,18,0,56,40.6,24.4,0.0,1.5,47.6,966.2,84.0,,0.0,Paul Ricard,Sauber
33,ERI,34,0,12,18,0,56,40.1,24.6,0.0,1.3,46.6,966.2,101.0,,0.0,Paul Ricard,Sauber
34,ERI,35,0,17,18,0,56,40.1,24.2,0.0,2.4,47.0,966.2,112.0,,0.0,Paul Ricard,Sauber
35,ERI,36,0,17,18,0,56,40.1,24.3,0.0,1.5,46.1,966.2,121.0,,0.0,Paul Ricard,Sauber
36,ERI,37,0,17,18,0,56,40.2,24.4,0.0,1.7,45.6,966.2,97.0,,0.0,Paul Ricard,Sauber
37,ERI,38,0,17,18,0,56,40.2,24.5,0.0,1.8,45.8,966.1,122.0,,0.0,Paul Ricard,Sauber
38,ERI,39,0,16,18,0,56,39.8,24.6,0.0,1.3,47.0,966.2,78.0,,0.0,Paul Ricard,Sauber
39,ERI,40,0,16,18,0,56,39.7,24.6,0.0,1.2,50.9,966.3,80.0,,0.0,Paul Ricard,Sauber
40,ERI,41,0,16,18,0,56,39.3,24.4,0.0,0.7,47.4,966.3,92.0,,0.0,Paul Ricard,Sauber
41,ERI,42,0,16,18,0,56,39.2,24.5,0.0,0.7,46.8,966.3,0.0,,0.0,Paul Ricard,Sauber
42,ERI,43,0,16,18,0,56,38.4,24.4,0.0,0.9,48.2,966.4,153.0,,0.0,Paul Ricard,Sauber
43,ERI,44,0,16,18,0,56,38.4,24.4,0.0,1.0,48.3,966.3,149.0,,0.0,Paul Ricard,Sauber
44,ERI,45,0,16,18,0,56,37.8,24.3,0.0,0.9,49.3,966.3,75.0,,0.0,Paul Ricard,Sauber
45,ERI,46,0,15,18,0,56,37.8,24.0,0.0,1.8,51.4,966.4,43.0,,0.0,Paul Ricard,Sauber
46,ERI,47,0,14,18,0,56,39.6,23.4,0.0,1.0,55.4,966.3,53.0,,0.0,Paul Ricard,Sauber
47,ERI,48,0,13,18,0,56,39.8,23.6,0.0,1.2,55.2,966.3,149.0,,0.0,Paul Ricard,Sauber
48,ERI,49,0,13,18,0,56,39.9,23.7,0.0,1.2,55.2,966.3,0.0,,0.0,Paul Ricard,Sauber
49,ERI,50,0,13,18,0,56,40.1,24.0,0.0,0.9,52.8,966.3,336.0,,0.0,Paul Ricard,Sauber
50,ERI,51,0,13,18,0,56,40.1,24.0,0.0,0.9,52.8,966.3,336.0,,0.0,Paul Ricard,Sauber
51,ERI,52,0,13,18,1,56,39.7,23.8,0.0,0.8,53.1,966.4,353.0,,0.0,Paul Ricard,Sauber
0,ALO,1,0,16,20,0,57,42.7,24.5,1.0,1.6,50.0,966.5,90.0,,0.0,Paul Ricard,McLaren
1,ALO,2,0,16,20,0,60,42.6,24.3,0.0,1.8,50.4,966.4,108.0,,0.0,Paul Ricard,McLaren
2,ALO,3,0,16,20,0,58,41.5,24.2,0.0,1.3,51.4,966.4,78.0,,0.0,Paul Ricard,McLaren
3,ALO,4,0,16,20,0,60,43.3,24.6,0.0,2.2,48.6,966.4,117.0,,0.0,Paul Ricard,McLaren
4,ALO,5,0,16,20,0,60,44.1,24.7,0.0,1.7,48.6,966.3,106.0,,0.0,Paul Ricard,McLaren
5,ALO,6,0,18,20,0,62,44.2,24.7,0.0,2.4,48.6,966.4,111.0,,0.0,Paul Ricard,McLaren
6,ALO,7,0,18,20,0,64,44.6,24.6,0.0,3.1,48.5,966.4,118.0,,0.0,Paul Ricard,McLaren
7,ALO,8,0,18,20,0,65,44.6,24.6,0.0,1.9,48.5,966.2,124.0,,0.0,Paul Ricard,McLaren
8,ALO,9,0,18,20,0,66,45.2,24.9,0.0,2.5,48.0,966.3,140.0,,0.0,Paul Ricard,McLaren
9,ALO,10,0,18,20,0,67,45.0,24.9,0.0,3.6,47.5,966.3,115.0,,0.0,Paul Ricard,McLaren
10,ALO,11,0,17,20,0,68,45.2,24.9,0.0,3.7,47.6,966.2,132.0,,0.0,Paul Ricard,McLaren
11,ALO,12,0,17,20,0,69,45.0,25.1,0.0,3.3,45.4,966.3,121.0,,0.0,Paul Ricard,McLaren
12,ALO,13,0,17,20,0,69,44.6,24.7,0.0,3.0,47.7,966.4,122.0,,0.0,Paul Ricard,McLaren
13,ALO,14,0,17,20,0,69,44.8,24.9,0.0,2.0,47.8,966.3,106.0,,0.0,Paul Ricard,McLaren
14,ALO,15,0,17,20,0,69,44.8,24.9,0.0,1.8,48.3,966.1,129.0,,0.0,Paul Ricard,McLaren
15,ALO,16,0,17,20,0,70,44.7,25.1,0.0,2.2,48.1,966.2,114.0,,0.0,Paul Ricard,McLaren
16,ALO,17,0,17,20,0,70,44.5,25.1,0.0,3.7,48.5,966.2,114.0,,0.0,Paul Ricard,McLaren
17,ALO,18,0,16,20,0,70,44.3,24.9,0.0,3.7,48.9,966.2,117.0,,0.0,Paul Ricard,McLaren
18,ALO,19,0,16,20,0,71,44.7,24.9,0.0,2.4,48.3,966.2,171.0,,0.0,Paul Ricard,McLaren
19,ALO,20,0,16,20,0,71,43.5,24.5,0.0,1.8,50.3,966.1,114.0,,0.0,Paul Ricard,McLaren
20,ALO,21,0,16,20,0,72,44.5,24.7,0.0,1.9,49.6,966.2,14.0,,0.0,Paul Ricard,McLaren
21,ALO,22,0,16,20,0,72,44.8,24.9,0.0,0.8,48.9,966.1,90.0,,0.0,Paul Ricard,McLaren
22,ALO,23,0,16,20,0,72,44.3,25.1,0.0,1.9,48.0,966.1,134.0,,0.0,Paul Ricard,McLaren
23,ALO,24,0,16,20,0,72,44.3,25.5,0.0,1.4,47.4,966.2,123.0,,0.0,Paul Ricard,McLaren
24,ALO,25,0,16,20,0,72,44.4,25.0,0.0,1.4,47.0,966.1,71.0,,0.0,Paul Ricard,McLaren
25,ALO,26,0,16,20,0,72,44.1,24.9,0.0,1.1,47.8,966.1,140.0,,0.0,Paul Ricard,McLaren
26,ALO,27,0,16,20,0,72,43.7,25.3,0.0,2.3,46.1,966.0,83.0,,0.0,Paul Ricard,McLaren
27,ALO,28,0,15,20,0,72,43.0,25.0,0.0,1.9,47.9,966.2,119.0,,0.0,Paul Ricard,McLaren
28,ALO,29,0,15,20,0,73,42.5,24.5,0.0,1.6,47.4,966.2,105.0,,0.0,Paul Ricard,McLaren
29,ALO,30,0,15,20,0,72,42.1,24.4,0.0,1.8,47.6,966.3,83.0,,0.0,Paul Ricard,McLaren
30,ALO,31,0,14,20,0,72,41.8,24.3,0.0,1.6,47.7,966.2,118.0,,0.0,Paul Ricard,McLaren
31,ALO,32,0,14,20,0,72,40.1,24.6,0.0,1.3,46.6,966.2,101.0,,0.0,Paul Ricard,McLaren
32,ALO,33,0,14,20,0,72,40.0,24.5,0.0,2.0,46.7,966.2,106.0,,0.0,Paul Ricard,McLaren
33,ALO,34,0,13,20,0,72,40.0,24.3,0.0,2.4,46.7,966.2,114.0,,0.0,Paul Ricard,McLaren
34,ALO,35,0,13,20,0,72,40.2,24.3,0.0,1.5,46.7,966.2,98.0,,0.0,Paul Ricard,McLaren
35,ALO,36,0,13,20,0,72,40.2,24.3,0.0,1.8,46.4,966.2,91.0,,0.0,Paul Ricard,McLaren
36,ALO,37,0,13,20,0,72,40.2,24.5,0.0,1.8,45.8,966.1,122.0,,0.0,Paul Ricard,McLaren
37,ALO,38,0,12,20,0,72,39.8,24.6,0.0,1.3,47.0,966.2,78.0,,0.0,Paul Ricard,McLaren
38,ALO,39,0,12,20,0,72,39.7,24.6,0.0,1.2,50.9,966.3,80.0,,0.0,Paul Ricard,McLaren
39,ALO,40,0,12,20,0,72,39.3,24.4,0.0,0.7,47.4,966.3,92.0,,0.0,Paul Ricard,McLaren
40,ALO,41,0,12,20,0,72,39.0,24.5,0.0,1.1,47.1,966.2,27.0,,0.0,Paul Ricard,McLaren
41,ALO,42,0,12,20,0,72,38.4,24.4,0.0,0.9,48.2,966.4,153.0,,0.0,Paul Ricard,McLaren
42,ALO,43,0,12,20,0,71,38.4,24.4,0.0,1.0,48.3,966.3,149.0,,0.0,Paul Ricard,McLaren
43,ALO,44,0,12,20,0,71,37.8,24.3,0.0,0.9,49.3,966.3,75.0,,0.0,Paul Ricard,McLaren
44,ALO,45,0,13,20,0,71,37.7,23.4,0.0,1.6,54.8,966.4,19.0,,0.0,Paul Ricard,McLaren
45,ALO,46,0,17,20,0,71,37.6,23.4,0.0,0.8,55.9,966.4,63.0,,0.0,Paul Ricard,McLaren
46,ALO,47,0,17,20,0,71,39.6,23.4,0.0,1.0,55.4,966.3,53.0,,0.0,Paul Ricard,McLaren
47,ALO,48,0,17,20,0,71,39.6,23.4,0.0,0.8,55.9,966.4,6.0,,0.0,Paul Ricard,McLaren
48,ALO,49,0,16,20,0,71,39.8,23.6,0.0,1.2,55.2,966.3,149.0,,0.0,Paul Ricard,McLaren
49,ALO,50,0,16,20,1,70,40.1,24.0,0.0,0.9,52.8,966.3,336.0,,0.0,Paul Ricard,McLaren
0,VAN,1,0,12,13,0,50,42.6,24.3,0.0,1.8,50.4,966.4,108.0,V,0.0,Paul Ricard,McLaren
1,VAN,2,0,12,13,0,52,41.5,24.2,0.0,1.3,51.4,966.4,78.0,V,1.0,Paul Ricard,McLaren
2,VAN,3,0,12,13,0,52,41.4,24.2,0.0,2.1,51.3,966.4,97.0,V,2.0,Paul Ricard,McLaren
3,VAN,4,0,12,13,0,55,41.1,24.3,0.0,1.3,50.7,966.4,120.0,V,3.0,Paul Ricard,McLaren
4,VAN,5,0,12,13,0,56,42.1,24.5,0.0,2.1,49.9,966.6,110.0,V,4.0,Paul Ricard,McLaren
5,VAN,6,0,12,13,0,57,42.3,24.5,0.0,0.9,48.3,966.4,80.0,V,5.0,Paul Ricard,McLaren
6,VAN,7,0,12,13,0,58,43.3,24.6,0.0,2.2,48.6,966.4,117.0,V,6.0,Paul Ricard,McLaren
7,VAN,8,0,11,13,0,59,44.5,24.7,0.0,2.7,48.9,966.3,110.0,V,7.0,Paul Ricard,McLaren
8,VAN,9,0,12,13,0,60,44.6,24.6,0.0,1.9,48.5,966.2,124.0,V,8.0,Paul Ricard,McLaren
9,VAN,10,0,12,13,0,61,45.0,24.9,0.0,3.6,47.5,966.3,115.0,V,9.0,Paul Ricard,McLaren
10,VAN,11,0,13,13,0,62,45.2,24.9,0.0,3.7,47.6,966.2,132.0,V,10.0,Paul Ricard,McLaren
11,VAN,12,0,13,13,0,62,45.0,25.1,0.0,3.3,45.4,966.3,121.0,V,11.0,Paul Ricard,McLaren
12,VAN,13,0,13,13,0,63,44.6,25.3,0.0,3.6,44.6,966.3,128.0,V,12.0,Paul Ricard,McLaren
13,VAN,14,0,13,13,0,63,44.8,24.9,0.0,2.0,47.8,966.3,106.0,V,13.0,Paul Ricard,McLaren
14,VAN,15,0,13,13,0,63,44.8,24.9,0.0,1.8,48.3,966.1,129.0,V,14.0,Paul Ricard,McLaren
15,VAN,16,0,13,13,0,64,44.7,25.1,0.0,2.2,48.1,966.2,114.0,V,15.0,Paul Ricard,McLaren
16,VAN,17,0,13,13,0,64,44.1,25.0,0.0,3.4,48.7,966.2,112.0,V,16.0,Paul Ricard,McLaren
17,VAN,18,0,13,13,0,65,44.3,24.9,0.0,3.7,48.9,966.2,117.0,V,17.0,Paul Ricard,McLaren
18,VAN,19,0,13,13,0,66,44.7,24.9,0.0,2.8,49.0,966.1,103.0,V,18.0,Paul Ricard,McLaren
19,VAN,20,0,13,13,0,66,44.7,24.9,0.0,2.4,48.3,966.2,171.0,V,19.0,Paul Ricard,McLaren
20,VAN,21,0,13,13,0,67,42.5,24.6,0.0,1.8,49.5,966.1,148.0,V,20.0,Paul Ricard,McLaren
21,VAN,22,0,13,13,0,67,43.5,24.5,0.0,1.8,50.3,966.1,114.0,V,21.0,Paul Ricard,McLaren
22,VAN,23,0,13,13,0,67,44.5,24.7,0.0,1.9,49.6,966.2,14.0,V,22.0,Paul Ricard,McLaren
23,VAN,24,0,13,13,0,67,44.8,24.9,0.0,0.8,48.9,966.1,90.0,V,23.0,Paul Ricard,McLaren
24,VAN,25,0,13,13,0,67,44.7,25.0,0.0,1.4,48.7,966.0,26.0,V,24.0,Paul Ricard,McLaren
25,VAN,26,0,12,13,0,67,44.3,25.1,0.0,1.9,48.0,966.1,134.0,V,25.0,Paul Ricard,McLaren
26,VAN,27,0,12,13,0,67,44.3,25.5,0.0,1.4,47.4,966.2,123.0,V,26.0,Paul Ricard,McLaren
27,VAN,28,0,10,13,0,67,44.6,25.6,0.0,2.1,45.8,966.2,76.0,V,27.0,Paul Ricard,McLaren
28,VAN,29,0,10,13,0,68,43.7,25.3,0.0,2.3,46.1,966.0,83.0,V,28.0,Paul Ricard,McLaren
29,VAN,30,0,10,13,0,68,43.0,24.9,0.0,2.6,47.3,965.9,126.0,V,29.0,Paul Ricard,McLaren
30,VAN,31,0,9,13,0,68,43.1,24.8,0.0,1.3,48.0,966.2,74.0,V,30.0,Paul Ricard,McLaren
31,VAN,32,0,9,13,0,68,43.0,25.0,0.0,1.9,47.9,966.2,119.0,V,31.0,Paul Ricard,McLaren
32,VAN,33,0,9,13,0,68,42.6,24.8,0.0,2.4,47.5,966.1,66.0,V,32.0,Paul Ricard,McLaren
33,VAN,34,0,8,13,0,68,42.5,24.5,0.0,1.6,47.4,966.2,105.0,V,33.0,Paul Ricard,McLaren
34,VAN,35,0,9,13,0,68,40.6,24.4,0.0,1.5,47.6,966.2,84.0,V,34.0,Paul Ricard,McLaren
35,VAN,36,0,9,13,0,68,40.3,24.3,0.0,1.8,48.0,966.2,133.0,E,0.0,Paul Ricard,McLaren
36,VAN,37,0,9,13,0,68,40.0,24.5,0.0,2.0,46.7,966.2,106.0,E,1.0,Paul Ricard,McLaren
37,VAN,38,0,9,13,0,68,40.1,24.2,0.0,2.4,47.0,966.2,112.0,E,2.0,Paul Ricard,McLaren
38,VAN,39,0,8,13,0,68,39.6,24.6,0.0,1.1,49.4,966.2,349.0,E,3.0,Paul Ricard,McLaren
39,VAN,40,0,13,13,0,68,39.5,24.5,0.0,1.0,47.1,966.2,23.0,E,4.0,Paul Ricard,McLaren
40,VAN,41,0,13,13,0,68,39.2,24.5,0.0,0.7,46.8,966.3,0.0,E,5.0,Paul Ricard,McLaren
41,VAN,42,0,13,13,0,68,39.1,24.5,0.0,0.9,47.2,966.3,15.0,E,6.0,Paul Ricard,McLaren
42,VAN,43,0,13,13,0,68,39.0,24.5,0.0,1.1,47.1,966.2,27.0,E,7.0,Paul Ricard,McLaren
43,VAN,44,0,13,13,0,68,38.4,24.4,0.0,1.0,48.3,966.3,149.0,E,8.0,Paul Ricard,McLaren
44,VAN,45,0,12,13,0,68,37.8,24.3,0.0,0.9,49.3,966.3,75.0,E,9.0,Paul Ricard,McLaren
45,VAN,46,0,12,13,0,68,37.8,23.6,0.0,1.6,53.4,966.3,120.0,E,10.0,Paul Ricard,McLaren
46,VAN,47,0,12,13,0,68,37.7,23.4,0.0,1.6,54.8,966.4,19.0,E,11.0,Paul Ricard,McLaren
47,VAN,48,0,12,13,0,68,37.6,23.4,0.0,0.8,55.9,966.4,63.0,E,12.0,Paul Ricard,McLaren
48,VAN,49,0,12,13,0,68,39.6,23.4,0.0,0.8,55.9,966.4,6.0,E,13.0,Paul Ricard,McLaren
49,VAN,50,0,12,13,0,68,40.1,23.9,0.0,0.5,54.0,966.4,1.0,E,14.0,Paul Ricard,McLaren
50,VAN,51,0,12,13,0,68,40.1,24.0,0.0,0.9,52.8,966.3,336.0,E,15.0,Paul Ricard,McLaren
51,VAN,52,0,12,13,0,67,39.7,23.8,0.0,0.8,53.1,966.4,353.0,E,16.0,Paul Ricard,McLaren
0,SIR,1,0,15,16,0,51,42.7,24.5,1.0,1.6,50.0,966.5,90.0,V,0.0,Paul Ricard,Williams
1,SIR,2,0,15,16,0,56,41.5,24.2,0.0,1.3,51.4,966.4,78.0,S,0.0,Paul Ricard,Williams
2,SIR,3,0,15,16,0,59,41.4,24.2,0.0,2.1,51.3,966.4,97.0,S,1.0,Paul Ricard,Williams
3,SIR,4,0,15,16,0,58,41.1,24.3,0.0,1.3,50.7,966.4,120.0,S,2.0,Paul Ricard,Williams
4,SIR,5,0,15,16,0,58,42.1,24.5,0.0,2.1,49.9,966.6,110.0,S,3.0,Paul Ricard,Williams
5,SIR,6,0,17,16,0,59,44.1,24.7,0.0,1.7,48.6,966.3,106.0,S,4.0,Paul Ricard,Williams
6,SIR,7,0,17,16,0,60,44.2,24.7,0.0,2.4,48.6,966.4,111.0,S,5.0,Paul Ricard,Williams
7,SIR,8,0,17,16,0,60,45.2,24.9,0.0,2.5,48.0,966.3,140.0,S,6.0,Paul Ricard,Williams
8,SIR,9,0,17,16,0,60,45.0,25.1,0.0,3.3,45.4,966.3,121.0,S,7.0,Paul Ricard,Williams
9,SIR,10,0,17,16,0,61,44.6,25.3,0.0,3.6,44.6,966.3,128.0,S,8.0,Paul Ricard,Williams
10,SIR,11,0,18,16,0,61,44.6,24.7,0.0,3.0,47.7,966.4,122.0,S,9.0,Paul Ricard,Williams
11,SIR,12,0,18,16,0,62,44.8,24.9,0.0,2.0,47.8,966.3,106.0,S,10.0,Paul Ricard,Williams
12,SIR,13,0,18,16,0,62,44.5,25.1,0.0,3.7,48.5,966.2,114.0,S,11.0,Paul Ricard,Williams
13,SIR,14,0,18,16,0,62,44.1,25.0,0.0,3.4,48.7,966.2,112.0,S,12.0,Paul Ricard,Williams
14,SIR,15,0,18,16,0,62,44.3,24.9,0.0,3.7,48.9,966.2,117.0,S,13.0,Paul Ricard,Williams
15,SIR,16,0,18,16,0,62,44.3,24.9,0.0,3.7,48.9,966.2,117.0,S,14.0,Paul Ricard,Williams
16,SIR,17,0,18,16,0,63,44.7,24.9,0.0,2.8,49.0,966.1,103.0,S,15.0,Paul Ricard,Williams
17,SIR,18,0,18,16,0,63,43.5,24.5,0.0,1.8,50.3,966.1,114.0,S,16.0,Paul Ricard,Williams
18,SIR,19,0,18,16,0,64,44.8,24.9,0.0,0.8,48.9,966.1,90.0,S,17.0,Paul Ricard,Williams
19,SIR,20,0,18,16,0,64,44.7,25.0,0.0,1.4,48.7,966.0,26.0,S,18.0,Paul Ricard,Williams
20,SIR,21,0,18,16,0,65,44.7,25.2,0.0,1.5,48.0,966.1,348.0,S,19.0,Paul Ricard,Williams
21,SIR,22,0,18,16,0,65,44.4,25.0,0.0,1.4,47.0,966.1,71.0,S,20.0,Paul Ricard,Williams
22,SIR,23,0,18,16,0,65,43.7,25.3,0.0,2.3,46.1,966.0,83.0,S,21.0,Paul Ricard,Williams
23,SIR,24,0,18,16,0,65,43.1,24.8,0.0,1.3,48.0,966.2,74.0,S,22.0,Paul Ricard,Williams
24,SIR,25,0,18,16,0,65,43.0,25.0,0.0,1.9,47.9,966.2,119.0,S,23.0,Paul Ricard,Williams
25,SIR,26,0,18,16,0,65,42.9,25.0,0.0,1.9,47.2,966.1,106.0,S,24.0,Paul Ricard,Williams
26,SIR,27,0,18,16,0,65,42.6,24.8,0.0,2.4,47.5,966.1,66.0,S,25.0,Paul Ricard,Williams
27,SIR,28,0,17,16,0,65,42.5,24.5,0.0,1.6,47.4,966.2,105.0,S,26.0,Paul Ricard,Williams
28,SIR,29,0,17,16,0,65,40.6,24.4,0.0,1.5,47.6,966.2,84.0,S,27.0,Paul Ricard,Williams
29,SIR,30,0,17,16,0,65,40.3,24.3,0.0,1.8,48.0,966.2,133.0,S,28.0,Paul Ricard,Williams
30,SIR,31,0,17,16,0,66,40.1,24.6,0.0,1.3,46.6,966.2,101.0,S,29.0,Paul Ricard,Williams
31,SIR,32,0,17,16,0,66,40.0,24.5,0.0,2.0,46.7,966.2,106.0,S,30.0,Paul Ricard,Williams
32,SIR,33,0,17,16,0,66,40.3,24.2,0.0,2.1,47.0,966.2,101.0,S,31.0,Paul Ricard,Williams
33,SIR,34,0,17,16,0,66,40.2,24.3,0.0,1.8,46.4,966.2,91.0,S,32.0,Paul Ricard,Williams
34,SIR,35,0,15,16,0,66,40.1,24.3,0.0,1.5,46.1,966.2,121.0,S,33.0,Paul Ricard,Williams
35,SIR,36,0,16,16,0,66,39.8,24.6,0.0,1.3,47.0,966.2,78.0,S,34.0,Paul Ricard,Williams
36,SIR,37,0,16,16,0,66,39.6,24.6,0.0,2.3,51.1,966.2,335.0,S,35.0,Paul Ricard,Williams
37,SIR,38,0,15,16,0,66,39.7,24.7,0.0,1.4,51.4,966.3,317.0,S,36.0,Paul Ricard,Williams
38,SIR,39,0,15,16,0,66,39.7,24.6,0.0,1.2,50.9,966.3,80.0,S,37.0,Paul Ricard,Williams
39,SIR,40,0,15,16,0,66,39.2,24.5,0.0,0.7,46.8,966.3,0.0,S,38.0,Paul Ricard,Williams
40,SIR,41,0,15,16,0,66,39.1,24.5,0.0,0.9,47.2,966.3,15.0,S,39.0,Paul Ricard,Williams
41,SIR,42,0,15,16,0,66,39.0,24.5,0.0,1.1,47.1,966.2,27.0,S,40.0,Paul Ricard,Williams
42,SIR,43,0,15,16,0,66,38.4,24.4,0.0,0.9,48.2,966.4,153.0,S,41.0,Paul Ricard,Williams
43,SIR,44,0,15,16,0,66,38.4,24.4,0.0,1.0,48.3,966.3,149.0,S,42.0,Paul Ricard,Williams
44,SIR,45,0,15,16,0,66,37.8,24.3,0.0,0.9,49.3,966.3,75.0,S,43.0,Paul Ricard,Williams
45,SIR,46,0,14,16,0,66,37.8,24.0,0.0,1.8,51.4,966.4,43.0,S,44.0,Paul Ricard,Williams
46,SIR,47,0,15,16,0,66,37.6,23.4,0.0,0.8,55.9,966.4,63.0,E,0.0,Paul Ricard,Williams
47,SIR,48,0,16,16,0,66,39.6,23.4,0.0,1.0,55.4,966.3,53.0,E,1.0,Paul Ricard,Williams
48,SIR,49,0,15,16,0,66,39.6,23.4,0.0,0.8,55.9,966.4,6.0,E,2.0,Paul Ricard,Williams
49,SIR,50,0,15,16,0,66,39.9,23.7,0.0,1.2,55.2,966.3,0.0,E,3.0,Paul Ricard,Williams
50,SIR,51,0,15,16,0,66,40.1,24.0,0.0,0.9,52.8,966.3,336.0,,0.0,Paul Ricard,Williams
51,SIR,52,0,15,16,0,66,39.7,23.8,0.0,0.8,53.1,966.4,353.0,,0.0,Paul Ricard,Williams
0,STR,1,0,14,12,0,51,42.7,24.5,1.0,1.6,50.0,966.5,90.0,V,0.0,Paul Ricard,Williams
1,STR,2,0,14,12,0,58,41.5,24.2,0.0,1.3,51.4,966.4,78.0,V,1.0,Paul Ricard,Williams
2,STR,3,0,14,12,0,60,41.1,24.3,0.0,1.3,50.7,966.4,120.0,V,2.0,Paul Ricard,Williams
3,STR,4,0,14,12,0,59,42.1,24.5,0.0,2.1,49.9,966.6,110.0,V,3.0,Paul Ricard,Williams
4,STR,5,0,14,12,0,59,42.3,24.5,0.0,0.9,48.3,966.4,80.0,V,4.0,Paul Ricard,Williams
5,STR,6,0,14,12,0,60,42.4,24.2,0.0,1.7,49.8,966.4,140.0,V,5.0,Paul Ricard,Williams
6,STR,7,0,15,12,0,60,44.2,24.7,0.0,2.4,48.6,966.4,111.0,V,6.0,Paul Ricard,Williams
7,STR,8,0,16,12,0,60,44.5,24.7,0.0,2.7,48.9,966.3,110.0,V,7.0,Paul Ricard,Williams
8,STR,9,0,16,12,0,60,44.6,24.6,0.0,3.1,48.5,966.4,118.0,V,8.0,Paul Ricard,Williams
9,STR,10,0,16,12,0,61,44.7,24.6,0.0,2.0,48.9,966.4,135.0,V,9.0,Paul Ricard,Williams
10,STR,11,0,16,12,0,61,45.2,24.9,0.0,2.5,48.0,966.3,140.0,V,10.0,Paul Ricard,Williams
11,STR,12,0,16,12,0,62,45.0,25.1,0.0,3.3,45.4,966.3,121.0,V,11.0,Paul Ricard,Williams
12,STR,13,0,16,12,0,62,44.8,24.9,0.0,2.0,47.8,966.3,106.0,V,12.0,Paul Ricard,Williams
13,STR,14,0,16,12,0,62,44.8,24.9,0.0,1.8,48.3,966.1,129.0,V,13.0,Paul Ricard,Williams
14,STR,15,0,16,12,0,63,44.5,25.1,0.0,3.7,48.5,966.2,114.0,V,14.0,Paul Ricard,Williams
15,STR,16,0,16,12,0,63,44.3,24.9,0.0,3.7,48.9,966.2,117.0,V,15.0,Paul Ricard,Williams
16,STR,17,0,16,12,0,63,44.7,24.9,0.0,2.1,48.7,966.1,126.0,V,16.0,Paul Ricard,Williams
17,STR,18,0,17,12,0,64,44.7,24.9,0.0,2.4,48.3,966.2,171.0,V,17.0,Paul Ricard,Williams
18,STR,19,0,17,12,0,65,43.5,24.5,0.0,1.8,50.3,966.1,114.0,V,18.0,Paul Ricard,Williams
19,STR,20,0,17,12,0,65,44.8,24.9,0.0,0.8,48.9,966.1,90.0,V,19.0,Paul Ricard,Williams
20,STR,21,0,17,12,0,65,44.3,25.1,0.0,1.9,48.0,966.1,134.0,V,20.0,Paul Ricard,Williams
21,STR,22,0,17,12,0,65,44.6,25.6,0.0,2.1,45.8,966.2,76.0,V,21.0,Paul Ricard,Williams
22,STR,23,0,17,12,0,66,44.4,25.0,0.0,1.4,47.0,966.1,71.0,V,22.0,Paul Ricard,Williams
23,STR,24,0,17,12,0,66,44.1,24.9,0.0,1.1,47.8,966.1,140.0,V,23.0,Paul Ricard,Williams
24,STR,25,0,17,12,0,66,43.7,25.3,0.0,2.3,46.1,966.0,83.0,V,24.0,Paul Ricard,Williams
25,STR,26,0,17,12,0,66,43.0,24.8,0.0,1.6,48.1,966.1,95.0,V,25.0,Paul Ricard,Williams
26,STR,27,0,17,12,0,66,42.6,24.8,0.0,2.4,47.5,966.1,66.0,V,26.0,Paul Ricard,Williams
27,STR,28,0,16,12,0,67,42.1,24.4,0.0,1.8,47.6,966.3,83.0,V,27.0,Paul Ricard,Williams
28,STR,29,0,16,12,0,67,40.0,24.3,0.0,2.4,46.7,966.2,114.0,V,28.0,Paul Ricard,Williams
29,STR,30,0,16,12,0,67,40.1,24.2,0.0,2.4,47.0,966.2,112.0,V,29.0,Paul Ricard,Williams
30,STR,31,0,16,12,0,67,40.2,24.3,0.0,1.5,46.7,966.2,98.0,V,30.0,Paul Ricard,Williams
31,STR,32,0,16,12,0,67,40.2,24.3,0.0,1.8,46.4,966.2,91.0,V,31.0,Paul Ricard,Williams
32,STR,33,0,16,12,0,67,40.1,24.3,0.0,1.5,46.1,966.2,121.0,V,32.0,Paul Ricard,Williams
33,STR,34,0,15,12,0,68,40.2,24.4,0.0,1.7,45.6,966.2,97.0,V,33.0,Paul Ricard,Williams
34,STR,35,0,14,12,0,68,39.8,24.6,0.0,1.3,47.0,966.2,78.0,V,34.0,Paul Ricard,Williams
35,STR,36,0,14,12,0,68,39.6,24.6,0.0,1.1,49.4,966.2,349.0,V,35.0,Paul Ricard,Williams
36,STR,37,0,15,12,0,69,39.7,24.6,0.0,1.2,50.9,966.3,80.0,V,36.0,Paul Ricard,Williams
37,STR,38,0,14,12,0,69,39.5,24.5,0.0,1.0,47.1,966.2,23.0,V,37.0,Paul Ricard,Williams
38,STR,39,0,14,12,0,69,39.2,24.5,0.0,0.7,46.8,966.3,0.0,V,38.0,Paul Ricard,Williams
39,STR,40,0,14,12,0,69,38.9,24.3,0.0,1.0,47.9,966.3,28.0,V,39.0,Paul Ricard,Williams
40,STR,41,0,14,12,0,70,38.4,24.4,0.0,1.0,48.3,966.3,149.0,E,0.0,Paul Ricard,Williams
41,STR,42,0,14,12,0,70,37.8,24.3,0.0,0.9,49.3,966.3,75.0,E,1.0,Paul Ricard,Williams
42,STR,43,0,14,12,0,70,37.8,24.0,0.0,1.8,51.4,966.4,43.0,E,2.0,Paul Ricard,Williams
43,STR,44,0,14,12,0,70,37.7,23.4,0.0,1.6,54.8,966.4,19.0,E,3.0,Paul Ricard,Williams
44,STR,45,0,14,12,0,70,37.6,23.4,0.0,0.8,55.9,966.4,63.0,E,4.0,Paul Ricard,Williams
45,STR,46,0,13,12,0,70,39.8,23.6,0.0,1.2,55.2,966.3,149.0,E,5.0,Paul Ricard,Williams
46,STR,47,0,13,12,0,71,39.9,23.7,0.0,1.2,55.2,966.3,0.0,E,6.0,Paul Ricard,Williams
47,STR,48,0,14,12,0,71,40.0,23.9,0.0,1.3,53.2,966.4,298.0,E,7.0,Paul Ricard,Williams
0,HAR,1,0,13,15,0,54,41.5,24.2,0.0,1.3,51.4,966.4,78.0,E,0.0,Paul Ricard,Toro Rosso
1,HAR,2,0,13,15,0,59,41.4,24.2,0.0,2.1,51.3,966.4,97.0,S,0.0,Paul Ricard,Toro Rosso
2,HAR,3,0,13,15,0,58,41.4,24.2,0.0,2.1,51.3,966.4,97.0,S,1.0,Paul Ricard,Toro Rosso
3,HAR,4,0,13,15,0,61,42.1,24.5,0.0,2.1,49.9,966.6,110.0,S,2.0,Paul Ricard,Toro Rosso
4,HAR,5,0,13,15,0,65,42.4,24.2,0.0,1.7,49.8,966.4,140.0,S,3.0,Paul Ricard,Toro Rosso
5,HAR,6,0,13,15,0,68,43.3,24.6,0.0,2.2,48.6,966.4,117.0,S,4.0,Paul Ricard,Toro Rosso
6,HAR,7,0,14,15,0,71,44.1,24.7,0.0,1.7,48.6,966.3,106.0,S,5.0,Paul Ricard,Toro Rosso
7,HAR,8,0,15,15,0,72,44.2,24.7,0.0,2.4,48.6,966.4,111.0,S,6.0,Paul Ricard,Toro Rosso
8,HAR,9,0,14,15,0,73,44.6,24.6,0.0,1.9,48.5,966.2,124.0,S,7.0,Paul Ricard,Toro Rosso
9,HAR,10,0,14,15,0,75,45.2,24.9,0.0,2.5,48.0,966.3,140.0,S,8.0,Paul Ricard,Toro Rosso
10,HAR,11,0,14,15,0,76,45.0,24.9,0.0,3.6,47.5,966.3,115.0,S,9.0,Paul Ricard,Toro Rosso
11,HAR,12,0,14,15,0,77,45.2,24.9,0.0,3.7,47.6,966.2,132.0,S,10.0,Paul Ricard,Toro Rosso
12,HAR,13,0,14,15,0,78,45.0,25.1,0.0,3.3,45.4,966.3,121.0,S,11.0,Paul Ricard,Toro Rosso
13,HAR,14,0,14,15,0,78,44.6,25.3,0.0,3.6,44.6,966.3,128.0,S,12.0,Paul Ricard,Toro Rosso
14,HAR,15,0,14,15,0,78,44.8,24.9,0.0,2.0,47.8,966.3,106.0,S,13.0,Paul Ricard,Toro Rosso
15,HAR,16,0,14,15,0,78,44.8,24.9,0.0,1.8,48.3,966.1,129.0,S,14.0,Paul Ricard,Toro Rosso
16,HAR,17,0,14,15,0,79,44.1,25.0,0.0,3.4,48.7,966.2,112.0,S,15.0,Paul Ricard,Toro Rosso
17,HAR,18,0,14,15,0,79,44.3,24.9,0.0,3.7,48.9,966.2,117.0,S,16.0,Paul Ricard,Toro Rosso
18,HAR,19,0,14,15,0,79,44.7,24.9,0.0,2.8,49.0,966.1,103.0,S,17.0,Paul Ricard,Toro Rosso
19,HAR,20,0,14,15,0,79,44.7,24.9,0.0,2.4,48.3,966.2,171.0,S,18.0,Paul Ricard,Toro Rosso
20,HAR,21,0,14,15,0,79,44.7,25.0,0.0,1.4,48.7,966.0,26.0,S,19.0,Paul Ricard,Toro Rosso
21,HAR,22,0,14,15,0,79,44.3,25.1,0.0,1.9,48.0,966.1,134.0,S,20.0,Paul Ricard,Toro Rosso
22,HAR,23,0,14,15,0,78,44.6,25.6,0.0,2.1,45.8,966.2,76.0,S,21.0,Paul Ricard,Toro Rosso
23,HAR,24,0,14,15,0,78,44.4,25.0,0.0,1.4,47.0,966.1,71.0,S,22.0,Paul Ricard,Toro Rosso
24,HAR,25,0,14,15,0,78,44.2,25.2,0.0,1.3,47.1,966.0,116.0,S,23.0,Paul Ricard,Toro Rosso
25,HAR,26,0,13,15,0,77,43.7,25.3,0.0,2.3,46.1,966.0,83.0,S,24.0,Paul Ricard,Toro Rosso
26,HAR,27,0,13,15,0,77,43.0,24.9,0.0,2.6,47.3,965.9,126.0,S,25.0,Paul Ricard,Toro Rosso
27,HAR,28,0,12,15,0,77,43.1,24.8,0.0,1.3,48.0,966.2,74.0,S,26.0,Paul Ricard,Toro Rosso
28,HAR,29,0,12,15,0,76,42.6,24.8,0.0,2.4,47.5,966.1,66.0,S,27.0,Paul Ricard,Toro Rosso
29,HAR,30,0,13,15,0,76,42.5,24.5,0.0,1.6,47.4,966.2,105.0,S,28.0,Paul Ricard,Toro Rosso
30,HAR,31,0,12,15,0,76,42.1,24.4,0.0,1.8,47.6,966.3,83.0,S,29.0,Paul Ricard,Toro Rosso
31,HAR,32,0,12,15,0,75,41.8,24.3,0.0,1.6,47.7,966.2,118.0,S,30.0,Paul Ricard,Toro Rosso
32,HAR,33,0,12,15,0,75,40.3,24.3,0.0,1.8,48.0,966.2,133.0,S,31.0,Paul Ricard,Toro Rosso
33,HAR,34,0,11,15,0,75,40.1,24.6,0.0,1.3,46.6,966.2,101.0,S,32.0,Paul Ricard,Toro Rosso
34,HAR,35,0,11,15,0,74,40.0,24.5,0.0,2.0,46.7,966.2,106.0,S,33.0,Paul Ricard,Toro Rosso
35,HAR,36,0,11,15,0,74,40.0,24.3,0.0,2.4,46.7,966.2,114.0,S,34.0,Paul Ricard,Toro Rosso
36,HAR,37,0,11,15,0,74,40.1,24.2,0.0,2.4,47.0,966.2,112.0,S,35.0,Paul Ricard,Toro Rosso
37,HAR,38,0,16,15,0,73,40.2,24.4,0.0,1.7,45.6,966.2,97.0,S,36.0,Paul Ricard,Toro Rosso
38,HAR,39,0,17,15,0,73,40.2,24.5,0.0,1.8,45.8,966.1,122.0,S,37.0,Paul Ricard,Toro Rosso
39,HAR,40,0,17,15,0,73,39.7,24.7,0.0,1.4,51.4,966.3,317.0,S,38.0,Paul Ricard,Toro Rosso
40,HAR,41,0,17,15,0,73,39.6,24.7,0.0,1.2,51.6,966.2,347.0,S,39.0,Paul Ricard,Toro Rosso
41,HAR,42,0,17,15,0,72,39.7,24.6,0.0,1.2,50.9,966.3,80.0,S,40.0,Paul Ricard,Toro Rosso
42,HAR,43,0,17,15,0,72,39.3,24.4,0.0,0.7,47.4,966.3,92.0,S,41.0,Paul Ricard,Toro Rosso
43,HAR,44,0,17,15,0,72,39.0,24.5,0.0,1.1,47.1,966.2,27.0,S,42.0,Paul Ricard,Toro Rosso
44,HAR,45,0,17,15,0,72,38.4,24.4,0.0,0.9,48.2,966.4,153.0,S,43.0,Paul Ricard,Toro Rosso
45,HAR,46,0,16,15,0,71,37.8,24.3,0.0,0.9,49.3,966.3,75.0,S,44.0,Paul Ricard,Toro Rosso
46,HAR,47,0,16,15,0,71,37.8,23.6,0.0,1.6,53.4,966.3,120.0,S,45.0,Paul Ricard,Toro Rosso
47,HAR,48,0,15,15,0,71,37.7,23.4,0.0,1.6,54.8,966.4,19.0,S,46.0,Paul Ricard,Toro Rosso
48,HAR,49,0,14,15,0,71,37.6,23.4,0.0,0.8,55.9,966.4,63.0,S,47.0,Paul Ricard,Toro Rosso
49,HAR,50,0,14,15,0,70,39.6,23.4,0.0,1.0,55.4,966.3,53.0,S,48.0,Paul Ricard,Toro Rosso
50,HAR,51,0,14,15,0,70,39.9,23.7,0.0,1.2,55.2,966.3,0.0,S,49.0,Paul Ricard,Toro Rosso
51,HAR,52,0,14,15,0,70,40.1,23.9,0.0,0.5,54.0,966.4,1.0,S,50.0,Paul Ricard,Toro Rosso
