,idGP,driver,lap,trackStatus,position,targetPosition,grid,out,performance,trackTemp,airTemp,raining,windSpeed,humidity,pressure,windDir,tyre,tyreLap,track,team
0,3,VET,1,2,1,1,1,0,63,28.0,17.0,0.0,2.8,46.5,1021.7,71.0,M,4,Baku,Ferrari
1,3,VET,2,2,1,1,1,0,60,27.7,16.9,0.0,1.9,47.1,1021.7,275.0,M,5,Baku,Ferrari
2,3,VET,3,2,1,1,1,0,60,27.5,16.7,0.0,1.9,47.8,1021.6,46.0,M,6,Baku,Ferrari
3,3,VET,4,2,1,1,1,0,58,27.7,16.8,0.0,3.2,47.6,1021.8,84.0,M,7,Baku,Ferrari
4,3,VET,5,2,1,1,1,0,58,27.5,16.9,0.0,2.3,47.5,1021.8,87.0,M,8,Baku,Ferrari
5,3,VET,6,0,1,1,1,0,60,27.2,16.8,0.0,1.6,47.4,1021.7,6.0,M,9,Baku,Ferrari
6,3,VET,7,0,1,1,1,0,60,27.2,16.8,0.0,3.6,46.9,1021.5,31.0,M,10,Baku,Ferrari
7,3,VET,8,0,1,1,1,0,60,26.7,16.5,0.0,2.2,47.2,1021.5,228.0,M,11,Baku,Ferrari
8,3,VET,9,0,1,1,1,0,60,26.7,16.7,0.0,2.8,46.9,1021.6,49.0,M,12,Baku,Ferrari
9,3,VET,10,1,1,1,1,0,60,26.5,16.8,0.0,2.0,47.1,1021.7,74.0,M,13,Baku,Ferrari
10,3,VET,11,1,1,1,1,0,60,26.4,16.8,0.0,2.2,47.1,1021.8,80.0,M,14,Baku,Ferrari
11,3,VET,12,0,1,1,1,0,60,26.1,16.7,0.0,3.2,46.9,1021.7,53.0,M,15,Baku,Ferrari
12,3,VET,13,0,1,1,1,0,60,26.0,16.7,0.0,2.2,46.8,1021.8,22.0,M,16,Baku,Ferrari
13,3,VET,14,0,1,1,1,0,60,26.0,16.6,0.0,1.1,47.3,1021.9,71.0,M,17,Baku,Ferrari
14,3,VET,15,1,1,1,1,0,60,25.7,16.6,0.0,2.0,47.5,1021.8,27.0,M,18,Baku,Ferrari
15,3,VET,16,0,1,1,1,0,60,25.7,16.7,0.0,3.9,46.8,1021.9,137.0,M,19,Baku,Ferrari
16,3,VET,17,0,1,1,1,0,60,25.5,16.5,0.0,3.5,47.5,1021.8,45.0,M,20,Baku,Ferrari
17,3,VET,18,1,1,1,1,0,60,25.3,16.5,0.0,2.4,46.8,1021.8,38.0,M,21,Baku,Ferrari
18,3,VET,19,0,1,1,1,0,60,25.1,16.5,0.0,2.9,47.1,1022.0,274.0,M,22,Baku,Ferrari
19,3,VET,20,0,1,1,1,0,60,25.1,16.5,0.0,2.9,47.1,1022.0,274.0,M,23,Baku,Ferrari
20,3,VET,21,1,1,1,1,0,60,25.0,16.4,0.0,2.1,46.9,1021.9,49.0,M,24,Baku,Ferrari
21,3,VET,22,0,1,1,1,0,60,24.9,16.5,0.0,2.8,46.8,1022.0,69.0,M,25,Baku,Ferrari
22,3,VET,23,0,1,1,1,0,60,24.7,16.6,0.0,2.4,46.3,1022.2,28.0,M,26,Baku,Ferrari
23,3,VET,24,0,1,1,1,0,60,24.7,16.5,0.0,1.7,46.2,1022.0,356.0,M,27,Baku,Ferrari
24,3,VET,25,0,1,1,1,0,60,24.6,16.5,0.0,2.7,46.2,1022.0,50.0,M,28,Baku,Ferrari
25,3,VET,26,0,1,1,1,0,60,24.3,16.3,0.0,1.2,46.9,1021.9,231.0,M,29,Baku,Ferrari
26,3,VET,27,0,1,1,1,0,60,24.4,16.4,0.0,2.0,46.7,1022.1,112.0,M,30,Baku,Ferrari
27,3,VET,28,0,1,1,1,0,60,24.4,16.6,0.0,2.2,46.0,1021.8,298.0,M,31,Baku,Ferrari
28,3,VET,29,0,1,1,1,0,60,24.4,16.5,0.0,2.1,46.0,1022.1,255.0,M,32,Baku,Ferrari
29,3,VET,30,0,1,1,1,0,61,24.3,16.4,0.0,2.2,45.9,1022.1,64.0,M,33,Baku,Ferrari
30,3,VET,31,0,1,2,1,0,61,24.2,16.5,0.0,1.6,45.6,1022.2,335.0,H,0,Baku,Ferrari
31,3,VET,32,0,2,2,1,0,61,24.1,16.5,0.0,2.9,45.3,1021.9,50.0,H,1,Baku,Ferrari
32,3,VET,33,0,2,2,1,0,61,24.1,16.5,0.0,2.9,45.3,1021.9,50.0,H,2,Baku,Ferrari
33,3,VET,34,0,2,2,1,0,61,23.9,16.4,0.0,2.6,45.3,1022.1,113.0,H,3,Baku,Ferrari
34,3,VET,35,0,2,2,1,0,62,23.8,16.6,0.0,1.5,44.7,1021.9,295.0,H,4,Baku,Ferrari
35,3,VET,36,0,2,2,1,0,62,24.1,16.5,0.0,2.3,44.3,1022.0,331.0,H,5,Baku,Ferrari
36,3,VET,37,0,2,2,1,0,62,23.7,16.5,0.0,2.4,44.0,1022.1,28.0,H,6,Baku,Ferrari
37,3,VET,38,0,2,2,1,0,62,23.7,16.5,0.0,2.4,44.1,1022.0,37.0,H,7,Baku,Ferrari
38,3,VET,39,0,2,2,1,0,62,23.4,16.6,0.0,2.5,43.3,1022.1,263.0,H,8,Baku,Ferrari
39,3,VET,40,2,2,2,1,0,62,23.7,16.5,0.0,1.4,43.6,1022.2,86.0,H,9,Baku,Ferrari
40,3,VET,41,2,2,2,1,0,62,23.7,16.6,0.0,2.0,43.7,1022.1,95.0,S,0,Baku,Ferrari
41,3,VET,42,2,2,2,1,0,62,23.7,16.6,0.0,3.4,43.3,1022.2,55.0,S,1,Baku,Ferrari
42,3,VET,43,2,2,2,1,0,62,23.5,16.6,0.0,1.2,43.0,1022.1,227.0,S,2,Baku,Ferrari
43,3,VET,44,2,2,2,1,0,62,23.6,16.6,0.0,1.4,42.8,1022.2,272.0,S,3,Baku,Ferrari
44,3,VET,45,2,2,2,1,0,62,23.6,16.8,0.0,2.2,42.4,1022.1,49.0,S,4,Baku,Ferrari
45,3,VET,46,2,2,2,1,0,62,23.6,16.6,0.0,1.2,42.6,1022.0,233.0,S,5,Baku,Ferrari
46,3,VET,47,2,2,2,1,0,61,23.6,16.7,0.0,1.8,42.7,1022.0,79.0,S,6,Baku,Ferrari
47,3,VET,48,0,2,4,1,0,61,23.9,16.9,0.0,1.0,42.2,1022.1,82.0,S,7,Baku,Ferrari
48,3,VET,49,1,4,4,1,0,61,23.9,16.9,0.0,1.0,42.2,1022.1,82.0,S,8,Baku,Ferrari
49,3,VET,50,1,4,4,1,0,62,23.9,16.8,0.0,2.1,42.7,1022.1,68.0,S,9,Baku,Ferrari
50,3,VET,51,0,4,4,1,0,63,23.7,16.6,0.0,2.6,43.2,1022.1,51.0,S,10,Baku,Ferrari
0,3,HAM,1,2,2,2,2,0,53,27.9,17.1,0.0,3.4,46.1,1021.6,64.0,M,5,Baku,Mercedes
1,3,HAM,2,2,2,2,2,0,47,27.7,17.1,0.0,3.0,46.6,1021.8,92.0,M,6,Baku,Mercedes
2,3,HAM,3,2,2,2,2,0,44,28.0,17.0,0.0,2.8,46.5,1021.7,71.0,M,7,Baku,Mercedes
3,3,HAM,4,2,2,2,2,0,44,27.8,16.8,0.0,2.5,47.4,1021.6,89.0,M,8,Baku,Mercedes
4,3,HAM,5,2,2,2,2,0,44,27.7,16.9,0.0,1.9,47.1,1021.7,275.0,M,9,Baku,Mercedes
5,3,HAM,6,0,2,2,2,0,44,27.7,16.8,0.0,3.2,47.6,1021.8,84.0,M,10,Baku,Mercedes
6,3,HAM,7,0,2,2,2,0,47,27.5,16.9,0.0,2.3,47.5,1021.8,87.0,M,11,Baku,Mercedes
7,3,HAM,8,0,2,2,2,0,48,27.2,16.8,0.0,1.7,47.5,1021.7,225.0,M,12,Baku,Mercedes
8,3,HAM,9,0,2,2,2,0,49,27.2,16.8,0.0,3.6,46.9,1021.5,31.0,M,13,Baku,Mercedes
9,3,HAM,10,1,2,2,2,0,50,27.1,16.8,0.0,2.9,47.1,1021.6,69.0,M,14,Baku,Mercedes
10,3,HAM,11,1,2,2,2,0,50,26.9,16.8,0.0,3.0,46.9,1021.5,335.0,M,15,Baku,Mercedes
11,3,HAM,12,0,2,2,2,0,51,26.7,16.5,0.0,2.2,47.2,1021.5,228.0,M,16,Baku,Mercedes
12,3,HAM,13,0,2,2,2,0,51,26.7,16.5,0.0,2.2,47.2,1021.5,228.0,M,17,Baku,Mercedes
13,3,HAM,14,0,2,2,2,0,51,26.5,16.8,0.0,2.0,47.1,1021.7,74.0,M,18,Baku,Mercedes
14,3,HAM,15,1,2,2,2,0,52,26.5,16.8,0.0,2.0,47.1,1021.7,74.0,M,19,Baku,Mercedes
15,3,HAM,16,0,2,2,2,0,52,26.3,16.8,0.0,2.5,46.8,1021.7,314.0,M,20,Baku,Mercedes
16,3,HAM,17,0,2,2,2,0,52,25.7,16.6,0.0,2.0,47.5,1021.8,27.0,M,21,Baku,Mercedes
17,3,HAM,18,1,2,2,2,0,52,25.4,16.5,0.0,2.8,47.4,1021.8,279.0,M,22,Baku,Mercedes
18,3,HAM,19,0,2,2,2,0,53,25.4,16.4,0.0,2.0,47.5,1021.9,62.0,M,23,Baku,Mercedes
19,3,HAM,20,0,2,2,2,0,53,25.3,16.5,0.0,2.4,46.8,1021.8,38.0,M,24,Baku,Mercedes
20,3,HAM,21,1,2,2,2,0,53,25.3,16.5,0.0,1.6,47.5,1021.9,71.0,M,25,Baku,Mercedes
21,3,HAM,22,0,2,3,2,0,53,25.3,16.5,0.0,2.7,47.1,1022.0,25.0,M,26,Baku,Mercedes
22,3,HAM,23,0,3,3,2,0,53,25.1,16.5,0.0,2.9,47.1,1022.0,274.0,H,0,Baku,Mercedes
23,3,HAM,24,0,3,3,2,0,53,25.1,16.5,0.0,1.4,47.1,1022.0,326.0,H,1,Baku,Mercedes
24,3,HAM,25,0,3,3,2,0,53,25.1,16.4,0.0,2.0,46.9,1022.1,96.0,H,2,Baku,Mercedes
25,3,HAM,26,0,3,3,2,0,53,25.0,16.5,0.0,3.1,46.9,1021.9,90.0,H,3,Baku,Mercedes
26,3,HAM,27,0,3,3,2,0,53,24.9,16.5,0.0,2.0,46.4,1022.0,11.0,H,4,Baku,Mercedes
27,3,HAM,28,0,3,3,2,0,54,24.9,16.4,0.0,1.0,46.7,1022.0,112.0,H,5,Baku,Mercedes
28,3,HAM,29,0,3,3,2,0,54,24.7,16.6,0.0,2.4,46.3,1022.2,28.0,H,6,Baku,Mercedes
29,3,HAM,30,0,3,3,2,0,54,24.7,16.5,0.0,1.9,46.0,1022.0,342.0,H,7,Baku,Mercedes
30,3,HAM,31,0,3,3,2,0,54,24.6,16.5,0.0,2.7,46.2,1022.0,50.0,H,8,Baku,Mercedes
31,3,HAM,32,0,3,3,2,0,54,24.5,16.4,0.0,2.4,46.8,1022.3,68.0,H,9,Baku,Mercedes
32,3,HAM,33,0,3,3,2,0,54,24.3,16.3,0.0,1.2,46.9,1021.9,231.0,H,10,Baku,Mercedes
33,3,HAM,34,0,3,3,2,0,55,24.4,16.4,0.0,2.0,46.7,1022.1,112.0,H,11,Baku,Mercedes
34,3,HAM,35,0,3,3,2,0,55,24.4,16.6,0.0,2.2,46.0,1021.8,298.0,H,12,Baku,Mercedes
35,3,HAM,36,0,3,3,2,0,55,24.4,16.5,0.0,2.1,46.0,1022.1,255.0,H,13,Baku,Mercedes
36,3,HAM,37,0,3,3,2,0,55,24.3,16.5,0.0,2.9,45.8,1022.1,65.0,H,14,Baku,Mercedes
37,3,HAM,38,0,3,3,2,0,55,24.3,16.4,0.0,2.2,45.9,1022.1,64.0,H,15,Baku,Mercedes
38,3,HAM,39,0,3,3,2,0,55,24.2,16.5,0.0,1.6,45.6,1022.2,335.0,H,16,Baku,Mercedes
39,3,HAM,40,2,3,3,2,0,55,23.9,16.5,0.0,2.4,45.3,1022.1,225.0,H,17,Baku,Mercedes
40,3,HAM,41,2,3,3,2,0,55,23.9,16.6,0.0,2.5,44.6,1022.0,215.0,S,0,Baku,Mercedes
41,3,HAM,42,2,3,3,2,0,55,23.7,16.5,0.0,1.4,43.6,1022.2,86.0,S,1,Baku,Mercedes
42,3,HAM,43,2,3,3,2,0,55,23.7,16.6,0.0,3.4,43.3,1022.2,55.0,S,2,Baku,Mercedes
43,3,HAM,44,2,3,3,2,0,54,23.6,16.6,0.0,1.6,42.7,1022.0,313.0,S,3,Baku,Mercedes
44,3,HAM,45,2,3,3,2,0,54,23.6,16.8,0.0,2.2,42.4,1022.1,49.0,S,4,Baku,Mercedes
45,3,HAM,46,2,3,3,2,0,54,23.6,16.6,0.0,1.2,42.6,1022.0,233.0,S,5,Baku,Mercedes
46,3,HAM,47,2,3,3,2,0,54,23.6,16.7,0.0,2.4,42.7,1022.1,45.0,S,6,Baku,Mercedes
47,3,HAM,48,0,3,2,2,0,54,23.7,16.7,0.0,2.5,43.1,1021.9,165.0,S,7,Baku,Mercedes
48,3,HAM,49,1,2,1,2,0,54,23.9,16.9,0.0,1.0,42.2,1022.1,82.0,S,8,Baku,Mercedes
49,3,HAM,50,1,1,1,2,0,54,23.9,16.9,0.0,1.0,42.2,1022.1,82.0,S,9,Baku,Mercedes
50,3,HAM,51,0,1,1,2,0,54,23.7,16.7,0.0,1.8,42.8,1022.1,34.0,S,10,Baku,Mercedes
0,3,BOT,1,2,3,3,3,0,51,27.9,17.1,0.0,3.4,46.1,1021.6,64.0,M,4,Baku,Mercedes
1,3,BOT,2,2,3,3,3,0,49,28.0,17.0,0.0,3.2,46.5,1021.5,62.0,M,5,Baku,Mercedes
2,3,BOT,3,2,3,3,3,0,47,27.8,17.0,0.0,3.3,47.1,1021.8,10.0,M,6,Baku,Mercedes
3,3,BOT,4,2,3,3,3,0,48,27.7,16.9,0.0,1.9,47.1,1021.7,275.0,M,7,Baku,Mercedes
4,3,BOT,5,2,3,3,3,0,48,27.2,16.8,0.0,1.6,47.4,1021.7,6.0,M,8,Baku,Mercedes
5,3,BOT,6,0,3,3,3,0,47,26.9,16.9,0.0,2.7,46.7,1021.8,68.0,M,9,Baku,Mercedes
6,3,BOT,7,0,3,3,3,0,48,26.7,16.7,0.0,2.8,46.9,1021.6,49.0,M,10,Baku,Mercedes
7,3,BOT,8,0,3,3,3,0,50,26.5,16.8,0.0,2.0,47.1,1021.7,74.0,M,11,Baku,Mercedes
8,3,BOT,9,0,3,3,3,0,50,26.1,16.7,0.0,3.2,46.9,1021.7,53.0,M,12,Baku,Mercedes
9,3,BOT,10,1,3,3,3,0,51,25.8,16.7,0.0,2.4,47.3,1022.2,230.0,M,13,Baku,Mercedes
10,3,BOT,11,1,3,3,3,0,52,25.4,16.5,0.0,2.8,47.4,1021.8,279.0,M,14,Baku,Mercedes
11,3,BOT,12,0,3,3,3,0,52,25.4,16.4,0.0,2.0,47.5,1021.9,62.0,M,15,Baku,Mercedes
12,3,BOT,13,0,3,3,3,0,53,25.3,16.5,0.0,2.4,46.8,1021.8,38.0,M,16,Baku,Mercedes
13,3,BOT,14,0,3,3,3,0,53,25.3,16.5,0.0,2.7,47.1,1022.0,25.0,M,17,Baku,Mercedes
14,3,BOT,15,1,3,3,3,0,53,25.1,16.5,0.0,1.4,47.1,1022.0,326.0,M,18,Baku,Mercedes
15,3,BOT,16,0,3,3,3,0,54,25.1,16.4,0.0,2.0,46.9,1022.1,96.0,M,19,Baku,Mercedes
16,3,BOT,17,0,3,3,3,0,54,25.0,16.4,0.0,2.1,46.9,1021.9,49.0,M,20,Baku,Mercedes
17,3,BOT,18,1,3,3,3,0,55,25.0,16.4,0.0,2.0,47.1,1022.2,100.0,M,21,Baku,Mercedes
18,3,BOT,19,0,3,3,3,0,55,24.9,16.5,0.0,2.8,46.8,1022.0,69.0,M,22,Baku,Mercedes
19,3,BOT,20,0,3,3,3,0,55,24.9,16.4,0.0,1.6,46.5,1021.8,305.0,M,23,Baku,Mercedes
20,3,BOT,21,1,3,3,3,0,55,24.9,16.4,0.0,1.0,46.7,1022.0,112.0,M,24,Baku,Mercedes
21,3,BOT,22,0,3,2,3,0,56,24.7,16.5,0.0,1.9,46.0,1022.0,342.0,M,25,Baku,Mercedes
22,3,BOT,23,0,2,2,3,0,56,24.7,16.5,0.0,1.7,46.2,1022.0,356.0,M,26,Baku,Mercedes
23,3,BOT,24,0,2,2,3,0,56,24.7,16.5,0.0,2.1,46.4,1022.0,44.0,M,27,Baku,Mercedes
24,3,BOT,25,0,2,2,3,0,56,24.3,16.3,0.0,1.2,46.9,1021.9,231.0,M,28,Baku,Mercedes
25,3,BOT,26,0,2,2,3,0,57,24.4,16.6,0.0,2.2,46.0,1021.8,298.0,M,29,Baku,Mercedes
26,3,BOT,27,0,2,2,3,0,57,24.4,16.5,0.0,2.1,46.0,1022.1,255.0,M,30,Baku,Mercedes
27,3,BOT,28,0,2,2,3,0,57,24.3,16.5,0.0,2.9,45.8,1022.1,65.0,M,31,Baku,Mercedes
28,3,BOT,29,0,2,2,3,0,58,24.1,16.5,0.0,2.9,45.3,1021.9,50.0,M,32,Baku,Mercedes
29,3,BOT,30,0,2,2,3,0,58,23.9,16.5,0.0,2.4,45.3,1022.1,225.0,M,33,Baku,Mercedes
30,3,BOT,31,0,2,1,3,0,58,24.1,16.5,0.0,2.3,44.3,1022.0,331.0,M,34,Baku,Mercedes
31,3,BOT,32,0,1,1,3,0,58,23.9,16.6,0.0,2.0,44.0,1022.1,17.0,M,35,Baku,Mercedes
32,3,BOT,33,0,1,1,3,0,59,23.7,16.5,0.0,2.4,44.1,1022.0,37.0,M,36,Baku,Mercedes
33,3,BOT,34,0,1,1,3,0,59,23.7,16.5,0.0,1.4,43.6,1022.2,86.0,M,37,Baku,Mercedes
34,3,BOT,35,0,1,1,3,0,59,23.5,16.6,0.0,1.2,43.0,1022.1,227.0,M,38,Baku,Mercedes
35,3,BOT,36,0,1,1,3,0,59,23.6,16.6,0.0,1.6,42.7,1022.0,313.0,M,39,Baku,Mercedes
36,3,BOT,37,0,1,1,3,0,59,23.6,16.6,0.0,1.5,42.9,1022.1,12.0,M,40,Baku,Mercedes
37,3,BOT,38,0,1,1,3,0,59,23.6,16.6,0.0,1.4,42.8,1022.2,272.0,M,41,Baku,Mercedes
38,3,BOT,39,0,1,1,3,0,59,23.6,16.8,0.0,2.2,42.4,1022.1,49.0,M,42,Baku,Mercedes
39,3,BOT,40,2,1,1,3,0,60,23.6,16.8,0.0,2.2,42.4,1022.1,49.0,M,43,Baku,Mercedes
40,3,BOT,41,2,1,1,3,0,59,23.6,16.6,0.0,1.2,42.6,1022.0,233.0,S,3,Baku,Mercedes
41,3,BOT,42,2,1,1,3,0,59,23.6,16.7,0.0,2.4,42.7,1022.1,45.0,S,4,Baku,Mercedes
42,3,BOT,43,2,1,1,3,0,59,23.6,16.7,0.0,1.8,42.7,1022.0,79.0,S,5,Baku,Mercedes
43,3,BOT,44,2,1,1,3,0,59,23.6,16.7,0.0,1.8,42.7,1022.0,79.0,S,6,Baku,Mercedes
44,3,BOT,45,2,1,1,3,0,58,23.9,16.9,0.0,1.0,42.2,1022.1,82.0,S,7,Baku,Mercedes
45,3,BOT,46,2,1,1,3,0,58,23.7,16.7,0.0,1.3,42.6,1022.3,43.0,S,8,Baku,Mercedes
46,3,BOT,47,2,1,1,3,0,58,23.7,16.6,0.0,2.6,43.2,1022.1,51.0,S,9,Baku,Mercedes
47,3,BOT,48,0,1,1,3,0,58,23.6,16.6,0.0,1.8,43.3,1022.1,150.0,S,10,Baku,Mercedes
0,3,RIC,1,2,4,4,4,0,47,27.9,17.1,0.0,3.4,46.1,1021.6,64.0,M,4,Baku,Red Bull Racing
1,3,RIC,2,2,4,4,4,0,54,27.7,17.1,0.0,3.0,46.6,1021.8,92.0,M,5,Baku,Red Bull Racing
2,3,RIC,3,2,4,4,4,0,55,27.8,17.0,0.0,3.3,47.1,1021.8,10.0,M,6,Baku,Red Bull Racing
3,3,RIC,4,2,4,4,4,0,55,27.5,16.8,0.0,2.2,47.4,1021.5,58.0,M,7,Baku,Red Bull Racing
4,3,RIC,5,2,4,4,4,0,56,27.5,16.7,0.0,1.9,47.8,1021.6,46.0,M,8,Baku,Red Bull Racing
5,3,RIC,6,0,4,6,4,0,55,27.5,16.7,0.0,1.9,47.8,1021.6,46.0,M,9,Baku,Red Bull Racing
6,3,RIC,7,0,6,6,4,0,54,27.2,16.8,0.0,1.7,47.5,1021.7,225.0,M,10,Baku,Red Bull Racing
7,3,RIC,8,0,6,5,4,0,54,27.1,16.8,0.0,2.9,47.1,1021.6,69.0,M,11,Baku,Red Bull Racing
8,3,RIC,9,0,5,7,4,0,54,26.7,16.5,0.0,2.2,47.2,1021.5,228.0,M,12,Baku,Red Bull Racing
9,3,RIC,10,1,7,7,4,0,54,26.7,16.5,0.0,2.2,47.2,1021.5,228.0,M,13,Baku,Red Bull Racing
10,3,RIC,11,1,7,6,4,0,53,26.5,16.8,0.0,2.0,47.1,1021.7,74.0,M,14,Baku,Red Bull Racing
11,3,RIC,12,0,6,6,4,0,54,26.4,16.8,0.0,2.2,47.1,1021.8,80.0,M,15,Baku,Red Bull Racing
12,3,RIC,13,0,6,6,4,0,54,26.3,16.8,0.0,2.5,46.8,1021.7,314.0,M,16,Baku,Red Bull Racing
13,3,RIC,14,0,6,6,4,0,54,26.1,16.7,0.0,3.2,46.9,1021.7,53.0,M,17,Baku,Red Bull Racing
14,3,RIC,15,1,6,5,4,0,54,25.7,16.7,0.0,3.9,46.8,1021.9,137.0,M,18,Baku,Red Bull Racing
15,3,RIC,16,0,5,5,4,0,54,25.3,16.5,0.0,1.6,47.5,1021.9,71.0,M,19,Baku,Red Bull Racing
16,3,RIC,17,0,5,5,4,0,54,25.3,16.5,0.0,2.7,47.1,1022.0,25.0,M,20,Baku,Red Bull Racing
17,3,RIC,18,1,5,5,4,0,54,25.1,16.4,0.0,2.0,46.9,1022.1,96.0,M,21,Baku,Red Bull Racing
18,3,RIC,19,0,5,5,4,0,54,24.9,16.5,0.0,2.8,46.8,1022.0,69.0,M,22,Baku,Red Bull Racing
19,3,RIC,20,0,5,5,4,0,55,24.9,16.4,0.0,1.0,46.7,1022.0,112.0,M,23,Baku,Red Bull Racing
20,3,RIC,21,1,5,5,4,0,55,24.7,16.6,0.0,2.4,46.3,1022.2,28.0,M,24,Baku,Red Bull Racing
21,3,RIC,22,0,5,5,4,0,55,24.7,16.5,0.0,1.7,46.2,1022.0,356.0,M,25,Baku,Red Bull Racing
22,3,RIC,23,0,5,5,4,0,55,24.6,16.5,0.0,2.7,46.2,1022.0,50.0,M,26,Baku,Red Bull Racing
23,3,RIC,24,0,5,5,4,0,56,24.3,16.3,0.0,1.2,46.9,1021.9,231.0,M,27,Baku,Red Bull Racing
24,3,RIC,25,0,5,5,4,0,56,24.4,16.5,0.0,2.1,46.0,1022.1,255.0,M,28,Baku,Red Bull Racing
25,3,RIC,26,0,5,5,4,0,56,24.2,16.5,0.0,1.6,45.6,1022.2,335.0,M,29,Baku,Red Bull Racing
26,3,RIC,27,0,5,5,4,0,56,24.1,16.5,0.0,2.9,45.3,1021.9,50.0,M,30,Baku,Red Bull Racing
27,3,RIC,28,0,5,5,4,0,56,23.9,16.5,0.0,2.4,45.3,1022.1,225.0,M,31,Baku,Red Bull Racing
28,3,RIC,29,0,5,5,4,0,56,23.9,16.6,0.0,2.0,44.0,1022.1,17.0,M,32,Baku,Red Bull Racing
29,3,RIC,30,0,5,5,4,0,56,23.7,16.5,0.0,2.4,44.0,1022.1,28.0,M,33,Baku,Red Bull Racing
30,3,RIC,31,0,5,5,4,0,57,23.4,16.6,0.0,2.5,43.3,1022.1,263.0,M,34,Baku,Red Bull Racing
31,3,RIC,32,0,5,5,4,0,57,23.7,16.6,0.0,3.4,43.3,1022.2,55.0,M,35,Baku,Red Bull Racing
32,3,RIC,33,0,5,5,4,0,57,23.5,16.6,0.0,1.2,43.0,1022.1,227.0,M,36,Baku,Red Bull Racing
33,3,RIC,34,0,5,5,4,0,57,23.6,16.6,0.0,1.6,42.7,1022.0,313.0,M,37,Baku,Red Bull Racing
34,3,RIC,35,0,5,4,4,0,57,23.6,16.6,0.0,1.5,42.9,1022.1,12.0,M,38,Baku,Red Bull Racing
35,3,RIC,36,0,4,4,4,0,57,23.6,16.7,0.0,1.8,42.7,1022.0,79.0,M,39,Baku,Red Bull Racing
36,3,RIC,37,0,4,5,4,0,57,23.7,16.7,0.0,2.5,43.1,1021.9,165.0,M,40,Baku,Red Bull Racing
37,3,RIC,38,0,5,5,4,0,58,23.9,16.9,0.0,1.0,42.2,1022.1,82.0,S,0,Baku,Red Bull Racing
38,3,RIC,39,0,5,5,4,1,58,23.7,16.6,0.0,2.6,43.2,1022.1,51.0,S,1,Baku,Red Bull Racing
0,3,VER,1,2,5,5,5,0,45,27.8,16.8,0.0,2.5,47.4,1021.6,89.0,M,4,Baku,Red Bull Racing
1,3,VER,2,2,5,5,5,0,52,27.5,16.9,0.0,2.3,47.5,1021.8,87.0,M,5,Baku,Red Bull Racing
2,3,VER,3,2,5,5,5,0,52,27.2,16.8,0.0,3.6,46.9,1021.5,31.0,M,6,Baku,Red Bull Racing
3,3,VER,4,2,5,5,5,0,51,27.1,16.8,0.0,2.9,47.1,1021.6,69.0,M,7,Baku,Red Bull Racing
4,3,VER,5,2,5,5,5,0,51,26.9,16.8,0.0,3.0,46.9,1021.5,335.0,M,8,Baku,Red Bull Racing
5,3,VER,6,0,5,5,5,0,50,26.7,16.5,0.0,2.2,47.2,1021.5,228.0,M,9,Baku,Red Bull Racing
6,3,VER,7,0,5,4,5,0,50,26.7,16.5,0.0,2.2,47.2,1021.5,228.0,M,10,Baku,Red Bull Racing
7,3,VER,8,0,4,4,5,0,50,26.4,16.8,0.0,2.2,47.1,1021.8,80.0,M,11,Baku,Red Bull Racing
8,3,VER,9,0,4,6,5,0,50,26.0,16.7,0.0,2.2,46.8,1021.8,22.0,M,12,Baku,Red Bull Racing
9,3,VER,10,1,6,6,5,0,50,25.7,16.6,0.0,2.0,47.5,1021.8,27.0,M,13,Baku,Red Bull Racing
10,3,VER,11,1,6,5,5,0,50,25.7,16.7,0.0,2.8,47.4,1021.7,76.0,M,14,Baku,Red Bull Racing
11,3,VER,12,0,5,5,5,0,50,25.4,16.5,0.0,2.8,47.4,1021.8,279.0,M,15,Baku,Red Bull Racing
12,3,VER,13,0,5,5,5,0,51,25.3,16.5,0.0,2.7,47.1,1022.0,25.0,M,16,Baku,Red Bull Racing
13,3,VER,14,0,5,5,5,0,51,25.1,16.5,0.0,2.9,47.1,1022.0,274.0,M,17,Baku,Red Bull Racing
14,3,VER,15,1,5,4,5,0,51,25.1,16.4,0.0,2.0,46.9,1022.1,96.0,M,18,Baku,Red Bull Racing
15,3,VER,16,0,4,4,5,0,51,25.0,16.4,0.0,2.1,46.9,1021.9,49.0,M,19,Baku,Red Bull Racing
16,3,VER,17,0,4,4,5,0,51,24.9,16.5,0.0,2.8,46.8,1022.0,69.0,M,20,Baku,Red Bull Racing
17,3,VER,18,1,4,4,5,0,52,24.9,16.4,0.0,1.0,46.7,1022.0,112.0,M,21,Baku,Red Bull Racing
18,3,VER,19,0,4,4,5,0,52,24.7,16.5,0.0,1.9,46.0,1022.0,342.0,M,22,Baku,Red Bull Racing
19,3,VER,20,0,4,4,5,0,52,24.7,16.5,0.0,2.1,46.4,1022.0,44.0,M,23,Baku,Red Bull Racing
20,3,VER,21,1,4,4,5,0,53,24.6,16.5,0.0,2.7,46.2,1022.0,50.0,M,24,Baku,Red Bull Racing
21,3,VER,22,0,4,4,5,0,53,24.3,16.3,0.0,1.2,46.9,1021.9,231.0,M,25,Baku,Red Bull Racing
22,3,VER,23,0,4,4,5,0,53,24.2,16.5,0.0,1.6,45.6,1022.2,335.0,M,26,Baku,Red Bull Racing
23,3,VER,24,0,4,4,5,0,53,23.9,16.5,0.0,2.4,45.3,1022.1,225.0,M,27,Baku,Red Bull Racing
24,3,VER,25,0,4,4,5,0,53,23.9,16.6,0.0,2.5,44.6,1022.0,215.0,M,28,Baku,Red Bull Racing
25,3,VER,26,0,4,4,5,0,53,23.8,16.6,0.0,1.5,44.7,1021.9,295.0,M,29,Baku,Red Bull Racing
26,3,VER,27,0,4,4,5,0,53,23.5,16.6,0.0,1.2,43.0,1022.1,227.0,M,30,Baku,Red Bull Racing
27,3,VER,28,0,4,4,5,0,53,23.5,16.6,0.0,1.2,43.0,1022.1,227.0,M,31,Baku,Red Bull Racing
28,3,VER,29,0,4,4,5,0,54,23.6,16.6,0.0,1.5,42.9,1022.1,12.0,M,32,Baku,Red Bull Racing
29,3,VER,30,0,4,4,5,0,54,23.6,16.6,0.0,1.4,42.8,1022.2,272.0,M,33,Baku,Red Bull Racing
30,3,VER,31,0,4,4,5,0,54,23.6,16.8,0.0,2.2,42.4,1022.1,49.0,M,34,Baku,Red Bull Racing
31,3,VER,32,0,4,4,5,0,54,23.6,16.6,0.0,1.2,42.6,1022.0,233.0,M,35,Baku,Red Bull Racing
32,3,VER,33,0,4,4,5,0,54,23.6,16.7,0.0,1.9,42.7,1022.1,102.0,M,36,Baku,Red Bull Racing
33,3,VER,34,0,4,4,5,0,55,23.6,16.7,0.0,1.8,42.7,1022.0,79.0,M,37,Baku,Red Bull Racing
34,3,VER,35,0,4,5,5,0,55,23.7,16.7,0.0,2.5,43.1,1021.9,165.0,M,38,Baku,Red Bull Racing
35,3,VER,36,0,5,5,5,0,55,23.9,16.9,0.0,1.0,42.2,1022.1,82.0,M,39,Baku,Red Bull Racing
36,3,VER,37,0,5,4,5,0,55,23.7,16.7,0.0,1.8,42.8,1022.1,34.0,M,40,Baku,Red Bull Racing
37,3,VER,38,0,4,4,5,0,55,23.6,16.6,0.0,1.8,43.3,1022.1,150.0,M,41,Baku,Red Bull Racing
38,3,VER,39,0,4,4,5,1,55,23.7,16.7,0.0,1.6,43.4,1022.3,7.0,S,0,Baku,Red Bull Racing
0,3,RAI,1,2,6,6,6,0,44,28.0,17.0,0.0,2.8,46.5,1021.7,71.0,S,3,Baku,Ferrari
1,3,RAI,2,2,6,13,6,0,43,27.8,16.8,0.0,2.5,47.4,1021.6,89.0,H,0,Baku,Ferrari
2,3,RAI,3,2,13,12,6,0,40,27.8,17.0,0.0,3.3,47.1,1021.8,10.0,H,1,Baku,Ferrari
3,3,RAI,4,2,12,12,6,0,40,27.7,16.9,0.0,1.9,47.1,1021.7,275.0,H,2,Baku,Ferrari
4,3,RAI,5,2,12,12,6,0,40,27.5,16.7,0.0,1.9,47.8,1021.6,46.0,H,3,Baku,Ferrari
5,3,RAI,6,0,12,11,6,0,40,27.5,16.9,0.0,2.3,47.5,1021.8,87.0,H,4,Baku,Ferrari
6,3,RAI,7,0,11,11,6,0,42,27.2,16.8,0.0,1.7,47.5,1021.7,225.0,H,5,Baku,Ferrari
7,3,RAI,8,0,11,10,6,0,43,27.2,16.8,0.0,3.6,46.9,1021.5,31.0,H,6,Baku,Ferrari
8,3,RAI,9,0,10,10,6,0,44,26.7,16.5,0.0,2.2,47.2,1021.5,228.0,H,7,Baku,Ferrari
9,3,RAI,10,1,10,10,6,0,45,26.7,16.7,0.0,2.8,46.9,1021.6,49.0,H,8,Baku,Ferrari
10,3,RAI,11,1,10,9,6,0,46,26.5,16.8,0.0,2.0,47.1,1021.7,74.0,H,9,Baku,Ferrari
11,3,RAI,12,0,9,9,6,0,46,26.2,16.8,0.0,1.9,46.7,1021.7,79.0,H,10,Baku,Ferrari
12,3,RAI,13,0,9,9,6,0,47,26.0,16.7,0.0,2.2,46.8,1021.8,22.0,H,11,Baku,Ferrari
13,3,RAI,14,0,9,9,6,0,47,25.7,16.6,0.0,2.0,47.5,1021.8,27.0,H,12,Baku,Ferrari
14,3,RAI,15,1,9,7,6,0,48,25.7,16.6,0.0,2.0,47.5,1021.8,27.0,H,13,Baku,Ferrari
15,3,RAI,16,0,7,7,6,0,48,25.7,16.7,0.0,2.8,47.4,1021.7,76.0,H,14,Baku,Ferrari
16,3,RAI,17,0,7,6,6,0,49,25.7,16.7,0.0,3.9,46.8,1021.9,137.0,H,15,Baku,Ferrari
17,3,RAI,18,1,6,6,6,0,49,25.4,16.5,0.0,2.8,47.4,1021.8,279.0,H,16,Baku,Ferrari
18,3,RAI,19,0,6,6,6,0,49,25.1,16.5,0.0,2.9,47.1,1022.0,274.0,H,17,Baku,Ferrari
19,3,RAI,20,0,6,6,6,0,50,25.1,16.4,0.0,2.0,46.9,1022.1,96.0,H,18,Baku,Ferrari
20,3,RAI,21,1,6,6,6,0,50,25.0,16.4,0.0,2.0,47.1,1022.2,100.0,H,19,Baku,Ferrari
21,3,RAI,22,0,6,6,6,0,50,25.0,16.5,0.0,3.1,46.9,1021.9,90.0,H,20,Baku,Ferrari
22,3,RAI,23,0,6,6,6,0,51,24.9,16.5,0.0,2.8,46.8,1022.0,69.0,H,21,Baku,Ferrari
23,3,RAI,24,0,6,6,6,0,51,24.9,16.5,0.0,2.0,46.4,1022.0,11.0,H,22,Baku,Ferrari
24,3,RAI,25,0,6,6,6,0,51,24.9,16.4,0.0,1.6,46.5,1021.8,305.0,H,23,Baku,Ferrari
25,3,RAI,26,0,6,6,6,0,52,24.9,16.4,0.0,1.0,46.7,1022.0,112.0,H,24,Baku,Ferrari
26,3,RAI,27,0,6,6,6,0,52,24.7,16.5,0.0,1.7,46.2,1022.0,356.0,H,25,Baku,Ferrari
27,3,RAI,28,0,6,6,6,0,52,24.6,16.5,0.0,2.7,46.2,1022.0,50.0,H,26,Baku,Ferrari
28,3,RAI,29,0,6,6,6,0,52,24.5,16.4,0.0,2.4,46.8,1022.3,68.0,H,27,Baku,Ferrari
29,3,RAI,30,0,6,6,6,0,53,24.4,16.5,0.0,2.1,46.0,1022.1,255.0,H,28,Baku,Ferrari
30,3,RAI,31,0,6,6,6,0,53,24.3,16.5,0.0,2.9,45.8,1022.1,65.0,H,29,Baku,Ferrari
31,3,RAI,32,0,6,6,6,0,53,24.1,16.5,0.0,2.9,45.3,1021.9,50.0,H,30,Baku,Ferrari
32,3,RAI,33,0,6,6,6,0,53,24.1,16.5,0.0,2.9,45.3,1021.9,50.0,H,31,Baku,Ferrari
33,3,RAI,34,0,6,6,6,0,54,23.9,16.5,0.0,2.4,45.3,1022.1,225.0,H,32,Baku,Ferrari
34,3,RAI,35,0,6,6,6,0,54,23.8,16.6,0.0,1.5,44.7,1021.9,295.0,H,33,Baku,Ferrari
35,3,RAI,36,0,6,6,6,0,54,23.7,16.5,0.0,2.4,44.1,1022.0,37.0,H,34,Baku,Ferrari
36,3,RAI,37,0,6,6,6,0,54,23.7,16.6,0.0,2.0,43.7,1022.1,95.0,H,35,Baku,Ferrari
37,3,RAI,38,0,6,6,6,0,54,23.5,16.6,0.0,1.2,43.0,1022.1,227.0,H,36,Baku,Ferrari
38,3,RAI,39,0,6,6,6,0,55,23.5,16.6,0.0,1.2,43.0,1022.1,227.0,H,37,Baku,Ferrari
39,3,RAI,40,2,6,4,6,0,55,23.6,16.6,0.0,1.6,42.7,1022.0,313.0,H,38,Baku,Ferrari
40,3,RAI,41,2,4,4,6,0,55,23.6,16.6,0.0,1.5,42.9,1022.1,12.0,S,0,Baku,Ferrari
41,3,RAI,42,2,4,4,6,0,55,23.6,16.6,0.0,1.4,42.8,1022.2,272.0,S,1,Baku,Ferrari
42,3,RAI,43,2,4,4,6,0,55,23.6,16.8,0.0,2.2,42.4,1022.1,49.0,S,2,Baku,Ferrari
43,3,RAI,44,2,4,4,6,0,54,23.6,16.7,0.0,1.9,42.7,1022.1,102.0,S,3,Baku,Ferrari
44,3,RAI,45,2,4,4,6,0,54,23.6,16.7,0.0,2.4,42.7,1022.1,45.0,S,4,Baku,Ferrari
45,3,RAI,46,2,4,4,6,0,54,23.7,16.7,0.0,2.5,43.1,1021.9,165.0,S,5,Baku,Ferrari
46,3,RAI,47,2,4,4,6,0,54,23.9,16.9,0.0,1.0,42.2,1022.1,82.0,S,6,Baku,Ferrari
47,3,RAI,48,0,4,3,6,0,54,23.9,16.8,0.0,2.1,42.7,1022.1,68.0,S,7,Baku,Ferrari
48,3,RAI,49,1,3,2,6,0,54,23.7,16.7,0.0,1.3,42.6,1022.3,43.0,S,8,Baku,Ferrari
49,3,RAI,50,1,2,2,6,0,54,23.7,16.6,0.0,2.6,43.2,1022.1,51.0,S,9,Baku,Ferrari
50,3,RAI,51,0,2,2,6,0,55,23.6,16.6,0.0,1.8,43.3,1022.1,150.0,S,10,Baku,Ferrari
0,3,PER,1,2,9,9,9,0,42,27.7,17.1,0.0,3.0,46.6,1021.8,92.0,S,3,Baku,Force India
1,3,PER,2,2,9,9,9,0,40,28.0,17.0,0.0,2.8,46.5,1021.7,71.0,S,4,Baku,Force India
2,3,PER,3,2,9,15,9,0,39,28.0,17.0,0.0,3.2,46.5,1021.5,62.0,H,0,Baku,Force India
3,3,PER,4,2,15,15,9,0,42,27.8,16.8,0.0,2.5,47.4,1021.6,89.0,H,1,Baku,Force India
4,3,PER,5,2,15,15,9,0,42,27.7,16.9,0.0,1.9,47.1,1021.7,275.0,H,2,Baku,Force India
5,3,PER,6,0,15,15,9,0,40,27.5,16.8,0.0,2.2,47.4,1021.5,58.0,H,3,Baku,Force India
6,3,PER,7,0,15,14,9,0,40,27.5,16.7,0.0,1.9,47.8,1021.6,46.0,H,4,Baku,Force India
7,3,PER,8,0,14,13,9,0,41,27.2,16.8,0.0,1.6,47.4,1021.7,6.0,H,5,Baku,Force India
8,3,PER,9,0,13,14,9,0,42,27.2,16.8,0.0,3.6,46.9,1021.5,31.0,H,6,Baku,Force India
9,3,PER,10,1,14,12,9,0,42,26.9,16.9,0.0,2.7,46.7,1021.8,68.0,H,7,Baku,Force India
10,3,PER,11,1,12,11,9,0,43,26.7,16.5,0.0,2.2,47.2,1021.5,228.0,H,8,Baku,Force India
11,3,PER,12,0,11,11,9,0,43,26.5,16.8,0.0,2.0,47.1,1021.7,74.0,H,9,Baku,Force India
12,3,PER,13,0,11,10,9,0,43,26.5,16.8,0.0,2.0,47.1,1021.7,74.0,H,10,Baku,Force India
13,3,PER,14,0,10,10,9,0,44,26.2,16.8,0.0,1.9,46.7,1021.7,79.0,H,11,Baku,Force India
14,3,PER,15,1,10,10,9,0,44,26.0,16.6,0.0,1.1,47.3,1021.9,71.0,H,12,Baku,Force India
15,3,PER,16,0,10,9,9,0,45,25.7,16.6,0.0,2.0,47.5,1021.8,27.0,H,13,Baku,Force India
16,3,PER,17,0,9,9,9,0,45,25.7,16.7,0.0,3.9,46.8,1021.9,137.0,H,14,Baku,Force India
17,3,PER,18,1,9,9,9,0,45,25.6,16.7,0.0,2.1,47.3,1021.6,62.0,H,15,Baku,Force India
18,3,PER,19,0,9,9,9,0,46,25.5,16.5,0.0,3.5,47.5,1021.8,45.0,H,16,Baku,Force India
19,3,PER,20,0,9,9,9,0,46,25.4,16.5,0.0,2.8,47.4,1021.8,279.0,H,17,Baku,Force India
20,3,PER,21,1,9,8,9,0,46,25.4,16.4,0.0,2.0,47.5,1021.9,62.0,H,18,Baku,Force India
21,3,PER,22,0,8,8,9,0,46,25.3,16.5,0.0,1.6,47.5,1021.9,71.0,H,19,Baku,Force India
22,3,PER,23,0,8,8,9,0,46,25.3,16.5,0.0,2.7,47.1,1022.0,25.0,H,20,Baku,Force India
23,3,PER,24,0,8,7,9,0,47,25.1,16.5,0.0,2.9,47.1,1022.0,274.0,H,21,Baku,Force India
24,3,PER,25,0,7,7,9,0,47,25.1,16.5,0.0,1.4,47.1,1022.0,326.0,H,22,Baku,Force India
25,3,PER,26,0,7,7,9,0,47,25.1,16.4,0.0,2.0,46.9,1022.1,96.0,H,23,Baku,Force India
26,3,PER,27,0,7,7,9,0,47,25.0,16.4,0.0,2.1,46.9,1021.9,49.0,H,24,Baku,Force India
27,3,PER,28,0,7,7,9,0,48,25.0,16.5,0.0,3.1,46.9,1021.9,90.0,H,25,Baku,Force India
28,3,PER,29,0,7,7,9,0,48,24.9,16.5,0.0,2.8,46.8,1022.0,69.0,H,26,Baku,Force India
29,3,PER,30,0,7,7,9,0,48,24.9,16.5,0.0,2.0,46.4,1022.0,11.0,H,27,Baku,Force India
30,3,PER,31,0,7,7,9,0,49,24.9,16.4,0.0,1.6,46.5,1021.8,305.0,H,28,Baku,Force India
31,3,PER,32,0,7,7,9,0,49,24.7,16.6,0.0,2.4,46.3,1022.2,28.0,H,29,Baku,Force India
32,3,PER,33,0,7,7,9,0,49,24.7,16.5,0.0,1.7,46.2,1022.0,356.0,H,30,Baku,Force India
33,3,PER,34,0,7,7,9,0,49,24.6,16.5,0.0,2.7,46.2,1022.0,50.0,H,31,Baku,Force India
34,3,PER,35,0,7,7,9,0,49,24.5,16.4,0.0,2.4,46.8,1022.3,68.0,H,32,Baku,Force India
35,3,PER,36,0,7,7,9,0,50,24.4,16.4,0.0,2.0,46.7,1022.1,112.0,H,33,Baku,Force India
36,3,PER,37,0,7,7,9,0,50,24.4,16.6,0.0,2.2,46.0,1021.8,298.0,H,34,Baku,Force India
37,3,PER,38,0,7,7,9,0,50,24.3,16.4,0.0,2.2,45.9,1022.1,64.0,H,35,Baku,Force India
38,3,PER,39,0,7,7,9,0,50,23.9,16.4,0.0,2.6,45.3,1022.1,113.0,H,36,Baku,Force India
39,3,PER,40,2,7,5,9,0,50,23.9,16.5,0.0,2.4,45.3,1022.1,225.0,H,37,Baku,Force India
40,3,PER,41,2,5,5,9,0,50,24.1,16.5,0.0,2.3,44.3,1022.0,331.0,M,0,Baku,Force India
41,3,PER,42,2,5,5,9,0,51,23.9,16.6,0.0,2.0,44.0,1022.1,17.0,M,1,Baku,Force India
42,3,PER,43,2,5,5,9,0,51,23.9,16.6,0.0,2.5,43.7,1022.1,354.0,M,2,Baku,Force India
43,3,PER,44,2,5,5,9,0,51,23.7,16.5,0.0,2.4,44.1,1022.0,37.0,M,3,Baku,Force India
44,3,PER,45,2,5,5,9,0,51,23.4,16.6,0.0,2.5,43.3,1022.1,263.0,M,4,Baku,Force India
45,3,PER,46,2,5,5,9,0,51,23.7,16.5,0.0,1.4,43.6,1022.2,86.0,M,5,Baku,Force India
46,3,PER,47,2,5,5,9,0,51,23.6,16.6,0.0,1.4,42.8,1022.2,272.0,M,6,Baku,Force India
47,3,PER,48,0,5,5,9,0,51,23.6,16.8,0.0,2.2,42.4,1022.1,49.0,M,7,Baku,Force India
48,3,PER,49,1,5,3,9,0,51,23.6,16.7,0.0,2.4,42.7,1022.1,45.0,M,8,Baku,Force India
49,3,PER,50,1,3,3,9,0,51,23.9,16.9,0.0,1.0,42.2,1022.1,82.0,M,9,Baku,Force India
50,3,PER,51,0,3,3,9,0,51,23.6,16.6,0.0,1.8,43.3,1022.1,150.0,M,10,Baku,Force India
0,3,SAI,1,2,7,7,7,0,54,27.9,17.1,0.0,3.4,46.1,1021.6,64.0,S,3,Baku,Renault
1,3,SAI,2,2,7,6,7,0,58,28.0,17.0,0.0,3.2,46.5,1021.5,62.0,S,4,Baku,Renault
2,3,SAI,3,2,6,6,7,0,54,27.7,16.9,0.0,1.9,47.1,1021.7,275.0,S,5,Baku,Renault
3,3,SAI,4,2,6,6,7,0,53,27.5,16.7,0.0,1.9,47.8,1021.6,46.0,S,6,Baku,Renault
4,3,SAI,5,2,6,6,7,0,53,27.5,16.7,0.0,1.9,47.8,1021.6,46.0,S,7,Baku,Renault
5,3,SAI,6,0,6,4,7,0,53,27.7,16.8,0.0,3.2,47.6,1021.8,84.0,S,8,Baku,Renault
6,3,SAI,7,0,4,5,7,0,55,27.5,16.9,0.0,2.3,47.5,1021.8,87.0,S,9,Baku,Renault
7,3,SAI,8,0,5,5,7,0,56,27.2,16.8,0.0,1.6,47.4,1021.7,6.0,S,10,Baku,Renault
8,3,SAI,9,0,5,4,7,0,57,27.2,16.8,0.0,3.6,46.9,1021.5,31.0,S,11,Baku,Renault
9,3,SAI,10,1,4,4,7,0,58,27.1,16.8,0.0,2.9,47.1,1021.6,69.0,S,12,Baku,Renault
10,3,SAI,11,1,4,4,7,0,59,26.9,16.9,0.0,2.7,46.7,1021.8,68.0,S,13,Baku,Renault
11,3,SAI,12,0,4,4,7,0,59,26.8,16.6,0.0,1.7,47.5,1021.8,286.0,S,14,Baku,Renault
12,3,SAI,13,0,4,4,7,0,60,26.7,16.5,0.0,2.2,47.2,1021.5,228.0,S,15,Baku,Renault
13,3,SAI,14,0,4,4,7,0,60,26.7,16.7,0.0,2.8,46.9,1021.6,49.0,S,16,Baku,Renault
14,3,SAI,15,1,4,9,7,0,60,26.3,16.8,0.0,2.5,46.8,1021.7,314.0,S,17,Baku,Renault
15,3,SAI,16,0,9,13,7,0,60,26.1,16.7,0.0,3.2,46.9,1021.7,53.0,H,0,Baku,Renault
16,3,SAI,17,0,13,12,7,0,60,25.8,16.7,0.0,2.4,47.3,1022.2,230.0,H,1,Baku,Renault
17,3,SAI,18,1,12,12,7,0,61,25.7,16.7,0.0,2.8,47.4,1021.7,76.0,H,2,Baku,Renault
18,3,SAI,19,0,12,12,7,0,61,25.7,16.7,0.0,3.9,46.8,1021.9,137.0,H,3,Baku,Renault
19,3,SAI,20,0,12,12,7,0,61,25.4,16.4,0.0,2.0,47.5,1021.9,62.0,H,4,Baku,Renault
20,3,SAI,21,1,12,12,7,0,62,25.1,16.5,0.0,2.9,47.1,1022.0,274.0,H,5,Baku,Renault
21,3,SAI,22,0,12,12,7,0,62,24.9,16.5,0.0,2.8,46.8,1022.0,69.0,H,6,Baku,Renault
22,3,SAI,23,0,12,11,7,0,62,24.9,16.5,0.0,2.0,46.4,1022.0,11.0,H,7,Baku,Renault
23,3,SAI,24,0,11,10,7,0,62,24.7,16.6,0.0,2.4,46.3,1022.2,28.0,H,8,Baku,Renault
24,3,SAI,25,0,10,9,7,0,62,24.7,16.5,0.0,1.7,46.2,1022.0,356.0,H,9,Baku,Renault
25,3,SAI,26,0,9,8,7,0,63,24.6,16.5,0.0,2.7,46.2,1022.0,50.0,H,10,Baku,Renault
26,3,SAI,27,0,8,9,7,0,63,24.3,16.3,0.0,1.2,46.9,1021.9,231.0,H,11,Baku,Renault
27,3,SAI,28,0,9,9,7,0,63,24.4,16.4,0.0,2.0,46.7,1022.1,112.0,H,12,Baku,Renault
28,3,SAI,29,0,9,9,7,0,63,24.4,16.6,0.0,2.2,46.0,1021.8,298.0,H,13,Baku,Renault
29,3,SAI,30,0,9,9,7,0,64,24.4,16.5,0.0,2.1,46.0,1022.1,255.0,H,14,Baku,Renault
30,3,SAI,31,0,9,9,7,0,64,24.3,16.5,0.0,2.9,45.8,1022.1,65.0,H,15,Baku,Renault
31,3,SAI,32,0,9,9,7,0,64,24.3,16.5,0.0,2.9,45.8,1022.1,65.0,H,16,Baku,Renault
32,3,SAI,33,0,9,9,7,0,64,24.3,16.4,0.0,2.2,45.9,1022.1,64.0,H,17,Baku,Renault
33,3,SAI,34,0,9,9,7,0,65,24.2,16.5,0.0,1.6,45.6,1022.2,335.0,H,18,Baku,Renault
34,3,SAI,35,0,9,9,7,0,65,24.1,16.5,0.0,2.9,45.3,1021.9,50.0,H,19,Baku,Renault
35,3,SAI,36,0,9,9,7,0,65,23.9,16.4,0.0,2.6,45.3,1022.1,113.0,H,20,Baku,Renault
36,3,SAI,37,0,9,9,7,0,65,23.9,16.6,0.0,2.5,44.6,1022.0,215.0,H,21,Baku,Renault
37,3,SAI,38,0,9,9,7,0,65,24.1,16.5,0.0,2.3,44.3,1022.0,331.0,H,22,Baku,Renault
38,3,SAI,39,0,9,9,7,0,66,23.9,16.6,0.0,2.0,44.0,1022.1,17.0,H,23,Baku,Renault
39,3,SAI,40,2,9,7,7,0,66,23.4,16.6,0.0,2.5,43.3,1022.1,263.0,H,24,Baku,Renault
40,3,SAI,41,2,7,7,7,0,66,23.7,16.6,0.0,2.0,43.7,1022.1,95.0,S,3,Baku,Renault
41,3,SAI,42,2,7,7,7,0,66,23.5,16.6,0.0,1.2,43.0,1022.1,227.0,S,4,Baku,Renault
42,3,SAI,43,2,7,6,7,0,67,23.6,16.6,0.0,1.6,42.7,1022.0,313.0,S,5,Baku,Renault
43,3,SAI,44,2,6,6,7,0,66,23.6,16.6,0.0,1.4,42.8,1022.2,272.0,S,6,Baku,Renault
44,3,SAI,45,2,6,6,7,0,66,23.6,16.6,0.0,1.2,42.6,1022.0,233.0,S,7,Baku,Renault
45,3,SAI,46,2,6,6,7,0,66,23.6,16.7,0.0,1.8,42.7,1022.0,79.0,S,8,Baku,Renault
46,3,SAI,47,2,6,6,7,0,66,23.7,16.7,0.0,2.5,43.1,1021.9,165.0,S,9,Baku,Renault
47,3,SAI,48,0,6,7,7,0,66,23.9,16.9,0.0,1.0,42.2,1022.1,82.0,S,10,Baku,Renault
48,3,SAI,49,1,7,5,7,0,66,23.9,16.8,0.0,2.1,42.7,1022.1,68.0,S,11,Baku,Renault
49,3,SAI,50,1,5,5,7,0,66,23.7,16.6,0.0,2.6,43.2,1022.1,51.0,S,12,Baku,Renault
50,3,SAI,51,0,5,5,7,0,66,23.7,16.7,0.0,1.6,43.4,1022.3,7.0,S,13,Baku,Renault
0,3,STR,1,2,8,8,8,0,47,27.7,17.1,0.0,3.0,46.6,1021.8,92.0,M,0,Baku,Williams
1,3,STR,2,2,8,7,8,0,45,28.0,17.0,0.0,2.8,46.5,1021.7,71.0,M,1,Baku,Williams
2,3,STR,3,2,7,7,8,0,41,27.8,17.0,0.0,3.3,47.1,1021.8,10.0,M,2,Baku,Williams
3,3,STR,4,2,7,7,8,0,41,27.7,16.9,0.0,1.9,47.1,1021.7,275.0,M,3,Baku,Williams
4,3,STR,5,2,7,8,8,0,41,27.5,16.7,0.0,1.9,47.8,1021.6,46.0,M,4,Baku,Williams
5,3,STR,6,0,8,9,8,0,41,27.5,16.9,0.0,2.3,47.5,1021.8,87.0,M,5,Baku,Williams
6,3,STR,7,0,9,10,8,0,42,27.2,16.8,0.0,1.6,47.4,1021.7,6.0,M,6,Baku,Williams
7,3,STR,8,0,10,7,8,0,44,27.2,16.8,0.0,3.6,46.9,1021.5,31.0,M,7,Baku,Williams
8,3,STR,9,0,7,8,8,0,44,26.8,16.6,0.0,1.7,47.5,1021.8,286.0,M,8,Baku,Williams
9,3,STR,10,1,8,8,8,0,45,26.5,16.8,0.0,2.0,47.1,1021.7,74.0,M,9,Baku,Williams
10,3,STR,11,1,8,8,8,0,45,26.5,16.8,0.0,2.0,47.1,1021.7,74.0,M,10,Baku,Williams
11,3,STR,12,0,8,8,8,0,46,26.3,16.8,0.0,2.5,46.8,1021.7,314.0,M,11,Baku,Williams
12,3,STR,13,0,8,8,8,0,46,26.2,16.8,0.0,1.9,46.7,1021.7,79.0,M,12,Baku,Williams
13,3,STR,14,0,8,8,8,0,46,25.7,16.6,0.0,2.0,47.5,1021.8,27.0,M,13,Baku,Williams
14,3,STR,15,1,8,8,8,0,47,25.7,16.6,0.0,2.0,47.5,1021.8,27.0,M,14,Baku,Williams
15,3,STR,16,0,8,8,8,0,47,25.7,16.7,0.0,3.9,46.8,1021.9,137.0,M,15,Baku,Williams
16,3,STR,17,0,8,8,8,0,47,25.4,16.5,0.0,2.8,47.4,1021.8,279.0,M,16,Baku,Williams
17,3,STR,18,1,8,8,8,0,47,25.4,16.4,0.0,2.0,47.5,1021.9,62.0,M,17,Baku,Williams
18,3,STR,19,0,8,8,8,0,48,25.1,16.5,0.0,2.9,47.1,1022.0,274.0,M,18,Baku,Williams
19,3,STR,20,0,8,8,8,0,48,25.1,16.5,0.0,1.4,47.1,1022.0,326.0,M,19,Baku,Williams
20,3,STR,21,1,8,9,8,0,48,25.0,16.4,0.0,2.1,46.9,1021.9,49.0,M,20,Baku,Williams
21,3,STR,22,0,9,9,8,0,49,25.0,16.4,0.0,2.0,47.1,1022.2,100.0,M,21,Baku,Williams
22,3,STR,23,0,9,10,8,0,49,24.9,16.5,0.0,2.0,46.4,1022.0,11.0,M,22,Baku,Williams
23,3,STR,24,0,10,12,8,0,49,24.9,16.4,0.0,1.6,46.5,1021.8,305.0,H,0,Baku,Williams
24,3,STR,25,0,12,12,8,0,49,24.7,16.6,0.0,2.4,46.3,1022.2,28.0,H,1,Baku,Williams
25,3,STR,26,0,12,12,8,0,50,24.7,16.5,0.0,1.9,46.0,1022.0,342.0,H,2,Baku,Williams
26,3,STR,27,0,12,12,8,0,51,24.7,16.5,0.0,1.7,46.2,1022.0,356.0,H,3,Baku,Williams
27,3,STR,28,0,12,11,8,0,51,24.4,16.6,0.0,2.2,46.0,1021.8,298.0,H,4,Baku,Williams
28,3,STR,29,0,11,11,8,0,52,24.4,16.5,0.0,2.1,46.0,1022.1,255.0,H,5,Baku,Williams
29,3,STR,30,0,11,11,8,0,53,24.3,16.5,0.0,2.9,45.8,1022.1,65.0,H,6,Baku,Williams
30,3,STR,31,0,11,11,8,0,54,24.3,16.4,0.0,2.2,45.9,1022.1,64.0,H,7,Baku,Williams
31,3,STR,32,0,11,11,8,0,55,24.2,16.5,0.0,1.6,45.6,1022.2,335.0,H,8,Baku,Williams
32,3,STR,33,0,11,11,8,0,55,24.1,16.5,0.0,2.9,45.3,1021.9,50.0,H,9,Baku,Williams
33,3,STR,34,0,11,11,8,0,56,24.1,16.5,0.0,2.9,45.3,1021.9,50.0,H,10,Baku,Williams
34,3,STR,35,0,11,11,8,0,57,23.9,16.4,0.0,2.6,45.3,1022.1,113.0,H,11,Baku,Williams
35,3,STR,36,0,11,11,8,0,57,23.9,16.5,0.0,2.4,45.3,1022.1,225.0,H,12,Baku,Williams
36,3,STR,37,0,11,11,8,0,58,23.9,16.6,0.0,2.5,44.6,1022.0,215.0,H,13,Baku,Williams
37,3,STR,38,0,11,11,8,0,58,23.8,16.6,0.0,1.5,44.7,1021.9,295.0,H,14,Baku,Williams
38,3,STR,39,0,11,11,8,0,59,24.1,16.5,0.0,2.3,44.3,1022.0,331.0,H,15,Baku,Williams
39,3,STR,40,2,11,9,8,0,59,23.9,16.6,0.0,2.0,44.0,1022.1,17.0,H,16,Baku,Williams
40,3,STR,41,2,9,9,8,0,59,23.7,16.5,0.0,2.4,44.0,1022.1,28.0,S,0,Baku,Williams
41,3,STR,42,2,9,9,8,0,59,23.7,16.6,0.0,2.0,43.7,1022.1,95.0,S,1,Baku,Williams
42,3,STR,43,2,9,8,8,0,59,23.6,16.6,0.0,1.5,42.9,1022.1,12.0,S,2,Baku,Williams
43,3,STR,44,2,8,8,8,0,59,23.6,16.8,0.0,2.2,42.4,1022.1,49.0,S,3,Baku,Williams
44,3,STR,45,2,8,8,8,0,59,23.6,16.7,0.0,2.4,42.7,1022.1,45.0,S,4,Baku,Williams
45,3,STR,46,2,8,8,8,0,59,23.6,16.7,0.0,1.8,42.7,1022.0,79.0,S,5,Baku,Williams
46,3,STR,47,2,8,8,8,0,59,23.7,16.7,0.0,2.5,43.1,1021.9,165.0,S,6,Baku,Williams
47,3,STR,48,0,8,9,8,0,58,23.9,16.9,0.0,1.0,42.2,1022.1,82.0,S,7,Baku,Williams
48,3,STR,49,1,9,7,8,0,58,23.7,16.7,0.0,1.8,42.8,1022.1,34.0,S,8,Baku,Williams
49,3,STR,50,1,7,7,8,0,59,23.7,16.7,0.0,1.3,42.6,1022.3,43.0,S,9,Baku,Williams
50,3,STR,51,0,7,8,8,0,59,23.6,16.6,0.0,1.8,43.3,1022.1,150.0,S,10,Baku,Williams
0,3,ALO,1,2,16,16,16,0,38,27.7,17.1,0.0,3.0,46.6,1021.8,92.0,M,0,Baku,McLaren
1,3,ALO,2,2,16,17,16,0,44,28.0,17.0,0.0,2.8,46.5,1021.7,71.0,H,0,Baku,McLaren
2,3,ALO,3,2,17,17,16,0,52,28.0,17.0,0.0,3.2,46.5,1021.5,62.0,H,1,Baku,McLaren
3,3,ALO,4,2,17,17,16,0,52,27.7,16.9,0.0,1.9,47.1,1021.7,275.0,H,2,Baku,McLaren
4,3,ALO,5,2,17,17,16,0,51,27.5,16.8,0.0,2.2,47.4,1021.5,58.0,H,3,Baku,McLaren
5,3,ALO,6,0,17,17,16,0,50,27.5,16.7,0.0,1.9,47.8,1021.6,46.0,H,4,Baku,McLaren
6,3,ALO,7,0,17,16,16,0,50,27.7,16.8,0.0,3.2,47.6,1021.8,84.0,H,5,Baku,McLaren
7,3,ALO,8,0,16,14,16,0,51,27.5,16.9,0.0,2.3,47.5,1021.8,87.0,H,6,Baku,McLaren
8,3,ALO,9,0,14,15,16,0,52,27.2,16.8,0.0,1.7,47.5,1021.7,225.0,H,7,Baku,McLaren
9,3,ALO,10,1,15,14,16,0,53,27.2,16.8,0.0,3.6,46.9,1021.5,31.0,H,8,Baku,McLaren
10,3,ALO,11,1,14,12,16,0,53,26.9,16.9,0.0,2.7,46.7,1021.8,68.0,H,9,Baku,McLaren
11,3,ALO,12,0,12,12,16,0,53,26.7,16.5,0.0,2.2,47.2,1021.5,228.0,H,10,Baku,McLaren
12,3,ALO,13,0,12,12,16,0,54,26.7,16.5,0.0,2.2,47.2,1021.5,228.0,H,11,Baku,McLaren
13,3,ALO,14,0,12,12,16,0,54,26.7,16.7,0.0,2.8,46.9,1021.6,49.0,H,12,Baku,McLaren
14,3,ALO,15,1,12,12,16,0,55,26.1,16.7,0.0,3.2,46.9,1021.7,53.0,H,13,Baku,McLaren
15,3,ALO,16,0,12,11,16,0,55,26.0,16.7,0.0,2.2,46.8,1021.8,22.0,H,14,Baku,McLaren
16,3,ALO,17,0,11,11,16,0,55,25.7,16.7,0.0,3.9,46.8,1021.9,137.0,H,15,Baku,McLaren
17,3,ALO,18,1,11,11,16,0,56,25.5,16.5,0.0,3.5,47.5,1021.8,45.0,H,16,Baku,McLaren
18,3,ALO,19,0,11,11,16,0,56,25.4,16.4,0.0,2.0,47.5,1021.9,62.0,H,17,Baku,McLaren
19,3,ALO,20,0,11,11,16,0,57,25.3,16.5,0.0,2.4,46.8,1021.8,38.0,H,18,Baku,McLaren
20,3,ALO,21,1,11,11,16,0,57,25.1,16.5,0.0,2.9,47.1,1022.0,274.0,H,19,Baku,McLaren
21,3,ALO,22,0,11,11,16,0,57,25.1,16.4,0.0,2.0,46.9,1022.1,96.0,H,20,Baku,McLaren
22,3,ALO,23,0,11,12,16,0,57,25.0,16.4,0.0,2.0,47.1,1022.2,100.0,H,21,Baku,McLaren
23,3,ALO,24,0,12,11,16,0,57,24.9,16.5,0.0,2.8,46.8,1022.0,69.0,H,22,Baku,McLaren
24,3,ALO,25,0,11,10,16,0,57,24.9,16.5,0.0,2.8,46.8,1022.0,69.0,H,23,Baku,McLaren
25,3,ALO,26,0,10,10,16,0,57,24.7,16.6,0.0,2.4,46.3,1022.2,28.0,H,24,Baku,McLaren
26,3,ALO,27,0,10,11,16,0,57,24.7,16.5,0.0,1.7,46.2,1022.0,356.0,H,25,Baku,McLaren
27,3,ALO,28,0,11,12,16,0,57,24.6,16.5,0.0,2.7,46.2,1022.0,50.0,H,26,Baku,McLaren
28,3,ALO,29,0,12,12,16,0,57,24.3,16.3,0.0,1.2,46.9,1021.9,231.0,H,27,Baku,McLaren
29,3,ALO,30,0,12,12,16,0,57,24.4,16.4,0.0,2.0,46.7,1022.1,112.0,H,28,Baku,McLaren
30,3,ALO,31,0,12,12,16,0,57,24.4,16.6,0.0,2.2,46.0,1021.8,298.0,H,29,Baku,McLaren
31,3,ALO,32,0,12,12,16,0,57,24.4,16.5,0.0,2.1,46.0,1022.1,255.0,H,30,Baku,McLaren
32,3,ALO,33,0,12,12,16,0,57,24.2,16.5,0.0,1.6,45.6,1022.2,335.0,H,31,Baku,McLaren
33,3,ALO,34,0,12,12,16,0,57,24.1,16.5,0.0,2.9,45.3,1021.9,50.0,H,32,Baku,McLaren
34,3,ALO,35,0,12,12,16,0,57,23.9,16.5,0.0,2.4,45.3,1022.1,225.0,H,33,Baku,McLaren
35,3,ALO,36,0,12,12,16,0,57,23.9,16.6,0.0,2.5,44.6,1022.0,215.0,H,34,Baku,McLaren
36,3,ALO,37,0,12,12,16,0,57,23.8,16.6,0.0,1.5,44.7,1021.9,295.0,H,35,Baku,McLaren
37,3,ALO,38,0,12,12,16,0,57,23.9,16.6,0.0,2.5,43.7,1022.1,354.0,H,36,Baku,McLaren
38,3,ALO,39,0,12,12,16,0,57,23.7,16.5,0.0,2.4,44.1,1022.0,37.0,H,37,Baku,McLaren
39,3,ALO,40,2,12,10,16,0,57,23.7,16.5,0.0,2.4,44.1,1022.0,37.0,H,38,Baku,McLaren
40,3,ALO,41,2,10,10,16,0,57,23.5,16.6,0.0,1.2,43.0,1022.1,227.0,S,4,Baku,McLaren
41,3,ALO,42,2,10,10,16,0,57,23.5,16.6,0.0,1.2,43.0,1022.1,227.0,S,5,Baku,McLaren
42,3,ALO,43,2,10,9,16,0,58,23.6,16.6,0.0,1.6,42.7,1022.0,313.0,S,6,Baku,McLaren
43,3,ALO,44,2,9,9,16,0,57,23.6,16.7,0.0,2.4,42.7,1022.1,45.0,S,7,Baku,McLaren
44,3,ALO,45,2,9,9,16,0,57,23.6,16.7,0.0,1.8,42.7,1022.0,79.0,S,8,Baku,McLaren
45,3,ALO,46,2,9,9,16,0,57,23.9,16.9,0.0,1.0,42.2,1022.1,82.0,S,9,Baku,McLaren
46,3,ALO,47,2,9,9,16,0,57,23.9,16.9,0.0,1.0,42.2,1022.1,82.0,S,10,Baku,McLaren
47,3,ALO,48,0,9,8,16,0,57,23.9,16.8,0.0,2.1,42.7,1022.1,68.0,S,11,Baku,McLaren
48,3,ALO,49,1,8,6,16,0,57,23.7,16.7,0.0,1.3,42.6,1022.3,43.0,S,12,Baku,McLaren
49,3,ALO,50,1,6,8,16,0,57,23.7,16.7,0.0,1.3,42.6,1022.3,43.0,S,13,Baku,McLaren
50,3,ALO,51,0,8,7,16,0,57,23.7,16.7,0.0,1.6,43.4,1022.3,7.0,S,14,Baku,McLaren
0,3,LEC,1,2,12,12,12,0,41,28.0,17.0,0.0,2.8,46.5,1021.7,71.0,M,0,Baku,Sauber
1,3,LEC,2,2,12,11,12,0,44,27.7,16.9,0.0,1.9,47.1,1021.7,275.0,M,1,Baku,Sauber
2,3,LEC,3,2,11,10,12,0,40,27.5,16.7,0.0,1.9,47.8,1021.6,46.0,M,2,Baku,Sauber
3,3,LEC,4,2,10,10,12,0,41,27.2,16.8,0.0,1.7,47.5,1021.7,225.0,M,3,Baku,Sauber
4,3,LEC,5,2,10,10,12,0,41,27.2,16.8,0.0,3.6,46.9,1021.5,31.0,M,4,Baku,Sauber
5,3,LEC,6,0,10,10,12,0,41,26.9,16.9,0.0,2.7,46.7,1021.8,68.0,M,5,Baku,Sauber
6,3,LEC,7,0,10,9,12,0,41,26.8,16.6,0.0,1.7,47.5,1021.8,286.0,M,6,Baku,Sauber
7,3,LEC,8,0,9,8,12,0,42,26.5,16.8,0.0,2.0,47.1,1021.7,74.0,M,7,Baku,Sauber
8,3,LEC,9,0,8,9,12,0,43,26.2,16.8,0.0,1.9,46.7,1021.7,79.0,M,8,Baku,Sauber
9,3,LEC,10,1,9,9,12,0,43,26.0,16.7,0.0,2.2,46.8,1021.8,22.0,M,9,Baku,Sauber
10,3,LEC,11,1,9,7,12,0,43,25.8,16.7,0.0,2.4,47.3,1022.2,230.0,M,10,Baku,Sauber
11,3,LEC,12,0,7,7,12,0,43,25.7,16.6,0.0,2.0,47.5,1021.8,27.0,M,11,Baku,Sauber
12,3,LEC,13,0,7,7,12,0,44,25.7,16.7,0.0,2.8,47.4,1021.7,76.0,M,12,Baku,Sauber
13,3,LEC,14,0,7,7,12,0,44,25.7,16.7,0.0,3.9,46.8,1021.9,137.0,M,13,Baku,Sauber
14,3,LEC,15,1,7,6,12,0,44,25.6,16.7,0.0,2.1,47.3,1021.6,62.0,M,14,Baku,Sauber
15,3,LEC,16,0,6,6,12,0,45,25.5,16.5,0.0,3.5,47.5,1021.8,45.0,M,15,Baku,Sauber
16,3,LEC,17,0,6,7,12,0,45,25.4,16.5,0.0,2.8,47.4,1021.8,279.0,M,16,Baku,Sauber
17,3,LEC,18,1,7,7,12,0,45,25.3,16.5,0.0,2.7,47.1,1022.0,25.0,M,17,Baku,Sauber
18,3,LEC,19,0,7,7,12,0,45,25.1,16.5,0.0,2.9,47.1,1022.0,274.0,M,18,Baku,Sauber
19,3,LEC,20,0,7,7,12,0,46,25.1,16.4,0.0,2.0,46.9,1022.1,96.0,M,19,Baku,Sauber
20,3,LEC,21,1,7,7,12,0,46,25.0,16.4,0.0,2.0,47.1,1022.2,100.0,M,20,Baku,Sauber
21,3,LEC,22,0,7,7,12,0,46,24.9,16.5,0.0,2.8,46.8,1022.0,69.0,M,21,Baku,Sauber
22,3,LEC,23,0,7,7,12,0,47,24.9,16.5,0.0,2.0,46.4,1022.0,11.0,M,22,Baku,Sauber
23,3,LEC,24,0,7,8,12,0,47,24.7,16.6,0.0,2.4,46.3,1022.2,28.0,M,23,Baku,Sauber
24,3,LEC,25,0,8,11,12,0,47,24.7,16.5,0.0,1.9,46.0,1022.0,342.0,H,0,Baku,Sauber
25,3,LEC,26,0,11,9,12,0,47,24.7,16.5,0.0,2.1,46.4,1022.0,44.0,H,1,Baku,Sauber
26,3,LEC,27,0,9,10,12,0,47,24.5,16.4,0.0,2.4,46.8,1022.3,68.0,H,2,Baku,Sauber
27,3,LEC,28,0,10,10,12,0,47,24.4,16.4,0.0,2.0,46.7,1022.1,112.0,H,3,Baku,Sauber
28,3,LEC,29,0,10,10,12,0,48,24.4,16.6,0.0,2.2,46.0,1021.8,298.0,H,4,Baku,Sauber
29,3,LEC,30,0,10,10,12,0,48,24.4,16.5,0.0,2.1,46.0,1022.1,255.0,H,5,Baku,Sauber
30,3,LEC,31,0,10,10,12,0,48,24.3,16.5,0.0,2.9,45.8,1022.1,65.0,H,6,Baku,Sauber
31,3,LEC,32,0,10,10,12,0,48,24.3,16.4,0.0,2.2,45.9,1022.1,64.0,H,7,Baku,Sauber
32,3,LEC,33,0,10,10,12,0,48,24.1,16.5,0.0,2.9,45.3,1021.9,50.0,H,8,Baku,Sauber
33,3,LEC,34,0,10,10,12,0,48,23.9,16.4,0.0,2.6,45.3,1022.1,113.0,H,9,Baku,Sauber
34,3,LEC,35,0,10,10,12,0,49,23.9,16.5,0.0,2.4,45.3,1022.1,225.0,H,10,Baku,Sauber
35,3,LEC,36,0,10,10,12,0,49,23.8,16.6,0.0,1.5,44.7,1021.9,295.0,H,11,Baku,Sauber
36,3,LEC,37,0,10,10,12,0,49,23.9,16.6,0.0,2.5,43.7,1022.1,354.0,H,12,Baku,Sauber
37,3,LEC,38,0,10,10,12,0,49,23.7,16.5,0.0,2.4,44.0,1022.1,28.0,H,13,Baku,Sauber
38,3,LEC,39,0,10,10,12,0,49,23.7,16.5,0.0,2.4,44.1,1022.0,37.0,H,14,Baku,Sauber
39,3,LEC,40,2,10,8,12,0,49,23.4,16.6,0.0,2.5,43.3,1022.1,263.0,H,15,Baku,Sauber
40,3,LEC,41,2,8,8,12,0,49,23.7,16.6,0.0,2.0,43.7,1022.1,95.0,S,0,Baku,Sauber
41,3,LEC,42,2,8,8,12,0,49,23.7,16.6,0.0,3.4,43.3,1022.2,55.0,S,1,Baku,Sauber
42,3,LEC,43,2,8,7,12,0,49,23.5,16.6,0.0,1.2,43.0,1022.1,227.0,S,2,Baku,Sauber
43,3,LEC,44,2,7,7,12,0,49,23.6,16.6,0.0,1.4,42.8,1022.2,272.0,S,3,Baku,Sauber
44,3,LEC,45,2,7,7,12,0,49,23.6,16.7,0.0,1.9,42.7,1022.1,102.0,S,4,Baku,Sauber
45,3,LEC,46,2,7,7,12,0,49,23.6,16.7,0.0,1.8,42.7,1022.0,79.0,S,5,Baku,Sauber
46,3,LEC,47,2,7,7,12,0,49,23.7,16.7,0.0,2.5,43.1,1021.9,165.0,S,6,Baku,Sauber
47,3,LEC,48,0,7,6,12,0,48,23.9,16.8,0.0,2.1,42.7,1022.1,68.0,S,7,Baku,Sauber
48,3,LEC,49,1,6,6,12,0,49,23.7,16.7,0.0,1.3,42.6,1022.3,43.0,S,8,Baku,Sauber
49,3,LEC,50,1,6,6,12,0,49,23.7,16.6,0.0,2.6,43.2,1022.1,51.0,S,9,Baku,Sauber
50,3,LEC,51,0,6,6,12,0,49,23.7,16.7,0.0,1.6,43.4,1022.3,7.0,S,10,Baku,Sauber
0,3,HUL,1,2,10,10,10,0,59,25.8,16.7,0.0,2.4,47.3,1022.2,230.0,S,3,Baku,Renault
1,3,HUL,2,2,10,8,10,0,59,25.6,16.7,0.0,2.1,47.3,1021.6,62.0,S,4,Baku,Renault
2,3,HUL,3,2,8,8,10,0,58,25.1,16.5,0.0,2.9,47.1,1022.0,274.0,S,5,Baku,Renault
3,3,HUL,4,2,8,8,10,0,58,23.9,16.4,0.0,2.6,45.3,1022.1,113.0,S,6,Baku,Renault
4,3,HUL,5,2,8,7,10,0,58,23.7,16.5,0.0,2.4,44.1,1022.0,37.0,S,7,Baku,Renault
5,3,HUL,6,0,7,8,10,0,57,23.7,16.6,0.0,3.4,43.3,1022.2,55.0,S,8,Baku,Renault
6,3,HUL,7,0,8,7,10,0,56,23.5,16.6,0.0,1.2,43.0,1022.1,227.0,S,9,Baku,Renault
7,3,HUL,8,0,7,6,10,0,56,23.6,16.8,0.0,2.2,42.4,1022.1,49.0,S,10,Baku,Renault
8,3,HUL,9,0,6,5,10,0,56,23.6,16.7,0.0,1.8,42.7,1022.0,79.0,S,11,Baku,Renault
9,3,HUL,10,1,5,5,10,1,55,23.9,16.9,0.0,1.0,42.2,1022.1,82.0,S,12,Baku,Renault
0,3,MAG,1,2,17,17,17,0,29,27.9,17.1,0.0,3.4,46.1,1021.6,64.0,M,0,Baku,Haas F1 Team
1,3,MAG,2,2,17,16,17,0,25,28.0,17.0,0.0,2.8,46.5,1021.7,71.0,H,0,Baku,Haas F1 Team
2,3,MAG,3,2,16,16,17,0,36,27.5,16.8,0.0,2.2,47.4,1021.5,58.0,H,1,Baku,Haas F1 Team
3,3,MAG,4,2,16,16,17,0,39,27.5,16.7,0.0,1.9,47.8,1021.6,46.0,H,2,Baku,Haas F1 Team
4,3,MAG,5,2,16,16,17,0,39,27.7,16.8,0.0,3.2,47.6,1021.8,84.0,H,3,Baku,Haas F1 Team
5,3,MAG,6,0,16,16,17,0,38,27.5,16.9,0.0,2.3,47.5,1021.8,87.0,H,4,Baku,Haas F1 Team
6,3,MAG,7,0,16,17,17,0,39,27.2,16.8,0.0,1.7,47.5,1021.7,225.0,H,5,Baku,Haas F1 Team
7,3,MAG,8,0,17,15,17,0,39,26.9,16.8,0.0,3.0,46.9,1021.5,335.0,H,6,Baku,Haas F1 Team
8,3,MAG,9,0,15,17,17,0,40,26.8,16.6,0.0,1.7,47.5,1021.8,286.0,H,7,Baku,Haas F1 Team
9,3,MAG,10,1,17,17,17,0,41,26.7,16.7,0.0,2.8,46.9,1021.6,49.0,H,8,Baku,Haas F1 Team
10,3,MAG,11,1,17,17,17,0,41,26.5,16.8,0.0,2.0,47.1,1021.7,74.0,H,9,Baku,Haas F1 Team
11,3,MAG,12,0,17,17,17,0,41,26.4,16.8,0.0,2.2,47.1,1021.8,80.0,H,10,Baku,Haas F1 Team
12,3,MAG,13,0,17,16,17,0,42,26.3,16.8,0.0,2.5,46.8,1021.7,314.0,H,11,Baku,Haas F1 Team
13,3,MAG,14,0,16,16,17,0,42,26.2,16.8,0.0,1.9,46.7,1021.7,79.0,H,12,Baku,Haas F1 Team
14,3,MAG,15,1,16,16,17,0,42,25.7,16.6,0.0,2.0,47.5,1021.8,27.0,H,13,Baku,Haas F1 Team
15,3,MAG,16,0,16,16,17,0,43,25.7,16.6,0.0,2.0,47.5,1021.8,27.0,H,14,Baku,Haas F1 Team
16,3,MAG,17,0,16,16,17,0,43,25.4,16.5,0.0,2.8,47.4,1021.8,279.0,H,15,Baku,Haas F1 Team
17,3,MAG,18,1,16,14,17,0,43,25.3,16.5,0.0,2.4,46.8,1021.8,38.0,H,16,Baku,Haas F1 Team
18,3,MAG,19,0,14,14,17,0,44,25.3,16.5,0.0,1.6,47.5,1021.9,71.0,H,17,Baku,Haas F1 Team
19,3,MAG,20,0,14,14,17,0,44,25.0,16.4,0.0,2.1,46.9,1021.9,49.0,H,18,Baku,Haas F1 Team
20,3,MAG,21,1,14,14,17,0,44,25.0,16.5,0.0,3.1,46.9,1021.9,90.0,H,19,Baku,Haas F1 Team
21,3,MAG,22,0,14,13,17,0,44,24.9,16.5,0.0,2.8,46.8,1022.0,69.0,H,20,Baku,Haas F1 Team
22,3,MAG,23,0,13,13,17,0,45,24.9,16.4,0.0,1.6,46.5,1021.8,305.0,H,21,Baku,Haas F1 Team
23,3,MAG,24,0,13,13,17,0,45,24.7,16.5,0.0,1.9,46.0,1022.0,342.0,H,22,Baku,Haas F1 Team
24,3,MAG,25,0,13,13,17,0,45,24.7,16.5,0.0,2.1,46.4,1022.0,44.0,H,23,Baku,Haas F1 Team
25,3,MAG,26,0,13,13,17,0,45,24.6,16.5,0.0,2.7,46.2,1022.0,50.0,H,24,Baku,Haas F1 Team
26,3,MAG,27,0,13,13,17,0,46,24.4,16.4,0.0,2.0,46.7,1022.1,112.0,H,25,Baku,Haas F1 Team
27,3,MAG,28,0,13,13,17,0,46,24.2,16.5,0.0,1.6,45.6,1022.2,335.0,H,26,Baku,Haas F1 Team
28,3,MAG,29,0,13,13,17,0,46,24.1,16.5,0.0,2.9,45.3,1021.9,50.0,H,27,Baku,Haas F1 Team
29,3,MAG,30,0,13,13,17,0,47,23.9,16.4,0.0,2.6,45.3,1022.1,113.0,H,28,Baku,Haas F1 Team
30,3,MAG,31,0,13,13,17,0,47,23.9,16.6,0.0,2.5,44.6,1022.0,215.0,H,29,Baku,Haas F1 Team
31,3,MAG,32,0,13,13,17,0,47,24.1,16.5,0.0,2.3,44.3,1022.0,331.0,H,30,Baku,Haas F1 Team
32,3,MAG,33,0,13,13,17,0,47,23.9,16.6,0.0,2.0,44.0,1022.1,17.0,H,31,Baku,Haas F1 Team
33,3,MAG,34,0,13,13,17,0,47,23.7,16.5,0.0,2.4,44.1,1022.0,37.0,H,32,Baku,Haas F1 Team
34,3,MAG,35,0,13,13,17,0,48,23.7,16.5,0.0,1.4,43.6,1022.2,86.0,H,33,Baku,Haas F1 Team
35,3,MAG,36,0,13,13,17,0,48,23.5,16.6,0.0,1.2,43.0,1022.1,227.0,H,34,Baku,Haas F1 Team
36,3,MAG,37,0,13,13,17,0,48,23.5,16.6,0.0,1.2,43.0,1022.1,227.0,H,35,Baku,Haas F1 Team
37,3,MAG,38,0,13,13,17,0,48,23.6,16.6,0.0,1.5,42.9,1022.1,12.0,H,36,Baku,Haas F1 Team
38,3,MAG,39,0,13,13,17,0,48,23.6,16.6,0.0,1.4,42.8,1022.2,272.0,H,37,Baku,Haas F1 Team
39,3,MAG,40,2,13,11,17,0,48,23.6,16.8,0.0,2.2,42.4,1022.1,49.0,S,0,Baku,Haas F1 Team
40,3,MAG,41,2,11,11,17,0,48,23.6,16.6,0.0,1.2,42.6,1022.0,233.0,S,1,Baku,Haas F1 Team
41,3,MAG,42,2,11,11,17,0,48,23.6,16.7,0.0,1.9,42.7,1022.1,102.0,S,2,Baku,Haas F1 Team
42,3,MAG,43,2,11,10,17,0,49,23.6,16.7,0.0,2.4,42.7,1022.1,45.0,S,3,Baku,Haas F1 Team
43,3,MAG,44,2,10,10,17,0,49,23.6,16.7,0.0,1.8,42.7,1022.0,79.0,S,4,Baku,Haas F1 Team
44,3,MAG,45,2,10,10,17,0,49,23.7,16.7,0.0,2.5,43.1,1021.9,165.0,S,5,Baku,Haas F1 Team
45,3,MAG,46,2,10,10,17,0,49,23.9,16.9,0.0,1.0,42.2,1022.1,82.0,S,6,Baku,Haas F1 Team
46,3,MAG,47,2,10,10,17,0,49,23.9,16.9,0.0,1.0,42.2,1022.1,82.0,S,7,Baku,Haas F1 Team
47,3,MAG,48,0,10,14,17,0,48,23.9,16.8,0.0,2.1,42.7,1022.1,68.0,S,8,Baku,Haas F1 Team
48,3,MAG,49,1,14,12,17,0,48,23.7,16.7,0.0,1.3,42.6,1022.3,43.0,S,9,Baku,Haas F1 Team
49,3,MAG,50,1,12,13,17,0,49,23.6,16.6,0.0,1.8,43.3,1022.1,150.0,S,10,Baku,Haas F1 Team
50,3,MAG,51,0,13,13,17,0,49,23.7,16.7,0.0,1.6,43.4,1022.3,7.0,S,11,Baku,Haas F1 Team
0,3,VAN,1,2,13,13,13,0,70,27.7,17.1,0.0,3.0,46.6,1021.8,92.0,M,0,Baku,McLaren
1,3,VAN,2,2,13,12,13,0,69,28.0,17.0,0.0,2.8,46.5,1021.7,71.0,M,1,Baku,McLaren
2,3,VAN,3,2,12,11,13,0,67,27.8,16.8,0.0,2.5,47.4,1021.6,89.0,M,2,Baku,McLaren
3,3,VAN,4,2,11,11,13,0,68,27.5,16.7,0.0,1.9,47.8,1021.6,46.0,M,3,Baku,McLaren
4,3,VAN,5,2,11,11,13,0,68,27.7,16.8,0.0,3.2,47.6,1021.8,84.0,M,4,Baku,McLaren
5,3,VAN,6,0,11,12,13,0,67,27.2,16.8,0.0,1.6,47.4,1021.7,6.0,M,5,Baku,McLaren
6,3,VAN,7,0,12,13,13,0,68,27.2,16.8,0.0,3.6,46.9,1021.5,31.0,M,6,Baku,McLaren
7,3,VAN,8,0,13,12,13,0,69,27.1,16.8,0.0,2.9,47.1,1021.6,69.0,M,7,Baku,McLaren
8,3,VAN,9,0,12,13,13,0,70,26.9,16.9,0.0,2.7,46.7,1021.8,68.0,M,8,Baku,McLaren
9,3,VAN,10,1,13,15,13,0,70,26.8,16.6,0.0,1.7,47.5,1021.8,286.0,M,9,Baku,McLaren
10,3,VAN,11,1,15,14,13,0,71,26.7,16.5,0.0,2.2,47.2,1021.5,228.0,M,10,Baku,McLaren
11,3,VAN,12,0,14,13,13,0,71,26.7,16.5,0.0,2.2,47.2,1021.5,228.0,M,11,Baku,McLaren
12,3,VAN,13,0,13,13,13,0,71,26.5,16.8,0.0,2.0,47.1,1021.7,74.0,M,12,Baku,McLaren
13,3,VAN,14,0,13,13,13,0,72,26.2,16.8,0.0,1.9,46.7,1021.7,79.0,M,13,Baku,McLaren
14,3,VAN,15,1,13,13,13,0,72,26.0,16.7,0.0,2.2,46.8,1021.8,22.0,M,14,Baku,McLaren
15,3,VAN,16,0,13,12,13,0,72,26.0,16.6,0.0,1.1,47.3,1021.9,71.0,M,15,Baku,McLaren
16,3,VAN,17,0,12,13,13,0,73,25.8,16.7,0.0,2.4,47.3,1022.2,230.0,M,16,Baku,McLaren
17,3,VAN,18,1,13,15,13,0,72,25.6,16.7,0.0,2.1,47.3,1021.6,62.0,H,0,Baku,McLaren
18,3,VAN,19,0,15,15,13,0,73,25.3,16.5,0.0,1.6,47.5,1021.9,71.0,H,1,Baku,McLaren
19,3,VAN,20,0,15,15,13,0,73,25.3,16.5,0.0,2.7,47.1,1022.0,25.0,H,2,Baku,McLaren
20,3,VAN,21,1,15,15,13,0,73,25.1,16.5,0.0,2.9,47.1,1022.0,274.0,H,3,Baku,McLaren
21,3,VAN,22,0,15,14,13,0,73,25.1,16.4,0.0,2.0,46.9,1022.1,96.0,H,4,Baku,McLaren
22,3,VAN,23,0,14,14,13,0,73,25.0,16.4,0.0,2.1,46.9,1021.9,49.0,H,5,Baku,McLaren
23,3,VAN,24,0,14,14,13,0,74,25.0,16.4,0.0,2.0,47.1,1022.2,100.0,H,6,Baku,McLaren
24,3,VAN,25,0,14,14,13,0,74,24.9,16.5,0.0,2.8,46.8,1022.0,69.0,H,7,Baku,McLaren
25,3,VAN,26,0,14,16,13,0,74,24.9,16.5,0.0,2.0,46.4,1022.0,11.0,S,0,Baku,McLaren
26,3,VAN,27,0,16,16,13,0,74,24.9,16.4,0.0,1.6,46.5,1021.8,305.0,S,1,Baku,McLaren
27,3,VAN,28,0,16,16,13,0,74,24.7,16.6,0.0,2.4,46.3,1022.2,28.0,S,2,Baku,McLaren
28,3,VAN,29,0,16,16,13,0,74,24.7,16.5,0.0,1.9,46.0,1022.0,342.0,S,3,Baku,McLaren
29,3,VAN,30,0,16,16,13,0,74,24.7,16.5,0.0,2.1,46.4,1022.0,44.0,S,4,Baku,McLaren
30,3,VAN,31,0,16,16,13,0,74,24.4,16.4,0.0,2.0,46.7,1022.1,112.0,S,5,Baku,McLaren
31,3,VAN,32,0,16,16,13,0,74,24.4,16.6,0.0,2.2,46.0,1021.8,298.0,S,6,Baku,McLaren
32,3,VAN,33,0,16,16,13,0,74,24.3,16.5,0.0,2.9,45.8,1022.1,65.0,S,7,Baku,McLaren
33,3,VAN,34,0,16,16,13,0,74,24.2,16.5,0.0,1.6,45.6,1022.2,335.0,S,8,Baku,McLaren
34,3,VAN,35,0,16,16,13,0,74,23.9,16.4,0.0,2.6,45.3,1022.1,113.0,S,9,Baku,McLaren
35,3,VAN,36,0,16,16,13,0,74,23.9,16.5,0.0,2.4,45.3,1022.1,225.0,S,10,Baku,McLaren
36,3,VAN,37,0,16,16,13,0,74,23.9,16.6,0.0,2.5,43.7,1022.1,354.0,S,11,Baku,McLaren
37,3,VAN,38,0,16,16,13,0,74,23.7,16.5,0.0,2.4,44.1,1022.0,37.0,S,12,Baku,McLaren
38,3,VAN,39,0,16,16,13,0,74,23.7,16.5,0.0,1.4,43.6,1022.2,86.0,S,13,Baku,McLaren
39,3,VAN,40,2,16,14,13,0,74,23.7,16.6,0.0,2.0,43.7,1022.1,95.0,S,0,Baku,McLaren
40,3,VAN,41,2,14,14,13,0,75,23.6,16.6,0.0,1.4,42.8,1022.2,272.0,S,1,Baku,McLaren
41,3,VAN,42,2,14,14,13,0,75,23.6,16.6,0.0,1.4,42.8,1022.2,272.0,S,2,Baku,McLaren
42,3,VAN,43,2,14,13,13,0,75,23.6,16.8,0.0,2.2,42.4,1022.1,49.0,S,3,Baku,McLaren
43,3,VAN,44,2,13,13,13,0,76,23.6,16.6,0.0,1.2,42.6,1022.0,233.0,S,4,Baku,McLaren
44,3,VAN,45,2,13,13,13,0,76,23.6,16.7,0.0,1.8,42.7,1022.0,79.0,S,5,Baku,McLaren
45,3,VAN,46,2,13,14,13,0,76,23.9,16.9,0.0,1.0,42.2,1022.1,82.0,S,6,Baku,McLaren
46,3,VAN,47,2,14,14,13,0,75,23.9,16.9,0.0,1.0,42.2,1022.1,82.0,S,3,Baku,McLaren
47,3,VAN,48,0,14,10,13,0,75,23.9,16.8,0.0,2.1,42.7,1022.1,68.0,S,4,Baku,McLaren
48,3,VAN,49,1,10,8,13,0,75,23.7,16.7,0.0,1.3,42.6,1022.3,43.0,S,5,Baku,McLaren
49,3,VAN,50,1,8,9,13,0,76,23.7,16.6,0.0,2.6,43.2,1022.1,51.0,S,6,Baku,McLaren
50,3,VAN,51,0,9,9,13,0,76,23.6,16.6,0.0,1.8,43.3,1022.1,150.0,S,7,Baku,McLaren
0,3,GAS,1,2,11,11,11,0,50,27.7,17.1,0.0,3.0,46.6,1021.8,92.0,S,0,Baku,Toro Rosso
1,3,GAS,2,2,11,10,11,0,56,28.0,17.0,0.0,2.8,46.5,1021.7,71.0,S,1,Baku,Toro Rosso
2,3,GAS,3,2,10,9,11,0,56,27.8,16.8,0.0,2.5,47.4,1021.6,89.0,S,2,Baku,Toro Rosso
3,3,GAS,4,2,9,9,11,0,56,27.8,17.0,0.0,3.3,47.1,1021.8,10.0,S,3,Baku,Toro Rosso
4,3,GAS,5,2,9,9,11,0,56,27.5,16.7,0.0,1.9,47.8,1021.6,46.0,S,4,Baku,Toro Rosso
5,3,GAS,6,0,9,7,11,0,55,27.7,16.8,0.0,3.2,47.6,1021.8,84.0,S,5,Baku,Toro Rosso
6,3,GAS,7,0,7,8,11,0,53,27.2,16.8,0.0,1.6,47.4,1021.7,6.0,S,6,Baku,Toro Rosso
7,3,GAS,8,0,8,9,11,0,53,27.2,16.8,0.0,1.7,47.5,1021.7,225.0,S,7,Baku,Toro Rosso
8,3,GAS,9,0,9,12,11,0,52,27.2,16.8,0.0,3.6,46.9,1021.5,31.0,S,8,Baku,Toro Rosso
9,3,GAS,10,1,12,13,11,0,52,26.9,16.9,0.0,2.7,46.7,1021.8,68.0,S,9,Baku,Toro Rosso
10,3,GAS,11,1,13,13,11,0,52,26.9,16.8,0.0,3.0,46.9,1021.5,335.0,S,10,Baku,Toro Rosso
11,3,GAS,12,0,13,14,11,0,52,26.8,16.6,0.0,1.7,47.5,1021.8,286.0,S,11,Baku,Toro Rosso
12,3,GAS,13,0,14,17,11,0,51,26.7,16.5,0.0,2.2,47.2,1021.5,228.0,H,0,Baku,Toro Rosso
13,3,GAS,14,0,17,17,11,0,51,26.7,16.7,0.0,2.8,46.9,1021.6,49.0,H,1,Baku,Toro Rosso
14,3,GAS,15,1,17,17,11,0,52,26.5,16.8,0.0,2.0,47.1,1021.7,74.0,H,2,Baku,Toro Rosso
15,3,GAS,16,0,17,17,11,0,52,26.4,16.8,0.0,2.2,47.1,1021.8,80.0,H,3,Baku,Toro Rosso
16,3,GAS,17,0,17,17,11,0,52,26.1,16.7,0.0,3.2,46.9,1021.7,53.0,H,4,Baku,Toro Rosso
17,3,GAS,18,1,17,16,11,0,52,25.7,16.6,0.0,2.0,47.5,1021.8,27.0,H,5,Baku,Toro Rosso
18,3,GAS,19,0,16,16,11,0,52,25.7,16.7,0.0,3.9,46.8,1021.9,137.0,H,6,Baku,Toro Rosso
19,3,GAS,20,0,16,16,11,0,52,25.6,16.7,0.0,2.1,47.3,1021.6,62.0,H,7,Baku,Toro Rosso
20,3,GAS,21,1,16,16,11,0,53,25.5,16.5,0.0,3.5,47.5,1021.8,45.0,H,8,Baku,Toro Rosso
21,3,GAS,22,0,16,16,11,0,53,25.4,16.4,0.0,2.0,47.5,1021.9,62.0,H,9,Baku,Toro Rosso
22,3,GAS,23,0,16,15,11,0,53,25.3,16.5,0.0,1.6,47.5,1021.9,71.0,H,10,Baku,Toro Rosso
23,3,GAS,24,0,15,15,11,0,53,25.3,16.5,0.0,2.7,47.1,1022.0,25.0,H,11,Baku,Toro Rosso
24,3,GAS,25,0,15,15,11,0,53,25.1,16.5,0.0,1.4,47.1,1022.0,326.0,H,12,Baku,Toro Rosso
25,3,GAS,26,0,15,14,11,0,53,25.0,16.4,0.0,2.0,47.1,1022.2,100.0,H,13,Baku,Toro Rosso
26,3,GAS,27,0,14,14,11,0,53,24.9,16.5,0.0,2.8,46.8,1022.0,69.0,H,14,Baku,Toro Rosso
27,3,GAS,28,0,14,14,11,0,54,24.9,16.4,0.0,1.6,46.5,1021.8,305.0,H,15,Baku,Toro Rosso
28,3,GAS,29,0,14,14,11,0,54,24.7,16.5,0.0,1.9,46.0,1022.0,342.0,H,16,Baku,Toro Rosso
29,3,GAS,30,0,14,14,11,0,54,24.6,16.5,0.0,2.7,46.2,1022.0,50.0,H,17,Baku,Toro Rosso
30,3,GAS,31,0,14,14,11,0,54,24.4,16.6,0.0,2.2,46.0,1021.8,298.0,H,18,Baku,Toro Rosso
31,3,GAS,32,0,14,14,11,0,54,24.4,16.5,0.0,2.1,46.0,1022.1,255.0,H,19,Baku,Toro Rosso
32,3,GAS,33,0,14,14,11,0,54,24.3,16.5,0.0,2.9,45.8,1022.1,65.0,H,20,Baku,Toro Rosso
33,3,GAS,34,0,14,14,11,0,54,24.3,16.5,0.0,2.9,45.8,1022.1,65.0,H,21,Baku,Toro Rosso
34,3,GAS,35,0,14,14,11,0,55,24.2,16.5,0.0,1.6,45.6,1022.2,335.0,H,22,Baku,Toro Rosso
35,3,GAS,36,0,14,14,11,0,55,23.9,16.4,0.0,2.6,45.3,1022.1,113.0,H,23,Baku,Toro Rosso
36,3,GAS,37,0,14,14,11,0,55,23.9,16.5,0.0,2.4,45.3,1022.1,225.0,H,24,Baku,Toro Rosso
37,3,GAS,38,0,14,14,11,0,55,24.1,16.5,0.0,2.3,44.3,1022.0,331.0,H,25,Baku,Toro Rosso
38,3,GAS,39,0,14,14,11,0,55,23.9,16.6,0.0,2.5,43.7,1022.1,354.0,H,26,Baku,Toro Rosso
39,3,GAS,40,2,14,12,11,0,55,23.6,16.6,0.0,1.4,42.8,1022.2,272.0,S,0,Baku,Toro Rosso
40,3,GAS,41,2,12,12,11,0,55,23.6,16.6,0.0,1.4,42.8,1022.2,272.0,S,1,Baku,Toro Rosso
41,3,GAS,42,2,12,12,11,0,56,23.6,16.8,0.0,2.2,42.4,1022.1,49.0,S,2,Baku,Toro Rosso
42,3,GAS,43,2,12,11,11,0,56,23.6,16.6,0.0,1.2,42.6,1022.0,233.0,S,3,Baku,Toro Rosso
43,3,GAS,44,2,11,11,11,0,56,23.6,16.7,0.0,2.4,42.7,1022.1,45.0,S,4,Baku,Toro Rosso
44,3,GAS,45,2,11,11,11,0,57,23.6,16.7,0.0,1.8,42.7,1022.0,79.0,S,5,Baku,Toro Rosso
45,3,GAS,46,2,11,11,11,0,57,23.9,16.9,0.0,1.0,42.2,1022.1,82.0,S,6,Baku,Toro Rosso
46,3,GAS,47,2,11,11,11,0,57,23.9,16.9,0.0,1.0,42.2,1022.1,82.0,S,7,Baku,Toro Rosso
47,3,GAS,48,0,11,11,11,0,56,23.9,16.8,0.0,2.1,42.7,1022.1,68.0,S,8,Baku,Toro Rosso
48,3,GAS,49,1,11,10,11,0,57,23.7,16.7,0.0,1.3,42.6,1022.3,43.0,S,9,Baku,Toro Rosso
49,3,GAS,50,1,10,12,11,0,57,23.7,16.7,0.0,1.3,42.6,1022.3,43.0,S,10,Baku,Toro Rosso
50,3,GAS,51,0,12,12,11,0,57,23.7,16.6,0.0,2.6,43.2,1022.1,51.0,S,11,Baku,Toro Rosso
0,3,ERI,1,2,18,18,18,0,24,28.0,17.0,0.0,2.8,46.5,1021.7,71.0,M,0,Baku,Sauber
1,3,ERI,2,2,18,18,18,0,26,27.8,16.8,0.0,2.5,47.4,1021.6,89.0,H,0,Baku,Sauber
2,3,ERI,3,2,18,18,18,0,37,27.7,16.9,0.0,1.9,47.1,1021.7,275.0,H,1,Baku,Sauber
3,3,ERI,4,2,18,18,18,0,42,27.5,16.8,0.0,2.2,47.4,1021.5,58.0,H,2,Baku,Sauber
4,3,ERI,5,2,18,18,18,0,42,27.5,16.7,0.0,1.9,47.8,1021.6,46.0,H,3,Baku,Sauber
5,3,ERI,6,0,18,18,18,0,40,27.5,16.7,0.0,1.9,47.8,1021.6,46.0,H,4,Baku,Sauber
6,3,ERI,7,0,18,17,18,0,40,27.2,16.8,0.0,1.7,47.5,1021.7,225.0,H,5,Baku,Sauber
7,3,ERI,8,0,17,16,18,0,41,27.2,16.8,0.0,3.6,46.9,1021.5,31.0,H,6,Baku,Sauber
8,3,ERI,9,0,16,18,18,0,41,26.7,16.5,0.0,2.2,47.2,1021.5,228.0,H,7,Baku,Sauber
9,3,ERI,10,1,18,18,18,0,42,26.4,16.8,0.0,2.2,47.1,1021.8,80.0,H,8,Baku,Sauber
10,3,ERI,11,1,18,16,18,0,42,26.0,16.7,0.0,2.2,46.8,1021.8,22.0,H,9,Baku,Sauber
11,3,ERI,12,0,16,16,18,0,42,25.8,16.7,0.0,2.4,47.3,1022.2,230.0,H,10,Baku,Sauber
12,3,ERI,13,0,16,14,18,0,43,25.7,16.6,0.0,2.0,47.5,1021.8,27.0,H,11,Baku,Sauber
13,3,ERI,14,0,14,14,18,0,43,25.7,16.7,0.0,3.9,46.8,1021.9,137.0,H,12,Baku,Sauber
14,3,ERI,15,1,14,14,18,0,43,25.6,16.7,0.0,2.1,47.3,1021.6,62.0,H,13,Baku,Sauber
15,3,ERI,16,0,14,14,18,0,44,25.4,16.4,0.0,2.0,47.5,1021.9,62.0,H,14,Baku,Sauber
16,3,ERI,17,0,14,14,18,0,44,25.3,16.5,0.0,2.4,46.8,1021.8,38.0,H,15,Baku,Sauber
17,3,ERI,18,1,14,17,18,0,44,25.1,16.5,0.0,2.9,47.1,1022.0,274.0,H,16,Baku,Sauber
18,3,ERI,19,0,17,17,18,0,43,25.1,16.5,0.0,2.9,47.1,1022.0,274.0,S,0,Baku,Sauber
19,3,ERI,20,0,17,17,18,0,43,25.1,16.5,0.0,1.4,47.1,1022.0,326.0,S,1,Baku,Sauber
20,3,ERI,21,1,17,17,18,0,44,25.0,16.4,0.0,2.0,47.1,1022.2,100.0,S,2,Baku,Sauber
21,3,ERI,22,0,17,17,18,0,44,24.9,16.5,0.0,2.8,46.8,1022.0,69.0,S,3,Baku,Sauber
22,3,ERI,23,0,17,17,18,0,44,24.9,16.4,0.0,1.0,46.7,1022.0,112.0,S,4,Baku,Sauber
23,3,ERI,24,0,17,17,18,0,44,24.7,16.6,0.0,2.4,46.3,1022.2,28.0,S,5,Baku,Sauber
24,3,ERI,25,0,17,17,18,0,45,24.7,16.5,0.0,1.9,46.0,1022.0,342.0,S,6,Baku,Sauber
25,3,ERI,26,0,17,17,18,0,45,24.7,16.5,0.0,1.7,46.2,1022.0,356.0,S,7,Baku,Sauber
26,3,ERI,27,0,17,17,18,0,45,24.6,16.5,0.0,2.7,46.2,1022.0,50.0,S,8,Baku,Sauber
27,3,ERI,28,0,17,17,18,0,45,24.5,16.4,0.0,2.4,46.8,1022.3,68.0,S,9,Baku,Sauber
28,3,ERI,29,0,17,17,18,0,45,24.3,16.3,0.0,1.2,46.9,1021.9,231.0,S,10,Baku,Sauber
29,3,ERI,30,0,17,17,18,0,46,24.4,16.6,0.0,2.2,46.0,1021.8,298.0,S,11,Baku,Sauber
30,3,ERI,31,0,17,17,18,0,46,24.1,16.5,0.0,2.9,45.3,1021.9,50.0,S,12,Baku,Sauber
31,3,ERI,32,0,17,17,18,0,46,23.9,16.4,0.0,2.6,45.3,1022.1,113.0,S,13,Baku,Sauber
32,3,ERI,33,0,17,17,18,0,46,23.8,16.6,0.0,1.5,44.7,1021.9,295.0,S,14,Baku,Sauber
33,3,ERI,34,0,17,17,18,0,46,23.9,16.6,0.0,2.5,43.7,1022.1,354.0,S,15,Baku,Sauber
34,3,ERI,35,0,17,17,18,0,46,23.7,16.5,0.0,2.4,44.1,1022.0,37.0,S,16,Baku,Sauber
35,3,ERI,36,0,17,17,18,0,46,23.7,16.5,0.0,2.4,44.1,1022.0,37.0,S,17,Baku,Sauber
36,3,ERI,37,0,17,17,18,0,46,23.4,16.6,0.0,2.5,43.3,1022.1,263.0,S,0,Baku,Sauber
37,3,ERI,38,0,17,17,18,0,46,23.5,16.6,0.0,1.2,43.0,1022.1,227.0,S,1,Baku,Sauber
38,3,ERI,39,0,17,17,18,0,46,23.6,16.6,0.0,1.6,42.7,1022.0,313.0,S,2,Baku,Sauber
39,3,ERI,40,2,17,15,18,0,46,23.6,16.6,0.0,1.5,42.9,1022.1,12.0,S,3,Baku,Sauber
40,3,ERI,41,2,15,15,18,0,47,23.6,16.6,0.0,1.4,42.8,1022.2,272.0,S,4,Baku,Sauber
41,3,ERI,42,2,15,15,18,0,47,23.6,16.8,0.0,2.2,42.4,1022.1,49.0,S,5,Baku,Sauber
42,3,ERI,43,2,15,14,18,0,47,23.6,16.6,0.0,1.2,42.6,1022.0,233.0,S,6,Baku,Sauber
43,3,ERI,44,2,14,14,18,0,48,23.6,16.7,0.0,1.8,42.7,1022.0,79.0,S,7,Baku,Sauber
44,3,ERI,45,2,14,14,18,0,48,23.6,16.7,0.0,1.8,42.7,1022.0,79.0,S,8,Baku,Sauber
45,3,ERI,46,2,14,13,18,0,49,23.7,16.7,0.0,2.5,43.1,1021.9,165.0,S,9,Baku,Sauber
46,3,ERI,47,2,13,13,18,0,48,23.9,16.9,0.0,1.0,42.2,1022.1,82.0,S,10,Baku,Sauber
47,3,ERI,48,0,13,13,18,0,48,23.7,16.7,0.0,1.8,42.8,1022.1,34.0,S,11,Baku,Sauber
48,3,ERI,49,1,13,11,18,0,48,23.7,16.6,0.0,2.6,43.2,1022.1,51.0,S,12,Baku,Sauber
49,3,ERI,50,1,11,11,18,0,48,23.6,16.6,0.0,1.8,43.3,1022.1,150.0,S,13,Baku,Sauber
50,3,ERI,51,0,11,11,18,0,48,23.7,16.7,0.0,1.6,43.4,1022.3,7.0,S,14,Baku,Sauber
0,3,HAR,1,2,15,15,15,0,41,28.0,17.0,0.0,3.2,46.5,1021.5,62.0,H,0,Baku,Toro Rosso
1,3,HAR,2,2,15,14,15,0,45,27.7,16.9,0.0,1.9,47.1,1021.7,275.0,S,0,Baku,Toro Rosso
2,3,HAR,3,2,14,13,15,0,44,27.5,16.8,0.0,2.2,47.4,1021.5,58.0,S,1,Baku,Toro Rosso
3,3,HAR,4,2,13,13,15,0,44,27.5,16.7,0.0,1.9,47.8,1021.6,46.0,S,2,Baku,Toro Rosso
4,3,HAR,5,2,13,13,15,0,44,27.7,16.8,0.0,3.2,47.6,1021.8,84.0,S,3,Baku,Toro Rosso
5,3,HAR,6,0,13,14,15,0,45,27.5,16.9,0.0,2.3,47.5,1021.8,87.0,S,4,Baku,Toro Rosso
6,3,HAR,7,0,14,15,15,0,46,27.2,16.8,0.0,1.7,47.5,1021.7,225.0,S,5,Baku,Toro Rosso
7,3,HAR,8,0,15,16,15,0,47,27.2,16.8,0.0,3.6,46.9,1021.5,31.0,S,6,Baku,Toro Rosso
8,3,HAR,9,0,16,16,15,0,47,26.8,16.6,0.0,1.7,47.5,1021.8,286.0,S,7,Baku,Toro Rosso
9,3,HAR,10,1,16,16,15,0,48,26.7,16.5,0.0,2.2,47.2,1021.5,228.0,S,8,Baku,Toro Rosso
10,3,HAR,11,1,16,15,15,0,48,26.5,16.8,0.0,2.0,47.1,1021.7,74.0,S,9,Baku,Toro Rosso
11,3,HAR,12,0,15,15,15,0,49,26.0,16.6,0.0,1.1,47.3,1021.9,71.0,S,10,Baku,Toro Rosso
12,3,HAR,13,0,15,15,15,0,49,25.7,16.7,0.0,3.9,46.8,1021.9,137.0,S,11,Baku,Toro Rosso
13,3,HAR,14,0,15,15,15,0,50,25.4,16.5,0.0,2.8,47.4,1021.8,279.0,S,12,Baku,Toro Rosso
14,3,HAR,15,1,15,15,15,0,50,25.4,16.4,0.0,2.0,47.5,1021.9,62.0,S,13,Baku,Toro Rosso
15,3,HAR,16,0,15,15,15,0,50,25.3,16.5,0.0,2.4,46.8,1021.8,38.0,S,14,Baku,Toro Rosso
16,3,HAR,17,0,15,15,15,0,51,25.3,16.5,0.0,1.6,47.5,1021.9,71.0,S,15,Baku,Toro Rosso
17,3,HAR,18,1,15,13,15,0,51,25.3,16.5,0.0,2.7,47.1,1022.0,25.0,S,16,Baku,Toro Rosso
18,3,HAR,19,0,13,13,15,0,51,25.1,16.5,0.0,2.9,47.1,1022.0,274.0,S,17,Baku,Toro Rosso
19,3,HAR,20,0,13,13,15,0,52,25.1,16.5,0.0,2.9,47.1,1022.0,274.0,S,18,Baku,Toro Rosso
20,3,HAR,21,1,13,13,15,0,52,25.0,16.4,0.0,2.0,47.1,1022.2,100.0,S,19,Baku,Toro Rosso
21,3,HAR,22,0,13,15,15,0,52,24.9,16.5,0.0,2.8,46.8,1022.0,69.0,S,20,Baku,Toro Rosso
22,3,HAR,23,0,15,16,15,0,52,24.9,16.5,0.0,2.0,46.4,1022.0,11.0,M,0,Baku,Toro Rosso
23,3,HAR,24,0,16,16,15,0,52,24.9,16.4,0.0,1.6,46.5,1021.8,305.0,M,1,Baku,Toro Rosso
24,3,HAR,25,0,16,16,15,0,53,24.9,16.4,0.0,1.0,46.7,1022.0,112.0,M,2,Baku,Toro Rosso
25,3,HAR,26,0,16,15,15,0,53,24.7,16.5,0.0,1.9,46.0,1022.0,342.0,M,3,Baku,Toro Rosso
26,3,HAR,27,0,15,15,15,0,53,24.7,16.5,0.0,1.7,46.2,1022.0,356.0,M,4,Baku,Toro Rosso
27,3,HAR,28,0,15,15,15,0,53,24.6,16.5,0.0,2.7,46.2,1022.0,50.0,M,5,Baku,Toro Rosso
28,3,HAR,29,0,15,15,15,0,54,24.5,16.4,0.0,2.4,46.8,1022.3,68.0,M,6,Baku,Toro Rosso
29,3,HAR,30,0,15,15,15,0,54,24.3,16.5,0.0,2.9,45.8,1022.1,65.0,M,7,Baku,Toro Rosso
30,3,HAR,31,0,15,15,15,0,54,24.3,16.5,0.0,2.9,45.8,1022.1,65.0,M,8,Baku,Toro Rosso
31,3,HAR,32,0,15,15,15,0,54,24.3,16.4,0.0,2.2,45.9,1022.1,64.0,M,9,Baku,Toro Rosso
32,3,HAR,33,0,15,15,15,0,54,23.9,16.4,0.0,2.6,45.3,1022.1,113.0,M,10,Baku,Toro Rosso
33,3,HAR,34,0,15,15,15,0,55,23.9,16.6,0.0,2.5,44.6,1022.0,215.0,M,11,Baku,Toro Rosso
34,3,HAR,35,0,15,15,15,0,55,24.1,16.5,0.0,2.3,44.3,1022.0,331.0,M,12,Baku,Toro Rosso
35,3,HAR,36,0,15,15,15,0,55,23.9,16.6,0.0,2.5,43.7,1022.1,354.0,M,13,Baku,Toro Rosso
36,3,HAR,37,0,15,15,15,0,55,23.7,16.5,0.0,2.4,44.1,1022.0,37.0,M,14,Baku,Toro Rosso
37,3,HAR,38,0,15,15,15,0,55,23.7,16.5,0.0,2.4,44.1,1022.0,37.0,M,15,Baku,Toro Rosso
38,3,HAR,39,0,15,15,15,0,56,23.7,16.5,0.0,1.4,43.6,1022.2,86.0,M,16,Baku,Toro Rosso
39,3,HAR,40,2,15,13,15,0,56,23.7,16.6,0.0,3.4,43.3,1022.2,55.0,S,0,Baku,Toro Rosso
40,3,HAR,41,2,13,13,15,0,56,23.5,16.6,0.0,1.2,43.0,1022.1,227.0,S,1,Baku,Toro Rosso
41,3,HAR,42,2,13,13,15,0,56,23.5,16.6,0.0,1.2,43.0,1022.1,227.0,S,2,Baku,Toro Rosso
42,3,HAR,43,2,13,12,15,0,57,23.6,16.6,0.0,1.6,42.7,1022.0,313.0,S,3,Baku,Toro Rosso
43,3,HAR,44,2,12,12,15,0,57,23.6,16.8,0.0,2.2,42.4,1022.1,49.0,S,4,Baku,Toro Rosso
44,3,HAR,45,2,12,12,15,0,57,23.6,16.7,0.0,1.9,42.7,1022.1,102.0,S,5,Baku,Toro Rosso
45,3,HAR,46,2,12,12,15,0,57,23.6,16.7,0.0,2.4,42.7,1022.1,45.0,S,6,Baku,Toro Rosso
46,3,HAR,47,2,12,12,15,0,57,23.6,16.7,0.0,1.8,42.7,1022.0,79.0,S,7,Baku,Toro Rosso
47,3,HAR,48,0,12,12,15,0,56,23.9,16.9,0.0,1.0,42.2,1022.1,82.0,S,8,Baku,Toro Rosso
48,3,HAR,49,1,12,9,15,0,56,23.9,16.9,0.0,1.0,42.2,1022.1,82.0,S,9,Baku,Toro Rosso
49,3,HAR,50,1,9,10,15,0,57,23.7,16.7,0.0,1.3,42.6,1022.3,43.0,S,10,Baku,Toro Rosso
50,3,HAR,51,0,10,10,15,0,57,23.7,16.7,0.0,1.3,42.6,1022.3,43.0,S,11,Baku,Toro Rosso
0,3,GRO,1,2,14,14,14,0,30,27.8,17.0,0.0,3.3,47.1,1021.8,10.0,H,0,Baku,Haas F1 Team
1,3,GRO,2,2,14,15,14,0,33,27.5,16.8,0.0,2.2,47.4,1021.5,58.0,H,1,Baku,Haas F1 Team
2,3,GRO,3,2,15,14,14,0,34,27.7,16.8,0.0,3.2,47.6,1021.8,84.0,M,0,Baku,Haas F1 Team
3,3,GRO,4,2,14,14,14,0,36,27.1,16.8,0.0,2.9,47.1,1021.6,69.0,M,1,Baku,Haas F1 Team
4,3,GRO,5,2,14,14,14,0,36,26.9,16.9,0.0,2.7,46.7,1021.8,68.0,M,2,Baku,Haas F1 Team
5,3,GRO,6,0,14,13,14,0,36,26.7,16.5,0.0,2.2,47.2,1021.5,228.0,M,3,Baku,Haas F1 Team
6,3,GRO,7,0,13,12,14,0,37,26.7,16.5,0.0,2.2,47.2,1021.5,228.0,M,4,Baku,Haas F1 Team
7,3,GRO,8,0,12,11,14,0,38,26.7,16.7,0.0,2.8,46.9,1021.6,49.0,M,5,Baku,Haas F1 Team
8,3,GRO,9,0,11,11,14,0,39,26.3,16.8,0.0,2.5,46.8,1021.7,314.0,M,6,Baku,Haas F1 Team
9,3,GRO,10,1,11,11,14,0,40,26.1,16.7,0.0,3.2,46.9,1021.7,53.0,M,7,Baku,Haas F1 Team
10,3,GRO,11,1,11,10,14,0,41,26.0,16.7,0.0,2.2,46.8,1021.8,22.0,M,8,Baku,Haas F1 Team
11,3,GRO,12,0,10,10,14,0,41,25.7,16.6,0.0,2.0,47.5,1021.8,27.0,M,9,Baku,Haas F1 Team
12,3,GRO,13,0,10,11,14,0,42,25.4,16.4,0.0,2.0,47.5,1021.9,62.0,M,10,Baku,Haas F1 Team
13,3,GRO,14,0,11,11,14,0,42,25.3,16.5,0.0,1.6,47.5,1021.9,71.0,M,11,Baku,Haas F1 Team
14,3,GRO,15,1,11,11,14,0,42,25.1,16.5,0.0,2.9,47.1,1022.0,274.0,M,12,Baku,Haas F1 Team
15,3,GRO,16,0,11,10,14,0,43,25.1,16.5,0.0,1.4,47.1,1022.0,326.0,M,13,Baku,Haas F1 Team
16,3,GRO,17,0,10,10,14,0,43,25.0,16.4,0.0,2.1,46.9,1021.9,49.0,M,14,Baku,Haas F1 Team
17,3,GRO,18,1,10,10,14,0,43,25.0,16.4,0.0,2.0,47.1,1022.2,100.0,M,15,Baku,Haas F1 Team
18,3,GRO,19,0,10,10,14,0,44,25.0,16.5,0.0,3.1,46.9,1021.9,90.0,M,16,Baku,Haas F1 Team
19,3,GRO,20,0,10,10,14,0,44,24.9,16.5,0.0,2.0,46.4,1022.0,11.0,M,17,Baku,Haas F1 Team
20,3,GRO,21,1,10,10,14,0,44,24.9,16.4,0.0,1.0,46.7,1022.0,112.0,M,18,Baku,Haas F1 Team
21,3,GRO,22,0,10,10,14,0,45,24.7,16.6,0.0,2.4,46.3,1022.2,28.0,M,19,Baku,Haas F1 Team
22,3,GRO,23,0,10,9,14,0,45,24.7,16.5,0.0,1.7,46.2,1022.0,356.0,M,20,Baku,Haas F1 Team
23,3,GRO,24,0,9,9,14,0,45,24.6,16.5,0.0,2.7,46.2,1022.0,50.0,M,21,Baku,Haas F1 Team
24,3,GRO,25,0,9,8,14,0,45,24.5,16.4,0.0,2.4,46.8,1022.3,68.0,M,22,Baku,Haas F1 Team
25,3,GRO,26,0,8,8,14,0,46,24.3,16.3,0.0,1.2,46.9,1021.9,231.0,M,23,Baku,Haas F1 Team
26,3,GRO,27,0,8,8,14,0,46,24.4,16.6,0.0,2.2,46.0,1021.8,298.0,M,24,Baku,Haas F1 Team
27,3,GRO,28,0,8,8,14,0,46,24.3,16.5,0.0,2.9,45.8,1022.1,65.0,M,25,Baku,Haas F1 Team
28,3,GRO,29,0,8,8,14,0,46,24.3,16.4,0.0,2.2,45.9,1022.1,64.0,M,26,Baku,Haas F1 Team
29,3,GRO,30,0,8,8,14,0,46,23.9,16.6,0.0,2.5,44.6,1022.0,215.0,M,27,Baku,Haas F1 Team
30,3,GRO,31,0,8,8,14,0,46,24.1,16.5,0.0,2.3,44.3,1022.0,331.0,M,28,Baku,Haas F1 Team
31,3,GRO,32,0,8,8,14,0,46,23.9,16.6,0.0,2.5,43.7,1022.1,354.0,M,29,Baku,Haas F1 Team
32,3,GRO,33,0,8,8,14,0,47,23.7,16.5,0.0,2.4,44.1,1022.0,37.0,M,30,Baku,Haas F1 Team
33,3,GRO,34,0,8,8,14,0,47,23.7,16.5,0.0,2.4,44.1,1022.0,37.0,M,31,Baku,Haas F1 Team
34,3,GRO,35,0,8,8,14,0,47,23.4,16.6,0.0,2.5,43.3,1022.1,263.0,M,32,Baku,Haas F1 Team
35,3,GRO,36,0,8,8,14,0,47,23.7,16.5,0.0,1.4,43.6,1022.2,86.0,M,33,Baku,Haas F1 Team
36,3,GRO,37,0,8,8,14,0,47,23.5,16.6,0.0,1.2,43.0,1022.1,227.0,M,34,Baku,Haas F1 Team
37,3,GRO,38,0,8,8,14,0,48,23.6,16.6,0.0,1.5,42.9,1022.1,12.0,M,35,Baku,Haas F1 Team
38,3,GRO,39,0,8,8,14,0,48,23.6,16.7,0.0,1.9,42.7,1022.1,102.0,M,36,Baku,Haas F1 Team
39,3,GRO,40,2,8,6,14,0,48,23.7,16.7,0.0,2.5,43.1,1021.9,165.0,M,37,Baku,Haas F1 Team
40,3,GRO,41,2,6,6,14,0,48,23.9,16.9,0.0,1.0,42.2,1022.1,82.0,S,0,Baku,Haas F1 Team
41,3,GRO,42,2,6,6,14,1,48,23.6,16.6,0.0,1.8,43.3,1022.1,150.0,S,1,Baku,Haas F1 Team
