,idGP,driver,lap,trackStatus,position,targetPosition,grid,out,performance,trackTemp,airTemp,raining,windSpeed,humidity,pressure,windDir,tyre,tyreLap,track,team
0,22,LEC,1,1,3,3,3,0,67,29.3,26.0,0.0,2.5,54.4,1003.4,356.0,S,3,Sakhir,Ferrari
1,22,LEC,2,1,3,2,3,0,73,29.2,26.1,0.0,2.8,54.1,1003.5,45.0,S,4,Sakhir,Ferrari
2,22,LEC,3,0,2,2,3,0,71,29.3,26.2,0.0,1.9,53.8,1003.4,36.0,S,5,Sakhir,Ferrari
3,22,LEC,4,1,2,2,3,0,71,29.3,26.2,0.0,1.9,54.0,1003.4,10.0,S,6,Sakhir,Ferrari
4,22,LEC,5,0,2,2,3,0,68,29.2,26.2,0.0,3.1,54.0,1003.5,41.0,S,7,Sakhir,Ferrari
5,22,LEC,6,1,2,1,3,0,61,29.2,26.2,0.0,3.1,53.9,1003.5,29.0,S,8,Sakhir,Ferrari
6,22,LEC,7,0,1,1,3,0,62,29.2,26.2,0.0,2.3,54.3,1003.5,15.0,S,9,Sakhir,Ferrari
7,22,LEC,8,0,1,1,3,0,61,29.1,26.2,0.0,2.9,54.2,1003.6,40.0,S,10,Sakhir,Ferrari
8,22,LEC,9,0,1,1,3,0,57,29.1,26.2,0.0,2.9,54.4,1003.6,49.0,S,11,Sakhir,Ferrari
9,22,LEC,10,0,1,1,3,0,58,28.9,26.2,0.0,2.7,54.3,1003.6,41.0,S,12,Sakhir,Ferrari
10,22,LEC,11,0,1,1,3,0,59,28.8,26.1,0.0,1.9,54.9,1003.6,22.0,S,13,Sakhir,Ferrari
11,22,LEC,12,0,1,1,3,0,60,28.8,26.1,0.0,2.5,55.2,1003.6,4.0,S,14,Sakhir,Ferrari
12,22,LEC,13,1,1,1,3,0,64,28.9,26.1,0.0,1.6,55.2,1003.7,352.0,S,15,Sakhir,Ferrari
13,22,LEC,14,0,1,3,3,0,65,28.8,26.1,0.0,2.0,55.3,1003.7,17.0,M,0,Sakhir,Ferrari
14,22,LEC,15,0,3,1,3,0,66,28.8,26.1,0.0,2.1,55.5,1003.7,47.0,M,1,Sakhir,Ferrari
15,22,LEC,16,0,1,1,3,0,67,28.7,26.1,0.0,2.4,55.5,1003.7,34.0,M,2,Sakhir,Ferrari
16,22,LEC,17,0,1,1,3,0,67,28.7,26.1,0.0,2.7,55.3,1003.7,2.0,M,3,Sakhir,Ferrari
17,22,LEC,18,0,1,1,3,0,67,28.7,26.1,0.0,2.1,55.2,1003.7,27.0,M,4,Sakhir,Ferrari
18,22,LEC,19,0,1,1,3,0,67,28.8,26.1,0.0,2.2,54.8,1003.7,85.0,M,5,Sakhir,Ferrari
19,22,LEC,20,0,1,1,3,0,67,28.8,26.1,0.0,2.3,54.0,1003.7,59.0,M,6,Sakhir,Ferrari
20,22,LEC,21,0,1,1,3,0,67,29.0,26.2,0.0,2.5,53.6,1003.7,345.0,M,7,Sakhir,Ferrari
21,22,LEC,22,0,1,1,3,0,66,29.0,26.3,0.0,3.0,53.4,1003.5,31.0,M,8,Sakhir,Ferrari
22,22,LEC,23,0,1,1,3,0,66,28.8,26.3,0.0,2.2,53.1,1003.6,30.0,M,9,Sakhir,Ferrari
23,22,LEC,24,0,1,1,3,0,66,28.8,26.3,0.0,2.2,52.8,1003.5,50.0,M,10,Sakhir,Ferrari
24,22,LEC,25,0,1,1,3,0,66,28.9,26.3,0.0,2.5,52.2,1003.6,63.0,M,11,Sakhir,Ferrari
25,22,LEC,26,0,1,1,3,0,66,28.9,26.4,0.0,2.9,51.3,1003.3,9.0,M,12,Sakhir,Ferrari
26,22,LEC,27,0,1,1,3,0,65,28.9,26.5,0.0,1.9,51.3,1003.5,12.0,M,13,Sakhir,Ferrari
27,22,LEC,28,0,1,1,3,0,65,28.9,26.5,0.0,2.2,51.3,1003.4,37.0,M,14,Sakhir,Ferrari
28,22,LEC,29,0,1,1,3,0,65,28.8,26.5,0.0,2.5,50.4,1003.3,44.0,M,15,Sakhir,Ferrari
29,22,LEC,30,0,1,1,3,0,65,28.8,26.5,0.0,2.4,50.0,1003.3,30.0,M,16,Sakhir,Ferrari
30,22,LEC,31,0,1,1,3,0,65,28.8,26.5,0.0,3.2,49.0,1003.2,40.0,M,17,Sakhir,Ferrari
31,22,LEC,32,0,1,1,3,0,65,28.9,26.6,0.0,2.3,48.9,1003.3,12.0,M,18,Sakhir,Ferrari
32,22,LEC,33,0,1,1,3,0,65,28.6,26.6,0.0,2.5,49.1,1003.3,41.0,M,19,Sakhir,Ferrari
33,22,LEC,34,0,1,1,3,0,65,28.6,26.6,0.0,2.5,49.2,1003.4,50.0,M,20,Sakhir,Ferrari
34,22,LEC,35,0,1,1,3,0,65,28.6,26.6,0.0,2.4,49.4,1003.3,9.0,M,21,Sakhir,Ferrari
35,22,LEC,36,0,1,1,3,0,64,28.5,26.6,0.0,3.1,49.5,1003.2,36.0,M,22,Sakhir,Ferrari
36,22,LEC,37,0,1,1,3,0,64,28.3,26.5,0.0,2.9,50.0,1003.4,357.0,M,0,Sakhir,Ferrari
37,22,LEC,38,1,1,1,3,0,64,28.3,26.5,0.0,2.3,50.2,1003.4,50.0,M,1,Sakhir,Ferrari
38,22,LEC,39,0,1,1,3,0,64,28.3,26.5,0.0,2.8,50.8,1003.4,17.0,M,2,Sakhir,Ferrari
39,22,LEC,40,0,1,1,3,0,64,28.2,26.5,0.0,3.0,50.9,1003.2,55.0,M,3,Sakhir,Ferrari
40,22,LEC,41,1,1,1,3,0,65,28.1,26.5,0.0,2.3,51.0,1003.4,28.0,M,4,Sakhir,Ferrari
41,22,LEC,42,0,1,1,3,0,64,28.0,26.4,0.0,3.3,51.8,1003.2,23.0,M,5,Sakhir,Ferrari
42,22,LEC,43,1,1,1,3,0,64,28.0,26.3,0.0,3.4,51.8,1003.2,22.0,M,6,Sakhir,Ferrari
43,22,LEC,44,0,1,1,3,0,64,28.0,26.3,0.0,3.2,52.0,1003.1,69.0,M,7,Sakhir,Ferrari
44,22,LEC,45,0,1,1,3,0,63,27.7,26.2,0.0,2.8,52.8,1003.2,63.0,M,8,Sakhir,Ferrari
45,22,LEC,46,0,1,1,3,0,63,27.5,26.1,0.0,2.9,53.5,1003.2,58.0,M,9,Sakhir,Ferrari
46,22,LEC,47,0,1,1,3,0,64,27.5,26.1,0.0,3.6,53.6,1003.0,19.0,M,10,Sakhir,Ferrari
47,22,LEC,48,0,1,2,3,0,64,27.5,26.1,0.0,2.9,53.7,1003.4,57.0,M,11,Sakhir,Ferrari
48,22,LEC,49,0,2,2,3,0,63,27.5,26.1,0.0,2.5,53.7,1003.3,44.0,M,12,Sakhir,Ferrari
49,22,LEC,50,0,2,2,3,0,63,27.6,26.1,0.0,2.3,53.9,1003.3,30.0,M,13,Sakhir,Ferrari
50,22,LEC,51,0,2,2,3,0,63,27.6,26.1,0.0,2.6,53.9,1003.3,52.0,M,14,Sakhir,Ferrari
51,22,LEC,52,0,2,2,3,0,63,27.6,26.1,0.0,3.0,54.0,1003.3,39.0,M,15,Sakhir,Ferrari
52,22,LEC,53,0,2,2,3,0,62,27.6,26.1,0.0,2.7,53.8,1003.2,40.0,M,16,Sakhir,Ferrari
53,22,LEC,54,1,2,3,3,0,62,27.6,26.1,0.0,3.2,53.7,1003.1,41.0,M,17,Sakhir,Ferrari
54,22,LEC,55,2,3,3,3,0,59,27.4,26.1,0.0,3.0,54.1,1003.1,56.0,M,18,Sakhir,Ferrari
55,22,LEC,56,2,3,3,3,0,58,27.4,26.1,0.0,2.5,54.1,1003.2,19.0,M,19,Sakhir,Ferrari
56,22,LEC,57,2,3,3,3,0,58,27.4,26.1,0.0,3.5,54.2,1003.2,57.0,M,20,Sakhir,Ferrari
0,22,VET,1,1,1,1,1,0,64,29.3,26.0,0.0,2.5,54.4,1003.4,356.0,S,3,Sakhir,Ferrari
1,22,VET,2,1,1,1,1,0,62,29.2,26.1,0.0,2.3,54.5,1003.3,16.0,S,4,Sakhir,Ferrari
2,22,VET,3,0,1,1,1,0,59,29.2,26.1,0.0,2.8,54.1,1003.5,45.0,S,5,Sakhir,Ferrari
3,22,VET,4,1,1,1,1,0,59,29.3,26.1,0.0,2.3,53.9,1003.5,22.0,S,6,Sakhir,Ferrari
4,22,VET,5,0,1,1,1,0,59,29.3,26.2,0.0,1.6,53.6,1003.4,11.0,S,7,Sakhir,Ferrari
5,22,VET,6,1,1,2,1,0,53,29.3,26.2,0.0,1.9,53.8,1003.4,36.0,S,8,Sakhir,Ferrari
6,22,VET,7,0,2,2,1,0,54,29.2,26.2,0.0,3.1,53.9,1003.5,29.0,S,9,Sakhir,Ferrari
7,22,VET,8,0,2,2,1,0,55,29.3,26.2,0.0,3.4,54.2,1003.5,59.0,S,10,Sakhir,Ferrari
8,22,VET,9,0,2,2,1,0,56,29.2,26.2,0.0,2.3,54.3,1003.5,15.0,S,11,Sakhir,Ferrari
9,22,VET,10,0,2,2,1,0,57,29.1,26.2,0.0,2.9,54.2,1003.6,40.0,S,12,Sakhir,Ferrari
10,22,VET,11,0,2,2,1,0,59,29.1,26.2,0.0,2.4,54.3,1003.5,355.0,S,13,Sakhir,Ferrari
11,22,VET,12,0,2,2,1,0,60,28.8,26.1,0.0,2.5,55.1,1003.5,334.0,S,14,Sakhir,Ferrari
12,22,VET,13,1,2,2,1,0,61,28.8,26.1,0.0,2.5,54.9,1003.6,31.0,S,15,Sakhir,Ferrari
13,22,VET,14,0,2,1,1,0,62,28.9,26.1,0.0,1.6,55.2,1003.7,352.0,S,16,Sakhir,Ferrari
14,22,VET,15,0,1,4,1,0,62,28.8,26.1,0.0,2.1,55.2,1003.7,26.0,M,0,Sakhir,Ferrari
15,22,VET,16,0,4,3,1,0,55,28.7,26.1,0.0,2.4,55.5,1003.7,34.0,M,1,Sakhir,Ferrari
16,22,VET,17,0,3,3,1,0,53,28.7,26.1,0.0,2.7,55.3,1003.7,2.0,M,2,Sakhir,Ferrari
17,22,VET,18,0,3,3,1,0,53,28.8,26.1,0.0,2.2,54.8,1003.7,85.0,M,3,Sakhir,Ferrari
18,22,VET,19,0,3,3,1,0,53,28.8,26.1,0.0,2.3,54.0,1003.7,59.0,M,4,Sakhir,Ferrari
19,22,VET,20,0,3,3,1,0,53,29.0,26.3,0.0,3.0,53.4,1003.5,31.0,M,5,Sakhir,Ferrari
20,22,VET,21,0,3,3,1,0,53,28.9,26.3,0.0,2.5,52.2,1003.6,63.0,M,6,Sakhir,Ferrari
21,22,VET,22,0,3,3,1,0,53,28.9,26.4,0.0,2.9,51.3,1003.3,9.0,M,7,Sakhir,Ferrari
22,22,VET,23,0,3,2,1,0,53,28.8,26.5,0.0,2.5,50.4,1003.3,44.0,M,8,Sakhir,Ferrari
23,22,VET,24,0,2,2,1,0,53,28.8,26.5,0.0,2.4,50.0,1003.3,30.0,M,9,Sakhir,Ferrari
24,22,VET,25,0,2,2,1,0,53,28.7,26.6,0.0,2.9,48.9,1003.4,22.0,M,10,Sakhir,Ferrari
25,22,VET,26,0,2,2,1,0,53,28.6,26.6,0.0,2.5,49.1,1003.3,41.0,M,11,Sakhir,Ferrari
26,22,VET,27,0,2,2,1,0,53,28.6,26.6,0.0,2.4,49.4,1003.3,9.0,M,12,Sakhir,Ferrari
27,22,VET,28,0,2,2,1,0,54,28.5,26.6,0.0,3.1,49.5,1003.2,36.0,M,13,Sakhir,Ferrari
28,22,VET,29,0,2,2,1,0,54,28.4,26.6,0.0,2.6,49.7,1003.2,19.0,M,14,Sakhir,Ferrari
29,22,VET,30,0,2,2,1,0,54,28.4,26.6,0.0,2.6,49.9,1003.2,38.0,M,15,Sakhir,Ferrari
30,22,VET,31,0,2,2,1,0,54,28.4,26.6,0.0,2.6,49.9,1003.2,54.0,M,16,Sakhir,Ferrari
31,22,VET,32,0,2,2,1,0,54,28.3,26.5,0.0,2.9,50.0,1003.4,357.0,M,17,Sakhir,Ferrari
32,22,VET,33,0,2,2,1,0,54,28.3,26.5,0.0,2.3,50.2,1003.4,50.0,M,18,Sakhir,Ferrari
33,22,VET,34,0,2,2,1,0,55,28.3,26.5,0.0,2.0,50.5,1003.3,65.0,M,19,Sakhir,Ferrari
34,22,VET,35,0,2,2,1,0,56,28.2,26.5,0.0,3.0,50.9,1003.2,55.0,M,20,Sakhir,Ferrari
35,22,VET,36,0,2,3,1,0,56,28.0,26.4,0.0,2.4,51.5,1003.3,45.0,M,0,Sakhir,Ferrari
36,22,VET,37,0,3,2,1,0,57,28.0,26.4,0.0,2.6,51.7,1003.2,31.0,M,1,Sakhir,Ferrari
37,22,VET,38,1,2,4,1,0,56,28.0,26.4,0.0,3.3,51.8,1003.2,23.0,M,2,Sakhir,Ferrari
38,22,VET,39,0,4,9,1,0,55,28.0,26.3,0.0,2.7,51.7,1003.3,53.0,S,3,Sakhir,Ferrari
39,22,VET,40,0,9,8,1,0,56,28.0,26.3,0.0,2.8,51.8,1003.2,47.0,S,4,Sakhir,Ferrari
40,22,VET,41,1,8,6,1,0,56,28.0,26.3,0.0,3.2,52.0,1003.1,69.0,S,5,Sakhir,Ferrari
41,22,VET,42,0,6,6,1,0,56,27.8,26.3,0.0,2.5,52.5,1003.4,59.0,S,6,Sakhir,Ferrari
42,22,VET,43,1,6,5,1,0,55,27.7,26.3,0.0,3.1,52.7,1003.2,63.0,S,7,Sakhir,Ferrari
43,22,VET,44,0,5,5,1,0,54,27.7,26.2,0.0,2.8,52.8,1003.2,63.0,S,8,Sakhir,Ferrari
44,22,VET,45,0,5,5,1,0,54,27.7,26.2,0.0,2.6,52.9,1003.4,39.0,S,9,Sakhir,Ferrari
45,22,VET,46,0,5,5,1,0,54,27.7,26.2,0.0,2.9,53.0,1003.3,60.0,S,10,Sakhir,Ferrari
46,22,VET,47,0,5,5,1,0,55,27.6,26.2,0.0,3.3,53.2,1003.3,33.0,S,11,Sakhir,Ferrari
47,22,VET,48,0,5,5,1,0,56,27.5,26.1,0.0,2.9,53.5,1003.2,58.0,S,12,Sakhir,Ferrari
48,22,VET,49,0,5,5,1,0,56,27.5,26.1,0.0,2.9,53.8,1003.1,60.0,S,13,Sakhir,Ferrari
49,22,VET,50,0,5,5,1,0,57,27.5,26.1,0.0,2.9,53.7,1003.4,57.0,S,14,Sakhir,Ferrari
50,22,VET,51,0,5,5,1,0,57,27.6,26.1,0.0,2.6,53.9,1003.3,52.0,S,15,Sakhir,Ferrari
51,22,VET,52,0,5,5,1,0,58,27.6,26.1,0.0,3.0,54.0,1003.3,39.0,S,16,Sakhir,Ferrari
52,22,VET,53,0,5,5,1,0,55,27.5,26.1,0.0,2.9,53.9,1003.0,13.0,S,17,Sakhir,Ferrari
53,22,VET,54,1,5,5,1,0,55,27.5,26.1,0.0,3.4,53.9,1003.1,25.0,S,18,Sakhir,Ferrari
54,22,VET,55,2,5,5,1,0,51,27.4,26.1,0.0,3.0,54.1,1003.1,56.0,S,19,Sakhir,Ferrari
55,22,VET,56,2,5,5,1,0,50,27.4,26.1,0.0,2.5,54.1,1003.2,19.0,S,20,Sakhir,Ferrari
56,22,VET,57,2,5,5,1,0,50,27.4,26.1,0.0,3.5,54.2,1003.2,57.0,S,21,Sakhir,Ferrari
0,22,HAM,1,1,4,4,4,0,73,29.3,26.1,0.0,2.3,53.9,1003.5,22.0,S,3,Sakhir,Mercedes
1,22,HAM,2,1,4,3,4,0,76,29.3,26.2,0.0,1.9,53.8,1003.4,36.0,S,4,Sakhir,Mercedes
2,22,HAM,3,0,3,3,4,0,71,29.3,26.2,0.0,1.9,54.0,1003.4,10.0,S,5,Sakhir,Mercedes
3,22,HAM,4,1,3,3,4,0,68,29.2,26.2,0.0,3.1,54.0,1003.5,41.0,S,6,Sakhir,Mercedes
4,22,HAM,5,0,3,3,4,0,67,29.3,26.2,0.0,3.4,54.2,1003.5,59.0,S,7,Sakhir,Mercedes
5,22,HAM,6,1,3,3,4,0,64,29.1,26.2,0.0,2.9,54.2,1003.6,40.0,S,8,Sakhir,Mercedes
6,22,HAM,7,0,3,3,4,0,63,28.9,26.1,0.0,3.1,54.7,1003.5,53.0,S,9,Sakhir,Mercedes
7,22,HAM,8,0,3,3,4,0,62,28.8,26.1,0.0,1.9,54.9,1003.6,22.0,S,10,Sakhir,Mercedes
8,22,HAM,9,0,3,3,4,0,61,28.8,26.1,0.0,2.5,55.1,1003.5,334.0,S,11,Sakhir,Mercedes
9,22,HAM,10,0,3,3,4,0,60,28.8,26.1,0.0,1.7,55.0,1003.5,33.0,S,12,Sakhir,Mercedes
10,22,HAM,11,0,3,3,4,0,60,28.8,26.1,0.0,2.5,54.9,1003.6,31.0,S,13,Sakhir,Mercedes
11,22,HAM,12,0,3,3,4,0,60,28.8,26.1,0.0,2.5,55.2,1003.6,4.0,S,14,Sakhir,Mercedes
12,22,HAM,13,1,3,3,4,0,60,28.9,26.1,0.0,1.6,55.2,1003.7,352.0,S,15,Sakhir,Mercedes
13,22,HAM,14,0,3,4,4,0,60,28.8,26.1,0.0,2.0,55.3,1003.7,17.0,S,0,Sakhir,Mercedes
14,22,HAM,15,0,4,3,4,0,61,28.8,26.1,0.0,2.1,55.5,1003.7,47.0,S,1,Sakhir,Mercedes
15,22,HAM,16,0,3,2,4,0,59,28.7,26.1,0.0,2.1,55.2,1003.7,27.0,S,2,Sakhir,Mercedes
16,22,HAM,17,0,2,2,4,0,58,28.8,26.1,0.0,2.2,54.8,1003.7,85.0,S,3,Sakhir,Mercedes
17,22,HAM,18,0,2,2,4,0,58,28.8,26.1,0.0,2.3,54.0,1003.7,59.0,S,4,Sakhir,Mercedes
18,22,HAM,19,0,2,2,4,0,59,29.0,26.3,0.0,3.0,53.4,1003.5,31.0,S,5,Sakhir,Mercedes
19,22,HAM,20,0,2,2,4,0,60,28.8,26.3,0.0,2.2,52.8,1003.5,50.0,S,6,Sakhir,Mercedes
20,22,HAM,21,0,2,2,4,0,60,28.9,26.4,0.0,2.9,51.3,1003.3,9.0,S,7,Sakhir,Mercedes
21,22,HAM,22,0,2,2,4,0,61,28.9,26.5,0.0,1.9,51.3,1003.5,12.0,S,8,Sakhir,Mercedes
22,22,HAM,23,0,2,3,4,0,62,28.8,26.5,0.0,2.1,50.9,1003.4,39.0,S,9,Sakhir,Mercedes
23,22,HAM,24,0,3,3,4,0,62,28.8,26.5,0.0,2.4,50.0,1003.3,30.0,S,10,Sakhir,Mercedes
24,22,HAM,25,0,3,3,4,0,62,28.8,26.6,0.0,3.0,48.8,1003.4,27.0,S,11,Sakhir,Mercedes
25,22,HAM,26,0,3,3,4,0,62,28.7,26.6,0.0,2.9,48.9,1003.4,22.0,S,12,Sakhir,Mercedes
26,22,HAM,27,0,3,3,4,0,62,28.4,26.6,0.0,2.6,49.7,1003.2,19.0,S,13,Sakhir,Mercedes
27,22,HAM,28,0,3,3,4,0,62,28.4,26.6,0.0,2.6,49.9,1003.2,38.0,S,14,Sakhir,Mercedes
28,22,HAM,29,0,3,3,4,0,62,28.4,26.6,0.0,2.6,49.9,1003.2,54.0,S,15,Sakhir,Mercedes
29,22,HAM,30,0,3,3,4,0,62,28.3,26.5,0.0,2.9,50.0,1003.4,357.0,S,16,Sakhir,Mercedes
30,22,HAM,31,0,3,3,4,0,62,28.3,26.5,0.0,2.3,50.2,1003.4,50.0,S,17,Sakhir,Mercedes
31,22,HAM,32,0,3,3,4,0,63,28.3,26.5,0.0,3.1,50.5,1003.3,43.0,S,18,Sakhir,Mercedes
32,22,HAM,33,0,3,3,4,0,62,28.3,26.5,0.0,2.8,50.8,1003.4,17.0,S,19,Sakhir,Mercedes
33,22,HAM,34,0,3,3,4,0,62,28.2,26.5,0.0,3.0,50.9,1003.2,55.0,S,20,Sakhir,Mercedes
34,22,HAM,35,0,3,4,4,0,63,28.1,26.5,0.0,2.3,51.0,1003.4,28.0,M,0,Sakhir,Mercedes
35,22,HAM,36,0,4,4,4,0,63,28.1,26.4,0.0,2.8,51.3,1003.3,52.0,M,1,Sakhir,Mercedes
36,22,HAM,37,0,4,3,4,0,63,28.0,26.4,0.0,2.4,51.5,1003.3,45.0,M,2,Sakhir,Mercedes
37,22,HAM,38,1,3,2,4,0,64,28.0,26.4,0.0,2.6,51.7,1003.2,31.0,M,3,Sakhir,Mercedes
38,22,HAM,39,0,2,2,4,0,64,28.0,26.4,0.0,3.3,51.8,1003.2,23.0,M,4,Sakhir,Mercedes
39,22,HAM,40,0,2,2,4,0,64,28.0,26.3,0.0,3.4,51.8,1003.2,22.0,M,5,Sakhir,Mercedes
40,22,HAM,41,1,2,2,4,0,64,27.8,26.3,0.0,2.5,52.5,1003.4,59.0,M,6,Sakhir,Mercedes
41,22,HAM,42,0,2,2,4,0,64,27.7,26.3,0.0,3.1,52.7,1003.2,63.0,M,7,Sakhir,Mercedes
42,22,HAM,43,1,2,2,4,0,64,27.7,26.2,0.0,2.8,52.8,1003.2,63.0,M,8,Sakhir,Mercedes
43,22,HAM,44,0,2,2,4,0,64,27.7,26.2,0.0,2.6,52.9,1003.4,39.0,M,9,Sakhir,Mercedes
44,22,HAM,45,0,2,2,4,0,64,27.7,26.2,0.0,2.9,53.0,1003.3,60.0,M,10,Sakhir,Mercedes
45,22,HAM,46,0,2,2,4,0,63,27.6,26.2,0.0,3.3,53.2,1003.3,33.0,M,11,Sakhir,Mercedes
46,22,HAM,47,0,2,2,4,0,63,27.5,26.1,0.0,2.9,53.5,1003.2,58.0,M,12,Sakhir,Mercedes
47,22,HAM,48,0,2,1,4,0,64,27.5,26.1,0.0,2.9,53.8,1003.1,60.0,M,13,Sakhir,Mercedes
48,22,HAM,49,0,1,1,4,0,63,27.5,26.1,0.0,3.6,53.6,1003.0,19.0,M,14,Sakhir,Mercedes
49,22,HAM,50,0,1,1,4,0,62,27.5,26.1,0.0,2.9,53.7,1003.4,57.0,M,15,Sakhir,Mercedes
50,22,HAM,51,0,1,1,4,0,63,27.6,26.1,0.0,2.6,53.9,1003.3,52.0,M,16,Sakhir,Mercedes
51,22,HAM,52,0,1,1,4,0,63,27.6,26.1,0.0,2.7,53.8,1003.2,40.0,M,17,Sakhir,Mercedes
52,22,HAM,53,0,1,1,4,0,62,27.5,26.1,0.0,3.4,53.9,1003.1,25.0,M,18,Sakhir,Mercedes
53,22,HAM,54,1,1,1,4,0,63,27.6,26.1,0.0,3.2,53.7,1003.1,41.0,M,19,Sakhir,Mercedes
54,22,HAM,55,2,1,1,4,0,61,27.6,26.1,0.0,3.4,53.8,1003.1,24.0,M,20,Sakhir,Mercedes
55,22,HAM,56,2,1,1,4,0,59,27.4,26.1,0.0,3.0,54.1,1003.1,56.0,M,21,Sakhir,Mercedes
56,22,HAM,57,2,1,1,4,0,58,27.4,26.1,0.0,2.5,54.1,1003.2,19.0,M,22,Sakhir,Mercedes
0,22,BOT,1,1,2,2,2,0,63,29.3,26.0,0.0,2.5,54.4,1003.4,356.0,S,3,Sakhir,Mercedes
1,22,BOT,2,1,2,4,2,0,66,29.2,26.1,0.0,2.3,54.5,1003.3,16.0,S,4,Sakhir,Mercedes
2,22,BOT,3,0,4,4,2,0,58,29.3,26.1,0.0,2.3,53.9,1003.5,22.0,S,5,Sakhir,Mercedes
3,22,BOT,4,1,4,4,2,0,53,29.3,26.2,0.0,1.6,53.6,1003.4,11.0,S,6,Sakhir,Mercedes
4,22,BOT,5,0,4,4,2,0,52,29.2,26.2,0.0,3.1,54.0,1003.5,41.0,S,7,Sakhir,Mercedes
5,22,BOT,6,1,4,4,2,0,50,29.2,26.2,0.0,3.1,53.9,1003.5,29.0,S,8,Sakhir,Mercedes
6,22,BOT,7,0,4,4,2,0,49,29.3,26.2,0.0,3.4,54.2,1003.5,59.0,S,9,Sakhir,Mercedes
7,22,BOT,8,0,4,4,2,0,49,29.1,26.2,0.0,2.9,54.2,1003.6,40.0,S,10,Sakhir,Mercedes
8,22,BOT,9,0,4,4,2,0,48,29.1,26.2,0.0,2.4,54.3,1003.5,355.0,S,11,Sakhir,Mercedes
9,22,BOT,10,0,4,4,2,0,48,29.1,26.2,0.0,2.9,54.4,1003.6,49.0,S,12,Sakhir,Mercedes
10,22,BOT,11,0,4,4,2,0,49,28.9,26.2,0.0,2.7,54.3,1003.6,41.0,S,13,Sakhir,Mercedes
11,22,BOT,12,0,4,4,2,0,49,28.8,26.1,0.0,1.9,54.9,1003.6,22.0,S,14,Sakhir,Mercedes
12,22,BOT,13,1,4,6,2,0,50,28.8,26.1,0.0,2.5,55.2,1003.6,4.0,M,0,Sakhir,Mercedes
13,22,BOT,14,0,6,5,2,0,52,28.8,26.1,0.0,1.8,55.1,1003.8,29.0,M,1,Sakhir,Mercedes
14,22,BOT,15,0,5,5,2,0,53,28.8,26.1,0.0,2.1,55.2,1003.7,26.0,M,2,Sakhir,Mercedes
15,22,BOT,16,0,5,5,2,0,50,28.7,26.1,0.0,2.7,55.3,1003.7,2.0,M,3,Sakhir,Mercedes
16,22,BOT,17,0,5,5,2,0,49,28.8,26.1,0.0,2.3,54.0,1003.7,59.0,M,4,Sakhir,Mercedes
17,22,BOT,18,0,5,4,2,0,50,29.0,26.2,0.0,2.5,53.6,1003.7,345.0,M,5,Sakhir,Mercedes
18,22,BOT,19,0,4,4,2,0,50,28.9,26.3,0.0,2.5,52.2,1003.6,63.0,M,6,Sakhir,Mercedes
19,22,BOT,20,0,4,4,2,0,50,28.9,26.4,0.0,2.1,51.9,1003.6,59.0,M,7,Sakhir,Mercedes
20,22,BOT,21,0,4,4,2,0,50,28.9,26.4,0.0,2.9,51.3,1003.3,9.0,M,8,Sakhir,Mercedes
21,22,BOT,22,0,4,4,2,0,51,28.9,26.5,0.0,1.9,51.3,1003.5,12.0,M,9,Sakhir,Mercedes
22,22,BOT,23,0,4,4,2,0,51,28.9,26.5,0.0,2.2,51.3,1003.4,37.0,M,10,Sakhir,Mercedes
23,22,BOT,24,0,4,4,2,0,51,28.9,26.5,0.0,2.7,51.3,1003.4,31.0,M,11,Sakhir,Mercedes
24,22,BOT,25,0,4,4,2,0,51,28.8,26.5,0.0,2.1,50.9,1003.4,39.0,M,12,Sakhir,Mercedes
25,22,BOT,26,0,4,4,2,0,50,28.8,26.5,0.0,2.5,50.4,1003.3,44.0,M,13,Sakhir,Mercedes
26,22,BOT,27,0,4,4,2,0,50,28.8,26.5,0.0,2.4,50.0,1003.3,30.0,M,14,Sakhir,Mercedes
27,22,BOT,28,0,4,4,2,0,50,28.8,26.5,0.0,3.2,49.0,1003.2,40.0,M,15,Sakhir,Mercedes
28,22,BOT,29,0,4,4,2,0,50,28.8,26.6,0.0,3.0,48.8,1003.4,27.0,M,16,Sakhir,Mercedes
29,22,BOT,30,0,4,4,2,0,51,28.7,26.6,0.0,2.9,48.9,1003.4,22.0,M,17,Sakhir,Mercedes
30,22,BOT,31,0,4,4,2,0,51,28.6,26.6,0.0,2.5,49.1,1003.3,41.0,M,18,Sakhir,Mercedes
31,22,BOT,32,0,4,4,2,0,51,28.4,26.6,0.0,2.6,49.7,1003.2,19.0,M,19,Sakhir,Mercedes
32,22,BOT,33,0,4,4,2,0,51,28.4,26.6,0.0,2.6,49.9,1003.2,38.0,M,20,Sakhir,Mercedes
33,22,BOT,34,0,4,4,2,0,51,28.4,26.6,0.0,2.6,49.9,1003.2,54.0,M,21,Sakhir,Mercedes
34,22,BOT,35,0,4,3,2,0,52,28.3,26.5,0.0,2.3,50.2,1003.4,50.0,M,22,Sakhir,Mercedes
35,22,BOT,36,0,3,2,2,0,52,28.3,26.5,0.0,3.1,50.5,1003.3,43.0,M,23,Sakhir,Mercedes
36,22,BOT,37,0,2,4,2,0,51,28.3,26.5,0.0,2.0,50.5,1003.3,65.0,M,24,Sakhir,Mercedes
37,22,BOT,38,1,4,3,2,0,51,28.1,26.4,0.0,2.8,51.3,1003.3,52.0,S,1,Sakhir,Mercedes
38,22,BOT,39,0,3,3,2,0,51,28.0,26.4,0.0,2.4,51.5,1003.3,45.0,S,2,Sakhir,Mercedes
39,22,BOT,40,0,3,3,2,0,51,28.0,26.4,0.0,2.6,51.7,1003.2,31.0,S,3,Sakhir,Mercedes
40,22,BOT,41,1,3,3,2,0,51,28.0,26.3,0.0,2.7,51.7,1003.3,53.0,S,4,Sakhir,Mercedes
41,22,BOT,42,0,3,3,2,0,51,28.0,26.3,0.0,3.4,51.8,1003.2,22.0,S,5,Sakhir,Mercedes
42,22,BOT,43,1,3,3,2,0,51,28.0,26.3,0.0,2.8,51.8,1003.2,47.0,S,6,Sakhir,Mercedes
43,22,BOT,44,0,3,3,2,0,51,27.8,26.3,0.0,2.5,52.5,1003.4,59.0,S,7,Sakhir,Mercedes
44,22,BOT,45,0,3,3,2,0,50,27.7,26.2,0.0,2.8,52.8,1003.2,63.0,S,8,Sakhir,Mercedes
45,22,BOT,46,0,3,3,2,0,50,27.7,26.2,0.0,2.6,52.9,1003.4,39.0,S,9,Sakhir,Mercedes
46,22,BOT,47,0,3,3,2,0,50,27.7,26.2,0.0,2.9,53.0,1003.3,60.0,S,10,Sakhir,Mercedes
47,22,BOT,48,0,3,3,2,0,51,27.6,26.2,0.0,3.3,53.2,1003.3,33.0,S,11,Sakhir,Mercedes
48,22,BOT,49,0,3,3,2,0,51,27.6,26.2,0.0,3.3,53.3,1003.4,56.0,S,12,Sakhir,Mercedes
49,22,BOT,50,0,3,3,2,0,51,27.5,26.1,0.0,3.6,53.6,1003.0,19.0,S,13,Sakhir,Mercedes
50,22,BOT,51,0,3,3,2,0,52,27.6,26.1,0.0,2.3,53.9,1003.3,30.0,S,14,Sakhir,Mercedes
51,22,BOT,52,0,3,3,2,0,52,27.6,26.1,0.0,2.6,53.9,1003.3,52.0,S,15,Sakhir,Mercedes
52,22,BOT,53,0,3,3,2,0,53,27.6,26.1,0.0,3.0,54.0,1003.3,39.0,S,16,Sakhir,Mercedes
53,22,BOT,54,1,3,2,2,0,53,27.6,26.1,0.0,3.2,53.7,1003.1,41.0,S,17,Sakhir,Mercedes
54,22,BOT,55,2,2,2,2,0,50,27.4,26.1,0.0,3.0,54.1,1003.1,56.0,S,18,Sakhir,Mercedes
55,22,BOT,56,2,2,2,2,0,48,27.4,26.1,0.0,2.5,54.1,1003.2,19.0,S,19,Sakhir,Mercedes
56,22,BOT,57,2,2,2,2,0,48,27.4,26.1,0.0,3.5,54.2,1003.2,57.0,S,20,Sakhir,Mercedes
0,22,VER,1,1,5,5,5,0,69,29.2,26.1,0.0,2.3,54.5,1003.3,16.0,S,3,Sakhir,Red Bull Racing
1,22,VER,2,1,5,5,5,0,73,29.2,26.1,0.0,2.8,54.1,1003.5,45.0,S,4,Sakhir,Red Bull Racing
2,22,VER,3,0,5,5,5,0,66,29.3,26.1,0.0,2.3,53.9,1003.5,22.0,S,5,Sakhir,Red Bull Racing
3,22,VER,4,1,5,5,5,0,64,29.3,26.1,0.0,3.0,53.7,1003.5,70.0,S,6,Sakhir,Red Bull Racing
4,22,VER,5,0,5,5,5,0,68,29.3,26.2,0.0,1.9,53.8,1003.4,36.0,S,7,Sakhir,Red Bull Racing
5,22,VER,6,1,5,5,5,0,74,29.2,26.2,0.0,3.1,54.0,1003.5,41.0,S,8,Sakhir,Red Bull Racing
6,22,VER,7,0,5,5,5,0,73,29.2,26.2,0.0,3.1,53.9,1003.5,29.0,S,9,Sakhir,Red Bull Racing
7,22,VER,8,0,5,5,5,0,71,29.2,26.2,0.0,2.3,54.3,1003.5,15.0,S,10,Sakhir,Red Bull Racing
8,22,VER,9,0,5,5,5,0,68,29.1,26.2,0.0,2.9,54.2,1003.6,40.0,S,11,Sakhir,Red Bull Racing
9,22,VER,10,0,5,5,5,0,67,29.1,26.2,0.0,2.9,54.4,1003.6,49.0,S,12,Sakhir,Red Bull Racing
10,22,VER,11,0,5,5,5,0,67,28.9,26.1,0.0,3.1,54.7,1003.5,53.0,S,13,Sakhir,Red Bull Racing
11,22,VER,12,0,5,8,5,0,67,28.8,26.1,0.0,2.5,55.1,1003.5,334.0,M,0,Sakhir,Red Bull Racing
12,22,VER,13,1,8,5,5,0,67,28.8,26.1,0.0,1.7,55.0,1003.5,33.0,M,1,Sakhir,Red Bull Racing
13,22,VER,14,0,5,6,5,0,68,28.8,26.1,0.0,2.5,54.9,1003.6,31.0,M,2,Sakhir,Red Bull Racing
14,22,VER,15,0,6,6,5,0,68,28.8,26.1,0.0,2.5,55.2,1003.6,4.0,M,3,Sakhir,Red Bull Racing
15,22,VER,16,0,6,6,5,0,60,28.9,26.1,0.0,1.6,55.2,1003.7,352.0,M,4,Sakhir,Red Bull Racing
16,22,VER,17,0,6,6,5,0,58,28.8,26.1,0.0,1.8,55.1,1003.8,29.0,M,5,Sakhir,Red Bull Racing
17,22,VER,18,0,6,5,5,0,58,28.8,26.1,0.0,2.1,55.5,1003.7,47.0,M,6,Sakhir,Red Bull Racing
18,22,VER,19,0,5,5,5,0,58,28.7,26.1,0.0,2.7,55.3,1003.7,2.0,M,7,Sakhir,Red Bull Racing
19,22,VER,20,0,5,5,5,0,57,28.7,26.1,0.0,2.1,55.2,1003.7,27.0,M,8,Sakhir,Red Bull Racing
20,22,VER,21,0,5,5,5,0,57,28.8,26.1,0.0,2.2,54.8,1003.7,85.0,M,9,Sakhir,Red Bull Racing
21,22,VER,22,0,5,5,5,0,57,28.8,26.1,0.0,2.3,54.0,1003.7,59.0,M,10,Sakhir,Red Bull Racing
22,22,VER,23,0,5,5,5,0,57,29.0,26.2,0.0,2.5,53.6,1003.7,345.0,M,11,Sakhir,Red Bull Racing
23,22,VER,24,0,5,5,5,0,56,29.0,26.3,0.0,3.0,53.4,1003.5,31.0,M,12,Sakhir,Red Bull Racing
24,22,VER,25,0,5,5,5,0,56,28.8,26.3,0.0,2.2,53.1,1003.6,30.0,M,13,Sakhir,Red Bull Racing
25,22,VER,26,0,5,5,5,0,56,28.8,26.3,0.0,2.2,52.8,1003.5,50.0,M,14,Sakhir,Red Bull Racing
26,22,VER,27,0,5,5,5,0,56,28.9,26.4,0.0,2.1,51.9,1003.6,59.0,M,15,Sakhir,Red Bull Racing
27,22,VER,28,0,5,5,5,0,56,28.9,26.4,0.0,2.9,51.3,1003.3,9.0,M,16,Sakhir,Red Bull Racing
28,22,VER,29,0,5,5,5,0,56,28.9,26.5,0.0,1.9,51.3,1003.5,12.0,M,17,Sakhir,Red Bull Racing
29,22,VER,30,0,5,5,5,0,56,28.9,26.5,0.0,2.2,51.3,1003.4,37.0,M,18,Sakhir,Red Bull Racing
30,22,VER,31,0,5,5,5,0,57,28.8,26.5,0.0,2.1,50.9,1003.4,39.0,M,19,Sakhir,Red Bull Racing
31,22,VER,32,0,5,5,5,0,57,28.8,26.5,0.0,2.4,50.0,1003.3,30.0,M,20,Sakhir,Red Bull Racing
32,22,VER,33,0,5,6,5,0,57,28.6,26.6,0.0,2.5,49.1,1003.3,41.0,M,0,Sakhir,Red Bull Racing
33,22,VER,34,0,6,5,5,0,57,28.6,26.6,0.0,2.4,49.4,1003.3,9.0,M,1,Sakhir,Red Bull Racing
34,22,VER,35,0,5,5,5,0,58,28.4,26.6,0.0,2.6,49.7,1003.2,19.0,M,2,Sakhir,Red Bull Racing
35,22,VER,36,0,5,5,5,0,58,28.4,26.6,0.0,2.6,49.9,1003.2,38.0,M,3,Sakhir,Red Bull Racing
36,22,VER,37,0,5,5,5,0,57,28.3,26.5,0.0,2.3,50.2,1003.4,50.0,M,4,Sakhir,Red Bull Racing
37,22,VER,38,1,5,5,5,0,57,28.3,26.5,0.0,2.0,50.5,1003.3,65.0,M,5,Sakhir,Red Bull Racing
38,22,VER,39,0,5,4,5,0,57,28.3,26.5,0.0,2.8,50.8,1003.4,17.0,M,6,Sakhir,Red Bull Racing
39,22,VER,40,0,4,4,5,0,57,28.1,26.4,0.0,2.8,51.3,1003.3,52.0,M,7,Sakhir,Red Bull Racing
40,22,VER,41,1,4,4,5,0,57,28.0,26.4,0.0,2.4,51.5,1003.3,45.0,M,8,Sakhir,Red Bull Racing
41,22,VER,42,0,4,4,5,0,56,28.0,26.4,0.0,2.6,51.7,1003.2,31.0,M,9,Sakhir,Red Bull Racing
42,22,VER,43,1,4,4,5,0,56,28.0,26.4,0.0,3.3,51.8,1003.2,23.0,M,10,Sakhir,Red Bull Racing
43,22,VER,44,0,4,4,5,0,55,28.0,26.3,0.0,3.2,52.0,1003.1,69.0,M,11,Sakhir,Red Bull Racing
44,22,VER,45,0,4,4,5,0,55,27.8,26.3,0.0,2.6,52.3,1003.3,62.0,M,12,Sakhir,Red Bull Racing
45,22,VER,46,0,4,4,5,0,54,27.7,26.3,0.0,3.1,52.7,1003.2,63.0,M,13,Sakhir,Red Bull Racing
46,22,VER,47,0,4,4,5,0,55,27.7,26.2,0.0,2.8,52.8,1003.2,63.0,M,14,Sakhir,Red Bull Racing
47,22,VER,48,0,4,4,5,0,55,27.7,26.2,0.0,2.9,53.0,1003.3,60.0,M,15,Sakhir,Red Bull Racing
48,22,VER,49,0,4,4,5,0,55,27.5,26.1,0.0,2.9,53.7,1003.4,57.0,M,16,Sakhir,Red Bull Racing
49,22,VER,50,0,4,4,5,0,55,27.5,26.1,0.0,2.5,53.7,1003.3,44.0,M,17,Sakhir,Red Bull Racing
50,22,VER,51,0,4,4,5,0,55,27.6,26.1,0.0,2.3,53.9,1003.3,30.0,M,18,Sakhir,Red Bull Racing
51,22,VER,52,0,4,4,5,0,55,27.6,26.1,0.0,2.7,53.8,1003.2,40.0,M,19,Sakhir,Red Bull Racing
52,22,VER,53,0,4,4,5,0,55,27.5,26.1,0.0,2.9,53.9,1003.0,13.0,M,20,Sakhir,Red Bull Racing
53,22,VER,54,1,4,4,5,0,56,27.5,26.1,0.0,3.4,53.9,1003.1,25.0,M,21,Sakhir,Red Bull Racing
54,22,VER,55,2,4,4,5,0,55,27.6,26.1,0.0,3.2,53.7,1003.1,41.0,M,22,Sakhir,Red Bull Racing
55,22,VER,56,2,4,4,5,0,53,27.4,26.1,0.0,2.5,54.1,1003.2,19.0,M,23,Sakhir,Red Bull Racing
56,22,VER,57,2,4,4,5,0,52,27.4,26.1,0.0,3.5,54.2,1003.2,57.0,M,24,Sakhir,Red Bull Racing
0,22,MAG,1,1,7,7,7,0,51,29.3,26.0,0.0,2.5,54.4,1003.4,356.0,S,3,Sakhir,Haas F1 Team
1,22,MAG,2,1,7,7,7,0,64,29.2,26.1,0.0,2.3,54.5,1003.3,16.0,S,4,Sakhir,Haas F1 Team
2,22,MAG,3,0,7,7,7,0,59,29.3,26.1,0.0,3.0,53.7,1003.5,70.0,S,5,Sakhir,Haas F1 Team
3,22,MAG,4,1,7,6,7,0,54,29.3,26.2,0.0,1.6,53.6,1003.4,11.0,S,6,Sakhir,Haas F1 Team
4,22,MAG,5,0,6,6,7,0,53,29.3,26.2,0.0,1.9,54.0,1003.4,10.0,S,7,Sakhir,Haas F1 Team
5,22,MAG,6,1,6,9,7,0,50,29.2,26.2,0.0,3.1,54.0,1003.5,41.0,S,8,Sakhir,Haas F1 Team
6,22,MAG,7,0,9,10,7,0,46,29.2,26.2,0.0,3.1,53.9,1003.5,29.0,S,9,Sakhir,Haas F1 Team
7,22,MAG,8,0,10,9,7,0,42,29.3,26.2,0.0,3.4,54.2,1003.5,59.0,S,10,Sakhir,Haas F1 Team
8,22,MAG,9,0,9,10,7,0,38,29.2,26.2,0.0,2.3,54.3,1003.4,3.0,S,11,Sakhir,Haas F1 Team
9,22,MAG,10,0,10,11,7,0,36,29.1,26.2,0.0,2.4,54.3,1003.5,355.0,S,12,Sakhir,Haas F1 Team
10,22,MAG,11,0,11,15,7,0,36,29.1,26.2,0.0,2.9,54.4,1003.6,49.0,M,0,Sakhir,Haas F1 Team
11,22,MAG,12,0,15,12,7,0,36,28.9,26.1,0.0,3.1,54.7,1003.5,53.0,M,1,Sakhir,Haas F1 Team
12,22,MAG,13,1,12,12,7,0,36,28.8,26.1,0.0,1.9,54.9,1003.6,22.0,M,2,Sakhir,Haas F1 Team
13,22,MAG,14,0,12,12,7,0,35,28.8,26.1,0.0,2.5,55.1,1003.5,334.0,M,3,Sakhir,Haas F1 Team
14,22,MAG,15,0,12,12,7,0,35,28.8,26.1,0.0,2.5,54.9,1003.6,31.0,M,4,Sakhir,Haas F1 Team
15,22,MAG,16,0,12,12,7,0,33,28.8,26.1,0.0,2.5,55.2,1003.6,4.0,M,5,Sakhir,Haas F1 Team
16,22,MAG,17,0,12,12,7,0,33,28.8,26.1,0.0,1.8,55.1,1003.8,29.0,M,6,Sakhir,Haas F1 Team
17,22,MAG,18,0,12,13,7,0,33,28.8,26.1,0.0,2.1,55.2,1003.7,26.0,M,7,Sakhir,Haas F1 Team
18,22,MAG,19,0,13,13,7,0,33,28.7,26.1,0.0,2.4,55.5,1003.7,34.0,M,8,Sakhir,Haas F1 Team
19,22,MAG,20,0,13,13,7,0,32,28.8,26.1,0.0,2.2,54.8,1003.7,85.0,M,9,Sakhir,Haas F1 Team
20,22,MAG,21,0,13,13,7,0,32,29.0,26.3,0.0,3.0,53.4,1003.5,31.0,M,10,Sakhir,Haas F1 Team
21,22,MAG,22,0,13,13,7,0,31,28.9,26.3,0.0,2.5,52.2,1003.6,63.0,M,11,Sakhir,Haas F1 Team
22,22,MAG,23,0,13,13,7,0,31,28.9,26.4,0.0,2.1,51.9,1003.6,59.0,M,12,Sakhir,Haas F1 Team
23,22,MAG,24,0,13,13,7,0,30,28.9,26.4,0.0,2.9,51.3,1003.3,9.0,M,13,Sakhir,Haas F1 Team
24,22,MAG,25,0,13,11,7,0,30,28.9,26.5,0.0,2.7,51.3,1003.4,31.0,M,14,Sakhir,Haas F1 Team
25,22,MAG,26,0,11,11,7,0,30,28.8,26.5,0.0,2.1,50.9,1003.4,39.0,M,15,Sakhir,Haas F1 Team
26,22,MAG,27,0,11,11,7,0,30,28.8,26.5,0.0,2.5,50.4,1003.3,44.0,M,16,Sakhir,Haas F1 Team
27,22,MAG,28,0,11,11,7,0,29,28.8,26.5,0.0,3.2,49.0,1003.2,40.0,M,17,Sakhir,Haas F1 Team
28,22,MAG,29,0,11,11,7,0,29,28.9,26.6,0.0,2.3,48.9,1003.3,12.0,M,18,Sakhir,Haas F1 Team
29,22,MAG,30,0,11,12,7,0,29,28.8,26.6,0.0,3.0,48.8,1003.4,27.0,M,19,Sakhir,Haas F1 Team
30,22,MAG,31,0,12,12,7,0,29,28.7,26.6,0.0,2.9,48.9,1003.4,22.0,M,20,Sakhir,Haas F1 Team
31,22,MAG,32,0,12,12,7,0,29,28.6,26.6,0.0,2.5,49.1,1003.3,41.0,M,21,Sakhir,Haas F1 Team
32,22,MAG,33,0,12,13,7,0,29,28.6,26.6,0.0,2.5,49.2,1003.4,50.0,M,22,Sakhir,Haas F1 Team
33,22,MAG,34,0,13,11,7,0,29,28.3,26.5,0.0,2.9,50.0,1003.4,357.0,M,23,Sakhir,Haas F1 Team
34,22,MAG,35,0,11,12,7,0,29,28.3,26.5,0.0,3.1,50.5,1003.3,43.0,M,24,Sakhir,Haas F1 Team
35,22,MAG,36,0,12,13,7,0,29,28.3,26.5,0.0,2.0,50.5,1003.3,65.0,M,25,Sakhir,Haas F1 Team
36,22,MAG,37,0,13,13,7,0,29,28.3,26.5,0.0,2.8,50.8,1003.4,17.0,M,26,Sakhir,Haas F1 Team
37,22,MAG,38,1,13,15,7,0,29,28.2,26.5,0.0,3.0,50.9,1003.2,55.0,M,27,Sakhir,Haas F1 Team
38,22,MAG,39,0,15,14,7,0,29,28.1,26.4,0.0,2.8,51.3,1003.3,52.0,S,3,Sakhir,Haas F1 Team
39,22,MAG,40,0,14,14,7,0,29,28.0,26.4,0.0,2.4,51.5,1003.3,45.0,S,4,Sakhir,Haas F1 Team
40,22,MAG,41,1,14,14,7,0,29,28.0,26.4,0.0,3.3,51.8,1003.2,23.0,S,5,Sakhir,Haas F1 Team
41,22,MAG,42,0,14,15,7,0,29,28.0,26.3,0.0,3.4,51.8,1003.2,22.0,S,6,Sakhir,Haas F1 Team
42,22,MAG,43,1,15,15,7,0,28,28.0,26.3,0.0,3.2,52.0,1003.1,69.0,S,7,Sakhir,Haas F1 Team
43,22,MAG,44,0,15,15,7,0,28,27.8,26.3,0.0,2.6,52.3,1003.3,62.0,S,8,Sakhir,Haas F1 Team
44,22,MAG,45,0,15,15,7,0,28,27.7,26.2,0.0,2.9,53.0,1003.3,60.0,S,9,Sakhir,Haas F1 Team
45,22,MAG,46,0,15,15,7,0,28,27.5,26.1,0.0,2.9,53.5,1003.2,58.0,S,10,Sakhir,Haas F1 Team
46,22,MAG,47,0,15,15,7,0,29,27.5,26.1,0.0,2.9,53.8,1003.1,60.0,S,11,Sakhir,Haas F1 Team
47,22,MAG,48,0,15,15,7,0,29,27.5,26.1,0.0,3.6,53.6,1003.0,19.0,S,12,Sakhir,Haas F1 Team
48,22,MAG,49,0,15,15,7,0,29,27.6,26.1,0.0,2.6,53.9,1003.3,52.0,S,13,Sakhir,Haas F1 Team
49,22,MAG,50,0,15,15,7,0,29,27.6,26.1,0.0,2.7,53.8,1003.2,40.0,S,14,Sakhir,Haas F1 Team
50,22,MAG,51,0,15,15,7,0,30,27.5,26.1,0.0,3.4,53.9,1003.1,25.0,S,15,Sakhir,Haas F1 Team
51,22,MAG,52,0,15,15,7,0,30,27.6,26.1,0.0,3.2,53.7,1003.1,41.0,S,16,Sakhir,Haas F1 Team
52,22,MAG,53,0,15,15,7,0,30,27.6,26.1,0.0,3.4,53.8,1003.1,24.0,S,17,Sakhir,Haas F1 Team
53,22,MAG,54,1,15,13,7,0,27,27.4,26.1,0.0,3.0,54.1,1003.1,56.0,S,18,Sakhir,Haas F1 Team
54,22,MAG,55,2,13,13,7,0,25,27.4,26.1,0.0,2.5,54.1,1003.2,19.0,S,19,Sakhir,Haas F1 Team
55,22,MAG,56,2,13,13,7,0,25,27.4,26.1,0.0,3.5,54.2,1003.2,57.0,S,20,Sakhir,Haas F1 Team
0,22,SAI,1,1,6,6,6,0,50,29.3,26.0,0.0,2.5,54.4,1003.4,356.0,S,3,Sakhir,McLaren
1,22,SAI,2,1,6,6,6,0,53,29.2,26.1,0.0,2.8,54.1,1003.5,45.0,S,4,Sakhir,McLaren
2,22,SAI,3,0,6,6,6,0,48,29.3,26.2,0.0,1.9,53.8,1003.4,36.0,S,5,Sakhir,McLaren
3,22,SAI,4,1,6,18,6,0,28,29.2,26.2,0.0,3.1,54.0,1003.5,41.0,S,6,Sakhir,McLaren
4,22,SAI,5,0,18,20,6,0,20,29.2,26.2,0.0,3.1,53.9,1003.5,29.0,M,0,Sakhir,McLaren
5,22,SAI,6,1,20,20,6,0,21,29.1,26.2,0.0,2.9,54.2,1003.6,40.0,M,1,Sakhir,McLaren
6,22,SAI,7,0,20,20,6,0,21,29.1,26.2,0.0,2.4,54.3,1003.5,355.0,M,2,Sakhir,McLaren
7,22,SAI,8,0,20,20,6,0,22,28.8,26.1,0.0,1.9,54.9,1003.6,22.0,M,3,Sakhir,McLaren
8,22,SAI,9,0,20,20,6,0,23,28.8,26.1,0.0,1.7,55.0,1003.5,33.0,M,4,Sakhir,McLaren
9,22,SAI,10,0,20,20,6,0,25,28.8,26.1,0.0,2.5,54.9,1003.6,31.0,M,5,Sakhir,McLaren
10,22,SAI,11,0,20,20,6,0,27,28.8,26.1,0.0,2.5,55.2,1003.6,4.0,M,6,Sakhir,McLaren
11,22,SAI,12,0,20,20,6,0,28,28.8,26.1,0.0,2.1,55.2,1003.7,26.0,M,7,Sakhir,McLaren
12,22,SAI,13,1,20,20,6,0,29,28.8,26.1,0.0,2.1,55.5,1003.7,47.0,M,8,Sakhir,McLaren
13,22,SAI,14,0,20,20,6,0,30,28.7,26.1,0.0,2.7,55.3,1003.7,2.0,M,9,Sakhir,McLaren
14,22,SAI,15,0,20,20,6,0,31,28.8,26.1,0.0,2.2,54.8,1003.7,85.0,M,10,Sakhir,McLaren
15,22,SAI,16,0,20,19,6,0,32,29.0,26.3,0.0,3.0,53.4,1003.5,31.0,M,11,Sakhir,McLaren
16,22,SAI,17,0,19,19,6,0,32,28.9,26.3,0.0,2.5,52.2,1003.6,63.0,M,12,Sakhir,McLaren
17,22,SAI,18,0,19,19,6,0,34,28.9,26.4,0.0,2.9,51.3,1003.3,9.0,M,13,Sakhir,McLaren
18,22,SAI,19,0,19,19,6,0,34,28.9,26.5,0.0,1.9,51.3,1003.5,12.0,M,14,Sakhir,McLaren
19,22,SAI,20,0,19,19,6,0,35,28.9,26.5,0.0,2.7,51.3,1003.4,31.0,M,15,Sakhir,McLaren
20,22,SAI,21,0,19,19,6,0,36,28.8,26.5,0.0,3.2,49.0,1003.2,40.0,M,16,Sakhir,McLaren
21,22,SAI,22,0,19,19,6,0,36,28.7,26.6,0.0,2.9,48.9,1003.4,22.0,M,17,Sakhir,McLaren
22,22,SAI,23,0,19,18,6,0,37,28.6,26.6,0.0,2.5,49.1,1003.3,41.0,M,18,Sakhir,McLaren
23,22,SAI,24,0,18,18,6,0,37,28.6,26.6,0.0,2.5,49.2,1003.4,50.0,M,19,Sakhir,McLaren
24,22,SAI,25,0,18,19,6,0,37,28.6,26.6,0.0,2.4,49.4,1003.3,9.0,H,1,Sakhir,McLaren
25,22,SAI,26,0,19,19,6,0,37,28.4,26.6,0.0,2.6,49.9,1003.2,38.0,H,2,Sakhir,McLaren
26,22,SAI,27,0,19,19,6,0,38,28.4,26.6,0.0,2.6,49.9,1003.2,54.0,H,3,Sakhir,McLaren
27,22,SAI,28,0,19,19,6,0,38,28.3,26.5,0.0,2.9,50.0,1003.4,357.0,H,4,Sakhir,McLaren
28,22,SAI,29,0,19,19,6,0,38,28.3,26.5,0.0,2.3,50.2,1003.4,50.0,H,5,Sakhir,McLaren
29,22,SAI,30,0,19,19,6,0,38,28.3,26.5,0.0,2.0,50.5,1003.3,65.0,H,6,Sakhir,McLaren
30,22,SAI,31,0,19,18,6,0,39,28.2,26.5,0.0,3.0,50.9,1003.2,55.0,H,7,Sakhir,McLaren
31,22,SAI,32,0,18,18,6,0,39,28.1,26.4,0.0,2.8,51.3,1003.3,52.0,H,8,Sakhir,McLaren
32,22,SAI,33,0,18,18,6,0,39,28.0,26.4,0.0,2.4,51.5,1003.3,45.0,H,9,Sakhir,McLaren
33,22,SAI,34,0,18,18,6,0,40,28.0,26.4,0.0,2.6,51.7,1003.2,31.0,H,10,Sakhir,McLaren
34,22,SAI,35,0,18,18,6,0,40,28.0,26.3,0.0,2.7,51.7,1003.3,53.0,H,11,Sakhir,McLaren
35,22,SAI,36,0,18,18,6,0,40,28.0,26.3,0.0,3.4,51.8,1003.2,22.0,H,12,Sakhir,McLaren
36,22,SAI,37,0,18,18,6,0,40,28.0,26.3,0.0,2.8,51.8,1003.2,47.0,H,13,Sakhir,McLaren
37,22,SAI,38,1,18,18,6,0,40,27.8,26.3,0.0,2.6,52.3,1003.3,62.0,H,14,Sakhir,McLaren
38,22,SAI,39,0,18,18,6,0,40,27.8,26.3,0.0,2.5,52.5,1003.4,59.0,H,15,Sakhir,McLaren
39,22,SAI,40,0,18,18,6,0,40,27.7,26.3,0.0,3.1,52.7,1003.2,63.0,H,16,Sakhir,McLaren
40,22,SAI,41,1,18,19,6,0,40,27.7,26.2,0.0,2.8,52.8,1003.2,63.0,S,3,Sakhir,McLaren
41,22,SAI,42,0,19,19,6,0,40,27.7,26.2,0.0,2.6,52.9,1003.4,39.0,S,4,Sakhir,McLaren
42,22,SAI,43,1,19,18,6,0,40,27.6,26.2,0.0,3.3,53.3,1003.4,56.0,S,5,Sakhir,McLaren
43,22,SAI,44,0,18,18,6,0,40,27.5,26.1,0.0,2.9,53.8,1003.1,60.0,S,6,Sakhir,McLaren
44,22,SAI,45,0,18,18,6,0,40,27.5,26.1,0.0,2.5,53.7,1003.3,44.0,S,7,Sakhir,McLaren
45,22,SAI,46,0,18,18,6,0,40,27.6,26.1,0.0,2.3,53.9,1003.3,30.0,S,8,Sakhir,McLaren
46,22,SAI,47,0,18,18,6,0,40,27.6,26.1,0.0,3.0,54.0,1003.3,39.0,S,9,Sakhir,McLaren
47,22,SAI,48,0,18,18,6,0,40,27.6,26.1,0.0,2.7,53.8,1003.2,40.0,S,10,Sakhir,McLaren
48,22,SAI,49,0,18,17,6,0,40,27.5,26.1,0.0,2.9,53.9,1003.0,13.0,S,11,Sakhir,McLaren
49,22,SAI,50,0,17,17,6,0,40,27.5,26.1,0.0,3.4,53.9,1003.1,25.0,S,12,Sakhir,McLaren
50,22,SAI,51,0,17,17,6,0,40,27.6,26.1,0.0,3.4,53.8,1003.1,24.0,S,13,Sakhir,McLaren
51,22,SAI,52,0,17,17,6,0,41,27.4,26.1,0.0,3.0,54.1,1003.1,56.0,S,14,Sakhir,McLaren
52,22,SAI,53,0,17,17,6,0,38,27.4,26.1,0.0,2.5,54.1,1003.2,19.0,S,15,Sakhir,McLaren
0,22,RAI,1,1,8,8,8,0,43,29.3,26.0,0.0,2.5,54.4,1003.4,356.0,S,3,Sakhir,Alfa Romeo Racing
1,22,RAI,2,1,8,8,8,0,54,29.2,26.1,0.0,2.3,54.5,1003.3,16.0,S,4,Sakhir,Alfa Romeo Racing
2,22,RAI,3,0,8,8,8,0,52,29.2,26.1,0.0,2.8,54.1,1003.5,45.0,S,5,Sakhir,Alfa Romeo Racing
3,22,RAI,4,1,8,8,8,0,48,29.3,26.1,0.0,3.0,53.7,1003.5,70.0,S,6,Sakhir,Alfa Romeo Racing
4,22,RAI,5,0,8,8,8,0,47,29.3,26.2,0.0,1.9,53.8,1003.4,36.0,S,7,Sakhir,Alfa Romeo Racing
5,22,RAI,6,1,8,7,8,0,46,29.3,26.2,0.0,3.4,54.2,1003.5,59.0,S,8,Sakhir,Alfa Romeo Racing
6,22,RAI,7,0,7,7,8,0,45,29.2,26.2,0.0,2.3,54.3,1003.4,3.0,S,9,Sakhir,Alfa Romeo Racing
7,22,RAI,8,0,7,7,8,0,44,29.1,26.2,0.0,2.9,54.4,1003.6,49.0,S,10,Sakhir,Alfa Romeo Racing
8,22,RAI,9,0,7,8,8,0,44,28.9,26.2,0.0,2.7,54.3,1003.6,41.0,S,11,Sakhir,Alfa Romeo Racing
9,22,RAI,10,0,8,14,8,0,44,28.9,26.1,0.0,3.1,54.7,1003.5,53.0,M,0,Sakhir,Alfa Romeo Racing
10,22,RAI,11,0,14,10,8,0,45,28.8,26.1,0.0,2.5,55.1,1003.5,334.0,M,1,Sakhir,Alfa Romeo Racing
11,22,RAI,12,0,10,9,8,0,46,28.8,26.1,0.0,1.7,55.0,1003.5,33.0,M,2,Sakhir,Alfa Romeo Racing
12,22,RAI,13,1,9,8,8,0,46,28.8,26.1,0.0,2.5,55.2,1003.6,4.0,M,3,Sakhir,Alfa Romeo Racing
13,22,RAI,14,0,8,8,8,0,47,28.9,26.1,0.0,1.6,55.2,1003.7,352.0,M,4,Sakhir,Alfa Romeo Racing
14,22,RAI,15,0,8,7,8,0,47,28.8,26.1,0.0,1.8,55.1,1003.8,29.0,M,5,Sakhir,Alfa Romeo Racing
15,22,RAI,16,0,7,7,8,0,43,28.7,26.1,0.0,2.4,55.5,1003.7,34.0,M,6,Sakhir,Alfa Romeo Racing
16,22,RAI,17,0,7,7,8,0,43,28.7,26.1,0.0,2.7,55.3,1003.7,2.0,M,7,Sakhir,Alfa Romeo Racing
17,22,RAI,18,0,7,7,8,0,43,28.7,26.1,0.0,2.1,55.2,1003.7,27.0,M,8,Sakhir,Alfa Romeo Racing
18,22,RAI,19,0,7,7,8,0,44,28.8,26.1,0.0,2.2,54.8,1003.7,85.0,M,9,Sakhir,Alfa Romeo Racing
19,22,RAI,20,0,7,7,8,0,44,28.8,26.1,0.0,2.3,54.0,1003.7,59.0,M,10,Sakhir,Alfa Romeo Racing
20,22,RAI,21,0,7,8,8,0,45,28.8,26.3,0.0,2.2,52.8,1003.5,50.0,M,11,Sakhir,Alfa Romeo Racing
21,22,RAI,22,0,8,8,8,0,44,28.9,26.5,0.0,2.2,51.3,1003.4,37.0,M,12,Sakhir,Alfa Romeo Racing
22,22,RAI,23,0,8,8,8,0,43,28.9,26.5,0.0,2.7,51.3,1003.4,31.0,M,13,Sakhir,Alfa Romeo Racing
23,22,RAI,24,0,8,7,8,0,43,28.8,26.5,0.0,2.1,50.9,1003.4,39.0,M,14,Sakhir,Alfa Romeo Racing
24,22,RAI,25,0,7,7,8,0,43,28.8,26.5,0.0,2.4,50.0,1003.3,30.0,M,15,Sakhir,Alfa Romeo Racing
25,22,RAI,26,0,7,8,8,0,43,28.8,26.5,0.0,3.2,49.0,1003.2,40.0,M,16,Sakhir,Alfa Romeo Racing
26,22,RAI,27,0,8,8,8,0,43,28.6,26.6,0.0,2.5,49.1,1003.3,41.0,M,17,Sakhir,Alfa Romeo Racing
27,22,RAI,28,0,8,8,8,0,42,28.6,26.6,0.0,2.5,49.2,1003.4,50.0,M,18,Sakhir,Alfa Romeo Racing
28,22,RAI,29,0,8,8,8,0,42,28.5,26.6,0.0,3.1,49.5,1003.2,36.0,M,19,Sakhir,Alfa Romeo Racing
29,22,RAI,30,0,8,8,8,0,42,28.4,26.6,0.0,2.6,49.7,1003.2,19.0,M,20,Sakhir,Alfa Romeo Racing
30,22,RAI,31,0,8,8,8,0,42,28.4,26.6,0.0,2.6,49.9,1003.2,54.0,M,21,Sakhir,Alfa Romeo Racing
31,22,RAI,32,0,8,8,8,0,42,28.3,26.5,0.0,2.9,50.0,1003.4,357.0,M,22,Sakhir,Alfa Romeo Racing
32,22,RAI,33,0,8,8,8,0,42,28.3,26.5,0.0,2.0,50.5,1003.3,65.0,M,23,Sakhir,Alfa Romeo Racing
33,22,RAI,34,0,8,12,8,0,42,28.3,26.5,0.0,2.8,50.8,1003.4,17.0,S,3,Sakhir,Alfa Romeo Racing
34,22,RAI,35,0,12,11,8,0,42,28.2,26.5,0.0,3.0,50.9,1003.2,55.0,S,4,Sakhir,Alfa Romeo Racing
35,22,RAI,36,0,11,10,8,0,42,28.1,26.4,0.0,2.8,51.3,1003.3,52.0,S,5,Sakhir,Alfa Romeo Racing
36,22,RAI,37,0,10,10,8,0,42,28.0,26.4,0.0,2.4,51.5,1003.3,45.0,S,6,Sakhir,Alfa Romeo Racing
37,22,RAI,38,1,10,10,8,0,42,28.0,26.4,0.0,2.6,51.7,1003.2,31.0,S,7,Sakhir,Alfa Romeo Racing
38,22,RAI,39,0,10,10,8,0,42,28.0,26.3,0.0,2.7,51.7,1003.3,53.0,S,8,Sakhir,Alfa Romeo Racing
39,22,RAI,40,0,10,9,8,0,42,28.0,26.3,0.0,3.4,51.8,1003.2,22.0,S,9,Sakhir,Alfa Romeo Racing
40,22,RAI,41,1,9,9,8,0,42,28.0,26.3,0.0,3.2,52.0,1003.1,69.0,S,10,Sakhir,Alfa Romeo Racing
41,22,RAI,42,0,9,9,8,0,41,27.8,26.3,0.0,2.5,52.5,1003.4,59.0,S,11,Sakhir,Alfa Romeo Racing
42,22,RAI,43,1,9,9,8,0,40,27.7,26.3,0.0,3.1,52.7,1003.2,63.0,S,12,Sakhir,Alfa Romeo Racing
43,22,RAI,44,0,9,9,8,0,40,27.7,26.2,0.0,2.6,52.9,1003.4,39.0,S,13,Sakhir,Alfa Romeo Racing
44,22,RAI,45,0,9,8,8,0,39,27.7,26.2,0.0,2.9,53.0,1003.3,60.0,S,14,Sakhir,Alfa Romeo Racing
45,22,RAI,46,0,8,8,8,0,39,27.6,26.2,0.0,3.3,53.2,1003.3,33.0,S,15,Sakhir,Alfa Romeo Racing
46,22,RAI,47,0,8,8,8,0,39,27.6,26.2,0.0,3.3,53.3,1003.4,56.0,S,16,Sakhir,Alfa Romeo Racing
47,22,RAI,48,0,8,8,8,0,39,27.5,26.1,0.0,2.9,53.5,1003.2,58.0,S,17,Sakhir,Alfa Romeo Racing
48,22,RAI,49,0,8,8,8,0,39,27.6,26.1,0.0,2.3,53.9,1003.3,30.0,S,18,Sakhir,Alfa Romeo Racing
49,22,RAI,50,0,8,8,8,0,39,27.6,26.1,0.0,2.6,53.9,1003.3,52.0,S,19,Sakhir,Alfa Romeo Racing
50,22,RAI,51,0,8,8,8,0,39,27.6,26.1,0.0,3.0,54.0,1003.3,39.0,S,20,Sakhir,Alfa Romeo Racing
51,22,RAI,52,0,8,8,8,0,39,27.6,26.1,0.0,2.7,53.8,1003.2,40.0,S,21,Sakhir,Alfa Romeo Racing
52,22,RAI,53,0,8,8,8,0,40,27.5,26.1,0.0,2.9,53.9,1003.0,13.0,S,22,Sakhir,Alfa Romeo Racing
53,22,RAI,54,1,8,7,8,0,39,27.6,26.1,0.0,3.2,53.7,1003.1,41.0,S,23,Sakhir,Alfa Romeo Racing
54,22,RAI,55,2,7,7,8,0,37,27.6,26.1,0.0,3.4,53.8,1003.1,24.0,S,24,Sakhir,Alfa Romeo Racing
55,22,RAI,56,2,7,7,8,0,35,27.4,26.1,0.0,3.0,54.1,1003.1,56.0,S,25,Sakhir,Alfa Romeo Racing
56,22,RAI,57,2,7,7,8,0,36,27.4,26.1,0.0,3.5,54.2,1003.2,57.0,S,26,Sakhir,Alfa Romeo Racing
0,22,NOR,1,1,14,14,14,0,43,29.3,26.0,0.0,2.5,54.4,1003.4,356.0,S,3,Sakhir,McLaren
1,22,NOR,2,1,14,13,14,0,53,29.3,26.1,0.0,3.0,53.7,1003.5,70.0,S,4,Sakhir,McLaren
2,22,NOR,3,0,13,13,14,0,51,29.3,26.2,0.0,1.9,54.0,1003.4,10.0,S,5,Sakhir,McLaren
3,22,NOR,4,1,13,12,14,0,49,29.1,26.2,0.0,2.9,54.2,1003.6,40.0,S,6,Sakhir,McLaren
4,22,NOR,5,0,12,12,14,0,51,29.1,26.2,0.0,2.4,54.3,1003.5,355.0,S,7,Sakhir,McLaren
5,22,NOR,6,1,12,12,14,0,49,29.1,26.2,0.0,2.9,54.4,1003.6,49.0,S,8,Sakhir,McLaren
6,22,NOR,7,0,12,11,14,0,49,28.9,26.2,0.0,2.7,54.3,1003.6,41.0,S,9,Sakhir,McLaren
7,22,NOR,8,0,11,10,14,0,47,28.9,26.1,0.0,3.1,54.7,1003.5,53.0,S,10,Sakhir,McLaren
8,22,NOR,9,0,10,9,14,0,46,28.8,26.1,0.0,1.7,55.0,1003.5,33.0,S,11,Sakhir,McLaren
9,22,NOR,10,0,9,9,14,0,46,28.8,26.1,0.0,2.5,54.9,1003.6,31.0,S,12,Sakhir,McLaren
10,22,NOR,11,0,9,14,14,0,47,28.8,26.1,0.0,2.5,55.2,1003.6,4.0,M,0,Sakhir,McLaren
11,22,NOR,12,0,14,11,14,0,48,28.8,26.1,0.0,1.8,55.1,1003.8,29.0,M,1,Sakhir,McLaren
12,22,NOR,13,1,11,11,14,0,48,28.8,26.1,0.0,2.1,55.2,1003.7,26.0,M,2,Sakhir,McLaren
13,22,NOR,14,0,11,10,14,0,49,28.8,26.1,0.0,2.0,55.3,1003.7,17.0,M,3,Sakhir,McLaren
14,22,NOR,15,0,10,10,14,0,50,28.8,26.1,0.0,2.2,54.8,1003.7,85.0,M,4,Sakhir,McLaren
15,22,NOR,16,0,10,9,14,0,47,28.8,26.1,0.0,2.3,54.0,1003.7,59.0,M,5,Sakhir,McLaren
16,22,NOR,17,0,9,9,14,0,47,29.0,26.3,0.0,3.0,53.4,1003.5,31.0,M,6,Sakhir,McLaren
17,22,NOR,18,0,9,9,14,0,47,28.8,26.3,0.0,2.2,53.1,1003.6,30.0,M,7,Sakhir,McLaren
18,22,NOR,19,0,9,9,14,0,48,28.8,26.3,0.0,2.2,52.8,1003.5,50.0,M,8,Sakhir,McLaren
19,22,NOR,20,0,9,9,14,0,48,28.9,26.3,0.0,2.5,52.2,1003.6,63.0,M,9,Sakhir,McLaren
20,22,NOR,21,0,9,9,14,0,49,28.9,26.4,0.0,2.1,51.9,1003.6,59.0,M,10,Sakhir,McLaren
21,22,NOR,22,0,9,9,14,0,49,28.9,26.4,0.0,2.9,51.3,1003.3,9.0,M,11,Sakhir,McLaren
22,22,NOR,23,0,9,9,14,0,49,28.9,26.5,0.0,2.2,51.3,1003.4,37.0,M,12,Sakhir,McLaren
23,22,NOR,24,0,9,8,14,0,50,28.8,26.5,0.0,2.1,50.9,1003.4,39.0,M,13,Sakhir,McLaren
24,22,NOR,25,0,8,8,14,0,50,28.8,26.5,0.0,2.5,50.4,1003.3,44.0,M,14,Sakhir,McLaren
25,22,NOR,26,0,8,7,14,0,50,28.8,26.5,0.0,3.2,49.0,1003.2,40.0,M,15,Sakhir,McLaren
26,22,NOR,27,0,7,7,14,0,50,28.9,26.6,0.0,2.3,48.9,1003.3,12.0,M,16,Sakhir,McLaren
27,22,NOR,28,0,7,7,14,0,50,28.7,26.6,0.0,2.9,48.9,1003.4,22.0,M,17,Sakhir,McLaren
28,22,NOR,29,0,7,7,14,0,50,28.6,26.6,0.0,2.4,49.4,1003.3,9.0,M,18,Sakhir,McLaren
29,22,NOR,30,0,7,7,14,0,50,28.5,26.6,0.0,3.1,49.5,1003.2,36.0,M,19,Sakhir,McLaren
30,22,NOR,31,0,7,7,14,0,51,28.4,26.6,0.0,2.6,49.7,1003.2,19.0,M,20,Sakhir,McLaren
31,22,NOR,32,0,7,7,14,0,51,28.4,26.6,0.0,2.6,49.9,1003.2,38.0,M,21,Sakhir,McLaren
32,22,NOR,33,0,7,5,14,0,51,28.4,26.6,0.0,2.6,49.9,1003.2,54.0,M,22,Sakhir,McLaren
33,22,NOR,34,0,5,6,14,0,51,28.3,26.5,0.0,2.9,50.0,1003.4,357.0,M,23,Sakhir,McLaren
34,22,NOR,35,0,6,9,14,0,52,28.3,26.5,0.0,2.3,50.2,1003.4,50.0,S,15,Sakhir,McLaren
35,22,NOR,36,0,9,9,14,0,52,28.3,26.5,0.0,3.1,50.5,1003.3,43.0,S,16,Sakhir,McLaren
36,22,NOR,37,0,9,9,14,0,52,28.3,26.5,0.0,2.8,50.8,1003.4,17.0,S,17,Sakhir,McLaren
37,22,NOR,38,1,9,9,14,0,52,28.2,26.5,0.0,3.0,50.9,1003.2,55.0,S,18,Sakhir,McLaren
38,22,NOR,39,0,9,8,14,0,52,28.1,26.5,0.0,2.3,51.0,1003.4,28.0,S,19,Sakhir,McLaren
39,22,NOR,40,0,8,7,14,0,52,28.0,26.4,0.0,2.4,51.5,1003.3,45.0,S,20,Sakhir,McLaren
40,22,NOR,41,1,7,8,14,0,52,28.0,26.4,0.0,2.6,51.7,1003.2,31.0,S,21,Sakhir,McLaren
41,22,NOR,42,0,8,8,14,0,51,28.0,26.4,0.0,3.3,51.8,1003.2,23.0,S,22,Sakhir,McLaren
42,22,NOR,43,1,8,8,14,0,51,28.0,26.3,0.0,3.2,52.0,1003.1,69.0,S,23,Sakhir,McLaren
43,22,NOR,44,0,8,7,14,0,51,27.8,26.3,0.0,2.6,52.3,1003.3,62.0,S,24,Sakhir,McLaren
44,22,NOR,45,0,7,7,14,0,51,27.8,26.3,0.0,2.5,52.5,1003.4,59.0,S,25,Sakhir,McLaren
45,22,NOR,46,0,7,7,14,0,51,27.7,26.2,0.0,2.6,52.9,1003.4,39.0,S,26,Sakhir,McLaren
46,22,NOR,47,0,7,7,14,0,51,27.7,26.2,0.0,2.9,53.0,1003.3,60.0,S,27,Sakhir,McLaren
47,22,NOR,48,0,7,7,14,0,51,27.6,26.2,0.0,3.3,53.2,1003.3,33.0,S,28,Sakhir,McLaren
48,22,NOR,49,0,7,7,14,0,51,27.5,26.1,0.0,2.9,53.5,1003.2,58.0,S,29,Sakhir,McLaren
49,22,NOR,50,0,7,7,14,0,52,27.5,26.1,0.0,2.9,53.8,1003.1,60.0,S,30,Sakhir,McLaren
50,22,NOR,51,0,7,7,14,0,52,27.5,26.1,0.0,3.6,53.6,1003.0,19.0,S,31,Sakhir,McLaren
51,22,NOR,52,0,7,7,14,0,52,27.5,26.1,0.0,2.9,53.7,1003.4,57.0,S,32,Sakhir,McLaren
52,22,NOR,53,0,7,7,14,0,53,27.5,26.1,0.0,2.9,53.9,1003.0,13.0,S,33,Sakhir,McLaren
53,22,NOR,54,1,7,6,14,0,52,27.5,26.1,0.0,3.4,53.9,1003.1,25.0,S,34,Sakhir,McLaren
54,22,NOR,55,2,6,6,14,0,50,27.6,26.1,0.0,3.2,53.7,1003.1,41.0,S,35,Sakhir,McLaren
55,22,NOR,56,2,6,6,14,0,50,27.4,26.1,0.0,2.5,54.1,1003.2,19.0,S,36,Sakhir,McLaren
56,22,NOR,57,2,6,6,14,0,51,27.4,26.1,0.0,3.5,54.2,1003.2,57.0,S,37,Sakhir,McLaren
0,22,RIC,1,1,9,9,9,0,56,29.3,26.1,0.0,2.3,53.9,1003.5,22.0,S,0,Sakhir,Renault
1,22,RIC,2,1,9,9,9,0,61,29.3,26.1,0.0,3.0,53.7,1003.5,70.0,S,1,Sakhir,Renault
2,22,RIC,3,0,9,9,9,0,50,29.3,26.2,0.0,1.6,53.6,1003.4,11.0,S,2,Sakhir,Renault
3,22,RIC,4,1,9,7,9,0,42,29.3,26.2,0.0,1.9,54.0,1003.4,10.0,S,3,Sakhir,Renault
4,22,RIC,5,0,7,7,9,0,41,29.2,26.2,0.0,3.1,54.0,1003.5,41.0,S,4,Sakhir,Renault
5,22,RIC,6,1,7,6,9,0,40,29.3,26.2,0.0,3.4,54.2,1003.5,59.0,S,5,Sakhir,Renault
6,22,RIC,7,0,6,6,9,0,38,29.2,26.2,0.0,2.3,54.3,1003.5,15.0,S,6,Sakhir,Renault
7,22,RIC,8,0,6,6,9,0,36,29.1,26.2,0.0,2.4,54.3,1003.5,355.0,S,7,Sakhir,Renault
8,22,RIC,9,0,6,6,9,0,34,28.8,26.1,0.0,2.5,55.1,1003.5,334.0,S,8,Sakhir,Renault
9,22,RIC,10,0,6,6,9,0,34,28.8,26.1,0.0,1.7,55.0,1003.5,33.0,S,9,Sakhir,Renault
10,22,RIC,11,0,6,6,9,0,34,28.8,26.1,0.0,2.5,55.2,1003.6,4.0,S,10,Sakhir,Renault
11,22,RIC,12,0,6,5,9,0,34,28.8,26.1,0.0,1.8,55.1,1003.8,29.0,S,11,Sakhir,Renault
12,22,RIC,13,1,5,4,9,0,34,28.8,26.1,0.0,2.0,55.3,1003.7,17.0,S,12,Sakhir,Renault
13,22,RIC,14,0,4,2,9,0,34,28.8,26.1,0.0,2.1,55.5,1003.7,47.0,S,13,Sakhir,Renault
14,22,RIC,15,0,2,2,9,0,35,28.7,26.1,0.0,2.4,55.5,1003.7,34.0,S,14,Sakhir,Renault
15,22,RIC,16,0,2,4,9,0,31,28.7,26.1,0.0,2.7,55.3,1003.7,2.0,S,15,Sakhir,Renault
16,22,RIC,17,0,4,4,9,0,30,28.8,26.1,0.0,2.2,54.8,1003.7,85.0,S,16,Sakhir,Renault
17,22,RIC,18,0,4,6,9,0,30,28.8,26.1,0.0,2.3,54.0,1003.7,59.0,S,17,Sakhir,Renault
18,22,RIC,19,0,6,6,9,0,31,29.0,26.2,0.0,2.5,53.6,1003.7,345.0,S,18,Sakhir,Renault
19,22,RIC,20,0,6,6,9,0,31,28.8,26.3,0.0,2.2,53.1,1003.6,30.0,S,19,Sakhir,Renault
20,22,RIC,21,0,6,6,9,0,31,28.8,26.3,0.0,2.2,52.8,1003.5,50.0,S,20,Sakhir,Renault
21,22,RIC,22,0,6,6,9,0,31,28.9,26.3,0.0,2.5,52.2,1003.6,63.0,S,21,Sakhir,Renault
22,22,RIC,23,0,6,6,9,0,31,28.8,26.5,0.0,2.5,50.4,1003.3,44.0,S,22,Sakhir,Renault
23,22,RIC,24,0,6,9,9,0,30,28.8,26.5,0.0,3.2,49.0,1003.2,40.0,S,23,Sakhir,Renault
24,22,RIC,25,0,9,13,9,0,30,28.9,26.6,0.0,2.3,48.9,1003.3,12.0,M,0,Sakhir,Renault
25,22,RIC,26,0,13,12,9,0,30,28.7,26.6,0.0,2.9,48.9,1003.4,22.0,M,1,Sakhir,Renault
26,22,RIC,27,0,12,12,9,0,30,28.6,26.6,0.0,2.5,49.1,1003.3,41.0,M,2,Sakhir,Renault
27,22,RIC,28,0,12,12,9,0,30,28.6,26.6,0.0,2.4,49.4,1003.3,9.0,M,3,Sakhir,Renault
28,22,RIC,29,0,12,12,9,0,30,28.5,26.6,0.0,3.1,49.5,1003.2,36.0,M,4,Sakhir,Renault
29,22,RIC,30,0,12,11,9,0,30,28.4,26.6,0.0,2.6,49.9,1003.2,38.0,M,5,Sakhir,Renault
30,22,RIC,31,0,11,11,9,0,31,28.4,26.6,0.0,2.6,49.9,1003.2,54.0,M,6,Sakhir,Renault
31,22,RIC,32,0,11,11,9,0,31,28.3,26.5,0.0,2.9,50.0,1003.4,357.0,M,7,Sakhir,Renault
32,22,RIC,33,0,11,9,9,0,31,28.3,26.5,0.0,3.1,50.5,1003.3,43.0,M,8,Sakhir,Renault
33,22,RIC,34,0,9,8,9,0,32,28.3,26.5,0.0,2.0,50.5,1003.3,65.0,M,9,Sakhir,Renault
34,22,RIC,35,0,8,7,9,0,33,28.3,26.5,0.0,2.8,50.8,1003.4,17.0,M,10,Sakhir,Renault
35,22,RIC,36,0,7,7,9,0,33,28.2,26.5,0.0,3.0,50.9,1003.2,55.0,M,11,Sakhir,Renault
36,22,RIC,37,0,7,7,9,0,33,28.0,26.4,0.0,2.6,51.7,1003.2,31.0,M,12,Sakhir,Renault
37,22,RIC,38,1,7,7,9,0,34,28.0,26.4,0.0,3.3,51.8,1003.2,23.0,M,13,Sakhir,Renault
38,22,RIC,39,0,7,7,9,0,34,28.0,26.3,0.0,2.7,51.7,1003.3,53.0,M,14,Sakhir,Renault
39,22,RIC,40,0,7,6,9,0,34,28.0,26.3,0.0,3.4,51.8,1003.2,22.0,M,15,Sakhir,Renault
40,22,RIC,41,1,6,7,9,0,34,28.0,26.3,0.0,3.2,52.0,1003.1,69.0,M,16,Sakhir,Renault
41,22,RIC,42,0,7,7,9,0,34,27.7,26.3,0.0,3.1,52.7,1003.2,63.0,M,17,Sakhir,Renault
42,22,RIC,43,1,7,7,9,0,34,27.7,26.2,0.0,2.9,53.0,1003.3,60.0,M,18,Sakhir,Renault
43,22,RIC,44,0,7,8,9,0,34,27.5,26.1,0.0,2.9,53.5,1003.2,58.0,M,19,Sakhir,Renault
44,22,RIC,45,0,8,9,9,0,33,27.5,26.1,0.0,2.9,53.8,1003.1,60.0,M,20,Sakhir,Renault
45,22,RIC,46,0,9,9,9,0,33,27.5,26.1,0.0,3.6,53.6,1003.0,19.0,M,21,Sakhir,Renault
46,22,RIC,47,0,9,9,9,0,34,27.5,26.1,0.0,2.9,53.7,1003.4,57.0,M,22,Sakhir,Renault
47,22,RIC,48,0,9,9,9,0,34,27.6,26.1,0.0,2.3,53.9,1003.3,30.0,M,23,Sakhir,Renault
48,22,RIC,49,0,9,9,9,0,34,27.5,26.1,0.0,2.9,53.9,1003.0,13.0,M,24,Sakhir,Renault
49,22,RIC,50,0,9,9,9,0,35,27.5,26.1,0.0,3.4,53.9,1003.1,25.0,M,25,Sakhir,Renault
50,22,RIC,51,0,9,9,9,0,35,27.6,26.1,0.0,3.2,53.7,1003.1,41.0,M,26,Sakhir,Renault
51,22,RIC,52,0,9,10,9,0,35,27.4,26.1,0.0,2.5,54.1,1003.2,19.0,M,27,Sakhir,Renault
52,22,RIC,53,0,10,10,9,0,36,27.4,26.1,0.0,3.5,54.2,1003.2,57.0,M,28,Sakhir,Renault
0,22,GRO,1,1,20,20,20,0,36,29.3,26.1,0.0,3.0,53.7,1003.5,70.0,S,3,Sakhir,Haas F1 Team
1,22,GRO,2,1,20,20,20,0,22,29.2,26.2,0.0,3.1,54.0,1003.5,41.0,M,0,Sakhir,Haas F1 Team
2,22,GRO,3,0,20,20,20,0,28,28.8,26.1,0.0,1.8,55.1,1003.8,29.0,M,1,Sakhir,Haas F1 Team
3,22,GRO,4,1,20,20,20,0,35,28.8,26.1,0.0,2.1,55.2,1003.7,26.0,M,2,Sakhir,Haas F1 Team
4,22,GRO,5,0,20,19,20,0,39,28.7,26.1,0.0,2.4,55.5,1003.7,34.0,M,3,Sakhir,Haas F1 Team
5,22,GRO,6,1,19,19,20,0,40,28.8,26.1,0.0,2.3,54.0,1003.7,59.0,M,4,Sakhir,Haas F1 Team
6,22,GRO,7,0,19,19,20,0,39,28.9,26.3,0.0,2.5,52.2,1003.6,63.0,M,5,Sakhir,Haas F1 Team
7,22,GRO,8,0,19,19,20,0,38,28.9,26.4,0.0,2.1,51.9,1003.6,59.0,M,6,Sakhir,Haas F1 Team
8,22,GRO,9,0,19,19,20,0,38,28.9,26.5,0.0,1.9,51.3,1003.5,12.0,M,7,Sakhir,Haas F1 Team
9,22,GRO,10,0,19,19,20,0,39,28.3,26.5,0.0,3.1,50.5,1003.3,43.0,M,8,Sakhir,Haas F1 Team
10,22,GRO,11,0,19,19,20,0,41,28.1,26.4,0.0,2.8,51.3,1003.3,52.0,M,9,Sakhir,Haas F1 Team
11,22,GRO,12,0,19,19,20,0,42,27.8,26.3,0.0,2.6,52.3,1003.3,62.0,M,10,Sakhir,Haas F1 Team
12,22,GRO,13,1,19,19,20,0,42,27.6,26.2,0.0,3.3,53.2,1003.3,33.0,M,11,Sakhir,Haas F1 Team
13,22,GRO,14,0,19,19,20,0,43,27.5,26.1,0.0,2.9,53.8,1003.1,60.0,M,12,Sakhir,Haas F1 Team
14,22,GRO,15,0,19,19,20,0,41,27.5,26.1,0.0,3.6,53.6,1003.0,19.0,M,13,Sakhir,Haas F1 Team
15,22,GRO,16,0,19,20,20,1,38,27.5,26.1,0.0,2.9,53.7,1003.4,57.0,M,14,Sakhir,Haas F1 Team
0,22,ALB,1,1,13,13,13,0,61,29.2,26.1,0.0,2.3,54.5,1003.3,16.0,S,3,Sakhir,Toro Rosso
1,22,ALB,2,1,13,14,13,0,66,29.3,26.1,0.0,2.3,53.9,1003.5,22.0,S,4,Sakhir,Toro Rosso
2,22,ALB,3,0,14,14,13,0,60,29.3,26.2,0.0,1.6,53.6,1003.4,11.0,S,5,Sakhir,Toro Rosso
3,22,ALB,4,1,14,13,13,0,57,29.3,26.2,0.0,1.9,54.0,1003.4,10.0,S,6,Sakhir,Toro Rosso
4,22,ALB,5,0,13,13,13,0,58,29.2,26.2,0.0,3.1,54.0,1003.5,41.0,S,7,Sakhir,Toro Rosso
5,22,ALB,6,1,13,13,13,0,58,29.2,26.2,0.0,3.1,53.9,1003.5,29.0,S,8,Sakhir,Toro Rosso
6,22,ALB,7,0,13,13,13,0,56,29.1,26.2,0.0,2.9,54.2,1003.6,40.0,S,9,Sakhir,Toro Rosso
7,22,ALB,8,0,13,13,13,0,53,29.1,26.2,0.0,2.4,54.3,1003.5,355.0,S,10,Sakhir,Toro Rosso
8,22,ALB,9,0,13,14,13,0,50,28.9,26.1,0.0,3.1,54.7,1003.5,53.0,S,11,Sakhir,Toro Rosso
9,22,ALB,10,0,14,16,13,0,48,28.8,26.1,0.0,2.5,55.1,1003.5,334.0,S,0,Sakhir,Toro Rosso
10,22,ALB,11,0,16,16,13,0,49,28.8,26.1,0.0,2.5,54.9,1003.6,31.0,S,1,Sakhir,Toro Rosso
11,22,ALB,12,0,16,15,13,0,50,28.8,26.1,0.0,2.1,55.2,1003.7,26.0,S,2,Sakhir,Toro Rosso
12,22,ALB,13,1,15,14,13,0,49,28.8,26.1,0.0,2.0,55.3,1003.7,17.0,S,3,Sakhir,Toro Rosso
13,22,ALB,14,0,14,14,13,0,49,28.8,26.1,0.0,2.1,55.5,1003.7,47.0,S,4,Sakhir,Toro Rosso
14,22,ALB,15,0,14,14,13,0,48,28.7,26.1,0.0,2.4,55.5,1003.7,34.0,S,5,Sakhir,Toro Rosso
15,22,ALB,16,0,14,14,13,0,47,28.8,26.1,0.0,2.3,54.0,1003.7,59.0,S,6,Sakhir,Toro Rosso
16,22,ALB,17,0,14,13,13,0,47,29.0,26.3,0.0,3.0,53.4,1003.5,31.0,S,7,Sakhir,Toro Rosso
17,22,ALB,18,0,13,12,13,0,47,28.8,26.3,0.0,2.2,53.1,1003.6,30.0,S,8,Sakhir,Toro Rosso
18,22,ALB,19,0,12,12,13,0,48,28.8,26.3,0.0,2.2,52.8,1003.5,50.0,S,9,Sakhir,Toro Rosso
19,22,ALB,20,0,12,12,13,0,48,28.9,26.3,0.0,2.5,52.2,1003.6,63.0,S,10,Sakhir,Toro Rosso
20,22,ALB,21,0,12,12,13,0,48,28.9,26.5,0.0,2.7,51.3,1003.4,31.0,S,11,Sakhir,Toro Rosso
21,22,ALB,22,0,12,12,13,0,48,28.8,26.5,0.0,2.1,50.9,1003.4,39.0,S,12,Sakhir,Toro Rosso
22,22,ALB,23,0,12,12,13,0,48,28.8,26.5,0.0,2.5,50.4,1003.3,44.0,S,13,Sakhir,Toro Rosso
23,22,ALB,24,0,12,12,13,0,49,28.8,26.5,0.0,3.2,49.0,1003.2,40.0,S,14,Sakhir,Toro Rosso
24,22,ALB,25,0,12,12,13,0,49,28.9,26.6,0.0,2.3,48.9,1003.3,12.0,S,15,Sakhir,Toro Rosso
25,22,ALB,26,0,12,15,13,0,48,28.7,26.6,0.0,2.9,48.9,1003.4,22.0,M,0,Sakhir,Toro Rosso
26,22,ALB,27,0,15,15,13,0,48,28.6,26.6,0.0,2.5,49.1,1003.3,41.0,M,1,Sakhir,Toro Rosso
27,22,ALB,28,0,15,15,13,0,48,28.6,26.6,0.0,2.5,49.2,1003.4,50.0,M,2,Sakhir,Toro Rosso
28,22,ALB,29,0,15,15,13,0,49,28.4,26.6,0.0,2.6,49.7,1003.2,19.0,M,3,Sakhir,Toro Rosso
29,22,ALB,30,0,15,15,13,0,49,28.4,26.6,0.0,2.6,49.9,1003.2,38.0,M,4,Sakhir,Toro Rosso
30,22,ALB,31,0,15,15,13,0,50,28.4,26.6,0.0,2.6,49.9,1003.2,54.0,M,5,Sakhir,Toro Rosso
31,22,ALB,32,0,15,15,13,0,50,28.3,26.5,0.0,2.9,50.0,1003.4,357.0,M,6,Sakhir,Toro Rosso
32,22,ALB,33,0,15,15,13,0,50,28.3,26.5,0.0,2.3,50.2,1003.4,50.0,M,7,Sakhir,Toro Rosso
33,22,ALB,34,0,15,13,13,0,51,28.1,26.5,0.0,2.3,51.0,1003.4,28.0,M,8,Sakhir,Toro Rosso
34,22,ALB,35,0,13,13,13,0,51,28.1,26.4,0.0,2.8,51.3,1003.3,52.0,M,9,Sakhir,Toro Rosso
35,22,ALB,36,0,13,12,13,0,51,28.0,26.4,0.0,2.4,51.5,1003.3,45.0,M,10,Sakhir,Toro Rosso
36,22,ALB,37,0,12,12,13,0,51,28.0,26.4,0.0,2.4,51.5,1003.3,45.0,M,11,Sakhir,Toro Rosso
37,22,ALB,38,1,12,12,13,0,51,28.0,26.4,0.0,3.3,51.8,1003.2,23.0,M,12,Sakhir,Toro Rosso
38,22,ALB,39,0,12,11,13,0,51,28.0,26.3,0.0,3.4,51.8,1003.2,22.0,M,13,Sakhir,Toro Rosso
39,22,ALB,40,0,11,10,13,0,51,28.0,26.3,0.0,2.8,51.8,1003.2,47.0,M,14,Sakhir,Toro Rosso
40,22,ALB,41,1,10,10,13,0,51,28.0,26.3,0.0,3.2,52.0,1003.1,69.0,M,15,Sakhir,Toro Rosso
41,22,ALB,42,0,10,10,13,0,51,27.8,26.3,0.0,2.5,52.5,1003.4,59.0,M,16,Sakhir,Toro Rosso
42,22,ALB,43,1,10,10,13,0,51,27.7,26.3,0.0,3.1,52.7,1003.2,63.0,M,17,Sakhir,Toro Rosso
43,22,ALB,44,0,10,11,13,0,51,27.7,26.2,0.0,2.8,52.8,1003.2,63.0,M,18,Sakhir,Toro Rosso
44,22,ALB,45,0,11,11,13,0,50,27.7,26.2,0.0,2.6,52.9,1003.4,39.0,M,19,Sakhir,Toro Rosso
45,22,ALB,46,0,11,11,13,0,50,27.7,26.2,0.0,2.9,53.0,1003.3,60.0,M,20,Sakhir,Toro Rosso
46,22,ALB,47,0,11,11,13,0,51,27.6,26.2,0.0,3.3,53.2,1003.3,33.0,M,21,Sakhir,Toro Rosso
47,22,ALB,48,0,11,11,13,0,50,27.5,26.1,0.0,2.9,53.5,1003.2,58.0,M,22,Sakhir,Toro Rosso
48,22,ALB,49,0,11,11,13,0,51,27.5,26.1,0.0,2.9,53.8,1003.1,60.0,M,23,Sakhir,Toro Rosso
49,22,ALB,50,0,11,11,13,0,51,27.5,26.1,0.0,2.9,53.7,1003.4,57.0,M,24,Sakhir,Toro Rosso
50,22,ALB,51,0,11,11,13,0,51,27.5,26.1,0.0,2.5,53.7,1003.3,44.0,M,25,Sakhir,Toro Rosso
51,22,ALB,52,0,11,11,13,0,51,27.6,26.1,0.0,2.3,53.9,1003.3,30.0,M,26,Sakhir,Toro Rosso
52,22,ALB,53,0,11,11,13,0,52,27.5,26.1,0.0,2.9,53.9,1003.0,13.0,M,27,Sakhir,Toro Rosso
53,22,ALB,54,1,11,9,13,0,51,27.5,26.1,0.0,3.4,53.9,1003.1,25.0,M,28,Sakhir,Toro Rosso
54,22,ALB,55,2,9,9,13,0,50,27.6,26.1,0.0,3.4,53.8,1003.1,24.0,M,29,Sakhir,Toro Rosso
55,22,ALB,56,2,9,9,13,0,50,27.4,26.1,0.0,3.0,54.1,1003.1,56.0,M,30,Sakhir,Toro Rosso
56,22,ALB,57,2,9,9,13,0,51,27.4,26.1,0.0,3.5,54.2,1003.2,57.0,M,31,Sakhir,Toro Rosso
0,22,GAS,1,1,12,12,12,0,61,29.2,26.1,0.0,2.3,54.5,1003.3,16.0,S,3,Sakhir,Red Bull Racing
1,22,GAS,2,1,12,12,12,0,66,29.3,26.1,0.0,2.3,53.9,1003.5,22.0,S,4,Sakhir,Red Bull Racing
2,22,GAS,3,0,12,12,12,0,62,29.3,26.2,0.0,1.6,53.6,1003.4,11.0,S,5,Sakhir,Red Bull Racing
3,22,GAS,4,1,12,11,12,0,58,29.2,26.2,0.0,3.1,53.9,1003.5,29.0,S,6,Sakhir,Red Bull Racing
4,22,GAS,5,0,11,11,12,0,57,29.3,26.2,0.0,3.4,54.2,1003.5,59.0,S,7,Sakhir,Red Bull Racing
5,22,GAS,6,1,11,11,12,0,55,29.2,26.2,0.0,2.3,54.3,1003.5,15.0,S,8,Sakhir,Red Bull Racing
6,22,GAS,7,0,11,12,12,0,52,29.1,26.2,0.0,2.4,54.3,1003.5,355.0,S,9,Sakhir,Red Bull Racing
7,22,GAS,8,0,12,12,12,0,51,29.1,26.2,0.0,2.9,54.4,1003.6,49.0,S,10,Sakhir,Red Bull Racing
8,22,GAS,9,0,12,13,12,0,50,28.9,26.2,0.0,2.7,54.3,1003.6,41.0,S,11,Sakhir,Red Bull Racing
9,22,GAS,10,0,13,17,12,0,50,28.8,26.1,0.0,1.7,55.0,1003.5,33.0,S,0,Sakhir,Red Bull Racing
10,22,GAS,11,0,17,17,12,0,52,28.8,26.1,0.0,2.5,54.9,1003.6,31.0,S,1,Sakhir,Red Bull Racing
11,22,GAS,12,0,17,14,12,0,53,28.8,26.1,0.0,2.1,55.2,1003.7,26.0,S,2,Sakhir,Red Bull Racing
12,22,GAS,13,1,14,13,12,0,53,28.8,26.1,0.0,2.0,55.3,1003.7,17.0,S,3,Sakhir,Red Bull Racing
13,22,GAS,14,0,13,13,12,0,53,28.8,26.1,0.0,2.1,55.5,1003.7,47.0,S,4,Sakhir,Red Bull Racing
14,22,GAS,15,0,13,13,12,0,53,28.7,26.1,0.0,2.7,55.3,1003.7,2.0,S,5,Sakhir,Red Bull Racing
15,22,GAS,16,0,13,13,12,0,50,28.7,26.1,0.0,2.1,55.2,1003.7,27.0,S,6,Sakhir,Red Bull Racing
16,22,GAS,17,0,13,11,12,0,50,28.8,26.1,0.0,2.3,54.0,1003.7,59.0,S,7,Sakhir,Red Bull Racing
17,22,GAS,18,0,11,11,12,0,51,29.0,26.3,0.0,3.0,53.4,1003.5,31.0,S,8,Sakhir,Red Bull Racing
18,22,GAS,19,0,11,11,12,0,51,28.9,26.3,0.0,2.5,52.2,1003.6,63.0,S,9,Sakhir,Red Bull Racing
19,22,GAS,20,0,11,11,12,0,51,28.9,26.4,0.0,2.1,51.9,1003.6,59.0,S,10,Sakhir,Red Bull Racing
20,22,GAS,21,0,11,11,12,0,51,28.9,26.5,0.0,2.7,51.3,1003.4,31.0,S,11,Sakhir,Red Bull Racing
21,22,GAS,22,0,11,10,12,0,51,28.8,26.5,0.0,2.1,50.9,1003.4,39.0,S,12,Sakhir,Red Bull Racing
22,22,GAS,23,0,10,10,12,0,51,28.8,26.5,0.0,3.2,49.0,1003.2,40.0,S,13,Sakhir,Red Bull Racing
23,22,GAS,24,0,10,10,12,0,51,28.7,26.6,0.0,2.9,48.9,1003.4,22.0,S,14,Sakhir,Red Bull Racing
24,22,GAS,25,0,10,9,12,0,51,28.6,26.6,0.0,2.5,49.1,1003.3,41.0,S,15,Sakhir,Red Bull Racing
25,22,GAS,26,0,9,9,12,0,51,28.6,26.6,0.0,2.4,49.4,1003.3,9.0,S,16,Sakhir,Red Bull Racing
26,22,GAS,27,0,9,9,12,0,52,28.5,26.6,0.0,3.1,49.5,1003.2,36.0,S,17,Sakhir,Red Bull Racing
27,22,GAS,28,0,9,9,12,0,52,28.4,26.6,0.0,2.6,49.7,1003.2,19.0,S,18,Sakhir,Red Bull Racing
28,22,GAS,29,0,9,9,12,0,52,28.4,26.6,0.0,2.6,49.9,1003.2,54.0,S,19,Sakhir,Red Bull Racing
29,22,GAS,30,0,9,9,12,0,52,28.3,26.5,0.0,2.3,50.2,1003.4,50.0,S,20,Sakhir,Red Bull Racing
30,22,GAS,31,0,9,9,12,0,52,28.3,26.5,0.0,3.1,50.5,1003.3,43.0,S,21,Sakhir,Red Bull Racing
31,22,GAS,32,0,9,9,12,0,52,28.3,26.5,0.0,2.0,50.5,1003.3,65.0,S,22,Sakhir,Red Bull Racing
32,22,GAS,33,0,9,7,12,0,52,28.3,26.5,0.0,2.8,50.8,1003.4,17.0,S,23,Sakhir,Red Bull Racing
33,22,GAS,34,0,7,7,12,0,53,28.1,26.5,0.0,2.3,51.0,1003.4,28.0,S,24,Sakhir,Red Bull Racing
34,22,GAS,35,0,7,6,12,0,53,28.0,26.4,0.0,2.4,51.5,1003.3,45.0,S,25,Sakhir,Red Bull Racing
35,22,GAS,36,0,6,6,12,0,53,28.0,26.4,0.0,2.6,51.7,1003.2,31.0,S,26,Sakhir,Red Bull Racing
36,22,GAS,37,0,6,6,12,0,54,28.0,26.4,0.0,3.3,51.8,1003.2,23.0,S,27,Sakhir,Red Bull Racing
37,22,GAS,38,1,6,6,12,0,54,28.0,26.3,0.0,3.4,51.8,1003.2,22.0,S,28,Sakhir,Red Bull Racing
38,22,GAS,39,0,6,5,12,0,54,28.0,26.3,0.0,2.8,51.8,1003.2,47.0,S,29,Sakhir,Red Bull Racing
39,22,GAS,40,0,5,11,12,0,54,27.8,26.3,0.0,2.6,52.3,1003.3,62.0,M,0,Sakhir,Red Bull Racing
40,22,GAS,41,1,11,11,12,0,54,27.7,26.3,0.0,3.1,52.7,1003.2,63.0,M,1,Sakhir,Red Bull Racing
41,22,GAS,42,0,11,11,12,0,54,27.7,26.2,0.0,2.8,52.8,1003.2,63.0,M,2,Sakhir,Red Bull Racing
42,22,GAS,43,1,11,11,12,0,54,27.7,26.2,0.0,2.6,52.9,1003.4,39.0,M,3,Sakhir,Red Bull Racing
43,22,GAS,44,0,11,10,12,0,54,27.7,26.2,0.0,2.9,53.0,1003.3,60.0,M,4,Sakhir,Red Bull Racing
44,22,GAS,45,0,10,10,12,0,55,27.6,26.2,0.0,3.3,53.2,1003.3,33.0,M,5,Sakhir,Red Bull Racing
45,22,GAS,46,0,10,10,12,0,55,27.6,26.2,0.0,3.3,53.3,1003.4,56.0,M,6,Sakhir,Red Bull Racing
46,22,GAS,47,0,10,10,12,0,56,27.5,26.1,0.0,2.9,53.8,1003.1,60.0,M,7,Sakhir,Red Bull Racing
47,22,GAS,48,0,10,10,12,0,56,27.5,26.1,0.0,3.6,53.6,1003.0,19.0,M,8,Sakhir,Red Bull Racing
48,22,GAS,49,0,10,10,12,0,56,27.5,26.1,0.0,2.5,53.7,1003.3,44.0,M,9,Sakhir,Red Bull Racing
49,22,GAS,50,0,10,10,12,0,57,27.6,26.1,0.0,2.3,53.9,1003.3,30.0,M,10,Sakhir,Red Bull Racing
50,22,GAS,51,0,10,10,12,0,57,27.6,26.1,0.0,2.6,53.9,1003.3,52.0,M,11,Sakhir,Red Bull Racing
51,22,GAS,52,0,10,9,12,0,58,27.6,26.1,0.0,2.7,53.8,1003.2,40.0,M,12,Sakhir,Red Bull Racing
52,22,GAS,53,0,9,9,12,0,59,27.5,26.1,0.0,2.9,53.9,1003.0,13.0,M,13,Sakhir,Red Bull Racing
53,22,GAS,54,1,9,8,12,0,58,27.6,26.1,0.0,3.2,53.7,1003.1,41.0,M,14,Sakhir,Red Bull Racing
54,22,GAS,55,2,8,8,12,0,55,27.4,26.1,0.0,3.0,54.1,1003.1,56.0,M,15,Sakhir,Red Bull Racing
55,22,GAS,56,2,8,8,12,0,54,27.4,26.1,0.0,2.5,54.1,1003.2,19.0,M,16,Sakhir,Red Bull Racing
56,22,GAS,57,2,8,8,12,0,53,27.4,26.1,0.0,3.5,54.2,1003.2,57.0,M,17,Sakhir,Red Bull Racing
0,22,PER,1,1,10,10,10,0,50,29.2,26.1,0.0,2.8,54.1,1003.5,45.0,S,0,Sakhir,Racing Point
1,22,PER,2,1,10,10,10,0,59,29.3,26.1,0.0,2.3,53.9,1003.5,22.0,S,1,Sakhir,Racing Point
2,22,PER,3,0,10,10,10,0,52,29.3,26.1,0.0,3.0,53.7,1003.5,70.0,S,2,Sakhir,Racing Point
3,22,PER,4,1,10,10,10,0,45,29.3,26.2,0.0,1.6,53.6,1003.4,11.0,S,3,Sakhir,Racing Point
4,22,PER,5,0,10,10,10,0,44,29.3,26.2,0.0,1.9,54.0,1003.4,10.0,S,4,Sakhir,Racing Point
5,22,PER,6,1,10,10,10,0,41,29.2,26.2,0.0,3.1,54.0,1003.5,41.0,S,5,Sakhir,Racing Point
6,22,PER,7,0,10,9,10,0,39,29.2,26.2,0.0,3.1,53.9,1003.5,29.0,S,6,Sakhir,Racing Point
7,22,PER,8,0,9,11,10,0,35,29.3,26.2,0.0,3.4,54.2,1003.5,59.0,S,7,Sakhir,Racing Point
8,22,PER,9,0,11,17,10,0,33,29.2,26.2,0.0,2.3,54.3,1003.4,3.0,M,0,Sakhir,Racing Point
9,22,PER,10,0,17,15,10,0,34,29.1,26.2,0.0,2.9,54.2,1003.6,40.0,M,1,Sakhir,Racing Point
10,22,PER,11,0,15,11,10,0,35,29.1,26.2,0.0,2.4,54.3,1003.5,355.0,M,2,Sakhir,Racing Point
11,22,PER,12,0,11,10,10,0,35,29.1,26.2,0.0,2.9,54.4,1003.6,49.0,M,3,Sakhir,Racing Point
12,22,PER,13,1,10,9,10,0,36,28.9,26.2,0.0,2.7,54.3,1003.6,41.0,M,4,Sakhir,Racing Point
13,22,PER,14,0,9,11,10,0,36,28.8,26.1,0.0,2.5,55.1,1003.5,334.0,M,5,Sakhir,Racing Point
14,22,PER,15,0,11,11,10,0,36,28.8,26.1,0.0,2.5,54.9,1003.6,31.0,M,6,Sakhir,Racing Point
15,22,PER,16,0,11,11,10,0,35,28.8,26.1,0.0,2.5,55.2,1003.6,4.0,M,7,Sakhir,Racing Point
16,22,PER,17,0,11,10,10,0,35,28.9,26.1,0.0,1.6,55.2,1003.7,352.0,M,8,Sakhir,Racing Point
17,22,PER,18,0,10,10,10,0,36,28.8,26.1,0.0,1.8,55.1,1003.8,29.0,M,9,Sakhir,Racing Point
18,22,PER,19,0,10,10,10,0,36,28.8,26.1,0.0,2.0,55.3,1003.7,17.0,M,10,Sakhir,Racing Point
19,22,PER,20,0,10,10,10,0,36,28.8,26.1,0.0,2.2,54.8,1003.7,85.0,M,11,Sakhir,Racing Point
20,22,PER,21,0,10,10,10,0,36,29.0,26.2,0.0,2.5,53.6,1003.7,345.0,M,12,Sakhir,Racing Point
21,22,PER,22,0,10,11,10,0,36,29.0,26.3,0.0,3.0,53.4,1003.5,31.0,M,13,Sakhir,Racing Point
22,22,PER,23,0,11,11,10,0,36,28.8,26.3,0.0,2.2,52.8,1003.5,50.0,M,14,Sakhir,Racing Point
23,22,PER,24,0,11,11,10,0,36,28.9,26.3,0.0,2.5,52.2,1003.6,63.0,M,15,Sakhir,Racing Point
24,22,PER,25,0,11,10,10,0,36,28.9,26.5,0.0,2.2,51.3,1003.4,37.0,M,16,Sakhir,Racing Point
25,22,PER,26,0,10,10,10,0,36,28.9,26.5,0.0,2.7,51.3,1003.4,31.0,M,17,Sakhir,Racing Point
26,22,PER,27,0,10,10,10,0,36,28.8,26.5,0.0,2.5,50.4,1003.3,44.0,M,18,Sakhir,Racing Point
27,22,PER,28,0,10,10,10,0,36,28.8,26.5,0.0,2.4,50.0,1003.3,30.0,M,19,Sakhir,Racing Point
28,22,PER,29,0,10,10,10,0,36,28.8,26.5,0.0,3.2,49.0,1003.2,40.0,M,20,Sakhir,Racing Point
29,22,PER,30,0,10,10,10,0,36,28.8,26.6,0.0,3.0,48.8,1003.4,27.0,M,21,Sakhir,Racing Point
30,22,PER,31,0,10,10,10,0,36,28.7,26.6,0.0,2.9,48.9,1003.4,22.0,M,22,Sakhir,Racing Point
31,22,PER,32,0,10,10,10,0,36,28.6,26.6,0.0,2.4,49.4,1003.3,9.0,M,23,Sakhir,Racing Point
32,22,PER,33,0,10,11,10,0,35,28.5,26.6,0.0,3.1,49.5,1003.2,36.0,M,24,Sakhir,Racing Point
33,22,PER,34,0,11,15,10,0,36,28.4,26.6,0.0,2.6,49.7,1003.2,19.0,M,0,Sakhir,Racing Point
34,22,PER,35,0,15,15,10,0,36,28.4,26.6,0.0,2.6,49.9,1003.2,38.0,M,1,Sakhir,Racing Point
35,22,PER,36,0,15,15,10,0,36,28.3,26.5,0.0,2.3,50.2,1003.4,50.0,M,2,Sakhir,Racing Point
36,22,PER,37,0,15,15,10,0,36,28.3,26.5,0.0,3.1,50.5,1003.3,43.0,M,3,Sakhir,Racing Point
37,22,PER,38,1,15,14,10,0,37,28.3,26.5,0.0,2.0,50.5,1003.3,65.0,M,4,Sakhir,Racing Point
38,22,PER,39,0,14,13,10,0,37,28.3,26.5,0.0,2.8,50.8,1003.4,17.0,M,5,Sakhir,Racing Point
39,22,PER,40,0,13,13,10,0,37,28.2,26.5,0.0,3.0,50.9,1003.2,55.0,M,6,Sakhir,Racing Point
40,22,PER,41,1,13,12,10,0,37,28.1,26.5,0.0,2.3,51.0,1003.4,28.0,M,7,Sakhir,Racing Point
41,22,PER,42,0,12,12,10,0,37,28.0,26.4,0.0,2.4,51.5,1003.3,45.0,M,8,Sakhir,Racing Point
42,22,PER,43,1,12,12,10,0,37,28.0,26.4,0.0,2.4,51.5,1003.3,45.0,M,9,Sakhir,Racing Point
43,22,PER,44,0,12,12,10,0,37,28.0,26.4,0.0,2.6,51.7,1003.2,31.0,M,10,Sakhir,Racing Point
44,22,PER,45,0,12,12,10,0,36,28.0,26.4,0.0,3.3,51.8,1003.2,23.0,M,11,Sakhir,Racing Point
45,22,PER,46,0,12,12,10,0,36,28.0,26.3,0.0,2.8,51.8,1003.2,47.0,M,12,Sakhir,Racing Point
46,22,PER,47,0,12,12,10,0,36,27.7,26.3,0.0,3.1,52.7,1003.2,63.0,M,13,Sakhir,Racing Point
47,22,PER,48,0,12,12,10,0,36,27.7,26.2,0.0,2.9,53.0,1003.3,60.0,M,14,Sakhir,Racing Point
48,22,PER,49,0,12,12,10,0,37,27.6,26.2,0.0,3.3,53.3,1003.4,56.0,M,15,Sakhir,Racing Point
49,22,PER,50,0,12,12,10,0,37,27.5,26.1,0.0,2.9,53.5,1003.2,58.0,M,16,Sakhir,Racing Point
50,22,PER,51,0,12,12,10,0,37,27.5,26.1,0.0,2.9,53.8,1003.1,60.0,M,17,Sakhir,Racing Point
51,22,PER,52,0,12,12,10,0,38,27.5,26.1,0.0,3.6,53.6,1003.0,19.0,M,18,Sakhir,Racing Point
52,22,PER,53,0,12,12,10,0,38,27.5,26.1,0.0,2.9,53.7,1003.4,57.0,M,19,Sakhir,Racing Point
53,22,PER,54,1,12,10,10,0,36,27.5,26.1,0.0,2.5,53.7,1003.3,44.0,M,20,Sakhir,Racing Point
54,22,PER,55,2,10,10,10,0,34,27.6,26.1,0.0,2.3,53.9,1003.3,30.0,M,21,Sakhir,Racing Point
55,22,PER,56,2,10,10,10,0,34,27.6,26.1,0.0,2.6,53.9,1003.3,52.0,M,22,Sakhir,Racing Point
56,22,PER,57,2,10,10,10,0,33,27.6,26.1,0.0,3.2,53.7,1003.1,41.0,M,23,Sakhir,Racing Point
0,22,KVY,1,1,16,16,16,0,69,29.3,26.0,0.0,2.5,54.4,1003.4,356.0,S,0,Sakhir,Toro Rosso
1,22,KVY,2,1,16,15,16,0,76,29.2,26.1,0.0,2.8,54.1,1003.5,45.0,S,1,Sakhir,Toro Rosso
2,22,KVY,3,0,15,15,16,0,74,29.3,26.1,0.0,3.0,53.7,1003.5,70.0,S,2,Sakhir,Toro Rosso
3,22,KVY,4,1,15,14,16,0,73,29.3,26.2,0.0,1.9,53.8,1003.4,36.0,S,3,Sakhir,Toro Rosso
4,22,KVY,5,0,14,14,16,0,71,29.3,26.2,0.0,1.9,54.0,1003.4,10.0,S,4,Sakhir,Toro Rosso
5,22,KVY,6,1,14,14,16,0,69,29.2,26.2,0.0,3.1,53.9,1003.5,29.0,S,5,Sakhir,Toro Rosso
6,22,KVY,7,0,14,14,16,0,67,29.3,26.2,0.0,3.4,54.2,1003.5,59.0,S,6,Sakhir,Toro Rosso
7,22,KVY,8,0,14,14,16,0,65,29.2,26.2,0.0,2.3,54.3,1003.4,3.0,S,7,Sakhir,Toro Rosso
8,22,KVY,9,0,14,11,16,0,62,29.1,26.2,0.0,2.9,54.2,1003.6,40.0,S,8,Sakhir,Toro Rosso
9,22,KVY,10,0,11,8,16,0,62,29.1,26.2,0.0,2.9,54.4,1003.6,49.0,S,9,Sakhir,Toro Rosso
10,22,KVY,11,0,8,8,16,0,63,28.8,26.1,0.0,1.9,54.9,1003.6,22.0,S,10,Sakhir,Toro Rosso
11,22,KVY,12,0,8,13,16,0,62,28.8,26.1,0.0,2.5,55.2,1003.6,4.0,S,11,Sakhir,Toro Rosso
12,22,KVY,13,1,13,16,16,0,57,28.8,26.1,0.0,1.8,55.1,1003.8,29.0,M,0,Sakhir,Toro Rosso
13,22,KVY,14,0,16,16,16,0,59,28.7,26.1,0.0,2.7,55.3,1003.7,2.0,M,1,Sakhir,Toro Rosso
14,22,KVY,15,0,16,15,16,0,59,28.8,26.1,0.0,2.2,54.8,1003.7,85.0,M,2,Sakhir,Toro Rosso
15,22,KVY,16,0,15,15,16,0,57,29.0,26.2,0.0,2.5,53.6,1003.7,345.0,M,3,Sakhir,Toro Rosso
16,22,KVY,17,0,15,15,16,0,58,29.0,26.3,0.0,3.0,53.4,1003.5,31.0,M,4,Sakhir,Toro Rosso
17,22,KVY,18,0,15,15,16,0,59,28.8,26.3,0.0,2.2,52.8,1003.5,50.0,M,5,Sakhir,Toro Rosso
18,22,KVY,19,0,15,15,16,0,60,28.9,26.4,0.0,2.9,51.3,1003.3,9.0,M,6,Sakhir,Toro Rosso
19,22,KVY,20,0,15,15,16,0,60,28.9,26.5,0.0,2.7,51.3,1003.4,31.0,M,7,Sakhir,Toro Rosso
20,22,KVY,21,0,15,15,16,0,60,28.8,26.5,0.0,2.1,50.9,1003.4,39.0,M,8,Sakhir,Toro Rosso
21,22,KVY,22,0,15,15,16,0,60,28.8,26.5,0.0,2.4,50.0,1003.3,30.0,M,9,Sakhir,Toro Rosso
22,22,KVY,23,0,15,15,16,0,61,28.8,26.5,0.0,3.2,49.0,1003.2,40.0,M,10,Sakhir,Toro Rosso
23,22,KVY,24,0,15,15,16,0,61,28.9,26.6,0.0,2.3,48.9,1003.3,12.0,M,11,Sakhir,Toro Rosso
24,22,KVY,25,0,15,15,16,0,61,28.7,26.6,0.0,2.9,48.9,1003.4,22.0,M,12,Sakhir,Toro Rosso
25,22,KVY,26,0,15,14,16,0,62,28.6,26.6,0.0,2.5,49.1,1003.3,41.0,M,13,Sakhir,Toro Rosso
26,22,KVY,27,0,14,14,16,0,62,28.6,26.6,0.0,2.4,49.4,1003.3,9.0,M,14,Sakhir,Toro Rosso
27,22,KVY,28,0,14,14,16,0,62,28.5,26.6,0.0,3.1,49.5,1003.2,36.0,M,15,Sakhir,Toro Rosso
28,22,KVY,29,0,14,14,16,0,62,28.4,26.6,0.0,2.6,49.7,1003.2,19.0,M,16,Sakhir,Toro Rosso
29,22,KVY,30,0,14,14,16,0,63,28.4,26.6,0.0,2.6,49.9,1003.2,54.0,M,17,Sakhir,Toro Rosso
30,22,KVY,31,0,14,14,16,0,63,28.3,26.5,0.0,2.9,50.0,1003.4,357.0,M,18,Sakhir,Toro Rosso
31,22,KVY,32,0,14,14,16,0,63,28.3,26.5,0.0,2.3,50.2,1003.4,50.0,M,19,Sakhir,Toro Rosso
32,22,KVY,33,0,14,14,16,0,63,28.3,26.5,0.0,3.1,50.5,1003.3,43.0,M,20,Sakhir,Toro Rosso
33,22,KVY,34,0,14,14,16,0,64,28.3,26.5,0.0,2.0,50.5,1003.3,65.0,M,21,Sakhir,Toro Rosso
34,22,KVY,35,0,14,14,16,0,64,28.3,26.5,0.0,2.8,50.8,1003.4,17.0,M,22,Sakhir,Toro Rosso
35,22,KVY,36,0,14,14,16,0,65,28.2,26.5,0.0,3.0,50.9,1003.2,55.0,M,23,Sakhir,Toro Rosso
36,22,KVY,37,0,14,14,16,0,65,28.0,26.4,0.0,2.4,51.5,1003.3,45.0,M,24,Sakhir,Toro Rosso
37,22,KVY,38,1,14,13,16,0,65,28.0,26.4,0.0,2.4,51.5,1003.3,45.0,M,25,Sakhir,Toro Rosso
38,22,KVY,39,0,13,15,16,0,65,28.0,26.4,0.0,2.6,51.7,1003.2,31.0,S,0,Sakhir,Toro Rosso
39,22,KVY,40,0,15,15,16,0,65,28.0,26.4,0.0,3.3,51.8,1003.2,23.0,S,1,Sakhir,Toro Rosso
40,22,KVY,41,1,15,15,16,0,66,28.0,26.3,0.0,2.7,51.7,1003.3,53.0,S,2,Sakhir,Toro Rosso
41,22,KVY,42,0,15,14,16,0,66,28.0,26.3,0.0,3.4,51.8,1003.2,22.0,S,3,Sakhir,Toro Rosso
42,22,KVY,43,1,14,14,16,0,66,27.8,26.3,0.0,2.6,52.3,1003.3,62.0,S,4,Sakhir,Toro Rosso
43,22,KVY,44,0,14,14,16,0,66,27.8,26.3,0.0,2.5,52.5,1003.4,59.0,S,5,Sakhir,Toro Rosso
44,22,KVY,45,0,14,14,16,0,66,27.7,26.3,0.0,3.1,52.7,1003.2,63.0,S,6,Sakhir,Toro Rosso
45,22,KVY,46,0,14,14,16,0,66,27.7,26.2,0.0,2.6,52.9,1003.4,39.0,S,7,Sakhir,Toro Rosso
46,22,KVY,47,0,14,14,16,0,67,27.7,26.2,0.0,2.9,53.0,1003.3,60.0,S,8,Sakhir,Toro Rosso
47,22,KVY,48,0,14,14,16,0,67,27.6,26.2,0.0,3.3,53.3,1003.4,56.0,S,9,Sakhir,Toro Rosso
48,22,KVY,49,0,14,14,16,0,68,27.5,26.1,0.0,3.6,53.6,1003.0,19.0,S,10,Sakhir,Toro Rosso
49,22,KVY,50,0,14,14,16,0,68,27.5,26.1,0.0,2.9,53.7,1003.4,57.0,S,11,Sakhir,Toro Rosso
50,22,KVY,51,0,14,14,16,0,69,27.5,26.1,0.0,2.5,53.7,1003.3,44.0,S,12,Sakhir,Toro Rosso
51,22,KVY,52,0,14,14,16,0,70,27.6,26.1,0.0,2.6,53.9,1003.3,52.0,S,13,Sakhir,Toro Rosso
52,22,KVY,53,0,14,14,16,0,71,27.5,26.1,0.0,2.9,53.9,1003.0,13.0,S,14,Sakhir,Toro Rosso
53,22,KVY,54,1,14,12,16,0,72,27.6,26.1,0.0,3.4,53.8,1003.1,24.0,S,15,Sakhir,Toro Rosso
54,22,KVY,55,2,12,12,16,0,72,27.4,26.1,0.0,3.0,54.1,1003.1,56.0,S,16,Sakhir,Toro Rosso
55,22,KVY,56,2,12,12,16,0,74,27.4,26.1,0.0,2.5,54.1,1003.2,19.0,S,17,Sakhir,Toro Rosso
0,22,GIO,1,1,15,15,15,0,40,29.2,26.1,0.0,2.3,54.5,1003.3,16.0,S,0,Sakhir,Alfa Romeo Racing
1,22,GIO,2,1,15,16,15,0,50,29.3,26.2,0.0,1.9,54.0,1003.4,10.0,S,1,Sakhir,Alfa Romeo Racing
2,22,GIO,3,0,16,16,15,0,45,29.2,26.2,0.0,3.1,54.0,1003.5,41.0,S,2,Sakhir,Alfa Romeo Racing
3,22,GIO,4,1,16,15,15,0,41,29.2,26.2,0.0,3.1,53.9,1003.5,29.0,S,3,Sakhir,Alfa Romeo Racing
4,22,GIO,5,0,15,15,15,0,38,29.3,26.2,0.0,3.4,54.2,1003.5,59.0,S,4,Sakhir,Alfa Romeo Racing
5,22,GIO,6,1,15,15,15,0,35,29.2,26.2,0.0,2.3,54.3,1003.5,15.0,S,5,Sakhir,Alfa Romeo Racing
6,22,GIO,7,0,15,15,15,0,33,29.1,26.2,0.0,2.4,54.3,1003.5,355.0,S,6,Sakhir,Alfa Romeo Racing
7,22,GIO,8,0,15,15,15,0,30,29.1,26.2,0.0,2.9,54.4,1003.6,49.0,S,7,Sakhir,Alfa Romeo Racing
8,22,GIO,9,0,15,12,15,0,28,28.8,26.1,0.0,1.9,54.9,1003.6,22.0,S,8,Sakhir,Alfa Romeo Racing
9,22,GIO,10,0,12,10,15,0,27,28.8,26.1,0.0,1.7,55.0,1003.5,33.0,S,9,Sakhir,Alfa Romeo Racing
10,22,GIO,11,0,10,9,15,0,27,28.8,26.1,0.0,2.5,54.9,1003.6,31.0,S,10,Sakhir,Alfa Romeo Racing
11,22,GIO,12,0,9,7,15,0,27,28.8,26.1,0.0,2.5,55.2,1003.6,4.0,S,11,Sakhir,Alfa Romeo Racing
12,22,GIO,13,1,7,7,15,0,26,28.9,26.1,0.0,1.6,55.2,1003.7,352.0,S,12,Sakhir,Alfa Romeo Racing
13,22,GIO,14,0,7,7,15,0,26,28.8,26.1,0.0,2.1,55.5,1003.7,47.0,S,13,Sakhir,Alfa Romeo Racing
14,22,GIO,15,0,7,8,15,0,26,28.7,26.1,0.0,2.4,55.5,1003.7,34.0,S,14,Sakhir,Alfa Romeo Racing
15,22,GIO,16,0,8,10,15,0,23,28.7,26.1,0.0,2.7,55.3,1003.7,2.0,S,15,Sakhir,Alfa Romeo Racing
16,22,GIO,17,0,10,14,15,0,25,28.8,26.3,0.0,2.2,53.1,1003.6,30.0,M,0,Sakhir,Alfa Romeo Racing
17,22,GIO,18,0,14,14,15,0,27,28.9,26.4,0.0,2.1,51.9,1003.6,59.0,M,1,Sakhir,Alfa Romeo Racing
18,22,GIO,19,0,14,14,15,0,28,28.9,26.4,0.0,2.9,51.3,1003.3,9.0,M,2,Sakhir,Alfa Romeo Racing
19,22,GIO,20,0,14,14,15,0,29,28.9,26.5,0.0,1.9,51.3,1003.5,12.0,M,3,Sakhir,Alfa Romeo Racing
20,22,GIO,21,0,14,14,15,0,30,28.9,26.5,0.0,2.7,51.3,1003.4,31.0,M,4,Sakhir,Alfa Romeo Racing
21,22,GIO,22,0,14,14,15,0,30,28.8,26.5,0.0,2.1,50.9,1003.4,39.0,M,5,Sakhir,Alfa Romeo Racing
22,22,GIO,23,0,14,14,15,0,31,28.8,26.5,0.0,2.5,50.4,1003.3,44.0,M,6,Sakhir,Alfa Romeo Racing
23,22,GIO,24,0,14,14,15,0,31,28.8,26.5,0.0,3.2,49.0,1003.2,40.0,M,7,Sakhir,Alfa Romeo Racing
24,22,GIO,25,0,14,14,15,0,31,28.9,26.6,0.0,2.3,48.9,1003.3,12.0,M,8,Sakhir,Alfa Romeo Racing
25,22,GIO,26,0,14,13,15,0,31,28.6,26.6,0.0,2.5,49.2,1003.4,50.0,M,9,Sakhir,Alfa Romeo Racing
26,22,GIO,27,0,13,13,15,0,31,28.5,26.6,0.0,3.1,49.5,1003.2,36.0,M,10,Sakhir,Alfa Romeo Racing
27,22,GIO,28,0,13,13,15,0,31,28.4,26.6,0.0,2.6,49.9,1003.2,38.0,M,11,Sakhir,Alfa Romeo Racing
28,22,GIO,29,0,13,13,15,0,31,28.4,26.6,0.0,2.6,49.9,1003.2,54.0,M,12,Sakhir,Alfa Romeo Racing
29,22,GIO,30,0,13,13,15,0,31,28.3,26.5,0.0,2.3,50.2,1003.4,50.0,M,13,Sakhir,Alfa Romeo Racing
30,22,GIO,31,0,13,13,15,0,31,28.3,26.5,0.0,3.1,50.5,1003.3,43.0,M,14,Sakhir,Alfa Romeo Racing
31,22,GIO,32,0,13,13,15,0,31,28.3,26.5,0.0,2.0,50.5,1003.3,65.0,M,15,Sakhir,Alfa Romeo Racing
32,22,GIO,33,0,13,12,15,0,31,28.2,26.5,0.0,3.0,50.9,1003.2,55.0,M,16,Sakhir,Alfa Romeo Racing
33,22,GIO,34,0,12,10,15,0,31,28.1,26.5,0.0,2.3,51.0,1003.4,28.0,M,17,Sakhir,Alfa Romeo Racing
34,22,GIO,35,0,10,10,15,0,32,28.1,26.4,0.0,2.8,51.3,1003.3,52.0,M,18,Sakhir,Alfa Romeo Racing
35,22,GIO,36,0,10,11,15,0,32,28.0,26.4,0.0,2.4,51.5,1003.3,45.0,M,19,Sakhir,Alfa Romeo Racing
36,22,GIO,37,0,11,11,15,0,31,28.0,26.4,0.0,3.3,51.8,1003.2,23.0,M,20,Sakhir,Alfa Romeo Racing
37,22,GIO,38,1,11,11,15,0,32,28.0,26.3,0.0,2.7,51.7,1003.3,53.0,M,21,Sakhir,Alfa Romeo Racing
38,22,GIO,39,0,11,12,15,0,32,28.0,26.3,0.0,2.8,51.8,1003.2,47.0,M,22,Sakhir,Alfa Romeo Racing
39,22,GIO,40,0,12,12,15,0,31,27.8,26.3,0.0,2.5,52.5,1003.4,59.0,M,23,Sakhir,Alfa Romeo Racing
40,22,GIO,41,1,12,13,15,0,31,27.7,26.3,0.0,3.1,52.7,1003.2,63.0,S,0,Sakhir,Alfa Romeo Racing
41,22,GIO,42,0,13,13,15,0,31,27.7,26.2,0.0,2.6,52.9,1003.4,39.0,S,1,Sakhir,Alfa Romeo Racing
42,22,GIO,43,1,13,13,15,0,31,27.7,26.2,0.0,2.9,53.0,1003.3,60.0,S,2,Sakhir,Alfa Romeo Racing
43,22,GIO,44,0,13,13,15,0,31,27.6,26.2,0.0,3.3,53.2,1003.3,33.0,S,3,Sakhir,Alfa Romeo Racing
44,22,GIO,45,0,13,13,15,0,31,27.6,26.2,0.0,3.3,53.3,1003.4,56.0,S,4,Sakhir,Alfa Romeo Racing
45,22,GIO,46,0,13,13,15,0,32,27.5,26.1,0.0,2.9,53.5,1003.2,58.0,S,5,Sakhir,Alfa Romeo Racing
46,22,GIO,47,0,13,13,15,0,33,27.5,26.1,0.0,2.9,53.7,1003.4,57.0,S,6,Sakhir,Alfa Romeo Racing
47,22,GIO,48,0,13,13,15,0,33,27.5,26.1,0.0,2.5,53.7,1003.3,44.0,S,7,Sakhir,Alfa Romeo Racing
48,22,GIO,49,0,13,13,15,0,33,27.6,26.1,0.0,2.3,53.9,1003.3,30.0,S,8,Sakhir,Alfa Romeo Racing
49,22,GIO,50,0,13,13,15,0,33,27.6,26.1,0.0,2.6,53.9,1003.3,52.0,S,9,Sakhir,Alfa Romeo Racing
50,22,GIO,51,0,13,13,15,0,34,27.6,26.1,0.0,3.0,54.0,1003.3,39.0,S,10,Sakhir,Alfa Romeo Racing
51,22,GIO,52,0,13,13,15,0,34,27.6,26.1,0.0,2.7,53.8,1003.2,40.0,S,11,Sakhir,Alfa Romeo Racing
52,22,GIO,53,0,13,13,15,0,35,27.5,26.1,0.0,3.4,53.9,1003.1,25.0,S,12,Sakhir,Alfa Romeo Racing
53,22,GIO,54,1,13,11,15,0,33,27.6,26.1,0.0,3.2,53.7,1003.1,41.0,S,13,Sakhir,Alfa Romeo Racing
54,22,GIO,55,2,11,11,15,0,30,27.6,26.1,0.0,3.4,53.8,1003.1,24.0,S,14,Sakhir,Alfa Romeo Racing
55,22,GIO,56,2,11,11,15,0,29,27.4,26.1,0.0,2.5,54.1,1003.2,19.0,S,15,Sakhir,Alfa Romeo Racing
56,22,GIO,57,2,11,11,15,0,29,27.4,26.1,0.0,3.5,54.2,1003.2,57.0,S,16,Sakhir,Alfa Romeo Racing
0,22,HUL,1,1,11,11,11,0,59,29.3,26.0,0.0,2.5,54.4,1003.4,356.0,S,0,Sakhir,Renault
1,22,HUL,2,1,11,11,11,0,72,29.2,26.1,0.0,2.3,54.5,1003.3,16.0,S,1,Sakhir,Renault
2,22,HUL,3,0,11,11,11,0,65,29.3,26.1,0.0,2.3,53.9,1003.5,22.0,S,2,Sakhir,Renault
3,22,HUL,4,1,11,9,11,0,60,29.3,26.1,0.0,3.0,53.7,1003.5,70.0,S,3,Sakhir,Renault
4,22,HUL,5,0,9,9,11,0,62,29.3,26.2,0.0,1.9,53.8,1003.4,36.0,S,4,Sakhir,Renault
5,22,HUL,6,1,9,8,11,0,60,29.3,26.2,0.0,1.9,54.0,1003.4,10.0,S,5,Sakhir,Renault
6,22,HUL,7,0,8,8,11,0,57,29.2,26.2,0.0,3.1,53.9,1003.5,29.0,S,6,Sakhir,Renault
7,22,HUL,8,0,8,8,11,0,55,29.3,26.2,0.0,3.4,54.2,1003.5,59.0,S,7,Sakhir,Renault
8,22,HUL,9,0,8,7,11,0,53,28.9,26.2,0.0,2.7,54.3,1003.6,41.0,S,8,Sakhir,Renault
9,22,HUL,10,0,7,7,11,0,53,28.9,26.1,0.0,3.1,54.7,1003.5,53.0,S,9,Sakhir,Renault
10,22,HUL,11,0,7,7,11,0,54,28.8,26.1,0.0,1.9,54.9,1003.6,22.0,S,10,Sakhir,Renault
11,22,HUL,12,0,7,6,11,0,55,28.8,26.1,0.0,2.5,55.1,1003.5,334.0,S,11,Sakhir,Renault
12,22,HUL,13,1,6,10,11,0,55,28.8,26.1,0.0,1.7,55.0,1003.5,33.0,S,0,Sakhir,Renault
13,22,HUL,14,0,10,9,11,0,55,28.8,26.1,0.0,2.5,54.9,1003.6,31.0,S,1,Sakhir,Renault
14,22,HUL,15,0,9,9,11,0,56,28.8,26.1,0.0,2.5,55.2,1003.6,4.0,S,2,Sakhir,Renault
15,22,HUL,16,0,9,8,11,0,54,28.9,26.1,0.0,1.6,55.2,1003.7,352.0,S,3,Sakhir,Renault
16,22,HUL,17,0,8,8,11,0,55,28.8,26.1,0.0,1.8,55.1,1003.8,29.0,S,4,Sakhir,Renault
17,22,HUL,18,0,8,8,11,0,55,28.8,26.1,0.0,2.1,55.5,1003.7,47.0,S,5,Sakhir,Renault
18,22,HUL,19,0,8,8,11,0,56,28.7,26.1,0.0,2.4,55.5,1003.7,34.0,S,6,Sakhir,Renault
19,22,HUL,20,0,8,8,11,0,56,28.7,26.1,0.0,2.7,55.3,1003.7,2.0,S,7,Sakhir,Renault
20,22,HUL,21,0,8,7,11,0,56,28.7,26.1,0.0,2.1,55.2,1003.7,27.0,S,8,Sakhir,Renault
21,22,HUL,22,0,7,7,11,0,57,28.8,26.1,0.0,2.2,54.8,1003.7,85.0,S,9,Sakhir,Renault
22,22,HUL,23,0,7,7,11,0,57,29.0,26.2,0.0,2.5,53.6,1003.7,345.0,S,10,Sakhir,Renault
23,22,HUL,24,0,7,6,11,0,57,29.0,26.3,0.0,3.0,53.4,1003.5,31.0,S,11,Sakhir,Renault
24,22,HUL,25,0,6,6,11,0,57,28.8,26.3,0.0,2.2,53.1,1003.6,30.0,S,12,Sakhir,Renault
25,22,HUL,26,0,6,6,11,0,57,28.8,26.3,0.0,2.2,52.8,1003.5,50.0,S,13,Sakhir,Renault
26,22,HUL,27,0,6,6,11,0,57,28.9,26.5,0.0,2.2,51.3,1003.4,37.0,S,14,Sakhir,Renault
27,22,HUL,28,0,6,6,11,0,58,28.8,26.5,0.0,2.1,50.9,1003.4,39.0,S,15,Sakhir,Renault
28,22,HUL,29,0,6,6,11,0,58,28.8,26.5,0.0,2.5,50.4,1003.3,44.0,S,16,Sakhir,Renault
29,22,HUL,30,0,6,6,11,0,58,28.8,26.5,0.0,2.4,50.0,1003.3,30.0,S,17,Sakhir,Renault
30,22,HUL,31,0,6,6,11,0,58,28.8,26.6,0.0,3.0,48.8,1003.4,27.0,S,18,Sakhir,Renault
31,22,HUL,32,0,6,6,11,0,59,28.7,26.6,0.0,2.9,48.9,1003.4,22.0,S,19,Sakhir,Renault
32,22,HUL,33,0,6,10,11,0,58,28.6,26.6,0.0,2.5,49.1,1003.3,41.0,M,0,Sakhir,Renault
33,22,HUL,34,0,10,9,11,0,58,28.6,26.6,0.0,2.4,49.4,1003.3,9.0,M,1,Sakhir,Renault
34,22,HUL,35,0,9,8,11,0,58,28.5,26.6,0.0,3.1,49.5,1003.2,36.0,M,2,Sakhir,Renault
35,22,HUL,36,0,8,8,11,0,58,28.4,26.6,0.0,2.6,49.7,1003.2,19.0,M,3,Sakhir,Renault
36,22,HUL,37,0,8,8,11,0,57,28.3,26.5,0.0,2.9,50.0,1003.4,357.0,M,4,Sakhir,Renault
37,22,HUL,38,1,8,8,11,0,57,28.3,26.5,0.0,2.0,50.5,1003.3,65.0,M,5,Sakhir,Renault
38,22,HUL,39,0,8,6,11,0,58,28.3,26.5,0.0,2.8,50.8,1003.4,17.0,M,6,Sakhir,Renault
39,22,HUL,40,0,6,5,11,0,58,28.0,26.4,0.0,2.4,51.5,1003.3,45.0,M,7,Sakhir,Renault
40,22,HUL,41,1,5,5,11,0,58,28.0,26.3,0.0,2.8,51.8,1003.2,47.0,M,8,Sakhir,Renault
41,22,HUL,42,0,5,5,11,0,58,27.8,26.3,0.0,2.6,52.3,1003.3,62.0,M,9,Sakhir,Renault
42,22,HUL,43,1,5,6,11,0,57,27.8,26.3,0.0,2.5,52.5,1003.4,59.0,M,10,Sakhir,Renault
43,22,HUL,44,0,6,6,11,0,57,27.7,26.2,0.0,2.6,52.9,1003.4,39.0,M,11,Sakhir,Renault
44,22,HUL,45,0,6,6,11,0,57,27.6,26.2,0.0,3.3,53.3,1003.4,56.0,M,12,Sakhir,Renault
45,22,HUL,46,0,6,6,11,0,57,27.5,26.1,0.0,2.9,53.7,1003.4,57.0,M,13,Sakhir,Renault
46,22,HUL,47,0,6,6,11,0,58,27.5,26.1,0.0,2.5,53.7,1003.3,44.0,M,14,Sakhir,Renault
47,22,HUL,48,0,6,6,11,0,58,27.6,26.1,0.0,2.3,53.9,1003.3,30.0,M,15,Sakhir,Renault
48,22,HUL,49,0,6,6,11,0,58,27.6,26.1,0.0,2.7,53.8,1003.2,40.0,M,16,Sakhir,Renault
49,22,HUL,50,0,6,6,11,0,59,27.5,26.1,0.0,2.9,53.9,1003.0,13.0,M,17,Sakhir,Renault
50,22,HUL,51,0,6,6,11,0,59,27.5,26.1,0.0,3.4,53.9,1003.1,25.0,M,18,Sakhir,Renault
51,22,HUL,52,0,6,6,11,0,60,27.6,26.1,0.0,3.4,53.8,1003.1,24.0,M,19,Sakhir,Renault
52,22,HUL,53,0,6,6,11,0,60,27.4,26.1,0.0,3.5,54.2,1003.2,57.0,M,20,Sakhir,Renault
0,22,STR,1,1,19,19,19,0,37,29.2,26.1,0.0,2.3,54.5,1003.3,16.0,S,0,Sakhir,Racing Point
1,22,STR,2,1,19,19,19,0,24,29.2,26.1,0.0,2.8,54.1,1003.5,45.0,M,0,Sakhir,Racing Point
2,22,STR,3,0,19,19,19,0,28,29.3,26.1,0.0,3.0,53.7,1003.5,70.0,M,1,Sakhir,Racing Point
3,22,STR,4,1,19,19,19,0,32,29.2,26.2,0.0,3.1,54.0,1003.5,41.0,M,2,Sakhir,Racing Point
4,22,STR,5,0,19,18,19,0,37,29.2,26.2,0.0,2.3,54.3,1003.5,15.0,M,3,Sakhir,Racing Point
5,22,STR,6,1,18,18,19,0,37,29.1,26.2,0.0,2.9,54.2,1003.6,40.0,M,4,Sakhir,Racing Point
6,22,STR,7,0,18,18,19,0,37,29.1,26.2,0.0,2.4,54.3,1003.5,355.0,M,5,Sakhir,Racing Point
7,22,STR,8,0,18,18,19,0,36,29.1,26.2,0.0,2.9,54.4,1003.6,49.0,M,6,Sakhir,Racing Point
8,22,STR,9,0,18,18,19,0,35,28.9,26.1,0.0,3.1,54.7,1003.5,53.0,M,7,Sakhir,Racing Point
9,22,STR,10,0,18,18,19,0,35,28.8,26.1,0.0,1.9,54.9,1003.6,22.0,M,8,Sakhir,Racing Point
10,22,STR,11,0,18,18,19,0,37,28.8,26.1,0.0,1.7,55.0,1003.5,33.0,M,9,Sakhir,Racing Point
11,22,STR,12,0,18,18,19,0,37,28.8,26.1,0.0,2.5,55.2,1003.6,4.0,M,10,Sakhir,Racing Point
12,22,STR,13,1,18,18,19,0,37,28.9,26.1,0.0,1.6,55.2,1003.7,352.0,M,11,Sakhir,Racing Point
13,22,STR,14,0,18,18,19,0,38,28.8,26.1,0.0,1.8,55.1,1003.8,29.0,M,12,Sakhir,Racing Point
14,22,STR,15,0,18,18,19,0,37,28.8,26.1,0.0,2.1,55.2,1003.7,26.0,M,13,Sakhir,Racing Point
15,22,STR,16,0,18,18,19,0,36,28.8,26.1,0.0,2.1,55.5,1003.7,47.0,M,14,Sakhir,Racing Point
16,22,STR,17,0,18,18,19,0,36,28.7,26.1,0.0,2.7,55.3,1003.7,2.0,M,15,Sakhir,Racing Point
17,22,STR,18,0,18,18,19,0,37,28.7,26.1,0.0,2.1,55.2,1003.7,27.0,M,16,Sakhir,Racing Point
18,22,STR,19,0,18,18,19,0,37,28.8,26.1,0.0,2.3,54.0,1003.7,59.0,M,17,Sakhir,Racing Point
19,22,STR,20,0,18,18,19,0,37,29.0,26.3,0.0,3.0,53.4,1003.5,31.0,M,18,Sakhir,Racing Point
20,22,STR,21,0,18,18,19,0,37,28.8,26.3,0.0,2.2,53.1,1003.6,30.0,M,19,Sakhir,Racing Point
21,22,STR,22,0,18,18,19,0,37,28.9,26.3,0.0,2.5,52.2,1003.6,63.0,M,20,Sakhir,Racing Point
22,22,STR,23,0,18,19,19,0,37,28.9,26.4,0.0,2.1,51.9,1003.6,59.0,M,21,Sakhir,Racing Point
23,22,STR,24,0,19,19,19,0,36,28.9,26.5,0.0,1.9,51.3,1003.5,12.0,M,0,Sakhir,Racing Point
24,22,STR,25,0,19,18,19,0,36,28.9,26.5,0.0,2.2,51.3,1003.4,37.0,M,1,Sakhir,Racing Point
25,22,STR,26,0,18,18,19,0,36,28.9,26.5,0.0,2.7,51.3,1003.4,31.0,M,2,Sakhir,Racing Point
26,22,STR,27,0,18,18,19,0,36,28.8,26.5,0.0,3.2,49.0,1003.2,40.0,M,3,Sakhir,Racing Point
27,22,STR,28,0,18,17,19,0,36,28.6,26.6,0.0,2.5,49.1,1003.3,41.0,M,4,Sakhir,Racing Point
28,22,STR,29,0,17,17,19,0,36,28.6,26.6,0.0,2.5,49.2,1003.4,50.0,M,5,Sakhir,Racing Point
29,22,STR,30,0,17,17,19,0,36,28.5,26.6,0.0,3.1,49.5,1003.2,36.0,M,6,Sakhir,Racing Point
30,22,STR,31,0,17,17,19,0,36,28.4,26.6,0.0,2.6,49.7,1003.2,19.0,M,7,Sakhir,Racing Point
31,22,STR,32,0,17,17,19,0,36,28.3,26.5,0.0,2.9,50.0,1003.4,357.0,M,8,Sakhir,Racing Point
32,22,STR,33,0,17,17,19,0,37,28.3,26.5,0.0,3.1,50.5,1003.3,43.0,M,9,Sakhir,Racing Point
33,22,STR,34,0,17,17,19,0,37,28.1,26.5,0.0,2.3,51.0,1003.4,28.0,M,10,Sakhir,Racing Point
34,22,STR,35,0,17,17,19,0,37,28.1,26.4,0.0,2.8,51.3,1003.3,52.0,M,11,Sakhir,Racing Point
35,22,STR,36,0,17,17,19,0,38,28.0,26.4,0.0,3.3,51.8,1003.2,23.0,M,12,Sakhir,Racing Point
36,22,STR,37,0,17,16,19,0,37,28.0,26.3,0.0,3.4,51.8,1003.2,22.0,M,13,Sakhir,Racing Point
37,22,STR,38,1,16,16,19,0,38,27.8,26.3,0.0,2.6,52.3,1003.3,62.0,M,14,Sakhir,Racing Point
38,22,STR,39,0,16,16,19,0,38,27.8,26.3,0.0,2.5,52.5,1003.4,59.0,M,15,Sakhir,Racing Point
39,22,STR,40,0,16,16,19,0,38,27.7,26.2,0.0,2.8,52.8,1003.2,63.0,M,16,Sakhir,Racing Point
40,22,STR,41,1,16,16,19,0,38,27.7,26.2,0.0,2.6,52.9,1003.4,39.0,M,17,Sakhir,Racing Point
41,22,STR,42,0,16,16,19,0,38,27.7,26.2,0.0,2.9,53.0,1003.3,60.0,M,18,Sakhir,Racing Point
42,22,STR,43,1,16,16,19,0,37,27.5,26.1,0.0,2.9,53.5,1003.2,58.0,M,19,Sakhir,Racing Point
43,22,STR,44,0,16,16,19,0,36,27.5,26.1,0.0,2.9,53.8,1003.1,60.0,M,20,Sakhir,Racing Point
44,22,STR,45,0,16,16,19,0,36,27.5,26.1,0.0,3.6,53.6,1003.0,19.0,M,21,Sakhir,Racing Point
45,22,STR,46,0,16,16,19,0,36,27.5,26.1,0.0,2.9,53.7,1003.4,57.0,M,22,Sakhir,Racing Point
46,22,STR,47,0,16,16,19,0,36,27.5,26.1,0.0,2.5,53.7,1003.3,44.0,M,23,Sakhir,Racing Point
47,22,STR,48,0,16,16,19,0,37,27.6,26.1,0.0,2.3,53.9,1003.3,30.0,M,24,Sakhir,Racing Point
48,22,STR,49,0,16,16,19,0,37,27.6,26.1,0.0,2.6,53.9,1003.3,52.0,M,25,Sakhir,Racing Point
49,22,STR,50,0,16,16,19,0,38,27.6,26.1,0.0,3.0,54.0,1003.3,39.0,M,26,Sakhir,Racing Point
50,22,STR,51,0,16,16,19,0,38,27.5,26.1,0.0,2.9,53.9,1003.0,13.0,M,27,Sakhir,Racing Point
51,22,STR,52,0,16,16,19,0,39,27.5,26.1,0.0,3.4,53.9,1003.1,25.0,M,28,Sakhir,Racing Point
52,22,STR,53,0,16,16,19,0,38,27.6,26.1,0.0,3.2,53.7,1003.1,41.0,M,29,Sakhir,Racing Point
53,22,STR,54,1,16,14,19,0,35,27.6,26.1,0.0,3.4,53.8,1003.1,24.0,M,30,Sakhir,Racing Point
54,22,STR,55,2,14,14,19,0,34,27.4,26.1,0.0,3.0,54.1,1003.1,56.0,M,31,Sakhir,Racing Point
55,22,STR,56,2,14,14,19,0,34,27.4,26.1,0.0,2.5,54.1,1003.2,19.0,M,32,Sakhir,Racing Point
0,22,RUS,1,1,18,18,18,0,64,29.3,26.0,0.0,2.5,54.4,1003.4,356.0,S,0,Sakhir,Williams
1,22,RUS,2,1,18,18,18,0,71,29.2,26.1,0.0,2.3,54.5,1003.3,16.0,S,1,Sakhir,Williams
2,22,RUS,3,0,18,18,18,0,68,29.3,26.1,0.0,2.3,53.9,1003.5,22.0,S,2,Sakhir,Williams
3,22,RUS,4,1,18,16,18,0,65,29.3,26.2,0.0,1.6,53.6,1003.4,11.0,S,3,Sakhir,Williams
4,22,RUS,5,0,16,16,18,0,66,29.3,26.2,0.0,1.9,53.8,1003.4,36.0,S,4,Sakhir,Williams
5,22,RUS,6,1,16,17,18,0,65,29.3,26.2,0.0,1.9,54.0,1003.4,10.0,S,5,Sakhir,Williams
6,22,RUS,7,0,17,17,18,0,63,29.3,26.2,0.0,3.4,54.2,1003.5,59.0,S,6,Sakhir,Williams
7,22,RUS,8,0,17,17,18,0,61,29.2,26.2,0.0,2.3,54.3,1003.4,3.0,S,7,Sakhir,Williams
8,22,RUS,9,0,17,16,18,0,60,29.2,26.2,0.0,2.3,54.3,1003.5,15.0,S,8,Sakhir,Williams
9,22,RUS,10,0,16,13,18,0,59,29.1,26.2,0.0,2.4,54.3,1003.5,355.0,S,9,Sakhir,Williams
10,22,RUS,11,0,13,12,18,0,59,28.9,26.2,0.0,2.7,54.3,1003.6,41.0,S,10,Sakhir,Williams
11,22,RUS,12,0,12,16,18,0,58,28.9,26.1,0.0,3.1,54.7,1003.5,53.0,S,11,Sakhir,Williams
12,22,RUS,13,1,16,17,18,0,56,28.8,26.1,0.0,1.9,54.9,1003.6,22.0,M,0,Sakhir,Williams
13,22,RUS,14,0,17,17,18,0,57,28.8,26.1,0.0,2.5,55.1,1003.5,334.0,M,1,Sakhir,Williams
14,22,RUS,15,0,17,17,18,0,58,28.8,26.1,0.0,2.5,55.2,1003.6,4.0,M,2,Sakhir,Williams
15,22,RUS,16,0,17,17,18,0,59,28.8,26.1,0.0,2.1,55.2,1003.7,26.0,M,3,Sakhir,Williams
16,22,RUS,17,0,17,17,18,0,60,28.7,26.1,0.0,2.7,55.3,1003.7,2.0,M,4,Sakhir,Williams
17,22,RUS,18,0,17,17,18,0,60,28.8,26.1,0.0,2.2,54.8,1003.7,85.0,M,5,Sakhir,Williams
18,22,RUS,19,0,17,17,18,0,60,28.8,26.1,0.0,2.3,54.0,1003.7,59.0,M,6,Sakhir,Williams
19,22,RUS,20,0,17,17,18,0,60,29.0,26.2,0.0,2.5,53.6,1003.7,345.0,M,7,Sakhir,Williams
20,22,RUS,21,0,17,17,18,0,60,29.0,26.3,0.0,3.0,53.4,1003.5,31.0,M,8,Sakhir,Williams
21,22,RUS,22,0,17,16,18,0,61,28.9,26.4,0.0,2.9,51.3,1003.3,9.0,M,9,Sakhir,Williams
22,22,RUS,23,0,16,16,18,0,61,28.9,26.5,0.0,2.2,51.3,1003.4,37.0,M,10,Sakhir,Williams
23,22,RUS,24,0,16,16,18,0,61,28.9,26.5,0.0,2.7,51.3,1003.4,31.0,M,11,Sakhir,Williams
24,22,RUS,25,0,16,16,18,0,62,28.8,26.5,0.0,2.5,50.4,1003.3,44.0,M,12,Sakhir,Williams
25,22,RUS,26,0,16,16,18,0,62,28.8,26.5,0.0,2.4,50.0,1003.3,30.0,M,13,Sakhir,Williams
26,22,RUS,27,0,16,17,18,0,61,28.8,26.5,0.0,3.2,49.0,1003.2,40.0,M,0,Sakhir,Williams
27,22,RUS,28,0,17,16,18,0,61,28.9,26.6,0.0,2.3,48.9,1003.3,12.0,M,1,Sakhir,Williams
28,22,RUS,29,0,16,16,18,0,61,28.8,26.6,0.0,3.0,48.8,1003.4,27.0,M,2,Sakhir,Williams
29,22,RUS,30,0,16,16,18,0,62,28.6,26.6,0.0,2.5,49.2,1003.4,50.0,M,3,Sakhir,Williams
30,22,RUS,31,0,16,16,18,0,62,28.6,26.6,0.0,2.4,49.4,1003.3,9.0,M,4,Sakhir,Williams
31,22,RUS,32,0,16,16,18,0,62,28.4,26.6,0.0,2.6,49.7,1003.2,19.0,M,5,Sakhir,Williams
32,22,RUS,33,0,16,16,18,0,62,28.4,26.6,0.0,2.6,49.9,1003.2,38.0,M,6,Sakhir,Williams
33,22,RUS,34,0,16,16,18,0,63,28.3,26.5,0.0,2.3,50.2,1003.4,50.0,M,7,Sakhir,Williams
34,22,RUS,35,0,16,16,18,0,63,28.3,26.5,0.0,3.1,50.5,1003.3,43.0,M,8,Sakhir,Williams
35,22,RUS,36,0,16,16,18,0,63,28.3,26.5,0.0,2.0,50.5,1003.3,65.0,M,9,Sakhir,Williams
36,22,RUS,37,0,16,17,18,0,63,28.3,26.5,0.0,2.8,50.8,1003.4,17.0,M,10,Sakhir,Williams
37,22,RUS,38,1,17,17,18,0,63,28.2,26.5,0.0,3.0,50.9,1003.2,55.0,M,11,Sakhir,Williams
38,22,RUS,39,0,17,17,18,0,63,28.1,26.5,0.0,2.3,51.0,1003.4,28.0,M,12,Sakhir,Williams
39,22,RUS,40,0,17,17,18,0,63,28.0,26.4,0.0,2.4,51.5,1003.3,45.0,M,13,Sakhir,Williams
40,22,RUS,41,1,17,17,18,0,63,28.0,26.4,0.0,2.6,51.7,1003.2,31.0,M,14,Sakhir,Williams
41,22,RUS,42,0,17,17,18,0,63,28.0,26.4,0.0,3.3,51.8,1003.2,23.0,M,15,Sakhir,Williams
42,22,RUS,43,1,17,17,18,0,63,28.0,26.3,0.0,2.7,51.7,1003.3,53.0,M,16,Sakhir,Williams
43,22,RUS,44,0,17,17,18,0,63,28.0,26.3,0.0,2.8,51.8,1003.2,47.0,M,17,Sakhir,Williams
44,22,RUS,45,0,17,17,18,0,63,27.7,26.3,0.0,3.1,52.7,1003.2,63.0,M,18,Sakhir,Williams
45,22,RUS,46,0,17,17,18,0,62,27.7,26.2,0.0,2.6,52.9,1003.4,39.0,M,19,Sakhir,Williams
46,22,RUS,47,0,17,17,18,0,62,27.7,26.2,0.0,2.9,53.0,1003.3,60.0,M,20,Sakhir,Williams
47,22,RUS,48,0,17,17,18,0,62,27.6,26.2,0.0,3.3,53.2,1003.3,33.0,M,21,Sakhir,Williams
48,22,RUS,49,0,17,18,18,0,62,27.6,26.2,0.0,3.3,53.3,1003.4,56.0,M,22,Sakhir,Williams
49,22,RUS,50,0,18,18,18,0,62,27.5,26.1,0.0,2.9,53.5,1003.2,58.0,M,23,Sakhir,Williams
50,22,RUS,51,0,18,18,18,0,61,27.5,26.1,0.0,2.9,53.8,1003.1,60.0,M,24,Sakhir,Williams
51,22,RUS,52,0,18,18,18,0,61,27.6,26.1,0.0,3.0,54.0,1003.3,39.0,M,25,Sakhir,Williams
52,22,RUS,53,0,18,18,18,0,59,27.6,26.1,0.0,2.7,53.8,1003.2,40.0,M,26,Sakhir,Williams
53,22,RUS,54,1,18,15,18,0,56,27.5,26.1,0.0,3.4,53.9,1003.1,25.0,M,27,Sakhir,Williams
54,22,RUS,55,2,15,15,18,0,57,27.6,26.1,0.0,3.4,53.8,1003.1,24.0,M,28,Sakhir,Williams
55,22,RUS,56,2,15,15,18,0,57,27.4,26.1,0.0,3.5,54.2,1003.2,57.0,M,29,Sakhir,Williams
0,22,KUB,1,1,17,17,17,0,49,29.3,26.0,0.0,2.5,54.4,1003.4,356.0,M,0,Sakhir,Williams
1,22,KUB,2,1,17,17,17,0,59,29.2,26.1,0.0,2.3,54.5,1003.3,16.0,M,1,Sakhir,Williams
2,22,KUB,3,0,17,17,17,0,53,29.2,26.1,0.0,2.8,54.1,1003.5,45.0,M,2,Sakhir,Williams
3,22,KUB,4,1,17,17,17,0,51,29.3,26.1,0.0,3.0,53.7,1003.5,70.0,M,3,Sakhir,Williams
4,22,KUB,5,0,17,17,17,0,51,29.3,26.2,0.0,1.6,53.6,1003.4,11.0,M,4,Sakhir,Williams
5,22,KUB,6,1,17,16,17,0,51,29.3,26.2,0.0,1.9,53.8,1003.4,36.0,M,5,Sakhir,Williams
6,22,KUB,7,0,16,16,17,0,50,29.2,26.2,0.0,3.1,54.0,1003.5,41.0,M,6,Sakhir,Williams
7,22,KUB,8,0,16,16,17,0,49,29.3,26.2,0.0,3.4,54.2,1003.5,59.0,M,7,Sakhir,Williams
8,22,KUB,9,0,16,15,17,0,49,29.2,26.2,0.0,2.3,54.3,1003.4,3.0,M,8,Sakhir,Williams
9,22,KUB,10,0,15,12,17,0,49,29.2,26.2,0.0,2.3,54.3,1003.5,15.0,M,9,Sakhir,Williams
10,22,KUB,11,0,12,13,17,0,49,29.1,26.2,0.0,2.9,54.4,1003.6,49.0,M,10,Sakhir,Williams
11,22,KUB,12,0,13,17,17,0,48,28.9,26.2,0.0,2.7,54.3,1003.6,41.0,S,0,Sakhir,Williams
12,22,KUB,13,1,17,15,17,0,49,28.9,26.1,0.0,3.1,54.7,1003.5,53.0,S,1,Sakhir,Williams
13,22,KUB,14,0,15,15,17,0,49,28.8,26.1,0.0,2.5,55.1,1003.5,334.0,S,2,Sakhir,Williams
14,22,KUB,15,0,15,16,17,0,49,28.8,26.1,0.0,1.7,55.0,1003.5,33.0,S,3,Sakhir,Williams
15,22,KUB,16,0,16,16,17,0,47,28.8,26.1,0.0,2.5,54.9,1003.6,31.0,S,4,Sakhir,Williams
16,22,KUB,17,0,16,16,17,0,47,28.8,26.1,0.0,2.5,55.2,1003.6,4.0,S,5,Sakhir,Williams
17,22,KUB,18,0,16,16,17,0,47,28.9,26.1,0.0,1.6,55.2,1003.7,352.0,S,6,Sakhir,Williams
18,22,KUB,19,0,16,16,17,0,48,28.8,26.1,0.0,1.8,55.1,1003.8,29.0,S,7,Sakhir,Williams
19,22,KUB,20,0,16,16,17,0,48,28.8,26.1,0.0,2.1,55.5,1003.7,47.0,S,8,Sakhir,Williams
20,22,KUB,21,0,16,16,17,0,48,28.7,26.1,0.0,2.7,55.3,1003.7,2.0,S,9,Sakhir,Williams
21,22,KUB,22,0,16,17,17,0,48,28.8,26.1,0.0,2.2,54.8,1003.7,85.0,S,10,Sakhir,Williams
22,22,KUB,23,0,17,17,17,0,48,28.8,26.3,0.0,2.2,52.8,1003.5,50.0,S,11,Sakhir,Williams
23,22,KUB,24,0,17,17,17,0,48,28.9,26.4,0.0,2.1,51.9,1003.6,59.0,S,12,Sakhir,Williams
24,22,KUB,25,0,17,17,17,0,48,28.9,26.4,0.0,2.9,51.3,1003.3,9.0,S,13,Sakhir,Williams
25,22,KUB,26,0,17,17,17,0,48,28.9,26.5,0.0,1.9,51.3,1003.5,12.0,S,14,Sakhir,Williams
26,22,KUB,27,0,17,16,17,0,47,28.9,26.5,0.0,2.7,51.3,1003.4,31.0,S,15,Sakhir,Williams
27,22,KUB,28,0,16,18,17,0,47,28.8,26.5,0.0,2.1,50.9,1003.4,39.0,M,1,Sakhir,Williams
28,22,KUB,29,0,18,18,17,0,47,28.8,26.5,0.0,2.5,50.4,1003.3,44.0,M,2,Sakhir,Williams
29,22,KUB,30,0,18,18,17,0,47,28.9,26.6,0.0,2.3,48.9,1003.3,12.0,M,3,Sakhir,Williams
30,22,KUB,31,0,18,19,17,0,48,28.8,26.6,0.0,3.0,48.8,1003.4,27.0,M,4,Sakhir,Williams
31,22,KUB,32,0,19,19,17,0,48,28.6,26.6,0.0,2.4,49.4,1003.3,9.0,M,5,Sakhir,Williams
32,22,KUB,33,0,19,19,17,0,48,28.5,26.6,0.0,3.1,49.5,1003.2,36.0,M,6,Sakhir,Williams
33,22,KUB,34,0,19,19,17,0,48,28.4,26.6,0.0,2.6,49.7,1003.2,19.0,M,7,Sakhir,Williams
34,22,KUB,35,0,19,19,17,0,48,28.4,26.6,0.0,2.6,49.9,1003.2,38.0,M,8,Sakhir,Williams
35,22,KUB,36,0,19,19,17,0,48,28.4,26.6,0.0,2.6,49.9,1003.2,54.0,M,9,Sakhir,Williams
36,22,KUB,37,0,19,19,17,0,48,28.3,26.5,0.0,2.9,50.0,1003.4,357.0,M,10,Sakhir,Williams
37,22,KUB,38,1,19,19,17,0,48,28.3,26.5,0.0,2.3,50.2,1003.4,50.0,M,11,Sakhir,Williams
38,22,KUB,39,0,19,19,17,0,48,28.3,26.5,0.0,3.1,50.5,1003.3,43.0,M,12,Sakhir,Williams
39,22,KUB,40,0,19,19,17,0,48,28.3,26.5,0.0,2.0,50.5,1003.3,65.0,M,13,Sakhir,Williams
40,22,KUB,41,1,19,18,17,0,47,28.3,26.5,0.0,2.8,50.8,1003.4,17.0,M,14,Sakhir,Williams
41,22,KUB,42,0,18,18,17,0,47,28.0,26.4,0.0,2.4,51.5,1003.3,45.0,M,15,Sakhir,Williams
42,22,KUB,43,1,18,19,17,0,47,28.0,26.4,0.0,2.6,51.7,1003.2,31.0,M,16,Sakhir,Williams
43,22,KUB,44,0,19,19,17,0,47,28.0,26.4,0.0,3.3,51.8,1003.2,23.0,M,17,Sakhir,Williams
44,22,KUB,45,0,19,19,17,0,46,27.8,26.3,0.0,2.6,52.3,1003.3,62.0,M,18,Sakhir,Williams
45,22,KUB,46,0,19,19,17,0,46,27.7,26.2,0.0,2.8,52.8,1003.2,63.0,M,19,Sakhir,Williams
46,22,KUB,47,0,19,19,17,0,45,27.6,26.2,0.0,3.3,53.2,1003.3,33.0,M,20,Sakhir,Williams
47,22,KUB,48,0,19,19,17,0,44,27.6,26.2,0.0,3.3,53.3,1003.4,56.0,M,21,Sakhir,Williams
48,22,KUB,49,0,19,19,17,0,44,27.5,26.1,0.0,2.9,53.5,1003.2,58.0,M,22,Sakhir,Williams
49,22,KUB,50,0,19,19,17,0,44,27.5,26.1,0.0,2.9,53.8,1003.1,60.0,M,23,Sakhir,Williams
50,22,KUB,51,0,19,19,17,0,44,27.6,26.1,0.0,2.3,53.9,1003.3,30.0,M,24,Sakhir,Williams
51,22,KUB,52,0,19,19,17,0,44,27.6,26.1,0.0,3.0,54.0,1003.3,39.0,M,25,Sakhir,Williams
52,22,KUB,53,0,19,19,17,0,41,27.5,26.1,0.0,2.9,53.9,1003.0,13.0,M,26,Sakhir,Williams
53,22,KUB,54,1,19,16,17,0,38,27.5,26.1,0.0,3.4,53.9,1003.1,25.0,M,27,Sakhir,Williams
54,22,KUB,55,2,16,16,17,0,37,27.6,26.1,0.0,3.2,53.7,1003.1,41.0,M,28,Sakhir,Williams
