,driver,lap,trackStatus,position,grid,out,performance,trackTemp,airTemp,raining,windSpeed,humidity,pressure,windDir,tyre,tyreLap,track,team
0,BOT,1,0,1,1,0,66,28.6,20.7,0.0,3.2,24.2,1002.0,159.0,M,3.0,Austin,Mercedes
1,BOT,2,0,1,1,0,69,28.7,20.9,0.0,3.0,24.6,1001.9,149.0,M,4.0,Austin,Mercedes
2,BOT,3,0,1,1,0,70,28.9,21.4,0.0,2.5,23.9,1002.0,171.0,M,5.0,Austin,Mercedes
3,BOT,4,0,1,1,0,70,28.9,21.5,0.0,3.0,24.7,1002.0,151.0,M,6.0,Austin,Mercedes
4,BOT,5,0,1,1,0,67,29.2,21.3,0.0,3.0,24.5,1001.9,180.0,M,7.0,Austin,Mercedes
5,BOT,6,0,1,1,0,65,29.0,21.1,0.0,1.6,24.8,1001.8,268.0,M,8.0,Austin,Mercedes
6,BOT,7,0,1,1,0,65,29.0,21.2,0.0,1.4,25.0,1001.7,54.0,M,9.0,Austin,Mercedes
7,BOT,8,0,1,1,0,64,29.1,21.4,0.0,0.7,24.9,1001.7,154.0,M,10.0,Austin,Mercedes
8,BOT,9,0,1,1,0,63,29.5,21.8,0.0,2.6,23.9,1001.8,0.0,M,11.0,Austin,Mercedes
9,BOT,10,0,1,1,0,68,29.4,21.9,0.0,1.4,23.3,1001.7,132.0,M,12.0,Austin,Mercedes
10,BOT,11,0,1,1,0,68,29.3,21.4,0.0,3.2,24.3,1001.8,269.0,M,13.0,Austin,Mercedes
11,BOT,12,0,1,1,0,65,29.1,21.4,0.0,1.8,24.3,1001.7,177.0,M,14.0,Austin,Mercedes
12,BOT,13,0,1,1,0,65,29.1,21.3,0.0,2.1,25.2,1001.6,176.0,M,15.0,Austin,Mercedes
13,BOT,14,0,1,1,0,65,29.6,21.8,0.0,3.3,25.7,1001.4,230.0,M,16.0,Austin,Mercedes
14,BOT,15,0,3,1,0,66,29.3,21.8,0.0,1.9,27.1,1001.5,156.0,H,0.0,Austin,Mercedes
15,BOT,16,0,2,1,0,67,29.1,21.5,0.0,1.2,28.0,1001.4,199.0,H,1.0,Austin,Mercedes
16,BOT,17,0,2,1,0,68,29.1,21.5,0.0,1.1,28.1,1001.4,163.0,H,2.0,Austin,Mercedes
17,BOT,18,0,2,1,0,68,29.5,21.8,0.0,1.8,28.0,1001.3,74.0,H,3.0,Austin,Mercedes
18,BOT,19,0,2,1,0,67,29.5,22.0,0.0,1.4,28.4,1001.3,154.0,H,4.0,Austin,Mercedes
19,BOT,20,0,2,1,0,67,29.2,21.9,0.0,2.5,29.3,1001.3,153.0,H,5.0,Austin,Mercedes
20,BOT,21,0,2,1,0,67,29.3,21.8,0.0,2.3,29.7,1001.2,238.0,H,6.0,Austin,Mercedes
21,BOT,22,0,2,1,0,67,29.3,21.8,0.0,3.7,30.3,1001.3,264.0,H,7.0,Austin,Mercedes
22,BOT,23,0,2,1,0,68,29.3,21.8,0.0,1.9,30.8,1001.4,252.0,H,8.0,Austin,Mercedes
23,BOT,24,0,1,1,0,68,29.1,21.9,0.0,3.0,30.3,1001.3,220.0,H,9.0,Austin,Mercedes
24,BOT,25,0,1,1,0,67,29.0,21.6,0.0,3.3,30.6,1001.4,211.0,H,10.0,Austin,Mercedes
25,BOT,26,0,1,1,0,67,29.1,21.4,0.0,2.9,31.1,1001.3,286.0,H,11.0,Austin,Mercedes
26,BOT,27,0,1,1,0,67,29.0,21.4,0.0,2.3,30.9,1001.2,263.0,H,12.0,Austin,Mercedes
27,BOT,28,0,1,1,0,67,29.1,21.4,0.0,3.4,32.1,1001.3,198.0,H,13.0,Austin,Mercedes
28,BOT,29,0,1,1,0,67,29.0,21.3,0.0,4.0,32.5,1001.1,229.0,H,14.0,Austin,Mercedes
29,BOT,30,0,1,1,0,67,29.4,21.7,0.0,2.9,31.8,1001.1,210.0,H,15.0,Austin,Mercedes
30,BOT,31,0,1,1,0,67,29.4,21.9,0.0,2.9,32.5,1001.0,149.0,H,16.0,Austin,Mercedes
31,BOT,32,0,1,1,0,67,29.3,22.0,0.0,1.2,32.4,1001.1,214.0,H,17.0,Austin,Mercedes
32,BOT,33,0,1,1,0,67,29.1,22.0,0.0,1.5,32.8,1001.0,290.0,H,18.0,Austin,Mercedes
33,BOT,34,0,1,1,0,66,29.0,22.0,0.0,1.2,32.9,1000.9,199.0,H,19.0,Austin,Mercedes
34,BOT,35,0,1,1,0,66,29.0,22.0,0.0,1.5,34.2,1001.0,204.0,H,20.0,Austin,Mercedes
35,BOT,36,0,2,1,0,66,29.0,21.9,0.0,3.4,33.8,1000.9,227.0,M,0.0,Austin,Mercedes
36,BOT,37,0,2,1,0,66,28.7,21.8,0.0,2.2,34.0,1000.8,133.0,M,1.0,Austin,Mercedes
37,BOT,38,0,2,1,0,67,28.9,21.7,0.0,1.3,34.1,1000.7,171.0,M,2.0,Austin,Mercedes
38,BOT,39,0,2,1,0,67,28.9,21.8,0.0,1.3,34.1,1000.7,209.0,M,3.0,Austin,Mercedes
39,BOT,40,0,2,1,0,67,28.9,22.0,0.0,1.5,34.1,1000.8,122.0,M,4.0,Austin,Mercedes
40,BOT,41,0,2,1,0,67,28.9,22.0,0.0,2.9,34.6,1000.7,202.0,M,5.0,Austin,Mercedes
41,BOT,42,0,2,1,0,67,28.6,21.8,0.0,3.8,35.4,1000.8,210.0,M,6.0,Austin,Mercedes
42,BOT,43,0,2,1,0,67,28.7,21.8,0.0,2.9,36.1,1000.7,231.0,M,7.0,Austin,Mercedes
43,BOT,44,0,2,1,0,68,28.7,21.8,0.0,3.6,36.3,1000.7,223.0,M,8.0,Austin,Mercedes
44,BOT,45,0,2,1,0,68,28.5,21.8,0.0,2.9,36.2,1000.7,207.0,M,9.0,Austin,Mercedes
45,BOT,46,0,2,1,0,68,28.5,21.6,0.0,2.0,36.7,1000.6,214.0,M,10.0,Austin,Mercedes
46,BOT,47,0,2,1,0,68,28.6,21.8,0.0,1.9,36.5,1000.6,233.0,M,11.0,Austin,Mercedes
47,BOT,48,0,2,1,0,68,28.6,21.9,0.0,1.5,36.4,1000.5,172.0,M,12.0,Austin,Mercedes
48,BOT,49,0,2,1,0,68,28.7,22.0,0.0,1.3,36.3,1000.6,189.0,M,13.0,Austin,Mercedes
49,BOT,50,0,2,1,0,68,28.6,21.9,0.0,3.3,36.0,1000.5,213.0,M,14.0,Austin,Mercedes
50,BOT,51,0,2,1,0,68,28.2,21.5,0.0,3.5,37.0,1000.5,227.0,M,15.0,Austin,Mercedes
51,BOT,52,0,1,1,0,69,28.2,21.6,0.0,1.6,37.1,1000.5,213.0,M,16.0,Austin,Mercedes
52,BOT,53,0,1,1,0,69,28.2,21.8,0.0,1.9,36.7,1000.5,188.0,M,17.0,Austin,Mercedes
53,BOT,54,0,1,1,0,69,28.6,22.0,0.0,1.2,36.7,1000.5,205.0,M,18.0,Austin,Mercedes
54,BOT,55,0,1,1,0,69,28.6,22.1,0.0,1.9,35.7,1000.5,238.0,M,19.0,Austin,Mercedes
55,BOT,56,0,1,1,0,69,28.4,22.0,0.0,3.0,36.1,1000.5,222.0,M,20.0,Austin,Mercedes
0,VET,1,0,6,20,0,63,28.7,20.9,0.0,3.0,24.6,1001.9,149.0,M,3.0,Austin,Ferrari
1,VET,2,0,7,20,0,57,29.5,21.6,0.0,1.4,23.8,1001.7,132.0,M,4.0,Austin,Ferrari
2,VET,3,0,7,20,0,53,29.3,21.7,0.0,2.9,23.2,1001.7,125.0,M,5.0,Austin,Ferrari
3,VET,4,0,7,20,0,51,29.0,21.2,0.0,4.0,32.4,1001.2,208.0,M,6.0,Austin,Ferrari
4,VET,5,0,7,20,0,50,29.3,22.0,0.0,1.2,32.4,1001.1,214.0,M,7.0,Austin,Ferrari
5,VET,6,0,7,20,0,49,28.9,22.0,0.0,2.8,34.9,1000.7,245.0,M,8.0,Austin,Ferrari
6,VET,7,0,7,20,1,48,28.6,21.8,0.0,1.9,36.5,1000.6,233.0,M,9.0,Austin,Ferrari
0,VER,1,0,2,3,0,56,28.6,20.7,0.0,3.2,24.2,1002.0,159.0,M,3.0,Austin,Red Bull Racing
1,VER,2,0,2,3,0,51,29.0,21.2,0.0,3.7,24.8,1002.0,148.0,M,4.0,Austin,Red Bull Racing
2,VER,3,0,2,3,0,50,29.0,21.4,0.0,2.7,24.0,1001.9,157.0,M,5.0,Austin,Red Bull Racing
3,VER,4,0,2,3,0,47,28.9,21.4,0.0,2.5,23.9,1002.0,171.0,M,6.0,Austin,Red Bull Racing
4,VER,5,0,2,3,0,45,28.9,21.5,0.0,3.0,24.7,1002.0,151.0,M,7.0,Austin,Red Bull Racing
5,VER,6,0,2,3,0,44,29.2,21.3,0.0,3.0,24.5,1001.9,180.0,M,8.0,Austin,Red Bull Racing
6,VER,7,0,2,3,0,43,29.0,21.1,0.0,1.6,24.8,1001.8,268.0,M,9.0,Austin,Red Bull Racing
7,VER,8,0,2,3,0,43,29.1,21.4,0.0,0.7,24.9,1001.7,154.0,M,10.0,Austin,Red Bull Racing
8,VER,9,0,2,3,0,43,29.5,21.6,0.0,1.4,23.8,1001.7,132.0,M,11.0,Austin,Red Bull Racing
9,VER,10,0,2,3,0,47,29.5,21.8,0.0,2.6,23.9,1001.8,0.0,M,12.0,Austin,Red Bull Racing
10,VER,11,0,2,3,0,47,29.4,21.9,0.0,1.4,23.3,1001.7,132.0,M,13.0,Austin,Red Bull Racing
11,VER,12,0,2,3,0,44,29.3,21.7,0.0,2.9,23.2,1001.7,125.0,M,14.0,Austin,Red Bull Racing
12,VER,13,0,2,3,0,44,29.1,21.4,0.0,1.9,24.3,1001.6,181.0,M,15.0,Austin,Red Bull Racing
13,VER,14,0,4,3,0,45,29.1,21.4,0.0,1.8,24.3,1001.7,177.0,H,1.0,Austin,Red Bull Racing
14,VER,15,0,4,3,0,45,29.3,21.4,0.0,2.5,25.5,1001.5,359.0,H,2.0,Austin,Red Bull Racing
15,VER,16,0,3,3,0,45,29.4,21.6,0.0,1.9,25.1,1001.5,149.0,H,3.0,Austin,Red Bull Racing
16,VER,17,0,3,3,0,46,29.4,21.7,0.0,2.3,25.2,1001.5,188.0,H,4.0,Austin,Red Bull Racing
17,VER,18,0,3,3,0,46,29.6,21.8,0.0,3.3,25.7,1001.4,230.0,H,5.0,Austin,Red Bull Racing
18,VER,19,0,3,3,0,46,29.1,21.5,0.0,1.2,28.0,1001.4,199.0,H,6.0,Austin,Red Bull Racing
19,VER,20,0,3,3,0,46,29.1,21.5,0.0,1.1,28.1,1001.4,163.0,H,7.0,Austin,Red Bull Racing
20,VER,21,0,3,3,0,46,29.3,21.7,0.0,2.3,28.4,1001.2,157.0,H,8.0,Austin,Red Bull Racing
21,VER,22,0,3,3,0,46,29.5,21.8,0.0,2.8,27.5,1001.3,155.0,H,9.0,Austin,Red Bull Racing
22,VER,23,0,3,3,0,46,29.2,21.9,0.0,2.5,29.3,1001.3,153.0,H,10.0,Austin,Red Bull Racing
23,VER,24,0,3,3,0,46,29.3,21.8,0.0,2.3,29.7,1001.2,238.0,H,11.0,Austin,Red Bull Racing
24,VER,25,0,2,3,0,46,29.1,21.9,0.0,3.0,30.3,1001.3,220.0,H,12.0,Austin,Red Bull Racing
25,VER,26,0,2,3,0,46,29.0,21.4,0.0,2.3,30.9,1001.2,263.0,H,13.0,Austin,Red Bull Racing
26,VER,27,0,2,3,0,47,29.1,21.4,0.0,2.4,31.5,1001.3,244.0,H,14.0,Austin,Red Bull Racing
27,VER,28,0,2,3,0,47,29.1,21.4,0.0,3.4,32.1,1001.3,198.0,H,15.0,Austin,Red Bull Racing
28,VER,29,0,2,3,0,47,29.0,21.3,0.0,2.9,32.3,1001.2,219.0,H,16.0,Austin,Red Bull Racing
29,VER,30,0,2,3,0,47,29.4,21.7,0.0,2.9,31.8,1001.1,210.0,H,17.0,Austin,Red Bull Racing
30,VER,31,0,2,3,0,47,29.3,22.0,0.0,1.2,32.4,1001.1,214.0,H,18.0,Austin,Red Bull Racing
31,VER,32,0,2,3,0,47,29.1,22.0,0.0,1.6,32.4,1001.0,160.0,H,19.0,Austin,Red Bull Racing
32,VER,33,0,2,3,0,48,29.1,22.0,0.0,1.5,32.8,1001.0,290.0,H,20.0,Austin,Red Bull Racing
33,VER,34,0,2,3,0,47,29.0,22.0,0.0,1.2,32.9,1000.9,199.0,H,21.0,Austin,Red Bull Racing
34,VER,35,0,3,3,0,48,29.0,22.1,0.0,1.6,33.0,1000.9,207.0,M,0.0,Austin,Red Bull Racing
35,VER,36,0,3,3,0,48,29.0,22.0,0.0,1.5,34.2,1001.0,204.0,M,1.0,Austin,Red Bull Racing
36,VER,37,0,3,3,0,48,28.9,21.8,0.0,3.7,34.2,1000.9,131.0,M,2.0,Austin,Red Bull Racing
37,VER,38,0,3,3,0,48,28.7,21.8,0.0,2.2,34.0,1000.8,133.0,M,3.0,Austin,Red Bull Racing
38,VER,39,0,3,3,0,48,28.9,21.7,0.0,1.3,34.1,1000.7,171.0,M,4.0,Austin,Red Bull Racing
39,VER,40,0,3,3,0,49,28.9,21.8,0.0,1.3,34.1,1000.7,209.0,M,5.0,Austin,Red Bull Racing
40,VER,41,0,3,3,0,49,28.9,22.0,0.0,2.8,34.9,1000.7,245.0,M,6.0,Austin,Red Bull Racing
41,VER,42,0,3,3,0,49,28.9,21.9,0.0,2.7,34.4,1000.7,231.0,M,7.0,Austin,Red Bull Racing
42,VER,43,0,3,3,0,49,28.6,21.8,0.0,2.1,35.5,1000.8,217.0,M,8.0,Austin,Red Bull Racing
43,VER,44,0,3,3,0,50,28.7,21.6,0.0,3.8,36.2,1000.7,203.0,M,9.0,Austin,Red Bull Racing
44,VER,45,0,3,3,0,50,28.7,21.7,0.0,2.5,36.3,1000.7,249.0,M,10.0,Austin,Red Bull Racing
45,VER,46,0,3,3,0,50,28.7,21.8,0.0,3.6,36.3,1000.7,223.0,M,11.0,Austin,Red Bull Racing
46,VER,47,0,3,3,0,50,28.6,21.9,0.0,3.3,36.3,1000.7,201.0,M,12.0,Austin,Red Bull Racing
47,VER,48,0,3,3,0,51,28.5,21.8,0.0,2.9,36.2,1000.7,207.0,M,13.0,Austin,Red Bull Racing
48,VER,49,0,3,3,0,51,28.5,21.6,0.0,3.2,36.7,1000.5,240.0,M,14.0,Austin,Red Bull Racing
49,VER,50,0,3,3,0,51,28.6,21.8,0.0,1.9,36.5,1000.6,233.0,M,15.0,Austin,Red Bull Racing
50,VER,51,0,3,3,0,52,28.6,21.9,0.0,1.5,36.4,1000.5,172.0,M,16.0,Austin,Red Bull Racing
51,VER,52,0,3,3,0,52,28.7,22.0,0.0,1.3,36.3,1000.6,189.0,M,17.0,Austin,Red Bull Racing
52,VER,53,0,3,3,0,53,28.6,21.9,0.0,3.3,36.0,1000.5,213.0,M,18.0,Austin,Red Bull Racing
53,VER,54,0,3,3,0,53,28.4,21.7,0.0,4.2,36.7,1000.5,235.0,M,19.0,Austin,Red Bull Racing
54,VER,55,0,3,3,0,54,28.2,21.6,0.0,1.6,37.1,1000.5,213.0,M,20.0,Austin,Red Bull Racing
55,VER,56,0,3,3,0,55,28.2,21.8,0.0,1.9,36.7,1000.5,188.0,M,21.0,Austin,Red Bull Racing
0,LEC,1,0,4,4,0,69,28.6,20.7,0.0,3.2,24.2,1002.0,159.0,M,3.0,Austin,Ferrari
1,LEC,2,0,4,4,0,69,28.7,20.9,0.0,3.0,24.6,1001.9,149.0,M,4.0,Austin,Ferrari
2,LEC,3,0,4,4,0,70,29.0,21.2,0.0,3.7,24.8,1002.0,148.0,M,5.0,Austin,Ferrari
3,LEC,4,0,4,4,0,71,29.0,21.4,0.0,2.7,24.0,1001.9,157.0,M,6.0,Austin,Ferrari
4,LEC,5,0,4,4,0,70,28.9,21.4,0.0,2.5,23.9,1002.0,171.0,M,7.0,Austin,Ferrari
5,LEC,6,0,4,4,0,69,28.9,21.4,0.0,3.2,24.3,1001.9,194.0,M,8.0,Austin,Ferrari
6,LEC,7,0,4,4,0,68,28.9,21.5,0.0,3.0,24.7,1002.0,151.0,M,9.0,Austin,Ferrari
7,LEC,8,0,4,4,0,68,29.2,21.3,0.0,3.0,24.5,1001.9,180.0,M,10.0,Austin,Ferrari
8,LEC,9,0,4,4,0,70,29.0,21.1,0.0,1.6,24.8,1001.8,268.0,M,11.0,Austin,Ferrari
9,LEC,10,0,4,4,0,72,29.0,21.2,0.0,2.3,25.0,1001.8,270.0,M,12.0,Austin,Ferrari
10,LEC,11,0,4,4,0,72,29.0,21.2,0.0,1.4,25.0,1001.7,54.0,M,13.0,Austin,Ferrari
11,LEC,12,0,4,4,0,72,29.1,21.4,0.0,0.7,24.9,1001.7,154.0,M,14.0,Austin,Ferrari
12,LEC,13,0,4,4,0,73,29.5,21.6,0.0,1.4,23.8,1001.7,132.0,M,15.0,Austin,Ferrari
13,LEC,14,0,3,4,0,73,29.4,21.9,0.0,1.4,23.3,1001.7,132.0,M,16.0,Austin,Ferrari
14,LEC,15,0,2,4,0,73,29.1,21.2,0.0,2.0,24.6,1001.6,111.0,M,17.0,Austin,Ferrari
15,LEC,16,0,4,4,0,74,29.3,21.4,0.0,2.5,25.5,1001.5,359.0,M,18.0,Austin,Ferrari
16,LEC,17,0,4,4,0,74,29.6,21.8,0.0,3.3,25.7,1001.4,230.0,M,19.0,Austin,Ferrari
17,LEC,18,0,4,4,0,74,29.4,21.8,0.0,2.8,26.1,1001.5,337.0,M,20.0,Austin,Ferrari
18,LEC,19,0,4,4,0,74,29.2,21.6,0.0,3.2,27.7,1001.5,151.0,M,21.0,Austin,Ferrari
19,LEC,20,0,4,4,0,74,29.1,21.5,0.0,1.1,28.1,1001.4,163.0,M,22.0,Austin,Ferrari
20,LEC,21,0,6,4,0,73,29.5,21.8,0.0,2.8,27.5,1001.3,155.0,H,0.0,Austin,Ferrari
21,LEC,22,0,4,4,0,73,29.5,21.9,0.0,1.0,28.1,1001.4,0.0,H,1.0,Austin,Ferrari
22,LEC,23,0,4,4,0,73,29.5,22.0,0.0,1.4,28.4,1001.3,154.0,H,2.0,Austin,Ferrari
23,LEC,24,0,4,4,0,73,29.2,21.9,0.0,2.5,29.3,1001.3,153.0,H,3.0,Austin,Ferrari
24,LEC,25,0,4,4,0,73,29.3,21.8,0.0,3.7,30.3,1001.3,264.0,H,4.0,Austin,Ferrari
25,LEC,26,0,4,4,0,73,29.1,21.9,0.0,3.0,30.3,1001.3,220.0,H,5.0,Austin,Ferrari
26,LEC,27,0,4,4,0,73,29.0,21.6,0.0,3.3,30.6,1001.4,211.0,H,6.0,Austin,Ferrari
27,LEC,28,0,4,4,0,73,29.1,21.4,0.0,2.9,31.1,1001.3,286.0,H,7.0,Austin,Ferrari
28,LEC,29,0,4,4,0,73,29.0,21.4,0.0,2.3,30.9,1001.2,263.0,H,8.0,Austin,Ferrari
29,LEC,30,0,4,4,0,72,29.1,21.4,0.0,3.4,32.1,1001.3,198.0,H,9.0,Austin,Ferrari
30,LEC,31,0,4,4,0,72,29.0,21.3,0.0,4.0,32.5,1001.1,229.0,H,10.0,Austin,Ferrari
31,LEC,32,0,4,4,0,72,29.0,21.2,0.0,4.0,32.4,1001.2,208.0,H,11.0,Austin,Ferrari
32,LEC,33,0,4,4,0,72,29.0,21.4,0.0,2.6,31.9,1001.1,232.0,H,12.0,Austin,Ferrari
33,LEC,34,0,4,4,0,72,29.3,21.8,0.0,2.8,32.9,1001.1,154.0,H,13.0,Austin,Ferrari
34,LEC,35,0,4,4,0,71,29.4,21.9,0.0,2.9,32.5,1001.0,149.0,H,14.0,Austin,Ferrari
35,LEC,36,0,4,4,0,71,29.3,22.0,0.0,1.2,32.4,1001.1,214.0,H,15.0,Austin,Ferrari
36,LEC,37,0,4,4,0,71,29.1,22.0,0.0,1.6,32.4,1001.0,160.0,H,16.0,Austin,Ferrari
37,LEC,38,0,4,4,0,70,29.0,22.0,0.0,1.2,32.9,1000.9,199.0,H,17.0,Austin,Ferrari
38,LEC,39,0,4,4,0,68,29.0,22.0,0.0,1.5,34.2,1001.0,204.0,H,18.0,Austin,Ferrari
39,LEC,40,0,4,4,0,68,29.0,21.9,0.0,3.4,33.8,1000.9,227.0,H,19.0,Austin,Ferrari
40,LEC,41,0,4,4,0,68,28.9,22.0,0.0,1.5,34.1,1000.8,122.0,H,20.0,Austin,Ferrari
41,LEC,42,0,4,4,0,68,28.9,22.0,0.0,2.8,34.9,1000.7,245.0,H,21.0,Austin,Ferrari
42,LEC,43,0,4,4,0,68,28.9,21.9,0.0,2.7,34.4,1000.7,231.0,S,0.0,Austin,Ferrari
43,LEC,44,0,4,4,0,69,28.6,21.8,0.0,3.8,35.4,1000.8,210.0,S,1.0,Austin,Ferrari
44,LEC,45,0,4,4,0,69,28.7,21.6,0.0,3.8,36.2,1000.7,203.0,S,2.0,Austin,Ferrari
45,LEC,46,0,4,4,0,69,28.7,21.7,0.0,2.5,36.3,1000.7,249.0,S,3.0,Austin,Ferrari
46,LEC,47,0,4,4,0,70,28.7,21.8,0.0,2.9,36.1,1000.7,231.0,S,4.0,Austin,Ferrari
47,LEC,48,0,4,4,0,70,28.6,21.9,0.0,3.3,36.3,1000.7,201.0,S,5.0,Austin,Ferrari
48,LEC,49,0,4,4,0,70,28.5,21.8,0.0,2.9,36.2,1000.7,207.0,S,6.0,Austin,Ferrari
49,LEC,50,0,4,4,0,70,28.5,21.6,0.0,2.0,36.7,1000.6,214.0,S,7.0,Austin,Ferrari
50,LEC,51,0,4,4,0,70,28.6,21.9,0.0,1.5,36.4,1000.5,172.0,S,8.0,Austin,Ferrari
51,LEC,52,0,4,4,0,71,28.7,22.0,0.0,1.3,36.3,1000.6,189.0,S,9.0,Austin,Ferrari
52,LEC,53,0,4,4,0,71,28.4,21.7,0.0,4.2,36.7,1000.5,235.0,S,10.0,Austin,Ferrari
53,LEC,54,0,4,4,0,71,28.2,21.8,0.0,1.9,36.7,1000.5,188.0,S,11.0,Austin,Ferrari
54,LEC,55,0,4,4,0,71,28.6,22.1,0.0,1.9,35.7,1000.5,238.0,S,12.0,Austin,Ferrari
55,LEC,56,0,4,4,0,71,28.4,22.0,0.0,3.0,36.1,1000.5,222.0,S,13.0,Austin,Ferrari
0,HAM,1,0,3,2,0,74,28.6,20.7,0.0,3.2,24.2,1002.0,159.0,M,3.0,Austin,Mercedes
1,HAM,2,0,3,2,0,76,28.7,20.9,0.0,3.0,24.6,1001.9,149.0,M,4.0,Austin,Mercedes
2,HAM,3,0,3,2,0,75,29.0,21.2,0.0,3.7,24.8,1002.0,148.0,M,5.0,Austin,Mercedes
3,HAM,4,0,3,2,0,73,29.0,21.4,0.0,2.7,24.0,1001.9,157.0,M,6.0,Austin,Mercedes
4,HAM,5,0,3,2,0,69,29.0,21.2,0.0,2.3,25.0,1001.8,270.0,M,7.0,Austin,Mercedes
5,HAM,6,0,3,2,0,66,29.0,21.2,0.0,1.4,25.0,1001.7,54.0,M,8.0,Austin,Mercedes
6,HAM,7,0,3,2,0,64,29.1,21.4,0.0,0.7,24.9,1001.7,154.0,M,9.0,Austin,Mercedes
7,HAM,8,0,3,2,0,61,29.5,21.6,0.0,1.4,23.8,1001.7,132.0,M,10.0,Austin,Mercedes
8,HAM,9,0,3,2,0,62,29.5,21.8,0.0,2.6,23.9,1001.8,0.0,M,11.0,Austin,Mercedes
9,HAM,10,0,3,2,0,68,29.4,21.9,0.0,1.4,23.3,1001.7,132.0,M,12.0,Austin,Mercedes
10,HAM,11,0,3,2,0,67,29.3,21.4,0.0,3.2,24.3,1001.8,269.0,M,13.0,Austin,Mercedes
11,HAM,12,0,3,2,0,63,29.1,21.4,0.0,1.9,24.3,1001.6,181.0,M,14.0,Austin,Mercedes
12,HAM,13,0,3,2,0,63,29.1,21.4,0.0,1.8,24.3,1001.7,177.0,M,15.0,Austin,Mercedes
13,HAM,14,0,2,2,0,63,29.1,21.3,0.0,2.1,25.2,1001.6,176.0,M,16.0,Austin,Mercedes
14,HAM,15,0,1,2,0,64,29.3,21.4,0.0,2.5,25.5,1001.5,359.0,M,17.0,Austin,Mercedes
15,HAM,16,0,1,2,0,64,29.4,21.7,0.0,2.3,25.2,1001.5,188.0,M,18.0,Austin,Mercedes
16,HAM,17,0,1,2,0,67,29.6,21.8,0.0,3.3,25.7,1001.4,230.0,M,19.0,Austin,Mercedes
17,HAM,18,0,1,2,0,66,29.3,21.8,0.0,1.9,27.1,1001.5,156.0,M,20.0,Austin,Mercedes
18,HAM,19,0,1,2,0,66,29.1,21.5,0.0,1.1,28.1,1001.4,163.0,M,21.0,Austin,Mercedes
19,HAM,20,0,1,2,0,65,29.3,21.7,0.0,2.3,28.4,1001.2,157.0,M,22.0,Austin,Mercedes
20,HAM,21,0,1,2,0,65,29.5,21.8,0.0,2.8,27.5,1001.3,155.0,M,23.0,Austin,Mercedes
21,HAM,22,0,1,2,0,64,29.5,21.8,0.0,1.8,28.0,1001.3,74.0,M,24.0,Austin,Mercedes
22,HAM,23,0,1,2,0,65,29.5,21.9,0.0,1.0,28.1,1001.4,0.0,M,25.0,Austin,Mercedes
23,HAM,24,0,2,2,0,65,29.3,21.8,0.0,2.3,29.7,1001.2,238.0,M,26.0,Austin,Mercedes
24,HAM,25,0,3,2,0,64,29.3,21.8,0.0,3.7,30.3,1001.3,264.0,H,0.0,Austin,Mercedes
25,HAM,26,0,3,2,0,64,29.0,21.5,0.0,3.4,30.8,1001.3,224.0,H,1.0,Austin,Mercedes
26,HAM,27,0,3,2,0,65,29.0,21.4,0.0,2.3,30.9,1001.2,263.0,H,2.0,Austin,Mercedes
27,HAM,28,0,3,2,0,65,29.1,21.4,0.0,3.4,32.1,1001.3,198.0,H,3.0,Austin,Mercedes
28,HAM,29,0,3,2,0,65,29.0,21.2,0.0,4.0,32.4,1001.2,208.0,H,4.0,Austin,Mercedes
29,HAM,30,0,3,2,0,65,29.4,21.7,0.0,2.9,31.8,1001.1,210.0,H,5.0,Austin,Mercedes
30,HAM,31,0,3,2,0,65,29.1,21.5,0.0,4.2,32.9,1001.2,162.0,H,6.0,Austin,Mercedes
31,HAM,32,0,3,2,0,65,29.3,21.8,0.0,2.8,32.9,1001.1,154.0,H,7.0,Austin,Mercedes
32,HAM,33,0,3,2,0,65,29.1,22.0,0.0,1.6,32.4,1001.0,160.0,H,8.0,Austin,Mercedes
33,HAM,34,0,3,2,0,65,29.1,22.0,0.0,1.5,32.8,1001.0,290.0,H,9.0,Austin,Mercedes
34,HAM,35,0,2,2,0,66,29.1,22.0,0.0,0.9,32.7,1000.9,181.0,H,10.0,Austin,Mercedes
35,HAM,36,0,1,2,0,66,29.0,22.0,0.0,1.2,32.9,1000.9,199.0,H,11.0,Austin,Mercedes
36,HAM,37,0,1,2,0,66,29.0,22.1,0.0,1.6,33.0,1000.9,207.0,H,12.0,Austin,Mercedes
37,HAM,38,0,1,2,0,66,29.0,22.0,0.0,1.5,34.2,1001.0,204.0,H,13.0,Austin,Mercedes
38,HAM,39,0,1,2,0,66,29.0,21.9,0.0,3.4,33.8,1000.9,227.0,H,14.0,Austin,Mercedes
39,HAM,40,0,1,2,0,66,28.9,21.8,0.0,1.3,34.1,1000.7,209.0,H,15.0,Austin,Mercedes
40,HAM,41,0,1,2,0,67,28.9,22.0,0.0,1.5,34.1,1000.8,122.0,H,16.0,Austin,Mercedes
41,HAM,42,0,1,2,0,67,28.9,22.0,0.0,2.9,34.6,1000.7,202.0,H,17.0,Austin,Mercedes
42,HAM,43,0,1,2,0,67,28.9,22.0,0.0,2.8,34.9,1000.7,245.0,H,18.0,Austin,Mercedes
43,HAM,44,0,1,2,0,68,28.7,21.7,0.0,2.5,36.3,1000.7,249.0,H,19.0,Austin,Mercedes
44,HAM,45,0,1,2,0,68,28.7,21.8,0.0,2.9,36.1,1000.7,231.0,H,20.0,Austin,Mercedes
45,HAM,46,0,1,2,0,69,28.7,21.8,0.0,3.6,36.3,1000.7,223.0,H,21.0,Austin,Mercedes
46,HAM,47,0,1,2,0,69,28.6,21.9,0.0,3.3,36.3,1000.7,201.0,H,22.0,Austin,Mercedes
47,HAM,48,0,1,2,0,69,28.5,21.8,0.0,2.9,36.2,1000.7,207.0,H,23.0,Austin,Mercedes
48,HAM,49,0,1,2,0,70,28.4,21.6,0.0,3.6,36.5,1000.7,238.0,H,24.0,Austin,Mercedes
49,HAM,50,0,1,2,0,70,28.5,21.6,0.0,3.2,36.7,1000.5,240.0,H,25.0,Austin,Mercedes
50,HAM,51,0,1,2,0,70,28.6,21.8,0.0,1.9,36.5,1000.6,233.0,H,26.0,Austin,Mercedes
51,HAM,52,0,2,2,0,70,28.7,22.0,0.0,1.3,36.3,1000.6,189.0,H,27.0,Austin,Mercedes
52,HAM,53,0,2,2,0,70,28.4,21.7,0.0,4.2,36.7,1000.5,235.0,H,28.0,Austin,Mercedes
53,HAM,54,0,2,2,0,70,28.2,21.8,0.0,1.9,36.7,1000.5,188.0,H,29.0,Austin,Mercedes
54,HAM,55,0,2,2,0,70,28.6,22.0,0.0,1.2,36.7,1000.5,205.0,H,30.0,Austin,Mercedes
55,HAM,56,0,2,2,0,71,28.6,22.1,0.0,1.9,35.7,1000.5,238.0,H,31.0,Austin,Mercedes
0,ALB,1,0,11,5,0,51,28.6,20.7,0.0,3.2,24.2,1002.0,159.0,S,3.0,Austin,Red Bull Racing
1,ALB,2,0,20,5,0,47,28.7,20.9,0.0,3.0,24.6,1001.9,149.0,M,0.0,Austin,Red Bull Racing
2,ALB,3,0,20,5,0,46,28.9,21.4,0.0,2.5,23.9,1002.0,171.0,M,1.0,Austin,Red Bull Racing
3,ALB,4,0,20,5,0,44,29.2,21.3,0.0,3.0,24.5,1001.9,180.0,M,2.0,Austin,Red Bull Racing
4,ALB,5,0,20,5,0,43,29.0,21.2,0.0,2.3,25.0,1001.8,270.0,M,3.0,Austin,Red Bull Racing
5,ALB,6,0,20,5,0,42,29.0,21.2,0.0,1.4,25.0,1001.7,54.0,M,4.0,Austin,Red Bull Racing
6,ALB,7,0,19,5,0,40,29.1,21.4,0.0,0.7,24.9,1001.7,154.0,M,5.0,Austin,Red Bull Racing
7,ALB,8,0,17,5,0,35,29.5,21.6,0.0,1.4,23.8,1001.7,132.0,M,6.0,Austin,Red Bull Racing
8,ALB,9,0,17,5,0,41,29.5,21.8,0.0,2.6,23.9,1001.8,0.0,M,7.0,Austin,Red Bull Racing
9,ALB,10,0,16,5,0,45,29.3,21.7,0.0,2.9,23.2,1001.7,125.0,M,8.0,Austin,Red Bull Racing
10,ALB,11,0,16,5,0,42,29.1,21.3,0.0,2.1,25.2,1001.6,176.0,M,9.0,Austin,Red Bull Racing
11,ALB,12,0,15,5,0,38,29.4,21.7,0.0,2.3,25.2,1001.5,188.0,M,10.0,Austin,Red Bull Racing
12,ALB,13,0,15,5,0,37,29.6,21.8,0.0,3.3,25.7,1001.4,230.0,M,11.0,Austin,Red Bull Racing
13,ALB,14,0,14,5,0,36,29.3,21.8,0.0,1.9,27.1,1001.5,156.0,M,12.0,Austin,Red Bull Racing
14,ALB,15,0,13,5,0,37,29.2,21.6,0.0,3.2,27.7,1001.5,151.0,M,13.0,Austin,Red Bull Racing
15,ALB,16,0,13,5,0,39,29.1,21.5,0.0,1.1,28.1,1001.4,163.0,M,14.0,Austin,Red Bull Racing
16,ALB,17,0,13,5,0,40,29.3,21.7,0.0,2.3,28.4,1001.2,157.0,M,15.0,Austin,Red Bull Racing
17,ALB,18,0,13,5,0,40,29.5,21.9,0.0,1.0,28.1,1001.4,0.0,M,16.0,Austin,Red Bull Racing
18,ALB,19,0,11,5,0,39,29.2,21.9,0.0,2.5,29.3,1001.3,153.0,M,17.0,Austin,Red Bull Racing
19,ALB,20,0,9,5,0,39,29.3,21.9,0.0,2.7,29.8,1001.3,203.0,M,18.0,Austin,Red Bull Racing
20,ALB,21,0,15,5,0,38,29.3,22.0,0.0,1.7,30.2,1001.2,214.0,M,0.0,Austin,Red Bull Racing
21,ALB,22,0,12,5,0,38,29.1,21.9,0.0,3.0,30.3,1001.3,220.0,M,1.0,Austin,Red Bull Racing
22,ALB,23,0,12,5,0,38,29.0,21.6,0.0,3.3,30.6,1001.4,211.0,M,2.0,Austin,Red Bull Racing
23,ALB,24,0,12,5,0,38,29.0,21.5,0.0,3.4,30.8,1001.3,224.0,M,3.0,Austin,Red Bull Racing
24,ALB,25,0,10,5,0,38,29.0,21.4,0.0,2.3,30.9,1001.2,263.0,M,4.0,Austin,Red Bull Racing
25,ALB,26,0,10,5,0,38,29.1,21.4,0.0,2.4,31.5,1001.3,244.0,M,5.0,Austin,Red Bull Racing
26,ALB,27,0,9,5,0,39,29.1,21.4,0.0,3.4,32.1,1001.3,198.0,M,6.0,Austin,Red Bull Racing
27,ALB,28,0,8,5,0,39,29.0,21.2,0.0,4.0,32.4,1001.2,208.0,M,7.0,Austin,Red Bull Racing
28,ALB,29,0,8,5,0,39,29.0,21.3,0.0,2.9,32.3,1001.2,219.0,M,8.0,Austin,Red Bull Racing
29,ALB,30,0,8,5,0,40,29.1,21.5,0.0,4.2,32.9,1001.2,162.0,M,9.0,Austin,Red Bull Racing
30,ALB,31,0,7,5,0,40,29.4,21.9,0.0,2.9,32.5,1001.0,149.0,M,10.0,Austin,Red Bull Racing
31,ALB,32,0,7,5,0,40,29.3,22.0,0.0,1.2,32.4,1001.1,214.0,M,11.0,Austin,Red Bull Racing
32,ALB,33,0,7,5,0,40,29.1,22.0,0.0,1.5,32.8,1001.0,290.0,M,12.0,Austin,Red Bull Racing
33,ALB,34,0,7,5,0,39,29.1,22.0,0.0,0.9,32.7,1000.9,181.0,M,13.0,Austin,Red Bull Racing
34,ALB,35,0,6,5,0,40,29.0,22.0,0.0,1.2,32.9,1000.9,199.0,M,14.0,Austin,Red Bull Racing
35,ALB,36,0,6,5,0,42,29.0,22.1,0.0,1.6,33.0,1000.9,207.0,M,15.0,Austin,Red Bull Racing
36,ALB,37,0,5,5,0,42,29.0,21.9,0.0,3.4,33.8,1000.9,227.0,M,16.0,Austin,Red Bull Racing
37,ALB,38,0,5,5,0,42,28.9,21.8,0.0,3.7,34.2,1000.9,131.0,M,17.0,Austin,Red Bull Racing
38,ALB,39,0,5,5,0,42,28.9,21.7,0.0,1.3,34.1,1000.7,171.0,M,18.0,Austin,Red Bull Racing
39,ALB,40,0,5,5,0,42,28.9,22.0,0.0,1.5,34.1,1000.8,122.0,M,19.0,Austin,Red Bull Racing
40,ALB,41,0,9,5,0,42,28.9,22.0,0.0,2.9,34.6,1000.7,202.0,S,3.0,Austin,Red Bull Racing
41,ALB,42,0,9,5,0,42,28.9,22.0,0.0,2.8,34.9,1000.7,245.0,S,4.0,Austin,Red Bull Racing
42,ALB,43,0,7,5,0,42,28.7,21.6,0.0,3.8,36.2,1000.7,203.0,S,5.0,Austin,Red Bull Racing
43,ALB,44,0,7,5,0,42,28.7,21.7,0.0,2.5,36.3,1000.7,249.0,S,6.0,Austin,Red Bull Racing
44,ALB,45,0,6,5,0,42,28.7,21.8,0.0,2.9,36.1,1000.7,231.0,S,7.0,Austin,Red Bull Racing
45,ALB,46,0,6,5,0,42,28.7,21.8,0.0,3.6,36.3,1000.7,223.0,S,8.0,Austin,Red Bull Racing
46,ALB,47,0,6,5,0,43,28.5,21.6,0.0,3.2,36.7,1000.5,240.0,S,9.0,Austin,Red Bull Racing
47,ALB,48,0,5,5,0,43,28.5,21.6,0.0,2.0,36.7,1000.6,214.0,S,10.0,Austin,Red Bull Racing
48,ALB,49,0,5,5,0,42,28.6,21.9,0.0,1.5,36.4,1000.5,172.0,S,11.0,Austin,Red Bull Racing
49,ALB,50,0,5,5,0,42,28.6,21.9,0.0,3.3,36.0,1000.5,213.0,S,12.0,Austin,Red Bull Racing
50,ALB,51,0,5,5,0,43,28.4,21.7,0.0,4.2,36.7,1000.5,235.0,S,13.0,Austin,Red Bull Racing
51,ALB,52,0,5,5,0,43,28.2,21.5,0.0,3.5,37.0,1000.5,227.0,S,14.0,Austin,Red Bull Racing
52,ALB,53,0,4,5,0,43,28.2,21.6,0.0,1.6,37.1,1000.5,213.0,S,15.0,Austin,Red Bull Racing
53,ALB,54,0,5,5,0,43,28.2,21.8,0.0,1.9,36.7,1000.5,188.0,S,16.0,Austin,Red Bull Racing
54,ALB,55,0,5,5,0,44,28.6,22.1,0.0,1.9,35.7,1000.5,238.0,S,17.0,Austin,Red Bull Racing
55,ALB,56,0,5,5,0,44,28.4,22.0,0.0,3.0,36.1,1000.5,222.0,S,18.0,Austin,Red Bull Racing
0,SAI,1,0,9,8,0,34,28.6,20.7,0.0,3.2,24.2,1002.0,159.0,S,3.0,Austin,McLaren
1,SAI,2,0,9,8,0,43,29.0,21.2,0.0,3.7,24.8,1002.0,148.0,S,4.0,Austin,McLaren
2,SAI,3,0,9,8,0,51,28.9,21.4,0.0,3.2,24.3,1001.9,194.0,S,5.0,Austin,McLaren
3,SAI,4,0,9,8,0,51,28.9,21.5,0.0,3.0,24.7,1002.0,151.0,S,6.0,Austin,McLaren
4,SAI,5,0,9,8,0,52,29.0,21.1,0.0,1.6,24.8,1001.8,268.0,S,7.0,Austin,McLaren
5,SAI,6,0,9,8,0,52,29.0,21.2,0.0,2.3,25.0,1001.8,270.0,S,8.0,Austin,McLaren
6,SAI,7,0,9,8,0,51,29.0,21.2,0.0,1.4,25.0,1001.7,54.0,S,9.0,Austin,McLaren
7,SAI,8,0,8,8,0,50,29.4,21.9,0.0,1.4,23.3,1001.7,132.0,S,10.0,Austin,McLaren
8,SAI,9,0,8,8,0,49,29.3,21.7,0.0,2.9,23.2,1001.7,125.0,S,11.0,Austin,McLaren
9,SAI,10,0,8,8,0,49,29.3,21.5,0.0,3.0,23.2,1001.7,150.0,S,12.0,Austin,McLaren
10,SAI,11,0,8,8,0,50,29.3,21.4,0.0,3.2,24.3,1001.8,269.0,S,13.0,Austin,McLaren
11,SAI,12,0,8,8,0,50,29.1,21.4,0.0,1.9,24.3,1001.6,181.0,S,14.0,Austin,McLaren
12,SAI,13,0,8,8,0,51,29.1,21.2,0.0,2.0,24.6,1001.6,111.0,S,15.0,Austin,McLaren
13,SAI,14,0,8,8,0,51,29.1,21.3,0.0,2.1,25.2,1001.6,176.0,S,16.0,Austin,McLaren
14,SAI,15,0,8,8,0,52,29.2,21.6,0.0,1.1,25.1,1001.4,116.0,S,17.0,Austin,McLaren
15,SAI,16,0,8,8,0,52,29.2,21.6,0.0,3.2,27.7,1001.5,151.0,S,18.0,Austin,McLaren
16,SAI,17,0,8,8,0,52,29.1,21.5,0.0,1.1,28.1,1001.4,163.0,S,19.0,Austin,McLaren
17,SAI,18,0,8,8,0,52,29.3,21.7,0.0,2.3,28.4,1001.2,157.0,S,20.0,Austin,McLaren
18,SAI,19,0,12,8,0,52,29.5,21.8,0.0,2.8,27.5,1001.3,155.0,H,0.0,Austin,McLaren
19,SAI,20,0,11,8,0,53,29.5,21.8,0.0,1.8,28.0,1001.3,74.0,H,1.0,Austin,McLaren
20,SAI,21,0,10,8,0,53,29.5,21.9,0.0,1.0,28.1,1001.4,0.0,H,2.0,Austin,McLaren
21,SAI,22,0,9,8,0,53,29.3,21.8,0.0,2.3,29.7,1001.2,238.0,H,3.0,Austin,McLaren
22,SAI,23,0,9,8,0,54,29.3,21.8,0.0,1.9,30.8,1001.4,252.0,H,4.0,Austin,McLaren
23,SAI,24,0,9,8,0,54,29.1,21.9,0.0,3.0,30.3,1001.3,220.0,H,5.0,Austin,McLaren
24,SAI,25,0,8,8,0,54,29.0,21.6,0.0,3.3,30.6,1001.4,211.0,H,6.0,Austin,McLaren
25,SAI,26,0,7,8,0,54,29.1,21.4,0.0,2.9,31.1,1001.3,286.0,H,7.0,Austin,McLaren
26,SAI,27,0,7,8,0,54,29.0,21.4,0.0,2.3,30.9,1001.2,263.0,H,8.0,Austin,McLaren
27,SAI,28,0,7,8,0,54,29.1,21.4,0.0,3.4,32.1,1001.3,198.0,H,9.0,Austin,McLaren
28,SAI,29,0,7,8,0,54,29.0,21.3,0.0,4.0,32.5,1001.1,229.0,H,10.0,Austin,McLaren
29,SAI,30,0,7,8,0,54,29.0,21.3,0.0,2.9,32.3,1001.2,219.0,H,11.0,Austin,McLaren
30,SAI,31,0,8,8,0,54,29.4,21.7,0.0,2.9,31.8,1001.1,210.0,H,12.0,Austin,McLaren
31,SAI,32,0,8,8,0,53,29.3,21.8,0.0,2.8,32.9,1001.1,154.0,H,13.0,Austin,McLaren
32,SAI,33,0,8,8,0,53,29.4,21.9,0.0,2.9,32.5,1001.0,149.0,H,14.0,Austin,McLaren
33,SAI,34,0,8,8,0,53,29.3,22.0,0.0,1.2,32.4,1001.1,214.0,H,15.0,Austin,McLaren
34,SAI,35,0,8,8,0,53,29.1,22.0,0.0,1.5,32.8,1001.0,290.0,H,16.0,Austin,McLaren
35,SAI,36,0,8,8,0,53,29.0,22.0,0.0,1.2,32.9,1000.9,199.0,H,17.0,Austin,McLaren
36,SAI,37,0,8,8,0,53,29.0,21.9,0.0,3.4,33.8,1000.9,227.0,H,18.0,Austin,McLaren
37,SAI,38,0,8,8,0,53,28.9,21.8,0.0,3.7,34.2,1000.9,131.0,H,19.0,Austin,McLaren
38,SAI,39,0,8,8,0,53,28.9,21.7,0.0,1.3,34.1,1000.7,171.0,H,20.0,Austin,McLaren
39,SAI,40,0,8,8,0,53,28.9,22.0,0.0,1.5,34.1,1000.8,122.0,H,21.0,Austin,McLaren
40,SAI,41,0,7,8,0,53,28.9,21.9,0.0,2.7,34.4,1000.7,231.0,H,22.0,Austin,McLaren
41,SAI,42,0,7,8,0,53,28.7,21.7,0.0,2.5,36.3,1000.7,249.0,H,23.0,Austin,McLaren
42,SAI,43,0,6,8,0,53,28.7,21.8,0.0,3.6,36.4,1000.7,239.0,H,24.0,Austin,McLaren
43,SAI,44,0,6,8,0,53,28.7,21.8,0.0,3.6,36.3,1000.7,223.0,H,25.0,Austin,McLaren
44,SAI,45,0,7,8,0,53,28.5,21.8,0.0,2.9,36.2,1000.7,207.0,H,26.0,Austin,McLaren
45,SAI,46,0,7,8,0,53,28.5,21.6,0.0,2.0,36.7,1000.6,214.0,H,27.0,Austin,McLaren
46,SAI,47,0,7,8,0,53,28.6,21.9,0.0,1.5,36.4,1000.5,172.0,H,28.0,Austin,McLaren
47,SAI,48,0,7,8,0,53,28.7,22.0,0.0,1.3,36.3,1000.6,189.0,H,29.0,Austin,McLaren
48,SAI,49,0,7,8,0,53,28.6,21.9,0.0,3.3,36.0,1000.5,213.0,H,30.0,Austin,McLaren
49,SAI,50,0,7,8,0,54,28.4,21.7,0.0,4.2,36.7,1000.5,235.0,H,31.0,Austin,McLaren
50,SAI,51,0,7,8,0,54,28.2,21.5,0.0,3.5,37.0,1000.5,227.0,H,32.0,Austin,McLaren
51,SAI,52,0,8,8,0,54,28.2,21.6,0.0,1.6,37.1,1000.5,213.0,H,33.0,Austin,McLaren
52,SAI,53,0,7,8,0,54,28.6,22.0,0.0,1.2,36.7,1000.5,205.0,H,34.0,Austin,McLaren
53,SAI,54,0,8,8,0,54,28.6,22.1,0.0,1.9,35.7,1000.5,238.0,H,35.0,Austin,McLaren
54,SAI,55,0,8,8,0,54,28.4,22.0,0.0,3.0,36.1,1000.5,222.0,H,36.0,Austin,McLaren
0,NOR,1,0,5,7,0,41,28.6,20.7,0.0,3.2,24.2,1002.0,159.0,S,3.0,Austin,McLaren
1,NOR,2,0,5,7,0,52,29.0,21.2,0.0,3.7,24.8,1002.0,148.0,S,4.0,Austin,McLaren
2,NOR,3,0,5,7,0,55,29.0,21.4,0.0,2.7,24.0,1001.9,157.0,S,5.0,Austin,McLaren
3,NOR,4,0,5,7,0,58,28.9,21.4,0.0,2.5,23.9,1002.0,171.0,S,6.0,Austin,McLaren
4,NOR,5,0,5,7,0,59,28.9,21.4,0.0,3.2,24.3,1001.9,194.0,S,7.0,Austin,McLaren
5,NOR,6,0,5,7,0,59,29.2,21.3,0.0,3.0,24.5,1001.9,180.0,S,8.0,Austin,McLaren
6,NOR,7,0,5,7,0,59,29.0,21.1,0.0,1.6,24.8,1001.8,268.0,S,9.0,Austin,McLaren
7,NOR,8,0,6,7,0,59,29.0,21.2,0.0,2.3,25.0,1001.8,270.0,S,10.0,Austin,McLaren
8,NOR,9,0,6,7,0,60,29.0,21.2,0.0,1.4,25.0,1001.7,54.0,S,11.0,Austin,McLaren
9,NOR,10,0,6,7,0,62,29.5,21.8,0.0,2.6,23.9,1001.8,0.0,S,12.0,Austin,McLaren
10,NOR,11,0,6,7,0,62,29.3,21.5,0.0,3.0,23.2,1001.7,150.0,S,13.0,Austin,McLaren
11,NOR,12,0,6,7,0,61,29.3,21.4,0.0,3.2,24.3,1001.8,269.0,S,14.0,Austin,McLaren
12,NOR,13,0,6,7,0,61,29.1,21.4,0.0,1.9,24.3,1001.6,181.0,S,15.0,Austin,McLaren
13,NOR,14,0,6,7,0,62,29.1,21.4,0.0,1.8,24.3,1001.7,177.0,S,16.0,Austin,McLaren
14,NOR,15,0,6,7,0,63,29.1,21.2,0.0,2.0,24.6,1001.6,111.0,S,17.0,Austin,McLaren
15,NOR,16,0,6,7,0,63,29.3,21.4,0.0,2.5,25.5,1001.5,359.0,S,18.0,Austin,McLaren
16,NOR,17,0,6,7,0,63,29.4,21.6,0.0,1.9,25.1,1001.5,149.0,S,19.0,Austin,McLaren
17,NOR,18,0,6,7,0,63,29.2,21.6,0.0,1.1,25.1,1001.4,116.0,S,20.0,Austin,McLaren
18,NOR,19,0,6,7,0,62,29.4,21.7,0.0,2.3,25.2,1001.5,188.0,S,21.0,Austin,McLaren
19,NOR,20,0,10,7,0,62,29.6,21.8,0.0,3.3,25.7,1001.4,230.0,H,0.0,Austin,McLaren
20,NOR,21,0,9,7,0,62,29.4,21.8,0.0,2.8,26.1,1001.5,337.0,H,1.0,Austin,McLaren
21,NOR,22,0,8,7,0,62,29.2,21.6,0.0,3.2,27.7,1001.5,151.0,H,2.0,Austin,McLaren
22,NOR,23,0,7,7,0,62,29.1,21.5,0.0,1.2,28.0,1001.4,199.0,H,3.0,Austin,McLaren
23,NOR,24,0,7,7,0,61,29.5,21.8,0.0,2.8,27.5,1001.3,155.0,H,4.0,Austin,McLaren
24,NOR,25,0,6,7,0,61,29.5,21.8,0.0,1.8,28.0,1001.3,74.0,H,5.0,Austin,McLaren
25,NOR,26,0,6,7,0,61,29.3,21.9,0.0,2.7,29.8,1001.3,203.0,H,6.0,Austin,McLaren
26,NOR,27,0,6,7,0,61,29.3,21.8,0.0,3.7,30.3,1001.3,264.0,H,7.0,Austin,McLaren
27,NOR,28,0,6,7,0,61,29.3,22.0,0.0,1.7,30.2,1001.2,214.0,H,8.0,Austin,McLaren
28,NOR,29,0,6,7,0,61,29.0,21.6,0.0,3.3,30.6,1001.4,211.0,H,9.0,Austin,McLaren
29,NOR,30,0,6,7,0,60,29.0,21.4,0.0,2.3,30.9,1001.2,263.0,H,10.0,Austin,McLaren
30,NOR,31,0,6,7,0,60,29.1,21.4,0.0,2.4,31.5,1001.3,244.0,H,11.0,Austin,McLaren
31,NOR,32,0,6,7,0,59,29.0,21.4,0.0,2.6,31.9,1001.1,232.0,H,12.0,Austin,McLaren
32,NOR,33,0,6,7,0,59,29.4,21.7,0.0,2.9,31.8,1001.1,210.0,H,13.0,Austin,McLaren
33,NOR,34,0,6,7,0,58,29.1,21.5,0.0,4.2,32.9,1001.2,162.0,H,14.0,Austin,McLaren
34,NOR,35,0,7,7,0,58,29.4,21.9,0.0,2.9,32.5,1001.0,149.0,H,15.0,Austin,McLaren
35,NOR,36,0,7,7,0,58,29.1,22.0,0.0,1.6,32.4,1001.0,160.0,H,16.0,Austin,McLaren
36,NOR,37,0,7,7,0,58,29.1,22.0,0.0,1.5,32.8,1001.0,290.0,H,17.0,Austin,McLaren
37,NOR,38,0,7,7,0,58,29.1,22.0,0.0,0.9,32.7,1000.9,181.0,H,18.0,Austin,McLaren
38,NOR,39,0,7,7,0,58,28.9,21.8,0.0,3.7,34.2,1000.9,131.0,H,19.0,Austin,McLaren
39,NOR,40,0,7,7,0,58,28.9,21.7,0.0,1.3,34.1,1000.7,171.0,H,20.0,Austin,McLaren
40,NOR,41,0,6,7,0,58,28.9,21.8,0.0,1.3,34.1,1000.7,209.0,H,21.0,Austin,McLaren
41,NOR,42,0,6,7,0,58,28.9,22.0,0.0,1.5,34.1,1000.8,122.0,H,22.0,Austin,McLaren
42,NOR,43,0,10,7,0,58,28.6,21.8,0.0,3.8,35.4,1000.8,210.0,M,0.0,Austin,McLaren
43,NOR,44,0,10,7,0,58,28.6,21.8,0.0,2.1,35.5,1000.8,217.0,M,1.0,Austin,McLaren
44,NOR,45,0,10,7,0,59,28.7,21.6,0.0,3.8,36.2,1000.7,203.0,M,2.0,Austin,McLaren
45,NOR,46,0,10,7,0,59,28.7,21.8,0.0,3.6,36.4,1000.7,239.0,M,3.0,Austin,McLaren
46,NOR,47,0,10,7,0,59,28.7,21.8,0.0,2.9,36.1,1000.7,231.0,M,4.0,Austin,McLaren
47,NOR,48,0,9,7,0,59,28.7,21.8,0.0,3.6,36.3,1000.7,223.0,M,5.0,Austin,McLaren
48,NOR,49,0,8,7,0,60,28.5,21.8,0.0,2.9,36.2,1000.7,207.0,M,6.0,Austin,McLaren
49,NOR,50,0,8,7,0,60,28.4,21.6,0.0,3.6,36.5,1000.7,238.0,M,7.0,Austin,McLaren
50,NOR,51,0,8,7,0,60,28.6,21.8,0.0,1.9,36.5,1000.6,233.0,M,8.0,Austin,McLaren
51,NOR,52,0,7,7,0,61,28.7,22.0,0.0,1.3,36.3,1000.6,189.0,M,9.0,Austin,McLaren
52,NOR,53,0,6,7,0,61,28.4,21.7,0.0,4.2,36.7,1000.5,235.0,M,10.0,Austin,McLaren
53,NOR,54,0,7,7,0,61,28.2,21.5,0.0,3.5,37.0,1000.5,227.0,M,11.0,Austin,McLaren
54,NOR,55,0,7,7,0,62,28.6,22.1,0.0,1.9,35.7,1000.5,238.0,M,12.0,Austin,McLaren
55,NOR,56,0,7,7,0,63,28.4,22.0,0.0,3.0,36.1,1000.5,222.0,M,13.0,Austin,McLaren
0,RIC,1,0,7,6,0,49,28.6,20.7,0.0,3.2,24.2,1002.0,159.0,S,3.0,Austin,Renault
1,RIC,2,0,6,6,0,65,28.7,20.9,0.0,3.0,24.6,1001.9,149.0,S,4.0,Austin,Renault
2,RIC,3,0,6,6,0,75,28.9,21.4,0.0,2.5,23.9,1002.0,171.0,S,5.0,Austin,Renault
3,RIC,4,0,6,6,0,79,28.9,21.4,0.0,3.2,24.3,1001.9,194.0,S,6.0,Austin,Renault
4,RIC,5,0,6,6,0,81,28.9,21.5,0.0,3.0,24.7,1002.0,151.0,S,7.0,Austin,Renault
5,RIC,6,0,6,6,0,83,29.0,21.2,0.0,1.4,25.0,1001.7,54.0,S,8.0,Austin,Renault
6,RIC,7,0,6,6,0,83,29.5,21.6,0.0,1.4,23.8,1001.7,132.0,S,9.0,Austin,Renault
7,RIC,8,0,5,6,0,84,29.4,21.9,0.0,1.4,23.3,1001.7,132.0,S,10.0,Austin,Renault
8,RIC,9,0,5,6,0,78,29.3,21.7,0.0,2.9,23.2,1001.7,125.0,S,11.0,Austin,Renault
9,RIC,10,0,5,6,0,69,29.3,21.5,0.0,3.0,23.2,1001.7,150.0,S,12.0,Austin,Renault
10,RIC,11,0,5,6,0,69,29.1,21.4,0.0,1.8,24.3,1001.7,177.0,S,13.0,Austin,Renault
11,RIC,12,0,5,6,0,68,29.3,21.4,0.0,2.5,25.5,1001.5,359.0,S,14.0,Austin,Renault
12,RIC,13,0,5,6,0,68,29.4,21.6,0.0,1.9,25.1,1001.5,149.0,S,15.0,Austin,Renault
13,RIC,14,0,5,6,0,69,29.4,21.7,0.0,2.3,25.2,1001.5,188.0,S,16.0,Austin,Renault
14,RIC,15,0,5,6,0,69,29.4,21.8,0.0,2.8,26.1,1001.5,337.0,S,17.0,Austin,Renault
15,RIC,16,0,5,6,0,69,29.2,21.6,0.0,3.2,27.7,1001.5,151.0,S,18.0,Austin,Renault
16,RIC,17,0,5,6,0,69,29.1,21.5,0.0,1.2,28.0,1001.4,199.0,S,19.0,Austin,Renault
17,RIC,18,0,5,6,0,69,29.3,21.7,0.0,2.3,28.4,1001.2,157.0,S,20.0,Austin,Renault
18,RIC,19,0,5,6,0,69,29.5,21.8,0.0,1.8,28.0,1001.3,74.0,S,21.0,Austin,Renault
19,RIC,20,0,5,6,0,69,29.2,21.9,0.0,2.5,29.3,1001.3,153.0,S,22.0,Austin,Renault
20,RIC,21,0,4,6,0,69,29.3,21.8,0.0,2.3,29.7,1001.2,238.0,S,23.0,Austin,Renault
21,RIC,22,0,7,6,0,70,29.3,21.8,0.0,3.7,30.3,1001.3,264.0,H,0.0,Austin,Renault
22,RIC,23,0,6,6,0,70,29.1,21.9,0.0,3.0,30.3,1001.3,220.0,H,1.0,Austin,Renault
23,RIC,24,0,5,6,0,70,29.1,21.4,0.0,2.9,31.1,1001.3,286.0,H,2.0,Austin,Renault
24,RIC,25,0,5,6,0,70,29.0,21.4,0.0,2.3,30.9,1001.2,263.0,H,3.0,Austin,Renault
25,RIC,26,0,5,6,0,70,29.1,21.4,0.0,2.4,31.5,1001.3,244.0,H,4.0,Austin,Renault
26,RIC,27,0,5,6,0,71,29.1,21.4,0.0,3.4,32.1,1001.3,198.0,H,5.0,Austin,Renault
27,RIC,28,0,5,6,0,72,29.0,21.3,0.0,4.0,32.5,1001.1,229.0,H,6.0,Austin,Renault
28,RIC,29,0,5,6,0,72,29.0,21.2,0.0,4.0,32.4,1001.2,208.0,H,7.0,Austin,Renault
29,RIC,30,0,5,6,0,73,29.0,21.3,0.0,2.9,32.3,1001.2,219.0,H,8.0,Austin,Renault
30,RIC,31,0,5,6,0,73,29.1,21.6,0.0,4.3,32.1,1001.2,235.0,H,9.0,Austin,Renault
31,RIC,32,0,5,6,0,73,29.1,21.5,0.0,4.2,32.9,1001.2,162.0,H,10.0,Austin,Renault
32,RIC,33,0,5,6,0,73,29.3,21.8,0.0,2.8,32.9,1001.1,154.0,H,11.0,Austin,Renault
33,RIC,34,0,5,6,0,73,29.4,21.9,0.0,2.9,32.5,1001.0,149.0,H,12.0,Austin,Renault
34,RIC,35,0,5,6,0,73,29.1,22.0,0.0,0.9,32.7,1000.9,181.0,H,13.0,Austin,Renault
35,RIC,36,0,5,6,0,74,29.0,22.0,0.0,1.2,32.9,1000.9,199.0,H,14.0,Austin,Renault
36,RIC,37,0,6,6,0,74,29.0,22.1,0.0,1.6,33.0,1000.9,207.0,H,15.0,Austin,Renault
37,RIC,38,0,6,6,0,73,29.0,21.9,0.0,3.4,33.8,1000.9,227.0,H,16.0,Austin,Renault
38,RIC,39,0,6,6,0,73,28.9,21.7,0.0,1.3,34.1,1000.7,171.0,H,17.0,Austin,Renault
39,RIC,40,0,6,6,0,73,28.9,22.0,0.0,1.5,34.1,1000.8,122.0,H,18.0,Austin,Renault
40,RIC,41,0,5,6,0,73,28.9,22.0,0.0,2.9,34.6,1000.7,202.0,H,19.0,Austin,Renault
41,RIC,42,0,5,6,0,74,28.9,22.0,0.0,2.8,34.9,1000.7,245.0,H,20.0,Austin,Renault
42,RIC,43,0,5,6,0,74,28.9,21.9,0.0,2.7,34.4,1000.7,231.0,H,21.0,Austin,Renault
43,RIC,44,0,5,6,0,74,28.6,21.8,0.0,3.8,35.4,1000.8,210.0,H,22.0,Austin,Renault
44,RIC,45,0,5,6,0,74,28.6,21.8,0.0,2.1,35.5,1000.8,217.0,H,23.0,Austin,Renault
45,RIC,46,0,5,6,0,75,28.7,21.6,0.0,3.8,36.2,1000.7,203.0,H,24.0,Austin,Renault
46,RIC,47,0,5,6,0,75,28.7,21.8,0.0,2.9,36.1,1000.7,231.0,H,25.0,Austin,Renault
47,RIC,48,0,6,6,0,75,28.5,21.8,0.0,2.9,36.2,1000.7,207.0,H,26.0,Austin,Renault
48,RIC,49,0,6,6,0,75,28.4,21.6,0.0,3.6,36.5,1000.7,238.0,H,27.0,Austin,Renault
49,RIC,50,0,6,6,0,76,28.5,21.6,0.0,3.2,36.7,1000.5,240.0,H,28.0,Austin,Renault
50,RIC,51,0,6,6,0,76,28.5,21.6,0.0,2.0,36.7,1000.6,214.0,H,29.0,Austin,Renault
51,RIC,52,0,6,6,0,76,28.6,21.9,0.0,1.5,36.4,1000.5,172.0,H,30.0,Austin,Renault
52,RIC,53,0,5,6,0,76,28.7,22.0,0.0,1.3,36.3,1000.6,189.0,H,31.0,Austin,Renault
53,RIC,54,0,6,6,0,76,28.6,21.9,0.0,3.3,36.0,1000.5,213.0,H,32.0,Austin,Renault
54,RIC,55,0,6,6,0,77,28.4,21.7,0.0,4.2,36.7,1000.5,235.0,H,33.0,Austin,Renault
55,RIC,56,0,6,6,0,77,28.4,22.0,0.0,3.0,36.1,1000.5,222.0,H,34.0,Austin,Renault
0,GAS,1,0,8,16,0,48,28.7,20.9,0.0,3.0,24.6,1001.9,149.0,S,3.0,Austin,Toro Rosso
1,GAS,2,0,8,16,0,39,29.0,21.2,0.0,3.7,24.8,1002.0,148.0,S,4.0,Austin,Toro Rosso
2,GAS,3,0,8,16,0,39,28.9,21.5,0.0,3.0,24.7,1002.0,151.0,S,5.0,Austin,Toro Rosso
3,GAS,4,0,8,16,0,36,29.2,21.3,0.0,3.0,24.5,1001.9,180.0,S,6.0,Austin,Toro Rosso
4,GAS,5,0,8,16,0,36,29.0,21.1,0.0,1.6,24.8,1001.8,268.0,S,7.0,Austin,Toro Rosso
5,GAS,6,0,8,16,0,37,29.5,21.6,0.0,1.4,23.8,1001.7,132.0,S,8.0,Austin,Toro Rosso
6,GAS,7,0,8,16,0,37,29.5,21.8,0.0,2.6,23.9,1001.8,0.0,S,9.0,Austin,Toro Rosso
7,GAS,8,0,7,16,0,37,29.3,21.7,0.0,2.9,23.2,1001.7,125.0,S,10.0,Austin,Toro Rosso
8,GAS,9,0,7,16,0,39,29.3,21.5,0.0,3.0,23.2,1001.7,150.0,S,11.0,Austin,Toro Rosso
9,GAS,10,0,7,16,0,41,29.1,21.4,0.0,1.9,24.3,1001.6,181.0,S,12.0,Austin,Toro Rosso
10,GAS,11,0,7,16,0,40,29.1,21.4,0.0,1.8,24.3,1001.7,177.0,S,13.0,Austin,Toro Rosso
11,GAS,12,0,7,16,0,39,29.1,21.3,0.0,2.1,25.2,1001.6,176.0,S,14.0,Austin,Toro Rosso
12,GAS,13,0,7,16,0,40,29.2,21.6,0.0,1.1,25.1,1001.4,116.0,S,15.0,Austin,Toro Rosso
13,GAS,14,0,7,16,0,40,29.6,21.8,0.0,3.3,25.7,1001.4,230.0,S,16.0,Austin,Toro Rosso
14,GAS,15,0,7,16,0,41,29.3,21.8,0.0,1.9,27.1,1001.5,156.0,S,17.0,Austin,Toro Rosso
15,GAS,16,0,7,16,0,42,29.1,21.5,0.0,1.2,28.0,1001.4,199.0,S,18.0,Austin,Toro Rosso
16,GAS,17,0,7,16,0,42,29.5,21.8,0.0,2.8,27.5,1001.3,155.0,S,19.0,Austin,Toro Rosso
17,GAS,18,0,7,16,0,42,29.5,21.8,0.0,1.8,28.0,1001.3,74.0,S,20.0,Austin,Toro Rosso
18,GAS,19,0,7,16,0,42,29.5,21.9,0.0,1.0,28.1,1001.4,0.0,S,21.0,Austin,Toro Rosso
19,GAS,20,0,12,16,0,42,29.5,22.0,0.0,1.4,28.4,1001.3,154.0,H,0.0,Austin,Toro Rosso
20,GAS,21,0,11,16,0,41,29.2,21.9,0.0,2.5,29.3,1001.3,153.0,H,1.0,Austin,Toro Rosso
21,GAS,22,0,10,16,0,41,29.3,21.9,0.0,2.7,29.8,1001.3,203.0,H,2.0,Austin,Toro Rosso
22,GAS,23,0,10,16,0,41,29.3,21.8,0.0,2.3,29.7,1001.2,238.0,H,3.0,Austin,Toro Rosso
23,GAS,24,0,10,16,0,41,29.3,21.8,0.0,3.7,30.3,1001.3,264.0,H,4.0,Austin,Toro Rosso
24,GAS,25,0,9,16,0,41,29.3,21.8,0.0,1.9,30.8,1001.4,252.0,H,5.0,Austin,Toro Rosso
25,GAS,26,0,9,16,0,41,29.3,22.0,0.0,1.7,30.2,1001.2,214.0,H,6.0,Austin,Toro Rosso
26,GAS,27,0,8,16,0,41,29.1,21.9,0.0,3.0,30.3,1001.3,220.0,H,7.0,Austin,Toro Rosso
27,GAS,28,0,9,16,0,41,29.0,21.6,0.0,3.3,30.6,1001.4,211.0,H,8.0,Austin,Toro Rosso
28,GAS,29,0,9,16,0,41,29.0,21.3,0.0,2.9,32.3,1001.2,219.0,H,9.0,Austin,Toro Rosso
29,GAS,30,0,9,16,0,40,29.0,21.4,0.0,2.6,31.9,1001.1,232.0,H,10.0,Austin,Toro Rosso
30,GAS,31,0,9,16,0,40,29.2,21.6,0.0,2.8,32.0,1001.1,232.0,H,11.0,Austin,Toro Rosso
31,GAS,32,0,9,16,0,40,29.4,21.9,0.0,2.9,32.5,1001.0,149.0,H,12.0,Austin,Toro Rosso
32,GAS,33,0,9,16,0,40,29.1,22.0,0.0,1.5,32.8,1001.0,290.0,H,13.0,Austin,Toro Rosso
33,GAS,34,0,9,16,0,40,29.1,22.0,0.0,0.9,32.7,1000.9,181.0,H,14.0,Austin,Toro Rosso
34,GAS,35,0,9,16,0,40,28.9,21.8,0.0,3.7,34.2,1000.9,131.0,H,15.0,Austin,Toro Rosso
35,GAS,36,0,9,16,0,40,28.7,21.8,0.0,2.2,34.0,1000.8,133.0,H,16.0,Austin,Toro Rosso
36,GAS,37,0,9,16,0,40,28.9,22.0,0.0,1.5,34.1,1000.8,122.0,H,17.0,Austin,Toro Rosso
37,GAS,38,0,9,16,0,40,28.9,22.0,0.0,2.8,34.9,1000.7,245.0,H,18.0,Austin,Toro Rosso
38,GAS,39,0,9,16,0,40,28.7,21.6,0.0,3.8,36.2,1000.7,203.0,H,19.0,Austin,Toro Rosso
39,GAS,40,0,9,16,0,39,28.7,21.7,0.0,2.5,36.3,1000.7,249.0,H,20.0,Austin,Toro Rosso
40,GAS,41,0,8,16,0,39,28.7,21.8,0.0,3.6,36.4,1000.7,239.0,H,21.0,Austin,Toro Rosso
41,GAS,42,0,8,16,0,39,28.7,21.8,0.0,2.9,36.1,1000.7,231.0,H,22.0,Austin,Toro Rosso
42,GAS,43,0,8,16,0,39,28.5,21.8,0.0,2.9,36.2,1000.7,207.0,H,23.0,Austin,Toro Rosso
43,GAS,44,0,8,16,0,39,28.5,21.6,0.0,2.0,36.7,1000.6,214.0,H,24.0,Austin,Toro Rosso
44,GAS,45,0,8,16,0,40,28.6,21.8,0.0,1.9,36.5,1000.6,233.0,H,25.0,Austin,Toro Rosso
45,GAS,46,0,8,16,0,39,28.6,21.9,0.0,1.5,36.4,1000.5,172.0,H,26.0,Austin,Toro Rosso
46,GAS,47,0,8,16,0,39,28.7,22.0,0.0,1.3,36.3,1000.6,189.0,H,27.0,Austin,Toro Rosso
47,GAS,48,0,8,16,0,39,28.6,21.9,0.0,3.3,36.0,1000.5,213.0,H,28.0,Austin,Toro Rosso
48,GAS,49,0,9,16,0,39,28.4,21.7,0.0,4.2,36.7,1000.5,235.0,H,29.0,Austin,Toro Rosso
49,GAS,50,0,9,16,0,39,28.2,21.5,0.0,3.5,37.0,1000.5,227.0,H,30.0,Austin,Toro Rosso
50,GAS,51,0,9,16,0,39,28.2,21.6,0.0,1.6,37.1,1000.5,213.0,H,31.0,Austin,Toro Rosso
51,GAS,52,0,10,16,0,38,28.2,21.8,0.0,1.9,36.7,1000.5,188.0,H,32.0,Austin,Toro Rosso
52,GAS,53,0,13,16,0,38,28.6,22.0,0.0,1.2,36.7,1000.5,205.0,H,33.0,Austin,Toro Rosso
53,GAS,54,0,15,16,0,38,28.6,22.1,0.0,1.9,35.7,1000.5,238.0,S,2.0,Austin,Toro Rosso
0,HUL,1,0,13,9,0,46,28.6,20.7,0.0,3.2,24.2,1002.0,159.0,H,0.0,Austin,Renault
1,HUL,2,0,12,9,0,46,28.7,20.9,0.0,3.0,24.6,1001.9,149.0,H,1.0,Austin,Renault
2,HUL,3,0,12,9,0,46,29.0,21.2,0.0,3.7,24.8,1002.0,148.0,H,2.0,Austin,Renault
3,HUL,4,0,12,9,0,46,28.9,21.4,0.0,2.5,23.9,1002.0,171.0,H,3.0,Austin,Renault
4,HUL,5,0,12,9,0,46,28.9,21.4,0.0,3.2,24.3,1001.9,194.0,H,4.0,Austin,Renault
5,HUL,6,0,12,9,0,44,29.2,21.3,0.0,3.0,24.5,1001.9,180.0,H,5.0,Austin,Renault
6,HUL,7,0,12,9,0,43,29.0,21.1,0.0,1.6,24.8,1001.8,268.0,H,6.0,Austin,Renault
7,HUL,8,0,11,9,0,41,29.0,21.2,0.0,2.3,25.0,1001.8,270.0,H,7.0,Austin,Renault
8,HUL,9,0,10,9,0,42,29.0,21.2,0.0,1.4,25.0,1001.7,54.0,H,8.0,Austin,Renault
9,HUL,10,0,10,9,0,45,29.4,21.9,0.0,1.4,23.3,1001.7,132.0,H,9.0,Austin,Renault
10,HUL,11,0,10,9,0,45,29.1,21.4,0.0,1.8,24.3,1001.7,177.0,H,10.0,Austin,Renault
11,HUL,12,0,10,9,0,44,29.1,21.3,0.0,2.1,25.2,1001.6,176.0,H,11.0,Austin,Renault
12,HUL,13,0,10,9,0,44,29.4,21.6,0.0,1.9,25.1,1001.5,149.0,H,12.0,Austin,Renault
13,HUL,14,0,10,9,0,44,29.2,21.6,0.0,1.1,25.1,1001.4,116.0,H,13.0,Austin,Renault
14,HUL,15,0,10,9,0,45,29.4,21.7,0.0,2.3,25.2,1001.5,188.0,H,14.0,Austin,Renault
15,HUL,16,0,10,9,0,46,29.6,21.8,0.0,3.3,25.7,1001.4,230.0,H,15.0,Austin,Renault
16,HUL,17,0,10,9,0,47,29.3,21.8,0.0,1.9,27.1,1001.5,156.0,H,16.0,Austin,Renault
17,HUL,18,0,10,9,0,47,29.5,21.8,0.0,1.8,28.0,1001.3,74.0,H,17.0,Austin,Renault
18,HUL,19,0,8,9,0,47,29.5,21.9,0.0,1.0,28.1,1001.4,0.0,H,18.0,Austin,Renault
19,HUL,20,0,6,9,0,47,29.2,21.9,0.0,2.5,29.3,1001.3,153.0,H,19.0,Austin,Renault
20,HUL,21,0,5,9,0,48,29.0,21.6,0.0,3.3,30.6,1001.4,211.0,H,20.0,Austin,Renault
21,HUL,22,0,5,9,0,48,29.0,21.5,0.0,3.4,30.8,1001.3,224.0,H,21.0,Austin,Renault
22,HUL,23,0,5,9,0,48,29.1,21.4,0.0,2.9,31.1,1001.3,286.0,H,22.0,Austin,Renault
23,HUL,24,0,6,9,0,48,29.1,21.4,0.0,3.4,32.1,1001.3,198.0,H,23.0,Austin,Renault
24,HUL,25,0,7,9,0,47,29.0,21.3,0.0,4.0,32.5,1001.1,229.0,H,24.0,Austin,Renault
25,HUL,26,0,8,9,0,47,29.0,21.2,0.0,4.0,32.4,1001.2,208.0,H,25.0,Austin,Renault
26,HUL,27,0,10,9,0,46,29.0,21.3,0.0,2.9,32.3,1001.2,219.0,H,26.0,Austin,Renault
27,HUL,28,0,15,9,0,45,29.0,21.4,0.0,2.6,31.9,1001.1,232.0,M,0.0,Austin,Renault
28,HUL,29,0,14,9,0,45,29.4,21.7,0.0,2.9,31.8,1001.1,210.0,M,1.0,Austin,Renault
29,HUL,30,0,13,9,0,45,29.1,21.6,0.0,4.3,32.1,1001.2,235.0,M,2.0,Austin,Renault
30,HUL,31,0,13,9,0,45,29.3,21.8,0.0,2.8,32.9,1001.1,154.0,M,3.0,Austin,Renault
31,HUL,32,0,13,9,0,46,29.1,22.0,0.0,1.5,32.8,1001.0,290.0,M,4.0,Austin,Renault
32,HUL,33,0,13,9,0,46,29.0,21.9,0.0,3.4,33.8,1000.9,227.0,M,5.0,Austin,Renault
33,HUL,34,0,13,9,0,47,28.9,21.8,0.0,3.7,34.2,1000.9,131.0,M,6.0,Austin,Renault
34,HUL,35,0,13,9,0,48,28.7,21.8,0.0,2.2,34.0,1000.8,133.0,M,7.0,Austin,Renault
35,HUL,36,0,13,9,0,48,28.9,21.7,0.0,1.3,34.1,1000.7,171.0,M,8.0,Austin,Renault
36,HUL,37,0,13,9,0,49,28.9,21.8,0.0,1.3,34.1,1000.7,209.0,M,9.0,Austin,Renault
37,HUL,38,0,13,9,0,49,28.9,22.0,0.0,1.5,34.1,1000.8,122.0,M,10.0,Austin,Renault
38,HUL,39,0,12,9,0,50,28.9,21.9,0.0,2.7,34.4,1000.7,231.0,M,11.0,Austin,Renault
39,HUL,40,0,12,9,0,50,28.6,21.8,0.0,2.1,35.5,1000.8,217.0,S,0.0,Austin,Renault
40,HUL,41,0,12,9,0,50,28.7,21.6,0.0,3.8,36.2,1000.7,203.0,S,1.0,Austin,Renault
41,HUL,42,0,12,9,0,51,28.7,21.7,0.0,2.5,36.3,1000.7,249.0,S,2.0,Austin,Renault
42,HUL,43,0,11,9,0,51,28.7,21.8,0.0,2.9,36.1,1000.7,231.0,S,3.0,Austin,Renault
43,HUL,44,0,12,9,0,52,28.7,21.8,0.0,3.6,36.3,1000.7,223.0,S,4.0,Austin,Renault
44,HUL,45,0,12,9,0,52,28.6,21.9,0.0,3.3,36.3,1000.7,201.0,S,5.0,Austin,Renault
45,HUL,46,0,12,9,0,52,28.5,21.8,0.0,2.9,36.2,1000.7,207.0,S,6.0,Austin,Renault
46,HUL,47,0,11,9,0,52,28.4,21.6,0.0,3.6,36.5,1000.7,238.0,S,7.0,Austin,Renault
47,HUL,48,0,11,9,0,53,28.6,21.8,0.0,1.9,36.5,1000.6,233.0,S,8.0,Austin,Renault
48,HUL,49,0,11,9,0,53,28.6,21.9,0.0,3.3,36.0,1000.5,213.0,S,9.0,Austin,Renault
49,HUL,50,0,11,9,0,53,28.4,21.7,0.0,4.2,36.7,1000.5,235.0,S,10.0,Austin,Renault
50,HUL,51,0,11,9,0,54,28.2,21.5,0.0,3.5,37.0,1000.5,227.0,S,11.0,Austin,Renault
51,HUL,52,0,11,9,0,54,28.2,21.6,0.0,1.6,37.1,1000.5,213.0,S,12.0,Austin,Renault
52,HUL,53,0,10,9,0,55,28.2,21.8,0.0,1.9,36.7,1000.5,188.0,S,13.0,Austin,Renault
53,HUL,54,0,9,9,0,55,28.6,22.1,0.0,1.9,35.7,1000.5,238.0,S,14.0,Austin,Renault
54,HUL,55,0,9,9,0,56,28.4,22.0,0.0,3.0,36.1,1000.5,222.0,S,15.0,Austin,Renault
0,MAG,1,0,10,18,0,58,29.0,21.4,0.0,2.7,24.0,1001.9,157.0,M,0.0,Austin,Haas F1 Team
1,MAG,2,0,10,18,0,56,29.2,21.3,0.0,3.0,24.5,1001.9,180.0,M,1.0,Austin,Haas F1 Team
2,MAG,3,0,10,18,0,54,29.0,21.2,0.0,1.4,25.0,1001.7,54.0,M,2.0,Austin,Haas F1 Team
3,MAG,4,0,10,18,0,52,29.1,21.4,0.0,0.7,24.9,1001.7,154.0,M,3.0,Austin,Haas F1 Team
4,MAG,5,0,10,18,0,51,29.5,21.6,0.0,1.4,23.8,1001.7,132.0,M,4.0,Austin,Haas F1 Team
5,MAG,6,0,10,18,0,51,29.4,21.9,0.0,1.4,23.3,1001.7,132.0,M,5.0,Austin,Haas F1 Team
6,MAG,7,0,10,18,0,51,29.3,21.7,0.0,2.9,23.2,1001.7,125.0,M,6.0,Austin,Haas F1 Team
7,MAG,8,0,9,18,0,50,29.3,21.5,0.0,3.0,23.2,1001.7,150.0,M,7.0,Austin,Haas F1 Team
8,MAG,9,0,11,18,0,52,29.1,21.2,0.0,2.0,24.6,1001.6,111.0,M,8.0,Austin,Haas F1 Team
9,MAG,10,0,12,18,0,58,29.1,21.3,0.0,2.1,25.2,1001.6,176.0,M,9.0,Austin,Haas F1 Team
10,MAG,11,0,12,18,0,55,29.4,21.6,0.0,1.9,25.1,1001.5,149.0,M,10.0,Austin,Haas F1 Team
11,MAG,12,0,12,18,0,50,29.2,21.6,0.0,3.2,27.7,1001.5,151.0,M,11.0,Austin,Haas F1 Team
12,MAG,13,0,12,18,0,49,29.1,21.5,0.0,1.1,28.1,1001.4,163.0,M,12.0,Austin,Haas F1 Team
13,MAG,14,0,13,18,0,48,29.5,21.8,0.0,1.8,28.0,1001.3,74.0,M,13.0,Austin,Haas F1 Team
14,MAG,15,0,14,18,0,47,29.5,21.9,0.0,1.0,28.1,1001.4,0.0,M,14.0,Austin,Haas F1 Team
15,MAG,16,0,14,18,0,49,29.2,21.9,0.0,2.5,29.3,1001.3,153.0,M,15.0,Austin,Haas F1 Team
16,MAG,17,0,14,18,0,50,29.3,21.8,0.0,2.3,29.7,1001.2,238.0,M,16.0,Austin,Haas F1 Team
17,MAG,18,0,14,18,0,50,29.3,22.0,0.0,1.7,30.2,1001.2,214.0,M,17.0,Austin,Haas F1 Team
18,MAG,19,0,17,18,0,49,29.1,21.9,0.0,3.0,30.3,1001.3,220.0,H,1.0,Austin,Haas F1 Team
19,MAG,20,0,17,18,0,49,29.1,21.4,0.0,2.9,31.1,1001.3,286.0,H,2.0,Austin,Haas F1 Team
20,MAG,21,0,16,18,0,48,29.0,21.3,0.0,4.0,32.5,1001.1,229.0,H,3.0,Austin,Haas F1 Team
21,MAG,22,0,16,18,0,48,29.0,21.2,0.0,4.0,32.4,1001.2,208.0,H,4.0,Austin,Haas F1 Team
22,MAG,23,0,16,18,0,49,29.0,21.3,0.0,2.9,32.3,1001.2,219.0,H,5.0,Austin,Haas F1 Team
23,MAG,24,0,15,18,0,48,29.2,21.6,0.0,2.8,32.0,1001.1,232.0,H,6.0,Austin,Haas F1 Team
24,MAG,25,0,15,18,0,48,29.4,21.7,0.0,2.9,31.8,1001.1,210.0,H,7.0,Austin,Haas F1 Team
25,MAG,26,0,15,18,0,48,29.1,21.6,0.0,4.3,32.1,1001.2,235.0,H,8.0,Austin,Haas F1 Team
26,MAG,27,0,15,18,0,48,29.1,21.5,0.0,4.2,32.9,1001.2,162.0,H,9.0,Austin,Haas F1 Team
27,MAG,28,0,14,18,0,49,29.3,21.8,0.0,2.8,32.9,1001.1,154.0,H,10.0,Austin,Haas F1 Team
28,MAG,29,0,15,18,0,49,29.4,21.9,0.0,2.9,32.5,1001.0,149.0,H,11.0,Austin,Haas F1 Team
29,MAG,30,0,14,18,0,50,29.1,22.0,0.0,1.6,32.4,1001.0,160.0,H,12.0,Austin,Haas F1 Team
30,MAG,31,0,14,18,0,50,29.1,22.0,0.0,1.5,32.8,1001.0,290.0,H,13.0,Austin,Haas F1 Team
31,MAG,32,0,14,18,0,50,29.1,22.0,0.0,0.9,32.7,1000.9,181.0,H,14.0,Austin,Haas F1 Team
32,MAG,33,0,14,18,0,50,29.0,22.1,0.0,1.6,33.0,1000.9,207.0,H,15.0,Austin,Haas F1 Team
33,MAG,34,0,14,18,0,50,29.0,22.0,0.0,1.5,34.2,1001.0,204.0,H,16.0,Austin,Haas F1 Team
34,MAG,35,0,14,18,0,50,29.0,21.9,0.0,3.4,33.8,1000.9,227.0,H,17.0,Austin,Haas F1 Team
35,MAG,36,0,14,18,0,50,28.7,21.8,0.0,2.2,34.0,1000.8,133.0,H,18.0,Austin,Haas F1 Team
36,MAG,37,0,14,18,0,51,28.9,21.7,0.0,1.3,34.1,1000.7,171.0,H,19.0,Austin,Haas F1 Team
37,MAG,38,0,14,18,0,51,28.9,21.8,0.0,1.3,34.1,1000.7,209.0,H,20.0,Austin,Haas F1 Team
38,MAG,39,0,14,18,0,51,28.9,22.0,0.0,1.5,34.1,1000.8,122.0,H,21.0,Austin,Haas F1 Team
39,MAG,40,0,15,18,0,50,28.9,22.0,0.0,2.8,34.9,1000.7,245.0,H,22.0,Austin,Haas F1 Team
40,MAG,41,0,17,18,0,50,28.9,21.9,0.0,2.7,34.4,1000.7,231.0,S,0.0,Austin,Haas F1 Team
41,MAG,42,0,16,18,0,50,28.6,21.8,0.0,3.8,35.4,1000.8,210.0,S,1.0,Austin,Haas F1 Team
42,MAG,43,0,16,18,0,51,28.6,21.8,0.0,2.1,35.5,1000.8,217.0,S,2.0,Austin,Haas F1 Team
43,MAG,44,0,16,18,0,51,28.6,21.9,0.0,3.3,36.3,1000.7,201.0,S,3.0,Austin,Haas F1 Team
44,MAG,45,0,16,18,0,52,28.5,21.8,0.0,2.9,36.2,1000.7,207.0,S,4.0,Austin,Haas F1 Team
45,MAG,46,0,16,18,0,52,28.4,21.6,0.0,3.6,36.5,1000.7,238.0,S,5.0,Austin,Haas F1 Team
46,MAG,47,0,16,18,0,52,28.5,21.6,0.0,3.2,36.7,1000.5,240.0,S,6.0,Austin,Haas F1 Team
47,MAG,48,0,16,18,0,52,28.5,21.6,0.0,2.0,36.7,1000.6,214.0,S,7.0,Austin,Haas F1 Team
48,MAG,49,0,16,18,0,52,28.6,21.9,0.0,1.5,36.4,1000.5,172.0,S,8.0,Austin,Haas F1 Team
49,MAG,50,0,16,18,0,53,28.7,22.0,0.0,1.3,36.3,1000.6,189.0,S,9.0,Austin,Haas F1 Team
50,MAG,51,0,16,18,0,53,28.6,21.9,0.0,3.3,36.0,1000.5,213.0,S,10.0,Austin,Haas F1 Team
51,MAG,52,0,16,18,0,53,28.2,21.5,0.0,3.5,37.0,1000.5,227.0,S,11.0,Austin,Haas F1 Team
0,KVY,1,0,15,10,0,59,28.7,20.9,0.0,3.0,24.6,1001.9,149.0,H,0.0,Austin,Toro Rosso
1,KVY,2,0,14,10,0,51,28.9,21.5,0.0,3.0,24.7,1002.0,151.0,H,1.0,Austin,Toro Rosso
2,KVY,3,0,14,10,0,49,29.0,21.1,0.0,1.6,24.8,1001.8,268.0,H,2.0,Austin,Toro Rosso
3,KVY,4,0,13,10,0,49,29.0,21.2,0.0,2.3,25.0,1001.8,270.0,H,3.0,Austin,Toro Rosso
4,KVY,5,0,13,10,0,48,29.1,21.4,0.0,0.7,24.9,1001.7,154.0,H,4.0,Austin,Toro Rosso
5,KVY,6,0,13,10,0,47,29.5,21.8,0.0,2.6,23.9,1001.8,0.0,H,5.0,Austin,Toro Rosso
6,KVY,7,0,13,10,0,46,29.3,21.7,0.0,2.9,23.2,1001.7,125.0,H,6.0,Austin,Toro Rosso
7,KVY,8,0,12,10,0,44,29.3,21.5,0.0,3.0,23.2,1001.7,150.0,H,7.0,Austin,Toro Rosso
8,KVY,9,0,12,10,0,46,29.3,21.4,0.0,3.2,24.3,1001.8,269.0,H,8.0,Austin,Toro Rosso
9,KVY,10,0,11,10,0,50,29.1,21.4,0.0,1.9,24.3,1001.6,181.0,H,9.0,Austin,Toro Rosso
10,KVY,11,0,11,10,0,50,29.1,21.4,0.0,1.8,24.3,1001.7,177.0,H,10.0,Austin,Toro Rosso
11,KVY,12,0,11,10,0,48,29.1,21.2,0.0,2.0,24.6,1001.6,111.0,H,11.0,Austin,Toro Rosso
12,KVY,13,0,11,10,0,49,29.1,21.3,0.0,2.1,25.2,1001.6,176.0,H,12.0,Austin,Toro Rosso
13,KVY,14,0,11,10,0,49,29.3,21.4,0.0,2.5,25.5,1001.5,359.0,H,13.0,Austin,Toro Rosso
14,KVY,15,0,11,10,0,49,29.4,21.7,0.0,2.3,25.2,1001.5,188.0,H,14.0,Austin,Toro Rosso
15,KVY,16,0,11,10,0,50,29.4,21.8,0.0,2.8,26.1,1001.5,337.0,H,15.0,Austin,Toro Rosso
16,KVY,17,0,11,10,0,51,29.3,21.8,0.0,1.9,27.1,1001.5,156.0,H,16.0,Austin,Toro Rosso
17,KVY,18,0,11,10,0,51,29.1,21.5,0.0,1.2,28.0,1001.4,199.0,H,17.0,Austin,Toro Rosso
18,KVY,19,0,9,10,0,51,29.5,21.8,0.0,2.8,27.5,1001.3,155.0,H,18.0,Austin,Toro Rosso
19,KVY,20,0,7,10,0,51,29.5,21.9,0.0,1.0,28.1,1001.4,0.0,H,19.0,Austin,Toro Rosso
20,KVY,21,0,8,10,0,51,29.5,22.0,0.0,1.4,28.4,1001.3,154.0,H,20.0,Austin,Toro Rosso
21,KVY,22,0,15,10,0,51,29.2,21.9,0.0,2.5,29.3,1001.3,153.0,M,0.0,Austin,Toro Rosso
22,KVY,23,0,15,10,0,52,29.3,21.8,0.0,1.9,30.8,1001.4,252.0,M,1.0,Austin,Toro Rosso
23,KVY,24,0,14,10,0,52,29.3,22.0,0.0,1.7,30.2,1001.2,214.0,M,2.0,Austin,Toro Rosso
24,KVY,25,0,13,10,0,53,29.1,21.9,0.0,3.0,30.3,1001.3,220.0,M,3.0,Austin,Toro Rosso
25,KVY,26,0,13,10,0,53,29.0,21.6,0.0,3.3,30.6,1001.4,211.0,M,4.0,Austin,Toro Rosso
26,KVY,27,0,13,10,0,54,29.1,21.4,0.0,2.4,31.5,1001.3,244.0,M,5.0,Austin,Toro Rosso
27,KVY,28,0,12,10,0,54,29.1,21.4,0.0,3.4,32.1,1001.3,198.0,M,6.0,Austin,Toro Rosso
28,KVY,29,0,13,10,0,55,29.0,21.3,0.0,4.0,32.5,1001.1,229.0,M,7.0,Austin,Toro Rosso
29,KVY,30,0,12,10,0,55,29.0,21.2,0.0,4.0,32.4,1001.2,208.0,M,8.0,Austin,Toro Rosso
30,KVY,31,0,12,10,0,56,29.0,21.3,0.0,2.9,32.3,1001.2,219.0,M,9.0,Austin,Toro Rosso
31,KVY,32,0,12,10,0,56,29.4,21.7,0.0,2.9,31.8,1001.1,210.0,M,10.0,Austin,Toro Rosso
32,KVY,33,0,12,10,0,57,29.1,21.6,0.0,4.3,32.1,1001.2,235.0,M,11.0,Austin,Toro Rosso
33,KVY,34,0,12,10,0,57,29.1,21.5,0.0,4.2,32.9,1001.2,162.0,M,12.0,Austin,Toro Rosso
34,KVY,35,0,12,10,0,58,29.1,22.0,0.0,0.9,32.7,1000.9,181.0,M,13.0,Austin,Toro Rosso
35,KVY,36,0,12,10,0,58,29.0,22.1,0.0,1.6,33.0,1000.9,207.0,M,14.0,Austin,Toro Rosso
36,KVY,37,0,12,10,0,58,29.0,22.0,0.0,1.5,34.2,1001.0,204.0,M,15.0,Austin,Toro Rosso
37,KVY,38,0,12,10,0,58,29.0,21.9,0.0,3.4,33.8,1000.9,227.0,M,16.0,Austin,Toro Rosso
38,KVY,39,0,13,10,0,59,28.9,21.8,0.0,1.3,34.1,1000.7,209.0,M,17.0,Austin,Toro Rosso
39,KVY,40,0,13,10,0,59,28.9,22.0,0.0,1.5,34.1,1000.8,122.0,S,0.0,Austin,Toro Rosso
40,KVY,41,0,13,10,0,59,28.9,21.9,0.0,2.7,34.4,1000.7,231.0,S,1.0,Austin,Toro Rosso
41,KVY,42,0,13,10,0,59,28.6,21.8,0.0,3.8,35.4,1000.8,210.0,S,2.0,Austin,Toro Rosso
42,KVY,43,0,13,10,0,59,28.6,21.8,0.0,2.1,35.5,1000.8,217.0,S,3.0,Austin,Toro Rosso
43,KVY,44,0,13,10,0,59,28.7,21.6,0.0,3.8,36.2,1000.7,203.0,S,4.0,Austin,Toro Rosso
44,KVY,45,0,13,10,0,59,28.7,21.8,0.0,2.9,36.1,1000.7,231.0,S,5.0,Austin,Toro Rosso
45,KVY,46,0,13,10,0,59,28.6,21.9,0.0,3.3,36.3,1000.7,201.0,S,6.0,Austin,Toro Rosso
46,KVY,47,0,13,10,0,60,28.5,21.6,0.0,3.2,36.7,1000.5,240.0,S,7.0,Austin,Toro Rosso
47,KVY,48,0,12,10,0,60,28.5,21.6,0.0,2.0,36.7,1000.6,214.0,S,8.0,Austin,Toro Rosso
48,KVY,49,0,12,10,0,60,28.6,21.8,0.0,1.9,36.5,1000.6,233.0,S,9.0,Austin,Toro Rosso
49,KVY,50,0,12,10,0,60,28.6,21.9,0.0,1.5,36.4,1000.5,172.0,S,10.0,Austin,Toro Rosso
50,KVY,51,0,12,10,0,61,28.6,21.9,0.0,3.3,36.0,1000.5,213.0,S,11.0,Austin,Toro Rosso
51,KVY,52,0,12,10,0,61,28.4,21.7,0.0,4.2,36.7,1000.5,235.0,S,12.0,Austin,Toro Rosso
52,KVY,53,0,11,10,0,61,28.6,22.0,0.0,1.2,36.7,1000.5,205.0,S,13.0,Austin,Toro Rosso
53,KVY,54,0,11,10,0,61,28.6,22.1,0.0,1.9,35.7,1000.5,238.0,S,14.0,Austin,Toro Rosso
54,KVY,55,0,10,10,0,62,28.4,22.0,0.0,3.0,36.1,1000.5,222.0,S,15.0,Austin,Toro Rosso
0,STR,1,0,17,13,0,53,28.6,20.7,0.0,3.2,24.2,1002.0,159.0,M,0.0,Austin,Racing Point
1,STR,2,0,16,13,0,51,28.7,20.9,0.0,3.0,24.6,1001.9,149.0,M,1.0,Austin,Racing Point
2,STR,3,0,16,13,0,53,29.0,21.4,0.0,2.7,24.0,1001.9,157.0,M,2.0,Austin,Racing Point
3,STR,4,0,16,13,0,51,28.9,21.4,0.0,2.5,23.9,1002.0,171.0,M,3.0,Austin,Racing Point
4,STR,5,0,16,13,0,47,28.9,21.4,0.0,3.2,24.3,1001.9,194.0,M,4.0,Austin,Racing Point
5,STR,6,0,16,13,0,45,29.0,21.1,0.0,1.6,24.8,1001.8,268.0,M,5.0,Austin,Racing Point
6,STR,7,0,16,13,0,44,29.1,21.4,0.0,0.7,24.9,1001.7,154.0,M,6.0,Austin,Racing Point
7,STR,8,0,15,13,0,43,29.5,21.6,0.0,1.4,23.8,1001.7,132.0,M,7.0,Austin,Racing Point
8,STR,9,0,15,13,0,49,29.4,21.9,0.0,1.4,23.3,1001.7,132.0,M,8.0,Austin,Racing Point
9,STR,10,0,19,13,0,53,29.3,21.7,0.0,2.9,23.2,1001.7,125.0,H,0.0,Austin,Racing Point
10,STR,11,0,19,13,0,49,29.3,21.4,0.0,3.2,24.3,1001.8,269.0,H,1.0,Austin,Racing Point
11,STR,12,0,18,13,0,46,29.1,21.4,0.0,1.8,24.3,1001.7,177.0,H,2.0,Austin,Racing Point
12,STR,13,0,17,13,0,46,29.4,21.6,0.0,1.9,25.1,1001.5,149.0,H,3.0,Austin,Racing Point
13,STR,14,0,18,13,0,46,29.2,21.6,0.0,1.1,25.1,1001.4,116.0,H,4.0,Austin,Racing Point
14,STR,15,0,18,13,0,46,29.4,21.7,0.0,2.3,25.2,1001.5,188.0,H,5.0,Austin,Racing Point
15,STR,16,0,18,13,0,49,29.4,21.8,0.0,2.8,26.1,1001.5,337.0,H,6.0,Austin,Racing Point
16,STR,17,0,18,13,0,50,29.1,21.5,0.0,1.2,28.0,1001.4,199.0,H,7.0,Austin,Racing Point
17,STR,18,0,16,13,0,50,29.1,21.5,0.0,1.1,28.1,1001.4,163.0,H,8.0,Austin,Racing Point
18,STR,19,0,15,13,0,51,29.3,21.7,0.0,2.3,28.4,1001.2,157.0,H,9.0,Austin,Racing Point
19,STR,20,0,15,13,0,50,29.5,21.9,0.0,1.0,28.1,1001.4,0.0,H,10.0,Austin,Racing Point
20,STR,21,0,14,13,0,51,29.2,21.9,0.0,2.5,29.3,1001.3,153.0,H,11.0,Austin,Racing Point
21,STR,22,0,13,13,0,51,29.3,21.8,0.0,3.7,30.3,1001.3,264.0,H,12.0,Austin,Racing Point
22,STR,23,0,13,13,0,52,29.3,21.8,0.0,1.9,30.8,1001.4,252.0,H,13.0,Austin,Racing Point
23,STR,24,0,13,13,0,52,29.3,22.0,0.0,1.7,30.2,1001.2,214.0,H,14.0,Austin,Racing Point
24,STR,25,0,12,13,0,52,29.0,21.4,0.0,2.3,30.9,1001.2,263.0,H,15.0,Austin,Racing Point
25,STR,26,0,12,13,0,52,29.1,21.4,0.0,2.4,31.5,1001.3,244.0,H,16.0,Austin,Racing Point
26,STR,27,0,12,13,0,52,29.0,21.3,0.0,4.0,32.5,1001.1,229.0,H,17.0,Austin,Racing Point
27,STR,28,0,11,13,0,53,29.0,21.2,0.0,4.0,32.4,1001.2,208.0,H,18.0,Austin,Racing Point
28,STR,29,0,11,13,0,53,29.0,21.3,0.0,2.9,32.3,1001.2,219.0,H,19.0,Austin,Racing Point
29,STR,30,0,16,13,0,53,29.0,21.4,0.0,2.6,31.9,1001.1,232.0,S,0.0,Austin,Racing Point
30,STR,31,0,16,13,0,53,29.2,21.6,0.0,2.8,32.0,1001.1,232.0,S,1.0,Austin,Racing Point
31,STR,32,0,16,13,0,53,29.4,21.7,0.0,2.9,31.8,1001.1,210.0,S,2.0,Austin,Racing Point
32,STR,33,0,16,13,0,53,29.3,22.0,0.0,1.2,32.4,1001.1,214.0,S,3.0,Austin,Racing Point
33,STR,34,0,16,13,0,53,29.1,22.0,0.0,1.6,32.4,1001.0,160.0,S,4.0,Austin,Racing Point
34,STR,35,0,16,13,0,53,29.1,22.0,0.0,1.5,32.8,1001.0,290.0,S,5.0,Austin,Racing Point
35,STR,36,0,16,13,0,53,29.0,22.1,0.0,1.6,33.0,1000.9,207.0,S,6.0,Austin,Racing Point
36,STR,37,0,16,13,0,53,28.7,21.8,0.0,2.2,34.0,1000.8,133.0,S,7.0,Austin,Racing Point
37,STR,38,0,15,13,0,53,28.9,21.7,0.0,1.3,34.1,1000.7,171.0,S,8.0,Austin,Racing Point
38,STR,39,0,15,13,0,53,28.9,21.8,0.0,1.3,34.1,1000.7,209.0,S,9.0,Austin,Racing Point
39,STR,40,0,14,13,0,53,28.9,22.0,0.0,2.8,34.9,1000.7,245.0,S,10.0,Austin,Racing Point
40,STR,41,0,14,13,0,53,28.9,21.9,0.0,2.7,34.4,1000.7,231.0,S,11.0,Austin,Racing Point
41,STR,42,0,14,13,0,53,28.6,21.8,0.0,2.1,35.5,1000.8,217.0,S,12.0,Austin,Racing Point
42,STR,43,0,14,13,0,54,28.7,21.7,0.0,2.5,36.3,1000.7,249.0,S,13.0,Austin,Racing Point
43,STR,44,0,14,13,0,54,28.7,21.8,0.0,3.6,36.4,1000.7,239.0,S,14.0,Austin,Racing Point
44,STR,45,0,14,13,0,54,28.7,21.8,0.0,2.9,36.1,1000.7,231.0,S,15.0,Austin,Racing Point
45,STR,46,0,14,13,0,54,28.7,21.8,0.0,3.6,36.3,1000.7,223.0,S,16.0,Austin,Racing Point
46,STR,47,0,14,13,0,54,28.6,21.9,0.0,3.3,36.3,1000.7,201.0,S,17.0,Austin,Racing Point
47,STR,48,0,14,13,0,55,28.5,21.8,0.0,2.9,36.2,1000.7,207.0,S,18.0,Austin,Racing Point
48,STR,49,0,14,13,0,55,28.5,21.6,0.0,3.2,36.7,1000.5,240.0,S,19.0,Austin,Racing Point
49,STR,50,0,14,13,0,55,28.5,21.6,0.0,2.0,36.7,1000.6,214.0,S,20.0,Austin,Racing Point
50,STR,51,0,14,13,0,55,28.6,21.9,0.0,1.5,36.4,1000.5,172.0,S,21.0,Austin,Racing Point
51,STR,52,0,14,13,0,55,28.7,22.0,0.0,1.3,36.3,1000.6,189.0,S,22.0,Austin,Racing Point
52,STR,53,0,14,13,0,55,28.4,21.7,0.0,4.2,36.7,1000.5,235.0,S,23.0,Austin,Racing Point
53,STR,54,0,13,13,0,56,28.2,21.5,0.0,3.5,37.0,1000.5,227.0,S,24.0,Austin,Racing Point
54,STR,55,0,13,13,0,56,28.2,21.6,0.0,1.6,37.1,1000.5,213.0,S,25.0,Austin,Racing Point
0,GRO,1,0,14,15,0,45,28.7,20.9,0.0,3.0,24.6,1001.9,149.0,M,0.0,Austin,Haas F1 Team
1,GRO,2,0,13,15,0,45,29.0,21.2,0.0,3.7,24.8,1002.0,148.0,M,1.0,Austin,Haas F1 Team
2,GRO,3,0,13,15,0,44,29.0,21.4,0.0,2.7,24.0,1001.9,157.0,M,2.0,Austin,Haas F1 Team
3,GRO,4,0,14,15,0,41,28.9,21.4,0.0,3.2,24.3,1001.9,194.0,M,3.0,Austin,Haas F1 Team
4,GRO,5,0,14,15,0,39,28.9,21.5,0.0,3.0,24.7,1002.0,151.0,M,4.0,Austin,Haas F1 Team
5,GRO,6,0,14,15,0,39,29.2,21.3,0.0,3.0,24.5,1001.9,180.0,M,5.0,Austin,Haas F1 Team
6,GRO,7,0,14,15,0,39,29.0,21.2,0.0,2.3,25.0,1001.8,270.0,M,6.0,Austin,Haas F1 Team
7,GRO,8,0,13,15,0,39,29.0,21.2,0.0,1.4,25.0,1001.7,54.0,M,7.0,Austin,Haas F1 Team
8,GRO,9,0,13,15,0,43,29.1,21.4,0.0,0.7,24.9,1001.7,154.0,M,8.0,Austin,Haas F1 Team
9,GRO,10,0,13,15,0,47,29.5,21.6,0.0,1.4,23.8,1001.7,132.0,M,9.0,Austin,Haas F1 Team
10,GRO,11,0,13,15,0,45,29.5,21.8,0.0,2.6,23.9,1001.8,0.0,M,10.0,Austin,Haas F1 Team
11,GRO,12,0,13,15,0,41,29.3,21.7,0.0,2.9,23.2,1001.7,125.0,M,11.0,Austin,Haas F1 Team
12,GRO,13,0,14,15,0,41,29.3,21.5,0.0,3.0,23.2,1001.7,150.0,M,12.0,Austin,Haas F1 Team
13,GRO,14,0,15,15,0,40,29.3,21.4,0.0,3.2,24.3,1001.8,269.0,M,13.0,Austin,Haas F1 Team
14,GRO,15,0,15,15,0,40,29.1,21.2,0.0,2.0,24.6,1001.6,111.0,M,14.0,Austin,Haas F1 Team
15,GRO,16,0,15,15,0,42,29.1,21.3,0.0,2.1,25.2,1001.6,176.0,M,15.0,Austin,Haas F1 Team
16,GRO,17,0,15,15,0,44,29.3,21.4,0.0,2.5,25.5,1001.5,359.0,M,16.0,Austin,Haas F1 Team
17,GRO,18,0,15,15,0,43,29.4,21.6,0.0,1.9,25.1,1001.5,149.0,M,17.0,Austin,Haas F1 Team
18,GRO,19,0,13,15,0,44,29.2,21.6,0.0,1.1,25.1,1001.4,116.0,M,18.0,Austin,Haas F1 Team
19,GRO,20,0,14,15,0,43,29.4,21.7,0.0,2.3,25.2,1001.5,188.0,M,19.0,Austin,Haas F1 Team
20,GRO,21,0,13,15,0,42,29.4,21.8,0.0,2.8,26.1,1001.5,337.0,M,20.0,Austin,Haas F1 Team
21,GRO,22,0,14,15,0,43,29.1,21.5,0.0,1.2,28.0,1001.4,199.0,M,21.0,Austin,Haas F1 Team
22,GRO,23,0,14,15,0,43,29.1,21.5,0.0,1.1,28.1,1001.4,163.0,M,22.0,Austin,Haas F1 Team
23,GRO,24,0,16,15,0,42,29.5,21.8,0.0,2.8,27.5,1001.3,155.0,M,23.0,Austin,Haas F1 Team
24,GRO,25,0,17,15,0,42,29.2,21.9,0.0,2.5,29.3,1001.3,153.0,H,1.0,Austin,Haas F1 Team
25,GRO,26,0,17,15,0,42,29.3,21.8,0.0,3.7,30.3,1001.3,264.0,H,2.0,Austin,Haas F1 Team
26,GRO,27,0,17,15,0,42,29.3,22.0,0.0,1.7,30.2,1001.2,214.0,H,3.0,Austin,Haas F1 Team
27,GRO,28,0,17,15,0,43,29.1,21.4,0.0,2.9,31.1,1001.3,286.0,H,4.0,Austin,Haas F1 Team
28,GRO,29,0,17,15,0,43,29.0,21.4,0.0,2.3,30.9,1001.2,263.0,H,5.0,Austin,Haas F1 Team
29,GRO,30,0,17,15,0,43,29.1,21.4,0.0,3.4,32.1,1001.3,198.0,H,6.0,Austin,Haas F1 Team
30,GRO,31,0,17,15,0,43,29.0,21.3,0.0,4.0,32.5,1001.1,229.0,H,7.0,Austin,Haas F1 Team
31,GRO,32,0,17,15,0,43,29.0,21.3,0.0,2.9,32.3,1001.2,219.0,H,8.0,Austin,Haas F1 Team
32,GRO,33,0,17,15,0,43,29.0,21.4,0.0,2.6,31.9,1001.1,232.0,H,9.0,Austin,Haas F1 Team
33,GRO,34,0,17,15,0,43,29.2,21.6,0.0,2.8,32.0,1001.1,232.0,H,10.0,Austin,Haas F1 Team
34,GRO,35,0,17,15,0,44,29.1,21.5,0.0,4.2,32.9,1001.2,162.0,H,11.0,Austin,Haas F1 Team
35,GRO,36,0,17,15,0,44,29.4,21.9,0.0,2.9,32.5,1001.0,149.0,H,12.0,Austin,Haas F1 Team
36,GRO,37,0,17,15,0,44,29.1,22.0,0.0,0.9,32.7,1000.9,181.0,H,13.0,Austin,Haas F1 Team
37,GRO,38,0,17,15,0,44,28.9,21.8,0.0,3.7,34.2,1000.9,131.0,H,14.0,Austin,Haas F1 Team
38,GRO,39,0,17,15,0,44,28.7,21.8,0.0,2.2,34.0,1000.8,133.0,H,15.0,Austin,Haas F1 Team
39,GRO,40,0,17,15,0,44,28.9,22.0,0.0,1.5,34.1,1000.8,122.0,H,16.0,Austin,Haas F1 Team
40,GRO,41,0,16,15,0,44,28.9,22.0,0.0,2.8,34.9,1000.7,245.0,H,17.0,Austin,Haas F1 Team
41,GRO,42,0,17,15,0,45,28.9,21.9,0.0,2.7,34.4,1000.7,231.0,H,18.0,Austin,Haas F1 Team
42,GRO,43,0,17,15,0,45,28.7,21.6,0.0,3.8,36.2,1000.7,203.0,H,19.0,Austin,Haas F1 Team
43,GRO,44,0,17,15,0,45,28.7,21.8,0.0,3.6,36.4,1000.7,239.0,H,20.0,Austin,Haas F1 Team
44,GRO,45,0,17,15,0,45,28.5,21.8,0.0,2.9,36.2,1000.7,207.0,H,21.0,Austin,Haas F1 Team
45,GRO,46,0,17,15,0,45,28.4,21.6,0.0,3.6,36.5,1000.7,238.0,H,22.0,Austin,Haas F1 Team
46,GRO,47,0,17,15,0,45,28.5,21.6,0.0,2.0,36.7,1000.6,214.0,H,23.0,Austin,Haas F1 Team
47,GRO,48,0,17,15,0,46,28.6,21.8,0.0,1.9,36.5,1000.6,233.0,H,24.0,Austin,Haas F1 Team
48,GRO,49,0,17,15,0,46,28.7,22.0,0.0,1.3,36.3,1000.6,189.0,H,25.0,Austin,Haas F1 Team
49,GRO,50,0,17,15,0,46,28.2,21.5,0.0,3.5,37.0,1000.5,227.0,H,26.0,Austin,Haas F1 Team
50,GRO,51,0,17,15,0,46,28.2,21.6,0.0,1.6,37.1,1000.5,213.0,H,27.0,Austin,Haas F1 Team
51,GRO,52,0,17,15,0,46,28.2,21.8,0.0,1.9,36.7,1000.5,188.0,H,28.0,Austin,Haas F1 Team
52,GRO,53,0,16,15,0,47,28.6,22.0,0.0,1.2,36.7,1000.5,205.0,H,29.0,Austin,Haas F1 Team
53,GRO,54,0,16,15,0,48,28.6,22.1,0.0,1.9,35.7,1000.5,238.0,H,30.0,Austin,Haas F1 Team
54,GRO,55,0,15,15,0,47,28.4,22.0,0.0,3.0,36.1,1000.5,222.0,H,31.0,Austin,Haas F1 Team
0,GIO,1,0,16,14,0,42,28.6,20.7,0.0,3.2,24.2,1002.0,159.0,M,0.0,Austin,Alfa Romeo Racing
1,GIO,2,0,15,14,0,46,29.0,21.2,0.0,3.7,24.8,1002.0,148.0,M,1.0,Austin,Alfa Romeo Racing
2,GIO,3,0,15,14,0,49,29.0,21.4,0.0,2.7,24.0,1001.9,157.0,M,2.0,Austin,Alfa Romeo Racing
3,GIO,4,0,15,14,0,48,28.9,21.4,0.0,3.2,24.3,1001.9,194.0,M,3.0,Austin,Alfa Romeo Racing
4,GIO,5,0,15,14,0,44,28.9,21.5,0.0,3.0,24.7,1002.0,151.0,M,4.0,Austin,Alfa Romeo Racing
5,GIO,6,0,15,14,0,41,29.2,21.3,0.0,3.0,24.5,1001.9,180.0,M,5.0,Austin,Alfa Romeo Racing
6,GIO,7,0,15,14,0,40,29.0,21.1,0.0,1.6,24.8,1001.8,268.0,M,6.0,Austin,Alfa Romeo Racing
7,GIO,8,0,14,14,0,39,29.1,21.4,0.0,0.7,24.9,1001.7,154.0,M,7.0,Austin,Alfa Romeo Racing
8,GIO,9,0,14,14,0,43,29.5,21.6,0.0,1.4,23.8,1001.7,132.0,M,8.0,Austin,Alfa Romeo Racing
9,GIO,10,0,14,14,0,47,29.3,21.4,0.0,3.2,24.3,1001.8,269.0,M,9.0,Austin,Alfa Romeo Racing
10,GIO,11,0,15,14,0,44,29.1,21.4,0.0,1.8,24.3,1001.7,177.0,M,10.0,Austin,Alfa Romeo Racing
11,GIO,12,0,16,14,0,41,29.1,21.2,0.0,2.0,24.6,1001.6,111.0,M,11.0,Austin,Alfa Romeo Racing
12,GIO,13,0,16,14,0,41,29.1,21.3,0.0,2.1,25.2,1001.6,176.0,M,12.0,Austin,Alfa Romeo Racing
13,GIO,14,0,16,14,0,41,29.3,21.4,0.0,2.5,25.5,1001.5,359.0,M,13.0,Austin,Alfa Romeo Racing
14,GIO,15,0,16,14,0,41,29.4,21.6,0.0,1.9,25.1,1001.5,149.0,M,14.0,Austin,Alfa Romeo Racing
15,GIO,16,0,16,14,0,44,29.2,21.6,0.0,1.1,25.1,1001.4,116.0,M,15.0,Austin,Alfa Romeo Racing
16,GIO,17,0,16,14,0,45,29.6,21.8,0.0,3.3,25.7,1001.4,230.0,M,16.0,Austin,Alfa Romeo Racing
17,GIO,18,0,18,14,0,44,29.1,21.5,0.0,1.2,28.0,1001.4,199.0,H,0.0,Austin,Alfa Romeo Racing
18,GIO,19,0,18,14,0,44,29.3,21.7,0.0,2.3,28.4,1001.2,157.0,H,1.0,Austin,Alfa Romeo Racing
19,GIO,20,0,18,14,0,43,29.5,21.8,0.0,2.8,27.5,1001.3,155.0,H,2.0,Austin,Alfa Romeo Racing
20,GIO,21,0,18,14,0,43,29.5,22.0,0.0,1.4,28.4,1001.3,154.0,H,3.0,Austin,Alfa Romeo Racing
21,GIO,22,0,17,14,0,43,29.2,21.9,0.0,2.5,29.3,1001.3,153.0,H,4.0,Austin,Alfa Romeo Racing
22,GIO,23,0,17,14,0,43,29.3,21.8,0.0,2.3,29.7,1001.2,238.0,H,5.0,Austin,Alfa Romeo Racing
23,GIO,24,0,17,14,0,43,29.3,21.8,0.0,1.9,30.8,1001.4,252.0,H,6.0,Austin,Alfa Romeo Racing
24,GIO,25,0,16,14,0,42,29.3,22.0,0.0,1.7,30.2,1001.2,214.0,H,7.0,Austin,Alfa Romeo Racing
25,GIO,26,0,16,14,0,42,29.0,21.4,0.0,2.3,30.9,1001.2,263.0,H,8.0,Austin,Alfa Romeo Racing
26,GIO,27,0,16,14,0,42,29.1,21.4,0.0,2.4,31.5,1001.3,244.0,H,9.0,Austin,Alfa Romeo Racing
27,GIO,28,0,16,14,0,42,29.0,21.3,0.0,4.0,32.5,1001.1,229.0,H,10.0,Austin,Alfa Romeo Racing
28,GIO,29,0,16,14,0,42,29.0,21.2,0.0,4.0,32.4,1001.2,208.0,H,11.0,Austin,Alfa Romeo Racing
29,GIO,30,0,15,14,0,42,29.0,21.3,0.0,2.9,32.3,1001.2,219.0,H,12.0,Austin,Alfa Romeo Racing
30,GIO,31,0,15,14,0,42,29.0,21.4,0.0,2.6,31.9,1001.1,232.0,H,13.0,Austin,Alfa Romeo Racing
31,GIO,32,0,15,14,0,42,29.2,21.6,0.0,2.8,32.0,1001.1,232.0,H,14.0,Austin,Alfa Romeo Racing
32,GIO,33,0,15,14,0,41,29.1,21.5,0.0,4.2,32.9,1001.2,162.0,H,15.0,Austin,Alfa Romeo Racing
33,GIO,34,0,15,14,0,41,29.3,21.8,0.0,2.8,32.9,1001.1,154.0,H,16.0,Austin,Alfa Romeo Racing
34,GIO,35,0,15,14,0,41,29.4,21.9,0.0,2.9,32.5,1001.0,149.0,H,17.0,Austin,Alfa Romeo Racing
35,GIO,36,0,15,14,0,41,29.3,22.0,0.0,1.2,32.4,1001.1,214.0,H,18.0,Austin,Alfa Romeo Racing
36,GIO,37,0,15,14,0,41,29.1,22.0,0.0,1.6,32.4,1001.0,160.0,H,19.0,Austin,Alfa Romeo Racing
37,GIO,38,0,16,14,0,41,29.1,22.0,0.0,1.5,32.8,1001.0,290.0,H,20.0,Austin,Alfa Romeo Racing
38,GIO,39,0,16,14,0,41,29.1,22.0,0.0,0.9,32.7,1000.9,181.0,H,21.0,Austin,Alfa Romeo Racing
39,GIO,40,0,16,14,0,41,29.0,22.1,0.0,1.6,33.0,1000.9,207.0,S,0.0,Austin,Alfa Romeo Racing
40,GIO,41,0,15,14,0,41,29.0,22.0,0.0,1.5,34.2,1001.0,204.0,S,1.0,Austin,Alfa Romeo Racing
41,GIO,42,0,15,14,0,42,29.0,21.9,0.0,3.4,33.8,1000.9,227.0,S,2.0,Austin,Alfa Romeo Racing
42,GIO,43,0,15,14,0,42,28.7,21.8,0.0,2.2,34.0,1000.8,133.0,S,3.0,Austin,Alfa Romeo Racing
43,GIO,44,0,15,14,0,42,28.9,21.8,0.0,1.3,34.1,1000.7,209.0,S,4.0,Austin,Alfa Romeo Racing
44,GIO,45,0,15,14,0,42,28.9,22.0,0.0,1.5,34.1,1000.8,122.0,S,5.0,Austin,Alfa Romeo Racing
45,GIO,46,0,15,14,0,42,28.9,22.0,0.0,2.8,34.9,1000.7,245.0,S,6.0,Austin,Alfa Romeo Racing
46,GIO,47,0,15,14,0,43,28.9,21.9,0.0,2.7,34.4,1000.7,231.0,S,7.0,Austin,Alfa Romeo Racing
47,GIO,48,0,15,14,0,43,28.7,21.7,0.0,2.5,36.3,1000.7,249.0,S,8.0,Austin,Alfa Romeo Racing
48,GIO,49,0,15,14,0,43,28.7,21.8,0.0,2.9,36.1,1000.7,231.0,S,9.0,Austin,Alfa Romeo Racing
49,GIO,50,0,15,14,0,43,28.5,21.8,0.0,2.9,36.2,1000.7,207.0,S,10.0,Austin,Alfa Romeo Racing
50,GIO,51,0,15,14,0,44,28.5,21.6,0.0,2.0,36.7,1000.6,214.0,S,11.0,Austin,Alfa Romeo Racing
51,GIO,52,0,15,14,0,44,28.6,21.9,0.0,1.5,36.4,1000.5,172.0,S,12.0,Austin,Alfa Romeo Racing
52,GIO,53,0,15,14,0,44,28.4,21.7,0.0,4.2,36.7,1000.5,235.0,S,13.0,Austin,Alfa Romeo Racing
53,GIO,54,0,14,14,0,44,28.2,21.5,0.0,3.5,37.0,1000.5,227.0,S,14.0,Austin,Alfa Romeo Racing
54,GIO,55,0,14,14,0,44,28.6,22.0,0.0,1.2,36.7,1000.5,205.0,S,15.0,Austin,Alfa Romeo Racing
0,RAI,1,0,12,12,0,43,28.7,20.9,0.0,3.0,24.6,1001.9,149.0,S,0.0,Austin,Alfa Romeo Racing
1,RAI,2,0,11,12,0,32,29.0,21.4,0.0,2.7,24.0,1001.9,157.0,S,1.0,Austin,Alfa Romeo Racing
2,RAI,3,0,11,12,0,32,28.9,21.4,0.0,2.5,23.9,1002.0,171.0,S,2.0,Austin,Alfa Romeo Racing
3,RAI,4,0,11,12,0,33,28.9,21.4,0.0,3.2,24.3,1001.9,194.0,S,3.0,Austin,Alfa Romeo Racing
4,RAI,5,0,11,12,0,38,29.2,21.3,0.0,3.0,24.5,1001.9,180.0,S,4.0,Austin,Alfa Romeo Racing
5,RAI,6,0,11,12,0,39,29.0,21.2,0.0,2.3,25.0,1001.8,270.0,S,5.0,Austin,Alfa Romeo Racing
6,RAI,7,0,11,12,0,38,29.5,21.6,0.0,1.4,23.8,1001.7,132.0,S,6.0,Austin,Alfa Romeo Racing
7,RAI,8,0,10,12,0,38,29.5,21.8,0.0,2.6,23.9,1001.8,0.0,S,7.0,Austin,Alfa Romeo Racing
8,RAI,9,0,9,12,0,40,29.4,21.9,0.0,1.4,23.3,1001.7,132.0,S,8.0,Austin,Alfa Romeo Racing
9,RAI,10,0,9,12,0,42,29.3,21.7,0.0,2.9,23.2,1001.7,125.0,S,9.0,Austin,Alfa Romeo Racing
10,RAI,11,0,9,12,0,42,29.3,21.5,0.0,3.0,23.2,1001.7,150.0,S,10.0,Austin,Alfa Romeo Racing
11,RAI,12,0,9,12,0,42,29.1,21.4,0.0,1.9,24.3,1001.6,181.0,S,11.0,Austin,Alfa Romeo Racing
12,RAI,13,0,9,12,0,42,29.1,21.3,0.0,2.1,25.2,1001.6,176.0,S,12.0,Austin,Alfa Romeo Racing
13,RAI,14,0,9,12,0,43,29.2,21.6,0.0,1.1,25.1,1001.4,116.0,S,13.0,Austin,Alfa Romeo Racing
14,RAI,15,0,9,12,0,44,29.4,21.7,0.0,2.3,25.2,1001.5,188.0,S,14.0,Austin,Alfa Romeo Racing
15,RAI,16,0,9,12,0,45,29.6,21.8,0.0,3.3,25.7,1001.4,230.0,S,15.0,Austin,Alfa Romeo Racing
16,RAI,17,0,9,12,0,45,29.3,21.8,0.0,1.9,27.1,1001.5,156.0,S,16.0,Austin,Alfa Romeo Racing
17,RAI,18,0,9,12,0,45,29.2,21.6,0.0,3.2,27.7,1001.5,151.0,S,17.0,Austin,Alfa Romeo Racing
18,RAI,19,0,14,12,0,45,29.1,21.5,0.0,1.2,28.0,1001.4,199.0,H,0.0,Austin,Alfa Romeo Racing
19,RAI,20,0,13,12,0,45,29.5,21.8,0.0,1.8,28.0,1001.3,74.0,H,1.0,Austin,Alfa Romeo Racing
20,RAI,21,0,12,12,0,45,29.5,21.9,0.0,1.0,28.1,1001.4,0.0,H,2.0,Austin,Alfa Romeo Racing
21,RAI,22,0,11,12,0,45,29.2,21.9,0.0,2.5,29.3,1001.3,153.0,H,3.0,Austin,Alfa Romeo Racing
22,RAI,23,0,11,12,0,46,29.3,21.9,0.0,2.7,29.8,1001.3,203.0,H,4.0,Austin,Alfa Romeo Racing
23,RAI,24,0,11,12,0,46,29.3,21.8,0.0,3.7,30.3,1001.3,264.0,H,5.0,Austin,Alfa Romeo Racing
24,RAI,25,0,11,12,0,46,29.3,21.8,0.0,1.9,30.8,1001.4,252.0,H,6.0,Austin,Alfa Romeo Racing
25,RAI,26,0,11,12,0,45,29.1,21.9,0.0,3.0,30.3,1001.3,220.0,H,7.0,Austin,Alfa Romeo Racing
26,RAI,27,0,11,12,0,45,29.0,21.6,0.0,3.3,30.6,1001.4,211.0,H,8.0,Austin,Alfa Romeo Racing
27,RAI,28,0,10,12,0,45,29.0,21.5,0.0,3.4,30.8,1001.3,224.0,H,9.0,Austin,Alfa Romeo Racing
28,RAI,29,0,10,12,0,45,29.1,21.4,0.0,2.9,31.1,1001.3,286.0,H,10.0,Austin,Alfa Romeo Racing
29,RAI,30,0,10,12,0,45,29.0,21.4,0.0,2.3,30.9,1001.2,263.0,H,11.0,Austin,Alfa Romeo Racing
30,RAI,31,0,10,12,0,44,29.0,21.3,0.0,4.0,32.5,1001.1,229.0,H,12.0,Austin,Alfa Romeo Racing
31,RAI,32,0,10,12,0,44,29.0,21.4,0.0,2.6,31.9,1001.1,232.0,H,13.0,Austin,Alfa Romeo Racing
32,RAI,33,0,10,12,0,44,29.1,21.6,0.0,4.3,32.1,1001.2,235.0,H,14.0,Austin,Alfa Romeo Racing
33,RAI,34,0,10,12,0,44,29.1,21.5,0.0,4.2,32.9,1001.2,162.0,H,15.0,Austin,Alfa Romeo Racing
34,RAI,35,0,10,12,0,44,29.3,21.8,0.0,2.8,32.9,1001.1,154.0,H,16.0,Austin,Alfa Romeo Racing
35,RAI,36,0,10,12,0,44,29.4,21.9,0.0,2.9,32.5,1001.0,149.0,H,17.0,Austin,Alfa Romeo Racing
36,RAI,37,0,10,12,0,44,29.0,22.1,0.0,1.6,33.0,1000.9,207.0,H,18.0,Austin,Alfa Romeo Racing
37,RAI,38,0,10,12,0,44,29.0,22.0,0.0,1.5,34.2,1001.0,204.0,H,19.0,Austin,Alfa Romeo Racing
38,RAI,39,0,10,12,0,44,28.9,21.8,0.0,1.3,34.1,1000.7,209.0,H,20.0,Austin,Alfa Romeo Racing
39,RAI,40,0,11,12,0,43,28.9,22.0,0.0,2.8,34.9,1000.7,245.0,H,21.0,Austin,Alfa Romeo Racing
40,RAI,41,0,11,12,0,43,28.6,21.8,0.0,3.8,35.4,1000.8,210.0,S,0.0,Austin,Alfa Romeo Racing
41,RAI,42,0,11,12,0,43,28.7,21.6,0.0,3.8,36.2,1000.7,203.0,S,1.0,Austin,Alfa Romeo Racing
42,RAI,43,0,12,12,0,44,28.7,21.8,0.0,2.9,36.1,1000.7,231.0,S,2.0,Austin,Alfa Romeo Racing
43,RAI,44,0,11,12,0,44,28.7,21.8,0.0,3.6,36.3,1000.7,223.0,S,3.0,Austin,Alfa Romeo Racing
44,RAI,45,0,11,12,0,44,28.6,21.9,0.0,3.3,36.3,1000.7,201.0,S,4.0,Austin,Alfa Romeo Racing
45,RAI,46,0,11,12,0,44,28.5,21.6,0.0,2.0,36.7,1000.6,214.0,S,5.0,Austin,Alfa Romeo Racing
46,RAI,47,0,12,12,0,44,28.6,21.8,0.0,1.9,36.5,1000.6,233.0,S,6.0,Austin,Alfa Romeo Racing
47,RAI,48,0,13,12,0,44,28.6,21.9,0.0,1.5,36.4,1000.5,172.0,S,7.0,Austin,Alfa Romeo Racing
48,RAI,49,0,13,12,0,44,28.7,22.0,0.0,1.3,36.3,1000.6,189.0,S,8.0,Austin,Alfa Romeo Racing
49,RAI,50,0,13,12,0,44,28.6,21.9,0.0,3.3,36.0,1000.5,213.0,S,9.0,Austin,Alfa Romeo Racing
50,RAI,51,0,13,12,0,44,28.4,21.7,0.0,4.2,36.7,1000.5,235.0,S,10.0,Austin,Alfa Romeo Racing
51,RAI,52,0,13,12,0,44,28.2,21.5,0.0,3.5,37.0,1000.5,227.0,S,11.0,Austin,Alfa Romeo Racing
52,RAI,53,0,12,12,0,44,28.2,21.6,0.0,1.6,37.1,1000.5,213.0,S,12.0,Austin,Alfa Romeo Racing
53,RAI,54,0,12,12,0,44,28.2,21.8,0.0,1.9,36.7,1000.5,188.0,S,13.0,Austin,Alfa Romeo Racing
54,RAI,55,0,12,12,0,44,28.4,22.0,0.0,3.0,36.1,1000.5,222.0,S,14.0,Austin,Alfa Romeo Racing
0,RUS,1,0,20,17,0,50,28.6,20.7,0.0,3.2,24.2,1002.0,159.0,M,0.0,Austin,Williams
1,RUS,2,0,19,17,0,53,28.7,20.9,0.0,3.0,24.6,1001.9,149.0,M,1.0,Austin,Williams
2,RUS,3,0,19,17,0,51,29.0,21.2,0.0,3.7,24.8,1002.0,148.0,M,2.0,Austin,Williams
3,RUS,4,0,19,17,0,50,28.9,21.4,0.0,2.5,23.9,1002.0,171.0,M,3.0,Austin,Williams
4,RUS,5,0,19,17,0,50,28.9,21.4,0.0,3.2,24.3,1001.9,194.0,M,4.0,Austin,Williams
5,RUS,6,0,18,17,0,48,28.9,21.5,0.0,3.0,24.7,1002.0,151.0,M,5.0,Austin,Williams
6,RUS,7,0,18,17,0,47,29.2,21.3,0.0,3.0,24.5,1001.9,180.0,M,6.0,Austin,Williams
7,RUS,8,0,18,17,0,45,29.0,21.2,0.0,1.4,25.0,1001.7,54.0,M,7.0,Austin,Williams
8,RUS,9,0,18,17,0,50,29.1,21.4,0.0,0.7,24.9,1001.7,154.0,M,8.0,Austin,Williams
9,RUS,10,0,17,17,0,55,29.5,21.8,0.0,2.6,23.9,1001.8,0.0,M,9.0,Austin,Williams
10,RUS,11,0,17,17,0,52,29.4,21.9,0.0,1.4,23.3,1001.7,132.0,M,10.0,Austin,Williams
11,RUS,12,0,17,17,0,48,29.3,21.5,0.0,3.0,23.2,1001.7,150.0,M,11.0,Austin,Williams
12,RUS,13,0,17,17,0,47,29.1,21.4,0.0,1.9,24.3,1001.6,181.0,M,12.0,Austin,Williams
13,RUS,14,0,17,17,0,46,29.3,21.4,0.0,2.5,25.5,1001.5,359.0,M,13.0,Austin,Williams
14,RUS,15,0,17,17,0,46,29.4,21.6,0.0,1.9,25.1,1001.5,149.0,M,14.0,Austin,Williams
15,RUS,16,0,17,17,0,49,29.2,21.6,0.0,1.1,25.1,1001.4,116.0,M,15.0,Austin,Williams
16,RUS,17,0,17,17,0,50,29.6,21.8,0.0,3.3,25.7,1001.4,230.0,M,16.0,Austin,Williams
17,RUS,18,0,17,17,0,49,29.4,21.8,0.0,2.8,26.1,1001.5,337.0,M,17.0,Austin,Williams
18,RUS,19,0,16,17,0,48,29.3,21.8,0.0,1.9,27.1,1001.5,156.0,M,18.0,Austin,Williams
19,RUS,20,0,16,17,0,47,29.2,21.6,0.0,3.2,27.7,1001.5,151.0,M,19.0,Austin,Williams
20,RUS,21,0,17,17,0,46,29.3,21.7,0.0,2.3,28.4,1001.2,157.0,M,20.0,Austin,Williams
21,RUS,22,0,18,17,0,47,29.5,21.8,0.0,2.8,27.5,1001.3,155.0,M,21.0,Austin,Williams
22,RUS,23,0,18,17,0,47,29.3,21.9,0.0,2.7,29.8,1001.3,203.0,M,22.0,Austin,Williams
23,RUS,24,0,18,17,0,46,29.3,21.8,0.0,2.3,29.7,1001.2,238.0,H,0.0,Austin,Williams
24,RUS,25,0,18,17,0,47,29.3,22.0,0.0,1.7,30.2,1001.2,214.0,H,1.0,Austin,Williams
25,RUS,26,0,18,17,0,47,29.1,21.9,0.0,3.0,30.3,1001.3,220.0,H,2.0,Austin,Williams
26,RUS,27,0,18,17,0,48,29.0,21.6,0.0,3.3,30.6,1001.4,211.0,H,3.0,Austin,Williams
27,RUS,28,0,18,17,0,48,29.0,21.5,0.0,3.4,30.8,1001.3,224.0,H,4.0,Austin,Williams
28,RUS,29,0,18,17,0,48,29.1,21.4,0.0,2.4,31.5,1001.3,244.0,H,5.0,Austin,Williams
29,RUS,30,0,18,17,0,48,29.0,21.3,0.0,4.0,32.5,1001.1,229.0,H,6.0,Austin,Williams
30,RUS,31,0,18,17,0,48,29.0,21.3,0.0,2.9,32.3,1001.2,219.0,H,7.0,Austin,Williams
31,RUS,32,0,18,17,0,49,29.0,21.4,0.0,2.6,31.9,1001.1,232.0,H,8.0,Austin,Williams
32,RUS,33,0,18,17,0,49,29.1,21.6,0.0,4.3,32.1,1001.2,235.0,H,9.0,Austin,Williams
33,RUS,34,0,18,17,0,49,29.3,21.8,0.0,2.8,32.9,1001.1,154.0,H,10.0,Austin,Williams
34,RUS,35,0,18,17,0,49,29.1,22.0,0.0,1.6,32.4,1001.0,160.0,H,11.0,Austin,Williams
35,RUS,36,0,18,17,0,49,29.1,22.0,0.0,1.5,32.8,1001.0,290.0,H,12.0,Austin,Williams
36,RUS,37,0,18,17,0,49,29.1,22.0,0.0,0.9,32.7,1000.9,181.0,H,13.0,Austin,Williams
37,RUS,38,0,18,17,0,49,29.0,22.0,0.0,1.2,32.9,1000.9,199.0,H,14.0,Austin,Williams
38,RUS,39,0,18,17,0,49,29.0,22.1,0.0,1.6,33.0,1000.9,207.0,H,15.0,Austin,Williams
39,RUS,40,0,18,17,0,49,29.0,21.9,0.0,3.4,33.8,1000.9,227.0,H,16.0,Austin,Williams
40,RUS,41,0,18,17,0,49,28.9,21.7,0.0,1.3,34.1,1000.7,171.0,H,17.0,Austin,Williams
41,RUS,42,0,18,17,0,49,28.9,22.0,0.0,1.5,34.1,1000.8,122.0,H,18.0,Austin,Williams
42,RUS,43,0,18,17,0,49,28.6,21.8,0.0,3.8,35.4,1000.8,210.0,H,19.0,Austin,Williams
43,RUS,44,0,18,17,0,49,28.6,21.8,0.0,2.1,35.5,1000.8,217.0,H,20.0,Austin,Williams
44,RUS,45,0,18,17,0,49,28.7,21.7,0.0,2.5,36.3,1000.7,249.0,H,21.0,Austin,Williams
45,RUS,46,0,18,17,0,49,28.7,21.8,0.0,3.6,36.4,1000.7,239.0,H,22.0,Austin,Williams
46,RUS,47,0,18,17,0,49,28.7,21.8,0.0,3.6,36.3,1000.7,223.0,S,0.0,Austin,Williams
47,RUS,48,0,18,17,0,49,28.5,21.8,0.0,2.9,36.2,1000.7,207.0,S,1.0,Austin,Williams
48,RUS,49,0,18,17,0,49,28.4,21.6,0.0,3.6,36.5,1000.7,238.0,S,2.0,Austin,Williams
49,RUS,50,0,18,17,0,49,28.5,21.6,0.0,2.0,36.7,1000.6,214.0,S,3.0,Austin,Williams
50,RUS,51,0,18,17,0,49,28.6,21.9,0.0,3.3,36.0,1000.5,213.0,S,4.0,Austin,Williams
51,RUS,52,0,18,17,0,49,28.2,21.8,0.0,1.9,36.7,1000.5,188.0,S,5.0,Austin,Williams
52,RUS,53,0,17,17,0,49,28.6,22.1,0.0,1.9,35.7,1000.5,238.0,S,6.0,Austin,Williams
53,RUS,54,0,17,17,0,49,28.4,22.0,0.0,3.0,36.1,1000.5,222.0,S,7.0,Austin,Williams
0,KUB,1,0,19,19,0,52,29.0,21.2,0.0,3.7,24.8,1002.0,148.0,M,0.0,Austin,Williams
1,KUB,2,0,18,19,0,70,28.9,21.4,0.0,3.2,24.3,1001.9,194.0,M,1.0,Austin,Williams
2,KUB,3,0,18,19,0,66,28.9,21.5,0.0,3.0,24.7,1002.0,151.0,M,2.0,Austin,Williams
3,KUB,4,0,18,19,0,64,29.2,21.3,0.0,3.0,24.5,1001.9,180.0,M,3.0,Austin,Williams
4,KUB,5,0,18,19,0,64,29.1,21.4,0.0,1.9,24.3,1001.6,181.0,M,4.0,Austin,Williams
5,KUB,6,0,19,19,0,64,29.3,21.8,0.0,1.9,27.1,1001.5,156.0,M,5.0,Austin,Williams
6,KUB,7,0,20,19,0,62,29.1,21.5,0.0,1.1,28.1,1001.4,163.0,M,6.0,Austin,Williams
7,KUB,8,0,19,19,0,59,29.3,21.7,0.0,2.3,28.4,1001.2,157.0,M,7.0,Austin,Williams
8,KUB,9,0,19,19,0,60,29.5,22.0,0.0,1.4,28.4,1001.3,154.0,M,8.0,Austin,Williams
9,KUB,10,0,18,19,0,60,29.2,21.9,0.0,2.5,29.3,1001.3,153.0,M,9.0,Austin,Williams
10,KUB,11,0,18,19,0,58,29.3,21.8,0.0,3.7,30.3,1001.3,264.0,M,10.0,Austin,Williams
11,KUB,12,0,19,19,0,57,29.3,21.8,0.0,1.9,30.8,1001.4,252.0,H,0.0,Austin,Williams
12,KUB,13,0,18,19,0,56,29.3,22.0,0.0,1.7,30.2,1001.2,214.0,H,1.0,Austin,Williams
13,KUB,14,0,19,19,0,56,29.0,21.5,0.0,3.4,30.8,1001.3,224.0,H,2.0,Austin,Williams
14,KUB,15,0,19,19,0,56,29.0,21.4,0.0,2.3,30.9,1001.2,263.0,H,3.0,Austin,Williams
15,KUB,16,0,19,19,0,58,29.0,21.2,0.0,4.0,32.4,1001.2,208.0,H,4.0,Austin,Williams
16,KUB,17,0,19,19,0,57,29.0,21.4,0.0,2.6,31.9,1001.1,232.0,H,5.0,Austin,Williams
17,KUB,18,0,19,19,0,56,29.4,21.9,0.0,2.9,32.5,1001.0,149.0,H,6.0,Austin,Williams
18,KUB,19,0,17,19,0,55,29.3,22.0,0.0,1.2,32.4,1001.1,214.0,H,7.0,Austin,Williams
19,KUB,20,0,19,19,0,54,29.1,22.0,0.0,1.6,32.4,1001.0,160.0,H,8.0,Austin,Williams
20,KUB,21,0,19,19,0,52,29.0,21.9,0.0,3.4,33.8,1000.9,227.0,H,9.0,Austin,Williams
21,KUB,22,0,19,19,0,53,28.9,21.7,0.0,1.3,34.1,1000.7,171.0,H,10.0,Austin,Williams
22,KUB,23,0,19,19,0,53,28.9,21.8,0.0,1.3,34.1,1000.7,209.0,H,11.0,Austin,Williams
23,KUB,24,0,19,19,0,52,28.9,22.0,0.0,1.5,34.1,1000.8,122.0,H,12.0,Austin,Williams
24,KUB,25,0,19,19,0,52,28.6,21.8,0.0,2.1,35.5,1000.8,217.0,H,13.0,Austin,Williams
25,KUB,26,0,19,19,0,51,28.7,21.6,0.0,3.8,36.2,1000.7,203.0,H,14.0,Austin,Williams
26,KUB,27,0,19,19,0,52,28.7,21.7,0.0,2.5,36.3,1000.7,249.0,H,15.0,Austin,Williams
27,KUB,28,0,19,19,0,51,28.7,21.8,0.0,3.6,36.4,1000.7,239.0,H,16.0,Austin,Williams
28,KUB,29,0,19,19,0,51,28.4,21.6,0.0,3.6,36.5,1000.7,238.0,H,17.0,Austin,Williams
29,KUB,30,0,19,19,0,50,28.4,21.7,0.0,4.2,36.7,1000.5,235.0,H,18.0,Austin,Williams
30,KUB,31,0,19,19,1,49,28.2,21.5,0.0,3.5,37.0,1000.5,227.0,H,19.0,Austin,Williams
0,PER,1,0,18,11,0,48,28.7,20.9,0.0,3.0,24.6,1001.9,149.0,M,0.0,Austin,Racing Point
1,PER,2,0,17,11,0,50,29.0,21.2,0.0,3.7,24.8,1002.0,148.0,M,1.0,Austin,Racing Point
2,PER,3,0,17,11,0,49,29.0,21.4,0.0,2.7,24.0,1001.9,157.0,M,2.0,Austin,Racing Point
3,PER,4,0,17,11,0,47,28.9,21.4,0.0,2.5,23.9,1002.0,171.0,M,3.0,Austin,Racing Point
4,PER,5,0,17,11,0,45,28.9,21.4,0.0,3.2,24.3,1001.9,194.0,M,4.0,Austin,Racing Point
5,PER,6,0,17,11,0,43,28.9,21.5,0.0,3.0,24.7,1002.0,151.0,M,5.0,Austin,Racing Point
6,PER,7,0,17,11,0,42,29.2,21.3,0.0,3.0,24.5,1001.9,180.0,M,6.0,Austin,Racing Point
7,PER,8,0,16,11,0,41,29.0,21.2,0.0,2.3,25.0,1001.8,270.0,M,7.0,Austin,Racing Point
8,PER,9,0,16,11,0,47,29.1,21.4,0.0,0.7,24.9,1001.7,154.0,M,8.0,Austin,Racing Point
9,PER,10,0,15,11,0,53,29.5,21.6,0.0,1.4,23.8,1001.7,132.0,M,9.0,Austin,Racing Point
10,PER,11,0,14,11,0,50,29.5,21.8,0.0,2.6,23.9,1001.8,0.0,M,10.0,Austin,Racing Point
11,PER,12,0,14,11,0,46,29.4,21.9,0.0,1.4,23.3,1001.7,132.0,M,11.0,Austin,Racing Point
12,PER,13,0,13,11,0,46,29.3,21.7,0.0,2.9,23.2,1001.7,125.0,M,12.0,Austin,Racing Point
13,PER,14,0,12,11,0,47,29.3,21.5,0.0,3.0,23.2,1001.7,150.0,M,13.0,Austin,Racing Point
14,PER,15,0,12,11,0,48,29.3,21.4,0.0,3.2,24.3,1001.8,269.0,M,14.0,Austin,Racing Point
15,PER,16,0,12,11,0,51,29.1,21.4,0.0,1.8,24.3,1001.7,177.0,M,15.0,Austin,Racing Point
16,PER,17,0,12,11,0,53,29.1,21.2,0.0,2.0,24.6,1001.6,111.0,M,16.0,Austin,Racing Point
17,PER,18,0,12,11,0,53,29.1,21.3,0.0,2.1,25.2,1001.6,176.0,M,17.0,Austin,Racing Point
18,PER,19,0,10,11,0,53,29.3,21.4,0.0,2.5,25.5,1001.5,359.0,M,18.0,Austin,Racing Point
19,PER,20,0,8,11,0,53,29.2,21.6,0.0,1.1,25.1,1001.4,116.0,M,19.0,Austin,Racing Point
20,PER,21,0,7,11,0,52,29.4,21.7,0.0,2.3,25.2,1001.5,188.0,M,20.0,Austin,Racing Point
21,PER,22,0,6,11,0,53,29.5,21.9,0.0,1.0,28.1,1001.4,0.0,M,21.0,Austin,Racing Point
22,PER,23,0,8,11,0,53,29.5,22.0,0.0,1.4,28.4,1001.3,154.0,M,22.0,Austin,Racing Point
23,PER,24,0,8,11,0,52,29.3,21.8,0.0,2.3,29.7,1001.2,238.0,M,23.0,Austin,Racing Point
24,PER,25,0,14,11,0,52,29.3,21.8,0.0,3.7,30.3,1001.3,264.0,H,0.0,Austin,Racing Point
25,PER,26,0,14,11,0,53,29.3,21.8,0.0,1.9,30.8,1001.4,252.0,H,1.0,Austin,Racing Point
26,PER,27,0,14,11,0,53,29.3,22.0,0.0,1.7,30.2,1001.2,214.0,H,2.0,Austin,Racing Point
27,PER,28,0,13,11,0,54,29.1,21.9,0.0,3.0,30.3,1001.3,220.0,H,3.0,Austin,Racing Point
28,PER,29,0,12,11,0,55,29.1,21.4,0.0,2.9,31.1,1001.3,286.0,H,4.0,Austin,Racing Point
29,PER,30,0,11,11,0,55,29.1,21.4,0.0,2.4,31.5,1001.3,244.0,H,5.0,Austin,Racing Point
30,PER,31,0,11,11,0,55,29.0,21.3,0.0,4.0,32.5,1001.1,229.0,H,6.0,Austin,Racing Point
31,PER,32,0,11,11,0,56,29.0,21.2,0.0,4.0,32.4,1001.2,208.0,H,7.0,Austin,Racing Point
32,PER,33,0,11,11,0,56,29.4,21.9,0.0,2.9,32.5,1001.0,149.0,H,8.0,Austin,Racing Point
33,PER,34,0,11,11,0,56,29.1,22.0,0.0,1.6,32.4,1001.0,160.0,H,9.0,Austin,Racing Point
34,PER,35,0,11,11,0,57,29.1,22.0,0.0,0.9,32.7,1000.9,181.0,H,10.0,Austin,Racing Point
35,PER,36,0,11,11,0,57,29.0,22.0,0.0,1.2,32.9,1000.9,199.0,H,11.0,Austin,Racing Point
36,PER,37,0,11,11,0,57,29.0,22.1,0.0,1.6,33.0,1000.9,207.0,H,12.0,Austin,Racing Point
37,PER,38,0,11,11,0,58,29.0,21.9,0.0,3.4,33.8,1000.9,227.0,H,13.0,Austin,Racing Point
38,PER,39,0,11,11,0,58,28.9,21.8,0.0,3.7,34.2,1000.9,131.0,H,14.0,Austin,Racing Point
39,PER,40,0,10,11,0,58,28.9,21.7,0.0,1.3,34.1,1000.7,171.0,H,15.0,Austin,Racing Point
40,PER,41,0,10,11,0,58,28.9,22.0,0.0,1.5,34.1,1000.8,122.0,H,16.0,Austin,Racing Point
41,PER,42,0,10,11,0,58,28.9,22.0,0.0,2.9,34.6,1000.7,202.0,H,17.0,Austin,Racing Point
42,PER,43,0,9,11,0,58,28.9,21.9,0.0,2.7,34.4,1000.7,231.0,H,18.0,Austin,Racing Point
43,PER,44,0,9,11,0,58,28.6,21.8,0.0,2.1,35.5,1000.8,217.0,H,19.0,Austin,Racing Point
44,PER,45,0,9,11,0,59,28.7,21.6,0.0,3.8,36.2,1000.7,203.0,H,20.0,Austin,Racing Point
45,PER,46,0,9,11,0,59,28.7,21.8,0.0,3.6,36.4,1000.7,239.0,H,21.0,Austin,Racing Point
46,PER,47,0,9,11,0,60,28.7,21.8,0.0,3.6,36.3,1000.7,223.0,H,22.0,Austin,Racing Point
47,PER,48,0,10,11,0,60,28.6,21.9,0.0,3.3,36.3,1000.7,201.0,H,23.0,Austin,Racing Point
48,PER,49,0,10,11,0,60,28.5,21.6,0.0,2.0,36.7,1000.6,214.0,H,24.0,Austin,Racing Point
49,PER,50,0,10,11,0,60,28.6,21.8,0.0,1.9,36.5,1000.6,233.0,H,25.0,Austin,Racing Point
50,PER,51,0,10,11,0,60,28.7,22.0,0.0,1.3,36.3,1000.6,189.0,H,26.0,Austin,Racing Point
51,PER,52,0,9,11,0,60,28.6,21.9,0.0,3.3,36.0,1000.5,213.0,H,27.0,Austin,Racing Point
52,PER,53,0,9,11,0,60,28.4,21.7,0.0,4.2,36.7,1000.5,235.0,H,28.0,Austin,Racing Point
53,PER,54,0,10,11,0,60,28.2,21.5,0.0,3.5,37.0,1000.5,227.0,H,29.0,Austin,Racing Point
54,PER,55,0,11,11,0,60,28.6,22.0,0.0,1.2,36.7,1000.5,205.0,H,30.0,Austin,Racing Point
