,idGP,driver,lap,trackStatus,position,targetPosition,grid,out,performance,trackTemp,airTemp,raining,windSpeed,humidity,pressure,windDir,tyre,tyreLap,track,team
0,23,BOT,1,2,2,2,2,0,70,29.0,19.5,0.0,3.8,44.5,1019.2,111.0,M,3,Shanghai,Mercedes
1,23,BOT,2,2,2,2,2,0,70,28.8,19.6,0.0,3.0,44.7,1019.2,130.0,M,4,Shanghai,Mercedes
2,23,BOT,3,0,2,2,2,0,70,28.9,19.4,0.0,2.6,45.1,1019.1,79.0,M,5,Shanghai,Mercedes
3,23,BOT,4,0,2,2,2,0,70,28.9,19.8,0.0,3.2,43.4,1019.1,84.0,M,6,Shanghai,Mercedes
4,23,BOT,5,0,2,2,2,0,70,28.5,19.7,0.0,4.1,43.3,1019.1,92.0,M,7,Shanghai,Mercedes
5,23,BOT,6,0,2,2,2,0,69,28.2,19.4,0.0,4.0,44.0,1019.1,91.0,M,8,Shanghai,Mercedes
6,23,BOT,7,0,2,2,2,0,68,28.1,19.5,0.0,3.4,43.5,1019.1,68.0,M,9,Shanghai,Mercedes
7,23,BOT,8,0,2,2,2,0,67,28.1,19.5,0.0,3.7,43.9,1019.1,86.0,M,10,Shanghai,Mercedes
8,23,BOT,9,0,2,2,2,0,67,27.9,19.5,0.0,3.2,44.7,1019.2,108.0,M,11,Shanghai,Mercedes
9,23,BOT,10,0,2,2,2,0,67,27.9,19.6,0.0,4.0,45.0,1019.2,61.0,M,12,Shanghai,Mercedes
10,23,BOT,11,0,2,2,2,0,67,27.9,19.6,0.0,3.6,45.1,1019.2,90.0,M,13,Shanghai,Mercedes
11,23,BOT,12,0,2,2,2,0,67,28.0,19.7,0.0,3.5,44.8,1019.2,84.0,M,14,Shanghai,Mercedes
12,23,BOT,13,0,2,2,2,0,67,27.8,19.6,0.0,3.6,45.2,1019.1,84.0,M,15,Shanghai,Mercedes
13,23,BOT,14,0,2,2,2,0,65,27.8,19.6,0.0,3.3,45.3,1019.1,76.0,M,16,Shanghai,Mercedes
14,23,BOT,15,0,2,2,2,0,64,27.8,19.5,0.0,3.9,45.7,1019.0,95.0,M,17,Shanghai,Mercedes
15,23,BOT,16,0,2,2,2,0,63,27.5,19.7,0.0,3.6,44.6,1019.1,101.0,M,18,Shanghai,Mercedes
16,23,BOT,17,0,2,2,2,0,63,27.6,19.7,0.0,4.1,43.2,1019.2,96.0,M,19,Shanghai,Mercedes
17,23,BOT,18,0,2,2,2,0,64,27.6,19.6,0.0,3.2,43.3,1019.2,85.0,M,20,Shanghai,Mercedes
18,23,BOT,19,0,2,2,2,0,64,27.2,19.6,0.0,3.8,43.3,1019.2,104.0,M,21,Shanghai,Mercedes
19,23,BOT,20,0,2,2,2,0,64,27.2,19.6,0.0,4.3,43.5,1019.2,106.0,M,22,Shanghai,Mercedes
20,23,BOT,21,0,2,2,2,0,64,27.0,19.3,0.0,3.6,43.7,1019.2,95.0,M,23,Shanghai,Mercedes
21,23,BOT,22,0,2,3,2,0,64,27.0,19.4,0.0,3.8,44.4,1019.2,92.0,H,0,Shanghai,Mercedes
22,23,BOT,23,0,3,2,2,0,64,26.8,19.5,0.0,4.3,45.0,1019.1,90.0,H,1,Shanghai,Mercedes
23,23,BOT,24,0,2,2,2,0,63,26.6,19.4,0.0,3.9,45.5,1019.1,109.0,H,2,Shanghai,Mercedes
24,23,BOT,25,0,2,2,2,0,63,26.4,19.3,0.0,3.2,46.2,1019.1,103.0,H,3,Shanghai,Mercedes
25,23,BOT,26,0,2,2,2,0,63,26.7,19.3,0.0,2.7,46.2,1019.2,91.0,H,4,Shanghai,Mercedes
26,23,BOT,27,0,2,2,2,0,63,26.7,19.3,0.0,3.5,46.5,1019.3,82.0,H,5,Shanghai,Mercedes
27,23,BOT,28,0,2,2,2,0,63,26.7,19.4,0.0,3.2,46.3,1019.1,98.0,H,6,Shanghai,Mercedes
28,23,BOT,29,0,2,2,2,0,62,26.5,19.4,0.0,2.7,45.9,1019.2,74.0,H,7,Shanghai,Mercedes
29,23,BOT,30,0,2,2,2,0,62,26.4,19.7,0.0,3.7,45.5,1019.2,86.0,H,8,Shanghai,Mercedes
30,23,BOT,31,0,2,2,2,0,61,26.2,19.4,0.0,4.3,45.3,1019.3,86.0,H,9,Shanghai,Mercedes
31,23,BOT,32,0,2,2,2,0,61,26.2,19.3,0.0,4.1,46.0,1019.3,101.0,H,10,Shanghai,Mercedes
32,23,BOT,33,0,2,2,2,0,61,26.1,19.3,0.0,3.1,47.1,1019.3,76.0,H,11,Shanghai,Mercedes
33,23,BOT,34,0,2,2,2,0,61,26.0,19.3,0.0,4.2,47.1,1019.4,91.0,H,12,Shanghai,Mercedes
34,23,BOT,35,0,2,2,2,0,61,25.9,19.4,0.0,3.3,47.6,1019.2,79.0,H,13,Shanghai,Mercedes
35,23,BOT,36,0,2,2,2,0,62,26.0,19.4,0.0,4.4,47.3,1019.2,90.0,H,14,Shanghai,Mercedes
36,23,BOT,37,0,2,3,2,0,62,25.6,19.1,0.0,2.8,47.7,1019.2,79.0,M,0,Shanghai,Mercedes
37,23,BOT,38,0,3,3,2,0,62,25.6,19.1,0.0,3.3,46.3,1019.1,75.0,M,1,Shanghai,Mercedes
38,23,BOT,39,0,3,2,2,0,62,25.5,18.9,0.0,3.6,47.6,1019.3,77.0,M,2,Shanghai,Mercedes
39,23,BOT,40,0,2,2,2,0,62,25.5,19.1,0.0,3.0,48.3,1019.3,87.0,M,3,Shanghai,Mercedes
40,23,BOT,41,0,2,2,2,0,62,25.5,19.0,0.0,3.6,49.1,1019.3,87.0,M,4,Shanghai,Mercedes
41,23,BOT,42,0,2,2,2,0,62,25.9,19.0,0.0,4.0,48.3,1019.3,90.0,M,5,Shanghai,Mercedes
42,23,BOT,43,0,2,2,2,0,62,25.7,19.3,0.0,4.2,47.3,1019.3,89.0,M,6,Shanghai,Mercedes
43,23,BOT,44,0,2,2,2,0,62,25.6,19.0,0.0,3.3,47.5,1019.4,84.0,M,7,Shanghai,Mercedes
44,23,BOT,45,0,2,2,2,0,62,25.6,19.1,0.0,3.0,47.6,1019.4,86.0,M,8,Shanghai,Mercedes
45,23,BOT,46,0,2,2,2,0,62,25.7,19.0,0.0,3.4,48.3,1019.3,91.0,M,9,Shanghai,Mercedes
46,23,BOT,47,0,2,2,2,0,61,25.7,19.0,0.0,3.4,48.3,1019.4,85.0,M,10,Shanghai,Mercedes
47,23,BOT,48,0,2,2,2,0,61,25.7,19.1,0.0,4.1,48.5,1019.3,97.0,M,11,Shanghai,Mercedes
48,23,BOT,49,0,2,2,2,0,61,25.8,18.9,0.0,3.3,49.1,1019.4,99.0,M,12,Shanghai,Mercedes
49,23,BOT,50,0,2,2,2,0,61,25.8,19.2,0.0,3.4,48.8,1019.3,95.0,M,13,Shanghai,Mercedes
50,23,BOT,51,0,2,2,2,0,61,25.4,19.2,0.0,4.4,48.3,1019.4,85.0,M,14,Shanghai,Mercedes
51,23,BOT,52,0,2,2,2,0,61,25.4,19.1,0.0,3.7,48.6,1019.3,80.0,M,15,Shanghai,Mercedes
52,23,BOT,53,0,2,2,2,0,61,25.3,19.1,0.0,4.0,48.8,1019.3,81.0,M,16,Shanghai,Mercedes
53,23,BOT,54,0,2,2,2,0,61,25.2,19.0,0.0,2.7,49.8,1019.3,87.0,M,17,Shanghai,Mercedes
54,23,BOT,55,0,2,2,2,0,61,25.3,19.0,0.0,3.3,50.4,1019.3,106.0,M,18,Shanghai,Mercedes
55,23,BOT,56,0,2,2,2,0,62,25.1,19.0,0.0,3.0,51.1,1019.3,76.0,M,19,Shanghai,Mercedes
0,23,HAM,1,2,1,1,1,0,70,29.0,19.5,0.0,3.8,44.5,1019.2,111.0,M,3,Shanghai,Mercedes
1,23,HAM,2,2,1,1,1,0,74,28.8,19.6,0.0,3.0,44.7,1019.2,130.0,M,4,Shanghai,Mercedes
2,23,HAM,3,0,1,1,1,0,74,28.8,19.4,0.0,2.7,45.4,1019.1,113.0,M,5,Shanghai,Mercedes
3,23,HAM,4,0,1,1,1,0,73,28.9,19.4,0.0,2.6,45.1,1019.1,79.0,M,6,Shanghai,Mercedes
4,23,HAM,5,0,1,1,1,0,72,28.9,19.7,0.0,4.0,45.1,1019.1,87.0,M,7,Shanghai,Mercedes
5,23,HAM,6,0,1,1,1,0,71,28.5,19.7,0.0,4.1,43.3,1019.1,92.0,M,8,Shanghai,Mercedes
6,23,HAM,7,0,1,1,1,0,69,28.3,19.6,0.0,3.3,43.8,1019.1,89.0,M,9,Shanghai,Mercedes
7,23,HAM,8,0,1,1,1,0,67,28.2,19.4,0.0,4.0,44.0,1019.1,91.0,M,10,Shanghai,Mercedes
8,23,HAM,9,0,1,1,1,0,65,28.1,19.6,0.0,2.7,44.0,1019.2,97.0,M,11,Shanghai,Mercedes
9,23,HAM,10,0,1,1,1,0,63,27.9,19.6,0.0,4.0,45.0,1019.2,61.0,M,12,Shanghai,Mercedes
10,23,HAM,11,0,1,1,1,0,61,27.9,19.6,0.0,3.6,45.1,1019.2,90.0,M,13,Shanghai,Mercedes
11,23,HAM,12,0,1,1,1,0,53,28.0,19.7,0.0,3.5,44.8,1019.2,84.0,M,14,Shanghai,Mercedes
12,23,HAM,13,0,1,1,1,0,52,27.8,19.6,0.0,3.6,45.2,1019.1,84.0,M,15,Shanghai,Mercedes
13,23,HAM,14,0,1,1,1,0,51,27.8,19.6,0.0,3.3,45.3,1019.1,76.0,M,16,Shanghai,Mercedes
14,23,HAM,15,0,1,1,1,0,51,27.8,19.5,0.0,3.9,45.7,1019.0,95.0,M,17,Shanghai,Mercedes
15,23,HAM,16,0,1,1,1,0,51,27.5,19.7,0.0,3.6,44.6,1019.1,101.0,M,18,Shanghai,Mercedes
16,23,HAM,17,0,1,1,1,0,51,27.5,19.7,0.0,3.6,44.6,1019.1,101.0,M,19,Shanghai,Mercedes
17,23,HAM,18,0,1,1,1,0,52,27.6,19.7,0.0,4.1,43.2,1019.2,96.0,M,20,Shanghai,Mercedes
18,23,HAM,19,0,1,1,1,0,53,27.2,19.8,0.0,3.3,43.0,1019.2,90.0,M,21,Shanghai,Mercedes
19,23,HAM,20,0,1,1,1,0,53,27.2,19.5,0.0,4.8,43.3,1019.2,102.0,M,22,Shanghai,Mercedes
20,23,HAM,21,0,1,1,1,0,53,27.0,19.3,0.0,3.6,43.7,1019.2,95.0,M,23,Shanghai,Mercedes
21,23,HAM,22,0,1,1,1,0,54,27.0,19.5,0.0,3.7,44.5,1019.2,82.0,M,24,Shanghai,Mercedes
22,23,HAM,23,0,1,1,1,0,53,27.0,19.4,0.0,4.0,44.9,1019.2,90.0,H,0,Shanghai,Mercedes
23,23,HAM,24,0,1,1,1,0,53,26.8,19.5,0.0,4.3,45.0,1019.1,90.0,H,1,Shanghai,Mercedes
24,23,HAM,25,0,1,1,1,0,53,26.8,19.4,0.0,3.7,45.2,1019.1,86.0,H,2,Shanghai,Mercedes
25,23,HAM,26,0,1,1,1,0,54,26.4,19.3,0.0,3.2,46.2,1019.1,103.0,H,3,Shanghai,Mercedes
26,23,HAM,27,0,1,1,1,0,54,26.7,19.3,0.0,2.7,46.2,1019.2,91.0,H,4,Shanghai,Mercedes
27,23,HAM,28,0,1,1,1,0,55,26.7,19.3,0.0,3.5,46.5,1019.3,82.0,H,5,Shanghai,Mercedes
28,23,HAM,29,0,1,1,1,0,55,26.7,19.4,0.0,3.2,46.3,1019.1,98.0,H,6,Shanghai,Mercedes
29,23,HAM,30,0,1,1,1,0,55,26.5,19.5,0.0,2.8,45.7,1019.3,87.0,H,7,Shanghai,Mercedes
30,23,HAM,31,0,1,1,1,0,55,26.4,19.7,0.0,3.7,45.5,1019.2,86.0,H,8,Shanghai,Mercedes
31,23,HAM,32,0,1,1,1,0,55,26.4,19.5,0.0,3.7,45.3,1019.2,89.0,H,9,Shanghai,Mercedes
32,23,HAM,33,0,1,1,1,0,55,26.2,19.4,0.0,4.3,45.3,1019.3,86.0,H,10,Shanghai,Mercedes
33,23,HAM,34,0,1,1,1,0,56,26.1,19.3,0.0,3.0,46.6,1019.3,72.0,H,11,Shanghai,Mercedes
34,23,HAM,35,0,1,1,1,0,56,26.1,19.3,0.0,3.1,47.1,1019.3,76.0,H,12,Shanghai,Mercedes
35,23,HAM,36,0,1,1,1,0,56,26.0,19.4,0.0,4.4,47.3,1019.2,90.0,H,13,Shanghai,Mercedes
36,23,HAM,37,0,1,1,1,0,56,25.7,19.2,0.0,4.1,47.9,1019.3,85.0,M,3,Shanghai,Mercedes
37,23,HAM,38,0,1,1,1,0,56,25.6,19.1,0.0,4.0,47.8,1019.2,104.0,M,4,Shanghai,Mercedes
38,23,HAM,39,0,1,1,1,0,57,25.6,18.9,0.0,3.8,48.0,1019.2,74.0,M,5,Shanghai,Mercedes
39,23,HAM,40,0,1,1,1,0,57,25.6,19.2,0.0,2.9,46.9,1019.2,104.0,M,6,Shanghai,Mercedes
40,23,HAM,41,0,1,1,1,0,58,25.6,19.1,0.0,3.3,46.3,1019.1,75.0,M,7,Shanghai,Mercedes
41,23,HAM,42,0,1,1,1,0,58,25.5,19.0,0.0,3.4,46.7,1019.3,107.0,M,8,Shanghai,Mercedes
42,23,HAM,43,0,1,1,1,0,58,25.5,18.9,0.0,3.6,47.6,1019.3,77.0,M,9,Shanghai,Mercedes
43,23,HAM,44,0,1,1,1,0,59,25.5,19.1,0.0,3.0,48.3,1019.3,87.0,M,10,Shanghai,Mercedes
44,23,HAM,45,0,1,1,1,0,59,25.5,19.0,0.0,3.6,49.1,1019.3,87.0,M,11,Shanghai,Mercedes
45,23,HAM,46,0,1,1,1,0,59,25.7,19.1,0.0,3.8,48.2,1019.3,88.0,M,12,Shanghai,Mercedes
46,23,HAM,47,0,1,1,1,0,59,25.8,19.2,0.0,2.8,48.4,1019.4,90.0,M,13,Shanghai,Mercedes
47,23,HAM,48,0,1,1,1,0,59,25.6,19.0,0.0,3.3,47.5,1019.4,84.0,M,14,Shanghai,Mercedes
48,23,HAM,49,0,1,1,1,0,59,25.6,18.9,0.0,3.1,47.5,1019.4,82.0,M,15,Shanghai,Mercedes
49,23,HAM,50,0,1,1,1,0,59,25.7,19.0,0.0,3.4,48.3,1019.3,91.0,M,16,Shanghai,Mercedes
50,23,HAM,51,0,1,1,1,0,59,25.8,19.0,0.0,3.6,48.6,1019.4,83.0,M,17,Shanghai,Mercedes
51,23,HAM,52,0,1,1,1,0,59,25.8,18.9,0.0,3.3,49.1,1019.4,99.0,M,18,Shanghai,Mercedes
52,23,HAM,53,0,1,1,1,0,59,25.8,19.2,0.0,3.4,48.8,1019.3,95.0,M,19,Shanghai,Mercedes
53,23,HAM,54,0,1,1,1,0,59,25.3,19.1,0.0,4.0,48.8,1019.3,81.0,M,20,Shanghai,Mercedes
54,23,HAM,55,0,1,1,1,0,60,25.2,19.0,0.0,3.1,50.1,1019.2,86.0,M,21,Shanghai,Mercedes
55,23,HAM,56,0,1,1,1,0,61,25.3,19.0,0.0,3.3,50.4,1019.3,106.0,M,22,Shanghai,Mercedes
0,23,VET,1,2,4,4,4,0,61,28.8,19.4,0.0,2.7,45.4,1019.1,113.0,M,3,Shanghai,Ferrari
1,23,VET,2,2,4,4,4,0,60,28.9,19.4,0.0,2.6,45.1,1019.1,79.0,M,4,Shanghai,Ferrari
2,23,VET,3,0,4,4,4,0,61,28.9,19.8,0.0,3.2,43.4,1019.1,84.0,M,5,Shanghai,Ferrari
3,23,VET,4,0,4,4,4,0,60,28.3,19.6,0.0,3.9,43.9,1019.1,88.0,M,6,Shanghai,Ferrari
4,23,VET,5,0,4,4,4,0,61,28.2,19.4,0.0,4.0,44.0,1019.1,91.0,M,7,Shanghai,Ferrari
5,23,VET,6,0,4,4,4,0,62,28.1,19.5,0.0,3.4,43.5,1019.1,68.0,M,8,Shanghai,Ferrari
6,23,VET,7,0,4,4,4,0,61,28.1,19.6,0.0,4.6,43.4,1019.1,77.0,M,9,Shanghai,Ferrari
7,23,VET,8,0,4,4,4,0,58,28.1,19.6,0.0,2.7,44.0,1019.2,97.0,M,10,Shanghai,Ferrari
8,23,VET,9,0,4,4,4,0,57,28.0,19.6,0.0,3.6,44.5,1019.2,99.0,M,11,Shanghai,Ferrari
9,23,VET,10,0,4,4,4,0,57,27.9,19.5,0.0,3.2,44.7,1019.2,108.0,M,12,Shanghai,Ferrari
10,23,VET,11,0,4,3,4,0,57,27.9,19.6,0.0,4.0,45.0,1019.2,61.0,M,13,Shanghai,Ferrari
11,23,VET,12,0,3,3,4,0,58,27.9,19.6,0.0,3.6,45.1,1019.2,90.0,M,14,Shanghai,Ferrari
12,23,VET,13,0,3,3,4,0,59,27.8,19.6,0.0,3.6,45.2,1019.1,84.0,M,15,Shanghai,Ferrari
13,23,VET,14,0,3,3,4,0,58,27.5,19.7,0.0,3.6,44.6,1019.1,101.0,M,16,Shanghai,Ferrari
14,23,VET,15,0,3,3,4,0,59,27.5,19.6,0.0,3.2,44.1,1019.2,90.0,M,17,Shanghai,Ferrari
15,23,VET,16,0,3,3,4,0,59,27.6,19.7,0.0,4.1,43.2,1019.2,96.0,M,18,Shanghai,Ferrari
16,23,VET,17,0,3,3,4,0,59,27.6,19.6,0.0,3.2,43.3,1019.2,85.0,M,19,Shanghai,Ferrari
17,23,VET,18,0,3,4,4,0,59,27.2,19.8,0.0,3.3,43.0,1019.2,90.0,M,20,Shanghai,Ferrari
18,23,VET,19,0,4,5,4,0,59,27.2,19.6,0.0,4.3,43.5,1019.2,106.0,H,0,Shanghai,Ferrari
19,23,VET,20,0,5,4,4,0,58,27.2,19.5,0.0,4.8,43.3,1019.2,102.0,H,1,Shanghai,Ferrari
20,23,VET,21,0,4,4,4,0,58,27.0,19.3,0.0,3.6,43.7,1019.2,95.0,H,2,Shanghai,Ferrari
21,23,VET,22,0,4,4,4,0,57,27.0,19.4,0.0,3.8,44.4,1019.2,92.0,H,3,Shanghai,Ferrari
22,23,VET,23,0,4,3,4,0,57,27.0,19.5,0.0,3.7,44.5,1019.2,82.0,H,4,Shanghai,Ferrari
23,23,VET,24,0,3,3,4,0,57,27.0,19.4,0.0,4.0,44.9,1019.2,90.0,H,5,Shanghai,Ferrari
24,23,VET,25,0,3,3,4,0,57,26.8,19.5,0.0,4.3,45.0,1019.1,90.0,H,6,Shanghai,Ferrari
25,23,VET,26,0,3,3,4,0,57,26.8,19.4,0.0,3.7,45.2,1019.1,86.0,H,7,Shanghai,Ferrari
26,23,VET,27,0,3,3,4,0,57,26.4,19.4,0.0,3.0,45.9,1019.2,87.0,H,8,Shanghai,Ferrari
27,23,VET,28,0,3,3,4,0,56,26.7,19.4,0.0,2.7,45.6,1019.2,85.0,H,9,Shanghai,Ferrari
28,23,VET,29,0,3,3,4,0,56,26.5,19.4,0.0,2.7,45.9,1019.2,74.0,H,10,Shanghai,Ferrari
29,23,VET,30,0,3,3,4,0,55,26.5,19.5,0.0,2.8,45.7,1019.3,87.0,H,11,Shanghai,Ferrari
30,23,VET,31,0,3,3,4,0,55,26.4,19.5,0.0,3.7,45.3,1019.2,89.0,H,12,Shanghai,Ferrari
31,23,VET,32,0,3,3,4,0,55,26.1,19.3,0.0,3.0,46.6,1019.3,72.0,H,13,Shanghai,Ferrari
32,23,VET,33,0,3,3,4,0,54,26.1,19.3,0.0,3.1,47.1,1019.3,76.0,H,14,Shanghai,Ferrari
33,23,VET,34,0,3,3,4,0,54,26.0,19.3,0.0,4.2,47.1,1019.4,91.0,H,15,Shanghai,Ferrari
34,23,VET,35,0,3,3,4,0,54,25.9,19.4,0.0,3.3,47.6,1019.2,79.0,H,16,Shanghai,Ferrari
35,23,VET,36,0,3,4,4,0,54,25.7,19.2,0.0,4.1,47.9,1019.3,85.0,M,0,Shanghai,Ferrari
36,23,VET,37,0,4,4,4,0,54,25.6,19.2,0.0,4.0,47.7,1019.2,87.0,M,1,Shanghai,Ferrari
37,23,VET,38,0,4,4,4,0,52,25.6,19.1,0.0,4.0,47.8,1019.2,104.0,M,2,Shanghai,Ferrari
38,23,VET,39,0,4,4,4,0,52,25.6,19.2,0.0,2.9,46.9,1019.2,104.0,M,3,Shanghai,Ferrari
39,23,VET,40,0,4,4,4,0,53,25.5,19.0,0.0,3.4,46.7,1019.3,107.0,M,4,Shanghai,Ferrari
40,23,VET,41,0,4,4,4,0,53,25.5,18.9,0.0,3.6,47.6,1019.3,77.0,M,5,Shanghai,Ferrari
41,23,VET,42,0,4,3,4,0,53,25.5,19.1,0.0,3.0,48.3,1019.3,87.0,M,6,Shanghai,Ferrari
42,23,VET,43,0,3,3,4,0,54,25.7,19.2,0.0,2.9,48.2,1019.3,85.0,M,7,Shanghai,Ferrari
43,23,VET,44,0,3,3,4,0,54,25.7,19.1,0.0,3.8,48.2,1019.3,88.0,M,8,Shanghai,Ferrari
44,23,VET,45,0,3,3,4,0,54,25.6,19.0,0.0,3.3,47.5,1019.4,84.0,M,9,Shanghai,Ferrari
45,23,VET,46,0,3,3,4,0,54,25.6,18.9,0.0,3.1,47.5,1019.4,82.0,M,10,Shanghai,Ferrari
46,23,VET,47,0,3,3,4,0,54,25.7,19.1,0.0,4.0,47.8,1019.3,86.0,M,11,Shanghai,Ferrari
47,23,VET,48,0,3,3,4,0,54,25.7,19.0,0.0,3.4,48.3,1019.3,91.0,M,12,Shanghai,Ferrari
48,23,VET,49,0,3,3,4,0,53,25.7,19.0,0.0,3.4,48.3,1019.4,85.0,M,13,Shanghai,Ferrari
49,23,VET,50,0,3,3,4,0,53,25.7,19.1,0.0,4.1,48.5,1019.3,97.0,M,14,Shanghai,Ferrari
50,23,VET,51,0,3,3,4,0,53,25.8,18.9,0.0,3.3,49.1,1019.4,99.0,M,15,Shanghai,Ferrari
51,23,VET,52,0,3,3,4,0,53,25.8,19.2,0.0,3.4,48.8,1019.3,95.0,M,16,Shanghai,Ferrari
52,23,VET,53,0,3,3,4,0,53,25.4,19.2,0.0,4.4,48.3,1019.4,85.0,M,17,Shanghai,Ferrari
53,23,VET,54,0,3,3,4,0,53,25.3,18.9,0.0,3.1,49.7,1019.3,90.0,M,18,Shanghai,Ferrari
54,23,VET,55,0,3,3,4,0,53,25.2,19.0,0.0,2.7,49.8,1019.3,87.0,M,19,Shanghai,Ferrari
55,23,VET,56,0,3,3,4,0,53,25.3,19.0,0.0,3.3,50.4,1019.3,106.0,M,20,Shanghai,Ferrari
0,23,LEC,1,2,3,3,3,0,54,28.8,19.6,0.0,3.0,44.7,1019.2,130.0,M,3,Shanghai,Ferrari
1,23,LEC,2,2,3,3,3,0,60,28.5,19.7,0.0,4.1,43.3,1019.1,92.0,M,4,Shanghai,Ferrari
2,23,LEC,3,0,3,3,3,0,58,28.3,19.6,0.0,3.9,43.9,1019.1,88.0,M,5,Shanghai,Ferrari
3,23,LEC,4,0,3,3,3,0,58,28.1,19.5,0.0,3.7,43.9,1019.1,86.0,M,6,Shanghai,Ferrari
4,23,LEC,5,0,3,3,3,0,59,28.1,19.6,0.0,4.6,43.4,1019.1,77.0,M,7,Shanghai,Ferrari
5,23,LEC,6,0,3,3,3,0,59,28.1,19.6,0.0,2.7,44.0,1019.2,97.0,M,8,Shanghai,Ferrari
6,23,LEC,7,0,3,3,3,0,60,28.0,19.7,0.0,3.5,44.8,1019.2,84.0,M,9,Shanghai,Ferrari
7,23,LEC,8,0,3,3,3,0,58,27.5,19.7,0.0,3.6,44.6,1019.1,101.0,M,10,Shanghai,Ferrari
8,23,LEC,9,0,3,3,3,0,57,27.5,19.6,0.0,3.2,44.1,1019.2,90.0,M,11,Shanghai,Ferrari
9,23,LEC,10,0,3,3,3,0,57,27.6,19.7,0.0,4.1,43.2,1019.2,96.0,M,12,Shanghai,Ferrari
10,23,LEC,11,0,3,4,3,0,56,27.6,19.6,0.0,3.2,43.3,1019.2,85.0,M,13,Shanghai,Ferrari
11,23,LEC,12,0,4,4,3,0,55,27.2,19.8,0.0,3.3,43.0,1019.2,90.0,M,14,Shanghai,Ferrari
12,23,LEC,13,0,4,4,3,0,54,27.2,19.6,0.0,3.8,43.3,1019.2,104.0,M,15,Shanghai,Ferrari
13,23,LEC,14,0,4,4,3,0,52,27.2,19.6,0.0,4.3,43.5,1019.2,106.0,M,16,Shanghai,Ferrari
14,23,LEC,15,0,4,4,3,0,52,27.2,19.5,0.0,4.8,43.3,1019.2,102.0,M,17,Shanghai,Ferrari
15,23,LEC,16,0,4,4,3,0,52,27.0,19.3,0.0,3.6,43.7,1019.2,95.0,M,18,Shanghai,Ferrari
16,23,LEC,17,0,4,4,3,0,52,27.0,19.3,0.0,3.2,44.2,1019.2,94.0,M,19,Shanghai,Ferrari
17,23,LEC,18,0,4,3,3,0,52,27.0,19.4,0.0,3.8,44.4,1019.2,92.0,M,20,Shanghai,Ferrari
18,23,LEC,19,0,3,3,3,0,52,26.8,19.4,0.0,3.7,45.2,1019.1,86.0,M,21,Shanghai,Ferrari
19,23,LEC,20,0,3,3,3,0,52,26.6,19.4,0.0,3.9,45.5,1019.1,109.0,M,22,Shanghai,Ferrari
20,23,LEC,21,0,3,3,3,0,52,26.4,19.4,0.0,3.0,45.9,1019.2,87.0,M,23,Shanghai,Ferrari
21,23,LEC,22,0,3,2,3,0,52,26.7,19.3,0.0,2.7,46.2,1019.2,91.0,M,24,Shanghai,Ferrari
22,23,LEC,23,0,2,5,3,0,52,26.7,19.3,0.0,3.5,46.5,1019.3,82.0,H,0,Shanghai,Ferrari
23,23,LEC,24,0,5,5,3,0,52,26.7,19.4,0.0,2.7,45.6,1019.2,85.0,H,1,Shanghai,Ferrari
24,23,LEC,25,0,5,5,3,0,52,26.5,19.5,0.0,2.8,45.7,1019.3,87.0,H,2,Shanghai,Ferrari
25,23,LEC,26,0,5,5,3,0,53,26.4,19.7,0.0,3.7,45.5,1019.2,86.0,H,3,Shanghai,Ferrari
26,23,LEC,27,0,5,5,3,0,54,26.4,19.5,0.0,3.7,45.3,1019.2,89.0,H,4,Shanghai,Ferrari
27,23,LEC,28,0,5,5,3,0,54,26.2,19.4,0.0,4.3,45.3,1019.3,86.0,H,5,Shanghai,Ferrari
28,23,LEC,29,0,5,5,3,0,54,26.1,19.3,0.0,3.1,47.1,1019.3,76.0,H,6,Shanghai,Ferrari
29,23,LEC,30,0,5,5,3,0,55,26.0,19.3,0.0,4.2,47.1,1019.4,91.0,H,7,Shanghai,Ferrari
30,23,LEC,31,0,5,5,3,0,55,25.9,19.4,0.0,3.3,47.6,1019.2,79.0,H,8,Shanghai,Ferrari
31,23,LEC,32,0,5,5,3,0,55,26.0,19.4,0.0,4.4,47.3,1019.2,90.0,H,9,Shanghai,Ferrari
32,23,LEC,33,0,5,5,3,0,55,25.7,19.2,0.0,4.1,47.9,1019.3,85.0,H,10,Shanghai,Ferrari
33,23,LEC,34,0,5,4,3,0,55,25.6,19.2,0.0,4.0,47.7,1019.2,87.0,H,11,Shanghai,Ferrari
34,23,LEC,35,0,4,4,3,0,55,25.6,18.9,0.0,3.8,48.0,1019.2,74.0,H,12,Shanghai,Ferrari
35,23,LEC,36,0,4,3,3,0,55,25.6,19.1,0.0,3.3,46.3,1019.1,75.0,H,13,Shanghai,Ferrari
36,23,LEC,37,0,3,2,3,0,55,25.5,19.0,0.0,3.4,46.7,1019.3,107.0,H,14,Shanghai,Ferrari
37,23,LEC,38,0,2,2,3,0,55,25.5,18.9,0.0,3.6,47.6,1019.3,77.0,H,15,Shanghai,Ferrari
38,23,LEC,39,0,2,3,3,0,56,25.5,19.1,0.0,3.0,48.3,1019.3,87.0,H,16,Shanghai,Ferrari
39,23,LEC,40,0,3,3,3,0,55,25.9,19.0,0.0,4.0,48.3,1019.3,90.0,H,17,Shanghai,Ferrari
40,23,LEC,41,0,3,3,3,0,55,25.7,19.2,0.0,2.9,48.2,1019.3,85.0,H,18,Shanghai,Ferrari
41,23,LEC,42,0,3,4,3,0,55,25.7,19.3,0.0,4.2,47.3,1019.3,89.0,H,19,Shanghai,Ferrari
42,23,LEC,43,0,4,5,3,0,56,25.6,19.2,0.0,4.4,47.6,1019.4,91.0,M,0,Shanghai,Ferrari
43,23,LEC,44,0,5,5,3,0,56,25.6,18.9,0.0,3.1,47.5,1019.4,82.0,M,1,Shanghai,Ferrari
44,23,LEC,45,0,5,5,3,0,56,25.6,19.0,0.0,3.8,47.6,1019.4,96.0,M,2,Shanghai,Ferrari
45,23,LEC,46,0,5,5,3,0,56,25.6,19.1,0.0,3.0,47.6,1019.4,86.0,M,3,Shanghai,Ferrari
46,23,LEC,47,0,5,5,3,0,57,25.7,19.1,0.0,4.0,47.8,1019.3,86.0,M,4,Shanghai,Ferrari
47,23,LEC,48,0,5,5,3,0,57,25.7,19.0,0.0,3.4,48.3,1019.3,91.0,M,5,Shanghai,Ferrari
48,23,LEC,49,0,5,5,3,0,57,25.7,19.1,0.0,4.1,48.5,1019.3,97.0,M,6,Shanghai,Ferrari
49,23,LEC,50,0,5,5,3,0,57,25.8,18.9,0.0,3.3,49.1,1019.4,99.0,M,7,Shanghai,Ferrari
50,23,LEC,51,0,5,5,3,0,57,25.8,19.1,0.0,3.3,49.0,1019.3,76.0,M,8,Shanghai,Ferrari
51,23,LEC,52,0,5,5,3,0,57,25.4,19.1,0.0,3.7,48.6,1019.3,80.0,M,9,Shanghai,Ferrari
52,23,LEC,53,0,5,5,3,0,58,25.3,19.1,0.0,4.0,48.8,1019.3,81.0,M,10,Shanghai,Ferrari
53,23,LEC,54,0,5,5,3,0,58,25.3,18.9,0.0,3.1,49.7,1019.3,90.0,M,11,Shanghai,Ferrari
54,23,LEC,55,0,5,5,3,0,58,25.2,19.0,0.0,2.7,49.8,1019.3,87.0,M,12,Shanghai,Ferrari
55,23,LEC,56,0,5,5,3,0,59,25.3,19.0,0.0,3.3,50.4,1019.3,106.0,M,13,Shanghai,Ferrari
0,23,VER,1,2,5,5,5,0,55,29.0,19.5,0.0,3.8,44.5,1019.2,111.0,M,3,Shanghai,Red Bull Racing
1,23,VER,2,2,5,5,5,0,65,28.8,19.4,0.0,2.7,45.4,1019.1,113.0,M,4,Shanghai,Red Bull Racing
2,23,VER,3,0,5,5,5,0,61,28.9,19.4,0.0,2.6,45.1,1019.1,79.0,M,5,Shanghai,Red Bull Racing
3,23,VER,4,0,5,5,5,0,59,28.9,19.7,0.0,4.0,45.1,1019.1,87.0,M,6,Shanghai,Red Bull Racing
4,23,VER,5,0,5,5,5,0,58,28.9,19.8,0.0,3.2,43.4,1019.1,84.0,M,7,Shanghai,Red Bull Racing
5,23,VER,6,0,5,5,5,0,57,28.5,19.7,0.0,4.1,43.3,1019.1,92.0,M,8,Shanghai,Red Bull Racing
6,23,VER,7,0,5,5,5,0,57,28.3,19.6,0.0,3.3,43.8,1019.1,89.0,M,9,Shanghai,Red Bull Racing
7,23,VER,8,0,5,5,5,0,55,28.2,19.4,0.0,4.0,44.0,1019.1,91.0,M,10,Shanghai,Red Bull Racing
8,23,VER,9,0,5,5,5,0,51,28.1,19.5,0.0,3.4,43.5,1019.1,68.0,M,11,Shanghai,Red Bull Racing
9,23,VER,10,0,5,5,5,0,47,28.1,19.6,0.0,4.6,43.4,1019.1,77.0,M,12,Shanghai,Red Bull Racing
10,23,VER,11,0,5,5,5,0,47,28.1,19.6,0.0,2.7,44.0,1019.2,97.0,M,13,Shanghai,Red Bull Racing
11,23,VER,12,0,5,5,5,0,47,28.0,19.6,0.0,3.6,44.5,1019.2,99.0,M,14,Shanghai,Red Bull Racing
12,23,VER,13,0,5,5,5,0,47,28.0,19.7,0.0,3.5,44.8,1019.2,84.0,M,15,Shanghai,Red Bull Racing
13,23,VER,14,0,5,5,5,0,47,27.8,19.6,0.0,3.6,45.2,1019.1,84.0,M,16,Shanghai,Red Bull Racing
14,23,VER,15,0,5,5,5,0,47,27.8,19.6,0.0,3.3,45.3,1019.1,76.0,M,17,Shanghai,Red Bull Racing
15,23,VER,16,0,5,5,5,0,47,27.5,19.7,0.0,3.6,44.6,1019.1,101.0,M,18,Shanghai,Red Bull Racing
16,23,VER,17,0,5,5,5,0,47,27.6,19.7,0.0,4.1,43.2,1019.2,96.0,M,19,Shanghai,Red Bull Racing
17,23,VER,18,0,5,6,5,0,47,27.2,19.6,0.0,4.3,43.5,1019.2,106.0,H,0,Shanghai,Red Bull Racing
18,23,VER,19,0,6,6,5,0,47,27.0,19.3,0.0,3.2,44.2,1019.2,94.0,H,1,Shanghai,Red Bull Racing
19,23,VER,20,0,6,5,5,0,47,27.0,19.5,0.0,3.7,44.5,1019.2,82.0,H,2,Shanghai,Red Bull Racing
20,23,VER,21,0,5,5,5,0,47,27.0,19.4,0.0,4.0,44.9,1019.2,90.0,H,3,Shanghai,Red Bull Racing
21,23,VER,22,0,5,5,5,0,47,26.8,19.4,0.0,3.7,45.2,1019.1,86.0,H,4,Shanghai,Red Bull Racing
22,23,VER,23,0,5,4,5,0,47,26.4,19.4,0.0,3.0,45.9,1019.2,87.0,H,5,Shanghai,Red Bull Racing
23,23,VER,24,0,4,4,5,0,47,26.7,19.3,0.0,3.5,46.5,1019.3,82.0,H,6,Shanghai,Red Bull Racing
24,23,VER,25,0,4,4,5,0,47,26.7,19.4,0.0,3.2,46.3,1019.1,98.0,H,7,Shanghai,Red Bull Racing
25,23,VER,26,0,4,4,5,0,47,26.7,19.4,0.0,2.7,45.6,1019.2,85.0,H,8,Shanghai,Red Bull Racing
26,23,VER,27,0,4,4,5,0,47,26.4,19.7,0.0,3.7,45.5,1019.2,86.0,H,9,Shanghai,Red Bull Racing
27,23,VER,28,0,4,4,5,0,47,26.2,19.3,0.0,4.1,46.0,1019.3,101.0,H,10,Shanghai,Red Bull Racing
28,23,VER,29,0,4,4,5,0,47,26.1,19.3,0.0,3.0,46.6,1019.3,72.0,H,11,Shanghai,Red Bull Racing
29,23,VER,30,0,4,4,5,0,47,26.0,19.3,0.0,4.2,47.1,1019.4,91.0,H,12,Shanghai,Red Bull Racing
30,23,VER,31,0,4,4,5,0,47,25.7,19.2,0.0,4.1,47.9,1019.3,85.0,H,13,Shanghai,Red Bull Racing
31,23,VER,32,0,4,4,5,0,47,25.6,19.2,0.0,4.0,47.7,1019.2,87.0,H,14,Shanghai,Red Bull Racing
32,23,VER,33,0,4,4,5,0,47,25.6,18.9,0.0,3.8,48.0,1019.2,74.0,H,15,Shanghai,Red Bull Racing
33,23,VER,34,0,4,5,5,0,48,25.6,19.1,0.0,2.8,47.7,1019.2,79.0,H,16,Shanghai,Red Bull Racing
34,23,VER,35,0,5,5,5,0,47,25.5,19.0,0.0,3.4,46.7,1019.3,107.0,M,0,Shanghai,Red Bull Racing
35,23,VER,36,0,5,5,5,0,47,25.5,18.9,0.0,3.6,47.6,1019.3,77.0,M,1,Shanghai,Red Bull Racing
36,23,VER,37,0,5,5,5,0,47,25.5,19.1,0.0,3.0,48.3,1019.3,87.0,M,2,Shanghai,Red Bull Racing
37,23,VER,38,0,5,5,5,0,47,25.5,19.0,0.0,3.6,49.1,1019.3,87.0,M,3,Shanghai,Red Bull Racing
38,23,VER,39,0,5,5,5,0,47,25.9,19.0,0.0,4.0,48.3,1019.3,90.0,M,4,Shanghai,Red Bull Racing
39,23,VER,40,0,5,5,5,0,45,25.7,19.1,0.0,3.8,48.2,1019.3,88.0,M,5,Shanghai,Red Bull Racing
40,23,VER,41,0,5,5,5,0,46,25.7,19.3,0.0,4.2,47.3,1019.3,89.0,M,6,Shanghai,Red Bull Racing
41,23,VER,42,0,5,5,5,0,46,25.6,19.0,0.0,3.3,47.5,1019.4,84.0,M,7,Shanghai,Red Bull Racing
42,23,VER,43,0,5,4,5,0,47,25.6,18.9,0.0,3.1,47.5,1019.4,82.0,M,8,Shanghai,Red Bull Racing
43,23,VER,44,0,4,4,5,0,47,25.6,19.1,0.0,3.0,47.6,1019.4,86.0,M,9,Shanghai,Red Bull Racing
44,23,VER,45,0,4,4,5,0,48,25.7,19.0,0.0,3.4,48.3,1019.3,91.0,M,10,Shanghai,Red Bull Racing
45,23,VER,46,0,4,4,5,0,48,25.7,19.0,0.0,3.4,48.3,1019.4,85.0,M,11,Shanghai,Red Bull Racing
46,23,VER,47,0,4,4,5,0,48,25.8,18.9,0.0,3.3,49.1,1019.4,99.0,M,12,Shanghai,Red Bull Racing
47,23,VER,48,0,4,4,5,0,48,25.8,19.1,0.0,3.3,49.0,1019.3,76.0,M,13,Shanghai,Red Bull Racing
48,23,VER,49,0,4,4,5,0,48,25.8,19.2,0.0,3.4,48.8,1019.3,95.0,M,14,Shanghai,Red Bull Racing
49,23,VER,50,0,4,4,5,0,48,25.4,19.2,0.0,4.4,48.3,1019.4,85.0,M,15,Shanghai,Red Bull Racing
50,23,VER,51,0,4,4,5,0,49,25.3,18.9,0.0,3.1,49.7,1019.3,90.0,M,16,Shanghai,Red Bull Racing
51,23,VER,52,0,4,4,5,0,49,25.2,19.0,0.0,2.7,49.8,1019.3,87.0,M,17,Shanghai,Red Bull Racing
52,23,VER,53,0,4,4,5,0,49,25.2,19.0,0.0,3.1,50.1,1019.2,86.0,M,18,Shanghai,Red Bull Racing
53,23,VER,54,0,4,4,5,0,49,25.3,19.0,0.0,3.3,50.4,1019.3,106.0,M,19,Shanghai,Red Bull Racing
54,23,VER,55,0,4,4,5,0,50,25.3,19.0,0.0,3.3,50.4,1019.3,106.0,M,20,Shanghai,Red Bull Racing
55,23,VER,56,0,4,4,5,0,50,25.1,19.0,0.0,3.0,51.1,1019.3,76.0,M,21,Shanghai,Red Bull Racing
0,23,GAS,1,2,6,6,6,0,55,29.0,19.5,0.0,3.8,44.5,1019.2,111.0,S,3,Shanghai,Red Bull Racing
1,23,GAS,2,2,6,6,6,0,58,28.8,19.6,0.0,3.0,44.7,1019.2,130.0,S,4,Shanghai,Red Bull Racing
2,23,GAS,3,0,6,6,6,0,59,28.9,19.4,0.0,2.6,45.1,1019.1,79.0,S,5,Shanghai,Red Bull Racing
3,23,GAS,4,0,6,6,6,0,60,28.5,19.7,0.0,4.1,43.3,1019.1,92.0,S,6,Shanghai,Red Bull Racing
4,23,GAS,5,0,6,6,6,0,60,28.3,19.6,0.0,3.3,43.8,1019.1,89.0,S,7,Shanghai,Red Bull Racing
5,23,GAS,6,0,6,6,6,0,59,28.3,19.6,0.0,3.9,43.9,1019.1,88.0,S,8,Shanghai,Red Bull Racing
6,23,GAS,7,0,6,6,6,0,58,28.1,19.5,0.0,3.4,43.5,1019.1,68.0,S,9,Shanghai,Red Bull Racing
7,23,GAS,8,0,6,6,6,0,57,27.9,19.5,0.0,3.2,44.7,1019.2,108.0,S,10,Shanghai,Red Bull Racing
8,23,GAS,9,0,6,6,6,0,57,27.9,19.6,0.0,4.0,45.0,1019.2,61.0,S,11,Shanghai,Red Bull Racing
9,23,GAS,10,0,6,6,6,0,57,27.9,19.6,0.0,3.6,45.1,1019.2,90.0,S,12,Shanghai,Red Bull Racing
10,23,GAS,11,0,6,6,6,0,57,28.0,19.7,0.0,3.5,44.8,1019.2,84.0,S,13,Shanghai,Red Bull Racing
11,23,GAS,12,0,6,6,6,0,57,27.8,19.6,0.0,3.3,45.3,1019.1,76.0,S,14,Shanghai,Red Bull Racing
12,23,GAS,13,0,6,6,6,0,56,27.5,19.7,0.0,3.6,44.6,1019.1,101.0,S,15,Shanghai,Red Bull Racing
13,23,GAS,14,0,6,6,6,0,55,27.5,19.6,0.0,3.2,44.1,1019.2,90.0,S,16,Shanghai,Red Bull Racing
14,23,GAS,15,0,6,6,6,0,54,27.6,19.6,0.0,3.2,43.3,1019.2,85.0,S,17,Shanghai,Red Bull Racing
15,23,GAS,16,0,6,6,6,0,54,27.2,19.8,0.0,3.3,43.0,1019.2,90.0,S,18,Shanghai,Red Bull Racing
16,23,GAS,17,0,6,6,6,0,54,27.2,19.6,0.0,3.8,43.3,1019.2,104.0,S,19,Shanghai,Red Bull Racing
17,23,GAS,18,0,6,5,6,0,55,27.2,19.6,0.0,4.3,43.5,1019.2,106.0,S,20,Shanghai,Red Bull Racing
18,23,GAS,19,0,5,4,6,0,56,27.2,19.5,0.0,4.8,43.3,1019.2,102.0,S,21,Shanghai,Red Bull Racing
19,23,GAS,20,0,4,8,6,0,56,27.0,19.3,0.0,3.6,43.7,1019.2,95.0,H,0,Shanghai,Red Bull Racing
20,23,GAS,21,0,8,7,6,0,56,27.0,19.5,0.0,3.7,44.5,1019.2,82.0,H,1,Shanghai,Red Bull Racing
21,23,GAS,22,0,7,7,6,0,56,26.6,19.4,0.0,3.9,45.5,1019.1,109.0,H,2,Shanghai,Red Bull Racing
22,23,GAS,23,0,7,6,6,0,55,26.4,19.4,0.0,3.0,45.9,1019.2,87.0,H,3,Shanghai,Red Bull Racing
23,23,GAS,24,0,6,6,6,0,55,26.4,19.3,0.0,3.2,46.2,1019.1,103.0,H,4,Shanghai,Red Bull Racing
24,23,GAS,25,0,6,6,6,0,56,26.7,19.3,0.0,2.7,46.2,1019.2,91.0,H,5,Shanghai,Red Bull Racing
25,23,GAS,26,0,6,6,6,0,57,26.7,19.4,0.0,2.7,45.6,1019.2,85.0,H,6,Shanghai,Red Bull Racing
26,23,GAS,27,0,6,6,6,0,57,26.5,19.4,0.0,2.7,45.9,1019.2,74.0,H,7,Shanghai,Red Bull Racing
27,23,GAS,28,0,6,6,6,0,57,26.5,19.5,0.0,2.8,45.7,1019.3,87.0,H,8,Shanghai,Red Bull Racing
28,23,GAS,29,0,6,6,6,0,58,26.4,19.7,0.0,3.7,45.5,1019.2,86.0,H,9,Shanghai,Red Bull Racing
29,23,GAS,30,0,6,6,6,0,58,26.4,19.5,0.0,3.7,45.3,1019.2,89.0,H,10,Shanghai,Red Bull Racing
30,23,GAS,31,0,6,6,6,0,58,26.2,19.4,0.0,4.3,45.3,1019.3,86.0,H,11,Shanghai,Red Bull Racing
31,23,GAS,32,0,6,6,6,0,58,26.2,19.3,0.0,4.1,46.0,1019.3,101.0,H,12,Shanghai,Red Bull Racing
32,23,GAS,33,0,6,6,6,0,58,26.1,19.3,0.0,3.0,46.6,1019.3,72.0,H,13,Shanghai,Red Bull Racing
33,23,GAS,34,0,6,6,6,0,58,26.1,19.3,0.0,3.1,47.1,1019.3,76.0,H,14,Shanghai,Red Bull Racing
34,23,GAS,35,0,6,6,6,0,58,26.0,19.3,0.0,4.2,47.1,1019.4,91.0,H,15,Shanghai,Red Bull Racing
35,23,GAS,36,0,6,6,6,0,58,25.9,19.4,0.0,3.3,47.6,1019.2,79.0,H,16,Shanghai,Red Bull Racing
36,23,GAS,37,0,6,6,6,0,58,25.6,19.2,0.0,4.0,47.7,1019.2,87.0,H,17,Shanghai,Red Bull Racing
37,23,GAS,38,0,6,6,6,0,58,25.6,19.1,0.0,4.0,47.8,1019.2,104.0,H,18,Shanghai,Red Bull Racing
38,23,GAS,39,0,6,6,6,0,58,25.6,18.9,0.0,3.8,48.0,1019.2,74.0,H,19,Shanghai,Red Bull Racing
39,23,GAS,40,0,6,6,6,0,58,25.6,19.1,0.0,2.8,47.7,1019.2,79.0,M,0,Shanghai,Red Bull Racing
40,23,GAS,41,0,6,6,6,0,58,25.5,18.9,0.0,3.6,47.6,1019.3,77.0,M,1,Shanghai,Red Bull Racing
41,23,GAS,42,0,6,6,6,0,59,25.5,19.1,0.0,3.0,48.3,1019.3,87.0,M,2,Shanghai,Red Bull Racing
42,23,GAS,43,0,6,6,6,0,59,25.7,19.1,0.0,3.8,48.2,1019.3,88.0,M,3,Shanghai,Red Bull Racing
43,23,GAS,44,0,6,6,6,0,60,25.6,18.9,0.0,3.1,47.5,1019.4,82.0,M,4,Shanghai,Red Bull Racing
44,23,GAS,45,0,6,6,6,0,60,25.6,19.0,0.0,3.8,47.6,1019.4,96.0,M,5,Shanghai,Red Bull Racing
45,23,GAS,46,0,6,6,6,0,60,25.6,19.1,0.0,3.0,47.6,1019.4,86.0,M,6,Shanghai,Red Bull Racing
46,23,GAS,47,0,6,6,6,0,60,25.7,19.0,0.0,3.4,48.3,1019.3,91.0,M,7,Shanghai,Red Bull Racing
47,23,GAS,48,0,6,6,6,0,60,25.7,19.1,0.0,4.1,48.5,1019.3,97.0,M,8,Shanghai,Red Bull Racing
48,23,GAS,49,0,6,6,6,0,60,25.8,19.1,0.0,3.3,49.0,1019.3,76.0,M,9,Shanghai,Red Bull Racing
49,23,GAS,50,0,6,6,6,0,60,25.8,19.2,0.0,3.4,48.8,1019.3,95.0,M,10,Shanghai,Red Bull Racing
50,23,GAS,51,0,6,6,6,0,60,25.4,19.2,0.0,4.4,48.3,1019.4,85.0,M,11,Shanghai,Red Bull Racing
51,23,GAS,52,0,6,6,6,0,60,25.4,19.1,0.0,3.7,48.6,1019.3,80.0,M,12,Shanghai,Red Bull Racing
52,23,GAS,53,0,6,6,6,0,60,25.3,18.9,0.0,3.1,49.7,1019.3,90.0,M,13,Shanghai,Red Bull Racing
53,23,GAS,54,0,6,6,6,0,60,25.2,19.0,0.0,2.7,49.8,1019.3,87.0,S,2,Shanghai,Red Bull Racing
54,23,GAS,55,0,6,6,6,0,61,25.2,19.0,0.0,3.1,50.1,1019.2,86.0,S,3,Shanghai,Red Bull Racing
55,23,GAS,56,0,6,6,6,0,61,25.3,19.0,0.0,3.3,50.4,1019.3,106.0,S,4,Shanghai,Red Bull Racing
0,23,RIC,1,2,7,7,7,0,67,28.8,19.6,0.0,3.0,44.7,1019.2,130.0,S,3,Shanghai,Renault
1,23,RIC,2,2,7,7,7,0,71,28.8,19.4,0.0,2.7,45.4,1019.1,113.0,S,4,Shanghai,Renault
2,23,RIC,3,0,7,7,7,0,68,28.9,19.7,0.0,4.0,45.1,1019.1,87.0,S,5,Shanghai,Renault
3,23,RIC,4,0,7,7,7,0,66,28.9,19.8,0.0,3.2,43.4,1019.1,84.0,S,6,Shanghai,Renault
4,23,RIC,5,0,7,7,7,0,66,28.5,19.7,0.0,4.1,43.3,1019.1,92.0,S,7,Shanghai,Renault
5,23,RIC,6,0,7,7,7,0,66,28.2,19.4,0.0,4.0,44.0,1019.1,91.0,S,8,Shanghai,Renault
6,23,RIC,7,0,7,7,7,0,67,28.1,19.5,0.0,3.7,43.9,1019.1,86.0,S,9,Shanghai,Renault
7,23,RIC,8,0,7,7,7,0,67,28.0,19.6,0.0,3.6,44.5,1019.2,99.0,S,10,Shanghai,Renault
8,23,RIC,9,0,7,7,7,0,67,27.9,19.6,0.0,3.6,45.1,1019.2,90.0,S,11,Shanghai,Renault
9,23,RIC,10,0,7,7,7,0,66,27.8,19.6,0.0,3.6,45.2,1019.1,84.0,S,12,Shanghai,Renault
10,23,RIC,11,0,7,7,7,0,66,27.8,19.6,0.0,3.3,45.3,1019.1,76.0,S,13,Shanghai,Renault
11,23,RIC,12,0,7,7,7,0,65,27.5,19.7,0.0,3.6,44.6,1019.1,101.0,S,14,Shanghai,Renault
12,23,RIC,13,0,7,7,7,0,65,27.5,19.6,0.0,3.2,44.1,1019.2,90.0,S,15,Shanghai,Renault
13,23,RIC,14,0,7,7,7,0,63,27.6,19.6,0.0,3.2,43.3,1019.2,85.0,S,16,Shanghai,Renault
14,23,RIC,15,0,7,7,7,0,63,27.2,19.6,0.0,3.8,43.3,1019.2,104.0,S,17,Shanghai,Renault
15,23,RIC,16,0,7,7,7,0,63,27.2,19.6,0.0,4.3,43.5,1019.2,106.0,S,18,Shanghai,Renault
16,23,RIC,17,0,7,7,7,0,62,27.2,19.5,0.0,4.8,43.3,1019.2,102.0,S,19,Shanghai,Renault
17,23,RIC,18,0,7,8,7,0,63,27.0,19.3,0.0,3.6,43.7,1019.2,95.0,S,20,Shanghai,Renault
18,23,RIC,19,0,8,10,7,0,64,27.0,19.4,0.0,3.8,44.4,1019.2,92.0,H,0,Shanghai,Renault
19,23,RIC,20,0,10,9,7,0,63,27.0,19.5,0.0,3.7,44.5,1019.2,82.0,H,1,Shanghai,Renault
20,23,RIC,21,0,9,8,7,0,63,27.0,19.4,0.0,4.0,44.9,1019.2,90.0,H,2,Shanghai,Renault
21,23,RIC,22,0,8,8,7,0,63,26.6,19.4,0.0,3.9,45.5,1019.1,109.0,H,3,Shanghai,Renault
22,23,RIC,23,0,8,8,7,0,63,26.4,19.4,0.0,3.0,45.9,1019.2,87.0,H,4,Shanghai,Renault
23,23,RIC,24,0,8,8,7,0,63,26.4,19.3,0.0,3.2,46.2,1019.1,103.0,H,5,Shanghai,Renault
24,23,RIC,25,0,8,8,7,0,63,26.7,19.3,0.0,2.7,46.2,1019.2,91.0,H,6,Shanghai,Renault
25,23,RIC,26,0,8,7,7,0,63,26.7,19.3,0.0,3.5,46.5,1019.3,82.0,H,7,Shanghai,Renault
26,23,RIC,27,0,7,7,7,0,64,26.4,19.7,0.0,3.7,45.5,1019.2,86.0,H,8,Shanghai,Renault
27,23,RIC,28,0,7,7,7,0,64,26.4,19.5,0.0,3.7,45.3,1019.2,89.0,H,9,Shanghai,Renault
28,23,RIC,29,0,7,7,7,0,64,26.2,19.3,0.0,4.1,46.0,1019.3,101.0,H,10,Shanghai,Renault
29,23,RIC,30,0,7,7,7,0,64,25.9,19.4,0.0,3.3,47.6,1019.2,79.0,H,11,Shanghai,Renault
30,23,RIC,31,0,7,7,7,0,64,25.7,19.2,0.0,4.1,47.9,1019.3,85.0,H,12,Shanghai,Renault
31,23,RIC,32,0,7,7,7,0,64,25.6,19.2,0.0,4.0,47.7,1019.2,87.0,H,13,Shanghai,Renault
32,23,RIC,33,0,7,7,7,0,65,25.6,19.1,0.0,2.8,47.7,1019.2,79.0,H,14,Shanghai,Renault
33,23,RIC,34,0,7,7,7,0,65,25.6,19.2,0.0,2.9,46.9,1019.2,104.0,H,15,Shanghai,Renault
34,23,RIC,35,0,7,7,7,0,65,25.6,19.1,0.0,3.3,46.3,1019.1,75.0,H,16,Shanghai,Renault
35,23,RIC,36,0,7,7,7,0,65,25.5,18.9,0.0,3.6,47.6,1019.3,77.0,H,17,Shanghai,Renault
36,23,RIC,37,0,7,7,7,0,65,25.5,19.1,0.0,3.0,48.3,1019.3,87.0,H,18,Shanghai,Renault
37,23,RIC,38,0,7,7,7,0,65,25.5,19.0,0.0,3.6,49.1,1019.3,87.0,H,19,Shanghai,Renault
38,23,RIC,39,0,7,7,7,0,65,25.7,19.2,0.0,2.9,48.2,1019.3,85.0,H,20,Shanghai,Renault
39,23,RIC,40,0,7,7,7,0,66,25.8,19.2,0.0,2.8,48.4,1019.4,90.0,H,21,Shanghai,Renault
40,23,RIC,41,0,7,7,7,0,66,25.6,19.2,0.0,4.4,47.6,1019.4,91.0,H,22,Shanghai,Renault
41,23,RIC,42,0,7,7,7,0,66,25.6,19.0,0.0,3.3,47.5,1019.4,84.0,H,23,Shanghai,Renault
42,23,RIC,43,0,7,7,7,0,66,25.6,19.0,0.0,3.8,47.6,1019.4,96.0,H,24,Shanghai,Renault
43,23,RIC,44,0,7,7,7,0,66,25.7,19.1,0.0,4.0,47.8,1019.3,86.0,H,25,Shanghai,Renault
44,23,RIC,45,0,7,7,7,0,66,25.7,19.1,0.0,4.1,48.5,1019.3,97.0,H,26,Shanghai,Renault
45,23,RIC,46,0,7,7,7,0,66,25.8,19.0,0.0,3.6,48.6,1019.4,83.0,H,27,Shanghai,Renault
46,23,RIC,47,0,7,7,7,0,66,25.8,18.9,0.0,3.3,49.1,1019.4,99.0,H,28,Shanghai,Renault
47,23,RIC,48,0,7,7,7,0,66,25.8,19.1,0.0,3.3,49.0,1019.3,76.0,H,29,Shanghai,Renault
48,23,RIC,49,0,7,7,7,0,66,25.8,19.2,0.0,3.4,48.8,1019.3,95.0,H,30,Shanghai,Renault
49,23,RIC,50,0,7,7,7,0,66,25.4,19.1,0.0,3.7,48.6,1019.3,80.0,H,31,Shanghai,Renault
50,23,RIC,51,0,7,7,7,0,65,25.3,19.1,0.0,4.0,48.8,1019.3,81.0,H,32,Shanghai,Renault
51,23,RIC,52,0,7,7,7,0,65,25.3,18.9,0.0,3.1,49.7,1019.3,90.0,H,33,Shanghai,Renault
52,23,RIC,53,0,7,7,7,0,65,25.2,19.0,0.0,2.7,49.8,1019.3,87.0,H,34,Shanghai,Renault
53,23,RIC,54,0,7,7,7,0,65,25.3,19.0,0.0,3.3,50.4,1019.3,106.0,H,35,Shanghai,Renault
54,23,RIC,55,0,7,7,7,0,65,25.3,19.0,0.0,3.3,50.4,1019.3,106.0,H,36,Shanghai,Renault
0,23,HUL,1,2,9,9,9,0,61,28.8,19.4,0.0,2.7,45.4,1019.1,113.0,S,3,Shanghai,Renault
1,23,HUL,2,2,9,9,9,0,57,28.1,19.5,0.0,3.7,43.9,1019.1,86.0,S,4,Shanghai,Renault
2,23,HUL,3,0,9,9,9,0,56,28.0,19.6,0.0,3.6,44.5,1019.2,99.0,S,5,Shanghai,Renault
3,23,HUL,4,0,9,9,9,0,54,27.8,19.6,0.0,3.3,45.3,1019.1,76.0,S,6,Shanghai,Renault
4,23,HUL,5,0,9,9,9,0,54,27.5,19.7,0.0,3.6,44.6,1019.1,101.0,S,7,Shanghai,Renault
5,23,HUL,6,0,9,9,9,0,55,27.0,19.3,0.0,3.6,43.7,1019.2,95.0,S,8,Shanghai,Renault
6,23,HUL,7,0,9,9,9,0,56,27.0,19.4,0.0,3.8,44.4,1019.2,92.0,S,9,Shanghai,Renault
7,23,HUL,8,0,9,9,9,0,54,26.7,19.4,0.0,2.7,45.6,1019.2,85.0,S,10,Shanghai,Renault
8,23,HUL,9,0,9,9,9,0,55,26.4,19.7,0.0,3.7,45.5,1019.2,86.0,S,11,Shanghai,Renault
9,23,HUL,10,0,9,10,9,0,56,26.4,19.5,0.0,3.7,45.3,1019.2,89.0,S,12,Shanghai,Renault
10,23,HUL,11,0,10,10,9,0,55,26.1,19.3,0.0,3.1,47.1,1019.3,76.0,S,13,Shanghai,Renault
11,23,HUL,12,0,10,16,9,0,54,25.5,19.0,0.0,3.4,46.7,1019.3,107.0,H,0,Shanghai,Renault
12,23,HUL,13,0,16,15,9,0,53,25.5,19.0,0.0,3.6,49.1,1019.3,87.0,H,1,Shanghai,Renault
13,23,HUL,14,0,15,15,9,0,52,25.7,19.1,0.0,4.0,47.8,1019.3,86.0,H,2,Shanghai,Renault
14,23,HUL,15,0,15,15,9,0,52,25.3,19.1,0.0,4.0,48.8,1019.3,81.0,H,3,Shanghai,Renault
15,23,HUL,16,0,15,17,9,1,50,25.2,19.0,0.0,2.7,49.8,1019.3,87.0,H,4,Shanghai,Renault
0,23,MAG,1,2,11,11,11,0,39,28.8,19.4,0.0,2.7,45.4,1019.1,113.0,S,3,Shanghai,Haas F1 Team
1,23,MAG,2,2,11,11,11,0,39,28.9,19.7,0.0,4.0,45.1,1019.1,87.0,S,4,Shanghai,Haas F1 Team
2,23,MAG,3,0,11,12,11,0,39,28.9,19.8,0.0,3.2,43.4,1019.1,84.0,S,5,Shanghai,Haas F1 Team
3,23,MAG,4,0,12,12,11,0,37,28.1,19.5,0.0,3.4,43.5,1019.1,68.0,S,6,Shanghai,Haas F1 Team
4,23,MAG,5,0,12,12,11,0,37,28.1,19.5,0.0,3.7,43.9,1019.1,86.0,S,7,Shanghai,Haas F1 Team
5,23,MAG,6,0,12,12,11,0,36,28.1,19.6,0.0,4.6,43.4,1019.1,77.0,S,8,Shanghai,Haas F1 Team
6,23,MAG,7,0,12,12,11,0,36,27.9,19.5,0.0,3.2,44.7,1019.2,108.0,S,9,Shanghai,Haas F1 Team
7,23,MAG,8,0,12,11,11,0,32,27.9,19.6,0.0,3.6,45.1,1019.2,90.0,S,10,Shanghai,Haas F1 Team
8,23,MAG,9,0,11,13,11,0,33,28.0,19.7,0.0,3.5,44.8,1019.2,84.0,S,11,Shanghai,Haas F1 Team
9,23,MAG,10,0,13,17,11,0,30,27.8,19.5,0.0,3.9,45.7,1019.0,95.0,H,0,Shanghai,Haas F1 Team
10,23,MAG,11,0,17,17,11,0,31,27.5,19.7,0.0,3.6,44.6,1019.1,101.0,H,1,Shanghai,Haas F1 Team
11,23,MAG,12,0,17,17,11,0,32,27.5,19.6,0.0,3.2,44.1,1019.2,90.0,H,2,Shanghai,Haas F1 Team
12,23,MAG,13,0,17,16,11,0,32,27.2,19.8,0.0,3.3,43.0,1019.2,90.0,H,3,Shanghai,Haas F1 Team
13,23,MAG,14,0,16,16,11,0,32,27.2,19.6,0.0,3.8,43.3,1019.2,104.0,H,4,Shanghai,Haas F1 Team
14,23,MAG,15,0,16,16,11,0,33,27.2,19.5,0.0,4.8,43.3,1019.2,102.0,H,5,Shanghai,Haas F1 Team
15,23,MAG,16,0,16,15,11,0,32,27.0,19.3,0.0,3.2,44.2,1019.2,94.0,H,6,Shanghai,Haas F1 Team
16,23,MAG,17,0,15,14,11,0,32,27.0,19.4,0.0,3.8,44.4,1019.2,92.0,H,7,Shanghai,Haas F1 Team
17,23,MAG,18,0,14,14,11,0,32,27.0,19.5,0.0,3.7,44.5,1019.2,82.0,H,8,Shanghai,Haas F1 Team
18,23,MAG,19,0,14,14,11,0,32,27.0,19.4,0.0,4.0,44.9,1019.2,90.0,H,9,Shanghai,Haas F1 Team
19,23,MAG,20,0,14,13,11,0,32,26.4,19.4,0.0,3.0,45.9,1019.2,87.0,H,10,Shanghai,Haas F1 Team
20,23,MAG,21,0,13,12,11,0,32,26.4,19.3,0.0,3.2,46.2,1019.1,103.0,H,11,Shanghai,Haas F1 Team
21,23,MAG,22,0,12,12,11,0,32,26.7,19.3,0.0,3.5,46.5,1019.3,82.0,H,12,Shanghai,Haas F1 Team
22,23,MAG,23,0,12,12,11,0,31,26.7,19.4,0.0,3.2,46.3,1019.1,98.0,H,13,Shanghai,Haas F1 Team
23,23,MAG,24,0,12,12,11,0,31,26.4,19.7,0.0,3.7,45.5,1019.2,86.0,H,14,Shanghai,Haas F1 Team
24,23,MAG,25,0,12,11,11,0,31,26.2,19.4,0.0,4.3,45.3,1019.3,86.0,H,15,Shanghai,Haas F1 Team
25,23,MAG,26,0,11,11,11,0,31,26.2,19.3,0.0,4.1,46.0,1019.3,101.0,H,16,Shanghai,Haas F1 Team
26,23,MAG,27,0,11,11,11,0,31,26.1,19.3,0.0,3.0,46.6,1019.3,72.0,H,17,Shanghai,Haas F1 Team
27,23,MAG,28,0,11,11,11,0,31,26.1,19.3,0.0,3.1,47.1,1019.3,76.0,H,18,Shanghai,Haas F1 Team
28,23,MAG,29,0,11,11,11,0,31,26.0,19.3,0.0,4.2,47.1,1019.4,91.0,H,19,Shanghai,Haas F1 Team
29,23,MAG,30,0,11,12,11,0,31,26.0,19.4,0.0,4.4,47.3,1019.2,90.0,H,20,Shanghai,Haas F1 Team
30,23,MAG,31,0,12,13,11,0,31,25.7,19.2,0.0,4.1,47.9,1019.3,85.0,H,21,Shanghai,Haas F1 Team
31,23,MAG,32,0,13,13,11,0,31,25.6,18.9,0.0,3.8,48.0,1019.2,74.0,H,22,Shanghai,Haas F1 Team
32,23,MAG,33,0,13,13,11,0,31,25.6,19.2,0.0,2.9,46.9,1019.2,104.0,H,23,Shanghai,Haas F1 Team
33,23,MAG,34,0,13,14,11,0,31,25.6,19.1,0.0,3.3,46.3,1019.1,75.0,M,0,Shanghai,Haas F1 Team
34,23,MAG,35,0,14,14,11,0,31,25.5,19.0,0.0,3.4,46.7,1019.3,107.0,M,1,Shanghai,Haas F1 Team
35,23,MAG,36,0,14,13,11,0,32,25.5,19.1,0.0,3.0,48.3,1019.3,87.0,M,2,Shanghai,Haas F1 Team
36,23,MAG,37,0,13,13,11,0,32,25.5,19.0,0.0,3.6,49.1,1019.3,87.0,M,3,Shanghai,Haas F1 Team
37,23,MAG,38,0,13,13,11,0,32,25.9,19.0,0.0,4.0,48.3,1019.3,90.0,M,4,Shanghai,Haas F1 Team
38,23,MAG,39,0,13,13,11,0,32,25.7,19.2,0.0,2.9,48.2,1019.3,85.0,M,5,Shanghai,Haas F1 Team
39,23,MAG,40,0,13,13,11,0,33,25.8,19.2,0.0,2.8,48.4,1019.4,90.0,M,6,Shanghai,Haas F1 Team
40,23,MAG,41,0,13,13,11,0,33,25.6,19.0,0.0,3.3,47.5,1019.4,84.0,M,7,Shanghai,Haas F1 Team
41,23,MAG,42,0,13,13,11,0,33,25.6,19.0,0.0,3.8,47.6,1019.4,96.0,M,8,Shanghai,Haas F1 Team
42,23,MAG,43,0,13,13,11,0,33,25.6,19.1,0.0,3.0,47.6,1019.4,86.0,M,9,Shanghai,Haas F1 Team
43,23,MAG,44,0,13,13,11,0,33,25.7,19.0,0.0,3.4,48.3,1019.3,91.0,M,10,Shanghai,Haas F1 Team
44,23,MAG,45,0,13,12,11,0,33,25.7,19.0,0.0,3.4,48.3,1019.4,85.0,M,11,Shanghai,Haas F1 Team
45,23,MAG,46,0,12,12,11,0,34,25.8,19.0,0.0,3.6,48.6,1019.4,83.0,M,12,Shanghai,Haas F1 Team
46,23,MAG,47,0,12,12,11,0,34,25.8,18.9,0.0,3.3,49.1,1019.4,99.0,M,13,Shanghai,Haas F1 Team
47,23,MAG,48,0,12,12,11,0,34,25.8,19.1,0.0,3.3,49.0,1019.3,76.0,M,14,Shanghai,Haas F1 Team
48,23,MAG,49,0,12,12,11,0,34,25.8,19.2,0.0,3.4,48.8,1019.3,95.0,M,15,Shanghai,Haas F1 Team
49,23,MAG,50,0,12,12,11,0,34,25.4,19.2,0.0,4.4,48.3,1019.4,85.0,M,16,Shanghai,Haas F1 Team
50,23,MAG,51,0,12,12,11,0,35,25.4,19.1,0.0,3.7,48.6,1019.3,80.0,M,17,Shanghai,Haas F1 Team
51,23,MAG,52,0,12,12,11,0,35,25.3,19.1,0.0,4.0,48.8,1019.3,81.0,M,18,Shanghai,Haas F1 Team
52,23,MAG,53,0,12,12,11,0,36,25.2,19.0,0.0,2.7,49.8,1019.3,87.0,M,19,Shanghai,Haas F1 Team
53,23,MAG,54,0,12,12,11,0,36,25.3,19.0,0.0,3.3,50.4,1019.3,106.0,M,20,Shanghai,Haas F1 Team
54,23,MAG,55,0,12,13,11,0,37,25.2,19.0,0.0,3.2,51.1,1019.3,76.0,M,21,Shanghai,Haas F1 Team
0,23,GRO,1,2,10,10,10,0,40,29.0,19.5,0.0,3.8,44.5,1019.2,111.0,S,3,Shanghai,Haas F1 Team
1,23,GRO,2,2,10,10,10,0,39,28.8,19.4,0.0,2.7,45.4,1019.1,113.0,S,4,Shanghai,Haas F1 Team
2,23,GRO,3,0,10,10,10,0,39,28.9,19.4,0.0,2.6,45.1,1019.1,79.0,S,5,Shanghai,Haas F1 Team
3,23,GRO,4,0,10,11,10,0,39,28.9,19.7,0.0,4.0,45.1,1019.1,87.0,S,6,Shanghai,Haas F1 Team
4,23,GRO,5,0,11,11,10,0,40,28.9,19.8,0.0,3.2,43.4,1019.1,84.0,S,7,Shanghai,Haas F1 Team
5,23,GRO,6,0,11,11,10,0,41,28.3,19.6,0.0,3.3,43.8,1019.1,89.0,S,8,Shanghai,Haas F1 Team
6,23,GRO,7,0,11,11,10,0,40,28.3,19.6,0.0,3.9,43.9,1019.1,88.0,S,9,Shanghai,Haas F1 Team
7,23,GRO,8,0,11,13,10,0,40,28.1,19.5,0.0,3.4,43.5,1019.1,68.0,S,10,Shanghai,Haas F1 Team
8,23,GRO,9,0,13,17,10,0,40,28.1,19.6,0.0,4.6,43.4,1019.1,77.0,H,0,Shanghai,Haas F1 Team
9,23,GRO,10,0,17,16,10,0,40,28.0,19.6,0.0,3.6,44.5,1019.2,99.0,H,1,Shanghai,Haas F1 Team
10,23,GRO,11,0,16,16,10,0,40,27.9,19.6,0.0,4.0,45.0,1019.2,61.0,H,2,Shanghai,Haas F1 Team
11,23,GRO,12,0,16,15,10,0,41,27.9,19.6,0.0,3.6,45.1,1019.2,90.0,H,3,Shanghai,Haas F1 Team
12,23,GRO,13,0,15,14,10,0,40,27.8,19.6,0.0,3.6,45.2,1019.1,84.0,H,4,Shanghai,Haas F1 Team
13,23,GRO,14,0,14,14,10,0,39,27.8,19.6,0.0,3.3,45.3,1019.1,76.0,H,5,Shanghai,Haas F1 Team
14,23,GRO,15,0,14,14,10,0,39,27.5,19.7,0.0,3.6,44.6,1019.1,101.0,H,6,Shanghai,Haas F1 Team
15,23,GRO,16,0,14,14,10,0,39,27.5,19.6,0.0,3.2,44.1,1019.2,90.0,H,7,Shanghai,Haas F1 Team
16,23,GRO,17,0,14,13,10,0,39,27.2,19.6,0.0,4.3,43.5,1019.2,106.0,H,8,Shanghai,Haas F1 Team
17,23,GRO,18,0,13,13,10,0,39,27.2,19.5,0.0,4.8,43.3,1019.2,102.0,H,9,Shanghai,Haas F1 Team
18,23,GRO,19,0,13,13,10,0,39,27.0,19.3,0.0,3.6,43.7,1019.2,95.0,H,10,Shanghai,Haas F1 Team
19,23,GRO,20,0,13,12,10,0,39,27.0,19.5,0.0,3.7,44.5,1019.2,82.0,H,11,Shanghai,Haas F1 Team
20,23,GRO,21,0,12,11,10,0,39,26.8,19.4,0.0,3.7,45.2,1019.1,86.0,H,12,Shanghai,Haas F1 Team
21,23,GRO,22,0,11,10,10,0,39,26.4,19.4,0.0,3.0,45.9,1019.2,87.0,H,13,Shanghai,Haas F1 Team
22,23,GRO,23,0,10,10,10,0,39,26.4,19.3,0.0,3.2,46.2,1019.1,103.0,H,14,Shanghai,Haas F1 Team
23,23,GRO,24,0,10,10,10,0,38,26.7,19.4,0.0,3.2,46.3,1019.1,98.0,H,15,Shanghai,Haas F1 Team
24,23,GRO,25,0,10,10,10,0,38,26.7,19.4,0.0,2.7,45.6,1019.2,85.0,H,16,Shanghai,Haas F1 Team
25,23,GRO,26,0,10,9,10,0,39,26.5,19.4,0.0,2.7,45.9,1019.2,74.0,H,17,Shanghai,Haas F1 Team
26,23,GRO,27,0,9,9,10,0,39,26.5,19.5,0.0,2.8,45.7,1019.3,87.0,H,18,Shanghai,Haas F1 Team
27,23,GRO,28,0,9,10,10,0,39,26.4,19.5,0.0,3.7,45.3,1019.2,89.0,H,19,Shanghai,Haas F1 Team
28,23,GRO,29,0,10,10,10,0,39,26.2,19.4,0.0,4.3,45.3,1019.3,86.0,H,20,Shanghai,Haas F1 Team
29,23,GRO,30,0,10,10,10,0,39,26.2,19.3,0.0,4.1,46.0,1019.3,101.0,H,21,Shanghai,Haas F1 Team
30,23,GRO,31,0,10,10,10,0,39,25.9,19.4,0.0,3.3,47.6,1019.2,79.0,H,22,Shanghai,Haas F1 Team
31,23,GRO,32,0,10,10,10,0,39,25.7,19.2,0.0,4.1,47.9,1019.3,85.0,H,23,Shanghai,Haas F1 Team
32,23,GRO,33,0,10,10,10,0,39,25.6,19.2,0.0,4.0,47.7,1019.2,87.0,H,24,Shanghai,Haas F1 Team
33,23,GRO,34,0,10,10,10,0,39,25.6,19.1,0.0,4.0,47.8,1019.2,104.0,H,25,Shanghai,Haas F1 Team
34,23,GRO,35,0,10,12,10,0,39,25.6,19.1,0.0,2.8,47.7,1019.2,79.0,H,26,Shanghai,Haas F1 Team
35,23,GRO,36,0,12,12,10,0,39,25.6,19.2,0.0,2.9,46.9,1019.2,104.0,M,0,Shanghai,Haas F1 Team
36,23,GRO,37,0,12,12,10,0,39,25.6,19.1,0.0,3.3,46.3,1019.1,75.0,M,1,Shanghai,Haas F1 Team
37,23,GRO,38,0,12,12,10,0,39,25.5,19.0,0.0,3.4,46.7,1019.3,107.0,M,2,Shanghai,Haas F1 Team
38,23,GRO,39,0,12,12,10,0,39,25.9,19.0,0.0,4.0,48.3,1019.3,90.0,M,3,Shanghai,Haas F1 Team
39,23,GRO,40,0,12,12,10,0,39,25.7,19.2,0.0,2.9,48.2,1019.3,85.0,M,4,Shanghai,Haas F1 Team
40,23,GRO,41,0,12,12,10,0,39,25.7,19.1,0.0,3.8,48.2,1019.3,88.0,M,5,Shanghai,Haas F1 Team
41,23,GRO,42,0,12,12,10,0,39,25.6,19.2,0.0,4.4,47.6,1019.4,91.0,M,6,Shanghai,Haas F1 Team
42,23,GRO,43,0,12,12,10,0,40,25.6,18.9,0.0,3.1,47.5,1019.4,82.0,M,7,Shanghai,Haas F1 Team
43,23,GRO,44,0,12,12,10,0,40,25.7,19.1,0.0,4.0,47.8,1019.3,86.0,M,8,Shanghai,Haas F1 Team
44,23,GRO,45,0,12,11,10,0,40,25.7,19.0,0.0,3.4,48.3,1019.3,91.0,M,9,Shanghai,Haas F1 Team
45,23,GRO,46,0,11,11,10,0,39,25.8,19.1,0.0,3.3,49.0,1019.3,76.0,M,10,Shanghai,Haas F1 Team
46,23,GRO,47,0,11,11,10,0,39,25.8,19.2,0.0,3.4,48.8,1019.3,95.0,M,11,Shanghai,Haas F1 Team
47,23,GRO,48,0,11,11,10,0,40,25.4,19.2,0.0,4.4,48.3,1019.4,85.0,M,12,Shanghai,Haas F1 Team
48,23,GRO,49,0,11,11,10,0,40,25.3,19.1,0.0,4.0,48.8,1019.3,81.0,M,13,Shanghai,Haas F1 Team
49,23,GRO,50,0,11,11,10,0,40,25.3,18.9,0.0,3.1,49.7,1019.3,90.0,M,14,Shanghai,Haas F1 Team
50,23,GRO,51,0,11,11,10,0,40,25.2,19.0,0.0,2.7,49.8,1019.3,87.0,M,15,Shanghai,Haas F1 Team
51,23,GRO,52,0,11,11,10,0,40,25.2,19.0,0.0,3.1,50.1,1019.2,86.0,M,16,Shanghai,Haas F1 Team
52,23,GRO,53,0,11,11,10,0,40,25.3,19.0,0.0,3.3,50.4,1019.3,106.0,M,17,Shanghai,Haas F1 Team
53,23,GRO,54,0,11,11,10,0,40,25.3,19.0,0.0,3.3,50.4,1019.3,106.0,M,18,Shanghai,Haas F1 Team
54,23,GRO,55,0,11,11,10,0,41,25.2,19.0,0.0,3.2,51.1,1019.3,76.0,M,19,Shanghai,Haas F1 Team
0,23,KVY,1,2,17,17,17,0,56,29.0,19.5,0.0,3.8,44.5,1019.2,111.0,M,0,Shanghai,Toro Rosso
1,23,KVY,2,2,17,16,17,0,56,28.8,19.4,0.0,2.7,45.4,1019.1,113.0,M,1,Shanghai,Toro Rosso
2,23,KVY,3,0,16,15,17,0,57,28.9,19.4,0.0,2.6,45.1,1019.1,79.0,M,2,Shanghai,Toro Rosso
3,23,KVY,4,0,15,14,17,0,56,28.9,19.7,0.0,4.0,45.1,1019.1,87.0,M,3,Shanghai,Toro Rosso
4,23,KVY,5,0,14,14,17,0,55,28.2,19.4,0.0,4.0,44.0,1019.1,91.0,M,4,Shanghai,Toro Rosso
5,23,KVY,6,0,14,14,17,0,53,28.1,19.6,0.0,4.6,43.4,1019.1,77.0,M,5,Shanghai,Toro Rosso
6,23,KVY,7,0,14,16,17,0,50,28.1,19.6,0.0,2.7,44.0,1019.2,97.0,M,6,Shanghai,Toro Rosso
7,23,KVY,8,0,16,17,17,0,46,28.0,19.6,0.0,3.6,44.5,1019.2,99.0,M,7,Shanghai,Toro Rosso
8,23,KVY,9,0,17,16,17,0,47,27.9,19.5,0.0,3.2,44.7,1019.2,108.0,M,8,Shanghai,Toro Rosso
9,23,KVY,10,0,16,15,17,0,47,27.9,19.6,0.0,3.6,45.1,1019.2,90.0,M,9,Shanghai,Toro Rosso
10,23,KVY,11,0,15,15,17,0,47,28.0,19.7,0.0,3.5,44.8,1019.2,84.0,M,10,Shanghai,Toro Rosso
11,23,KVY,12,0,15,14,17,0,47,27.8,19.6,0.0,3.6,45.2,1019.1,84.0,M,11,Shanghai,Toro Rosso
12,23,KVY,13,0,14,13,17,0,48,27.6,19.7,0.0,4.1,43.2,1019.2,96.0,M,12,Shanghai,Toro Rosso
13,23,KVY,14,0,13,13,17,0,48,27.6,19.6,0.0,3.2,43.3,1019.2,85.0,M,13,Shanghai,Toro Rosso
14,23,KVY,15,0,13,13,17,0,49,27.2,19.5,0.0,4.8,43.3,1019.2,102.0,M,14,Shanghai,Toro Rosso
15,23,KVY,16,0,13,13,17,0,49,27.0,19.3,0.0,3.6,43.7,1019.2,95.0,M,15,Shanghai,Toro Rosso
16,23,KVY,17,0,13,12,17,0,49,27.0,19.3,0.0,3.2,44.2,1019.2,94.0,M,16,Shanghai,Toro Rosso
17,23,KVY,18,0,12,12,17,0,50,27.0,19.5,0.0,3.7,44.5,1019.2,82.0,M,17,Shanghai,Toro Rosso
18,23,KVY,19,0,12,12,17,0,50,26.8,19.5,0.0,4.3,45.0,1019.1,90.0,M,18,Shanghai,Toro Rosso
19,23,KVY,20,0,12,11,17,0,49,26.7,19.3,0.0,3.5,46.5,1019.3,82.0,M,19,Shanghai,Toro Rosso
20,23,KVY,21,0,11,10,17,0,50,26.2,19.4,0.0,4.3,45.3,1019.3,86.0,M,20,Shanghai,Toro Rosso
21,23,KVY,22,0,10,11,17,0,49,26.1,19.3,0.0,3.1,47.1,1019.3,76.0,M,21,Shanghai,Toro Rosso
22,23,KVY,23,0,11,11,17,0,49,26.0,19.3,0.0,4.2,47.1,1019.4,91.0,M,22,Shanghai,Toro Rosso
23,23,KVY,24,0,11,11,17,0,49,26.0,19.4,0.0,4.4,47.3,1019.2,90.0,M,23,Shanghai,Toro Rosso
24,23,KVY,25,0,11,14,17,0,49,25.7,19.2,0.0,4.1,47.9,1019.3,85.0,M,24,Shanghai,Toro Rosso
25,23,KVY,26,0,14,16,17,0,49,25.6,19.2,0.0,4.0,47.7,1019.2,87.0,H,0,Shanghai,Toro Rosso
26,23,KVY,27,0,16,16,17,0,49,25.6,19.1,0.0,4.0,47.8,1019.2,104.0,H,1,Shanghai,Toro Rosso
27,23,KVY,28,0,16,16,17,0,49,25.6,19.1,0.0,2.8,47.7,1019.2,79.0,H,2,Shanghai,Toro Rosso
28,23,KVY,29,0,16,16,17,0,49,25.6,19.2,0.0,2.9,46.9,1019.2,104.0,H,3,Shanghai,Toro Rosso
29,23,KVY,30,0,16,16,17,0,49,25.6,19.1,0.0,3.3,46.3,1019.1,75.0,H,4,Shanghai,Toro Rosso
30,23,KVY,31,0,16,17,17,0,48,25.5,19.0,0.0,3.4,46.7,1019.3,107.0,S,0,Shanghai,Toro Rosso
31,23,KVY,32,0,17,17,17,0,48,25.5,18.9,0.0,3.6,47.6,1019.3,77.0,S,1,Shanghai,Toro Rosso
32,23,KVY,33,0,17,17,17,0,48,25.9,19.0,0.0,4.0,48.3,1019.3,90.0,S,2,Shanghai,Toro Rosso
33,23,KVY,34,0,17,17,17,0,48,25.7,19.2,0.0,2.9,48.2,1019.3,85.0,S,3,Shanghai,Toro Rosso
34,23,KVY,35,0,17,17,17,0,48,25.7,19.3,0.0,4.2,47.3,1019.3,89.0,S,4,Shanghai,Toro Rosso
35,23,KVY,36,0,17,17,17,0,48,25.6,19.2,0.0,4.4,47.6,1019.4,91.0,S,5,Shanghai,Toro Rosso
36,23,KVY,37,0,17,17,17,0,47,25.6,19.0,0.0,3.3,47.5,1019.4,84.0,S,6,Shanghai,Toro Rosso
37,23,KVY,38,0,17,17,17,0,47,25.4,19.2,0.0,4.4,48.3,1019.4,85.0,S,7,Shanghai,Toro Rosso
38,23,KVY,39,0,17,17,17,0,47,25.4,19.1,0.0,3.7,48.6,1019.3,80.0,S,8,Shanghai,Toro Rosso
39,23,KVY,40,0,17,16,17,0,47,25.3,19.0,0.0,3.3,50.4,1019.3,106.0,S,9,Shanghai,Toro Rosso
40,23,KVY,41,0,16,17,17,1,47,25.1,19.0,0.0,3.0,51.1,1019.3,76.0,S,10,Shanghai,Toro Rosso
0,23,PER,1,2,8,8,8,0,45,29.0,19.5,0.0,3.8,44.5,1019.2,111.0,M,0,Shanghai,Racing Point
1,23,PER,2,2,8,8,8,0,44,28.8,19.6,0.0,3.0,44.7,1019.2,130.0,M,1,Shanghai,Racing Point
2,23,PER,3,0,8,8,8,0,40,28.8,19.4,0.0,2.7,45.4,1019.1,113.0,M,2,Shanghai,Racing Point
3,23,PER,4,0,8,8,8,0,37,28.9,19.4,0.0,2.6,45.1,1019.1,79.0,M,3,Shanghai,Racing Point
4,23,PER,5,0,8,8,8,0,37,28.9,19.7,0.0,4.0,45.1,1019.1,87.0,M,4,Shanghai,Racing Point
5,23,PER,6,0,8,8,8,0,36,28.9,19.8,0.0,3.2,43.4,1019.1,84.0,M,5,Shanghai,Racing Point
6,23,PER,7,0,8,8,8,0,36,28.5,19.7,0.0,4.1,43.3,1019.1,92.0,M,6,Shanghai,Racing Point
7,23,PER,8,0,8,8,8,0,32,28.3,19.6,0.0,3.3,43.8,1019.1,89.0,M,7,Shanghai,Racing Point
8,23,PER,9,0,8,8,8,0,32,28.1,19.5,0.0,3.7,43.9,1019.1,86.0,M,8,Shanghai,Racing Point
9,23,PER,10,0,8,8,8,0,31,28.1,19.6,0.0,4.6,43.4,1019.1,77.0,M,9,Shanghai,Racing Point
10,23,PER,11,0,8,8,8,0,31,28.0,19.6,0.0,3.6,44.5,1019.2,99.0,M,10,Shanghai,Racing Point
11,23,PER,12,0,8,8,8,0,31,27.9,19.6,0.0,4.0,45.0,1019.2,61.0,M,11,Shanghai,Racing Point
12,23,PER,13,0,8,8,8,0,31,27.8,19.6,0.0,3.6,45.2,1019.1,84.0,M,12,Shanghai,Racing Point
13,23,PER,14,0,8,8,8,0,30,27.8,19.6,0.0,3.3,45.3,1019.1,76.0,M,13,Shanghai,Racing Point
14,23,PER,15,0,8,8,8,0,30,27.8,19.5,0.0,3.9,45.7,1019.0,95.0,M,14,Shanghai,Racing Point
15,23,PER,16,0,8,8,8,0,29,27.5,19.7,0.0,3.6,44.6,1019.1,101.0,M,15,Shanghai,Racing Point
16,23,PER,17,0,8,8,8,0,29,27.5,19.6,0.0,3.2,44.1,1019.2,90.0,M,16,Shanghai,Racing Point
17,23,PER,18,0,8,7,8,0,29,27.6,19.6,0.0,3.2,43.3,1019.2,85.0,M,17,Shanghai,Racing Point
18,23,PER,19,0,7,7,8,0,28,27.2,19.5,0.0,4.8,43.3,1019.2,102.0,M,18,Shanghai,Racing Point
19,23,PER,20,0,7,7,8,0,27,27.0,19.3,0.0,3.2,44.2,1019.2,94.0,M,19,Shanghai,Racing Point
20,23,PER,21,0,7,9,8,0,26,27.0,19.4,0.0,3.8,44.4,1019.2,92.0,H,0,Shanghai,Racing Point
21,23,PER,22,0,9,9,8,0,26,27.0,19.5,0.0,3.7,44.5,1019.2,82.0,H,1,Shanghai,Racing Point
22,23,PER,23,0,9,9,8,0,25,27.0,19.4,0.0,4.0,44.9,1019.2,90.0,H,2,Shanghai,Racing Point
23,23,PER,24,0,9,9,8,0,24,26.8,19.5,0.0,4.3,45.0,1019.1,90.0,H,3,Shanghai,Racing Point
24,23,PER,25,0,9,9,8,0,23,26.6,19.4,0.0,3.9,45.5,1019.1,109.0,H,4,Shanghai,Racing Point
25,23,PER,26,0,9,8,8,0,22,26.4,19.3,0.0,3.2,46.2,1019.1,103.0,H,5,Shanghai,Racing Point
26,23,PER,27,0,8,8,8,0,22,26.7,19.3,0.0,2.7,46.2,1019.2,91.0,H,6,Shanghai,Racing Point
27,23,PER,28,0,8,8,8,0,22,26.7,19.3,0.0,3.5,46.5,1019.3,82.0,H,7,Shanghai,Racing Point
28,23,PER,29,0,8,8,8,0,22,26.5,19.4,0.0,2.7,45.9,1019.2,74.0,H,8,Shanghai,Racing Point
29,23,PER,30,0,8,8,8,0,22,26.5,19.5,0.0,2.8,45.7,1019.3,87.0,H,9,Shanghai,Racing Point
30,23,PER,31,0,8,8,8,0,22,26.4,19.7,0.0,3.7,45.5,1019.2,86.0,H,10,Shanghai,Racing Point
31,23,PER,32,0,8,8,8,0,22,26.4,19.5,0.0,3.7,45.3,1019.2,89.0,H,11,Shanghai,Racing Point
32,23,PER,33,0,8,8,8,0,23,26.1,19.3,0.0,3.1,47.1,1019.3,76.0,H,12,Shanghai,Racing Point
33,23,PER,34,0,8,8,8,0,23,26.0,19.3,0.0,4.2,47.1,1019.4,91.0,H,13,Shanghai,Racing Point
34,23,PER,35,0,8,8,8,0,23,26.0,19.4,0.0,4.4,47.3,1019.2,90.0,H,14,Shanghai,Racing Point
35,23,PER,36,0,8,8,8,0,23,25.7,19.2,0.0,4.1,47.9,1019.3,85.0,H,15,Shanghai,Racing Point
36,23,PER,37,0,8,8,8,0,23,25.6,19.1,0.0,4.0,47.8,1019.2,104.0,H,16,Shanghai,Racing Point
37,23,PER,38,0,8,8,8,0,23,25.6,18.9,0.0,3.8,48.0,1019.2,74.0,H,17,Shanghai,Racing Point
38,23,PER,39,0,8,8,8,0,23,25.6,19.2,0.0,2.9,46.9,1019.2,104.0,H,18,Shanghai,Racing Point
39,23,PER,40,0,8,8,8,0,23,25.6,19.1,0.0,3.3,46.3,1019.1,75.0,H,19,Shanghai,Racing Point
40,23,PER,41,0,8,8,8,0,23,25.5,19.0,0.0,3.4,46.7,1019.3,107.0,H,20,Shanghai,Racing Point
41,23,PER,42,0,8,8,8,0,23,25.5,19.1,0.0,3.0,48.3,1019.3,87.0,H,21,Shanghai,Racing Point
42,23,PER,43,0,8,8,8,0,23,25.5,19.0,0.0,3.6,49.1,1019.3,87.0,H,22,Shanghai,Racing Point
43,23,PER,44,0,8,8,8,0,22,25.9,19.0,0.0,4.0,48.3,1019.3,90.0,H,23,Shanghai,Racing Point
44,23,PER,45,0,8,8,8,0,23,25.7,19.2,0.0,2.9,48.2,1019.3,85.0,H,24,Shanghai,Racing Point
45,23,PER,46,0,8,8,8,0,23,25.8,19.2,0.0,2.8,48.4,1019.4,90.0,H,25,Shanghai,Racing Point
46,23,PER,47,0,8,8,8,0,23,25.7,19.1,0.0,4.0,47.8,1019.3,86.0,H,26,Shanghai,Racing Point
47,23,PER,48,0,8,8,8,0,23,25.7,19.0,0.0,3.4,48.3,1019.3,91.0,H,27,Shanghai,Racing Point
48,23,PER,49,0,8,8,8,0,22,25.7,19.0,0.0,3.4,48.3,1019.4,85.0,H,28,Shanghai,Racing Point
49,23,PER,50,0,8,8,8,0,22,25.7,19.1,0.0,4.1,48.5,1019.3,97.0,H,29,Shanghai,Racing Point
50,23,PER,51,0,8,8,8,0,22,25.8,19.0,0.0,3.6,48.6,1019.4,83.0,H,30,Shanghai,Racing Point
51,23,PER,52,0,8,8,8,0,22,25.4,19.2,0.0,4.4,48.3,1019.4,85.0,H,31,Shanghai,Racing Point
52,23,PER,53,0,8,8,8,0,22,25.4,19.1,0.0,3.7,48.6,1019.3,80.0,H,32,Shanghai,Racing Point
53,23,PER,54,0,8,8,8,0,22,25.3,19.1,0.0,4.0,48.8,1019.3,81.0,H,33,Shanghai,Racing Point
54,23,PER,55,0,8,8,8,0,22,25.2,19.0,0.0,2.7,49.8,1019.3,87.0,H,34,Shanghai,Racing Point
0,23,RAI,1,2,12,12,12,0,33,28.8,19.6,0.0,3.0,44.7,1019.2,130.0,M,0,Shanghai,Alfa Romeo Racing
1,23,RAI,2,2,12,12,12,0,28,28.8,19.4,0.0,2.7,45.4,1019.1,113.0,M,1,Shanghai,Alfa Romeo Racing
2,23,RAI,3,0,12,11,12,0,27,28.9,19.4,0.0,2.6,45.1,1019.1,79.0,M,2,Shanghai,Alfa Romeo Racing
3,23,RAI,4,0,11,10,12,0,26,28.9,19.7,0.0,4.0,45.1,1019.1,87.0,M,3,Shanghai,Alfa Romeo Racing
4,23,RAI,5,0,10,10,12,0,26,28.9,19.8,0.0,3.2,43.4,1019.1,84.0,M,4,Shanghai,Alfa Romeo Racing
5,23,RAI,6,0,10,10,12,0,26,28.3,19.6,0.0,3.3,43.8,1019.1,89.0,M,5,Shanghai,Alfa Romeo Racing
6,23,RAI,7,0,10,10,12,0,25,28.1,19.5,0.0,3.4,43.5,1019.1,68.0,M,6,Shanghai,Alfa Romeo Racing
7,23,RAI,8,0,10,10,12,0,21,28.0,19.6,0.0,3.6,44.5,1019.2,99.0,M,7,Shanghai,Alfa Romeo Racing
8,23,RAI,9,0,10,10,12,0,21,27.9,19.6,0.0,4.0,45.0,1019.2,61.0,M,8,Shanghai,Alfa Romeo Racing
9,23,RAI,10,0,10,9,12,0,21,28.0,19.7,0.0,3.5,44.8,1019.2,84.0,M,9,Shanghai,Alfa Romeo Racing
10,23,RAI,11,0,9,9,12,0,21,27.8,19.6,0.0,3.6,45.2,1019.1,84.0,M,10,Shanghai,Alfa Romeo Racing
11,23,RAI,12,0,9,9,12,0,21,27.8,19.5,0.0,3.9,45.7,1019.0,95.0,M,11,Shanghai,Alfa Romeo Racing
12,23,RAI,13,0,9,9,12,0,22,27.5,19.7,0.0,3.6,44.6,1019.1,101.0,M,12,Shanghai,Alfa Romeo Racing
13,23,RAI,14,0,9,9,12,0,22,27.5,19.6,0.0,3.2,44.1,1019.2,90.0,M,13,Shanghai,Alfa Romeo Racing
14,23,RAI,15,0,9,9,12,0,23,27.6,19.7,0.0,4.1,43.2,1019.2,96.0,M,14,Shanghai,Alfa Romeo Racing
15,23,RAI,16,0,9,9,12,0,23,27.6,19.6,0.0,3.2,43.3,1019.2,85.0,M,15,Shanghai,Alfa Romeo Racing
16,23,RAI,17,0,9,9,12,0,23,27.2,19.6,0.0,4.3,43.5,1019.2,106.0,M,16,Shanghai,Alfa Romeo Racing
17,23,RAI,18,0,9,9,12,0,24,27.2,19.5,0.0,4.8,43.3,1019.2,102.0,M,17,Shanghai,Alfa Romeo Racing
18,23,RAI,19,0,9,8,12,0,24,27.0,19.3,0.0,3.6,43.7,1019.2,95.0,M,18,Shanghai,Alfa Romeo Racing
19,23,RAI,20,0,8,6,12,0,23,27.0,19.5,0.0,3.7,44.5,1019.2,82.0,M,19,Shanghai,Alfa Romeo Racing
20,23,RAI,21,0,6,6,12,0,23,27.0,19.4,0.0,4.0,44.9,1019.2,90.0,M,20,Shanghai,Alfa Romeo Racing
21,23,RAI,22,0,6,6,12,0,23,26.8,19.5,0.0,4.3,45.0,1019.1,90.0,M,21,Shanghai,Alfa Romeo Racing
22,23,RAI,23,0,6,7,12,0,23,26.7,19.4,0.0,3.2,46.3,1019.1,98.0,M,22,Shanghai,Alfa Romeo Racing
23,23,RAI,24,0,7,7,12,0,23,26.5,19.5,0.0,2.8,45.7,1019.3,87.0,M,23,Shanghai,Alfa Romeo Racing
24,23,RAI,25,0,7,7,12,0,23,26.2,19.3,0.0,4.1,46.0,1019.3,101.0,M,24,Shanghai,Alfa Romeo Racing
25,23,RAI,26,0,7,10,12,0,23,26.1,19.3,0.0,3.0,46.6,1019.3,72.0,H,0,Shanghai,Alfa Romeo Racing
26,23,RAI,27,0,10,10,12,0,23,26.1,19.3,0.0,3.1,47.1,1019.3,76.0,H,1,Shanghai,Alfa Romeo Racing
27,23,RAI,28,0,10,9,12,0,23,26.0,19.4,0.0,4.4,47.3,1019.2,90.0,H,2,Shanghai,Alfa Romeo Racing
28,23,RAI,29,0,9,9,12,0,24,25.6,19.1,0.0,4.0,47.8,1019.2,104.0,H,3,Shanghai,Alfa Romeo Racing
29,23,RAI,30,0,9,9,12,0,24,25.6,18.9,0.0,3.8,48.0,1019.2,74.0,H,4,Shanghai,Alfa Romeo Racing
30,23,RAI,31,0,9,9,12,0,24,25.6,19.1,0.0,2.8,47.7,1019.2,79.0,H,5,Shanghai,Alfa Romeo Racing
31,23,RAI,32,0,9,9,12,0,24,25.6,19.2,0.0,2.9,46.9,1019.2,104.0,H,6,Shanghai,Alfa Romeo Racing
32,23,RAI,33,0,9,9,12,0,23,25.6,19.1,0.0,3.3,46.3,1019.1,75.0,H,7,Shanghai,Alfa Romeo Racing
33,23,RAI,34,0,9,9,12,0,23,25.5,19.0,0.0,3.4,46.7,1019.3,107.0,H,8,Shanghai,Alfa Romeo Racing
34,23,RAI,35,0,9,9,12,0,23,25.5,19.1,0.0,3.0,48.3,1019.3,87.0,H,9,Shanghai,Alfa Romeo Racing
35,23,RAI,36,0,9,9,12,0,24,25.9,19.0,0.0,4.0,48.3,1019.3,90.0,H,10,Shanghai,Alfa Romeo Racing
36,23,RAI,37,0,9,9,12,0,23,25.7,19.2,0.0,2.9,48.2,1019.3,85.0,H,11,Shanghai,Alfa Romeo Racing
37,23,RAI,38,0,9,9,12,0,23,25.7,19.1,0.0,3.8,48.2,1019.3,88.0,H,12,Shanghai,Alfa Romeo Racing
38,23,RAI,39,0,9,9,12,0,23,25.6,19.2,0.0,4.4,47.6,1019.4,91.0,H,13,Shanghai,Alfa Romeo Racing
39,23,RAI,40,0,9,9,12,0,23,25.6,19.0,0.0,3.3,47.5,1019.4,84.0,H,14,Shanghai,Alfa Romeo Racing
40,23,RAI,41,0,9,9,12,0,23,25.7,19.0,0.0,3.4,48.3,1019.4,85.0,H,15,Shanghai,Alfa Romeo Racing
41,23,RAI,42,0,9,9,12,0,23,25.8,19.0,0.0,3.6,48.6,1019.4,83.0,H,16,Shanghai,Alfa Romeo Racing
42,23,RAI,43,0,9,9,12,0,23,25.8,18.9,0.0,3.3,49.1,1019.4,99.0,H,17,Shanghai,Alfa Romeo Racing
43,23,RAI,44,0,9,9,12,0,23,25.8,19.1,0.0,3.3,49.0,1019.3,76.0,H,18,Shanghai,Alfa Romeo Racing
44,23,RAI,45,0,9,9,12,0,23,25.8,19.2,0.0,3.4,48.8,1019.3,95.0,H,19,Shanghai,Alfa Romeo Racing
45,23,RAI,46,0,9,9,12,0,23,25.4,19.2,0.0,4.4,48.3,1019.4,85.0,H,20,Shanghai,Alfa Romeo Racing
46,23,RAI,47,0,9,9,12,0,23,25.4,19.1,0.0,3.7,48.6,1019.3,80.0,H,21,Shanghai,Alfa Romeo Racing
47,23,RAI,48,0,9,9,12,0,23,25.3,19.1,0.0,4.0,48.8,1019.3,81.0,H,22,Shanghai,Alfa Romeo Racing
48,23,RAI,49,0,9,9,12,0,23,25.3,18.9,0.0,3.1,49.7,1019.3,90.0,H,23,Shanghai,Alfa Romeo Racing
49,23,RAI,50,0,9,9,12,0,23,25.2,19.0,0.0,2.7,49.8,1019.3,87.0,H,24,Shanghai,Alfa Romeo Racing
50,23,RAI,51,0,9,9,12,0,23,25.2,19.0,0.0,3.1,50.1,1019.2,86.0,H,25,Shanghai,Alfa Romeo Racing
51,23,RAI,52,0,9,9,12,0,24,25.3,19.0,0.0,3.3,50.4,1019.3,106.0,H,26,Shanghai,Alfa Romeo Racing
52,23,RAI,53,0,9,9,12,0,24,25.3,19.0,0.0,3.3,50.4,1019.3,106.0,H,27,Shanghai,Alfa Romeo Racing
53,23,RAI,54,0,9,9,12,0,24,25.2,19.0,0.0,3.2,51.1,1019.3,76.0,H,28,Shanghai,Alfa Romeo Racing
54,23,RAI,55,0,9,9,12,0,24,25.1,19.0,0.0,3.0,51.1,1019.3,76.0,H,29,Shanghai,Alfa Romeo Racing
0,23,SAI,1,2,19,19,19,0,32,29.0,19.5,0.0,3.8,44.5,1019.2,111.0,M,0,Shanghai,McLaren
1,23,SAI,2,2,19,19,19,0,33,28.9,19.4,0.0,2.6,45.1,1019.1,79.0,H,0,Shanghai,McLaren
2,23,SAI,3,0,19,19,19,0,37,28.9,19.7,0.0,4.0,45.1,1019.1,87.0,H,1,Shanghai,McLaren
3,23,SAI,4,0,19,19,19,0,39,28.9,19.8,0.0,3.2,43.4,1019.1,84.0,H,2,Shanghai,McLaren
4,23,SAI,5,0,19,19,19,0,41,28.3,19.6,0.0,3.3,43.8,1019.1,89.0,H,3,Shanghai,McLaren
5,23,SAI,6,0,19,19,19,0,41,28.3,19.6,0.0,3.9,43.9,1019.1,88.0,H,4,Shanghai,McLaren
6,23,SAI,7,0,19,19,19,0,40,28.1,19.5,0.0,3.7,43.9,1019.1,86.0,H,5,Shanghai,McLaren
7,23,SAI,8,0,19,19,19,0,38,27.9,19.5,0.0,3.2,44.7,1019.2,108.0,H,6,Shanghai,McLaren
8,23,SAI,9,0,19,19,19,0,39,27.9,19.6,0.0,3.6,45.1,1019.2,90.0,H,7,Shanghai,McLaren
9,23,SAI,10,0,19,19,19,0,39,27.8,19.6,0.0,3.6,45.2,1019.1,84.0,H,8,Shanghai,McLaren
10,23,SAI,11,0,19,19,19,0,39,27.8,19.6,0.0,3.3,45.3,1019.1,76.0,H,9,Shanghai,McLaren
11,23,SAI,12,0,19,19,19,0,40,27.8,19.5,0.0,3.9,45.7,1019.0,95.0,H,10,Shanghai,McLaren
12,23,SAI,13,0,19,19,19,0,39,27.5,19.7,0.0,3.6,44.6,1019.1,101.0,H,11,Shanghai,McLaren
13,23,SAI,14,0,19,19,19,0,39,27.5,19.6,0.0,3.2,44.1,1019.2,90.0,H,12,Shanghai,McLaren
14,23,SAI,15,0,19,19,19,0,39,27.6,19.6,0.0,3.2,43.3,1019.2,85.0,H,13,Shanghai,McLaren
15,23,SAI,16,0,19,19,19,0,40,27.2,19.8,0.0,3.3,43.0,1019.2,90.0,H,14,Shanghai,McLaren
16,23,SAI,17,0,19,18,19,0,40,27.2,19.5,0.0,4.8,43.3,1019.2,102.0,H,15,Shanghai,McLaren
17,23,SAI,18,0,18,18,19,0,40,27.0,19.3,0.0,3.6,43.7,1019.2,95.0,H,16,Shanghai,McLaren
18,23,SAI,19,0,18,18,19,0,40,27.0,19.4,0.0,3.8,44.4,1019.2,92.0,H,17,Shanghai,McLaren
19,23,SAI,20,0,18,17,19,0,40,26.8,19.5,0.0,4.3,45.0,1019.1,90.0,H,18,Shanghai,McLaren
20,23,SAI,21,0,17,17,19,0,40,26.8,19.4,0.0,3.7,45.2,1019.1,86.0,H,19,Shanghai,McLaren
21,23,SAI,22,0,17,16,19,0,40,26.6,19.4,0.0,3.9,45.5,1019.1,109.0,H,20,Shanghai,McLaren
22,23,SAI,23,0,16,16,19,0,40,26.4,19.4,0.0,3.0,45.9,1019.2,87.0,H,21,Shanghai,McLaren
23,23,SAI,24,0,16,16,19,0,40,26.4,19.3,0.0,3.2,46.2,1019.1,103.0,H,22,Shanghai,McLaren
24,23,SAI,25,0,16,16,19,0,40,26.7,19.4,0.0,3.2,46.3,1019.1,98.0,H,23,Shanghai,McLaren
25,23,SAI,26,0,16,15,19,0,40,26.7,19.4,0.0,2.7,45.6,1019.2,85.0,H,24,Shanghai,McLaren
26,23,SAI,27,0,15,15,19,0,40,26.4,19.7,0.0,3.7,45.5,1019.2,86.0,H,25,Shanghai,McLaren
27,23,SAI,28,0,15,15,19,0,40,26.4,19.5,0.0,3.7,45.3,1019.2,89.0,H,26,Shanghai,McLaren
28,23,SAI,29,0,15,15,19,0,40,26.2,19.3,0.0,4.1,46.0,1019.3,101.0,H,27,Shanghai,McLaren
29,23,SAI,30,0,15,14,19,0,40,26.1,19.3,0.0,3.0,46.6,1019.3,72.0,H,28,Shanghai,McLaren
30,23,SAI,31,0,14,14,19,0,40,26.0,19.3,0.0,4.2,47.1,1019.4,91.0,H,29,Shanghai,McLaren
31,23,SAI,32,0,14,14,19,0,40,25.9,19.4,0.0,3.3,47.6,1019.2,79.0,H,30,Shanghai,McLaren
32,23,SAI,33,0,14,14,19,0,39,26.0,19.4,0.0,4.4,47.3,1019.2,90.0,H,31,Shanghai,McLaren
33,23,SAI,34,0,14,13,19,0,39,25.7,19.2,0.0,4.1,47.9,1019.3,85.0,H,32,Shanghai,McLaren
34,23,SAI,35,0,13,13,19,0,39,25.6,19.1,0.0,4.0,47.8,1019.2,104.0,H,33,Shanghai,McLaren
35,23,SAI,36,0,13,14,19,0,39,25.6,18.9,0.0,3.8,48.0,1019.2,74.0,H,34,Shanghai,McLaren
36,23,SAI,37,0,14,15,19,0,38,25.6,19.2,0.0,2.9,46.9,1019.2,104.0,S,0,Shanghai,McLaren
37,23,SAI,38,0,15,15,19,0,38,25.5,19.1,0.0,3.0,48.3,1019.3,87.0,S,1,Shanghai,McLaren
38,23,SAI,39,0,15,15,19,0,38,25.5,19.0,0.0,3.6,49.1,1019.3,87.0,S,2,Shanghai,McLaren
39,23,SAI,40,0,15,15,19,0,38,25.7,19.1,0.0,3.8,48.2,1019.3,88.0,S,3,Shanghai,McLaren
40,23,SAI,41,0,15,15,19,0,38,25.8,19.2,0.0,2.8,48.4,1019.4,90.0,S,4,Shanghai,McLaren
41,23,SAI,42,0,15,15,19,0,39,25.6,19.2,0.0,4.4,47.6,1019.4,91.0,S,5,Shanghai,McLaren
42,23,SAI,43,0,15,15,19,0,39,25.6,19.0,0.0,3.3,47.5,1019.4,84.0,S,6,Shanghai,McLaren
43,23,SAI,44,0,15,15,19,0,39,25.6,19.0,0.0,3.8,47.6,1019.4,96.0,S,7,Shanghai,McLaren
44,23,SAI,45,0,15,15,19,0,39,25.6,19.1,0.0,3.0,47.6,1019.4,86.0,S,8,Shanghai,McLaren
45,23,SAI,46,0,15,15,19,0,39,25.7,19.0,0.0,3.4,48.3,1019.4,85.0,S,9,Shanghai,McLaren
46,23,SAI,47,0,15,15,19,0,39,25.7,19.1,0.0,4.1,48.5,1019.3,97.0,S,10,Shanghai,McLaren
47,23,SAI,48,0,15,15,19,0,39,25.8,19.0,0.0,3.6,48.6,1019.4,83.0,S,11,Shanghai,McLaren
48,23,SAI,49,0,15,15,19,0,39,25.8,19.2,0.0,3.4,48.8,1019.3,95.0,S,12,Shanghai,McLaren
49,23,SAI,50,0,15,15,19,0,39,25.2,19.0,0.0,2.7,49.8,1019.3,87.0,S,13,Shanghai,McLaren
50,23,SAI,51,0,15,15,19,0,39,25.2,19.0,0.0,3.1,50.1,1019.2,86.0,S,14,Shanghai,McLaren
51,23,SAI,52,0,15,15,19,0,39,25.3,19.0,0.0,3.3,50.4,1019.3,106.0,S,15,Shanghai,McLaren
52,23,SAI,53,0,15,14,19,0,39,25.3,19.0,0.0,3.3,50.4,1019.3,106.0,S,16,Shanghai,McLaren
53,23,SAI,54,0,14,14,19,0,40,25.2,19.0,0.0,3.2,51.1,1019.3,76.0,S,17,Shanghai,McLaren
54,23,SAI,55,0,14,14,19,0,40,25.1,19.0,0.0,3.0,51.1,1019.3,76.0,S,18,Shanghai,McLaren
0,23,NOR,1,2,20,20,20,0,29,29.0,19.5,0.0,3.8,44.5,1019.2,111.0,M,0,Shanghai,McLaren
1,23,NOR,2,2,20,20,20,0,27,28.8,19.4,0.0,2.7,45.4,1019.1,113.0,H,0,Shanghai,McLaren
2,23,NOR,3,0,20,20,20,0,31,28.9,19.4,0.0,2.6,45.1,1019.1,79.0,H,1,Shanghai,McLaren
3,23,NOR,4,0,20,20,20,0,34,28.9,19.8,0.0,3.2,43.4,1019.1,84.0,H,2,Shanghai,McLaren
4,23,NOR,5,0,20,20,20,0,36,28.3,19.6,0.0,3.3,43.8,1019.1,89.0,H,3,Shanghai,McLaren
5,23,NOR,6,0,20,20,20,0,38,28.3,19.6,0.0,3.9,43.9,1019.1,88.0,H,4,Shanghai,McLaren
6,23,NOR,7,0,20,20,20,0,38,28.2,19.4,0.0,4.0,44.0,1019.1,91.0,H,5,Shanghai,McLaren
7,23,NOR,8,0,20,20,20,0,39,28.1,19.5,0.0,3.7,43.9,1019.1,86.0,H,6,Shanghai,McLaren
8,23,NOR,9,0,20,20,20,0,39,28.1,19.6,0.0,4.6,43.4,1019.1,77.0,H,7,Shanghai,McLaren
9,23,NOR,10,0,20,20,20,0,39,28.1,19.6,0.0,2.7,44.0,1019.2,97.0,H,8,Shanghai,McLaren
10,23,NOR,11,0,20,20,20,0,40,27.9,19.5,0.0,3.2,44.7,1019.2,108.0,H,9,Shanghai,McLaren
11,23,NOR,12,0,20,20,20,0,40,27.9,19.6,0.0,4.0,45.0,1019.2,61.0,H,10,Shanghai,McLaren
12,23,NOR,13,0,20,20,20,0,40,28.0,19.7,0.0,3.5,44.8,1019.2,84.0,H,11,Shanghai,McLaren
13,23,NOR,14,0,20,20,20,0,40,27.5,19.7,0.0,3.6,44.6,1019.1,101.0,H,12,Shanghai,McLaren
14,23,NOR,15,0,20,20,20,0,41,27.5,19.7,0.0,3.6,44.6,1019.1,101.0,H,13,Shanghai,McLaren
15,23,NOR,16,0,20,20,20,0,41,27.5,19.6,0.0,3.2,44.1,1019.2,90.0,H,14,Shanghai,McLaren
16,23,NOR,17,0,20,19,20,0,41,27.2,19.8,0.0,3.3,43.0,1019.2,90.0,H,15,Shanghai,McLaren
17,23,NOR,18,0,19,19,20,0,40,27.2,19.6,0.0,3.8,43.3,1019.2,104.0,M,1,Shanghai,McLaren
18,23,NOR,19,0,19,19,20,0,39,27.0,19.5,0.0,3.7,44.5,1019.2,82.0,M,2,Shanghai,McLaren
19,23,NOR,20,0,19,19,20,0,39,27.0,19.4,0.0,4.0,44.9,1019.2,90.0,M,3,Shanghai,McLaren
20,23,NOR,21,0,19,19,20,0,39,26.8,19.5,0.0,4.3,45.0,1019.1,90.0,M,4,Shanghai,McLaren
21,23,NOR,22,0,19,19,20,0,39,26.8,19.4,0.0,3.7,45.2,1019.1,86.0,M,5,Shanghai,McLaren
22,23,NOR,23,0,19,19,20,0,39,26.4,19.4,0.0,3.0,45.9,1019.2,87.0,M,6,Shanghai,McLaren
23,23,NOR,24,0,19,19,20,0,39,26.7,19.3,0.0,2.7,46.2,1019.2,91.0,M,7,Shanghai,McLaren
24,23,NOR,25,0,19,19,20,0,39,26.7,19.3,0.0,3.5,46.5,1019.3,82.0,M,8,Shanghai,McLaren
25,23,NOR,26,0,19,19,20,0,39,26.5,19.5,0.0,2.8,45.7,1019.3,87.0,M,9,Shanghai,McLaren
26,23,NOR,27,0,19,18,20,0,39,26.4,19.5,0.0,3.7,45.3,1019.2,89.0,M,10,Shanghai,McLaren
27,23,NOR,28,0,18,18,20,0,39,26.1,19.3,0.0,3.0,46.6,1019.3,72.0,M,11,Shanghai,McLaren
28,23,NOR,29,0,18,18,20,0,39,25.9,19.4,0.0,3.3,47.6,1019.2,79.0,M,12,Shanghai,McLaren
29,23,NOR,30,0,18,18,20,0,39,25.7,19.2,0.0,4.1,47.9,1019.3,85.0,M,13,Shanghai,McLaren
30,23,NOR,31,0,18,18,20,0,39,25.6,19.1,0.0,2.8,47.7,1019.2,79.0,M,14,Shanghai,McLaren
31,23,NOR,32,0,18,18,20,0,39,25.5,19.0,0.0,3.4,46.7,1019.3,107.0,M,15,Shanghai,McLaren
32,23,NOR,33,0,18,18,20,0,39,25.5,18.9,0.0,3.6,47.6,1019.3,77.0,M,16,Shanghai,McLaren
33,23,NOR,34,0,18,18,20,0,39,25.5,19.1,0.0,3.0,48.3,1019.3,87.0,M,17,Shanghai,McLaren
34,23,NOR,35,0,18,19,20,0,39,25.9,19.0,0.0,4.0,48.3,1019.3,90.0,S,0,Shanghai,McLaren
35,23,NOR,36,0,19,19,20,0,39,25.7,19.2,0.0,2.9,48.2,1019.3,85.0,S,1,Shanghai,McLaren
36,23,NOR,37,0,19,19,20,0,38,25.8,19.2,0.0,2.8,48.4,1019.4,90.0,S,2,Shanghai,McLaren
37,23,NOR,38,0,19,19,20,0,38,25.6,18.9,0.0,3.1,47.5,1019.4,82.0,S,3,Shanghai,McLaren
38,23,NOR,39,0,19,19,20,0,38,25.6,19.1,0.0,3.0,47.6,1019.4,86.0,S,4,Shanghai,McLaren
39,23,NOR,40,0,19,19,20,0,39,25.7,19.0,0.0,3.4,48.3,1019.3,91.0,S,5,Shanghai,McLaren
40,23,NOR,41,0,19,19,20,0,38,25.7,19.0,0.0,3.4,48.3,1019.4,85.0,S,6,Shanghai,McLaren
41,23,NOR,42,0,19,18,20,0,38,25.7,19.1,0.0,4.1,48.5,1019.3,97.0,S,7,Shanghai,McLaren
42,23,NOR,43,0,18,17,20,0,38,25.8,18.9,0.0,3.3,49.1,1019.4,99.0,S,8,Shanghai,McLaren
43,23,NOR,44,0,17,17,20,0,38,25.8,19.1,0.0,3.3,49.0,1019.3,76.0,S,9,Shanghai,McLaren
44,23,NOR,45,0,17,17,20,0,38,25.8,19.2,0.0,3.4,48.8,1019.3,95.0,S,10,Shanghai,McLaren
45,23,NOR,46,0,17,17,20,0,38,25.4,19.1,0.0,3.7,48.6,1019.3,80.0,S,11,Shanghai,McLaren
46,23,NOR,47,0,17,17,20,0,38,25.3,18.9,0.0,3.1,49.7,1019.3,90.0,S,12,Shanghai,McLaren
47,23,NOR,48,0,17,17,20,0,38,25.2,19.0,0.0,3.1,50.1,1019.2,86.0,S,13,Shanghai,McLaren
48,23,NOR,49,0,17,17,20,0,38,25.3,19.0,0.0,3.3,50.4,1019.3,106.0,S,14,Shanghai,McLaren
49,23,NOR,50,0,17,16,20,0,37,25.2,19.0,0.0,3.2,51.1,1019.3,76.0,S,15,Shanghai,McLaren
0,23,STR,1,2,13,13,13,0,32,28.9,19.4,0.0,2.6,45.1,1019.1,79.0,M,0,Shanghai,Racing Point
1,23,STR,2,2,13,13,13,0,28,28.9,19.7,0.0,4.0,45.1,1019.1,87.0,M,1,Shanghai,Racing Point
2,23,STR,3,0,13,13,13,0,30,28.5,19.7,0.0,4.1,43.3,1019.1,92.0,M,2,Shanghai,Racing Point
3,23,STR,4,0,13,13,13,0,31,28.3,19.6,0.0,3.3,43.8,1019.1,89.0,M,3,Shanghai,Racing Point
4,23,STR,5,0,13,13,13,0,31,28.3,19.6,0.0,3.9,43.9,1019.1,88.0,M,4,Shanghai,Racing Point
5,23,STR,6,0,13,13,13,0,30,28.1,19.5,0.0,3.4,43.5,1019.1,68.0,M,5,Shanghai,Racing Point
6,23,STR,7,0,13,13,13,0,30,27.9,19.5,0.0,3.2,44.7,1019.2,108.0,M,6,Shanghai,Racing Point
7,23,STR,8,0,13,12,13,0,25,27.9,19.6,0.0,4.0,45.0,1019.2,61.0,M,7,Shanghai,Racing Point
8,23,STR,9,0,12,11,13,0,25,27.9,19.6,0.0,3.6,45.1,1019.2,90.0,M,8,Shanghai,Racing Point
9,23,STR,10,0,11,11,13,0,25,27.8,19.5,0.0,3.9,45.7,1019.0,95.0,M,9,Shanghai,Racing Point
10,23,STR,11,0,11,11,13,0,26,27.5,19.7,0.0,3.6,44.6,1019.1,101.0,M,10,Shanghai,Racing Point
11,23,STR,12,0,11,10,13,0,27,27.6,19.6,0.0,3.2,43.3,1019.2,85.0,M,11,Shanghai,Racing Point
12,23,STR,13,0,10,10,13,0,28,27.2,19.6,0.0,4.3,43.5,1019.2,106.0,M,12,Shanghai,Racing Point
13,23,STR,14,0,10,10,13,0,29,27.2,19.5,0.0,4.8,43.3,1019.2,102.0,M,13,Shanghai,Racing Point
14,23,STR,15,0,10,10,13,0,29,27.0,19.3,0.0,3.2,44.2,1019.2,94.0,M,14,Shanghai,Racing Point
15,23,STR,16,0,10,10,13,0,30,27.0,19.4,0.0,3.8,44.4,1019.2,92.0,M,15,Shanghai,Racing Point
16,23,STR,17,0,10,10,13,0,30,26.8,19.5,0.0,4.3,45.0,1019.1,90.0,M,16,Shanghai,Racing Point
17,23,STR,18,0,10,10,13,0,31,26.7,19.3,0.0,2.7,46.2,1019.2,91.0,M,17,Shanghai,Racing Point
18,23,STR,19,0,10,9,13,0,31,26.7,19.3,0.0,3.5,46.5,1019.3,82.0,M,18,Shanghai,Racing Point
19,23,STR,20,0,9,10,13,0,30,26.5,19.4,0.0,2.7,45.9,1019.2,74.0,M,19,Shanghai,Racing Point
20,23,STR,21,0,10,15,13,0,30,26.4,19.7,0.0,3.7,45.5,1019.2,86.0,H,0,Shanghai,Racing Point
21,23,STR,22,0,15,15,13,0,29,26.4,19.5,0.0,3.7,45.3,1019.2,89.0,H,1,Shanghai,Racing Point
22,23,STR,23,0,15,15,13,0,29,26.1,19.3,0.0,3.0,46.6,1019.3,72.0,H,2,Shanghai,Racing Point
23,23,STR,24,0,15,15,13,0,29,26.1,19.3,0.0,3.1,47.1,1019.3,76.0,H,3,Shanghai,Racing Point
24,23,STR,25,0,15,15,13,0,28,26.0,19.3,0.0,4.2,47.1,1019.4,91.0,H,4,Shanghai,Racing Point
25,23,STR,26,0,15,14,13,0,28,25.9,19.4,0.0,3.3,47.6,1019.2,79.0,H,5,Shanghai,Racing Point
26,23,STR,27,0,14,13,13,0,27,26.0,19.4,0.0,4.4,47.3,1019.2,90.0,H,6,Shanghai,Racing Point
27,23,STR,28,0,13,13,13,0,27,25.7,19.2,0.0,4.1,47.9,1019.3,85.0,H,7,Shanghai,Racing Point
28,23,STR,29,0,13,13,13,0,27,25.6,19.2,0.0,4.0,47.7,1019.2,87.0,H,8,Shanghai,Racing Point
29,23,STR,30,0,13,13,13,0,27,25.6,19.1,0.0,3.3,46.3,1019.1,75.0,H,9,Shanghai,Racing Point
30,23,STR,31,0,13,12,13,0,27,25.5,19.0,0.0,3.4,46.7,1019.3,107.0,H,10,Shanghai,Racing Point
31,23,STR,32,0,12,12,13,0,27,25.5,18.9,0.0,3.6,47.6,1019.3,77.0,H,11,Shanghai,Racing Point
32,23,STR,33,0,12,12,13,0,27,25.5,19.1,0.0,3.0,48.3,1019.3,87.0,H,12,Shanghai,Racing Point
33,23,STR,34,0,12,12,13,0,27,25.9,19.0,0.0,4.0,48.3,1019.3,90.0,H,13,Shanghai,Racing Point
34,23,STR,35,0,12,11,13,0,28,25.7,19.2,0.0,2.9,48.2,1019.3,85.0,H,14,Shanghai,Racing Point
35,23,STR,36,0,11,11,13,0,28,25.7,19.1,0.0,3.8,48.2,1019.3,88.0,H,15,Shanghai,Racing Point
36,23,STR,37,0,11,11,13,0,28,25.8,19.2,0.0,2.8,48.4,1019.4,90.0,H,16,Shanghai,Racing Point
37,23,STR,38,0,11,11,13,0,27,25.7,19.3,0.0,4.2,47.3,1019.3,89.0,H,17,Shanghai,Racing Point
38,23,STR,39,0,11,11,13,0,27,25.6,19.2,0.0,4.4,47.6,1019.4,91.0,H,18,Shanghai,Racing Point
39,23,STR,40,0,11,11,13,0,27,25.6,19.0,0.0,3.8,47.6,1019.4,96.0,H,19,Shanghai,Racing Point
40,23,STR,41,0,11,11,13,0,27,25.6,19.1,0.0,3.0,47.6,1019.4,86.0,H,20,Shanghai,Racing Point
41,23,STR,42,0,11,11,13,0,27,25.7,19.1,0.0,4.0,47.8,1019.3,86.0,H,21,Shanghai,Racing Point
42,23,STR,43,0,11,11,13,0,27,25.7,19.0,0.0,3.4,48.3,1019.3,91.0,H,22,Shanghai,Racing Point
43,23,STR,44,0,11,11,13,0,27,25.7,19.0,0.0,3.4,48.3,1019.4,85.0,H,23,Shanghai,Racing Point
44,23,STR,45,0,11,13,13,0,26,25.7,19.1,0.0,4.1,48.5,1019.3,97.0,S,0,Shanghai,Racing Point
45,23,STR,46,0,13,13,13,0,27,25.8,18.9,0.0,3.3,49.1,1019.4,99.0,S,1,Shanghai,Racing Point
46,23,STR,47,0,13,13,13,0,27,25.8,19.1,0.0,3.3,49.0,1019.3,76.0,S,2,Shanghai,Racing Point
47,23,STR,48,0,13,13,13,0,27,25.8,19.2,0.0,3.4,48.8,1019.3,95.0,S,3,Shanghai,Racing Point
48,23,STR,49,0,13,13,13,0,27,25.4,19.2,0.0,4.4,48.3,1019.4,85.0,S,4,Shanghai,Racing Point
49,23,STR,50,0,13,13,13,0,27,25.4,19.1,0.0,3.7,48.6,1019.3,80.0,S,5,Shanghai,Racing Point
50,23,STR,51,0,13,13,13,0,27,25.3,19.1,0.0,4.0,48.8,1019.3,81.0,S,6,Shanghai,Racing Point
51,23,STR,52,0,13,13,13,0,28,25.3,18.9,0.0,3.1,49.7,1019.3,90.0,S,7,Shanghai,Racing Point
52,23,STR,53,0,13,13,13,0,28,25.2,19.0,0.0,2.7,49.8,1019.3,87.0,S,8,Shanghai,Racing Point
53,23,STR,54,0,13,13,13,0,28,25.3,19.0,0.0,3.3,50.4,1019.3,106.0,S,9,Shanghai,Racing Point
54,23,STR,55,0,13,12,13,0,29,25.2,19.0,0.0,3.2,51.1,1019.3,76.0,S,10,Shanghai,Racing Point
0,23,RUS,1,2,15,15,15,0,56,28.8,19.6,0.0,3.0,44.7,1019.2,130.0,M,0,Shanghai,Williams
1,23,RUS,2,2,15,15,15,0,61,28.8,19.4,0.0,2.7,45.4,1019.1,113.0,M,1,Shanghai,Williams
2,23,RUS,3,0,15,16,15,0,60,28.9,19.7,0.0,4.0,45.1,1019.1,87.0,M,2,Shanghai,Williams
3,23,RUS,4,0,16,17,15,0,59,28.9,19.8,0.0,3.2,43.4,1019.1,84.0,M,3,Shanghai,Williams
4,23,RUS,5,0,17,17,15,0,59,28.3,19.6,0.0,3.9,43.9,1019.1,88.0,M,4,Shanghai,Williams
5,23,RUS,6,0,17,17,15,0,59,28.2,19.4,0.0,4.0,44.0,1019.1,91.0,M,5,Shanghai,Williams
6,23,RUS,7,0,17,15,15,0,59,28.1,19.5,0.0,3.4,43.5,1019.1,68.0,M,6,Shanghai,Williams
7,23,RUS,8,0,15,15,15,0,57,28.1,19.5,0.0,3.7,43.9,1019.1,86.0,M,7,Shanghai,Williams
8,23,RUS,9,0,15,14,15,0,57,28.0,19.6,0.0,3.6,44.5,1019.2,99.0,M,8,Shanghai,Williams
9,23,RUS,10,0,14,13,15,0,57,27.9,19.5,0.0,3.2,44.7,1019.2,108.0,M,9,Shanghai,Williams
10,23,RUS,11,0,13,13,15,0,58,27.9,19.6,0.0,3.6,45.1,1019.2,90.0,M,10,Shanghai,Williams
11,23,RUS,12,0,13,12,15,0,58,27.8,19.6,0.0,3.6,45.2,1019.1,84.0,M,11,Shanghai,Williams
12,23,RUS,13,0,12,12,15,0,58,27.8,19.6,0.0,3.3,45.3,1019.1,76.0,M,12,Shanghai,Williams
13,23,RUS,14,0,12,12,15,0,58,27.8,19.5,0.0,3.9,45.7,1019.0,95.0,M,13,Shanghai,Williams
14,23,RUS,15,0,12,12,15,0,58,27.5,19.7,0.0,3.6,44.6,1019.1,101.0,M,14,Shanghai,Williams
15,23,RUS,16,0,12,12,15,0,58,27.5,19.6,0.0,3.2,44.1,1019.2,90.0,M,15,Shanghai,Williams
16,23,RUS,17,0,12,15,15,0,57,27.6,19.7,0.0,4.1,43.2,1019.2,96.0,M,16,Shanghai,Williams
17,23,RUS,18,0,15,16,15,0,56,27.6,19.6,0.0,3.2,43.3,1019.2,85.0,M,17,Shanghai,Williams
18,23,RUS,19,0,16,16,15,0,55,27.2,19.6,0.0,3.8,43.3,1019.2,104.0,M,18,Shanghai,Williams
19,23,RUS,20,0,16,15,15,0,54,27.2,19.5,0.0,4.8,43.3,1019.2,102.0,M,19,Shanghai,Williams
20,23,RUS,21,0,15,16,15,0,54,27.0,19.3,0.0,3.6,43.7,1019.2,95.0,M,20,Shanghai,Williams
21,23,RUS,22,0,16,17,15,0,53,27.0,19.3,0.0,3.2,44.2,1019.2,94.0,M,21,Shanghai,Williams
22,23,RUS,23,0,17,18,15,0,52,27.0,19.4,0.0,3.8,44.4,1019.2,92.0,H,0,Shanghai,Williams
23,23,RUS,24,0,18,18,15,0,52,27.0,19.5,0.0,3.7,44.5,1019.2,82.0,H,1,Shanghai,Williams
24,23,RUS,25,0,18,18,15,0,52,27.0,19.4,0.0,4.0,44.9,1019.2,90.0,H,2,Shanghai,Williams
25,23,RUS,26,0,18,18,15,0,52,26.8,19.4,0.0,3.7,45.2,1019.1,86.0,H,3,Shanghai,Williams
26,23,RUS,27,0,18,17,15,0,52,26.4,19.4,0.0,3.0,45.9,1019.2,87.0,H,4,Shanghai,Williams
27,23,RUS,28,0,17,17,15,0,53,26.5,19.4,0.0,2.7,45.9,1019.2,74.0,H,5,Shanghai,Williams
28,23,RUS,29,0,17,17,15,0,52,26.5,19.5,0.0,2.8,45.7,1019.3,87.0,H,6,Shanghai,Williams
29,23,RUS,30,0,17,17,15,0,53,26.4,19.7,0.0,3.7,45.5,1019.2,86.0,H,7,Shanghai,Williams
30,23,RUS,31,0,17,16,15,0,52,26.1,19.3,0.0,3.0,46.6,1019.3,72.0,H,8,Shanghai,Williams
31,23,RUS,32,0,16,16,15,0,52,25.6,19.2,0.0,4.0,47.7,1019.2,87.0,H,9,Shanghai,Williams
32,23,RUS,33,0,16,16,15,0,53,25.6,18.9,0.0,3.8,48.0,1019.2,74.0,H,10,Shanghai,Williams
33,23,RUS,34,0,16,16,15,0,53,25.6,19.1,0.0,2.8,47.7,1019.2,79.0,H,11,Shanghai,Williams
34,23,RUS,35,0,16,16,15,0,53,25.5,19.0,0.0,3.4,46.7,1019.3,107.0,H,12,Shanghai,Williams
35,23,RUS,36,0,16,16,15,0,53,25.5,18.9,0.0,3.6,47.6,1019.3,77.0,H,13,Shanghai,Williams
36,23,RUS,37,0,16,16,15,0,53,25.5,19.0,0.0,3.6,49.1,1019.3,87.0,H,14,Shanghai,Williams
37,23,RUS,38,0,16,16,15,0,52,25.9,19.0,0.0,4.0,48.3,1019.3,90.0,H,15,Shanghai,Williams
38,23,RUS,39,0,16,16,15,0,52,25.7,19.1,0.0,3.8,48.2,1019.3,88.0,H,16,Shanghai,Williams
39,23,RUS,40,0,16,17,15,0,52,25.8,19.2,0.0,2.8,48.4,1019.4,90.0,H,17,Shanghai,Williams
40,23,RUS,41,0,17,16,15,0,52,25.6,19.2,0.0,4.4,47.6,1019.4,91.0,H,18,Shanghai,Williams
41,23,RUS,42,0,16,16,15,0,52,25.6,19.0,0.0,3.3,47.5,1019.4,84.0,H,19,Shanghai,Williams
42,23,RUS,43,0,16,16,15,0,52,25.6,18.9,0.0,3.1,47.5,1019.4,82.0,H,20,Shanghai,Williams
43,23,RUS,44,0,16,16,15,0,52,25.6,19.0,0.0,3.8,47.6,1019.4,96.0,H,21,Shanghai,Williams
44,23,RUS,45,0,16,16,15,0,52,25.7,19.1,0.0,4.0,47.8,1019.3,86.0,H,22,Shanghai,Williams
45,23,RUS,46,0,16,16,15,0,52,25.7,19.0,0.0,3.4,48.3,1019.4,85.0,H,23,Shanghai,Williams
46,23,RUS,47,0,16,16,15,0,52,25.8,18.9,0.0,3.3,49.1,1019.4,99.0,H,24,Shanghai,Williams
47,23,RUS,48,0,16,16,15,0,52,25.8,19.1,0.0,3.3,49.0,1019.3,76.0,H,25,Shanghai,Williams
48,23,RUS,49,0,16,16,15,0,51,25.8,19.2,0.0,3.4,48.8,1019.3,95.0,H,26,Shanghai,Williams
49,23,RUS,50,0,16,17,15,0,51,25.4,19.1,0.0,3.7,48.6,1019.3,80.0,S,0,Shanghai,Williams
50,23,RUS,51,0,17,16,15,0,52,25.2,19.0,0.0,2.7,49.8,1019.3,87.0,S,1,Shanghai,Williams
51,23,RUS,52,0,16,16,15,0,52,25.3,19.0,0.0,3.3,50.4,1019.3,106.0,S,2,Shanghai,Williams
52,23,RUS,53,0,16,16,15,0,53,25.2,19.0,0.0,3.2,51.1,1019.3,76.0,S,3,Shanghai,Williams
53,23,RUS,54,0,16,16,15,0,54,25.1,19.0,0.0,3.0,51.1,1019.3,76.0,S,4,Shanghai,Williams
0,23,KUB,1,2,16,16,16,0,40,28.8,19.6,0.0,3.0,44.7,1019.2,130.0,M,0,Shanghai,Williams
1,23,KUB,2,2,16,17,16,0,35,28.8,19.4,0.0,2.7,45.4,1019.1,113.0,M,1,Shanghai,Williams
2,23,KUB,3,0,17,18,16,0,34,28.9,19.4,0.0,2.6,45.1,1019.1,79.0,M,2,Shanghai,Williams
3,23,KUB,4,0,18,18,16,0,32,28.9,19.7,0.0,4.0,45.1,1019.1,87.0,M,3,Shanghai,Williams
4,23,KUB,5,0,18,18,16,0,30,28.5,19.7,0.0,4.1,43.3,1019.1,92.0,M,4,Shanghai,Williams
5,23,KUB,6,0,18,18,16,0,31,28.3,19.6,0.0,3.3,43.8,1019.1,89.0,M,5,Shanghai,Williams
6,23,KUB,7,0,18,18,16,0,32,28.1,19.6,0.0,2.7,44.0,1019.2,97.0,M,6,Shanghai,Williams
7,23,KUB,8,0,18,16,16,0,46,28.0,19.6,0.0,3.6,44.5,1019.2,99.0,M,7,Shanghai,Williams
8,23,KUB,9,0,16,15,16,0,47,27.9,19.5,0.0,3.2,44.7,1019.2,108.0,M,8,Shanghai,Williams
9,23,KUB,10,0,15,14,16,0,46,27.9,19.6,0.0,4.0,45.0,1019.2,61.0,M,9,Shanghai,Williams
10,23,KUB,11,0,14,14,16,0,45,27.8,19.6,0.0,3.3,45.3,1019.1,76.0,M,10,Shanghai,Williams
11,23,KUB,12,0,14,13,16,0,44,27.5,19.7,0.0,3.6,44.6,1019.1,101.0,M,11,Shanghai,Williams
12,23,KUB,13,0,13,17,16,0,42,27.6,19.7,0.0,4.1,43.2,1019.2,96.0,M,12,Shanghai,Williams
13,23,KUB,14,0,17,18,16,0,39,27.6,19.6,0.0,3.2,43.3,1019.2,85.0,M,13,Shanghai,Williams
14,23,KUB,15,0,18,18,16,0,38,27.2,19.8,0.0,3.3,43.0,1019.2,90.0,M,14,Shanghai,Williams
15,23,KUB,16,0,18,18,16,0,38,27.2,19.6,0.0,3.8,43.3,1019.2,104.0,M,15,Shanghai,Williams
16,23,KUB,17,0,18,17,16,0,38,27.0,19.3,0.0,3.6,43.7,1019.2,95.0,M,16,Shanghai,Williams
17,23,KUB,18,0,17,17,16,0,39,27.0,19.3,0.0,3.2,44.2,1019.2,94.0,M,17,Shanghai,Williams
18,23,KUB,19,0,17,17,16,0,39,26.8,19.5,0.0,4.3,45.0,1019.1,90.0,M,18,Shanghai,Williams
19,23,KUB,20,0,17,18,16,0,38,26.8,19.4,0.0,3.7,45.2,1019.1,86.0,M,19,Shanghai,Williams
20,23,KUB,21,0,18,18,16,0,37,26.6,19.4,0.0,3.9,45.5,1019.1,109.0,M,20,Shanghai,Williams
21,23,KUB,22,0,18,18,16,0,37,26.4,19.4,0.0,3.0,45.9,1019.2,87.0,M,21,Shanghai,Williams
22,23,KUB,23,0,18,17,16,0,36,26.7,19.3,0.0,2.7,46.2,1019.2,91.0,M,22,Shanghai,Williams
23,23,KUB,24,0,17,17,16,0,35,26.7,19.3,0.0,3.5,46.5,1019.3,82.0,M,23,Shanghai,Williams
24,23,KUB,25,0,17,17,16,0,35,26.7,19.4,0.0,2.7,45.6,1019.2,85.0,M,24,Shanghai,Williams
25,23,KUB,26,0,17,17,16,0,35,26.5,19.4,0.0,2.7,45.9,1019.2,74.0,M,25,Shanghai,Williams
26,23,KUB,27,0,17,19,16,0,33,26.5,19.5,0.0,2.8,45.7,1019.3,87.0,H,0,Shanghai,Williams
27,23,KUB,28,0,19,19,16,0,33,26.4,19.5,0.0,3.7,45.3,1019.2,89.0,H,1,Shanghai,Williams
28,23,KUB,29,0,19,19,16,0,33,26.2,19.4,0.0,4.3,45.3,1019.3,86.0,H,2,Shanghai,Williams
29,23,KUB,30,0,19,19,16,0,34,26.2,19.3,0.0,4.1,46.0,1019.3,101.0,H,3,Shanghai,Williams
30,23,KUB,31,0,19,19,16,0,34,25.9,19.4,0.0,3.3,47.6,1019.2,79.0,H,4,Shanghai,Williams
31,23,KUB,32,0,19,19,16,0,34,25.6,19.2,0.0,4.0,47.7,1019.2,87.0,H,5,Shanghai,Williams
32,23,KUB,33,0,19,19,16,0,34,25.6,18.9,0.0,3.8,48.0,1019.2,74.0,H,6,Shanghai,Williams
33,23,KUB,34,0,19,19,16,0,35,25.6,19.1,0.0,2.8,47.7,1019.2,79.0,H,7,Shanghai,Williams
34,23,KUB,35,0,19,18,16,0,35,25.6,19.2,0.0,2.9,46.9,1019.2,104.0,H,8,Shanghai,Williams
35,23,KUB,36,0,18,18,16,0,35,25.5,19.0,0.0,3.4,46.7,1019.3,107.0,H,9,Shanghai,Williams
36,23,KUB,37,0,18,18,16,0,35,25.5,18.9,0.0,3.6,47.6,1019.3,77.0,H,10,Shanghai,Williams
37,23,KUB,38,0,18,18,16,0,35,25.5,19.1,0.0,3.0,48.3,1019.3,87.0,H,11,Shanghai,Williams
38,23,KUB,39,0,18,18,16,0,35,25.5,19.0,0.0,3.6,49.1,1019.3,87.0,H,12,Shanghai,Williams
39,23,KUB,40,0,18,18,16,0,35,25.9,19.0,0.0,4.0,48.3,1019.3,90.0,H,13,Shanghai,Williams
40,23,KUB,41,0,18,18,16,0,35,25.7,19.1,0.0,3.8,48.2,1019.3,88.0,H,14,Shanghai,Williams
41,23,KUB,42,0,18,17,16,0,35,25.6,19.2,0.0,4.4,47.6,1019.4,91.0,H,15,Shanghai,Williams
42,23,KUB,43,0,17,18,16,0,34,25.6,18.9,0.0,3.1,47.5,1019.4,82.0,H,16,Shanghai,Williams
43,23,KUB,44,0,18,18,16,0,33,25.6,19.1,0.0,3.0,47.6,1019.4,86.0,H,17,Shanghai,Williams
44,23,KUB,45,0,18,18,16,0,33,25.7,19.0,0.0,3.4,48.3,1019.4,85.0,H,18,Shanghai,Williams
45,23,KUB,46,0,18,18,16,0,33,25.7,19.1,0.0,4.1,48.5,1019.3,97.0,H,19,Shanghai,Williams
46,23,KUB,47,0,18,18,16,0,33,25.8,18.9,0.0,3.3,49.1,1019.4,99.0,H,20,Shanghai,Williams
47,23,KUB,48,0,18,18,16,0,33,25.8,19.1,0.0,3.3,49.0,1019.3,76.0,H,21,Shanghai,Williams
48,23,KUB,49,0,18,18,16,0,32,25.8,19.2,0.0,3.4,48.8,1019.3,95.0,H,22,Shanghai,Williams
49,23,KUB,50,0,18,18,16,0,32,25.4,19.2,0.0,4.4,48.3,1019.4,85.0,H,23,Shanghai,Williams
50,23,KUB,51,0,18,17,16,0,32,25.4,19.1,0.0,3.7,48.6,1019.3,80.0,H,24,Shanghai,Williams
51,23,KUB,52,0,17,17,16,0,32,25.2,19.0,0.0,3.1,50.1,1019.2,86.0,H,25,Shanghai,Williams
52,23,KUB,53,0,17,17,16,0,31,25.3,19.0,0.0,3.3,50.4,1019.3,106.0,H,26,Shanghai,Williams
53,23,KUB,54,0,17,17,16,0,31,25.1,19.0,0.0,3.0,51.1,1019.3,76.0,H,27,Shanghai,Williams
0,23,GIO,1,2,14,14,14,0,38,28.8,19.4,0.0,2.7,45.4,1019.1,113.0,S,0,Shanghai,Alfa Romeo Racing
1,23,GIO,2,2,14,14,14,0,44,28.9,19.7,0.0,4.0,45.1,1019.1,87.0,S,1,Shanghai,Alfa Romeo Racing
2,23,GIO,3,0,14,14,14,0,46,28.9,19.8,0.0,3.2,43.4,1019.1,84.0,S,2,Shanghai,Alfa Romeo Racing
3,23,GIO,4,0,14,15,14,0,45,28.5,19.7,0.0,4.1,43.3,1019.1,92.0,S,3,Shanghai,Alfa Romeo Racing
4,23,GIO,5,0,15,16,14,0,43,28.2,19.4,0.0,4.0,44.0,1019.1,91.0,S,4,Shanghai,Alfa Romeo Racing
5,23,GIO,6,0,16,16,14,0,39,28.1,19.5,0.0,3.4,43.5,1019.1,68.0,S,5,Shanghai,Alfa Romeo Racing
6,23,GIO,7,0,16,17,14,0,37,28.1,19.5,0.0,3.7,43.9,1019.1,86.0,S,6,Shanghai,Alfa Romeo Racing
7,23,GIO,8,0,17,18,14,0,32,28.1,19.6,0.0,4.6,43.4,1019.1,77.0,M,0,Shanghai,Alfa Romeo Racing
8,23,GIO,9,0,18,18,14,0,34,28.1,19.6,0.0,2.7,44.0,1019.2,97.0,M,1,Shanghai,Alfa Romeo Racing
9,23,GIO,10,0,18,18,14,0,34,28.0,19.7,0.0,3.5,44.8,1019.2,84.0,M,2,Shanghai,Alfa Romeo Racing
10,23,GIO,11,0,18,18,14,0,34,27.8,19.6,0.0,3.3,45.3,1019.1,76.0,M,3,Shanghai,Alfa Romeo Racing
11,23,GIO,12,0,18,18,14,0,35,27.8,19.5,0.0,3.9,45.7,1019.0,95.0,M,4,Shanghai,Alfa Romeo Racing
12,23,GIO,13,0,18,18,14,0,35,27.5,19.6,0.0,3.2,44.1,1019.2,90.0,M,5,Shanghai,Alfa Romeo Racing
13,23,GIO,14,0,18,17,14,0,35,27.6,19.6,0.0,3.2,43.3,1019.2,85.0,M,6,Shanghai,Alfa Romeo Racing
14,23,GIO,15,0,17,17,14,0,35,27.2,19.8,0.0,3.3,43.0,1019.2,90.0,M,7,Shanghai,Alfa Romeo Racing
15,23,GIO,16,0,17,16,14,0,35,27.2,19.6,0.0,4.3,43.5,1019.2,106.0,M,8,Shanghai,Alfa Romeo Racing
16,23,GIO,17,0,16,16,14,0,35,27.2,19.5,0.0,4.8,43.3,1019.2,102.0,M,9,Shanghai,Alfa Romeo Racing
17,23,GIO,18,0,16,15,14,0,35,27.0,19.3,0.0,3.2,44.2,1019.2,94.0,M,10,Shanghai,Alfa Romeo Racing
18,23,GIO,19,0,15,15,14,0,35,27.0,19.5,0.0,3.7,44.5,1019.2,82.0,M,11,Shanghai,Alfa Romeo Racing
19,23,GIO,20,0,15,14,14,0,35,27.0,19.4,0.0,4.0,44.9,1019.2,90.0,M,12,Shanghai,Alfa Romeo Racing
20,23,GIO,21,0,14,13,14,0,34,26.8,19.5,0.0,4.3,45.0,1019.1,90.0,M,13,Shanghai,Alfa Romeo Racing
21,23,GIO,22,0,13,13,14,0,34,26.8,19.4,0.0,3.7,45.2,1019.1,86.0,M,14,Shanghai,Alfa Romeo Racing
22,23,GIO,23,0,13,13,14,0,34,26.6,19.4,0.0,3.9,45.5,1019.1,109.0,M,15,Shanghai,Alfa Romeo Racing
23,23,GIO,24,0,13,13,14,0,34,26.4,19.4,0.0,3.0,45.9,1019.2,87.0,M,16,Shanghai,Alfa Romeo Racing
24,23,GIO,25,0,13,12,14,0,34,26.4,19.3,0.0,3.2,46.2,1019.1,103.0,M,17,Shanghai,Alfa Romeo Racing
25,23,GIO,26,0,12,13,14,0,35,26.7,19.3,0.0,3.5,46.5,1019.3,82.0,M,18,Shanghai,Alfa Romeo Racing
26,23,GIO,27,0,13,14,14,0,34,26.7,19.4,0.0,2.7,45.6,1019.2,85.0,M,19,Shanghai,Alfa Romeo Racing
27,23,GIO,28,0,14,14,14,0,34,26.5,19.4,0.0,2.7,45.9,1019.2,74.0,M,20,Shanghai,Alfa Romeo Racing
28,23,GIO,29,0,14,14,14,0,33,26.2,19.4,0.0,4.3,45.3,1019.3,86.0,M,21,Shanghai,Alfa Romeo Racing
29,23,GIO,30,0,14,15,14,0,33,26.1,19.3,0.0,3.0,46.6,1019.3,72.0,M,22,Shanghai,Alfa Romeo Racing
30,23,GIO,31,0,15,15,14,0,32,25.9,19.4,0.0,3.3,47.6,1019.2,79.0,M,0,Shanghai,Alfa Romeo Racing
31,23,GIO,32,0,15,15,14,0,33,25.7,19.2,0.0,4.1,47.9,1019.3,85.0,M,1,Shanghai,Alfa Romeo Racing
32,23,GIO,33,0,15,15,14,0,33,25.6,18.9,0.0,3.8,48.0,1019.2,74.0,M,2,Shanghai,Alfa Romeo Racing
33,23,GIO,34,0,15,15,14,0,33,25.6,19.1,0.0,2.8,47.7,1019.2,79.0,M,3,Shanghai,Alfa Romeo Racing
34,23,GIO,35,0,15,15,14,0,33,25.6,19.2,0.0,2.9,46.9,1019.2,104.0,M,4,Shanghai,Alfa Romeo Racing
35,23,GIO,36,0,15,15,14,0,33,25.5,19.0,0.0,3.4,46.7,1019.3,107.0,M,5,Shanghai,Alfa Romeo Racing
36,23,GIO,37,0,15,14,14,0,33,25.5,18.9,0.0,3.6,47.6,1019.3,77.0,M,6,Shanghai,Alfa Romeo Racing
37,23,GIO,38,0,14,14,14,0,33,25.5,19.1,0.0,3.0,48.3,1019.3,87.0,M,7,Shanghai,Alfa Romeo Racing
38,23,GIO,39,0,14,14,14,0,33,25.5,19.0,0.0,3.6,49.1,1019.3,87.0,M,8,Shanghai,Alfa Romeo Racing
39,23,GIO,40,0,14,14,14,0,33,25.9,19.0,0.0,4.0,48.3,1019.3,90.0,M,9,Shanghai,Alfa Romeo Racing
40,23,GIO,41,0,14,14,14,0,33,25.7,19.2,0.0,2.9,48.2,1019.3,85.0,M,10,Shanghai,Alfa Romeo Racing
41,23,GIO,42,0,14,14,14,0,34,25.8,19.2,0.0,2.8,48.4,1019.4,90.0,M,11,Shanghai,Alfa Romeo Racing
42,23,GIO,43,0,14,14,14,0,33,25.7,19.3,0.0,4.2,47.3,1019.3,89.0,M,12,Shanghai,Alfa Romeo Racing
43,23,GIO,44,0,14,14,14,0,33,25.6,19.2,0.0,4.4,47.6,1019.4,91.0,M,13,Shanghai,Alfa Romeo Racing
44,23,GIO,45,0,14,14,14,0,33,25.6,19.0,0.0,3.3,47.5,1019.4,84.0,M,14,Shanghai,Alfa Romeo Racing
45,23,GIO,46,0,14,14,14,0,33,25.7,19.0,0.0,3.4,48.3,1019.3,91.0,M,15,Shanghai,Alfa Romeo Racing
46,23,GIO,47,0,14,14,14,0,32,25.7,19.0,0.0,3.4,48.3,1019.4,85.0,M,16,Shanghai,Alfa Romeo Racing
47,23,GIO,48,0,14,14,14,0,32,25.8,19.0,0.0,3.6,48.6,1019.4,83.0,M,17,Shanghai,Alfa Romeo Racing
48,23,GIO,49,0,14,14,14,0,32,25.8,19.1,0.0,3.3,49.0,1019.3,76.0,M,18,Shanghai,Alfa Romeo Racing
49,23,GIO,50,0,14,14,14,0,32,25.8,19.2,0.0,3.4,48.8,1019.3,95.0,M,19,Shanghai,Alfa Romeo Racing
50,23,GIO,51,0,14,14,14,0,32,25.4,19.1,0.0,3.7,48.6,1019.3,80.0,M,20,Shanghai,Alfa Romeo Racing
51,23,GIO,52,0,14,14,14,0,32,25.3,18.9,0.0,3.1,49.7,1019.3,90.0,M,21,Shanghai,Alfa Romeo Racing
52,23,GIO,53,0,14,15,14,0,33,25.2,19.0,0.0,2.7,49.8,1019.3,87.0,M,22,Shanghai,Alfa Romeo Racing
53,23,GIO,54,0,15,15,14,0,33,25.3,19.0,0.0,3.3,50.4,1019.3,106.0,M,23,Shanghai,Alfa Romeo Racing
54,23,GIO,55,0,15,15,14,0,33,25.1,19.0,0.0,3.0,51.1,1019.3,76.0,M,24,Shanghai,Alfa Romeo Racing
0,23,ALB,1,2,18,18,18,0,50,28.8,19.6,0.0,3.0,44.7,1019.2,130.0,S,0,Shanghai,Toro Rosso
1,23,ALB,2,2,18,18,18,0,56,28.8,19.4,0.0,2.7,45.4,1019.1,113.0,S,1,Shanghai,Toro Rosso
2,23,ALB,3,0,18,17,18,0,57,28.9,19.4,0.0,2.6,45.1,1019.1,79.0,S,2,Shanghai,Toro Rosso
3,23,ALB,4,0,17,16,18,0,56,28.5,19.7,0.0,4.1,43.3,1019.1,92.0,S,3,Shanghai,Toro Rosso
4,23,ALB,5,0,16,15,18,0,54,28.1,19.5,0.0,3.4,43.5,1019.1,68.0,S,4,Shanghai,Toro Rosso
5,23,ALB,6,0,15,15,18,0,54,28.1,19.5,0.0,3.7,43.9,1019.1,86.0,S,5,Shanghai,Toro Rosso
6,23,ALB,7,0,15,14,18,0,52,28.1,19.6,0.0,4.6,43.4,1019.1,77.0,S,6,Shanghai,Toro Rosso
7,23,ALB,8,0,14,14,18,0,48,28.0,19.6,0.0,3.6,44.5,1019.2,99.0,S,7,Shanghai,Toro Rosso
8,23,ALB,9,0,14,12,18,0,48,27.9,19.5,0.0,3.2,44.7,1019.2,108.0,S,8,Shanghai,Toro Rosso
9,23,ALB,10,0,12,12,18,0,48,27.9,19.6,0.0,4.0,45.0,1019.2,61.0,S,9,Shanghai,Toro Rosso
10,23,ALB,11,0,12,12,18,0,48,27.9,19.6,0.0,3.6,45.1,1019.2,90.0,S,10,Shanghai,Toro Rosso
11,23,ALB,12,0,12,11,18,0,48,28.0,19.7,0.0,3.5,44.8,1019.2,84.0,S,11,Shanghai,Toro Rosso
12,23,ALB,13,0,11,11,18,0,48,27.8,19.5,0.0,3.9,45.7,1019.0,95.0,S,12,Shanghai,Toro Rosso
13,23,ALB,14,0,11,11,18,0,48,27.5,19.7,0.0,3.6,44.6,1019.1,101.0,S,13,Shanghai,Toro Rosso
14,23,ALB,15,0,11,11,18,0,48,27.5,19.6,0.0,3.2,44.1,1019.2,90.0,S,14,Shanghai,Toro Rosso
15,23,ALB,16,0,11,11,18,0,48,27.6,19.6,0.0,3.2,43.3,1019.2,85.0,S,15,Shanghai,Toro Rosso
16,23,ALB,17,0,11,11,18,0,48,27.2,19.6,0.0,3.8,43.3,1019.2,104.0,S,16,Shanghai,Toro Rosso
17,23,ALB,18,0,11,11,18,0,49,27.0,19.3,0.0,3.6,43.7,1019.2,95.0,S,17,Shanghai,Toro Rosso
18,23,ALB,19,0,11,11,18,0,49,27.0,19.3,0.0,3.2,44.2,1019.2,94.0,S,18,Shanghai,Toro Rosso
19,23,ALB,20,0,11,16,18,0,48,27.0,19.4,0.0,3.8,44.4,1019.2,92.0,H,0,Shanghai,Toro Rosso
20,23,ALB,21,0,16,14,18,0,48,27.0,19.5,0.0,3.7,44.5,1019.2,82.0,H,1,Shanghai,Toro Rosso
21,23,ALB,22,0,14,14,18,0,48,26.8,19.5,0.0,4.3,45.0,1019.1,90.0,H,2,Shanghai,Toro Rosso
22,23,ALB,23,0,14,14,18,0,49,26.8,19.4,0.0,3.7,45.2,1019.1,86.0,H,3,Shanghai,Toro Rosso
23,23,ALB,24,0,14,14,18,0,49,26.4,19.3,0.0,3.2,46.2,1019.1,103.0,H,4,Shanghai,Toro Rosso
24,23,ALB,25,0,14,13,18,0,49,26.7,19.3,0.0,3.5,46.5,1019.3,82.0,H,5,Shanghai,Toro Rosso
25,23,ALB,26,0,13,12,18,0,49,26.7,19.4,0.0,3.2,46.3,1019.1,98.0,H,6,Shanghai,Toro Rosso
26,23,ALB,27,0,12,12,18,0,48,26.5,19.4,0.0,2.7,45.9,1019.2,74.0,H,7,Shanghai,Toro Rosso
27,23,ALB,28,0,12,12,18,0,48,26.5,19.5,0.0,2.8,45.7,1019.3,87.0,H,8,Shanghai,Toro Rosso
28,23,ALB,29,0,12,12,18,0,48,26.2,19.4,0.0,4.3,45.3,1019.3,86.0,H,9,Shanghai,Toro Rosso
29,23,ALB,30,0,12,11,18,0,49,26.2,19.3,0.0,4.1,46.0,1019.3,101.0,H,10,Shanghai,Toro Rosso
30,23,ALB,31,0,11,11,18,0,49,26.1,19.3,0.0,3.0,46.6,1019.3,72.0,H,11,Shanghai,Toro Rosso
31,23,ALB,32,0,11,11,18,0,49,26.0,19.3,0.0,4.2,47.1,1019.4,91.0,H,12,Shanghai,Toro Rosso
32,23,ALB,33,0,11,11,18,0,49,26.0,19.4,0.0,4.4,47.3,1019.2,90.0,H,13,Shanghai,Toro Rosso
33,23,ALB,34,0,11,11,18,0,48,25.7,19.2,0.0,4.1,47.9,1019.3,85.0,H,14,Shanghai,Toro Rosso
34,23,ALB,35,0,11,10,18,0,48,25.6,19.1,0.0,4.0,47.8,1019.2,104.0,H,15,Shanghai,Toro Rosso
35,23,ALB,36,0,10,10,18,0,48,25.6,19.1,0.0,2.8,47.7,1019.2,79.0,H,16,Shanghai,Toro Rosso
36,23,ALB,37,0,10,10,18,0,48,25.6,19.2,0.0,2.9,46.9,1019.2,104.0,H,17,Shanghai,Toro Rosso
37,23,ALB,38,0,10,10,18,0,48,25.5,19.0,0.0,3.4,46.7,1019.3,107.0,H,18,Shanghai,Toro Rosso
38,23,ALB,39,0,10,10,18,0,48,25.5,18.9,0.0,3.6,47.6,1019.3,77.0,H,19,Shanghai,Toro Rosso
39,23,ALB,40,0,10,10,18,0,48,25.9,19.0,0.0,4.0,48.3,1019.3,90.0,H,20,Shanghai,Toro Rosso
40,23,ALB,41,0,10,10,18,0,48,25.7,19.1,0.0,3.8,48.2,1019.3,88.0,H,21,Shanghai,Toro Rosso
41,23,ALB,42,0,10,10,18,0,48,25.8,19.2,0.0,2.8,48.4,1019.4,90.0,H,22,Shanghai,Toro Rosso
42,23,ALB,43,0,10,10,18,0,48,25.7,19.3,0.0,4.2,47.3,1019.3,89.0,H,23,Shanghai,Toro Rosso
43,23,ALB,44,0,10,10,18,0,48,25.6,19.2,0.0,4.4,47.6,1019.4,91.0,H,24,Shanghai,Toro Rosso
44,23,ALB,45,0,10,10,18,0,48,25.6,19.0,0.0,3.3,47.5,1019.4,84.0,H,25,Shanghai,Toro Rosso
45,23,ALB,46,0,10,10,18,0,47,25.6,19.0,0.0,3.8,47.6,1019.4,96.0,H,26,Shanghai,Toro Rosso
46,23,ALB,47,0,10,10,18,0,47,25.7,19.1,0.0,4.0,47.8,1019.3,86.0,H,27,Shanghai,Toro Rosso
47,23,ALB,48,0,10,10,18,0,47,25.7,19.0,0.0,3.4,48.3,1019.3,91.0,H,28,Shanghai,Toro Rosso
48,23,ALB,49,0,10,10,18,0,47,25.7,19.0,0.0,3.4,48.3,1019.4,85.0,H,29,Shanghai,Toro Rosso
49,23,ALB,50,0,10,10,18,0,47,25.7,19.1,0.0,4.1,48.5,1019.3,97.0,H,30,Shanghai,Toro Rosso
50,23,ALB,51,0,10,10,18,0,46,25.8,19.0,0.0,3.6,48.6,1019.4,83.0,H,31,Shanghai,Toro Rosso
51,23,ALB,52,0,10,10,18,0,47,25.8,19.1,0.0,3.3,49.0,1019.3,76.0,H,32,Shanghai,Toro Rosso
52,23,ALB,53,0,10,10,18,0,47,25.3,18.9,0.0,3.1,49.7,1019.3,90.0,H,33,Shanghai,Toro Rosso
53,23,ALB,54,0,10,10,18,0,47,25.2,19.0,0.0,2.7,49.8,1019.3,87.0,H,34,Shanghai,Toro Rosso
54,23,ALB,55,0,10,10,18,0,47,25.1,19.0,0.0,3.0,51.1,1019.3,76.0,H,35,Shanghai,Toro Rosso
