,idGP,driver,lap,trackStatus,position,targetPosition,grid,out,performance,trackTemp,airTemp,raining,windSpeed,humidity,pressure,windDir,tyre,tyreLap,track,team
0,28,HAM,1,0,1,1,1,0,75,54.4,26.2,0.0,1.7,42.4,966.7,60.0,M,4,Paul Ricard,Mercedes
1,28,HAM,2,0,1,1,1,0,69,55.9,26.4,0.0,1.8,41.4,966.7,120.0,M,5,Paul Ricard,Mercedes
2,28,HAM,3,0,1,1,1,0,66,56.1,26.4,0.0,1.8,41.4,966.7,93.0,M,6,Paul Ricard,Mercedes
3,28,HAM,4,0,1,1,1,0,63,56.1,26.3,0.0,1.2,41.8,966.8,57.0,M,7,Paul Ricard,Mercedes
4,28,HAM,5,0,1,1,1,0,62,57.0,26.3,0.0,2.1,41.8,966.7,77.0,M,8,Paul Ricard,Mercedes
5,28,HAM,6,0,1,1,1,0,61,56.3,26.5,0.0,1.4,41.4,966.8,197.0,M,9,Paul Ricard,Mercedes
6,28,HAM,7,0,1,1,1,0,59,56.3,26.9,0.0,1.4,40.6,966.6,26.0,M,10,Paul Ricard,Mercedes
7,28,HAM,8,0,1,1,1,0,58,56.3,26.9,0.0,1.6,41.3,966.8,12.0,M,11,Paul Ricard,Mercedes
8,28,HAM,9,0,1,1,1,0,56,56.6,27.0,0.0,1.4,41.1,966.7,176.0,M,12,Paul Ricard,Mercedes
9,28,HAM,10,0,1,1,1,0,55,56.8,27.3,0.0,1.1,40.3,966.7,184.0,M,13,Paul Ricard,Mercedes
10,28,HAM,11,0,1,1,1,0,55,56.2,27.5,0.0,0.6,39.9,966.7,18.0,M,14,Paul Ricard,Mercedes
11,28,HAM,12,0,1,1,1,0,54,56.9,27.7,0.0,1.3,38.5,966.7,352.0,M,15,Paul Ricard,Mercedes
12,28,HAM,13,0,1,1,1,0,54,55.4,27.7,0.0,1.8,37.9,966.7,132.0,M,16,Paul Ricard,Mercedes
13,28,HAM,14,0,1,1,1,0,54,55.4,27.6,0.0,1.6,38.4,966.6,103.0,M,17,Paul Ricard,Mercedes
14,28,HAM,15,0,1,1,1,0,54,55.1,27.4,0.0,0.9,38.3,966.6,116.0,M,18,Paul Ricard,Mercedes
15,28,HAM,16,0,1,1,1,0,54,55.1,27.6,0.0,2.3,37.8,966.5,119.0,M,19,Paul Ricard,Mercedes
16,28,HAM,17,0,1,1,1,0,54,55.9,27.7,0.0,2.2,37.3,966.5,201.0,M,20,Paul Ricard,Mercedes
17,28,HAM,18,0,1,1,1,0,54,56.2,27.9,0.0,2.4,37.0,966.5,120.0,M,21,Paul Ricard,Mercedes
18,28,HAM,19,0,1,1,1,0,54,56.0,27.8,0.0,2.0,36.7,966.6,93.0,M,22,Paul Ricard,Mercedes
19,28,HAM,20,0,1,1,1,0,54,55.9,27.7,0.0,3.1,36.8,966.5,102.0,M,23,Paul Ricard,Mercedes
20,28,HAM,21,0,1,1,1,0,53,56.3,27.5,0.0,3.3,37.2,966.5,108.0,M,24,Paul Ricard,Mercedes
21,28,HAM,22,0,1,1,1,0,53,54.9,26.9,0.0,3.7,38.1,966.5,102.0,M,25,Paul Ricard,Mercedes
22,28,HAM,23,1,1,1,1,0,53,54.2,26.7,0.0,2.8,38.6,966.5,112.0,M,26,Paul Ricard,Mercedes
23,28,HAM,24,0,1,1,1,0,54,54.1,26.6,0.0,1.6,39.0,966.6,12.0,M,27,Paul Ricard,Mercedes
24,28,HAM,25,0,1,1,1,0,55,53.2,27.0,0.0,2.4,37.9,966.6,85.0,H,0,Paul Ricard,Mercedes
25,28,HAM,26,0,1,1,1,0,55,52.0,27.1,0.0,2.2,37.4,966.6,115.0,H,1,Paul Ricard,Mercedes
26,28,HAM,27,0,1,1,1,0,55,52.0,27.2,0.0,1.5,37.1,966.6,124.0,H,2,Paul Ricard,Mercedes
27,28,HAM,28,0,1,1,1,0,55,52.6,27.3,0.0,2.4,36.7,966.7,104.0,H,3,Paul Ricard,Mercedes
28,28,HAM,29,0,1,1,1,0,54,53.4,27.3,0.0,3.2,36.8,966.5,109.0,H,4,Paul Ricard,Mercedes
29,28,HAM,30,0,1,1,1,0,54,56.0,27.7,0.0,1.7,36.3,966.7,140.0,H,5,Paul Ricard,Mercedes
30,28,HAM,31,0,1,1,1,0,54,56.2,27.6,0.0,1.7,36.6,966.7,15.0,H,6,Paul Ricard,Mercedes
31,28,HAM,32,0,1,1,1,0,54,54.7,27.6,0.0,1.3,36.7,966.8,96.0,H,7,Paul Ricard,Mercedes
32,28,HAM,33,0,1,1,1,0,54,54.1,27.7,0.0,1.4,36.9,966.7,102.0,H,8,Paul Ricard,Mercedes
33,28,HAM,34,0,1,1,1,0,54,52.3,27.6,0.0,1.6,36.9,966.7,177.0,H,9,Paul Ricard,Mercedes
34,28,HAM,35,0,1,1,1,0,54,53.9,27.2,0.0,2.4,37.1,966.8,121.0,H,10,Paul Ricard,Mercedes
35,28,HAM,36,1,1,1,1,0,54,53.1,26.8,0.0,1.8,38.9,966.6,84.0,H,11,Paul Ricard,Mercedes
36,28,HAM,37,0,1,1,1,0,53,53.8,26.8,0.0,1.4,39.0,966.7,38.0,H,12,Paul Ricard,Mercedes
37,28,HAM,38,0,1,1,1,0,53,53.2,26.7,0.0,2.8,39.1,966.7,95.0,H,13,Paul Ricard,Mercedes
38,28,HAM,39,0,1,1,1,0,53,53.9,26.3,0.0,1.3,39.8,966.7,109.0,H,14,Paul Ricard,Mercedes
39,28,HAM,40,0,1,1,1,0,51,53.9,26.4,0.0,2.1,40.1,966.8,81.0,H,15,Paul Ricard,Mercedes
40,28,HAM,41,0,1,1,1,0,51,54.5,26.5,0.0,2.5,39.9,966.6,83.0,H,16,Paul Ricard,Mercedes
41,28,HAM,42,0,1,1,1,0,51,54.5,26.4,0.0,1.5,40.1,966.7,94.0,H,17,Paul Ricard,Mercedes
42,28,HAM,43,0,1,1,1,0,50,54.9,26.8,0.0,1.4,39.2,966.6,166.0,H,18,Paul Ricard,Mercedes
43,28,HAM,44,0,1,1,1,0,50,55.1,27.0,0.0,1.1,39.0,966.8,182.0,H,19,Paul Ricard,Mercedes
44,28,HAM,45,0,1,1,1,0,50,55.2,27.1,0.0,1.6,37.8,966.6,128.0,H,20,Paul Ricard,Mercedes
45,28,HAM,46,0,1,1,1,0,50,55.1,26.9,0.0,1.7,38.6,966.7,124.0,H,21,Paul Ricard,Mercedes
46,28,HAM,47,0,1,1,1,0,51,53.7,27.2,0.0,1.4,36.6,966.7,78.0,H,22,Paul Ricard,Mercedes
47,28,HAM,48,0,1,1,1,0,51,54.5,26.8,0.0,1.4,38.1,966.6,94.0,H,23,Paul Ricard,Mercedes
48,28,HAM,49,1,1,1,1,0,50,54.5,26.7,0.0,1.4,38.6,966.7,158.0,H,24,Paul Ricard,Mercedes
49,28,HAM,50,2,1,1,1,0,50,54.3,26.9,0.0,1.1,38.4,966.7,51.0,H,25,Paul Ricard,Mercedes
50,28,HAM,51,2,1,1,1,0,50,54.1,27.1,0.0,1.9,37.0,966.7,120.0,H,26,Paul Ricard,Mercedes
51,28,HAM,52,0,1,1,1,0,50,53.3,26.9,0.0,2.3,37.0,966.7,18.0,H,27,Paul Ricard,Mercedes
52,28,HAM,53,1,1,1,1,0,50,53.2,26.6,0.0,1.0,38.1,966.7,35.0,H,28,Paul Ricard,Mercedes
0,28,BOT,1,0,2,2,2,0,56,55.9,26.4,0.0,1.8,41.4,966.7,120.0,M,5,Paul Ricard,Mercedes
1,28,BOT,2,0,2,2,2,0,61,56.1,26.4,0.0,1.8,41.4,966.7,93.0,M,6,Paul Ricard,Mercedes
2,28,BOT,3,0,2,2,2,0,59,57.0,26.3,0.0,2.1,41.8,966.7,77.0,M,7,Paul Ricard,Mercedes
3,28,BOT,4,0,2,2,2,0,58,56.6,26.7,0.0,1.1,40.4,966.8,83.0,M,8,Paul Ricard,Mercedes
4,28,BOT,5,0,2,2,2,0,56,56.6,26.8,0.0,1.5,40.2,966.7,151.0,M,9,Paul Ricard,Mercedes
5,28,BOT,6,0,2,2,2,0,54,56.4,26.7,0.0,2.1,41.4,966.7,48.0,M,10,Paul Ricard,Mercedes
6,28,BOT,7,0,2,2,2,0,53,56.6,27.0,0.0,1.4,41.1,966.7,176.0,M,11,Paul Ricard,Mercedes
7,28,BOT,8,0,2,2,2,0,52,56.2,27.5,0.0,0.6,39.9,966.7,18.0,M,12,Paul Ricard,Mercedes
8,28,BOT,9,0,2,2,2,0,51,57.2,27.8,0.0,0.9,39.0,966.7,164.0,M,13,Paul Ricard,Mercedes
9,28,BOT,10,0,2,2,2,0,50,56.9,27.7,0.0,1.3,38.5,966.7,352.0,M,14,Paul Ricard,Mercedes
10,28,BOT,11,0,2,2,2,0,50,55.4,27.7,0.0,1.8,37.9,966.7,132.0,M,15,Paul Ricard,Mercedes
11,28,BOT,12,0,2,2,2,0,49,55.4,27.6,0.0,1.6,38.4,966.6,103.0,M,16,Paul Ricard,Mercedes
12,28,BOT,13,0,2,2,2,0,49,55.4,27.4,0.0,1.5,38.5,966.6,104.0,M,17,Paul Ricard,Mercedes
13,28,BOT,14,0,2,2,2,0,49,55.6,27.3,0.0,1.7,38.7,966.6,31.0,M,18,Paul Ricard,Mercedes
14,28,BOT,15,0,2,2,2,0,49,55.1,27.4,0.0,0.9,38.3,966.6,116.0,M,19,Paul Ricard,Mercedes
15,28,BOT,16,0,2,2,2,0,49,55.7,27.8,0.0,2.4,37.1,966.6,132.0,M,20,Paul Ricard,Mercedes
16,28,BOT,17,0,2,2,2,0,49,54.7,27.1,0.0,1.4,38.9,966.5,151.0,M,21,Paul Ricard,Mercedes
17,28,BOT,18,0,2,2,2,0,49,55.4,27.4,0.0,1.1,38.4,966.6,107.0,M,22,Paul Ricard,Mercedes
18,28,BOT,19,0,2,2,2,0,49,55.9,27.7,0.0,2.2,37.3,966.5,201.0,M,23,Paul Ricard,Mercedes
19,28,BOT,20,0,2,2,2,0,49,56.0,27.7,0.0,1.5,37.1,966.6,59.0,M,24,Paul Ricard,Mercedes
20,28,BOT,21,0,2,2,2,0,49,54.1,27.3,0.0,1.1,38.2,966.6,26.0,M,25,Paul Ricard,Mercedes
21,28,BOT,22,0,2,2,2,0,49,56.1,27.5,0.0,1.2,37.8,966.6,106.0,M,26,Paul Ricard,Mercedes
22,28,BOT,23,1,2,3,2,0,49,56.2,27.9,0.0,2.4,37.0,966.5,120.0,M,27,Paul Ricard,Mercedes
23,28,BOT,24,0,3,3,2,0,50,55.9,27.7,0.0,3.1,36.8,966.5,102.0,H,0,Paul Ricard,Mercedes
24,28,BOT,25,0,3,2,2,0,49,56.2,27.3,0.0,3.2,37.5,966.6,80.0,H,1,Paul Ricard,Mercedes
25,28,BOT,26,0,2,2,2,0,49,55.2,27.2,0.0,3.2,37.4,966.6,114.0,H,2,Paul Ricard,Mercedes
26,28,BOT,27,0,2,2,2,0,49,54.9,26.9,0.0,3.7,38.1,966.5,102.0,H,3,Paul Ricard,Mercedes
27,28,BOT,28,0,2,2,2,0,49,52.0,27.1,0.0,2.2,37.4,966.6,115.0,H,4,Paul Ricard,Mercedes
28,28,BOT,29,0,2,2,2,0,49,52.1,27.1,0.0,1.8,37.6,966.6,109.0,H,5,Paul Ricard,Mercedes
29,28,BOT,30,0,2,2,2,0,48,52.6,27.3,0.0,2.4,36.7,966.7,104.0,H,6,Paul Ricard,Mercedes
30,28,BOT,31,0,2,2,2,0,48,53.8,27.2,0.0,1.7,37.2,966.6,58.0,H,7,Paul Ricard,Mercedes
31,28,BOT,32,0,2,2,2,0,48,56.0,27.7,0.0,1.7,36.3,966.7,140.0,H,8,Paul Ricard,Mercedes
32,28,BOT,33,0,2,2,2,0,48,56.2,27.6,0.0,1.7,36.6,966.7,15.0,H,9,Paul Ricard,Mercedes
33,28,BOT,34,0,2,2,2,0,48,54.7,27.6,0.0,1.3,36.7,966.8,96.0,H,10,Paul Ricard,Mercedes
34,28,BOT,35,0,2,2,2,0,48,52.3,27.6,0.0,1.6,36.9,966.7,177.0,H,11,Paul Ricard,Mercedes
35,28,BOT,36,1,2,2,2,0,48,53.9,27.2,0.0,2.4,37.1,966.8,121.0,H,12,Paul Ricard,Mercedes
36,28,BOT,37,0,2,2,2,0,47,53.9,26.9,0.0,1.4,38.2,966.8,196.0,H,13,Paul Ricard,Mercedes
37,28,BOT,38,0,2,2,2,0,47,53.1,26.8,0.0,1.8,38.9,966.6,84.0,H,14,Paul Ricard,Mercedes
38,28,BOT,39,0,2,2,2,0,47,52.6,26.5,0.0,1.5,39.6,966.7,77.0,H,15,Paul Ricard,Mercedes
39,28,BOT,40,0,2,2,2,0,44,52.6,26.9,0.0,1.1,38.6,966.7,73.0,H,16,Paul Ricard,Mercedes
40,28,BOT,41,0,2,2,2,0,44,53.2,26.7,0.0,2.8,39.1,966.7,95.0,H,17,Paul Ricard,Mercedes
41,28,BOT,42,0,2,2,2,0,44,53.9,26.3,0.0,1.3,39.8,966.7,109.0,H,18,Paul Ricard,Mercedes
42,28,BOT,43,0,2,2,2,0,44,54.5,26.5,0.0,2.5,39.9,966.6,83.0,H,19,Paul Ricard,Mercedes
43,28,BOT,44,0,2,2,2,0,44,55.1,27.0,0.0,1.1,39.0,966.8,182.0,H,20,Paul Ricard,Mercedes
44,28,BOT,45,0,2,2,2,0,44,55.1,26.9,0.0,1.7,38.6,966.7,124.0,H,21,Paul Ricard,Mercedes
45,28,BOT,46,0,2,2,2,0,44,53.7,27.2,0.0,1.4,36.6,966.7,78.0,H,22,Paul Ricard,Mercedes
46,28,BOT,47,0,2,2,2,0,44,54.0,27.0,0.0,1.4,37.3,966.6,102.0,H,23,Paul Ricard,Mercedes
47,28,BOT,48,0,2,2,2,0,44,55.0,26.8,0.0,1.8,37.7,966.7,86.0,H,24,Paul Ricard,Mercedes
48,28,BOT,49,1,2,2,2,0,44,54.5,26.8,0.0,1.4,38.1,966.6,94.0,H,25,Paul Ricard,Mercedes
49,28,BOT,50,2,2,2,2,0,45,54.5,26.7,0.0,1.4,38.6,966.7,158.0,H,26,Paul Ricard,Mercedes
50,28,BOT,51,2,2,2,2,0,45,54.3,26.9,0.0,1.1,38.4,966.7,51.0,H,27,Paul Ricard,Mercedes
51,28,BOT,52,0,2,2,2,0,45,53.3,26.9,0.0,2.3,37.0,966.7,18.0,H,28,Paul Ricard,Mercedes
52,28,BOT,53,1,2,2,2,0,45,53.4,26.5,0.0,1.7,38.4,966.7,82.0,H,29,Paul Ricard,Mercedes
0,28,LEC,1,0,3,3,3,0,71,54.4,26.2,0.0,1.7,42.4,966.7,60.0,M,3,Paul Ricard,Ferrari
1,28,LEC,2,0,3,3,3,0,74,55.9,26.4,0.0,1.8,41.4,966.7,120.0,M,4,Paul Ricard,Ferrari
2,28,LEC,3,0,3,3,3,0,72,56.1,26.3,0.0,1.2,41.8,966.8,57.0,M,5,Paul Ricard,Ferrari
3,28,LEC,4,0,3,3,3,0,71,57.0,26.3,0.0,2.1,41.8,966.7,77.0,M,6,Paul Ricard,Ferrari
4,28,LEC,5,0,3,3,3,0,69,56.3,26.9,0.0,1.6,41.3,966.8,12.0,M,7,Paul Ricard,Ferrari
5,28,LEC,6,0,3,3,3,0,67,56.6,27.0,0.0,1.4,41.1,966.7,176.0,M,8,Paul Ricard,Ferrari
6,28,LEC,7,0,3,3,3,0,66,56.2,27.5,0.0,0.6,39.9,966.7,18.0,M,9,Paul Ricard,Ferrari
7,28,LEC,8,0,3,3,3,0,65,56.9,27.7,0.0,1.3,38.5,966.7,352.0,M,10,Paul Ricard,Ferrari
8,28,LEC,9,0,3,3,3,0,64,55.4,27.4,0.0,1.5,38.5,966.6,104.0,M,11,Paul Ricard,Ferrari
9,28,LEC,10,0,3,3,3,0,64,55.6,27.3,0.0,2.1,38.8,966.6,87.0,M,12,Paul Ricard,Ferrari
10,28,LEC,11,0,3,3,3,0,64,55.1,27.4,0.0,0.9,38.3,966.6,116.0,M,13,Paul Ricard,Ferrari
11,28,LEC,12,0,3,3,3,0,64,55.7,27.8,0.0,2.4,37.1,966.6,132.0,M,14,Paul Ricard,Ferrari
12,28,LEC,13,0,3,3,3,0,64,55.1,27.6,0.0,2.3,37.8,966.5,119.0,M,15,Paul Ricard,Ferrari
13,28,LEC,14,0,3,3,3,0,64,54.7,27.1,0.0,1.4,38.9,966.5,151.0,M,16,Paul Ricard,Ferrari
14,28,LEC,15,0,3,3,3,0,64,55.4,27.4,0.0,1.1,38.4,966.6,107.0,M,17,Paul Ricard,Ferrari
15,28,LEC,16,0,3,3,3,0,64,55.9,27.7,0.0,2.2,37.3,966.5,201.0,M,18,Paul Ricard,Ferrari
16,28,LEC,17,0,3,3,3,0,64,56.0,27.7,0.0,1.5,37.1,966.6,59.0,M,19,Paul Ricard,Ferrari
17,28,LEC,18,0,3,3,3,0,64,54.1,27.3,0.0,2.1,38.2,966.5,89.0,M,20,Paul Ricard,Ferrari
18,28,LEC,19,0,3,3,3,0,65,56.2,27.9,0.0,2.4,37.0,966.5,120.0,M,21,Paul Ricard,Ferrari
19,28,LEC,20,0,3,3,3,0,65,56.0,27.8,0.0,2.2,36.8,966.6,80.0,M,22,Paul Ricard,Ferrari
20,28,LEC,21,0,3,4,3,0,65,56.0,27.8,0.0,2.0,36.7,966.6,93.0,M,23,Paul Ricard,Ferrari
21,28,LEC,22,0,4,4,3,0,65,55.2,27.2,0.0,3.2,37.4,966.6,114.0,H,0,Paul Ricard,Ferrari
22,28,LEC,23,1,4,4,3,0,65,54.9,26.9,0.0,3.7,38.1,966.5,102.0,H,1,Paul Ricard,Ferrari
23,28,LEC,24,0,4,4,3,0,65,54.2,26.7,0.0,2.8,38.6,966.5,112.0,H,2,Paul Ricard,Ferrari
24,28,LEC,25,0,4,3,3,0,65,54.0,27.0,0.0,1.4,37.6,966.5,74.0,H,3,Paul Ricard,Ferrari
25,28,LEC,26,0,3,3,3,0,65,52.1,27.1,0.0,1.8,37.6,966.6,109.0,H,4,Paul Ricard,Ferrari
26,28,LEC,27,0,3,3,3,0,65,52.0,27.2,0.0,1.5,37.1,966.6,124.0,H,5,Paul Ricard,Ferrari
27,28,LEC,28,0,3,3,3,0,65,53.4,27.3,0.0,3.2,36.8,966.5,109.0,H,6,Paul Ricard,Ferrari
28,28,LEC,29,0,3,3,3,0,65,53.8,27.2,0.0,1.7,37.2,966.6,58.0,H,7,Paul Ricard,Ferrari
29,28,LEC,30,0,3,3,3,0,65,55.5,27.5,0.0,1.4,36.6,966.7,76.0,H,8,Paul Ricard,Ferrari
30,28,LEC,31,0,3,3,3,0,65,56.2,27.6,0.0,1.7,36.6,966.7,15.0,H,9,Paul Ricard,Ferrari
31,28,LEC,32,0,3,3,3,0,65,54.7,27.6,0.0,1.3,36.7,966.8,96.0,H,10,Paul Ricard,Ferrari
32,28,LEC,33,0,3,3,3,0,65,54.1,27.7,0.0,1.4,36.9,966.7,102.0,H,11,Paul Ricard,Ferrari
33,28,LEC,34,0,3,3,3,0,65,52.3,27.6,0.0,1.6,36.9,966.7,177.0,H,12,Paul Ricard,Ferrari
34,28,LEC,35,0,3,3,3,0,65,53.9,27.2,0.0,2.4,37.1,966.8,121.0,H,13,Paul Ricard,Ferrari
35,28,LEC,36,1,3,3,3,0,65,53.9,26.9,0.0,1.4,38.2,966.8,196.0,H,14,Paul Ricard,Ferrari
36,28,LEC,37,0,3,3,3,0,65,52.6,26.5,0.0,1.5,39.6,966.7,77.0,H,15,Paul Ricard,Ferrari
37,28,LEC,38,0,3,3,3,0,65,52.6,26.9,0.0,1.1,38.6,966.7,73.0,H,16,Paul Ricard,Ferrari
38,28,LEC,39,0,3,3,3,0,65,53.8,26.8,0.0,1.4,39.0,966.7,38.0,H,17,Paul Ricard,Ferrari
39,28,LEC,40,0,3,3,3,0,61,53.2,26.7,0.0,2.8,39.1,966.7,95.0,H,18,Paul Ricard,Ferrari
40,28,LEC,41,0,3,3,3,0,60,54.5,26.5,0.0,2.5,39.9,966.6,83.0,H,19,Paul Ricard,Ferrari
41,28,LEC,42,0,3,3,3,0,61,54.9,26.8,0.0,1.4,39.2,966.6,166.0,H,20,Paul Ricard,Ferrari
42,28,LEC,43,0,3,3,3,0,61,55.1,27.0,0.0,1.1,39.0,966.8,182.0,H,21,Paul Ricard,Ferrari
43,28,LEC,44,0,3,3,3,0,61,55.2,27.1,0.0,1.6,37.8,966.6,128.0,H,22,Paul Ricard,Ferrari
44,28,LEC,45,0,3,3,3,0,61,55.1,26.9,0.0,1.7,38.6,966.7,124.0,H,23,Paul Ricard,Ferrari
45,28,LEC,46,0,3,3,3,0,61,54.3,27.0,0.0,1.2,37.6,966.7,29.0,H,24,Paul Ricard,Ferrari
46,28,LEC,47,0,3,3,3,0,61,53.7,27.2,0.0,1.4,36.6,966.7,78.0,H,25,Paul Ricard,Ferrari
47,28,LEC,48,0,3,3,3,0,61,54.0,27.0,0.0,1.4,37.3,966.6,102.0,H,26,Paul Ricard,Ferrari
48,28,LEC,49,1,3,3,3,0,61,54.5,26.8,0.0,1.4,38.1,966.6,94.0,H,27,Paul Ricard,Ferrari
49,28,LEC,50,2,3,3,3,0,61,54.1,27.1,0.0,1.9,37.0,966.7,120.0,H,28,Paul Ricard,Ferrari
50,28,LEC,51,2,3,3,3,0,61,53.2,26.6,0.0,1.0,38.1,966.7,35.0,H,29,Paul Ricard,Ferrari
51,28,LEC,52,0,3,3,3,0,61,53.4,26.5,0.0,1.7,38.4,966.7,82.0,H,30,Paul Ricard,Ferrari
52,28,LEC,53,1,3,3,3,0,62,53.5,26.5,0.0,1.9,38.4,966.8,85.0,H,31,Paul Ricard,Ferrari
0,28,VER,1,0,4,4,4,0,45,54.4,26.2,0.0,1.7,42.4,966.7,60.0,M,5,Paul Ricard,Red Bull Racing
1,28,VER,2,0,4,4,4,0,53,55.9,26.4,0.0,1.8,41.4,966.7,120.0,M,6,Paul Ricard,Red Bull Racing
2,28,VER,3,0,4,4,4,0,51,56.1,26.3,0.0,1.2,41.8,966.8,57.0,M,7,Paul Ricard,Red Bull Racing
3,28,VER,4,0,4,4,4,0,51,57.0,26.3,0.0,2.1,41.8,966.7,77.0,M,8,Paul Ricard,Red Bull Racing
4,28,VER,5,0,4,4,4,0,51,56.3,26.5,0.0,1.4,41.4,966.8,197.0,M,9,Paul Ricard,Red Bull Racing
5,28,VER,6,0,4,4,4,0,51,56.6,26.7,0.0,1.1,40.4,966.8,83.0,M,10,Paul Ricard,Red Bull Racing
6,28,VER,7,0,4,4,4,0,51,56.6,26.8,0.0,1.5,40.2,966.7,151.0,M,11,Paul Ricard,Red Bull Racing
7,28,VER,8,0,4,4,4,0,51,56.3,26.9,0.0,1.4,40.6,966.6,26.0,M,12,Paul Ricard,Red Bull Racing
8,28,VER,9,0,4,4,4,0,51,55.4,27.7,0.0,1.8,37.9,966.7,132.0,M,13,Paul Ricard,Red Bull Racing
9,28,VER,10,0,4,4,4,0,50,55.4,27.4,0.0,1.5,38.5,966.6,104.0,M,14,Paul Ricard,Red Bull Racing
10,28,VER,11,0,4,4,4,0,50,55.6,27.3,0.0,2.1,38.8,966.6,87.0,M,15,Paul Ricard,Red Bull Racing
11,28,VER,12,0,4,4,4,0,50,54.4,27.1,0.0,1.5,38.7,966.6,161.0,M,16,Paul Ricard,Red Bull Racing
12,28,VER,13,0,4,4,4,0,50,55.1,27.4,0.0,0.9,38.3,966.6,116.0,M,17,Paul Ricard,Red Bull Racing
13,28,VER,14,0,4,4,4,0,50,55.7,27.8,0.0,2.4,37.1,966.6,132.0,M,18,Paul Ricard,Red Bull Racing
14,28,VER,15,0,4,4,4,0,51,55.1,27.6,0.0,2.3,37.8,966.5,119.0,M,19,Paul Ricard,Red Bull Racing
15,28,VER,16,0,4,4,4,0,51,54.7,27.1,0.0,1.4,38.9,966.5,151.0,M,20,Paul Ricard,Red Bull Racing
16,28,VER,17,0,4,4,4,0,51,55.4,27.4,0.0,1.1,38.4,966.6,107.0,M,21,Paul Ricard,Red Bull Racing
17,28,VER,18,0,4,4,4,0,51,55.9,27.7,0.0,2.2,37.3,966.5,201.0,M,22,Paul Ricard,Red Bull Racing
18,28,VER,19,0,4,4,4,0,52,56.0,27.7,0.0,1.5,37.1,966.6,59.0,M,23,Paul Ricard,Red Bull Racing
19,28,VER,20,0,4,5,4,0,52,54.1,27.3,0.0,1.1,38.2,966.6,26.0,M,24,Paul Ricard,Red Bull Racing
20,28,VER,21,0,5,5,4,0,53,54.1,27.3,0.0,2.1,38.2,966.5,89.0,H,0,Paul Ricard,Red Bull Racing
21,28,VER,22,0,5,5,4,0,52,56.1,27.5,0.0,1.2,37.8,966.6,106.0,H,1,Paul Ricard,Red Bull Racing
22,28,VER,23,1,5,5,4,0,52,56.0,27.8,0.0,2.0,36.7,966.6,93.0,H,2,Paul Ricard,Red Bull Racing
23,28,VER,24,0,5,5,4,0,52,56.3,27.5,0.0,3.3,37.2,966.5,108.0,H,3,Paul Ricard,Red Bull Racing
24,28,VER,25,0,5,4,4,0,52,56.2,27.3,0.0,3.2,37.5,966.6,80.0,H,4,Paul Ricard,Red Bull Racing
25,28,VER,26,0,4,4,4,0,52,55.2,27.2,0.0,3.2,37.4,966.6,114.0,H,5,Paul Ricard,Red Bull Racing
26,28,VER,27,0,4,4,4,0,52,54.1,26.6,0.0,1.6,39.0,966.6,12.0,H,6,Paul Ricard,Red Bull Racing
27,28,VER,28,0,4,4,4,0,52,53.2,27.0,0.0,2.4,37.9,966.6,85.0,H,7,Paul Ricard,Red Bull Racing
28,28,VER,29,0,4,4,4,0,51,52.0,27.1,0.0,2.2,37.4,966.6,115.0,H,8,Paul Ricard,Red Bull Racing
29,28,VER,30,0,4,4,4,0,51,52.0,27.2,0.0,1.5,37.1,966.6,124.0,H,9,Paul Ricard,Red Bull Racing
30,28,VER,31,0,4,4,4,0,51,52.6,27.3,0.0,2.4,36.7,966.7,104.0,H,10,Paul Ricard,Red Bull Racing
31,28,VER,32,0,4,4,4,0,51,55.3,27.4,0.0,1.8,36.6,966.6,41.0,H,11,Paul Ricard,Red Bull Racing
32,28,VER,33,0,4,4,4,0,52,55.5,27.5,0.0,1.2,36.5,966.7,25.0,H,12,Paul Ricard,Red Bull Racing
33,28,VER,34,0,4,4,4,0,52,55.5,27.5,0.0,1.4,36.6,966.7,76.0,H,13,Paul Ricard,Red Bull Racing
34,28,VER,35,0,4,4,4,0,51,54.7,27.6,0.0,1.3,36.7,966.8,96.0,H,14,Paul Ricard,Red Bull Racing
35,28,VER,36,1,4,4,4,0,51,52.3,27.6,0.0,1.6,36.9,966.7,177.0,H,15,Paul Ricard,Red Bull Racing
36,28,VER,37,0,4,4,4,0,51,51.6,27.4,0.0,1.2,37.2,966.7,79.0,H,16,Paul Ricard,Red Bull Racing
37,28,VER,38,0,4,4,4,0,52,53.1,26.8,0.0,1.8,38.9,966.6,84.0,H,17,Paul Ricard,Red Bull Racing
38,28,VER,39,0,4,4,4,0,53,52.6,26.5,0.0,1.5,39.6,966.7,77.0,H,18,Paul Ricard,Red Bull Racing
39,28,VER,40,0,4,4,4,0,60,53.2,26.7,0.0,2.8,39.1,966.7,95.0,H,19,Paul Ricard,Red Bull Racing
40,28,VER,41,0,4,4,4,0,60,53.9,26.3,0.0,1.3,39.8,966.7,109.0,H,20,Paul Ricard,Red Bull Racing
41,28,VER,42,0,4,4,4,0,60,53.9,26.4,0.0,2.1,40.1,966.8,81.0,H,21,Paul Ricard,Red Bull Racing
42,28,VER,43,0,4,4,4,0,60,54.5,26.5,0.0,2.5,39.9,966.6,83.0,H,22,Paul Ricard,Red Bull Racing
43,28,VER,44,0,4,4,4,0,60,54.5,26.4,0.0,1.5,40.1,966.7,94.0,H,23,Paul Ricard,Red Bull Racing
44,28,VER,45,0,4,4,4,0,60,54.9,26.8,0.0,1.4,39.2,966.6,166.0,H,24,Paul Ricard,Red Bull Racing
45,28,VER,46,0,4,4,4,0,60,55.2,27.1,0.0,1.6,37.8,966.6,128.0,H,25,Paul Ricard,Red Bull Racing
46,28,VER,47,0,4,4,4,0,60,55.1,26.9,0.0,1.7,38.6,966.7,124.0,H,26,Paul Ricard,Red Bull Racing
47,28,VER,48,0,4,4,4,0,60,54.3,27.0,0.0,1.2,37.6,966.7,29.0,H,27,Paul Ricard,Red Bull Racing
48,28,VER,49,1,4,4,4,0,60,55.0,26.8,0.0,1.8,37.7,966.7,86.0,H,28,Paul Ricard,Red Bull Racing
49,28,VER,50,2,4,4,4,0,60,54.1,27.1,0.0,1.9,37.0,966.7,120.0,H,29,Paul Ricard,Red Bull Racing
50,28,VER,51,2,4,4,4,0,60,53.3,26.9,0.0,2.3,37.0,966.7,18.0,H,30,Paul Ricard,Red Bull Racing
51,28,VER,52,0,4,4,4,0,60,53.2,26.6,0.0,1.0,38.1,966.7,35.0,H,31,Paul Ricard,Red Bull Racing
52,28,VER,53,1,4,4,4,0,61,53.5,26.5,0.0,1.9,38.4,966.8,85.0,H,32,Paul Ricard,Red Bull Racing
0,28,NOR,1,0,6,6,6,0,65,56.1,26.4,0.0,1.8,41.4,966.7,93.0,M,5,Paul Ricard,McLaren
1,28,NOR,2,0,6,6,6,0,76,56.1,26.3,0.0,1.2,41.8,966.8,57.0,M,6,Paul Ricard,McLaren
2,28,NOR,3,0,6,6,6,0,77,57.0,26.3,0.0,2.1,41.8,966.7,77.0,M,7,Paul Ricard,McLaren
3,28,NOR,4,0,6,6,6,0,77,56.6,26.8,0.0,1.5,40.2,966.7,151.0,M,8,Paul Ricard,McLaren
4,28,NOR,5,0,6,7,6,0,77,56.3,26.9,0.0,1.4,40.6,966.6,26.0,M,9,Paul Ricard,McLaren
5,28,NOR,6,0,7,7,6,0,77,56.8,27.3,0.0,1.1,40.3,966.7,184.0,M,10,Paul Ricard,McLaren
6,28,NOR,7,0,7,7,6,0,77,56.2,27.5,0.0,0.6,39.9,966.7,18.0,M,11,Paul Ricard,McLaren
7,28,NOR,8,0,7,7,6,0,78,57.2,27.8,0.0,0.9,39.0,966.7,164.0,M,12,Paul Ricard,McLaren
8,28,NOR,9,0,7,7,6,0,78,56.9,27.7,0.0,1.3,38.5,966.7,352.0,M,13,Paul Ricard,McLaren
9,28,NOR,10,0,7,7,6,0,78,55.4,27.6,0.0,1.6,38.4,966.6,103.0,M,14,Paul Ricard,McLaren
10,28,NOR,11,0,7,7,6,0,78,55.4,27.4,0.0,1.5,38.5,966.6,104.0,M,15,Paul Ricard,McLaren
11,28,NOR,12,0,7,7,6,0,78,54.8,27.2,0.0,2.6,38.6,966.6,106.0,M,16,Paul Ricard,McLaren
12,28,NOR,13,0,7,7,6,0,78,54.7,27.1,0.0,1.4,38.9,966.5,151.0,M,17,Paul Ricard,McLaren
13,28,NOR,14,0,7,7,6,0,78,55.4,27.4,0.0,1.1,38.4,966.6,107.0,M,18,Paul Ricard,McLaren
14,28,NOR,15,0,7,7,6,0,77,56.0,27.7,0.0,1.5,37.1,966.6,59.0,M,19,Paul Ricard,McLaren
15,28,NOR,16,0,7,7,6,0,77,56.1,27.5,0.0,1.2,37.8,966.6,106.0,M,20,Paul Ricard,McLaren
16,28,NOR,17,0,7,7,6,0,77,56.0,27.8,0.0,2.2,36.8,966.6,80.0,M,21,Paul Ricard,McLaren
17,28,NOR,18,0,7,11,6,0,77,56.0,27.8,0.0,2.0,36.7,966.6,93.0,M,22,Paul Ricard,McLaren
18,28,NOR,19,0,11,12,6,0,77,55.9,27.7,0.0,3.1,36.8,966.5,102.0,H,0,Paul Ricard,McLaren
19,28,NOR,20,0,12,11,6,0,77,56.3,27.5,0.0,3.3,37.2,966.5,108.0,H,1,Paul Ricard,McLaren
20,28,NOR,21,0,11,11,6,0,76,55.2,27.2,0.0,3.2,37.4,966.6,114.0,H,2,Paul Ricard,McLaren
21,28,NOR,22,0,11,11,6,0,76,54.9,26.9,0.0,3.7,38.1,966.5,102.0,H,3,Paul Ricard,McLaren
22,28,NOR,23,1,11,11,6,0,76,54.2,26.7,0.0,2.8,38.6,966.5,112.0,H,4,Paul Ricard,McLaren
23,28,NOR,24,0,11,11,6,0,76,54.1,26.6,0.0,1.6,39.0,966.6,12.0,H,5,Paul Ricard,McLaren
24,28,NOR,25,0,11,10,6,0,76,54.0,27.0,0.0,1.4,37.6,966.5,74.0,H,6,Paul Ricard,McLaren
25,28,NOR,26,0,10,10,6,0,76,53.2,27.0,0.0,2.4,37.9,966.6,85.0,H,7,Paul Ricard,McLaren
26,28,NOR,27,0,10,10,6,0,76,52.0,27.2,0.0,1.5,37.1,966.6,124.0,H,8,Paul Ricard,McLaren
27,28,NOR,28,0,10,10,6,0,76,52.6,27.3,0.0,2.4,36.7,966.7,104.0,H,9,Paul Ricard,McLaren
28,28,NOR,29,0,10,10,6,0,76,53.8,27.2,0.0,1.7,37.2,966.6,58.0,H,10,Paul Ricard,McLaren
29,28,NOR,30,0,10,10,6,0,76,55.3,27.4,0.0,1.8,36.6,966.6,41.0,H,11,Paul Ricard,McLaren
30,28,NOR,31,0,10,9,6,0,76,55.5,27.5,0.0,1.2,36.5,966.7,25.0,H,12,Paul Ricard,McLaren
31,28,NOR,32,0,9,9,6,0,76,56.0,27.7,0.0,1.7,36.3,966.7,140.0,H,13,Paul Ricard,McLaren
32,28,NOR,33,0,9,9,6,0,76,56.2,27.6,0.0,1.7,36.6,966.7,15.0,H,14,Paul Ricard,McLaren
33,28,NOR,34,0,9,8,6,0,76,55.4,27.6,0.0,1.1,36.7,966.6,79.0,H,15,Paul Ricard,McLaren
34,28,NOR,35,0,8,8,6,0,76,54.7,27.6,0.0,1.3,36.7,966.8,96.0,H,16,Paul Ricard,McLaren
35,28,NOR,36,1,8,8,6,0,76,54.1,27.7,0.0,1.4,36.9,966.7,102.0,H,17,Paul Ricard,McLaren
36,28,NOR,37,0,8,8,6,0,75,52.3,27.6,0.0,1.6,36.9,966.7,177.0,H,18,Paul Ricard,McLaren
37,28,NOR,38,0,8,8,6,0,75,51.6,27.4,0.0,1.2,37.2,966.7,79.0,H,19,Paul Ricard,McLaren
38,28,NOR,39,0,8,7,6,0,73,53.9,27.2,0.0,2.4,37.1,966.8,121.0,H,20,Paul Ricard,McLaren
39,28,NOR,40,0,7,7,6,0,71,53.9,26.9,0.0,1.4,38.2,966.8,196.0,H,21,Paul Ricard,McLaren
40,28,NOR,41,0,7,7,6,0,71,53.1,26.8,0.0,1.8,38.9,966.6,84.0,H,22,Paul Ricard,McLaren
41,28,NOR,42,0,7,7,6,0,71,52.6,26.5,0.0,1.5,39.6,966.7,77.0,H,23,Paul Ricard,McLaren
42,28,NOR,43,0,7,7,6,0,72,52.6,26.9,0.0,1.1,38.6,966.7,73.0,H,24,Paul Ricard,McLaren
43,28,NOR,44,0,7,7,6,0,72,53.8,26.8,0.0,1.4,39.0,966.7,38.0,H,25,Paul Ricard,McLaren
44,28,NOR,45,0,7,7,6,0,72,53.9,26.3,0.0,1.3,39.8,966.7,109.0,H,26,Paul Ricard,McLaren
45,28,NOR,46,0,7,7,6,0,72,54.9,26.8,0.0,1.4,39.2,966.6,166.0,H,27,Paul Ricard,McLaren
46,28,NOR,47,0,7,7,6,0,72,55.1,27.0,0.0,1.1,39.0,966.8,182.0,H,28,Paul Ricard,McLaren
47,28,NOR,48,0,7,7,6,0,72,55.2,27.1,0.0,1.6,37.8,966.6,128.0,H,29,Paul Ricard,McLaren
48,28,NOR,49,1,7,7,6,0,72,54.3,27.0,0.0,1.2,37.6,966.7,29.0,H,30,Paul Ricard,McLaren
49,28,NOR,50,2,7,7,6,0,73,55.0,26.8,0.0,1.8,37.7,966.7,86.0,H,31,Paul Ricard,McLaren
50,28,NOR,51,2,7,7,6,0,73,54.3,26.9,0.0,1.1,38.4,966.7,51.0,H,32,Paul Ricard,McLaren
51,28,NOR,52,0,7,10,6,0,72,53.5,26.5,0.0,1.9,38.4,966.8,85.0,H,33,Paul Ricard,McLaren
0,28,SAI,1,0,5,5,5,0,50,56.1,26.3,0.0,1.2,41.8,966.8,57.0,M,5,Paul Ricard,McLaren
1,28,SAI,2,0,5,5,5,0,55,56.3,26.5,0.0,1.4,41.4,966.8,197.0,M,6,Paul Ricard,McLaren
2,28,SAI,3,0,5,5,5,0,56,56.6,26.7,0.0,1.1,40.4,966.8,83.0,M,7,Paul Ricard,McLaren
3,28,SAI,4,0,5,5,5,0,56,56.6,26.8,0.0,1.5,40.2,966.7,151.0,M,8,Paul Ricard,McLaren
4,28,SAI,5,0,5,5,5,0,56,56.3,26.9,0.0,1.4,40.6,966.6,26.0,M,9,Paul Ricard,McLaren
5,28,SAI,6,0,5,5,5,0,55,56.4,26.7,0.0,2.1,41.4,966.7,48.0,M,10,Paul Ricard,McLaren
6,28,SAI,7,0,5,6,5,0,53,56.6,27.0,0.0,1.4,41.1,966.7,176.0,M,11,Paul Ricard,McLaren
7,28,SAI,8,0,6,6,5,0,52,56.8,27.3,0.0,1.1,40.3,966.7,184.0,M,12,Paul Ricard,McLaren
8,28,SAI,9,0,6,6,5,0,51,56.2,27.5,0.0,0.6,39.9,966.7,18.0,M,13,Paul Ricard,McLaren
9,28,SAI,10,0,6,6,5,0,51,57.2,27.8,0.0,0.9,39.0,966.7,164.0,M,14,Paul Ricard,McLaren
10,28,SAI,11,0,6,6,5,0,51,56.9,27.7,0.0,1.3,38.5,966.7,352.0,M,15,Paul Ricard,McLaren
11,28,SAI,12,0,6,6,5,0,51,55.4,27.7,0.0,1.8,37.9,966.7,132.0,M,16,Paul Ricard,McLaren
12,28,SAI,13,0,6,6,5,0,51,55.4,27.6,0.0,1.6,38.4,966.6,103.0,M,17,Paul Ricard,McLaren
13,28,SAI,14,0,6,6,5,0,51,55.6,27.3,0.0,2.1,38.8,966.6,87.0,M,18,Paul Ricard,McLaren
14,28,SAI,15,0,6,6,5,0,51,54.4,27.1,0.0,1.5,38.7,966.6,161.0,M,19,Paul Ricard,McLaren
15,28,SAI,16,0,6,6,5,0,51,55.1,27.4,0.0,0.9,38.3,966.6,116.0,M,20,Paul Ricard,McLaren
16,28,SAI,17,0,6,6,5,0,51,54.8,27.2,0.0,2.6,38.6,966.6,106.0,M,21,Paul Ricard,McLaren
17,28,SAI,18,0,6,6,5,0,52,55.4,27.4,0.0,1.1,38.4,966.6,107.0,M,22,Paul Ricard,McLaren
18,28,SAI,19,0,6,9,5,0,52,56.0,27.7,0.0,1.5,37.1,966.6,59.0,M,23,Paul Ricard,McLaren
19,28,SAI,20,0,9,10,5,0,52,54.1,27.3,0.0,2.1,38.2,966.5,89.0,H,0,Paul Ricard,McLaren
20,28,SAI,21,0,10,10,5,0,52,56.1,27.5,0.0,1.2,37.8,966.6,106.0,H,1,Paul Ricard,McLaren
21,28,SAI,22,0,10,10,5,0,51,56.2,27.9,0.0,2.4,37.0,966.5,120.0,H,2,Paul Ricard,McLaren
22,28,SAI,23,1,10,10,5,0,51,56.0,27.8,0.0,2.0,36.7,966.6,93.0,H,3,Paul Ricard,McLaren
23,28,SAI,24,0,10,10,5,0,50,56.2,27.3,0.0,3.2,37.5,966.6,80.0,H,4,Paul Ricard,McLaren
24,28,SAI,25,0,10,9,5,0,50,55.2,27.2,0.0,3.2,37.4,966.6,114.0,H,5,Paul Ricard,McLaren
25,28,SAI,26,0,9,9,5,0,50,54.2,26.7,0.0,2.8,38.6,966.5,112.0,H,6,Paul Ricard,McLaren
26,28,SAI,27,0,9,9,5,0,49,54.0,27.0,0.0,1.4,37.6,966.5,74.0,H,7,Paul Ricard,McLaren
27,28,SAI,28,0,9,9,5,0,49,52.0,27.1,0.0,2.2,37.4,966.6,115.0,H,8,Paul Ricard,McLaren
28,28,SAI,29,0,9,9,5,0,48,52.1,27.1,0.0,1.8,37.6,966.6,109.0,H,9,Paul Ricard,McLaren
29,28,SAI,30,0,9,9,5,0,48,53.4,27.3,0.0,3.2,36.8,966.5,109.0,H,10,Paul Ricard,McLaren
30,28,SAI,31,0,9,8,5,0,48,53.8,27.2,0.0,1.7,37.2,966.6,58.0,H,11,Paul Ricard,McLaren
31,28,SAI,32,0,8,8,5,0,47,55.5,27.5,0.0,1.2,36.5,966.7,25.0,H,12,Paul Ricard,McLaren
32,28,SAI,33,0,8,8,5,0,47,55.5,27.5,0.0,1.4,36.6,966.7,76.0,H,13,Paul Ricard,McLaren
33,28,SAI,34,0,8,7,5,0,47,56.0,27.7,0.0,1.7,36.3,966.7,140.0,H,14,Paul Ricard,McLaren
34,28,SAI,35,0,7,7,5,0,47,55.4,27.6,0.0,1.1,36.7,966.6,79.0,H,15,Paul Ricard,McLaren
35,28,SAI,36,1,7,7,5,0,47,52.3,27.6,0.0,1.6,36.9,966.7,177.0,H,16,Paul Ricard,McLaren
36,28,SAI,37,0,7,7,5,0,46,51.6,27.4,0.0,1.2,37.2,966.7,79.0,H,17,Paul Ricard,McLaren
37,28,SAI,38,0,7,7,5,0,46,53.9,27.2,0.0,2.4,37.1,966.8,121.0,H,18,Paul Ricard,McLaren
38,28,SAI,39,0,7,6,5,0,44,53.1,26.8,0.0,1.8,38.9,966.6,84.0,H,19,Paul Ricard,McLaren
39,28,SAI,40,0,6,6,5,0,42,52.6,26.9,0.0,1.1,38.6,966.7,73.0,H,20,Paul Ricard,McLaren
40,28,SAI,41,0,6,6,5,0,42,53.2,26.7,0.0,2.8,39.1,966.7,95.0,H,21,Paul Ricard,McLaren
41,28,SAI,42,0,6,6,5,0,42,53.9,26.4,0.0,2.1,40.1,966.8,81.0,H,22,Paul Ricard,McLaren
42,28,SAI,43,0,6,6,5,0,42,54.5,26.4,0.0,1.5,40.1,966.7,94.0,H,23,Paul Ricard,McLaren
43,28,SAI,44,0,6,6,5,0,42,54.9,26.8,0.0,1.4,39.2,966.6,166.0,H,24,Paul Ricard,McLaren
44,28,SAI,45,0,6,6,5,0,42,55.1,27.0,0.0,1.1,39.0,966.8,182.0,H,25,Paul Ricard,McLaren
45,28,SAI,46,0,6,6,5,0,42,55.2,27.1,0.0,1.6,37.8,966.6,128.0,H,26,Paul Ricard,McLaren
46,28,SAI,47,0,6,6,5,0,42,55.1,26.9,0.0,1.7,38.6,966.7,124.0,H,27,Paul Ricard,McLaren
47,28,SAI,48,0,6,6,5,0,42,54.3,27.0,0.0,1.2,37.6,966.7,29.0,H,28,Paul Ricard,McLaren
48,28,SAI,49,1,6,6,5,0,42,53.7,27.2,0.0,1.4,36.6,966.7,78.0,H,29,Paul Ricard,McLaren
49,28,SAI,50,2,6,6,5,0,42,54.0,27.0,0.0,1.4,37.3,966.6,102.0,H,30,Paul Ricard,McLaren
50,28,SAI,51,2,6,6,5,0,42,55.0,26.8,0.0,1.8,37.7,966.7,86.0,H,31,Paul Ricard,McLaren
51,28,SAI,52,0,6,6,5,0,43,54.5,26.7,0.0,1.4,38.6,966.7,158.0,H,32,Paul Ricard,McLaren
52,28,SAI,53,1,6,6,5,0,42,54.1,27.1,0.0,1.9,37.0,966.7,120.0,H,33,Paul Ricard,McLaren
0,28,VET,1,0,7,7,7,0,48,54.4,26.2,0.0,1.7,42.4,966.7,60.0,M,3,Paul Ricard,Ferrari
1,28,VET,2,0,7,7,7,0,49,57.0,26.3,0.0,2.1,41.8,966.7,77.0,M,4,Paul Ricard,Ferrari
2,28,VET,3,0,7,7,7,0,50,56.6,26.7,0.0,1.1,40.4,966.8,83.0,M,5,Paul Ricard,Ferrari
3,28,VET,4,0,7,7,7,0,50,56.4,26.7,0.0,2.1,41.4,966.7,48.0,M,6,Paul Ricard,Ferrari
4,28,VET,5,0,7,6,7,0,51,56.3,26.9,0.0,1.6,41.3,966.8,12.0,M,7,Paul Ricard,Ferrari
5,28,VET,6,0,6,6,7,0,52,56.2,27.5,0.0,0.6,39.9,966.7,18.0,M,8,Paul Ricard,Ferrari
6,28,VET,7,0,6,5,7,0,52,57.2,27.8,0.0,0.9,39.0,966.7,164.0,M,9,Paul Ricard,Ferrari
7,28,VET,8,0,5,5,7,0,53,56.9,27.7,0.0,1.3,38.5,966.7,352.0,M,10,Paul Ricard,Ferrari
8,28,VET,9,0,5,5,7,0,54,55.4,27.7,0.0,1.8,37.9,966.7,132.0,M,11,Paul Ricard,Ferrari
9,28,VET,10,0,5,5,7,0,54,55.6,27.3,0.0,2.1,38.8,966.6,87.0,M,12,Paul Ricard,Ferrari
10,28,VET,11,0,5,5,7,0,55,55.6,27.3,0.0,1.7,38.7,966.6,31.0,M,13,Paul Ricard,Ferrari
11,28,VET,12,0,5,5,7,0,55,55.1,27.4,0.0,0.9,38.3,966.6,116.0,M,14,Paul Ricard,Ferrari
12,28,VET,13,0,5,5,7,0,56,55.1,27.6,0.0,2.3,37.8,966.5,119.0,M,15,Paul Ricard,Ferrari
13,28,VET,14,0,5,5,7,0,56,54.8,27.2,0.0,2.6,38.6,966.6,106.0,M,16,Paul Ricard,Ferrari
14,28,VET,15,0,5,5,7,0,57,54.7,27.1,0.0,1.4,38.9,966.5,151.0,M,17,Paul Ricard,Ferrari
15,28,VET,16,0,5,5,7,0,57,54.1,27.3,0.0,1.1,38.2,966.6,26.0,M,18,Paul Ricard,Ferrari
16,28,VET,17,0,5,5,7,0,57,54.1,27.3,0.0,2.1,38.2,966.5,89.0,M,19,Paul Ricard,Ferrari
17,28,VET,18,0,5,5,7,0,57,56.2,27.9,0.0,2.4,37.0,966.5,120.0,M,20,Paul Ricard,Ferrari
18,28,VET,19,0,5,5,7,0,57,56.0,27.8,0.0,2.2,36.8,966.6,80.0,M,21,Paul Ricard,Ferrari
19,28,VET,20,0,5,4,7,0,58,56.0,27.8,0.0,2.0,36.7,966.6,93.0,M,22,Paul Ricard,Ferrari
20,28,VET,21,0,4,3,7,0,58,55.9,27.7,0.0,3.1,36.8,966.5,102.0,M,23,Paul Ricard,Ferrari
21,28,VET,22,0,3,3,7,0,58,56.3,27.5,0.0,3.3,37.2,966.5,108.0,M,24,Paul Ricard,Ferrari
22,28,VET,23,1,3,2,7,0,58,56.2,27.3,0.0,3.2,37.5,966.6,80.0,M,25,Paul Ricard,Ferrari
23,28,VET,24,0,2,2,7,0,58,55.2,27.2,0.0,3.2,37.4,966.6,114.0,M,26,Paul Ricard,Ferrari
24,28,VET,25,0,2,5,7,0,58,54.9,26.9,0.0,3.7,38.1,966.5,102.0,M,27,Paul Ricard,Ferrari
25,28,VET,26,0,5,5,7,0,59,54.2,26.7,0.0,2.8,38.6,966.5,112.0,H,0,Paul Ricard,Ferrari
26,28,VET,27,0,5,5,7,0,59,54.0,27.0,0.0,1.4,37.6,966.5,74.0,H,1,Paul Ricard,Ferrari
27,28,VET,28,0,5,5,7,0,59,53.2,27.0,0.0,2.4,37.9,966.6,85.0,H,2,Paul Ricard,Ferrari
28,28,VET,29,0,5,5,7,0,59,52.1,27.1,0.0,1.8,37.6,966.6,109.0,H,3,Paul Ricard,Ferrari
29,28,VET,30,0,5,5,7,0,59,52.0,27.2,0.0,1.5,37.1,966.6,124.0,H,4,Paul Ricard,Ferrari
30,28,VET,31,0,5,5,7,0,59,53.4,27.3,0.0,3.2,36.8,966.5,109.0,H,5,Paul Ricard,Ferrari
31,28,VET,32,0,5,5,7,0,59,55.5,27.5,0.0,1.2,36.5,966.7,25.0,H,6,Paul Ricard,Ferrari
32,28,VET,33,0,5,5,7,0,59,55.5,27.5,0.0,1.4,36.6,966.7,76.0,H,7,Paul Ricard,Ferrari
33,28,VET,34,0,5,5,7,0,59,56.2,27.6,0.0,1.7,36.6,966.7,15.0,H,8,Paul Ricard,Ferrari
34,28,VET,35,0,5,5,7,0,59,54.7,27.6,0.0,1.3,36.7,966.8,96.0,H,9,Paul Ricard,Ferrari
35,28,VET,36,1,5,5,7,0,59,54.1,27.7,0.0,1.4,36.9,966.7,102.0,H,10,Paul Ricard,Ferrari
36,28,VET,37,0,5,5,7,0,59,52.3,27.6,0.0,1.6,36.9,966.7,177.0,H,11,Paul Ricard,Ferrari
37,28,VET,38,0,5,5,7,0,59,51.6,27.4,0.0,1.2,37.2,966.7,79.0,H,12,Paul Ricard,Ferrari
38,28,VET,39,0,5,5,7,0,58,53.9,27.2,0.0,2.4,37.1,966.8,121.0,H,13,Paul Ricard,Ferrari
39,28,VET,40,0,5,5,7,0,55,53.9,26.9,0.0,1.4,38.2,966.8,196.0,H,14,Paul Ricard,Ferrari
40,28,VET,41,0,5,5,7,0,55,52.6,26.5,0.0,1.5,39.6,966.7,77.0,H,15,Paul Ricard,Ferrari
41,28,VET,42,0,5,5,7,0,55,52.6,26.9,0.0,1.1,38.6,966.7,73.0,H,16,Paul Ricard,Ferrari
42,28,VET,43,0,5,5,7,0,55,53.8,26.8,0.0,1.4,39.0,966.7,38.0,H,17,Paul Ricard,Ferrari
43,28,VET,44,0,5,5,7,0,56,54.5,26.5,0.0,2.5,39.9,966.6,83.0,H,18,Paul Ricard,Ferrari
44,28,VET,45,0,5,5,7,0,56,54.5,26.4,0.0,1.5,40.1,966.7,94.0,H,19,Paul Ricard,Ferrari
45,28,VET,46,0,5,5,7,0,56,54.9,26.8,0.0,1.4,39.2,966.6,166.0,H,20,Paul Ricard,Ferrari
46,28,VET,47,0,5,5,7,0,56,55.1,27.0,0.0,1.1,39.0,966.8,182.0,H,21,Paul Ricard,Ferrari
47,28,VET,48,0,5,5,7,0,56,55.2,27.1,0.0,1.6,37.8,966.6,128.0,H,22,Paul Ricard,Ferrari
48,28,VET,49,1,5,5,7,0,57,54.3,27.0,0.0,1.2,37.6,966.7,29.0,H,23,Paul Ricard,Ferrari
49,28,VET,50,2,5,5,7,0,57,55.0,26.8,0.0,1.8,37.7,966.7,86.0,H,24,Paul Ricard,Ferrari
50,28,VET,51,2,5,5,7,0,57,54.3,26.9,0.0,1.1,38.4,966.7,51.0,H,25,Paul Ricard,Ferrari
51,28,VET,52,0,5,5,7,0,57,54.1,27.1,0.0,1.9,37.0,966.7,120.0,S,0,Paul Ricard,Ferrari
52,28,VET,53,1,5,5,7,0,57,53.5,26.5,0.0,1.9,38.4,966.8,85.0,S,1,Paul Ricard,Ferrari
0,28,RIC,1,0,10,10,10,0,62,56.1,26.4,0.0,1.8,41.4,966.7,93.0,M,4,Paul Ricard,Renault
1,28,RIC,2,0,10,10,10,0,66,57.0,26.3,0.0,2.1,41.8,966.7,77.0,M,5,Paul Ricard,Renault
2,28,RIC,3,0,10,10,10,0,66,56.3,26.5,0.0,1.4,41.4,966.8,197.0,M,6,Paul Ricard,Renault
3,28,RIC,4,0,10,10,10,0,66,56.6,26.8,0.0,1.5,40.2,966.7,151.0,M,7,Paul Ricard,Renault
4,28,RIC,5,0,10,10,10,0,64,56.3,26.9,0.0,1.4,40.6,966.6,26.0,M,8,Paul Ricard,Renault
5,28,RIC,6,0,10,9,10,0,64,56.3,26.9,0.0,1.6,41.3,966.8,12.0,M,9,Paul Ricard,Renault
6,28,RIC,7,0,9,9,10,0,64,56.6,27.0,0.0,1.4,41.1,966.7,176.0,M,10,Paul Ricard,Renault
7,28,RIC,8,0,9,9,10,0,64,56.8,27.3,0.0,1.1,40.3,966.7,184.0,M,11,Paul Ricard,Renault
8,28,RIC,9,0,9,9,10,0,65,56.2,27.5,0.0,0.6,39.9,966.7,18.0,M,12,Paul Ricard,Renault
9,28,RIC,10,0,9,9,10,0,65,57.2,27.8,0.0,0.9,39.0,966.7,164.0,M,13,Paul Ricard,Renault
10,28,RIC,11,0,9,9,10,0,66,55.4,27.7,0.0,1.8,37.9,966.7,132.0,M,14,Paul Ricard,Renault
11,28,RIC,12,0,9,9,10,0,66,55.4,27.6,0.0,1.6,38.4,966.6,103.0,M,15,Paul Ricard,Renault
12,28,RIC,13,0,9,9,10,0,65,55.4,27.4,0.0,1.5,38.5,966.6,104.0,M,16,Paul Ricard,Renault
13,28,RIC,14,0,9,9,10,0,65,54.4,27.1,0.0,1.5,38.7,966.6,161.0,M,17,Paul Ricard,Renault
14,28,RIC,15,0,9,9,10,0,65,55.7,27.8,0.0,2.4,37.1,966.6,132.0,M,18,Paul Ricard,Renault
15,28,RIC,16,0,9,16,10,0,66,55.1,27.6,0.0,2.3,37.8,966.5,119.0,M,19,Paul Ricard,Renault
16,28,RIC,17,0,16,16,10,0,66,54.8,27.2,0.0,2.6,38.6,966.6,106.0,H,0,Paul Ricard,Renault
17,28,RIC,18,0,16,14,10,0,65,55.4,27.4,0.0,1.1,38.4,966.6,107.0,H,1,Paul Ricard,Renault
18,28,RIC,19,0,14,14,10,0,65,55.9,27.7,0.0,2.2,37.3,966.5,201.0,H,2,Paul Ricard,Renault
19,28,RIC,20,0,14,14,10,0,64,56.0,27.7,0.0,1.5,37.1,966.6,59.0,H,3,Paul Ricard,Renault
20,28,RIC,21,0,14,14,10,0,63,54.1,27.3,0.0,2.1,38.2,966.5,89.0,H,4,Paul Ricard,Renault
21,28,RIC,22,0,14,14,10,0,63,56.1,27.5,0.0,1.2,37.8,966.6,106.0,H,5,Paul Ricard,Renault
22,28,RIC,23,1,14,14,10,0,62,56.2,27.9,0.0,2.4,37.0,966.5,120.0,H,6,Paul Ricard,Renault
23,28,RIC,24,0,14,14,10,0,62,56.0,27.8,0.0,2.2,36.8,966.6,80.0,H,7,Paul Ricard,Renault
24,28,RIC,25,0,14,13,10,0,62,56.0,27.8,0.0,2.0,36.7,966.6,93.0,H,8,Paul Ricard,Renault
25,28,RIC,26,0,13,13,10,0,61,55.9,27.7,0.0,3.1,36.8,966.5,102.0,H,9,Paul Ricard,Renault
26,28,RIC,27,0,13,12,10,0,61,56.3,27.5,0.0,3.3,37.2,966.5,108.0,H,10,Paul Ricard,Renault
27,28,RIC,28,0,12,12,10,0,60,56.2,27.3,0.0,3.2,37.5,966.6,80.0,H,11,Paul Ricard,Renault
28,28,RIC,29,0,12,12,10,0,60,54.2,26.7,0.0,2.8,38.6,966.5,112.0,H,12,Paul Ricard,Renault
29,28,RIC,30,0,12,12,10,0,60,54.0,27.0,0.0,1.4,37.6,966.5,74.0,H,13,Paul Ricard,Renault
30,28,RIC,31,0,12,12,10,0,60,53.2,27.0,0.0,2.4,37.9,966.6,85.0,H,14,Paul Ricard,Renault
31,28,RIC,32,0,12,10,10,0,59,52.0,27.1,0.0,2.2,37.4,966.6,115.0,H,15,Paul Ricard,Renault
32,28,RIC,33,0,10,10,10,0,59,52.1,27.1,0.0,1.8,37.6,966.6,109.0,H,16,Paul Ricard,Renault
33,28,RIC,34,0,10,9,10,0,59,52.6,27.3,0.0,2.4,36.7,966.7,104.0,H,17,Paul Ricard,Renault
34,28,RIC,35,0,9,9,10,0,59,55.3,27.4,0.0,1.8,36.6,966.6,41.0,H,18,Paul Ricard,Renault
35,28,RIC,36,1,9,9,10,0,59,55.5,27.5,0.0,1.2,36.5,966.7,25.0,H,19,Paul Ricard,Renault
36,28,RIC,37,0,9,9,10,0,59,56.0,27.7,0.0,1.7,36.3,966.7,140.0,H,20,Paul Ricard,Renault
37,28,RIC,38,0,9,9,10,0,58,54.1,27.7,0.0,1.4,36.9,966.7,102.0,H,21,Paul Ricard,Renault
38,28,RIC,39,0,9,8,10,0,56,52.3,27.6,0.0,1.6,36.9,966.7,177.0,H,22,Paul Ricard,Renault
39,28,RIC,40,0,8,8,10,0,54,53.9,26.9,0.0,1.4,38.2,966.8,196.0,H,23,Paul Ricard,Renault
40,28,RIC,41,0,8,8,10,0,54,53.8,26.8,0.0,1.4,39.0,966.7,38.0,H,24,Paul Ricard,Renault
41,28,RIC,42,0,8,8,10,0,54,53.2,26.7,0.0,2.8,39.1,966.7,95.0,H,25,Paul Ricard,Renault
42,28,RIC,43,0,8,8,10,0,54,53.9,26.3,0.0,1.3,39.8,966.7,109.0,H,26,Paul Ricard,Renault
43,28,RIC,44,0,8,8,10,0,54,54.5,26.5,0.0,2.5,39.9,966.6,83.0,H,27,Paul Ricard,Renault
44,28,RIC,45,0,8,8,10,0,54,54.5,26.4,0.0,1.5,40.1,966.7,94.0,H,28,Paul Ricard,Renault
45,28,RIC,46,0,8,8,10,0,54,55.2,27.1,0.0,1.6,37.8,966.6,128.0,H,29,Paul Ricard,Renault
46,28,RIC,47,0,8,8,10,0,54,55.1,26.9,0.0,1.7,38.6,966.7,124.0,H,30,Paul Ricard,Renault
47,28,RIC,48,0,8,8,10,0,54,53.7,27.2,0.0,1.4,36.6,966.7,78.0,H,31,Paul Ricard,Renault
48,28,RIC,49,1,8,8,10,0,54,54.0,27.0,0.0,1.4,37.3,966.6,102.0,H,32,Paul Ricard,Renault
49,28,RIC,50,2,8,8,10,0,54,55.0,26.8,0.0,1.8,37.7,966.7,86.0,H,33,Paul Ricard,Renault
50,28,RIC,51,2,8,8,10,0,54,54.3,26.9,0.0,1.1,38.4,966.7,51.0,H,34,Paul Ricard,Renault
51,28,RIC,52,0,8,7,10,0,54,54.1,27.1,0.0,1.9,37.0,966.7,120.0,H,35,Paul Ricard,Renault
0,28,GAS,1,0,8,8,8,0,41,54.4,26.2,0.0,1.7,42.4,966.7,60.0,S,3,Paul Ricard,Red Bull Racing
1,28,GAS,2,0,8,8,8,0,42,55.9,26.4,0.0,1.8,41.4,966.7,120.0,S,4,Paul Ricard,Red Bull Racing
2,28,GAS,3,0,8,8,8,0,40,56.1,26.4,0.0,1.8,41.4,966.7,93.0,S,5,Paul Ricard,Red Bull Racing
3,28,GAS,4,0,8,8,8,0,40,57.0,26.3,0.0,2.1,41.8,966.7,77.0,S,6,Paul Ricard,Red Bull Racing
4,28,GAS,5,0,8,8,8,0,41,56.3,26.5,0.0,1.4,41.4,966.8,197.0,S,7,Paul Ricard,Red Bull Racing
5,28,GAS,6,0,8,8,8,0,41,56.6,26.8,0.0,1.5,40.2,966.7,151.0,S,8,Paul Ricard,Red Bull Racing
6,28,GAS,7,0,8,8,8,0,42,56.3,26.9,0.0,1.4,40.6,966.6,26.0,S,9,Paul Ricard,Red Bull Racing
7,28,GAS,8,0,8,8,8,0,42,56.3,26.9,0.0,1.6,41.3,966.8,12.0,S,10,Paul Ricard,Red Bull Racing
8,28,GAS,9,0,8,8,8,0,43,56.6,27.0,0.0,1.4,41.1,966.7,176.0,S,11,Paul Ricard,Red Bull Racing
9,28,GAS,10,0,8,8,8,0,43,56.8,27.3,0.0,1.1,40.3,966.7,184.0,S,12,Paul Ricard,Red Bull Racing
10,28,GAS,11,0,8,8,8,0,43,57.2,27.8,0.0,0.9,39.0,966.7,164.0,S,13,Paul Ricard,Red Bull Racing
11,28,GAS,12,0,8,8,8,0,43,56.9,27.7,0.0,1.3,38.5,966.7,352.0,S,14,Paul Ricard,Red Bull Racing
12,28,GAS,13,0,8,8,8,0,43,55.4,27.7,0.0,1.8,37.9,966.7,132.0,S,15,Paul Ricard,Red Bull Racing
13,28,GAS,14,0,8,8,8,0,43,55.4,27.6,0.0,1.6,38.4,966.6,103.0,S,16,Paul Ricard,Red Bull Racing
14,28,GAS,15,0,8,8,8,0,43,55.6,27.3,0.0,2.1,38.8,966.6,87.0,S,17,Paul Ricard,Red Bull Racing
15,28,GAS,16,0,8,8,8,0,43,55.6,27.3,0.0,1.7,38.7,966.6,31.0,S,18,Paul Ricard,Red Bull Racing
16,28,GAS,17,0,8,15,8,0,43,55.7,27.8,0.0,2.4,37.1,966.6,132.0,S,19,Paul Ricard,Red Bull Racing
17,28,GAS,18,0,15,15,8,0,42,54.8,27.2,0.0,2.6,38.6,966.6,106.0,H,0,Paul Ricard,Red Bull Racing
18,28,GAS,19,0,15,15,8,0,42,55.9,27.7,0.0,2.2,37.3,966.5,201.0,H,1,Paul Ricard,Red Bull Racing
19,28,GAS,20,0,15,15,8,0,41,56.0,27.7,0.0,1.5,37.1,966.6,59.0,H,2,Paul Ricard,Red Bull Racing
20,28,GAS,21,0,15,15,8,0,41,54.1,27.3,0.0,2.1,38.2,966.5,89.0,H,3,Paul Ricard,Red Bull Racing
21,28,GAS,22,0,15,15,8,0,41,56.0,27.8,0.0,2.2,36.8,966.6,80.0,H,4,Paul Ricard,Red Bull Racing
22,28,GAS,23,1,15,15,8,0,40,56.0,27.8,0.0,2.0,36.7,966.6,93.0,H,5,Paul Ricard,Red Bull Racing
23,28,GAS,24,0,15,15,8,0,40,55.2,27.2,0.0,3.2,37.4,966.6,114.0,H,6,Paul Ricard,Red Bull Racing
24,28,GAS,25,0,15,14,8,0,40,54.2,26.7,0.0,2.8,38.6,966.5,112.0,H,7,Paul Ricard,Red Bull Racing
25,28,GAS,26,0,14,14,8,0,39,54.1,26.6,0.0,1.6,39.0,966.6,12.0,H,8,Paul Ricard,Red Bull Racing
26,28,GAS,27,0,14,14,8,0,39,54.0,27.0,0.0,1.4,37.6,966.5,74.0,H,9,Paul Ricard,Red Bull Racing
27,28,GAS,28,0,14,13,8,0,39,52.1,27.1,0.0,1.8,37.6,966.6,109.0,H,10,Paul Ricard,Red Bull Racing
28,28,GAS,29,0,13,13,8,0,39,52.0,27.2,0.0,1.5,37.1,966.6,124.0,H,11,Paul Ricard,Red Bull Racing
29,28,GAS,30,0,13,13,8,0,39,53.8,27.2,0.0,1.7,37.2,966.6,58.0,H,12,Paul Ricard,Red Bull Racing
30,28,GAS,31,0,13,13,8,0,39,55.3,27.4,0.0,1.8,36.6,966.6,41.0,H,13,Paul Ricard,Red Bull Racing
31,28,GAS,32,0,13,12,8,0,38,55.5,27.5,0.0,1.2,36.5,966.7,25.0,H,14,Paul Ricard,Red Bull Racing
32,28,GAS,33,0,12,12,8,0,38,55.5,27.5,0.0,1.4,36.6,966.7,76.0,H,15,Paul Ricard,Red Bull Racing
33,28,GAS,34,0,12,12,8,0,38,56.0,27.7,0.0,1.7,36.3,966.7,140.0,H,16,Paul Ricard,Red Bull Racing
34,28,GAS,35,0,12,12,8,0,38,55.4,27.6,0.0,1.1,36.7,966.6,79.0,H,17,Paul Ricard,Red Bull Racing
35,28,GAS,36,1,12,12,8,0,38,54.7,27.6,0.0,1.3,36.7,966.8,96.0,H,18,Paul Ricard,Red Bull Racing
36,28,GAS,37,0,12,12,8,0,38,54.1,27.7,0.0,1.4,36.9,966.7,102.0,H,19,Paul Ricard,Red Bull Racing
37,28,GAS,38,0,12,12,8,0,38,51.6,27.4,0.0,1.2,37.2,966.7,79.0,H,20,Paul Ricard,Red Bull Racing
38,28,GAS,39,0,12,11,8,0,36,53.9,26.9,0.0,1.4,38.2,966.8,196.0,H,21,Paul Ricard,Red Bull Racing
39,28,GAS,40,0,11,11,8,0,35,53.1,26.8,0.0,1.8,38.9,966.6,84.0,H,22,Paul Ricard,Red Bull Racing
40,28,GAS,41,0,11,11,8,0,35,52.6,26.5,0.0,1.5,39.6,966.7,77.0,H,23,Paul Ricard,Red Bull Racing
41,28,GAS,42,0,11,11,8,0,35,53.8,26.8,0.0,1.4,39.0,966.7,38.0,H,24,Paul Ricard,Red Bull Racing
42,28,GAS,43,0,11,11,8,0,35,53.9,26.3,0.0,1.3,39.8,966.7,109.0,H,25,Paul Ricard,Red Bull Racing
43,28,GAS,44,0,11,11,8,0,35,53.9,26.4,0.0,2.1,40.1,966.8,81.0,H,26,Paul Ricard,Red Bull Racing
44,28,GAS,45,0,11,11,8,0,35,54.5,26.4,0.0,1.5,40.1,966.7,94.0,H,27,Paul Ricard,Red Bull Racing
45,28,GAS,46,0,11,11,8,0,35,55.1,27.0,0.0,1.1,39.0,966.8,182.0,H,28,Paul Ricard,Red Bull Racing
46,28,GAS,47,0,11,11,8,0,35,55.2,27.1,0.0,1.6,37.8,966.6,128.0,H,29,Paul Ricard,Red Bull Racing
47,28,GAS,48,0,11,11,8,0,35,54.3,27.0,0.0,1.2,37.6,966.7,29.0,H,30,Paul Ricard,Red Bull Racing
48,28,GAS,49,1,11,11,8,0,35,53.7,27.2,0.0,1.4,36.6,966.7,78.0,H,31,Paul Ricard,Red Bull Racing
49,28,GAS,50,2,11,11,8,0,36,54.0,27.0,0.0,1.4,37.3,966.6,102.0,H,32,Paul Ricard,Red Bull Racing
50,28,GAS,51,2,11,11,8,0,36,54.5,26.8,0.0,1.4,38.1,966.6,94.0,H,33,Paul Ricard,Red Bull Racing
51,28,GAS,52,0,11,11,8,0,36,53.3,26.9,0.0,2.3,37.0,966.7,18.0,H,34,Paul Ricard,Red Bull Racing
0,28,GIO,1,0,9,9,9,0,31,55.9,26.4,0.0,1.8,41.4,966.7,120.0,S,3,Paul Ricard,Alfa Romeo Racing
1,28,GIO,2,0,9,9,9,0,35,56.1,26.4,0.0,1.8,41.4,966.7,93.0,S,4,Paul Ricard,Alfa Romeo Racing
2,28,GIO,3,0,9,9,9,0,37,56.1,26.3,0.0,1.2,41.8,966.8,57.0,S,5,Paul Ricard,Alfa Romeo Racing
3,28,GIO,4,0,9,9,9,0,38,57.0,26.3,0.0,2.1,41.8,966.7,77.0,S,6,Paul Ricard,Alfa Romeo Racing
4,28,GIO,5,0,9,9,9,0,38,56.3,26.5,0.0,1.4,41.4,966.8,197.0,S,7,Paul Ricard,Alfa Romeo Racing
5,28,GIO,6,0,9,11,9,0,38,56.6,26.7,0.0,1.1,40.4,966.8,83.0,S,8,Paul Ricard,Alfa Romeo Racing
6,28,GIO,7,0,11,20,9,0,38,56.4,26.7,0.0,2.1,41.4,966.7,48.0,S,9,Paul Ricard,Alfa Romeo Racing
7,28,GIO,8,0,20,20,9,0,36,56.6,27.0,0.0,1.4,41.1,966.7,176.0,H,0,Paul Ricard,Alfa Romeo Racing
8,28,GIO,9,0,20,20,9,0,36,56.2,27.5,0.0,0.6,39.9,966.7,18.0,H,1,Paul Ricard,Alfa Romeo Racing
9,28,GIO,10,0,20,20,9,0,36,57.2,27.8,0.0,0.9,39.0,966.7,164.0,H,2,Paul Ricard,Alfa Romeo Racing
10,28,GIO,11,0,20,20,9,0,36,56.9,27.7,0.0,1.3,38.5,966.7,352.0,H,3,Paul Ricard,Alfa Romeo Racing
11,28,GIO,12,0,20,20,9,0,35,55.4,27.7,0.0,1.8,37.9,966.7,132.0,H,4,Paul Ricard,Alfa Romeo Racing
12,28,GIO,13,0,20,20,9,0,35,54.4,27.1,0.0,1.5,38.7,966.6,161.0,H,5,Paul Ricard,Alfa Romeo Racing
13,28,GIO,14,0,20,20,9,0,35,55.7,27.8,0.0,2.4,37.1,966.6,132.0,H,6,Paul Ricard,Alfa Romeo Racing
14,28,GIO,15,0,20,19,9,0,35,55.1,27.6,0.0,2.3,37.8,966.5,119.0,H,7,Paul Ricard,Alfa Romeo Racing
15,28,GIO,16,0,19,17,9,0,34,54.8,27.2,0.0,2.6,38.6,966.6,106.0,H,8,Paul Ricard,Alfa Romeo Racing
16,28,GIO,17,0,17,17,9,0,34,55.4,27.4,0.0,1.1,38.4,966.6,107.0,H,9,Paul Ricard,Alfa Romeo Racing
17,28,GIO,18,0,17,17,9,0,34,56.0,27.7,0.0,1.5,37.1,966.6,59.0,H,10,Paul Ricard,Alfa Romeo Racing
18,28,GIO,19,0,17,17,9,0,34,55.9,27.7,0.0,3.1,36.8,966.5,102.0,H,11,Paul Ricard,Alfa Romeo Racing
19,28,GIO,20,0,17,17,9,0,34,56.2,27.3,0.0,3.2,37.5,966.6,80.0,H,12,Paul Ricard,Alfa Romeo Racing
20,28,GIO,21,0,17,17,9,0,34,55.2,27.2,0.0,3.2,37.4,966.6,114.0,H,13,Paul Ricard,Alfa Romeo Racing
21,28,GIO,22,0,17,17,9,0,34,54.9,26.9,0.0,3.7,38.1,966.5,102.0,H,14,Paul Ricard,Alfa Romeo Racing
22,28,GIO,23,1,17,17,9,0,34,54.2,26.7,0.0,2.8,38.6,966.5,112.0,H,15,Paul Ricard,Alfa Romeo Racing
23,28,GIO,24,0,17,17,9,0,34,54.0,27.0,0.0,1.4,37.6,966.5,74.0,H,16,Paul Ricard,Alfa Romeo Racing
24,28,GIO,25,0,17,17,9,0,33,53.2,27.0,0.0,2.4,37.9,966.6,85.0,H,17,Paul Ricard,Alfa Romeo Racing
25,28,GIO,26,0,17,16,9,0,33,52.1,27.1,0.0,1.8,37.6,966.6,109.0,H,18,Paul Ricard,Alfa Romeo Racing
26,28,GIO,27,0,16,16,9,0,34,52.6,27.3,0.0,2.4,36.7,966.7,104.0,H,19,Paul Ricard,Alfa Romeo Racing
27,28,GIO,28,0,16,16,9,0,34,53.4,27.3,0.0,3.2,36.8,966.5,109.0,H,20,Paul Ricard,Alfa Romeo Racing
28,28,GIO,29,0,16,17,9,0,34,53.8,27.2,0.0,1.7,37.2,966.6,58.0,H,21,Paul Ricard,Alfa Romeo Racing
29,28,GIO,30,0,17,17,9,0,33,55.3,27.4,0.0,1.8,36.6,966.6,41.0,H,22,Paul Ricard,Alfa Romeo Racing
30,28,GIO,31,0,17,16,9,0,33,56.0,27.7,0.0,1.7,36.3,966.7,140.0,H,23,Paul Ricard,Alfa Romeo Racing
31,28,GIO,32,0,16,15,9,0,34,56.2,27.6,0.0,1.7,36.6,966.7,15.0,H,24,Paul Ricard,Alfa Romeo Racing
32,28,GIO,33,0,15,15,9,0,33,55.4,27.6,0.0,1.1,36.7,966.6,79.0,H,25,Paul Ricard,Alfa Romeo Racing
33,28,GIO,34,0,15,18,9,0,33,54.7,27.6,0.0,1.3,36.7,966.8,96.0,H,26,Paul Ricard,Alfa Romeo Racing
34,28,GIO,35,0,18,18,9,0,25,54.1,27.7,0.0,1.4,36.9,966.7,102.0,M,0,Paul Ricard,Alfa Romeo Racing
35,28,GIO,36,1,18,18,9,0,23,52.3,27.6,0.0,1.6,36.9,966.7,177.0,M,1,Paul Ricard,Alfa Romeo Racing
36,28,GIO,37,0,18,18,9,0,23,53.9,27.2,0.0,2.4,37.1,966.8,121.0,M,2,Paul Ricard,Alfa Romeo Racing
37,28,GIO,38,0,18,18,9,0,24,53.9,26.9,0.0,1.4,38.2,966.8,196.0,M,3,Paul Ricard,Alfa Romeo Racing
38,28,GIO,39,0,18,18,9,0,23,53.1,26.8,0.0,1.8,38.9,966.6,84.0,M,4,Paul Ricard,Alfa Romeo Racing
39,28,GIO,40,0,18,18,9,0,23,53.8,26.8,0.0,1.4,39.0,966.7,38.0,M,5,Paul Ricard,Alfa Romeo Racing
40,28,GIO,41,0,18,18,9,0,24,53.9,26.4,0.0,2.1,40.1,966.8,81.0,M,6,Paul Ricard,Alfa Romeo Racing
41,28,GIO,42,0,18,18,9,0,24,54.5,26.5,0.0,2.5,39.9,966.6,83.0,M,7,Paul Ricard,Alfa Romeo Racing
42,28,GIO,43,0,18,18,9,0,24,54.5,26.4,0.0,1.5,40.1,966.7,94.0,M,8,Paul Ricard,Alfa Romeo Racing
43,28,GIO,44,0,18,18,9,0,24,54.9,26.8,0.0,1.4,39.2,966.6,166.0,M,9,Paul Ricard,Alfa Romeo Racing
44,28,GIO,45,0,18,17,9,0,25,55.1,27.0,0.0,1.1,39.0,966.8,182.0,M,10,Paul Ricard,Alfa Romeo Racing
45,28,GIO,46,0,17,17,9,0,25,55.1,26.9,0.0,1.7,38.6,966.7,124.0,M,11,Paul Ricard,Alfa Romeo Racing
46,28,GIO,47,0,17,17,9,0,25,54.3,27.0,0.0,1.2,37.6,966.7,29.0,M,12,Paul Ricard,Alfa Romeo Racing
47,28,GIO,48,0,17,17,9,0,25,54.0,27.0,0.0,1.4,37.3,966.6,102.0,M,13,Paul Ricard,Alfa Romeo Racing
48,28,GIO,49,1,17,17,9,0,26,54.3,26.9,0.0,1.1,38.4,966.7,51.0,M,14,Paul Ricard,Alfa Romeo Racing
49,28,GIO,50,2,17,17,9,0,26,54.1,27.1,0.0,1.9,37.0,966.7,120.0,M,15,Paul Ricard,Alfa Romeo Racing
50,28,GIO,51,2,17,16,9,0,26,53.3,26.9,0.0,2.3,37.0,966.7,18.0,M,16,Paul Ricard,Alfa Romeo Racing
51,28,GIO,52,0,16,16,9,0,26,53.2,26.6,0.0,1.0,38.1,966.7,35.0,M,17,Paul Ricard,Alfa Romeo Racing
0,28,ALB,1,0,16,16,16,0,51,57.0,26.3,0.0,2.1,41.8,966.7,77.0,M,0,Paul Ricard,Toro Rosso
1,28,ALB,2,0,16,16,16,0,55,56.3,26.5,0.0,1.4,41.4,966.8,197.0,M,1,Paul Ricard,Toro Rosso
2,28,ALB,3,0,16,16,16,0,56,56.6,26.7,0.0,1.1,40.4,966.8,83.0,M,2,Paul Ricard,Toro Rosso
3,28,ALB,4,0,16,16,16,0,55,56.6,26.8,0.0,1.5,40.2,966.7,151.0,M,3,Paul Ricard,Toro Rosso
4,28,ALB,5,0,16,16,16,0,55,56.3,26.9,0.0,1.4,40.6,966.6,26.0,M,4,Paul Ricard,Toro Rosso
5,28,ALB,6,0,16,16,16,0,53,56.4,26.7,0.0,2.1,41.4,966.7,48.0,M,5,Paul Ricard,Toro Rosso
6,28,ALB,7,0,16,15,16,0,52,56.3,26.9,0.0,1.6,41.3,966.8,12.0,M,6,Paul Ricard,Toro Rosso
7,28,ALB,8,0,15,15,16,0,50,56.8,27.3,0.0,1.1,40.3,966.7,184.0,M,7,Paul Ricard,Toro Rosso
8,28,ALB,9,0,15,15,16,0,49,57.2,27.8,0.0,0.9,39.0,966.7,164.0,M,8,Paul Ricard,Toro Rosso
9,28,ALB,10,0,15,15,16,0,49,55.4,27.6,0.0,1.6,38.4,966.6,103.0,M,9,Paul Ricard,Toro Rosso
10,28,ALB,11,0,15,15,16,0,49,55.6,27.3,0.0,2.1,38.8,966.6,87.0,M,10,Paul Ricard,Toro Rosso
11,28,ALB,12,0,15,15,16,0,48,55.6,27.3,0.0,1.7,38.7,966.6,31.0,M,11,Paul Ricard,Toro Rosso
12,28,ALB,13,0,15,15,16,0,48,54.4,27.1,0.0,1.5,38.7,966.6,161.0,M,12,Paul Ricard,Toro Rosso
13,28,ALB,14,0,15,14,16,0,48,55.1,27.4,0.0,0.9,38.3,966.6,116.0,M,13,Paul Ricard,Toro Rosso
14,28,ALB,15,0,14,14,16,0,49,55.1,27.6,0.0,2.3,37.8,966.5,119.0,M,14,Paul Ricard,Toro Rosso
15,28,ALB,16,0,14,13,16,0,49,54.8,27.2,0.0,2.6,38.6,966.6,106.0,M,15,Paul Ricard,Toro Rosso
16,28,ALB,17,0,13,12,16,0,49,55.9,27.7,0.0,2.2,37.3,966.5,201.0,M,16,Paul Ricard,Toro Rosso
17,28,ALB,18,0,12,10,16,0,49,56.0,27.7,0.0,1.5,37.1,966.6,59.0,M,17,Paul Ricard,Toro Rosso
18,28,ALB,19,0,10,10,16,0,49,54.1,27.3,0.0,2.1,38.2,966.5,89.0,M,18,Paul Ricard,Toro Rosso
19,28,ALB,20,0,10,9,16,0,49,56.1,27.5,0.0,1.2,37.8,966.6,106.0,M,19,Paul Ricard,Toro Rosso
20,28,ALB,21,0,9,9,16,0,49,56.0,27.8,0.0,2.2,36.8,966.6,80.0,M,20,Paul Ricard,Toro Rosso
21,28,ALB,22,0,9,9,16,0,50,56.0,27.8,0.0,2.0,36.7,966.6,93.0,M,21,Paul Ricard,Toro Rosso
22,28,ALB,23,1,9,9,16,0,50,56.3,27.5,0.0,3.3,37.2,966.5,108.0,M,22,Paul Ricard,Toro Rosso
23,28,ALB,24,0,9,9,16,0,50,54.9,26.9,0.0,3.7,38.1,966.5,102.0,M,23,Paul Ricard,Toro Rosso
24,28,ALB,25,0,9,16,16,0,51,52.6,27.3,0.0,2.4,36.7,966.7,104.0,M,24,Paul Ricard,Toro Rosso
25,28,ALB,26,0,16,17,16,0,51,53.4,27.3,0.0,3.2,36.8,966.5,109.0,H,0,Paul Ricard,Toro Rosso
26,28,ALB,27,0,17,17,16,0,51,53.8,27.2,0.0,1.7,37.2,966.6,58.0,H,1,Paul Ricard,Toro Rosso
27,28,ALB,28,0,17,17,16,0,51,55.3,27.4,0.0,1.8,36.6,966.6,41.0,H,2,Paul Ricard,Toro Rosso
28,28,ALB,29,0,17,16,16,0,51,55.5,27.5,0.0,1.2,36.5,966.7,25.0,H,3,Paul Ricard,Toro Rosso
29,28,ALB,30,0,16,16,16,0,51,56.0,27.7,0.0,1.7,36.3,966.7,140.0,H,4,Paul Ricard,Toro Rosso
30,28,ALB,31,0,16,15,16,0,51,56.2,27.6,0.0,1.7,36.6,966.7,15.0,H,5,Paul Ricard,Toro Rosso
31,28,ALB,32,0,15,14,16,0,51,54.1,27.7,0.0,1.4,36.9,966.7,102.0,H,6,Paul Ricard,Toro Rosso
32,28,ALB,33,0,14,14,16,0,51,52.3,27.6,0.0,1.6,36.9,966.7,177.0,H,7,Paul Ricard,Toro Rosso
33,28,ALB,34,0,14,14,16,0,51,53.9,26.9,0.0,1.4,38.2,966.8,196.0,H,8,Paul Ricard,Toro Rosso
34,28,ALB,35,0,14,14,16,0,51,52.6,26.9,0.0,1.1,38.6,966.7,73.0,H,9,Paul Ricard,Toro Rosso
35,28,ALB,36,1,14,14,16,0,51,53.8,26.8,0.0,1.4,39.0,966.7,38.0,H,10,Paul Ricard,Toro Rosso
36,28,ALB,37,0,14,14,16,0,51,53.2,26.7,0.0,2.8,39.1,966.7,95.0,H,11,Paul Ricard,Toro Rosso
37,28,ALB,38,0,14,14,16,0,51,53.9,26.3,0.0,1.3,39.8,966.7,109.0,H,12,Paul Ricard,Toro Rosso
38,28,ALB,39,0,14,14,16,0,49,53.9,26.4,0.0,2.1,40.1,966.8,81.0,H,13,Paul Ricard,Toro Rosso
39,28,ALB,40,0,14,14,16,0,49,54.5,26.5,0.0,2.5,39.9,966.6,83.0,H,14,Paul Ricard,Toro Rosso
40,28,ALB,41,0,14,14,16,0,49,54.5,26.4,0.0,1.5,40.1,966.7,94.0,H,15,Paul Ricard,Toro Rosso
41,28,ALB,42,0,14,14,16,0,49,54.9,26.8,0.0,1.4,39.2,966.6,166.0,H,16,Paul Ricard,Toro Rosso
42,28,ALB,43,0,14,14,16,0,49,55.1,27.0,0.0,1.1,39.0,966.8,182.0,H,17,Paul Ricard,Toro Rosso
43,28,ALB,44,0,14,14,16,0,49,55.2,27.1,0.0,1.6,37.8,966.6,128.0,H,18,Paul Ricard,Toro Rosso
44,28,ALB,45,0,14,14,16,0,49,55.1,26.9,0.0,1.7,38.6,966.7,124.0,H,19,Paul Ricard,Toro Rosso
45,28,ALB,46,0,14,14,16,0,49,54.3,27.0,0.0,1.2,37.6,966.7,29.0,H,20,Paul Ricard,Toro Rosso
46,28,ALB,47,0,14,15,16,0,49,53.7,27.2,0.0,1.4,36.6,966.7,78.0,H,21,Paul Ricard,Toro Rosso
47,28,ALB,48,0,15,15,16,0,49,54.5,26.7,0.0,1.4,38.6,966.7,158.0,H,22,Paul Ricard,Toro Rosso
48,28,ALB,49,1,15,15,16,0,49,54.3,26.9,0.0,1.1,38.4,966.7,51.0,H,23,Paul Ricard,Toro Rosso
49,28,ALB,50,2,15,15,16,0,49,54.1,27.1,0.0,1.9,37.0,966.7,120.0,H,24,Paul Ricard,Toro Rosso
50,28,ALB,51,2,15,15,16,0,49,53.3,26.9,0.0,2.3,37.0,966.7,18.0,H,25,Paul Ricard,Toro Rosso
51,28,ALB,52,0,15,15,16,0,49,53.4,26.5,0.0,1.7,38.4,966.7,82.0,H,26,Paul Ricard,Toro Rosso
0,28,RAI,1,0,11,11,11,0,47,54.4,26.2,0.0,1.7,42.4,966.7,60.0,H,0,Paul Ricard,Alfa Romeo Racing
1,28,RAI,2,0,11,11,11,0,48,56.1,26.4,0.0,1.8,41.4,966.7,93.0,H,1,Paul Ricard,Alfa Romeo Racing
2,28,RAI,3,0,11,11,11,0,47,56.3,26.5,0.0,1.4,41.4,966.8,197.0,H,2,Paul Ricard,Alfa Romeo Racing
3,28,RAI,4,0,11,11,11,0,47,56.6,26.8,0.0,1.5,40.2,966.7,151.0,H,3,Paul Ricard,Alfa Romeo Racing
4,28,RAI,5,0,11,11,11,0,44,56.3,26.9,0.0,1.4,40.6,966.6,26.0,H,4,Paul Ricard,Alfa Romeo Racing
5,28,RAI,6,0,11,10,11,0,42,56.4,26.7,0.0,2.1,41.4,966.7,48.0,H,5,Paul Ricard,Alfa Romeo Racing
6,28,RAI,7,0,10,10,11,0,41,56.6,27.0,0.0,1.4,41.1,966.7,176.0,H,6,Paul Ricard,Alfa Romeo Racing
7,28,RAI,8,0,10,10,11,0,39,56.8,27.3,0.0,1.1,40.3,966.7,184.0,H,7,Paul Ricard,Alfa Romeo Racing
8,28,RAI,9,0,10,10,11,0,39,56.2,27.5,0.0,0.6,39.9,966.7,18.0,H,8,Paul Ricard,Alfa Romeo Racing
9,28,RAI,10,0,10,10,11,0,40,55.4,27.6,0.0,1.6,38.4,966.6,103.0,H,9,Paul Ricard,Alfa Romeo Racing
10,28,RAI,11,0,10,10,11,0,40,55.4,27.4,0.0,1.5,38.5,966.6,104.0,H,10,Paul Ricard,Alfa Romeo Racing
11,28,RAI,12,0,10,10,11,0,41,55.6,27.3,0.0,1.7,38.7,966.6,31.0,H,11,Paul Ricard,Alfa Romeo Racing
12,28,RAI,13,0,10,10,11,0,41,55.1,27.4,0.0,0.9,38.3,966.6,116.0,H,12,Paul Ricard,Alfa Romeo Racing
13,28,RAI,14,0,10,10,11,0,41,55.7,27.8,0.0,2.4,37.1,966.6,132.0,H,13,Paul Ricard,Alfa Romeo Racing
14,28,RAI,15,0,10,10,11,0,41,54.7,27.1,0.0,1.4,38.9,966.5,151.0,H,14,Paul Ricard,Alfa Romeo Racing
15,28,RAI,16,0,10,9,11,0,42,55.4,27.4,0.0,1.1,38.4,966.6,107.0,H,15,Paul Ricard,Alfa Romeo Racing
16,28,RAI,17,0,9,8,11,0,42,56.0,27.7,0.0,1.5,37.1,966.6,59.0,H,16,Paul Ricard,Alfa Romeo Racing
17,28,RAI,18,0,8,7,11,0,43,54.1,27.3,0.0,1.1,38.2,966.6,26.0,H,17,Paul Ricard,Alfa Romeo Racing
18,28,RAI,19,0,7,6,11,0,43,54.1,27.3,0.0,2.1,38.2,966.5,89.0,H,18,Paul Ricard,Alfa Romeo Racing
19,28,RAI,20,0,6,6,11,0,44,56.1,27.5,0.0,1.2,37.8,966.6,106.0,H,19,Paul Ricard,Alfa Romeo Racing
20,28,RAI,21,0,6,6,11,0,45,56.2,27.9,0.0,2.4,37.0,966.5,120.0,H,20,Paul Ricard,Alfa Romeo Racing
21,28,RAI,22,0,6,6,11,0,45,56.0,27.8,0.0,2.0,36.7,966.6,93.0,H,21,Paul Ricard,Alfa Romeo Racing
22,28,RAI,23,1,6,6,11,0,46,55.9,27.7,0.0,3.1,36.8,966.5,102.0,H,22,Paul Ricard,Alfa Romeo Racing
23,28,RAI,24,0,6,6,11,0,46,56.3,27.5,0.0,3.3,37.2,966.5,108.0,H,23,Paul Ricard,Alfa Romeo Racing
24,28,RAI,25,0,6,6,11,0,47,55.2,27.2,0.0,3.2,37.4,966.6,114.0,H,24,Paul Ricard,Alfa Romeo Racing
25,28,RAI,26,0,6,6,11,0,48,54.0,27.0,0.0,1.4,37.6,966.5,74.0,H,25,Paul Ricard,Alfa Romeo Racing
26,28,RAI,27,0,6,6,11,0,48,52.0,27.1,0.0,2.2,37.4,966.6,115.0,H,26,Paul Ricard,Alfa Romeo Racing
27,28,RAI,28,0,6,6,11,0,49,52.1,27.1,0.0,1.8,37.6,966.6,109.0,H,27,Paul Ricard,Alfa Romeo Racing
28,28,RAI,29,0,6,6,11,0,49,52.0,27.2,0.0,1.5,37.1,966.6,124.0,H,28,Paul Ricard,Alfa Romeo Racing
29,28,RAI,30,0,6,6,11,0,49,52.6,27.3,0.0,2.4,36.7,966.7,104.0,H,29,Paul Ricard,Alfa Romeo Racing
30,28,RAI,31,0,6,11,11,0,50,53.4,27.3,0.0,3.2,36.8,966.5,109.0,H,30,Paul Ricard,Alfa Romeo Racing
31,28,RAI,32,0,11,11,11,0,50,53.8,27.2,0.0,1.7,37.2,966.6,58.0,M,1,Paul Ricard,Alfa Romeo Racing
32,28,RAI,33,0,11,11,11,0,51,55.3,27.4,0.0,1.8,36.6,966.6,41.0,M,2,Paul Ricard,Alfa Romeo Racing
33,28,RAI,34,0,11,11,11,0,50,55.5,27.5,0.0,1.2,36.5,966.7,25.0,M,3,Paul Ricard,Alfa Romeo Racing
34,28,RAI,35,0,11,10,11,0,51,55.4,27.6,0.0,1.1,36.7,966.6,79.0,M,4,Paul Ricard,Alfa Romeo Racing
35,28,RAI,36,1,10,10,11,0,50,54.7,27.6,0.0,1.3,36.7,966.8,96.0,M,5,Paul Ricard,Alfa Romeo Racing
36,28,RAI,37,0,10,10,11,0,50,53.9,27.2,0.0,2.4,37.1,966.8,121.0,M,6,Paul Ricard,Alfa Romeo Racing
37,28,RAI,38,0,10,10,11,0,50,53.9,26.9,0.0,1.4,38.2,966.8,196.0,M,7,Paul Ricard,Alfa Romeo Racing
38,28,RAI,39,0,10,9,11,0,48,53.1,26.8,0.0,1.8,38.9,966.6,84.0,M,8,Paul Ricard,Alfa Romeo Racing
39,28,RAI,40,0,9,9,11,0,47,52.6,26.5,0.0,1.5,39.6,966.7,77.0,M,9,Paul Ricard,Alfa Romeo Racing
40,28,RAI,41,0,9,9,11,0,48,53.8,26.8,0.0,1.4,39.0,966.7,38.0,M,10,Paul Ricard,Alfa Romeo Racing
41,28,RAI,42,0,9,9,11,0,48,53.2,26.7,0.0,2.8,39.1,966.7,95.0,M,11,Paul Ricard,Alfa Romeo Racing
42,28,RAI,43,0,9,9,11,0,48,53.9,26.3,0.0,1.3,39.8,966.7,109.0,M,12,Paul Ricard,Alfa Romeo Racing
43,28,RAI,44,0,9,9,11,0,48,53.9,26.4,0.0,2.1,40.1,966.8,81.0,M,13,Paul Ricard,Alfa Romeo Racing
44,28,RAI,45,0,9,9,11,0,48,55.1,27.0,0.0,1.1,39.0,966.8,182.0,M,14,Paul Ricard,Alfa Romeo Racing
45,28,RAI,46,0,9,9,11,0,48,54.3,27.0,0.0,1.2,37.6,966.7,29.0,M,15,Paul Ricard,Alfa Romeo Racing
46,28,RAI,47,0,9,9,11,0,49,53.7,27.2,0.0,1.4,36.6,966.7,78.0,M,16,Paul Ricard,Alfa Romeo Racing
47,28,RAI,48,0,9,9,11,0,49,55.0,26.8,0.0,1.8,37.7,966.7,86.0,M,17,Paul Ricard,Alfa Romeo Racing
48,28,RAI,49,1,9,9,11,0,49,54.5,26.8,0.0,1.4,38.1,966.6,94.0,M,18,Paul Ricard,Alfa Romeo Racing
49,28,RAI,50,2,9,9,11,0,49,54.3,26.9,0.0,1.1,38.4,966.7,51.0,M,19,Paul Ricard,Alfa Romeo Racing
50,28,RAI,51,2,9,9,11,0,50,53.2,26.6,0.0,1.0,38.1,966.7,35.0,M,20,Paul Ricard,Alfa Romeo Racing
51,28,RAI,52,0,9,8,11,0,49,53.4,26.5,0.0,1.7,38.4,966.7,82.0,M,21,Paul Ricard,Alfa Romeo Racing
0,28,HUL,1,0,12,12,12,0,53,54.4,26.2,0.0,1.7,42.4,966.7,60.0,H,0,Paul Ricard,Renault
1,28,HUL,2,0,12,12,12,0,54,56.1,26.4,0.0,1.8,41.4,966.7,93.0,H,1,Paul Ricard,Renault
2,28,HUL,3,0,12,12,12,0,56,56.3,26.5,0.0,1.4,41.4,966.8,197.0,H,2,Paul Ricard,Renault
3,28,HUL,4,0,12,12,12,0,57,56.6,26.8,0.0,1.5,40.2,966.7,151.0,H,3,Paul Ricard,Renault
4,28,HUL,5,0,12,12,12,0,58,56.3,26.9,0.0,1.4,40.6,966.6,26.0,H,4,Paul Ricard,Renault
5,28,HUL,6,0,12,12,12,0,58,57.2,27.8,0.0,0.9,39.0,966.7,164.0,H,5,Paul Ricard,Renault
6,28,HUL,7,0,12,11,12,0,58,56.9,27.7,0.0,1.3,38.5,966.7,352.0,H,6,Paul Ricard,Renault
7,28,HUL,8,0,11,11,12,0,58,55.4,27.4,0.0,1.5,38.5,966.6,104.0,H,7,Paul Ricard,Renault
8,28,HUL,9,0,11,11,12,0,58,54.4,27.1,0.0,1.5,38.7,966.6,161.0,H,8,Paul Ricard,Renault
9,28,HUL,10,0,11,11,12,0,59,55.1,27.4,0.0,0.9,38.3,966.6,116.0,H,9,Paul Ricard,Renault
10,28,HUL,11,0,11,11,12,0,59,55.7,27.8,0.0,2.4,37.1,966.6,132.0,H,10,Paul Ricard,Renault
11,28,HUL,12,0,11,11,12,0,59,55.4,27.4,0.0,1.1,38.4,966.6,107.0,H,11,Paul Ricard,Renault
12,28,HUL,13,0,11,11,12,0,59,55.9,27.7,0.0,2.2,37.3,966.5,201.0,H,12,Paul Ricard,Renault
13,28,HUL,14,0,11,11,12,0,60,56.0,27.7,0.0,1.5,37.1,966.6,59.0,H,13,Paul Ricard,Renault
14,28,HUL,15,0,11,11,12,0,60,54.1,27.3,0.0,1.1,38.2,966.6,26.0,H,14,Paul Ricard,Renault
15,28,HUL,16,0,11,10,12,0,61,54.1,27.3,0.0,2.1,38.2,966.5,89.0,H,15,Paul Ricard,Renault
16,28,HUL,17,0,10,9,12,0,61,56.2,27.9,0.0,2.4,37.0,966.5,120.0,H,16,Paul Ricard,Renault
17,28,HUL,18,0,9,8,12,0,62,56.0,27.8,0.0,2.0,36.7,966.6,93.0,H,17,Paul Ricard,Renault
18,28,HUL,19,0,8,7,12,0,62,55.9,27.7,0.0,3.1,36.8,966.5,102.0,H,18,Paul Ricard,Renault
19,28,HUL,20,0,7,7,12,0,62,56.3,27.5,0.0,3.3,37.2,966.5,108.0,H,19,Paul Ricard,Renault
20,28,HUL,21,0,7,7,12,0,62,56.2,27.3,0.0,3.2,37.5,966.6,80.0,H,20,Paul Ricard,Renault
21,28,HUL,22,0,7,7,12,0,61,55.2,27.2,0.0,3.2,37.4,966.6,114.0,H,21,Paul Ricard,Renault
22,28,HUL,23,1,7,7,12,0,62,54.9,26.9,0.0,3.7,38.1,966.5,102.0,H,22,Paul Ricard,Renault
23,28,HUL,24,0,7,7,12,0,62,54.2,26.7,0.0,2.8,38.6,966.5,112.0,H,23,Paul Ricard,Renault
24,28,HUL,25,0,7,7,12,0,63,54.1,26.6,0.0,1.6,39.0,966.6,12.0,H,24,Paul Ricard,Renault
25,28,HUL,26,0,7,7,12,0,63,54.0,27.0,0.0,1.4,37.6,966.5,74.0,H,25,Paul Ricard,Renault
26,28,HUL,27,0,7,7,12,0,63,53.2,27.0,0.0,2.4,37.9,966.6,85.0,H,26,Paul Ricard,Renault
27,28,HUL,28,0,7,7,12,0,63,52.0,27.2,0.0,1.5,37.1,966.6,124.0,H,27,Paul Ricard,Renault
28,28,HUL,29,0,7,7,12,0,63,52.6,27.3,0.0,2.4,36.7,966.7,104.0,H,28,Paul Ricard,Renault
29,28,HUL,30,0,7,7,12,0,63,53.8,27.2,0.0,1.7,37.2,966.6,58.0,H,29,Paul Ricard,Renault
30,28,HUL,31,0,7,6,12,0,63,55.3,27.4,0.0,1.8,36.6,966.6,41.0,H,30,Paul Ricard,Renault
31,28,HUL,32,0,6,6,12,0,63,55.5,27.5,0.0,1.2,36.5,966.7,25.0,H,31,Paul Ricard,Renault
32,28,HUL,33,0,6,6,12,0,64,55.5,27.5,0.0,1.4,36.6,966.7,76.0,H,32,Paul Ricard,Renault
33,28,HUL,34,0,6,10,12,0,64,56.0,27.7,0.0,1.7,36.3,966.7,140.0,H,33,Paul Ricard,Renault
34,28,HUL,35,0,10,11,12,0,64,54.7,27.6,0.0,1.3,36.7,966.8,96.0,M,4,Paul Ricard,Renault
35,28,HUL,36,1,11,11,12,0,65,52.3,27.6,0.0,1.6,36.9,966.7,177.0,M,5,Paul Ricard,Renault
36,28,HUL,37,0,11,11,12,0,65,53.9,27.2,0.0,2.4,37.1,966.8,121.0,M,6,Paul Ricard,Renault
37,28,HUL,38,0,11,11,12,0,65,53.9,26.9,0.0,1.4,38.2,966.8,196.0,M,7,Paul Ricard,Renault
38,28,HUL,39,0,11,10,12,0,62,53.1,26.8,0.0,1.8,38.9,966.6,84.0,M,8,Paul Ricard,Renault
39,28,HUL,40,0,10,10,12,0,61,52.6,26.5,0.0,1.5,39.6,966.7,77.0,M,9,Paul Ricard,Renault
40,28,HUL,41,0,10,10,12,0,61,53.8,26.8,0.0,1.4,39.0,966.7,38.0,M,10,Paul Ricard,Renault
41,28,HUL,42,0,10,10,12,0,61,53.9,26.4,0.0,2.1,40.1,966.8,81.0,M,11,Paul Ricard,Renault
42,28,HUL,43,0,10,10,12,0,62,54.5,26.4,0.0,1.5,40.1,966.7,94.0,M,12,Paul Ricard,Renault
43,28,HUL,44,0,10,10,12,0,62,54.9,26.8,0.0,1.4,39.2,966.6,166.0,M,13,Paul Ricard,Renault
44,28,HUL,45,0,10,10,12,0,62,55.1,27.0,0.0,1.1,39.0,966.8,182.0,M,14,Paul Ricard,Renault
45,28,HUL,46,0,10,10,12,0,62,54.3,27.0,0.0,1.2,37.6,966.7,29.0,M,15,Paul Ricard,Renault
46,28,HUL,47,0,10,10,12,0,62,55.0,26.8,0.0,1.8,37.7,966.7,86.0,M,16,Paul Ricard,Renault
47,28,HUL,48,0,10,10,12,0,62,54.5,26.8,0.0,1.4,38.1,966.6,94.0,M,17,Paul Ricard,Renault
48,28,HUL,49,1,10,10,12,0,62,54.5,26.7,0.0,1.4,38.6,966.7,158.0,M,18,Paul Ricard,Renault
49,28,HUL,50,2,10,10,12,0,62,53.3,26.9,0.0,2.3,37.0,966.7,18.0,M,19,Paul Ricard,Renault
50,28,HUL,51,2,10,10,12,0,62,53.4,26.5,0.0,1.7,38.4,966.7,82.0,M,20,Paul Ricard,Renault
51,28,HUL,52,0,10,9,12,0,62,53.5,26.5,0.0,1.9,38.4,966.8,85.0,M,21,Paul Ricard,Renault
0,28,PER,1,0,13,13,13,0,39,56.1,26.4,0.0,1.8,41.4,966.7,93.0,M,0,Paul Ricard,Racing Point
1,28,PER,2,0,13,13,13,0,33,57.0,26.3,0.0,2.1,41.8,966.7,77.0,M,1,Paul Ricard,Racing Point
2,28,PER,3,0,13,13,13,0,29,56.3,26.5,0.0,1.4,41.4,966.8,197.0,M,2,Paul Ricard,Racing Point
3,28,PER,4,0,13,13,13,0,26,56.3,26.9,0.0,1.4,40.6,966.6,26.0,M,3,Paul Ricard,Racing Point
4,28,PER,5,0,13,13,13,0,25,56.4,26.7,0.0,2.1,41.4,966.7,48.0,M,4,Paul Ricard,Racing Point
5,28,PER,6,0,13,13,13,0,25,56.6,27.0,0.0,1.4,41.1,966.7,176.0,M,5,Paul Ricard,Racing Point
6,28,PER,7,0,13,12,13,0,25,56.8,27.3,0.0,1.1,40.3,966.7,184.0,M,6,Paul Ricard,Racing Point
7,28,PER,8,0,12,12,13,0,26,57.2,27.8,0.0,0.9,39.0,966.7,164.0,M,7,Paul Ricard,Racing Point
8,28,PER,9,0,12,12,13,0,26,55.4,27.6,0.0,1.6,38.4,966.6,103.0,M,8,Paul Ricard,Racing Point
9,28,PER,10,0,12,12,13,0,26,55.6,27.3,0.0,1.7,38.7,966.6,31.0,M,9,Paul Ricard,Racing Point
10,28,PER,11,0,12,12,13,0,27,55.1,27.4,0.0,0.9,38.3,966.6,116.0,M,10,Paul Ricard,Racing Point
11,28,PER,12,0,12,12,13,0,28,54.7,27.1,0.0,1.4,38.9,966.5,151.0,M,11,Paul Ricard,Racing Point
12,28,PER,13,0,12,12,13,0,28,55.4,27.4,0.0,1.1,38.4,966.6,107.0,M,12,Paul Ricard,Racing Point
13,28,PER,14,0,12,12,13,0,29,55.9,27.7,0.0,2.2,37.3,966.5,201.0,M,13,Paul Ricard,Racing Point
14,28,PER,15,0,12,12,13,0,29,56.0,27.7,0.0,1.5,37.1,966.6,59.0,M,14,Paul Ricard,Racing Point
15,28,PER,16,0,12,11,13,0,29,54.1,27.3,0.0,2.1,38.2,966.5,89.0,M,15,Paul Ricard,Racing Point
16,28,PER,17,0,11,10,13,0,29,56.1,27.5,0.0,1.2,37.8,966.6,106.0,M,16,Paul Ricard,Racing Point
17,28,PER,18,0,10,16,13,0,30,56.2,27.9,0.0,2.4,37.0,966.5,120.0,M,17,Paul Ricard,Racing Point
18,28,PER,19,0,16,16,13,0,31,56.0,27.8,0.0,2.2,36.8,966.6,80.0,H,0,Paul Ricard,Racing Point
19,28,PER,20,0,16,16,13,0,31,56.3,27.5,0.0,3.3,37.2,966.5,108.0,H,1,Paul Ricard,Racing Point
20,28,PER,21,0,16,16,13,0,31,56.2,27.3,0.0,3.2,37.5,966.6,80.0,H,2,Paul Ricard,Racing Point
21,28,PER,22,0,16,16,13,0,31,54.9,26.9,0.0,3.7,38.1,966.5,102.0,H,3,Paul Ricard,Racing Point
22,28,PER,23,1,16,16,13,0,31,54.2,26.7,0.0,2.8,38.6,966.5,112.0,H,4,Paul Ricard,Racing Point
23,28,PER,24,0,16,16,13,0,31,52.0,27.1,0.0,2.2,37.4,966.6,115.0,H,5,Paul Ricard,Racing Point
24,28,PER,25,0,16,15,13,0,31,52.1,27.1,0.0,1.8,37.6,966.6,109.0,H,6,Paul Ricard,Racing Point
25,28,PER,26,0,15,15,13,0,31,52.0,27.2,0.0,1.5,37.1,966.6,124.0,H,7,Paul Ricard,Racing Point
26,28,PER,27,0,15,15,13,0,31,53.4,27.3,0.0,3.2,36.8,966.5,109.0,H,8,Paul Ricard,Racing Point
27,28,PER,28,0,15,15,13,0,32,53.8,27.2,0.0,1.7,37.2,966.6,58.0,H,9,Paul Ricard,Racing Point
28,28,PER,29,0,15,15,13,0,32,55.5,27.5,0.0,1.2,36.5,966.7,25.0,H,10,Paul Ricard,Racing Point
29,28,PER,30,0,15,15,13,0,32,55.5,27.5,0.0,1.4,36.6,966.7,76.0,H,11,Paul Ricard,Racing Point
30,28,PER,31,0,15,14,13,0,32,56.0,27.7,0.0,1.7,36.3,966.7,140.0,H,12,Paul Ricard,Racing Point
31,28,PER,32,0,14,13,13,0,31,55.4,27.6,0.0,1.1,36.7,966.6,79.0,H,13,Paul Ricard,Racing Point
32,28,PER,33,0,13,13,13,0,31,54.7,27.6,0.0,1.3,36.7,966.8,96.0,H,14,Paul Ricard,Racing Point
33,28,PER,34,0,13,13,13,0,31,54.1,27.7,0.0,1.4,36.9,966.7,102.0,H,15,Paul Ricard,Racing Point
34,28,PER,35,0,13,13,13,0,31,53.9,26.9,0.0,1.4,38.2,966.8,196.0,H,16,Paul Ricard,Racing Point
35,28,PER,36,1,13,13,13,0,30,53.1,26.8,0.0,1.8,38.9,966.6,84.0,H,17,Paul Ricard,Racing Point
36,28,PER,37,0,13,13,13,0,30,52.6,26.5,0.0,1.5,39.6,966.7,77.0,H,18,Paul Ricard,Racing Point
37,28,PER,38,0,13,13,13,0,30,52.6,26.9,0.0,1.1,38.6,966.7,73.0,H,19,Paul Ricard,Racing Point
38,28,PER,39,0,13,12,13,0,29,53.8,26.8,0.0,1.4,39.0,966.7,38.0,H,20,Paul Ricard,Racing Point
39,28,PER,40,0,12,12,13,0,28,53.9,26.3,0.0,1.3,39.8,966.7,109.0,H,21,Paul Ricard,Racing Point
40,28,PER,41,0,12,12,13,0,29,53.9,26.4,0.0,2.1,40.1,966.8,81.0,H,22,Paul Ricard,Racing Point
41,28,PER,42,0,12,12,13,0,28,54.5,26.5,0.0,2.5,39.9,966.6,83.0,H,23,Paul Ricard,Racing Point
42,28,PER,43,0,12,12,13,0,28,55.2,27.1,0.0,1.6,37.8,966.6,128.0,H,24,Paul Ricard,Racing Point
43,28,PER,44,0,12,12,13,0,28,55.1,26.9,0.0,1.7,38.6,966.7,124.0,H,25,Paul Ricard,Racing Point
44,28,PER,45,0,12,12,13,0,29,54.3,27.0,0.0,1.2,37.6,966.7,29.0,H,26,Paul Ricard,Racing Point
45,28,PER,46,0,12,12,13,0,29,53.7,27.2,0.0,1.4,36.6,966.7,78.0,H,27,Paul Ricard,Racing Point
46,28,PER,47,0,12,12,13,0,29,55.0,26.8,0.0,1.8,37.7,966.7,86.0,H,28,Paul Ricard,Racing Point
47,28,PER,48,0,12,12,13,0,29,54.5,26.8,0.0,1.4,38.1,966.6,94.0,H,29,Paul Ricard,Racing Point
48,28,PER,49,1,12,12,13,0,29,54.3,26.9,0.0,1.1,38.4,966.7,51.0,H,30,Paul Ricard,Racing Point
49,28,PER,50,2,12,12,13,0,29,54.1,27.1,0.0,1.9,37.0,966.7,120.0,H,31,Paul Ricard,Racing Point
50,28,PER,51,2,12,12,13,0,29,53.2,26.6,0.0,1.0,38.1,966.7,35.0,H,32,Paul Ricard,Racing Point
51,28,PER,52,0,12,12,13,0,29,53.5,26.5,0.0,1.9,38.4,966.8,85.0,H,33,Paul Ricard,Racing Point
0,28,MAG,1,0,14,14,14,0,33,54.4,26.2,0.0,1.7,42.4,966.7,60.0,M,0,Paul Ricard,Haas F1 Team
1,28,MAG,2,0,14,14,14,0,32,55.9,26.4,0.0,1.8,41.4,966.7,120.0,M,1,Paul Ricard,Haas F1 Team
2,28,MAG,3,0,14,14,14,0,31,56.1,26.4,0.0,1.8,41.4,966.7,93.0,M,2,Paul Ricard,Haas F1 Team
3,28,MAG,4,0,14,14,14,0,29,56.1,26.3,0.0,1.2,41.8,966.8,57.0,M,3,Paul Ricard,Haas F1 Team
4,28,MAG,5,0,14,14,14,0,28,56.6,26.8,0.0,1.5,40.2,966.7,151.0,M,4,Paul Ricard,Haas F1 Team
5,28,MAG,6,0,14,14,14,0,28,56.3,26.9,0.0,1.4,40.6,966.6,26.0,M,5,Paul Ricard,Haas F1 Team
6,28,MAG,7,0,14,13,14,0,28,56.4,26.7,0.0,2.1,41.4,966.7,48.0,M,6,Paul Ricard,Haas F1 Team
7,28,MAG,8,0,13,13,14,0,28,56.3,26.9,0.0,1.6,41.3,966.8,12.0,M,7,Paul Ricard,Haas F1 Team
8,28,MAG,9,0,13,13,14,0,29,56.6,27.0,0.0,1.4,41.1,966.7,176.0,M,8,Paul Ricard,Haas F1 Team
9,28,MAG,10,0,13,13,14,0,29,56.8,27.3,0.0,1.1,40.3,966.7,184.0,M,9,Paul Ricard,Haas F1 Team
10,28,MAG,11,0,13,13,14,0,29,55.4,27.7,0.0,1.8,37.9,966.7,132.0,M,10,Paul Ricard,Haas F1 Team
11,28,MAG,12,0,13,14,14,0,28,55.4,27.6,0.0,1.6,38.4,966.6,103.0,M,11,Paul Ricard,Haas F1 Team
12,28,MAG,13,0,14,14,14,0,28,55.4,27.4,0.0,1.5,38.5,966.6,104.0,M,12,Paul Ricard,Haas F1 Team
13,28,MAG,14,0,14,15,14,0,28,55.6,27.3,0.0,2.1,38.8,966.6,87.0,M,13,Paul Ricard,Haas F1 Team
14,28,MAG,15,0,15,16,14,0,27,55.6,27.3,0.0,1.7,38.7,966.6,31.0,M,14,Paul Ricard,Haas F1 Team
15,28,MAG,16,0,16,20,14,0,27,54.4,27.1,0.0,1.5,38.7,966.6,161.0,M,15,Paul Ricard,Haas F1 Team
16,28,MAG,17,0,20,20,14,0,27,55.1,27.4,0.0,0.9,38.3,966.6,116.0,H,0,Paul Ricard,Haas F1 Team
17,28,MAG,18,0,20,20,14,0,27,55.7,27.8,0.0,2.4,37.1,966.6,132.0,H,1,Paul Ricard,Haas F1 Team
18,28,MAG,19,0,20,20,14,0,27,54.7,27.1,0.0,1.4,38.9,966.5,151.0,H,2,Paul Ricard,Haas F1 Team
19,28,MAG,20,0,20,19,14,0,26,55.4,27.4,0.0,1.1,38.4,966.6,107.0,H,3,Paul Ricard,Haas F1 Team
20,28,MAG,21,0,19,19,14,0,26,56.0,27.7,0.0,1.5,37.1,966.6,59.0,H,4,Paul Ricard,Haas F1 Team
21,28,MAG,22,0,19,19,14,0,26,54.1,27.3,0.0,2.1,38.2,966.5,89.0,H,5,Paul Ricard,Haas F1 Team
22,28,MAG,23,1,19,19,14,0,26,56.1,27.5,0.0,1.2,37.8,966.6,106.0,H,6,Paul Ricard,Haas F1 Team
23,28,MAG,24,0,19,18,14,0,26,56.0,27.8,0.0,2.0,36.7,966.6,93.0,H,7,Paul Ricard,Haas F1 Team
24,28,MAG,25,0,18,18,14,0,26,55.9,27.7,0.0,3.1,36.8,966.5,102.0,H,8,Paul Ricard,Haas F1 Team
25,28,MAG,26,0,18,18,14,0,26,56.3,27.5,0.0,3.3,37.2,966.5,108.0,H,9,Paul Ricard,Haas F1 Team
26,28,MAG,27,0,18,18,14,0,26,55.2,27.2,0.0,3.2,37.4,966.6,114.0,H,10,Paul Ricard,Haas F1 Team
27,28,MAG,28,0,18,18,14,0,26,54.9,26.9,0.0,3.7,38.1,966.5,102.0,H,11,Paul Ricard,Haas F1 Team
28,28,MAG,29,0,18,18,14,0,26,54.2,26.7,0.0,2.8,38.6,966.5,112.0,H,12,Paul Ricard,Haas F1 Team
29,28,MAG,30,0,18,18,14,0,26,53.2,27.0,0.0,2.4,37.9,966.6,85.0,H,13,Paul Ricard,Haas F1 Team
30,28,MAG,31,0,18,18,14,0,26,52.0,27.2,0.0,1.5,37.1,966.6,124.0,H,14,Paul Ricard,Haas F1 Team
31,28,MAG,32,0,18,18,14,0,26,53.8,27.2,0.0,1.7,37.2,966.6,58.0,H,15,Paul Ricard,Haas F1 Team
32,28,MAG,33,0,18,18,14,0,25,55.3,27.4,0.0,1.8,36.6,966.6,41.0,H,16,Paul Ricard,Haas F1 Team
33,28,MAG,34,0,18,17,14,0,25,55.5,27.5,0.0,1.2,36.5,966.7,25.0,H,17,Paul Ricard,Haas F1 Team
34,28,MAG,35,0,17,17,14,0,25,55.5,27.5,0.0,1.4,36.6,966.7,76.0,H,18,Paul Ricard,Haas F1 Team
35,28,MAG,36,1,17,17,14,0,25,54.1,27.7,0.0,1.4,36.9,966.7,102.0,H,19,Paul Ricard,Haas F1 Team
36,28,MAG,37,0,17,17,14,0,25,53.9,26.9,0.0,1.4,38.2,966.8,196.0,H,20,Paul Ricard,Haas F1 Team
37,28,MAG,38,0,17,17,14,0,25,53.1,26.8,0.0,1.8,38.9,966.6,84.0,H,21,Paul Ricard,Haas F1 Team
38,28,MAG,39,0,17,17,14,0,25,52.6,26.5,0.0,1.5,39.6,966.7,77.0,H,22,Paul Ricard,Haas F1 Team
39,28,MAG,40,0,17,17,14,0,25,52.6,26.9,0.0,1.1,38.6,966.7,73.0,H,23,Paul Ricard,Haas F1 Team
40,28,MAG,41,0,17,17,14,0,25,53.2,26.7,0.0,2.8,39.1,966.7,95.0,H,24,Paul Ricard,Haas F1 Team
41,28,MAG,42,0,17,17,14,0,25,53.9,26.4,0.0,2.1,40.1,966.8,81.0,H,25,Paul Ricard,Haas F1 Team
42,28,MAG,43,0,17,17,14,0,25,54.5,26.5,0.0,2.5,39.9,966.6,83.0,H,26,Paul Ricard,Haas F1 Team
43,28,MAG,44,0,17,17,14,0,25,54.9,26.8,0.0,1.4,39.2,966.6,166.0,H,27,Paul Ricard,Haas F1 Team
44,28,MAG,45,0,17,16,14,0,26,53.7,27.2,0.0,1.4,36.6,966.7,78.0,H,28,Paul Ricard,Haas F1 Team
45,28,MAG,46,0,16,16,14,0,26,55.0,26.8,0.0,1.8,37.7,966.7,86.0,H,29,Paul Ricard,Haas F1 Team
46,28,MAG,47,0,16,16,14,0,26,54.5,26.8,0.0,1.4,38.1,966.6,94.0,H,30,Paul Ricard,Haas F1 Team
47,28,MAG,48,0,16,16,14,0,26,54.3,26.9,0.0,1.1,38.4,966.7,51.0,H,31,Paul Ricard,Haas F1 Team
48,28,MAG,49,1,16,16,14,0,26,53.3,26.9,0.0,2.3,37.0,966.7,18.0,H,32,Paul Ricard,Haas F1 Team
49,28,MAG,50,2,16,16,14,0,26,53.2,26.6,0.0,1.0,38.1,966.7,35.0,H,33,Paul Ricard,Haas F1 Team
50,28,MAG,51,2,16,17,14,0,26,53.4,26.5,0.0,1.7,38.4,966.7,82.0,H,34,Paul Ricard,Haas F1 Team
51,28,MAG,52,0,17,17,14,0,26,53.5,26.5,0.0,1.9,38.4,966.8,85.0,H,35,Paul Ricard,Haas F1 Team
0,28,GRO,1,0,18,18,18,0,32,54.4,26.2,0.0,1.7,42.4,966.7,60.0,H,0,Paul Ricard,Haas F1 Team
1,28,GRO,2,0,18,18,18,0,29,57.0,26.3,0.0,2.1,41.8,966.7,77.0,H,1,Paul Ricard,Haas F1 Team
2,28,GRO,3,0,18,17,18,0,31,56.3,26.9,0.0,1.4,40.6,966.6,26.0,H,2,Paul Ricard,Haas F1 Team
3,28,GRO,4,0,17,17,18,0,35,56.3,26.9,0.0,1.6,41.3,966.8,12.0,H,3,Paul Ricard,Haas F1 Team
4,28,GRO,5,0,17,17,18,0,37,56.6,27.0,0.0,1.4,41.1,966.7,176.0,H,4,Paul Ricard,Haas F1 Team
5,28,GRO,6,0,17,17,18,0,38,56.2,27.5,0.0,0.6,39.9,966.7,18.0,H,5,Paul Ricard,Haas F1 Team
6,28,GRO,7,0,17,16,18,0,38,57.2,27.8,0.0,0.9,39.0,966.7,164.0,H,6,Paul Ricard,Haas F1 Team
7,28,GRO,8,0,16,17,18,0,39,56.9,27.7,0.0,1.3,38.5,966.7,352.0,H,7,Paul Ricard,Haas F1 Team
8,28,GRO,9,0,17,17,18,0,39,55.4,27.6,0.0,1.6,38.4,966.6,103.0,H,8,Paul Ricard,Haas F1 Team
9,28,GRO,10,0,17,17,18,0,39,54.4,27.1,0.0,1.5,38.7,966.6,161.0,H,9,Paul Ricard,Haas F1 Team
10,28,GRO,11,0,17,17,18,0,39,55.1,27.4,0.0,0.9,38.3,966.6,116.0,H,10,Paul Ricard,Haas F1 Team
11,28,GRO,12,0,17,17,18,0,39,55.7,27.8,0.0,2.4,37.1,966.6,132.0,H,11,Paul Ricard,Haas F1 Team
12,28,GRO,13,0,17,17,18,0,39,55.1,27.6,0.0,2.3,37.8,966.5,119.0,H,12,Paul Ricard,Haas F1 Team
13,28,GRO,14,0,17,17,18,0,39,54.7,27.1,0.0,1.4,38.9,966.5,151.0,H,13,Paul Ricard,Haas F1 Team
14,28,GRO,15,0,17,17,18,0,39,54.1,27.3,0.0,2.1,38.2,966.5,89.0,H,14,Paul Ricard,Haas F1 Team
15,28,GRO,16,0,17,15,18,0,39,56.2,27.9,0.0,2.4,37.0,966.5,120.0,H,15,Paul Ricard,Haas F1 Team
16,28,GRO,17,0,15,14,18,0,39,56.0,27.8,0.0,2.2,36.8,966.6,80.0,H,16,Paul Ricard,Haas F1 Team
17,28,GRO,18,0,14,13,18,0,40,55.9,27.7,0.0,3.1,36.8,966.5,102.0,H,17,Paul Ricard,Haas F1 Team
18,28,GRO,19,0,13,13,18,0,40,56.3,27.5,0.0,3.3,37.2,966.5,108.0,H,18,Paul Ricard,Haas F1 Team
19,28,GRO,20,0,13,13,18,0,40,55.2,27.2,0.0,3.2,37.4,966.6,114.0,H,19,Paul Ricard,Haas F1 Team
20,28,GRO,21,0,13,13,18,0,40,54.9,26.9,0.0,3.7,38.1,966.5,102.0,H,20,Paul Ricard,Haas F1 Team
21,28,GRO,22,0,13,13,18,0,40,54.2,26.7,0.0,2.8,38.6,966.5,112.0,H,21,Paul Ricard,Haas F1 Team
22,28,GRO,23,1,13,13,18,0,40,54.0,27.0,0.0,1.4,37.6,966.5,74.0,H,22,Paul Ricard,Haas F1 Team
23,28,GRO,24,0,13,13,18,0,41,52.0,27.1,0.0,2.2,37.4,966.6,115.0,H,23,Paul Ricard,Haas F1 Team
24,28,GRO,25,0,13,12,18,0,41,52.1,27.1,0.0,1.8,37.6,966.6,109.0,H,24,Paul Ricard,Haas F1 Team
25,28,GRO,26,0,12,12,18,0,42,52.6,27.3,0.0,2.4,36.7,966.7,104.0,H,25,Paul Ricard,Haas F1 Team
26,28,GRO,27,0,12,13,18,0,41,55.3,27.4,0.0,1.8,36.6,966.6,41.0,H,26,Paul Ricard,Haas F1 Team
27,28,GRO,28,0,13,14,18,0,41,54.1,27.7,0.0,1.4,36.9,966.7,102.0,H,27,Paul Ricard,Haas F1 Team
28,28,GRO,29,0,14,14,18,0,41,53.9,27.2,0.0,2.4,37.1,966.8,121.0,H,28,Paul Ricard,Haas F1 Team
29,28,GRO,30,0,14,14,18,0,41,53.9,26.9,0.0,1.4,38.2,966.8,196.0,H,29,Paul Ricard,Haas F1 Team
30,28,GRO,31,0,14,17,18,0,41,52.6,26.5,0.0,1.5,39.6,966.7,77.0,H,30,Paul Ricard,Haas F1 Team
31,28,GRO,32,0,17,17,18,0,41,53.8,26.8,0.0,1.4,39.0,966.7,38.0,M,0,Paul Ricard,Haas F1 Team
32,28,GRO,33,0,17,17,18,0,41,53.2,26.7,0.0,2.8,39.1,966.7,95.0,M,1,Paul Ricard,Haas F1 Team
33,28,GRO,34,0,17,16,18,0,41,53.9,26.3,0.0,1.3,39.8,966.7,109.0,M,2,Paul Ricard,Haas F1 Team
34,28,GRO,35,0,16,16,18,0,41,53.9,26.4,0.0,2.1,40.1,966.8,81.0,M,3,Paul Ricard,Haas F1 Team
35,28,GRO,36,1,16,16,18,0,41,54.5,26.5,0.0,2.5,39.9,966.6,83.0,M,4,Paul Ricard,Haas F1 Team
36,28,GRO,37,0,16,16,18,0,41,54.5,26.4,0.0,1.5,40.1,966.7,94.0,M,5,Paul Ricard,Haas F1 Team
37,28,GRO,38,0,16,16,18,0,41,54.9,26.8,0.0,1.4,39.2,966.6,166.0,M,6,Paul Ricard,Haas F1 Team
38,28,GRO,39,0,16,16,18,0,38,55.1,27.0,0.0,1.1,39.0,966.8,182.0,M,7,Paul Ricard,Haas F1 Team
39,28,GRO,40,0,16,16,18,0,39,55.1,26.9,0.0,1.7,38.6,966.7,124.0,M,8,Paul Ricard,Haas F1 Team
40,28,GRO,41,0,16,16,18,0,39,54.3,27.0,0.0,1.2,37.6,966.7,29.0,M,9,Paul Ricard,Haas F1 Team
41,28,GRO,42,0,16,16,18,0,39,53.7,27.2,0.0,1.4,36.6,966.7,78.0,M,10,Paul Ricard,Haas F1 Team
42,28,GRO,43,0,16,16,18,0,38,54.0,27.0,0.0,1.4,37.3,966.6,102.0,M,11,Paul Ricard,Haas F1 Team
43,28,GRO,44,0,16,16,18,1,38,53.3,26.9,0.0,2.3,37.0,966.7,18.0,M,12,Paul Ricard,Haas F1 Team
0,28,STR,1,0,15,15,15,0,39,55.9,26.4,0.0,1.8,41.4,966.7,120.0,H,0,Paul Ricard,Racing Point
1,28,STR,2,0,15,15,15,0,35,56.1,26.4,0.0,1.8,41.4,966.7,93.0,H,1,Paul Ricard,Racing Point
2,28,STR,3,0,15,15,15,0,33,56.1,26.3,0.0,1.2,41.8,966.8,57.0,H,2,Paul Ricard,Racing Point
3,28,STR,4,0,15,15,15,0,30,57.0,26.3,0.0,2.1,41.8,966.7,77.0,H,3,Paul Ricard,Racing Point
4,28,STR,5,0,15,15,15,0,30,56.6,26.7,0.0,1.1,40.4,966.8,83.0,H,4,Paul Ricard,Racing Point
5,28,STR,6,0,15,15,15,0,30,56.6,26.8,0.0,1.5,40.2,966.7,151.0,H,5,Paul Ricard,Racing Point
6,28,STR,7,0,15,14,15,0,29,56.3,26.9,0.0,1.6,41.3,966.8,12.0,H,6,Paul Ricard,Racing Point
7,28,STR,8,0,14,14,15,0,28,56.8,27.3,0.0,1.1,40.3,966.7,184.0,H,7,Paul Ricard,Racing Point
8,28,STR,9,0,14,14,15,0,28,56.2,27.5,0.0,0.6,39.9,966.7,18.0,H,8,Paul Ricard,Racing Point
9,28,STR,10,0,14,14,15,0,27,57.2,27.8,0.0,0.9,39.0,966.7,164.0,H,9,Paul Ricard,Racing Point
10,28,STR,11,0,14,14,15,0,27,56.9,27.7,0.0,1.3,38.5,966.7,352.0,H,10,Paul Ricard,Racing Point
11,28,STR,12,0,14,13,15,0,27,55.4,27.7,0.0,1.8,37.9,966.7,132.0,H,11,Paul Ricard,Racing Point
12,28,STR,13,0,13,13,15,0,26,55.4,27.6,0.0,1.6,38.4,966.6,103.0,H,12,Paul Ricard,Racing Point
13,28,STR,14,0,13,13,15,0,26,55.4,27.4,0.0,1.5,38.5,966.6,104.0,H,13,Paul Ricard,Racing Point
14,28,STR,15,0,13,13,15,0,26,54.4,27.1,0.0,1.5,38.7,966.6,161.0,H,14,Paul Ricard,Racing Point
15,28,STR,16,0,13,12,15,0,26,54.8,27.2,0.0,2.6,38.6,966.6,106.0,H,15,Paul Ricard,Racing Point
16,28,STR,17,0,12,11,15,0,26,55.4,27.4,0.0,1.1,38.4,966.6,107.0,H,16,Paul Ricard,Racing Point
17,28,STR,18,0,11,9,15,0,25,56.0,27.7,0.0,1.5,37.1,966.6,59.0,H,17,Paul Ricard,Racing Point
18,28,STR,19,0,9,8,15,0,25,54.1,27.3,0.0,2.1,38.2,966.5,89.0,H,18,Paul Ricard,Racing Point
19,28,STR,20,0,8,8,15,0,25,56.1,27.5,0.0,1.2,37.8,966.6,106.0,H,19,Paul Ricard,Racing Point
20,28,STR,21,0,8,8,15,0,25,56.0,27.8,0.0,2.0,36.7,966.6,93.0,H,20,Paul Ricard,Racing Point
21,28,STR,22,0,8,8,15,0,25,55.9,27.7,0.0,3.1,36.8,966.5,102.0,H,21,Paul Ricard,Racing Point
22,28,STR,23,1,8,8,15,0,25,56.3,27.5,0.0,3.3,37.2,966.5,108.0,H,22,Paul Ricard,Racing Point
23,28,STR,24,0,8,8,15,0,25,56.2,27.3,0.0,3.2,37.5,966.6,80.0,H,23,Paul Ricard,Racing Point
24,28,STR,25,0,8,8,15,0,25,55.2,27.2,0.0,3.2,37.4,966.6,114.0,H,24,Paul Ricard,Racing Point
25,28,STR,26,0,8,8,15,0,26,54.9,26.9,0.0,3.7,38.1,966.5,102.0,H,25,Paul Ricard,Racing Point
26,28,STR,27,0,8,8,15,0,25,54.2,26.7,0.0,2.8,38.6,966.5,112.0,H,26,Paul Ricard,Racing Point
27,28,STR,28,0,8,8,15,0,25,54.1,26.6,0.0,1.6,39.0,966.6,12.0,H,27,Paul Ricard,Racing Point
28,28,STR,29,0,8,8,15,0,26,54.0,27.0,0.0,1.4,37.6,966.5,74.0,H,28,Paul Ricard,Racing Point
29,28,STR,30,0,8,8,15,0,26,53.2,27.0,0.0,2.4,37.9,966.6,85.0,H,29,Paul Ricard,Racing Point
30,28,STR,31,0,8,7,15,0,26,52.0,27.1,0.0,2.2,37.4,966.6,115.0,H,30,Paul Ricard,Racing Point
31,28,STR,32,0,7,7,15,0,26,52.0,27.2,0.0,1.5,37.1,966.6,124.0,H,31,Paul Ricard,Racing Point
32,28,STR,33,0,7,7,15,0,26,52.6,27.3,0.0,2.4,36.7,966.7,104.0,H,32,Paul Ricard,Racing Point
33,28,STR,34,0,7,6,15,0,26,53.8,27.2,0.0,1.7,37.2,966.6,58.0,H,33,Paul Ricard,Racing Point
34,28,STR,35,0,6,6,15,0,26,55.5,27.5,0.0,1.2,36.5,966.7,25.0,H,34,Paul Ricard,Racing Point
35,28,STR,36,1,6,6,15,0,26,56.0,27.7,0.0,1.7,36.3,966.7,140.0,H,35,Paul Ricard,Racing Point
36,28,STR,37,0,6,6,15,0,26,56.2,27.6,0.0,1.7,36.6,966.7,15.0,H,36,Paul Ricard,Racing Point
37,28,STR,38,0,6,6,15,0,26,54.1,27.7,0.0,1.4,36.9,966.7,102.0,H,37,Paul Ricard,Racing Point
38,28,STR,39,0,6,13,15,0,25,51.6,27.4,0.0,1.2,37.2,966.7,79.0,H,38,Paul Ricard,Racing Point
39,28,STR,40,0,13,13,15,0,25,53.9,26.9,0.0,1.4,38.2,966.8,196.0,M,0,Paul Ricard,Racing Point
40,28,STR,41,0,13,13,15,0,25,53.1,26.8,0.0,1.8,38.9,966.6,84.0,M,1,Paul Ricard,Racing Point
41,28,STR,42,0,13,13,15,0,25,52.6,26.9,0.0,1.1,38.6,966.7,73.0,M,2,Paul Ricard,Racing Point
42,28,STR,43,0,13,13,15,0,25,53.8,26.8,0.0,1.4,39.0,966.7,38.0,M,3,Paul Ricard,Racing Point
43,28,STR,44,0,13,13,15,0,25,53.9,26.4,0.0,2.1,40.1,966.8,81.0,M,4,Paul Ricard,Racing Point
44,28,STR,45,0,13,13,15,0,25,54.5,26.5,0.0,2.5,39.9,966.6,83.0,M,5,Paul Ricard,Racing Point
45,28,STR,46,0,13,13,15,0,25,55.1,27.0,0.0,1.1,39.0,966.8,182.0,M,6,Paul Ricard,Racing Point
46,28,STR,47,0,13,13,15,0,25,55.1,26.9,0.0,1.7,38.6,966.7,124.0,M,7,Paul Ricard,Racing Point
47,28,STR,48,0,13,13,15,0,25,53.7,27.2,0.0,1.4,36.6,966.7,78.0,M,8,Paul Ricard,Racing Point
48,28,STR,49,1,13,13,15,0,25,54.5,26.7,0.0,1.4,38.6,966.7,158.0,M,9,Paul Ricard,Racing Point
49,28,STR,50,2,13,13,15,0,25,54.1,27.1,0.0,1.9,37.0,966.7,120.0,M,10,Paul Ricard,Racing Point
50,28,STR,51,2,13,13,15,0,25,53.2,26.6,0.0,1.0,38.1,966.7,35.0,M,11,Paul Ricard,Racing Point
51,28,STR,52,0,13,13,15,0,25,53.4,26.5,0.0,1.7,38.4,966.7,82.0,M,12,Paul Ricard,Racing Point
0,28,KUB,1,0,17,17,17,0,41,54.4,26.2,0.0,1.7,42.4,966.7,60.0,M,0,Paul Ricard,Williams
1,28,KUB,2,0,17,17,17,0,39,55.9,26.4,0.0,1.8,41.4,966.7,120.0,M,1,Paul Ricard,Williams
2,28,KUB,3,0,17,18,17,0,39,56.1,26.4,0.0,1.8,41.4,966.7,93.0,M,2,Paul Ricard,Williams
3,28,KUB,4,0,18,19,17,0,40,56.3,26.9,0.0,1.4,40.6,966.6,26.0,M,3,Paul Ricard,Williams
4,28,KUB,5,0,19,19,17,0,40,56.6,27.0,0.0,1.4,41.1,966.7,176.0,M,4,Paul Ricard,Williams
5,28,KUB,6,0,19,19,17,0,41,56.2,27.5,0.0,0.6,39.9,966.7,18.0,M,5,Paul Ricard,Williams
6,28,KUB,7,0,19,18,17,0,42,57.2,27.8,0.0,0.9,39.0,966.7,164.0,M,6,Paul Ricard,Williams
7,28,KUB,8,0,18,18,17,0,42,55.4,27.7,0.0,1.8,37.9,966.7,132.0,M,7,Paul Ricard,Williams
8,28,KUB,9,0,18,18,17,0,43,55.4,27.4,0.0,1.5,38.5,966.6,104.0,M,8,Paul Ricard,Williams
9,28,KUB,10,0,18,18,17,0,43,55.6,27.3,0.0,2.1,38.8,966.6,87.0,M,9,Paul Ricard,Williams
10,28,KUB,11,0,18,18,17,0,43,55.6,27.3,0.0,1.7,38.7,966.6,31.0,M,10,Paul Ricard,Williams
11,28,KUB,12,0,18,18,17,0,43,54.4,27.1,0.0,1.5,38.7,966.6,161.0,M,11,Paul Ricard,Williams
12,28,KUB,13,0,18,18,17,0,43,55.1,27.6,0.0,2.3,37.8,966.5,119.0,M,12,Paul Ricard,Williams
13,28,KUB,14,0,18,18,17,0,43,54.8,27.2,0.0,2.6,38.6,966.6,106.0,M,13,Paul Ricard,Williams
14,28,KUB,15,0,18,18,17,0,43,54.7,27.1,0.0,1.4,38.9,966.5,151.0,M,14,Paul Ricard,Williams
15,28,KUB,16,0,18,18,17,0,43,55.4,27.4,0.0,1.1,38.4,966.6,107.0,M,15,Paul Ricard,Williams
16,28,KUB,17,0,18,18,17,0,43,55.9,27.7,0.0,2.2,37.3,966.5,201.0,M,16,Paul Ricard,Williams
17,28,KUB,18,0,18,19,17,0,43,54.1,27.3,0.0,1.1,38.2,966.6,26.0,M,17,Paul Ricard,Williams
18,28,KUB,19,0,19,19,17,0,43,54.1,27.3,0.0,2.1,38.2,966.5,89.0,M,18,Paul Ricard,Williams
19,28,KUB,20,0,19,20,17,0,43,56.0,27.8,0.0,2.0,36.7,966.6,93.0,M,19,Paul Ricard,Williams
20,28,KUB,21,0,20,20,17,0,42,56.3,27.5,0.0,3.3,37.2,966.5,108.0,M,20,Paul Ricard,Williams
21,28,KUB,22,0,20,20,17,0,42,55.2,27.2,0.0,3.2,37.4,966.6,114.0,M,21,Paul Ricard,Williams
22,28,KUB,23,1,20,20,17,0,42,54.9,26.9,0.0,3.7,38.1,966.5,102.0,M,22,Paul Ricard,Williams
23,28,KUB,24,0,20,20,17,0,42,54.1,26.6,0.0,1.6,39.0,966.6,12.0,M,23,Paul Ricard,Williams
24,28,KUB,25,0,20,20,17,0,42,54.0,27.0,0.0,1.4,37.6,966.5,74.0,H,0,Paul Ricard,Williams
25,28,KUB,26,0,20,20,17,0,42,53.2,27.0,0.0,2.4,37.9,966.6,85.0,H,1,Paul Ricard,Williams
26,28,KUB,27,0,20,20,17,0,42,52.0,27.1,0.0,2.2,37.4,966.6,115.0,H,2,Paul Ricard,Williams
27,28,KUB,28,0,20,20,17,0,42,52.1,27.1,0.0,1.8,37.6,966.6,109.0,H,3,Paul Ricard,Williams
28,28,KUB,29,0,20,20,17,0,42,52.6,27.3,0.0,2.4,36.7,966.7,104.0,H,4,Paul Ricard,Williams
29,28,KUB,30,0,20,20,17,0,43,55.3,27.4,0.0,1.8,36.6,966.6,41.0,H,5,Paul Ricard,Williams
30,28,KUB,31,0,20,20,17,0,43,55.5,27.5,0.0,1.4,36.6,966.7,76.0,H,6,Paul Ricard,Williams
31,28,KUB,32,0,20,20,17,0,43,56.2,27.6,0.0,1.7,36.6,966.7,15.0,H,7,Paul Ricard,Williams
32,28,KUB,33,0,20,19,17,0,43,54.7,27.6,0.0,1.3,36.7,966.8,96.0,H,8,Paul Ricard,Williams
33,28,KUB,34,0,19,19,17,0,43,54.1,27.7,0.0,1.4,36.9,966.7,102.0,H,9,Paul Ricard,Williams
34,28,KUB,35,0,19,19,17,0,43,52.3,27.6,0.0,1.6,36.9,966.7,177.0,H,10,Paul Ricard,Williams
35,28,KUB,36,1,19,19,17,0,43,53.1,26.8,0.0,1.8,38.9,966.6,84.0,H,11,Paul Ricard,Williams
36,28,KUB,37,0,19,19,17,0,43,52.6,26.5,0.0,1.5,39.6,966.7,77.0,H,12,Paul Ricard,Williams
37,28,KUB,38,0,19,19,17,0,42,52.6,26.9,0.0,1.1,38.6,966.7,73.0,H,13,Paul Ricard,Williams
38,28,KUB,39,0,19,19,17,0,42,53.8,26.8,0.0,1.4,39.0,966.7,38.0,H,14,Paul Ricard,Williams
39,28,KUB,40,0,19,19,17,0,42,53.9,26.3,0.0,1.3,39.8,966.7,109.0,H,15,Paul Ricard,Williams
40,28,KUB,41,0,19,19,17,0,42,54.5,26.5,0.0,2.5,39.9,966.6,83.0,H,16,Paul Ricard,Williams
41,28,KUB,42,0,19,19,17,0,41,54.5,26.4,0.0,1.5,40.1,966.7,94.0,H,17,Paul Ricard,Williams
42,28,KUB,43,0,19,19,17,0,41,55.1,27.0,0.0,1.1,39.0,966.8,182.0,H,18,Paul Ricard,Williams
43,28,KUB,44,0,19,19,17,0,40,55.2,27.1,0.0,1.6,37.8,966.6,128.0,H,19,Paul Ricard,Williams
44,28,KUB,45,0,19,18,17,0,40,55.1,26.9,0.0,1.7,38.6,966.7,124.0,H,20,Paul Ricard,Williams
45,28,KUB,46,0,18,18,17,0,39,53.7,27.2,0.0,1.4,36.6,966.7,78.0,H,21,Paul Ricard,Williams
46,28,KUB,47,0,18,18,17,0,39,54.0,27.0,0.0,1.4,37.3,966.6,102.0,H,22,Paul Ricard,Williams
47,28,KUB,48,0,18,18,17,0,39,54.1,27.1,0.0,1.9,37.0,966.7,120.0,H,23,Paul Ricard,Williams
48,28,KUB,49,1,18,18,17,0,39,53.3,26.9,0.0,2.3,37.0,966.7,18.0,H,24,Paul Ricard,Williams
49,28,KUB,50,2,18,18,17,0,39,53.2,26.6,0.0,1.0,38.1,966.7,35.0,H,25,Paul Ricard,Williams
50,28,KUB,51,2,18,18,17,0,39,53.4,26.5,0.0,1.7,38.4,966.7,82.0,H,26,Paul Ricard,Williams
0,28,KVY,1,0,20,20,20,0,44,55.9,26.4,0.0,1.8,41.4,966.7,120.0,H,0,Paul Ricard,Toro Rosso
1,28,KVY,2,0,20,20,20,0,45,56.1,26.3,0.0,1.2,41.8,966.8,57.0,H,1,Paul Ricard,Toro Rosso
2,28,KVY,3,0,20,19,20,0,46,57.0,26.3,0.0,2.1,41.8,966.7,77.0,H,2,Paul Ricard,Toro Rosso
3,28,KVY,4,0,19,18,20,0,48,56.3,26.5,0.0,1.4,41.4,966.8,197.0,H,3,Paul Ricard,Toro Rosso
4,28,KVY,5,0,18,18,20,0,48,56.3,26.9,0.0,1.4,40.6,966.6,26.0,H,4,Paul Ricard,Toro Rosso
5,28,KVY,6,0,18,18,20,0,48,56.3,26.9,0.0,1.6,41.3,966.8,12.0,H,5,Paul Ricard,Toro Rosso
6,28,KVY,7,0,18,17,20,0,48,56.6,27.0,0.0,1.4,41.1,966.7,176.0,H,6,Paul Ricard,Toro Rosso
7,28,KVY,8,0,17,16,20,0,48,56.2,27.5,0.0,0.6,39.9,966.7,18.0,H,7,Paul Ricard,Toro Rosso
8,28,KVY,9,0,16,16,20,0,49,57.2,27.8,0.0,0.9,39.0,966.7,164.0,H,8,Paul Ricard,Toro Rosso
9,28,KVY,10,0,16,16,20,0,48,56.9,27.7,0.0,1.3,38.5,966.7,352.0,H,9,Paul Ricard,Toro Rosso
10,28,KVY,11,0,16,16,20,0,48,55.4,27.6,0.0,1.6,38.4,966.6,103.0,H,10,Paul Ricard,Toro Rosso
11,28,KVY,12,0,16,16,20,0,47,55.6,27.3,0.0,1.7,38.7,966.6,31.0,H,11,Paul Ricard,Toro Rosso
12,28,KVY,13,0,16,16,20,0,47,54.4,27.1,0.0,1.5,38.7,966.6,161.0,H,12,Paul Ricard,Toro Rosso
13,28,KVY,14,0,16,16,20,0,47,55.1,27.4,0.0,0.9,38.3,966.6,116.0,H,13,Paul Ricard,Toro Rosso
14,28,KVY,15,0,16,15,20,0,47,55.7,27.8,0.0,2.4,37.1,966.6,132.0,H,14,Paul Ricard,Toro Rosso
15,28,KVY,16,0,15,14,20,0,48,55.4,27.4,0.0,1.1,38.4,966.6,107.0,H,15,Paul Ricard,Toro Rosso
16,28,KVY,17,0,14,13,20,0,48,55.9,27.7,0.0,2.2,37.3,966.5,201.0,H,16,Paul Ricard,Toro Rosso
17,28,KVY,18,0,13,12,20,0,46,56.0,27.7,0.0,1.5,37.1,966.6,59.0,H,17,Paul Ricard,Toro Rosso
18,28,KVY,19,0,12,11,20,0,45,56.2,27.9,0.0,2.4,37.0,966.5,120.0,H,18,Paul Ricard,Toro Rosso
19,28,KVY,20,0,11,12,20,0,45,56.0,27.8,0.0,2.2,36.8,966.6,80.0,H,19,Paul Ricard,Toro Rosso
20,28,KVY,21,0,12,12,20,0,45,56.0,27.8,0.0,2.0,36.7,966.6,93.0,H,20,Paul Ricard,Toro Rosso
21,28,KVY,22,0,12,12,20,0,46,55.9,27.7,0.0,3.1,36.8,966.5,102.0,H,21,Paul Ricard,Toro Rosso
22,28,KVY,23,1,12,12,20,0,47,56.3,27.5,0.0,3.3,37.2,966.5,108.0,H,22,Paul Ricard,Toro Rosso
23,28,KVY,24,0,12,12,20,0,47,54.9,26.9,0.0,3.7,38.1,966.5,102.0,H,23,Paul Ricard,Toro Rosso
24,28,KVY,25,0,12,11,20,0,48,54.1,26.6,0.0,1.6,39.0,966.6,12.0,H,24,Paul Ricard,Toro Rosso
25,28,KVY,26,0,11,11,20,0,48,54.0,27.0,0.0,1.4,37.6,966.5,74.0,H,25,Paul Ricard,Toro Rosso
26,28,KVY,27,0,11,11,20,0,48,52.0,27.1,0.0,2.2,37.4,966.6,115.0,H,26,Paul Ricard,Toro Rosso
27,28,KVY,28,0,11,11,20,0,49,52.1,27.1,0.0,1.8,37.6,966.6,109.0,H,27,Paul Ricard,Toro Rosso
28,28,KVY,29,0,11,11,20,0,49,52.0,27.2,0.0,1.5,37.1,966.6,124.0,H,28,Paul Ricard,Toro Rosso
29,28,KVY,30,0,11,11,20,0,48,52.6,27.3,0.0,2.4,36.7,966.7,104.0,H,29,Paul Ricard,Toro Rosso
30,28,KVY,31,0,11,10,20,0,47,53.8,27.2,0.0,1.7,37.2,966.6,58.0,H,30,Paul Ricard,Toro Rosso
31,28,KVY,32,0,10,16,20,0,48,55.3,27.4,0.0,1.8,36.6,966.6,41.0,H,31,Paul Ricard,Toro Rosso
32,28,KVY,33,0,16,16,20,0,48,56.0,27.7,0.0,1.7,36.3,966.7,140.0,M,0,Paul Ricard,Toro Rosso
33,28,KVY,34,0,16,15,20,0,48,52.3,27.6,0.0,1.6,36.9,966.7,177.0,M,1,Paul Ricard,Toro Rosso
34,28,KVY,35,0,15,15,20,0,48,51.6,27.4,0.0,1.2,37.2,966.7,79.0,M,2,Paul Ricard,Toro Rosso
35,28,KVY,36,1,15,15,20,0,49,53.9,26.9,0.0,1.4,38.2,966.8,196.0,M,3,Paul Ricard,Toro Rosso
36,28,KVY,37,0,15,15,20,0,48,52.6,26.5,0.0,1.5,39.6,966.7,77.0,M,4,Paul Ricard,Toro Rosso
37,28,KVY,38,0,15,15,20,0,49,52.6,26.9,0.0,1.1,38.6,966.7,73.0,M,5,Paul Ricard,Toro Rosso
38,28,KVY,39,0,15,15,20,0,47,53.8,26.8,0.0,1.4,39.0,966.7,38.0,M,6,Paul Ricard,Toro Rosso
39,28,KVY,40,0,15,15,20,0,47,53.2,26.7,0.0,2.8,39.1,966.7,95.0,M,7,Paul Ricard,Toro Rosso
40,28,KVY,41,0,15,15,20,0,47,53.9,26.3,0.0,1.3,39.8,966.7,109.0,M,8,Paul Ricard,Toro Rosso
41,28,KVY,42,0,15,15,20,0,47,54.5,26.5,0.0,2.5,39.9,966.6,83.0,M,9,Paul Ricard,Toro Rosso
42,28,KVY,43,0,15,15,20,0,47,54.5,26.4,0.0,1.5,40.1,966.7,94.0,M,10,Paul Ricard,Toro Rosso
43,28,KVY,44,0,15,15,20,0,47,54.9,26.8,0.0,1.4,39.2,966.6,166.0,M,11,Paul Ricard,Toro Rosso
44,28,KVY,45,0,15,15,20,0,48,55.1,27.0,0.0,1.1,39.0,966.8,182.0,M,12,Paul Ricard,Toro Rosso
45,28,KVY,46,0,15,15,20,0,48,55.2,27.1,0.0,1.6,37.8,966.6,128.0,M,13,Paul Ricard,Toro Rosso
46,28,KVY,47,0,15,14,20,0,48,54.3,27.0,0.0,1.2,37.6,966.7,29.0,M,14,Paul Ricard,Toro Rosso
47,28,KVY,48,0,14,14,20,0,49,54.0,27.0,0.0,1.4,37.3,966.6,102.0,M,15,Paul Ricard,Toro Rosso
48,28,KVY,49,1,14,14,20,0,49,55.0,26.8,0.0,1.8,37.7,966.7,86.0,M,16,Paul Ricard,Toro Rosso
49,28,KVY,50,2,14,14,20,0,49,54.5,26.7,0.0,1.4,38.6,966.7,158.0,M,17,Paul Ricard,Toro Rosso
50,28,KVY,51,2,14,14,20,0,49,53.2,26.6,0.0,1.0,38.1,966.7,35.0,M,18,Paul Ricard,Toro Rosso
51,28,KVY,52,0,14,14,20,0,49,53.4,26.5,0.0,1.7,38.4,966.7,82.0,M,19,Paul Ricard,Toro Rosso
0,28,RUS,1,0,19,19,19,0,40,54.4,26.2,0.0,1.7,42.4,966.7,60.0,M,0,Paul Ricard,Williams
1,28,RUS,2,0,19,19,19,0,39,55.9,26.4,0.0,1.8,41.4,966.7,120.0,M,1,Paul Ricard,Williams
2,28,RUS,3,0,19,20,19,0,39,56.1,26.3,0.0,1.2,41.8,966.8,57.0,M,2,Paul Ricard,Williams
3,28,RUS,4,0,20,20,19,0,39,56.3,26.5,0.0,1.4,41.4,966.8,197.0,M,3,Paul Ricard,Williams
4,28,RUS,5,0,20,20,19,0,39,56.6,26.7,0.0,1.1,40.4,966.8,83.0,M,4,Paul Ricard,Williams
5,28,RUS,6,0,20,20,19,0,39,56.6,26.8,0.0,1.5,40.2,966.7,151.0,M,5,Paul Ricard,Williams
6,28,RUS,7,0,20,19,19,0,40,56.4,26.7,0.0,2.1,41.4,966.7,48.0,M,6,Paul Ricard,Williams
7,28,RUS,8,0,19,19,19,0,40,56.3,26.9,0.0,1.6,41.3,966.8,12.0,M,7,Paul Ricard,Williams
8,28,RUS,9,0,19,19,19,0,40,56.6,27.0,0.0,1.4,41.1,966.7,176.0,M,8,Paul Ricard,Williams
9,28,RUS,10,0,19,19,19,0,41,56.8,27.3,0.0,1.1,40.3,966.7,184.0,M,9,Paul Ricard,Williams
10,28,RUS,11,0,19,19,19,0,41,56.2,27.5,0.0,0.6,39.9,966.7,18.0,M,10,Paul Ricard,Williams
11,28,RUS,12,0,19,19,19,0,40,57.2,27.8,0.0,0.9,39.0,966.7,164.0,M,11,Paul Ricard,Williams
12,28,RUS,13,0,19,19,19,0,40,56.9,27.7,0.0,1.3,38.5,966.7,352.0,M,12,Paul Ricard,Williams
13,28,RUS,14,0,19,19,19,0,40,55.4,27.7,0.0,1.8,37.9,966.7,132.0,M,13,Paul Ricard,Williams
14,28,RUS,15,0,19,20,19,0,40,55.4,27.6,0.0,1.6,38.4,966.6,103.0,M,14,Paul Ricard,Williams
15,28,RUS,16,0,20,19,19,0,40,55.6,27.3,0.0,2.1,38.8,966.6,87.0,M,15,Paul Ricard,Williams
16,28,RUS,17,0,19,19,19,0,40,55.6,27.3,0.0,1.7,38.7,966.6,31.0,M,16,Paul Ricard,Williams
17,28,RUS,18,0,19,18,19,0,41,54.4,27.1,0.0,1.5,38.7,966.6,161.0,M,17,Paul Ricard,Williams
18,28,RUS,19,0,18,18,19,0,42,55.1,27.6,0.0,2.3,37.8,966.5,119.0,M,18,Paul Ricard,Williams
19,28,RUS,20,0,18,18,19,0,42,55.9,27.7,0.0,2.2,37.3,966.5,201.0,M,19,Paul Ricard,Williams
20,28,RUS,21,0,18,18,19,0,42,56.0,27.7,0.0,1.5,37.1,966.6,59.0,M,20,Paul Ricard,Williams
21,28,RUS,22,0,18,18,19,0,41,54.1,27.3,0.0,1.1,38.2,966.6,26.0,M,21,Paul Ricard,Williams
22,28,RUS,23,1,18,18,19,0,42,54.1,27.3,0.0,2.1,38.2,966.5,89.0,M,22,Paul Ricard,Williams
23,28,RUS,24,0,18,19,19,0,42,56.1,27.5,0.0,1.2,37.8,966.6,106.0,M,23,Paul Ricard,Williams
24,28,RUS,25,0,19,19,19,0,42,56.2,27.9,0.0,2.4,37.0,966.5,120.0,M,24,Paul Ricard,Williams
25,28,RUS,26,0,19,19,19,0,42,56.0,27.8,0.0,2.2,36.8,966.6,80.0,H,0,Paul Ricard,Williams
26,28,RUS,27,0,19,19,19,0,42,56.0,27.8,0.0,2.0,36.7,966.6,93.0,H,1,Paul Ricard,Williams
27,28,RUS,28,0,19,19,19,0,41,56.3,27.5,0.0,3.3,37.2,966.5,108.0,H,2,Paul Ricard,Williams
28,28,RUS,29,0,19,19,19,0,41,54.9,26.9,0.0,3.7,38.1,966.5,102.0,H,3,Paul Ricard,Williams
29,28,RUS,30,0,19,19,19,0,41,54.2,26.7,0.0,2.8,38.6,966.5,112.0,H,4,Paul Ricard,Williams
30,28,RUS,31,0,19,19,19,0,41,54.0,27.0,0.0,1.4,37.6,966.5,74.0,H,5,Paul Ricard,Williams
31,28,RUS,32,0,19,19,19,0,41,53.2,27.0,0.0,2.4,37.9,966.6,85.0,H,6,Paul Ricard,Williams
32,28,RUS,33,0,19,20,19,0,41,52.0,27.1,0.0,2.2,37.4,966.6,115.0,H,7,Paul Ricard,Williams
33,28,RUS,34,0,20,20,19,0,41,52.1,27.1,0.0,1.8,37.6,966.6,109.0,M,0,Paul Ricard,Williams
34,28,RUS,35,0,20,20,19,0,40,55.5,27.5,0.0,1.2,36.5,966.7,25.0,M,1,Paul Ricard,Williams
35,28,RUS,36,1,20,20,19,0,40,55.5,27.5,0.0,1.4,36.6,966.7,76.0,M,2,Paul Ricard,Williams
36,28,RUS,37,0,20,20,19,0,40,55.4,27.6,0.0,1.1,36.7,966.6,79.0,M,3,Paul Ricard,Williams
37,28,RUS,38,0,20,20,19,0,40,54.7,27.6,0.0,1.3,36.7,966.8,96.0,M,4,Paul Ricard,Williams
38,28,RUS,39,0,20,20,19,0,40,54.1,27.7,0.0,1.4,36.9,966.7,102.0,M,5,Paul Ricard,Williams
39,28,RUS,40,0,20,20,19,0,39,52.3,27.6,0.0,1.6,36.9,966.7,177.0,M,6,Paul Ricard,Williams
40,28,RUS,41,0,20,20,19,0,39,53.1,26.8,0.0,1.8,38.9,966.6,84.0,M,7,Paul Ricard,Williams
41,28,RUS,42,0,20,20,19,0,39,53.8,26.8,0.0,1.4,39.0,966.7,38.0,M,8,Paul Ricard,Williams
42,28,RUS,43,0,20,20,19,0,39,53.2,26.7,0.0,2.8,39.1,966.7,95.0,M,9,Paul Ricard,Williams
43,28,RUS,44,0,20,20,19,0,39,54.9,26.8,0.0,1.4,39.2,966.6,166.0,M,10,Paul Ricard,Williams
44,28,RUS,45,0,20,19,19,0,38,55.1,27.0,0.0,1.1,39.0,966.8,182.0,M,11,Paul Ricard,Williams
45,28,RUS,46,0,19,19,19,0,38,55.2,27.1,0.0,1.6,37.8,966.6,128.0,M,12,Paul Ricard,Williams
46,28,RUS,47,0,19,19,19,0,38,54.0,27.0,0.0,1.4,37.3,966.6,102.0,M,13,Paul Ricard,Williams
47,28,RUS,48,0,19,19,19,0,38,55.0,26.8,0.0,1.8,37.7,966.7,86.0,M,14,Paul Ricard,Williams
48,28,RUS,49,1,19,19,19,0,38,54.5,26.8,0.0,1.4,38.1,966.6,94.0,M,15,Paul Ricard,Williams
49,28,RUS,50,2,19,19,19,0,38,54.1,27.1,0.0,1.9,37.0,966.7,120.0,M,16,Paul Ricard,Williams
50,28,RUS,51,2,19,19,19,0,38,53.4,26.5,0.0,1.7,38.4,966.7,82.0,M,17,Paul Ricard,Williams
