,driver,lap,trackStatus,position,grid,out,performance,trackTemp,airTemp,raining,windSpeed,humidity,pressure,windDir,tyre,tyreLap,track,team
0,HAM,1,0,1,11,0,74,26.2,21.1,1.0,0.4,88.1,991.3,168.0,W,0.0,Hockenheim,Mercedes
1,HAM,2,0,1,11,0,65,26.2,21.1,1.0,1.1,88.2,991.4,201.0,W,1.0,Hockenheim,Mercedes
2,HAM,3,0,1,11,0,64,26.4,21.3,1.0,1.4,88.5,991.4,137.0,W,2.0,Hockenheim,Mercedes
3,HAM,4,0,1,11,0,61,26.1,21.2,1.0,1.0,88.3,991.4,117.0,I,0.0,Hockenheim,Mercedes
4,HAM,5,0,1,11,0,60,26.2,21.4,1.0,1.3,88.2,991.4,126.0,I,1.0,Hockenheim,Mercedes
5,HAM,6,0,1,11,0,63,26.6,21.6,1.0,0.7,86.9,991.5,323.0,I,2.0,Hockenheim,Mercedes
6,HAM,7,0,1,11,0,64,26.1,21.5,1.0,0.7,88.4,991.5,185.0,I,3.0,Hockenheim,Mercedes
7,HAM,8,0,1,11,0,66,26.2,21.7,1.0,0.6,88.3,991.4,266.0,I,4.0,Hockenheim,Mercedes
8,HAM,9,0,1,11,0,68,26.2,21.7,1.0,0.6,87.0,991.4,3.0,I,5.0,Hockenheim,Mercedes
9,HAM,10,0,1,11,0,68,26.1,21.5,1.0,0.9,88.1,991.5,112.0,I,6.0,Hockenheim,Mercedes
10,HAM,11,0,1,11,0,69,26.3,21.6,1.0,0.4,88.3,991.5,0.0,I,7.0,Hockenheim,Mercedes
11,HAM,12,0,1,11,0,69,26.4,21.6,1.0,0.4,87.5,991.5,2.0,I,8.0,Hockenheim,Mercedes
12,HAM,13,0,1,11,0,70,26.0,21.3,1.0,0.7,86.8,991.5,194.0,I,9.0,Hockenheim,Mercedes
13,HAM,14,0,1,11,0,70,26.2,21.4,1.0,0.4,87.8,991.5,170.0,I,10.0,Hockenheim,Mercedes
14,HAM,15,0,1,11,0,70,26.2,21.4,1.0,1.1,87.1,991.6,176.0,I,11.0,Hockenheim,Mercedes
15,HAM,16,0,1,11,0,69,26.2,21.6,1.0,1.3,88.0,991.6,358.0,I,12.0,Hockenheim,Mercedes
16,HAM,17,0,1,11,0,69,26.3,21.4,1.0,1.2,86.9,991.5,246.0,I,13.0,Hockenheim,Mercedes
17,HAM,18,0,1,11,0,,26.1,21.4,1.0,0.6,87.5,991.6,65.0,I,14.0,Hockenheim,Mercedes
18,HAM,19,0,1,11,0,77,26.2,21.4,1.0,0.9,86.9,991.7,188.0,I,15.0,Hockenheim,Mercedes
19,HAM,20,0,1,11,0,88,26.2,21.3,1.0,0.7,86.6,991.6,183.0,I,16.0,Hockenheim,Mercedes
20,HAM,21,0,1,11,0,87,25.9,21.3,1.0,0.9,87.3,991.6,27.0,I,17.0,Hockenheim,Mercedes
21,HAM,22,0,1,11,0,87,26.1,21.4,1.0,0.7,87.0,991.6,72.0,I,18.0,Hockenheim,Mercedes
22,HAM,23,0,1,11,0,85,26.3,21.4,1.0,0.5,87.4,991.7,175.0,I,19.0,Hockenheim,Mercedes
23,HAM,24,0,1,11,0,85,26.5,21.7,1.0,1.0,88.1,991.6,205.0,I,20.0,Hockenheim,Mercedes
24,HAM,25,0,1,11,0,85,26.5,21.7,1.0,1.2,87.4,991.6,45.0,I,21.0,Hockenheim,Mercedes
25,HAM,26,0,1,11,0,84,26.5,22.0,1.0,0.7,88.7,991.7,6.0,I,22.0,Hockenheim,Mercedes
26,HAM,27,0,1,11,0,85,26.6,21.7,1.0,0.5,87.2,991.8,9.0,I,23.0,Hockenheim,Mercedes
27,HAM,28,0,1,11,0,84,26.7,21.9,1.0,1.1,88.3,991.7,319.0,I,24.0,Hockenheim,Mercedes
28,HAM,29,0,1,11,0,79,26.6,21.8,1.0,1.2,87.1,991.7,279.0,S,3.0,Hockenheim,Mercedes
29,HAM,30,0,5,11,0,75,26.4,21.6,1.0,0.7,88.0,991.8,345.0,I,0.0,Hockenheim,Mercedes
30,HAM,31,0,5,11,0,72,26.4,21.7,1.0,0.6,88.5,991.9,244.0,I,1.0,Hockenheim,Mercedes
31,HAM,32,0,5,11,0,68,26.4,21.6,1.0,0.9,88.0,991.8,25.0,I,2.0,Hockenheim,Mercedes
32,HAM,33,0,5,11,0,63,27.1,21.9,1.0,0.5,89.0,991.8,79.0,I,3.0,Hockenheim,Mercedes
33,HAM,34,0,5,11,0,60,26.8,21.7,1.0,1.2,87.7,991.8,350.0,I,4.0,Hockenheim,Mercedes
34,HAM,35,0,5,11,0,61,26.6,21.6,1.0,1.5,87.3,991.9,297.0,I,5.0,Hockenheim,Mercedes
35,HAM,36,0,4,11,0,62,26.5,21.4,1.0,1.0,87.8,991.8,313.0,I,6.0,Hockenheim,Mercedes
36,HAM,37,0,4,11,0,64,26.5,21.4,1.0,0.8,88.4,991.9,241.0,I,7.0,Hockenheim,Mercedes
37,HAM,38,0,3,11,0,65,26.6,21.5,1.0,1.3,87.9,991.9,351.0,I,8.0,Hockenheim,Mercedes
38,HAM,39,0,3,11,0,67,26.8,21.5,1.0,1.1,88.4,991.8,178.0,I,9.0,Hockenheim,Mercedes
39,HAM,40,0,3,11,0,68,27.3,21.8,1.0,0.9,88.3,991.9,261.0,I,10.0,Hockenheim,Mercedes
40,HAM,41,0,3,11,0,69,26.9,21.7,1.0,0.9,89.0,991.8,195.0,I,11.0,Hockenheim,Mercedes
41,HAM,42,0,3,11,0,67,27.1,21.8,1.0,0.5,88.5,991.9,5.0,I,12.0,Hockenheim,Mercedes
42,HAM,43,0,3,11,0,63,27.2,21.6,1.0,1.7,86.8,991.9,312.0,I,13.0,Hockenheim,Mercedes
43,HAM,44,0,3,11,0,60,26.6,21.8,1.0,1.1,87.9,991.9,340.0,I,14.0,Hockenheim,Mercedes
44,HAM,45,0,3,11,0,59,26.9,21.7,1.0,1.0,87.3,991.9,353.0,I,15.0,Hockenheim,Mercedes
45,HAM,46,0,2,11,0,59,27.0,21.7,1.0,1.0,87.6,992.0,0.0,I,16.0,Hockenheim,Mercedes
46,HAM,47,0,1,11,0,60,27.0,21.8,1.0,0.7,87.7,991.9,353.0,I,17.0,Hockenheim,Mercedes
47,HAM,48,0,12,11,0,61,26.7,21.8,1.0,2.6,87.3,991.9,356.0,S,5.0,Hockenheim,Mercedes
48,HAM,49,0,12,11,0,62,26.7,21.7,1.0,1.6,87.1,992.0,317.0,S,6.0,Hockenheim,Mercedes
49,HAM,50,0,12,11,0,63,26.7,21.8,1.0,1.4,87.0,992.0,340.0,S,7.0,Hockenheim,Mercedes
50,HAM,51,0,12,11,0,64,26.6,21.6,1.0,2.6,86.1,992.1,358.0,S,8.0,Hockenheim,Mercedes
51,HAM,52,0,12,11,0,65,26.2,21.6,1.0,2.1,86.7,992.1,0.0,S,9.0,Hockenheim,Mercedes
52,HAM,53,0,14,11,0,65,26.6,21.8,1.0,1.0,86.9,992.0,321.0,S,10.0,Hockenheim,Mercedes
53,HAM,54,0,15,11,0,65,26.6,21.7,1.0,1.7,86.1,992.1,264.0,S,4.0,Hockenheim,Mercedes
54,HAM,55,0,15,11,0,66,26.8,21.9,1.0,1.4,86.3,992.2,337.0,S,5.0,Hockenheim,Mercedes
55,HAM,56,0,15,11,0,66,26.6,21.7,1.0,2.0,85.9,992.1,249.0,S,6.0,Hockenheim,Mercedes
56,HAM,57,0,14,11,0,66,26.3,21.7,1.0,0.7,86.8,992.1,337.0,S,5.0,Hockenheim,Mercedes
57,HAM,58,0,14,11,0,66,26.8,21.8,1.0,2.9,86.1,992.1,301.0,S,6.0,Hockenheim,Mercedes
58,HAM,59,0,14,11,0,67,26.5,21.8,1.0,2.1,86.3,992.1,338.0,S,7.0,Hockenheim,Mercedes
59,HAM,60,0,14,11,0,69,26.5,21.7,1.0,1.7,86.1,992.1,352.0,S,8.0,Hockenheim,Mercedes
60,HAM,61,0,13,11,0,70,26.5,21.7,1.0,1.8,86.7,992.1,350.0,S,9.0,Hockenheim,Mercedes
61,HAM,62,0,11,11,0,71,26.9,21.9,1.0,1.6,86.7,992.2,3.0,S,10.0,Hockenheim,Mercedes
62,HAM,63,0,11,11,0,72,26.9,21.8,1.0,2.2,86.3,992.2,351.0,S,11.0,Hockenheim,Mercedes
63,HAM,64,0,11,11,0,73,26.8,21.9,0.0,0.7,86.5,992.3,347.0,S,12.0,Hockenheim,Mercedes
0,VER,1,0,4,1,0,58,26.2,21.1,1.0,0.4,88.1,991.3,168.0,W,0.0,Hockenheim,Red Bull Racing
1,VER,2,0,3,1,0,45,26.2,21.1,1.0,1.1,88.2,991.4,201.0,W,1.0,Hockenheim,Red Bull Racing
2,VER,3,0,3,1,0,46,26.1,21.0,1.0,0.4,87.6,991.3,209.0,W,2.0,Hockenheim,Red Bull Racing
3,VER,4,0,4,1,0,52,26.1,21.1,1.0,0.4,88.7,991.3,119.0,I,0.0,Hockenheim,Red Bull Racing
4,VER,5,0,3,1,0,56,26.4,21.2,1.0,1.0,88.0,991.4,164.0,I,1.0,Hockenheim,Red Bull Racing
5,VER,6,0,3,1,0,59,26.4,21.3,1.0,1.4,88.5,991.4,137.0,I,2.0,Hockenheim,Red Bull Racing
6,VER,7,0,3,1,0,59,26.1,21.2,1.0,1.0,88.3,991.4,117.0,I,3.0,Hockenheim,Red Bull Racing
7,VER,8,0,3,1,0,60,26.2,21.4,1.0,1.3,88.2,991.4,126.0,I,4.0,Hockenheim,Red Bull Racing
8,VER,9,0,3,1,0,61,26.4,21.5,1.0,2.2,88.5,991.3,158.0,I,5.0,Hockenheim,Red Bull Racing
9,VER,10,0,3,1,0,61,26.2,21.4,1.0,1.0,87.1,991.4,185.0,I,6.0,Hockenheim,Red Bull Racing
10,VER,11,0,3,1,0,62,26.1,21.5,1.0,0.7,88.4,991.5,185.0,I,7.0,Hockenheim,Red Bull Racing
11,VER,12,0,3,1,0,60,26.1,21.5,1.0,0.9,88.1,991.5,112.0,I,8.0,Hockenheim,Red Bull Racing
12,VER,13,0,3,1,0,58,26.3,21.6,1.0,0.4,88.3,991.5,0.0,I,9.0,Hockenheim,Red Bull Racing
13,VER,14,0,3,1,0,58,26.4,21.6,1.0,0.4,87.5,991.5,2.0,I,10.0,Hockenheim,Red Bull Racing
14,VER,15,0,3,1,0,57,26.0,21.4,1.0,1.3,87.7,991.6,89.0,I,11.0,Hockenheim,Red Bull Racing
15,VER,16,0,3,1,0,54,26.2,21.4,1.0,1.1,87.1,991.6,176.0,I,12.0,Hockenheim,Red Bull Racing
16,VER,17,0,3,1,0,54,26.3,21.4,1.0,1.2,86.9,991.5,246.0,I,13.0,Hockenheim,Red Bull Racing
17,VER,18,0,3,1,0,42,26.1,21.4,1.0,0.6,87.5,991.6,65.0,I,14.0,Hockenheim,Red Bull Racing
18,VER,19,0,3,1,0,64,25.9,21.6,1.0,1.1,87.5,991.6,0.0,I,15.0,Hockenheim,Red Bull Racing
19,VER,20,0,3,1,0,71,26.1,21.5,1.0,0.6,87.3,991.6,9.0,I,16.0,Hockenheim,Red Bull Racing
20,VER,21,0,3,1,0,63,25.9,21.3,1.0,0.9,87.3,991.6,27.0,I,17.0,Hockenheim,Red Bull Racing
21,VER,22,0,3,1,0,58,26.1,21.4,1.0,0.7,87.0,991.6,72.0,I,18.0,Hockenheim,Red Bull Racing
22,VER,23,0,3,1,0,54,26.5,21.7,1.0,1.2,87.4,991.6,45.0,I,19.0,Hockenheim,Red Bull Racing
23,VER,24,0,3,1,0,52,26.4,21.7,1.0,0.9,87.5,991.7,0.0,I,20.0,Hockenheim,Red Bull Racing
24,VER,25,0,3,1,0,49,26.5,21.9,1.0,0.6,88.3,991.7,285.0,I,21.0,Hockenheim,Red Bull Racing
25,VER,26,0,4,1,0,48,26.5,21.9,1.0,0.9,87.4,991.7,337.0,M,2.0,Hockenheim,Red Bull Racing
26,VER,27,0,4,1,0,51,26.5,21.6,1.0,0.6,87.6,991.8,34.0,M,3.0,Hockenheim,Red Bull Racing
27,VER,28,0,3,1,0,54,26.7,21.9,1.0,1.1,87.6,991.8,339.0,M,4.0,Hockenheim,Red Bull Racing
28,VER,29,0,3,1,0,56,26.7,21.8,1.0,0.8,88.1,991.7,268.0,M,5.0,Hockenheim,Red Bull Racing
29,VER,30,0,1,1,0,53,26.6,21.8,1.0,1.2,87.1,991.7,279.0,I,0.0,Hockenheim,Red Bull Racing
30,VER,31,0,1,1,0,49,26.4,21.7,1.0,0.6,88.5,991.9,244.0,I,1.0,Hockenheim,Red Bull Racing
31,VER,32,0,1,1,0,44,26.4,21.6,1.0,0.9,88.0,991.8,25.0,I,2.0,Hockenheim,Red Bull Racing
32,VER,33,0,1,1,0,39,27.3,22.1,1.0,0.6,89.6,991.8,249.0,I,3.0,Hockenheim,Red Bull Racing
33,VER,34,0,1,1,0,38,27.3,22.1,1.0,0.5,88.4,991.8,336.0,I,4.0,Hockenheim,Red Bull Racing
34,VER,35,0,1,1,0,39,26.8,21.7,1.0,1.2,87.7,991.8,350.0,I,5.0,Hockenheim,Red Bull Racing
35,VER,36,0,1,1,0,40,26.6,21.6,1.0,1.5,87.3,991.9,297.0,I,6.0,Hockenheim,Red Bull Racing
36,VER,37,0,1,1,0,41,26.5,21.4,1.0,1.0,87.8,991.8,313.0,I,7.0,Hockenheim,Red Bull Racing
37,VER,38,0,1,1,0,41,26.5,21.4,1.0,0.8,88.4,991.9,241.0,I,8.0,Hockenheim,Red Bull Racing
38,VER,39,0,1,1,0,41,27.1,21.8,1.0,0.5,88.5,991.9,5.0,I,9.0,Hockenheim,Red Bull Racing
39,VER,40,0,1,1,0,42,27.2,21.6,1.0,1.7,86.8,991.9,312.0,I,10.0,Hockenheim,Red Bull Racing
40,VER,41,0,1,1,0,42,26.9,21.6,1.0,1.0,88.2,991.8,296.0,I,11.0,Hockenheim,Red Bull Racing
41,VER,42,0,1,1,0,41,26.7,21.5,1.0,1.9,87.3,991.9,358.0,I,0.0,Hockenheim,Red Bull Racing
42,VER,43,0,1,1,0,39,26.6,21.6,1.0,1.9,88.4,991.9,351.0,I,1.0,Hockenheim,Red Bull Racing
43,VER,44,0,1,1,0,37,26.5,21.6,1.0,1.9,87.2,991.9,336.0,I,2.0,Hockenheim,Red Bull Racing
44,VER,45,0,1,1,0,37,26.9,21.7,1.0,1.0,87.3,991.9,353.0,I,3.0,Hockenheim,Red Bull Racing
45,VER,46,0,1,1,0,37,27.0,21.8,1.0,0.7,87.7,991.9,353.0,I,4.0,Hockenheim,Red Bull Racing
46,VER,47,0,5,1,0,38,26.7,21.8,1.0,1.4,87.0,992.0,340.0,S,0.0,Hockenheim,Red Bull Racing
47,VER,48,0,1,1,0,39,26.6,21.6,1.0,2.6,86.1,992.1,358.0,S,1.0,Hockenheim,Red Bull Racing
48,VER,49,0,1,1,0,41,26.4,21.6,1.0,1.2,86.4,992.1,353.0,S,2.0,Hockenheim,Red Bull Racing
49,VER,50,0,1,1,0,41,26.6,21.8,1.0,1.0,86.9,992.0,321.0,S,3.0,Hockenheim,Red Bull Racing
50,VER,51,0,1,1,0,42,26.6,21.7,1.0,1.7,86.1,992.1,264.0,S,4.0,Hockenheim,Red Bull Racing
51,VER,52,0,1,1,0,42,26.6,21.7,1.0,0.7,86.5,992.2,357.0,S,5.0,Hockenheim,Red Bull Racing
52,VER,53,0,1,1,0,43,26.6,21.7,1.0,2.0,85.9,992.1,249.0,S,6.0,Hockenheim,Red Bull Racing
53,VER,54,0,1,1,0,43,26.3,21.7,1.0,0.7,86.8,992.1,337.0,S,7.0,Hockenheim,Red Bull Racing
54,VER,55,0,1,1,0,44,26.6,21.8,1.0,0.7,87.5,992.1,353.0,S,8.0,Hockenheim,Red Bull Racing
55,VER,56,0,1,1,0,44,26.5,21.8,1.0,2.1,86.3,992.1,338.0,S,9.0,Hockenheim,Red Bull Racing
56,VER,57,0,1,1,0,44,26.5,21.7,1.0,1.7,86.1,992.1,352.0,S,10.0,Hockenheim,Red Bull Racing
57,VER,58,0,1,1,0,44,26.6,21.8,1.0,0.9,87.5,992.1,25.0,S,11.0,Hockenheim,Red Bull Racing
58,VER,59,0,1,1,0,44,26.9,21.9,1.0,1.6,86.7,992.2,3.0,S,12.0,Hockenheim,Red Bull Racing
59,VER,60,0,1,1,0,43,26.9,21.9,1.0,1.7,86.5,992.1,10.0,S,13.0,Hockenheim,Red Bull Racing
60,VER,61,0,1,1,0,44,26.9,21.8,1.0,2.0,86.7,992.2,346.0,S,14.0,Hockenheim,Red Bull Racing
61,VER,62,0,1,1,0,45,26.9,21.8,1.0,2.2,86.3,992.2,351.0,S,15.0,Hockenheim,Red Bull Racing
62,VER,63,0,1,1,0,45,26.6,21.8,0.0,1.2,87.0,992.2,7.0,S,16.0,Hockenheim,Red Bull Racing
63,VER,64,0,1,1,0,46,26.8,21.9,0.0,0.7,86.5,992.3,347.0,S,17.0,Hockenheim,Red Bull Racing
0,BOT,1,0,2,15,0,66,26.2,21.1,1.0,1.1,88.2,991.4,201.0,W,0.0,Hockenheim,Mercedes
1,BOT,2,0,2,15,0,58,26.1,21.0,1.0,0.4,87.6,991.3,209.0,W,1.0,Hockenheim,Mercedes
2,BOT,3,0,2,15,0,56,26.4,21.2,1.0,1.0,88.0,991.4,164.0,W,2.0,Hockenheim,Mercedes
3,BOT,4,0,3,15,0,61,26.6,21.6,1.0,0.7,86.9,991.5,323.0,I,0.0,Hockenheim,Mercedes
4,BOT,5,0,2,15,0,64,26.2,21.7,1.0,0.6,88.3,991.4,266.0,I,1.0,Hockenheim,Mercedes
5,BOT,6,0,2,15,0,65,26.2,21.7,1.0,0.6,87.0,991.4,3.0,I,2.0,Hockenheim,Mercedes
6,BOT,7,0,2,15,0,65,26.3,21.6,1.0,0.4,88.3,991.5,0.0,I,3.0,Hockenheim,Mercedes
7,BOT,8,0,2,15,0,66,26.4,21.6,1.0,0.4,87.5,991.5,2.0,I,4.0,Hockenheim,Mercedes
8,BOT,9,0,2,15,0,68,26.4,21.6,1.0,0.8,88.0,991.4,67.0,I,5.0,Hockenheim,Mercedes
9,BOT,10,0,2,15,0,69,26.0,21.3,1.0,0.7,86.8,991.5,194.0,I,6.0,Hockenheim,Mercedes
10,BOT,11,0,2,15,0,71,26.2,21.4,1.0,0.4,87.8,991.5,170.0,I,7.0,Hockenheim,Mercedes
11,BOT,12,0,2,15,0,72,26.2,21.4,1.0,1.1,87.1,991.6,176.0,I,8.0,Hockenheim,Mercedes
12,BOT,13,0,2,15,0,73,26.3,21.4,1.0,1.2,86.9,991.5,246.0,I,9.0,Hockenheim,Mercedes
13,BOT,14,0,2,15,0,74,26.1,21.4,1.0,0.6,87.5,991.6,65.0,I,10.0,Hockenheim,Mercedes
14,BOT,15,0,2,15,0,73,26.2,21.3,1.0,0.7,86.6,991.6,183.0,I,11.0,Hockenheim,Mercedes
15,BOT,16,0,2,15,0,72,25.9,21.3,1.0,0.9,87.3,991.6,27.0,I,12.0,Hockenheim,Mercedes
16,BOT,17,0,2,15,0,72,26.1,21.4,1.0,0.7,87.0,991.6,72.0,I,13.0,Hockenheim,Mercedes
17,BOT,18,0,2,15,0,34,26.5,21.7,1.0,1.2,87.4,991.6,45.0,I,14.0,Hockenheim,Mercedes
18,BOT,19,0,2,15,0,82,26.5,21.9,1.0,0.6,88.3,991.7,285.0,I,15.0,Hockenheim,Mercedes
19,BOT,20,0,2,15,0,92,26.5,21.9,1.0,0.9,87.4,991.7,337.0,I,16.0,Hockenheim,Mercedes
20,BOT,21,0,2,15,0,87,26.6,21.7,1.0,0.5,87.2,991.8,9.0,I,17.0,Hockenheim,Mercedes
21,BOT,22,0,2,15,0,82,26.7,21.8,1.0,0.8,88.1,991.7,268.0,I,18.0,Hockenheim,Mercedes
22,BOT,23,0,2,15,0,78,26.7,21.9,1.0,1.1,88.3,991.7,319.0,I,19.0,Hockenheim,Mercedes
23,BOT,24,0,2,15,0,76,26.4,21.6,1.0,0.7,88.0,991.8,11.0,I,20.0,Hockenheim,Mercedes
24,BOT,25,0,2,15,0,74,26.6,21.8,1.0,0.5,89.5,991.8,3.0,I,21.0,Hockenheim,Mercedes
25,BOT,26,0,2,15,0,73,27.3,22.1,1.0,0.5,88.4,991.8,336.0,I,22.0,Hockenheim,Mercedes
26,BOT,27,0,3,15,0,72,27.1,22.0,1.0,1.0,87.1,991.9,339.0,M,3.0,Hockenheim,Mercedes
27,BOT,28,0,2,15,0,72,26.6,21.6,1.0,1.5,87.3,991.9,297.0,M,4.0,Hockenheim,Mercedes
28,BOT,29,0,2,15,0,75,26.5,21.4,1.0,1.0,87.8,991.8,313.0,M,5.0,Hockenheim,Mercedes
29,BOT,30,0,2,15,0,70,26.5,21.4,1.0,0.8,88.4,991.9,241.0,M,6.0,Hockenheim,Mercedes
30,BOT,31,0,3,15,0,64,26.8,21.5,1.0,1.1,88.4,991.8,178.0,I,0.0,Hockenheim,Mercedes
31,BOT,32,0,3,15,0,56,27.3,21.8,1.0,0.9,88.3,991.9,261.0,I,1.0,Hockenheim,Mercedes
32,BOT,33,0,3,15,0,50,27.0,21.6,1.0,2.2,88.4,991.8,171.0,I,2.0,Hockenheim,Mercedes
33,BOT,34,0,3,15,0,48,26.9,21.7,1.0,0.9,89.0,991.8,195.0,I,3.0,Hockenheim,Mercedes
34,BOT,35,0,3,15,0,49,27.2,21.6,1.0,1.7,86.8,991.9,312.0,I,4.0,Hockenheim,Mercedes
35,BOT,36,0,3,15,0,50,26.9,21.7,1.0,1.9,87.9,991.8,339.0,I,5.0,Hockenheim,Mercedes
36,BOT,37,0,2,15,0,51,26.7,21.5,1.0,1.9,87.3,991.9,358.0,I,6.0,Hockenheim,Mercedes
37,BOT,38,0,2,15,0,53,26.6,21.6,1.0,1.9,88.4,991.9,351.0,I,7.0,Hockenheim,Mercedes
38,BOT,39,0,2,15,0,54,26.5,21.6,1.0,1.9,87.2,991.9,336.0,I,8.0,Hockenheim,Mercedes
39,BOT,40,0,2,15,0,55,26.6,21.8,1.0,1.1,87.9,991.9,340.0,I,9.0,Hockenheim,Mercedes
40,BOT,41,0,2,15,0,56,26.9,21.7,1.0,1.0,87.3,991.9,353.0,I,10.0,Hockenheim,Mercedes
41,BOT,42,0,2,15,0,54,26.7,21.8,1.0,2.6,87.3,991.9,356.0,I,11.0,Hockenheim,Mercedes
42,BOT,43,0,2,15,0,51,26.7,21.7,1.0,1.6,87.1,992.0,317.0,I,12.0,Hockenheim,Mercedes
43,BOT,44,0,2,15,0,49,26.6,21.6,1.0,2.6,86.1,992.1,358.0,I,13.0,Hockenheim,Mercedes
44,BOT,45,0,2,15,0,48,26.4,21.6,1.0,1.2,86.4,992.1,353.0,I,14.0,Hockenheim,Mercedes
45,BOT,46,0,3,15,0,48,26.6,21.8,1.0,1.0,86.9,992.0,321.0,I,15.0,Hockenheim,Mercedes
46,BOT,47,0,8,15,0,49,26.6,21.7,1.0,0.7,86.5,992.2,357.0,S,2.0,Hockenheim,Mercedes
47,BOT,48,0,4,15,0,50,26.8,21.9,1.0,1.4,86.3,992.2,337.0,S,3.0,Hockenheim,Mercedes
48,BOT,49,0,4,15,0,51,26.8,21.8,1.0,2.9,86.1,992.1,301.0,S,4.0,Hockenheim,Mercedes
49,BOT,50,0,4,15,0,52,26.5,21.7,1.0,1.7,86.1,992.1,352.0,S,5.0,Hockenheim,Mercedes
50,BOT,51,0,4,15,0,53,26.9,21.9,1.0,1.6,86.7,992.2,3.0,S,6.0,Hockenheim,Mercedes
51,BOT,52,0,4,15,0,54,26.9,21.9,1.0,1.7,86.5,992.1,10.0,S,7.0,Hockenheim,Mercedes
52,BOT,53,0,4,15,0,54,27.0,21.8,1.0,1.4,86.9,992.2,271.0,S,8.0,Hockenheim,Mercedes
53,BOT,54,0,4,15,0,56,26.9,21.8,1.0,2.2,86.3,992.2,351.0,S,9.0,Hockenheim,Mercedes
54,BOT,55,0,4,15,0,57,26.6,21.8,0.0,1.2,86.3,992.2,341.0,S,10.0,Hockenheim,Mercedes
55,BOT,56,0,4,15,1,58,26.8,21.9,0.0,0.7,86.5,992.3,347.0,S,11.0,Hockenheim,Mercedes
0,GAS,1,0,8,14,0,55,26.2,21.1,1.0,0.4,88.1,991.3,168.0,W,0.0,Hockenheim,Red Bull Racing
1,GAS,2,0,8,14,0,38,26.1,21.0,1.0,0.4,87.6,991.3,209.0,W,1.0,Hockenheim,Red Bull Racing
2,GAS,3,0,9,14,0,39,26.1,21.1,1.0,0.4,88.7,991.3,119.0,W,2.0,Hockenheim,Red Bull Racing
3,GAS,4,0,18,14,0,42,26.4,21.2,1.0,1.0,88.0,991.4,164.0,I,0.0,Hockenheim,Red Bull Racing
4,GAS,5,0,18,14,0,44,26.4,21.3,1.0,1.4,88.5,991.4,137.0,I,1.0,Hockenheim,Red Bull Racing
5,GAS,6,0,19,14,0,45,26.1,21.2,1.0,1.0,88.3,991.4,117.0,I,2.0,Hockenheim,Red Bull Racing
6,GAS,7,0,16,14,0,45,26.2,21.4,1.0,1.3,88.2,991.4,126.0,I,3.0,Hockenheim,Red Bull Racing
7,GAS,8,0,15,14,0,45,26.1,21.5,1.0,0.7,88.4,991.5,185.0,I,4.0,Hockenheim,Red Bull Racing
8,GAS,9,0,14,14,0,46,26.2,21.7,1.0,0.6,88.3,991.4,266.0,I,5.0,Hockenheim,Red Bull Racing
9,GAS,10,0,14,14,0,47,26.1,21.5,1.0,0.9,88.1,991.5,112.0,I,6.0,Hockenheim,Red Bull Racing
10,GAS,11,0,14,14,0,46,26.4,21.6,1.0,0.4,87.5,991.5,2.0,I,7.0,Hockenheim,Red Bull Racing
11,GAS,12,0,14,14,0,46,26.4,21.6,1.0,0.8,88.0,991.4,67.0,I,8.0,Hockenheim,Red Bull Racing
12,GAS,13,0,14,14,0,47,26.0,21.3,1.0,0.7,86.8,991.5,194.0,I,9.0,Hockenheim,Red Bull Racing
13,GAS,14,0,12,14,0,48,26.0,21.4,1.0,1.3,87.7,991.6,89.0,I,10.0,Hockenheim,Red Bull Racing
14,GAS,15,0,12,14,0,45,26.2,21.4,1.0,0.4,87.8,991.5,170.0,I,11.0,Hockenheim,Red Bull Racing
15,GAS,16,0,12,14,0,45,26.2,21.6,1.0,1.3,88.0,991.6,358.0,I,12.0,Hockenheim,Red Bull Racing
16,GAS,17,0,12,14,0,45,26.3,21.4,1.0,1.2,86.9,991.5,246.0,I,13.0,Hockenheim,Red Bull Racing
17,GAS,18,0,10,14,0,44,25.9,21.6,1.0,1.1,87.5,991.6,0.0,I,14.0,Hockenheim,Red Bull Racing
18,GAS,19,0,10,14,0,64,26.2,21.3,1.0,0.7,86.6,991.6,183.0,I,15.0,Hockenheim,Red Bull Racing
19,GAS,20,0,10,14,0,58,25.9,21.3,1.0,1.0,87.5,991.7,299.0,I,16.0,Hockenheim,Red Bull Racing
20,GAS,21,0,10,14,0,57,26.1,21.4,1.0,0.7,87.0,991.6,72.0,I,17.0,Hockenheim,Red Bull Racing
21,GAS,22,0,10,14,0,56,26.5,21.7,1.0,1.0,88.1,991.6,205.0,I,18.0,Hockenheim,Red Bull Racing
22,GAS,23,0,10,14,0,54,26.5,21.9,1.0,0.9,87.4,991.7,337.0,I,19.0,Hockenheim,Red Bull Racing
23,GAS,24,0,9,14,0,54,26.5,21.6,1.0,0.6,87.6,991.8,34.0,I,20.0,Hockenheim,Red Bull Racing
24,GAS,25,0,9,14,0,54,26.7,21.8,1.0,0.8,88.1,991.7,268.0,I,21.0,Hockenheim,Red Bull Racing
25,GAS,26,0,9,14,0,54,26.6,21.8,1.0,1.2,87.1,991.7,279.0,I,22.0,Hockenheim,Red Bull Racing
26,GAS,27,0,11,14,0,52,26.4,21.6,1.0,0.7,88.0,991.8,345.0,S,2.0,Hockenheim,Red Bull Racing
27,GAS,28,0,9,14,0,52,26.4,21.7,1.0,0.6,88.5,991.9,244.0,S,3.0,Hockenheim,Red Bull Racing
28,GAS,29,0,9,14,0,50,26.6,21.8,1.0,0.5,89.5,991.8,3.0,I,0.0,Hockenheim,Red Bull Racing
29,GAS,30,0,9,14,0,49,27.3,22.1,1.0,0.5,88.4,991.8,336.0,I,1.0,Hockenheim,Red Bull Racing
30,GAS,31,0,9,14,0,50,26.6,21.6,1.0,1.5,87.3,991.9,297.0,I,2.0,Hockenheim,Red Bull Racing
31,GAS,32,0,9,14,0,47,26.5,21.4,1.0,0.8,88.4,991.9,241.0,I,3.0,Hockenheim,Red Bull Racing
32,GAS,33,0,9,14,0,42,26.8,21.5,1.0,1.1,88.4,991.8,178.0,I,4.0,Hockenheim,Red Bull Racing
33,GAS,34,0,9,14,0,40,27.3,21.8,1.0,0.9,88.3,991.9,261.0,I,5.0,Hockenheim,Red Bull Racing
34,GAS,35,0,9,14,0,41,26.9,21.7,1.0,0.9,89.0,991.8,195.0,I,6.0,Hockenheim,Red Bull Racing
35,GAS,36,0,9,14,0,41,27.1,21.8,1.0,0.5,88.5,991.9,5.0,I,7.0,Hockenheim,Red Bull Racing
36,GAS,37,0,9,14,0,42,27.1,21.7,1.0,1.0,88.2,991.9,334.0,I,8.0,Hockenheim,Red Bull Racing
37,GAS,38,0,9,14,0,43,27.2,21.6,1.0,1.7,86.8,991.9,312.0,I,9.0,Hockenheim,Red Bull Racing
38,GAS,39,0,8,14,0,43,26.9,21.6,1.0,1.0,88.2,991.8,296.0,I,10.0,Hockenheim,Red Bull Racing
39,GAS,40,0,7,14,0,44,26.9,21.7,1.0,1.9,87.9,991.8,339.0,I,11.0,Hockenheim,Red Bull Racing
40,GAS,41,0,6,14,0,44,26.5,21.6,1.0,1.9,87.2,991.9,336.0,I,12.0,Hockenheim,Red Bull Racing
41,GAS,42,0,6,14,0,42,27.0,21.8,1.0,0.7,87.7,991.9,353.0,I,13.0,Hockenheim,Red Bull Racing
42,GAS,43,0,6,14,0,41,26.7,21.8,1.0,2.6,87.3,991.9,356.0,I,14.0,Hockenheim,Red Bull Racing
43,GAS,44,0,6,14,0,39,26.7,21.7,1.0,1.6,87.1,992.0,317.0,I,15.0,Hockenheim,Red Bull Racing
44,GAS,45,0,6,14,0,38,26.7,21.8,1.0,1.4,87.0,992.0,340.0,I,16.0,Hockenheim,Red Bull Racing
45,GAS,46,0,8,14,0,38,26.6,21.6,1.0,2.6,86.1,992.1,358.0,I,17.0,Hockenheim,Red Bull Racing
46,GAS,47,0,12,14,0,38,26.3,21.6,1.0,1.6,86.8,992.1,314.0,S,3.0,Hockenheim,Red Bull Racing
47,GAS,48,0,8,14,0,39,26.4,21.6,1.0,1.2,86.4,992.1,353.0,S,4.0,Hockenheim,Red Bull Racing
48,GAS,49,0,8,14,0,39,26.6,21.6,1.0,0.4,86.6,992.1,0.0,S,5.0,Hockenheim,Red Bull Racing
49,GAS,50,0,8,14,0,40,26.6,21.8,1.0,1.0,86.9,992.0,321.0,S,6.0,Hockenheim,Red Bull Racing
50,GAS,51,0,9,14,0,40,26.6,21.7,1.0,0.7,86.5,992.2,357.0,S,7.0,Hockenheim,Red Bull Racing
51,GAS,52,0,8,14,0,40,26.8,21.9,1.0,1.4,86.3,992.2,337.0,S,8.0,Hockenheim,Red Bull Racing
52,GAS,53,0,8,14,0,41,26.3,21.7,1.0,0.7,86.8,992.1,337.0,S,9.0,Hockenheim,Red Bull Racing
53,GAS,54,0,8,14,0,42,26.8,21.8,1.0,2.9,86.1,992.1,301.0,S,10.0,Hockenheim,Red Bull Racing
54,GAS,55,0,8,14,0,43,26.5,21.7,1.0,1.8,86.7,992.1,350.0,S,11.0,Hockenheim,Red Bull Racing
55,GAS,56,0,8,14,0,43,26.6,21.8,1.0,0.9,87.5,992.1,25.0,S,12.0,Hockenheim,Red Bull Racing
56,GAS,57,0,7,14,0,44,26.9,21.9,1.0,1.6,86.7,992.2,3.0,S,13.0,Hockenheim,Red Bull Racing
57,GAS,58,0,7,14,0,43,26.9,21.8,1.0,2.0,86.7,992.2,346.0,S,14.0,Hockenheim,Red Bull Racing
58,GAS,59,0,7,14,0,43,27.0,21.8,1.0,1.4,86.9,992.2,271.0,S,15.0,Hockenheim,Red Bull Racing
59,GAS,60,0,7,14,0,43,26.9,22.0,0.0,1.4,87.8,992.3,277.0,S,16.0,Hockenheim,Red Bull Racing
60,GAS,61,0,7,14,0,43,26.8,21.9,0.0,0.7,86.5,992.3,347.0,S,17.0,Hockenheim,Red Bull Racing
0,RAI,1,0,3,7,0,48,26.2,21.1,1.0,0.4,88.1,991.3,168.0,W,0.0,Hockenheim,Alfa Romeo Racing
1,RAI,2,0,4,7,0,35,26.2,21.1,1.0,1.1,88.2,991.4,201.0,W,1.0,Hockenheim,Alfa Romeo Racing
2,RAI,3,0,4,7,0,30,26.1,21.0,1.0,0.4,87.6,991.3,209.0,W,2.0,Hockenheim,Alfa Romeo Racing
3,RAI,4,0,11,7,0,30,26.1,21.1,1.0,0.4,88.7,991.3,119.0,I,0.0,Hockenheim,Alfa Romeo Racing
4,RAI,5,0,8,7,0,32,26.4,21.2,1.0,1.0,88.0,991.4,164.0,I,1.0,Hockenheim,Alfa Romeo Racing
5,RAI,6,0,7,7,0,35,26.4,21.3,1.0,1.4,88.5,991.4,137.0,I,2.0,Hockenheim,Alfa Romeo Racing
6,RAI,7,0,7,7,0,33,26.4,21.3,1.0,1.4,88.5,991.4,137.0,I,3.0,Hockenheim,Alfa Romeo Racing
7,RAI,8,0,6,7,0,31,26.1,21.2,1.0,1.0,88.3,991.4,117.0,I,4.0,Hockenheim,Alfa Romeo Racing
8,RAI,9,0,6,7,0,33,26.4,21.5,1.0,2.2,88.5,991.3,158.0,I,5.0,Hockenheim,Alfa Romeo Racing
9,RAI,10,0,6,7,0,34,26.2,21.4,1.0,1.0,87.1,991.4,185.0,I,6.0,Hockenheim,Alfa Romeo Racing
10,RAI,11,0,6,7,0,36,26.2,21.7,1.0,0.6,87.0,991.4,3.0,I,7.0,Hockenheim,Alfa Romeo Racing
11,RAI,12,0,6,7,0,37,26.1,21.5,1.0,0.9,88.1,991.5,112.0,I,8.0,Hockenheim,Alfa Romeo Racing
12,RAI,13,0,6,7,0,38,26.3,21.6,1.0,0.4,88.3,991.5,0.0,I,9.0,Hockenheim,Alfa Romeo Racing
13,RAI,14,0,6,7,0,38,26.4,21.6,1.0,0.4,87.5,991.5,2.0,I,10.0,Hockenheim,Alfa Romeo Racing
14,RAI,15,0,6,7,0,38,26.4,21.6,1.0,0.8,88.0,991.4,67.0,I,11.0,Hockenheim,Alfa Romeo Racing
15,RAI,16,0,5,7,0,37,26.0,21.4,1.0,1.3,87.7,991.6,89.0,I,12.0,Hockenheim,Alfa Romeo Racing
16,RAI,17,0,5,7,0,37,26.2,21.4,1.0,1.1,87.1,991.6,176.0,I,13.0,Hockenheim,Alfa Romeo Racing
17,RAI,18,0,6,7,0,35,26.2,21.6,1.0,1.3,88.0,991.6,358.0,I,14.0,Hockenheim,Alfa Romeo Racing
18,RAI,19,0,6,7,0,52,26.3,21.4,1.0,1.2,86.9,991.5,246.0,I,15.0,Hockenheim,Alfa Romeo Racing
19,RAI,20,0,6,7,0,50,25.9,21.6,1.0,1.1,87.5,991.6,0.0,I,16.0,Hockenheim,Alfa Romeo Racing
20,RAI,21,0,6,7,0,44,26.1,21.5,1.0,0.6,87.3,991.6,9.0,I,17.0,Hockenheim,Alfa Romeo Racing
21,RAI,22,0,6,7,0,42,26.2,21.4,1.0,0.9,86.9,991.7,188.0,I,18.0,Hockenheim,Alfa Romeo Racing
22,RAI,23,0,6,7,0,40,26.2,21.3,1.0,0.7,86.6,991.6,183.0,I,19.0,Hockenheim,Alfa Romeo Racing
23,RAI,24,0,6,7,0,40,25.9,21.3,1.0,0.9,87.3,991.6,27.0,I,20.0,Hockenheim,Alfa Romeo Racing
24,RAI,25,0,6,7,0,38,25.9,21.3,1.0,1.0,87.5,991.7,299.0,I,21.0,Hockenheim,Alfa Romeo Racing
25,RAI,26,0,6,7,0,36,26.5,21.7,1.0,1.2,87.4,991.6,45.0,I,22.0,Hockenheim,Alfa Romeo Racing
26,RAI,27,0,7,7,0,33,26.5,21.9,1.0,0.6,88.3,991.7,285.0,M,0.0,Hockenheim,Alfa Romeo Racing
27,RAI,28,0,6,7,0,33,26.5,21.6,1.0,0.6,87.6,991.8,34.0,M,1.0,Hockenheim,Alfa Romeo Racing
28,RAI,29,0,7,7,0,31,26.5,22.0,1.0,0.7,88.7,991.7,6.0,I,0.0,Hockenheim,Alfa Romeo Racing
29,RAI,30,0,7,7,0,31,26.6,21.7,1.0,0.5,87.2,991.8,9.0,I,1.0,Hockenheim,Alfa Romeo Racing
30,RAI,31,0,7,7,0,32,26.7,21.8,1.0,0.8,88.1,991.7,268.0,I,2.0,Hockenheim,Alfa Romeo Racing
31,RAI,32,0,7,7,0,30,26.6,21.8,1.0,1.2,87.1,991.7,279.0,I,3.0,Hockenheim,Alfa Romeo Racing
32,RAI,33,0,7,7,0,25,26.4,21.7,1.0,0.6,88.5,991.9,244.0,I,4.0,Hockenheim,Alfa Romeo Racing
33,RAI,34,0,7,7,0,22,26.4,21.6,1.0,0.9,88.0,991.8,25.0,I,5.0,Hockenheim,Alfa Romeo Racing
34,RAI,35,0,7,7,0,23,26.6,21.8,1.0,0.5,89.5,991.8,3.0,I,6.0,Hockenheim,Alfa Romeo Racing
35,RAI,36,0,7,7,0,24,27.3,22.1,1.0,0.6,89.6,991.8,249.0,I,7.0,Hockenheim,Alfa Romeo Racing
36,RAI,37,0,7,7,0,24,27.1,22.0,1.0,1.0,87.1,991.9,339.0,I,8.0,Hockenheim,Alfa Romeo Racing
37,RAI,38,0,7,7,0,25,26.6,21.6,1.0,1.5,87.3,991.9,297.0,I,9.0,Hockenheim,Alfa Romeo Racing
38,RAI,39,0,9,7,0,26,26.5,21.4,1.0,1.0,87.8,991.8,313.0,I,10.0,Hockenheim,Alfa Romeo Racing
39,RAI,40,0,8,7,0,27,26.6,21.5,1.0,1.3,87.9,991.9,351.0,I,11.0,Hockenheim,Alfa Romeo Racing
40,RAI,41,0,8,7,0,27,26.9,21.7,1.0,0.9,89.0,991.8,195.0,I,12.0,Hockenheim,Alfa Romeo Racing
41,RAI,42,0,7,7,0,26,27.1,21.8,1.0,0.5,88.5,991.9,5.0,I,13.0,Hockenheim,Alfa Romeo Racing
42,RAI,43,0,7,7,0,25,26.9,21.5,1.0,1.5,87.9,991.9,314.0,I,14.0,Hockenheim,Alfa Romeo Racing
43,RAI,44,0,7,7,0,24,26.9,21.6,1.0,1.0,88.2,991.8,296.0,I,15.0,Hockenheim,Alfa Romeo Racing
44,RAI,45,0,7,7,0,23,26.6,21.8,1.0,1.1,87.9,991.9,340.0,I,16.0,Hockenheim,Alfa Romeo Racing
45,RAI,46,0,4,7,0,23,27.0,21.7,1.0,1.0,87.6,992.0,0.0,I,17.0,Hockenheim,Alfa Romeo Racing
46,RAI,47,0,2,7,0,24,27.0,21.8,1.0,0.7,87.7,991.9,353.0,I,18.0,Hockenheim,Alfa Romeo Racing
47,RAI,48,0,11,7,0,23,26.7,21.8,1.0,2.6,87.3,991.9,356.0,S,3.0,Hockenheim,Alfa Romeo Racing
48,RAI,49,0,11,7,0,23,26.7,21.7,1.0,1.6,87.1,992.0,317.0,S,4.0,Hockenheim,Alfa Romeo Racing
49,RAI,50,0,11,7,0,24,26.6,21.6,1.0,2.6,86.1,992.1,358.0,S,5.0,Hockenheim,Alfa Romeo Racing
50,RAI,51,0,11,7,0,25,26.3,21.6,1.0,1.6,86.8,992.1,314.0,S,6.0,Hockenheim,Alfa Romeo Racing
51,RAI,52,0,11,7,0,25,26.4,21.6,1.0,1.2,86.4,992.1,353.0,S,7.0,Hockenheim,Alfa Romeo Racing
52,RAI,53,0,11,7,0,26,26.6,21.6,1.0,0.4,86.6,992.1,0.0,S,8.0,Hockenheim,Alfa Romeo Racing
53,RAI,54,0,10,7,0,26,26.6,21.8,1.0,1.0,86.9,992.0,321.0,S,9.0,Hockenheim,Alfa Romeo Racing
54,RAI,55,0,9,7,0,27,26.6,21.7,1.0,1.7,86.1,992.1,264.0,S,10.0,Hockenheim,Alfa Romeo Racing
55,RAI,56,0,9,7,0,27,26.8,21.9,1.0,1.4,86.3,992.2,337.0,S,11.0,Hockenheim,Alfa Romeo Racing
56,RAI,57,0,8,7,0,27,26.8,21.8,1.0,2.9,86.1,992.1,301.0,S,12.0,Hockenheim,Alfa Romeo Racing
57,RAI,58,0,8,7,0,26,26.5,21.7,1.0,1.8,86.7,992.1,350.0,S,13.0,Hockenheim,Alfa Romeo Racing
58,RAI,59,0,8,7,0,26,26.6,21.8,1.0,0.9,87.5,992.1,25.0,S,14.0,Hockenheim,Alfa Romeo Racing
59,RAI,60,0,8,7,0,26,26.9,21.9,1.0,1.7,86.5,992.1,10.0,S,15.0,Hockenheim,Alfa Romeo Racing
60,RAI,61,0,8,7,0,26,26.9,21.8,1.0,2.0,86.7,992.2,346.0,S,16.0,Hockenheim,Alfa Romeo Racing
61,RAI,62,0,7,7,0,27,27.0,21.8,1.0,1.4,86.9,992.2,271.0,S,17.0,Hockenheim,Alfa Romeo Racing
62,RAI,63,0,7,7,0,27,26.9,22.0,0.0,1.4,87.8,992.3,277.0,S,18.0,Hockenheim,Alfa Romeo Racing
63,RAI,64,0,7,7,0,27,26.8,21.9,0.0,0.7,86.5,992.3,347.0,S,19.0,Hockenheim,Alfa Romeo Racing
0,GRO,1,0,7,9,0,45,26.2,21.1,1.0,0.4,88.1,991.3,168.0,W,0.0,Hockenheim,Haas F1 Team
1,GRO,2,0,7,9,0,32,26.2,21.1,1.0,1.1,88.2,991.4,201.0,W,1.0,Hockenheim,Haas F1 Team
2,GRO,3,0,7,9,0,29,26.1,21.1,1.0,0.4,88.7,991.3,119.0,W,2.0,Hockenheim,Haas F1 Team
3,GRO,4,0,15,9,0,29,26.1,21.2,1.0,1.0,88.3,991.4,117.0,I,0.0,Hockenheim,Haas F1 Team
4,GRO,5,0,15,9,0,32,26.2,21.4,1.0,1.0,87.1,991.4,185.0,I,1.0,Hockenheim,Haas F1 Team
5,GRO,6,0,15,9,0,34,26.2,21.7,1.0,0.6,88.3,991.4,266.0,I,2.0,Hockenheim,Haas F1 Team
6,GRO,7,0,12,9,0,35,26.2,21.7,1.0,0.6,87.0,991.4,3.0,I,3.0,Hockenheim,Haas F1 Team
7,GRO,8,0,11,9,0,39,26.1,21.5,1.0,0.9,88.1,991.5,112.0,I,4.0,Hockenheim,Haas F1 Team
8,GRO,9,0,11,9,0,41,26.3,21.6,1.0,0.4,88.3,991.5,0.0,I,5.0,Hockenheim,Haas F1 Team
9,GRO,10,0,11,9,0,43,26.4,21.6,1.0,0.8,88.0,991.4,67.0,I,6.0,Hockenheim,Haas F1 Team
10,GRO,11,0,11,9,0,44,26.0,21.3,1.0,0.7,86.8,991.5,194.0,I,7.0,Hockenheim,Haas F1 Team
11,GRO,12,0,11,9,0,46,26.0,21.4,1.0,1.3,87.7,991.6,89.0,I,8.0,Hockenheim,Haas F1 Team
12,GRO,13,0,11,9,0,47,26.2,21.4,1.0,0.4,87.8,991.5,170.0,I,9.0,Hockenheim,Haas F1 Team
13,GRO,14,0,11,9,0,49,26.2,21.6,1.0,1.3,88.0,991.6,358.0,I,10.0,Hockenheim,Haas F1 Team
14,GRO,15,0,11,9,0,44,26.1,21.4,1.0,0.6,87.5,991.6,65.0,I,11.0,Hockenheim,Haas F1 Team
15,GRO,16,0,11,9,0,44,26.1,21.5,1.0,0.6,87.3,991.6,9.0,I,12.0,Hockenheim,Haas F1 Team
16,GRO,17,0,11,9,0,44,26.2,21.3,1.0,0.7,86.6,991.6,183.0,I,13.0,Hockenheim,Haas F1 Team
17,GRO,18,0,11,9,0,37,25.9,21.3,1.0,0.9,87.3,991.6,27.0,I,14.0,Hockenheim,Haas F1 Team
18,GRO,19,0,11,9,0,54,26.1,21.4,1.0,0.7,87.0,991.6,72.0,I,15.0,Hockenheim,Haas F1 Team
19,GRO,20,0,11,9,0,46,26.4,21.7,1.0,0.9,87.5,991.7,0.0,I,16.0,Hockenheim,Haas F1 Team
20,GRO,21,0,11,9,0,46,26.5,22.0,1.0,0.7,88.7,991.7,6.0,I,17.0,Hockenheim,Haas F1 Team
21,GRO,22,0,11,9,0,45,26.7,21.9,1.0,1.1,87.6,991.8,339.0,I,18.0,Hockenheim,Haas F1 Team
22,GRO,23,0,11,9,0,43,26.6,21.7,1.0,0.5,87.2,991.8,9.0,I,19.0,Hockenheim,Haas F1 Team
23,GRO,24,0,10,9,0,42,26.6,21.8,1.0,1.2,87.1,991.7,279.0,I,20.0,Hockenheim,Haas F1 Team
24,GRO,25,0,10,9,0,40,26.4,21.6,1.0,0.7,88.0,991.8,345.0,I,21.0,Hockenheim,Haas F1 Team
25,GRO,26,0,11,9,0,40,26.4,21.7,1.0,0.6,88.5,991.9,244.0,I,22.0,Hockenheim,Haas F1 Team
26,GRO,27,0,13,9,0,37,26.4,21.6,1.0,0.7,88.0,991.8,11.0,S,3.0,Hockenheim,Haas F1 Team
27,GRO,28,0,13,9,0,30,26.4,21.6,1.0,0.9,88.0,991.8,25.0,S,4.0,Hockenheim,Haas F1 Team
28,GRO,29,0,13,9,0,27,26.6,21.8,1.0,0.5,89.5,991.8,3.0,I,0.0,Hockenheim,Haas F1 Team
29,GRO,30,0,13,9,0,24,27.1,21.9,1.0,0.5,89.0,991.8,79.0,I,1.0,Hockenheim,Haas F1 Team
30,GRO,31,0,13,9,0,25,27.3,22.1,1.0,0.5,88.4,991.8,336.0,I,2.0,Hockenheim,Haas F1 Team
31,GRO,32,0,13,9,0,26,27.1,22.0,1.0,1.0,87.1,991.9,339.0,I,3.0,Hockenheim,Haas F1 Team
32,GRO,33,0,13,9,0,26,26.8,21.7,1.0,1.2,87.7,991.8,350.0,I,4.0,Hockenheim,Haas F1 Team
33,GRO,34,0,12,9,0,26,26.6,21.6,1.0,1.5,87.3,991.9,297.0,I,5.0,Hockenheim,Haas F1 Team
34,GRO,35,0,12,9,0,27,26.5,21.4,1.0,0.8,88.4,991.9,241.0,I,6.0,Hockenheim,Haas F1 Team
35,GRO,36,0,12,9,0,28,26.6,21.5,1.0,1.3,87.9,991.9,351.0,I,7.0,Hockenheim,Haas F1 Team
36,GRO,37,0,12,9,0,28,26.8,21.5,1.0,1.1,88.4,991.8,178.0,I,8.0,Hockenheim,Haas F1 Team
37,GRO,38,0,12,9,0,29,27.3,21.8,1.0,0.9,88.3,991.9,261.0,I,9.0,Hockenheim,Haas F1 Team
38,GRO,39,0,12,9,0,29,27.0,21.6,1.0,2.2,88.4,991.8,171.0,I,10.0,Hockenheim,Haas F1 Team
39,GRO,40,0,11,9,0,30,27.1,21.8,1.0,0.5,88.5,991.9,5.0,I,11.0,Hockenheim,Haas F1 Team
40,GRO,41,0,11,9,0,30,27.1,21.7,1.0,1.0,88.2,991.9,334.0,I,12.0,Hockenheim,Haas F1 Team
41,GRO,42,0,12,9,0,29,27.2,21.6,1.0,1.7,86.8,991.9,312.0,I,0.0,Hockenheim,Haas F1 Team
42,GRO,43,0,11,9,0,28,26.9,21.6,1.0,1.0,88.2,991.8,296.0,I,1.0,Hockenheim,Haas F1 Team
43,GRO,44,0,11,9,0,28,26.6,21.8,1.0,1.1,87.9,991.9,340.0,I,2.0,Hockenheim,Haas F1 Team
44,GRO,45,0,10,9,0,27,27.0,21.7,1.0,1.0,87.6,992.0,0.0,I,3.0,Hockenheim,Haas F1 Team
45,GRO,46,0,12,9,0,27,26.7,21.8,1.0,2.6,87.3,991.9,356.0,I,4.0,Hockenheim,Haas F1 Team
46,GRO,47,0,14,9,0,27,26.7,21.8,1.0,1.4,87.0,992.0,340.0,S,6.0,Hockenheim,Haas F1 Team
47,GRO,48,0,10,9,0,27,26.6,21.6,1.0,2.6,86.1,992.1,358.0,S,7.0,Hockenheim,Haas F1 Team
48,GRO,49,0,10,9,0,28,26.6,21.8,1.0,1.0,86.9,992.0,321.0,S,8.0,Hockenheim,Haas F1 Team
49,GRO,50,0,10,9,0,28,26.6,21.7,1.0,0.7,86.5,992.2,357.0,S,9.0,Hockenheim,Haas F1 Team
50,GRO,51,0,10,9,0,28,26.3,21.7,1.0,0.7,86.8,992.1,337.0,S,10.0,Hockenheim,Haas F1 Team
51,GRO,52,0,10,9,0,29,26.6,21.8,1.0,0.7,87.5,992.1,353.0,S,11.0,Hockenheim,Haas F1 Team
52,GRO,53,0,10,9,0,29,26.8,21.8,1.0,2.9,86.1,992.1,301.0,S,12.0,Hockenheim,Haas F1 Team
53,GRO,54,0,9,9,0,30,26.5,21.8,1.0,2.1,86.3,992.1,338.0,S,13.0,Hockenheim,Haas F1 Team
54,GRO,55,0,10,9,0,30,26.5,21.7,1.0,1.8,86.7,992.1,350.0,S,14.0,Hockenheim,Haas F1 Team
55,GRO,56,0,10,9,0,31,26.9,21.9,1.0,1.6,86.7,992.2,3.0,S,15.0,Hockenheim,Haas F1 Team
56,GRO,57,0,9,9,0,31,26.9,21.9,1.0,1.7,86.5,992.1,10.0,S,16.0,Hockenheim,Haas F1 Team
57,GRO,58,0,9,9,0,30,26.9,21.8,1.0,2.0,86.7,992.2,346.0,S,17.0,Hockenheim,Haas F1 Team
58,GRO,59,0,9,9,0,30,26.9,21.8,0.0,1.7,86.6,992.2,350.0,S,18.0,Hockenheim,Haas F1 Team
59,GRO,60,0,9,9,0,30,27.0,21.8,1.0,1.4,86.9,992.2,271.0,S,19.0,Hockenheim,Haas F1 Team
60,GRO,61,0,9,9,0,31,26.9,21.8,1.0,2.2,86.3,992.2,351.0,S,20.0,Hockenheim,Haas F1 Team
61,GRO,62,0,9,9,0,31,26.6,21.8,0.0,1.2,86.3,992.2,341.0,S,21.0,Hockenheim,Haas F1 Team
62,GRO,63,0,9,9,0,31,26.9,22.0,0.0,1.4,87.8,992.3,277.0,S,22.0,Hockenheim,Haas F1 Team
63,GRO,64,0,9,9,0,32,26.8,21.9,0.0,0.7,86.5,992.3,347.0,S,23.0,Hockenheim,Haas F1 Team
0,SAI,1,0,9,5,0,28,26.2,21.1,1.0,1.1,88.2,991.4,201.0,W,0.0,Hockenheim,McLaren
1,SAI,2,0,9,5,0,32,26.4,21.3,1.0,1.4,88.5,991.4,137.0,W,1.0,Hockenheim,McLaren
2,SAI,3,0,10,5,0,33,26.4,21.3,1.0,1.4,88.5,991.4,137.0,W,2.0,Hockenheim,McLaren
3,SAI,4,0,13,5,0,37,26.1,21.2,1.0,1.0,88.3,991.4,117.0,I,0.0,Hockenheim,McLaren
4,SAI,5,0,11,5,0,37,26.2,21.4,1.0,1.3,88.2,991.4,126.0,I,1.0,Hockenheim,McLaren
5,SAI,6,0,10,5,0,41,26.4,21.5,1.0,2.2,88.5,991.3,158.0,I,2.0,Hockenheim,McLaren
6,SAI,7,0,9,5,0,43,26.6,21.6,1.0,0.7,86.9,991.5,323.0,I,3.0,Hockenheim,McLaren
7,SAI,8,0,8,5,0,46,26.2,21.4,1.0,1.0,87.1,991.4,185.0,I,4.0,Hockenheim,McLaren
8,SAI,9,0,8,5,0,48,26.2,21.7,1.0,0.6,88.3,991.4,266.0,I,5.0,Hockenheim,McLaren
9,SAI,10,0,8,5,0,49,26.2,21.7,1.0,0.6,87.0,991.4,3.0,I,6.0,Hockenheim,McLaren
10,SAI,11,0,8,5,0,50,26.1,21.5,1.0,0.9,88.1,991.5,112.0,I,7.0,Hockenheim,McLaren
11,SAI,12,0,8,5,0,51,26.3,21.6,1.0,0.4,88.3,991.5,0.0,I,8.0,Hockenheim,McLaren
12,SAI,13,0,8,5,0,52,26.0,21.4,1.0,1.3,87.7,991.6,89.0,I,9.0,Hockenheim,McLaren
13,SAI,14,0,8,5,0,52,26.2,21.4,1.0,0.4,87.8,991.5,170.0,I,10.0,Hockenheim,McLaren
14,SAI,15,0,8,5,0,49,26.2,21.4,1.0,1.1,87.1,991.6,176.0,I,11.0,Hockenheim,McLaren
15,SAI,16,0,8,5,0,48,26.2,21.6,1.0,1.3,88.0,991.6,358.0,I,12.0,Hockenheim,McLaren
16,SAI,17,0,8,5,0,48,25.9,21.6,1.0,1.1,87.5,991.6,0.0,I,13.0,Hockenheim,McLaren
17,SAI,18,0,14,5,0,28,26.1,21.5,1.0,0.6,87.3,991.6,9.0,I,14.0,Hockenheim,McLaren
18,SAI,19,0,14,5,0,10,26.2,21.4,1.0,0.9,86.9,991.7,188.0,I,15.0,Hockenheim,McLaren
19,SAI,20,0,14,5,0,13,25.9,21.3,1.0,1.0,87.5,991.7,299.0,I,16.0,Hockenheim,McLaren
20,SAI,21,0,14,5,0,21,26.5,21.7,1.0,1.2,87.4,991.6,45.0,I,17.0,Hockenheim,McLaren
21,SAI,22,0,14,5,0,24,26.4,21.7,1.0,0.9,87.5,991.7,0.0,I,18.0,Hockenheim,McLaren
22,SAI,23,0,14,5,0,24,26.5,21.9,1.0,0.6,88.3,991.7,285.0,I,19.0,Hockenheim,McLaren
23,SAI,24,0,14,5,0,24,26.5,21.9,1.0,0.9,87.4,991.7,337.0,I,20.0,Hockenheim,McLaren
24,SAI,25,0,12,5,0,25,26.7,21.9,1.0,1.1,87.6,991.8,339.0,I,21.0,Hockenheim,McLaren
25,SAI,26,0,12,5,0,26,26.6,21.7,1.0,0.5,87.2,991.8,9.0,I,22.0,Hockenheim,McLaren
26,SAI,27,0,9,5,0,27,26.6,21.8,1.0,1.2,87.1,991.7,279.0,I,23.0,Hockenheim,McLaren
27,SAI,28,0,8,5,0,31,26.4,21.6,1.0,0.7,88.0,991.8,345.0,I,0.0,Hockenheim,McLaren
28,SAI,29,0,6,5,0,31,26.4,21.7,1.0,0.6,88.5,991.9,244.0,I,1.0,Hockenheim,McLaren
29,SAI,30,0,6,5,0,30,27.3,22.1,1.0,0.6,89.6,991.8,249.0,I,2.0,Hockenheim,McLaren
30,SAI,31,0,6,5,0,30,26.8,21.7,1.0,1.2,87.7,991.8,350.0,I,3.0,Hockenheim,McLaren
31,SAI,32,0,6,5,0,27,26.6,21.6,1.0,1.5,87.3,991.9,297.0,I,4.0,Hockenheim,McLaren
32,SAI,33,0,6,5,0,22,26.5,21.4,1.0,1.0,87.8,991.8,313.0,I,5.0,Hockenheim,McLaren
33,SAI,34,0,6,5,0,20,26.5,21.4,1.0,0.8,88.4,991.9,241.0,I,6.0,Hockenheim,McLaren
34,SAI,35,0,6,5,0,21,26.6,21.5,1.0,1.3,87.9,991.9,351.0,I,7.0,Hockenheim,McLaren
35,SAI,36,0,6,5,0,22,27.3,21.8,1.0,0.6,89.2,991.9,309.0,I,8.0,Hockenheim,McLaren
36,SAI,37,0,6,5,0,23,27.3,21.8,1.0,0.9,88.3,991.9,261.0,I,9.0,Hockenheim,McLaren
37,SAI,38,0,6,5,0,24,27.0,21.6,1.0,2.2,88.4,991.8,171.0,I,10.0,Hockenheim,McLaren
38,SAI,39,0,6,5,0,25,26.9,21.7,1.0,0.9,89.0,991.8,195.0,I,11.0,Hockenheim,McLaren
39,SAI,40,0,5,5,0,26,27.1,21.8,1.0,0.5,88.5,991.9,5.0,I,12.0,Hockenheim,McLaren
40,SAI,41,0,5,5,0,27,27.1,21.7,1.0,1.0,88.2,991.9,334.0,I,13.0,Hockenheim,McLaren
41,SAI,42,0,5,5,0,25,26.9,21.7,1.0,1.9,87.9,991.8,339.0,I,14.0,Hockenheim,McLaren
42,SAI,43,0,5,5,0,24,26.6,21.6,1.0,1.9,88.4,991.9,351.0,I,15.0,Hockenheim,McLaren
43,SAI,44,0,5,5,0,22,27.0,21.7,1.0,1.0,87.6,992.0,0.0,I,16.0,Hockenheim,McLaren
44,SAI,45,0,5,5,0,22,26.7,21.8,1.0,2.6,87.3,991.9,356.0,I,17.0,Hockenheim,McLaren
45,SAI,46,0,6,5,0,22,26.7,21.7,1.0,1.6,87.1,992.0,317.0,I,18.0,Hockenheim,McLaren
46,SAI,47,0,10,5,0,23,26.7,21.8,1.0,1.4,87.0,992.0,340.0,S,3.0,Hockenheim,McLaren
47,SAI,48,0,5,5,0,23,26.6,21.6,1.0,2.6,86.1,992.1,358.0,S,4.0,Hockenheim,McLaren
48,SAI,49,0,5,5,0,24,26.2,21.6,1.0,2.1,86.7,992.1,0.0,S,5.0,Hockenheim,McLaren
49,SAI,50,0,5,5,0,24,26.4,21.6,1.0,1.2,86.4,992.1,353.0,S,6.0,Hockenheim,McLaren
50,SAI,51,0,5,5,0,24,26.6,21.7,1.0,0.7,86.5,992.2,357.0,S,7.0,Hockenheim,McLaren
51,SAI,52,0,5,5,0,25,26.8,21.9,1.0,1.4,86.3,992.2,337.0,S,8.0,Hockenheim,McLaren
52,SAI,53,0,5,5,0,25,26.3,21.7,1.0,0.7,86.8,992.1,337.0,S,9.0,Hockenheim,McLaren
53,SAI,54,0,5,5,0,26,26.5,21.8,1.0,2.1,86.3,992.1,338.0,S,10.0,Hockenheim,McLaren
54,SAI,55,0,5,5,0,26,26.5,21.7,1.0,1.7,86.1,992.1,352.0,S,11.0,Hockenheim,McLaren
55,SAI,56,0,5,5,0,27,26.5,21.7,1.0,1.8,86.7,992.1,350.0,S,12.0,Hockenheim,McLaren
56,SAI,57,0,4,5,0,27,26.6,21.8,1.0,0.9,87.5,992.1,25.0,S,13.0,Hockenheim,McLaren
57,SAI,58,0,4,5,0,27,26.9,21.9,1.0,1.6,86.7,992.2,3.0,S,14.0,Hockenheim,McLaren
58,SAI,59,0,4,5,0,25,26.9,21.8,1.0,2.0,86.7,992.2,346.0,S,15.0,Hockenheim,McLaren
59,SAI,60,0,5,5,0,25,26.9,21.8,1.0,2.2,86.3,992.2,351.0,S,16.0,Hockenheim,McLaren
60,SAI,61,0,5,5,0,25,26.6,21.8,0.0,1.2,86.3,992.2,341.0,S,17.0,Hockenheim,McLaren
61,SAI,62,0,5,5,0,26,26.6,21.8,0.0,1.2,87.0,992.2,7.0,S,18.0,Hockenheim,McLaren
62,SAI,63,0,5,5,0,26,26.9,22.0,0.0,1.4,87.8,992.3,277.0,S,19.0,Hockenheim,McLaren
63,SAI,64,0,5,5,0,26,26.8,21.9,0.0,0.7,86.5,992.3,347.0,S,20.0,Hockenheim,McLaren
0,PER,1,0,11,20,1,53,26.2,21.4,1.0,1.1,87.1,991.6,176.0,W,0.0,Hockenheim,Racing Point
0,HUL,1,0,5,16,0,48,26.2,21.1,1.0,0.4,88.1,991.3,168.0,W,0.0,Hockenheim,Renault
1,HUL,2,0,5,16,0,67,26.1,21.0,1.0,0.4,87.6,991.3,209.0,W,1.0,Hockenheim,Renault
2,HUL,3,0,5,16,0,64,26.1,21.1,1.0,0.4,88.7,991.3,119.0,W,2.0,Hockenheim,Renault
3,HUL,4,0,7,16,0,64,26.4,21.3,1.0,1.4,88.5,991.4,137.0,I,0.0,Hockenheim,Renault
4,HUL,5,0,6,16,0,63,26.6,21.6,1.0,0.7,86.9,991.5,323.0,I,1.0,Hockenheim,Renault
5,HUL,6,0,5,16,0,65,26.0,21.3,1.0,0.7,86.8,991.5,194.0,I,2.0,Hockenheim,Renault
6,HUL,7,0,5,16,0,65,26.2,21.4,1.0,1.1,87.1,991.6,176.0,I,3.0,Hockenheim,Renault
7,HUL,8,0,5,16,0,67,26.1,21.5,1.0,0.6,87.3,991.6,9.0,I,4.0,Hockenheim,Renault
8,HUL,9,0,5,16,0,67,26.2,21.4,1.0,0.9,86.9,991.7,188.0,I,5.0,Hockenheim,Renault
9,HUL,10,0,5,16,0,67,26.2,21.3,1.0,0.7,86.6,991.6,183.0,I,6.0,Hockenheim,Renault
10,HUL,11,0,5,16,0,67,25.9,21.3,1.0,1.0,87.5,991.7,299.0,I,7.0,Hockenheim,Renault
11,HUL,12,0,5,16,0,68,26.1,21.4,1.0,0.7,87.0,991.6,72.0,I,8.0,Hockenheim,Renault
12,HUL,13,0,5,16,0,68,26.4,21.7,1.0,0.9,87.5,991.7,0.0,I,9.0,Hockenheim,Renault
13,HUL,14,0,5,16,0,69,26.7,21.9,1.0,1.1,87.6,991.8,339.0,I,10.0,Hockenheim,Renault
14,HUL,15,0,5,16,0,68,26.7,21.8,1.0,0.8,88.1,991.7,268.0,I,11.0,Hockenheim,Renault
15,HUL,16,0,6,16,0,67,26.7,21.9,1.0,1.1,88.3,991.7,319.0,I,0.0,Hockenheim,Renault
16,HUL,17,0,6,16,0,67,27.1,21.9,1.0,0.5,89.0,991.8,79.0,I,1.0,Hockenheim,Renault
17,HUL,18,0,5,16,0,52,27.3,22.1,1.0,0.5,88.4,991.8,336.0,I,2.0,Hockenheim,Renault
18,HUL,19,0,5,16,0,75,26.8,21.7,1.0,1.2,87.7,991.8,350.0,I,3.0,Hockenheim,Renault
19,HUL,20,0,5,16,0,78,26.5,21.4,1.0,1.0,87.8,991.8,313.0,I,4.0,Hockenheim,Renault
20,HUL,21,0,5,16,0,76,27.3,21.8,1.0,0.6,89.2,991.9,309.0,I,5.0,Hockenheim,Renault
21,HUL,22,0,5,16,0,75,26.9,21.7,1.0,0.9,89.0,991.8,195.0,I,6.0,Hockenheim,Renault
22,HUL,23,0,5,16,0,72,27.2,21.6,1.0,1.7,86.8,991.9,312.0,I,7.0,Hockenheim,Renault
23,HUL,24,0,5,16,0,71,26.6,21.8,1.0,1.1,87.9,991.9,340.0,I,8.0,Hockenheim,Renault
24,HUL,25,0,5,16,0,70,27.0,21.7,1.0,1.0,87.6,992.0,0.0,I,9.0,Hockenheim,Renault
25,HUL,26,0,5,16,0,70,26.7,21.8,1.0,2.6,87.3,991.9,356.0,I,10.0,Hockenheim,Renault
26,HUL,27,0,5,16,0,70,26.7,21.8,1.0,1.4,87.0,992.0,340.0,I,11.0,Hockenheim,Renault
27,HUL,28,0,4,16,0,68,26.6,21.6,1.0,2.6,86.1,992.1,358.0,I,12.0,Hockenheim,Renault
28,HUL,29,0,4,16,0,67,26.3,21.6,1.0,1.6,86.8,992.1,314.0,I,13.0,Hockenheim,Renault
29,HUL,30,0,3,16,0,64,26.6,21.8,1.0,1.0,86.9,992.0,321.0,I,0.0,Hockenheim,Renault
30,HUL,31,0,2,16,0,60,26.3,21.7,1.0,0.7,86.8,992.1,337.0,I,1.0,Hockenheim,Renault
31,HUL,32,0,2,16,0,57,26.8,21.8,1.0,2.9,86.1,992.1,301.0,I,2.0,Hockenheim,Renault
32,HUL,33,0,2,16,0,53,26.5,21.8,1.0,2.1,86.3,992.1,338.0,I,3.0,Hockenheim,Renault
33,HUL,34,0,2,16,0,51,26.6,21.8,1.0,0.9,87.5,992.1,25.0,I,4.0,Hockenheim,Renault
34,HUL,35,0,2,16,0,52,26.9,21.9,1.0,1.6,86.7,992.2,3.0,I,5.0,Hockenheim,Renault
35,HUL,36,0,2,16,0,52,26.9,21.8,1.0,2.0,86.7,992.2,346.0,I,6.0,Hockenheim,Renault
36,HUL,37,0,3,16,0,53,26.9,21.8,1.0,2.2,86.3,992.2,351.0,I,7.0,Hockenheim,Renault
37,HUL,38,0,4,16,0,54,26.6,21.8,0.0,1.2,86.3,992.2,341.0,I,8.0,Hockenheim,Renault
38,HUL,39,0,4,16,1,55,26.8,21.9,0.0,0.7,86.5,992.3,347.0,I,9.0,Hockenheim,Renault
0,LEC,1,0,6,17,0,43,26.2,21.1,1.0,1.1,88.2,991.4,201.0,W,0.0,Hockenheim,Ferrari
1,LEC,2,0,6,17,0,62,26.4,21.3,1.0,1.4,88.5,991.4,137.0,W,1.0,Hockenheim,Ferrari
2,LEC,3,0,6,17,0,59,26.1,21.5,1.0,0.7,88.4,991.5,185.0,W,2.0,Hockenheim,Ferrari
3,LEC,4,0,6,17,0,61,26.3,21.6,1.0,0.4,88.3,991.5,0.0,I,0.0,Hockenheim,Ferrari
4,LEC,5,0,5,17,0,60,26.4,21.6,1.0,0.4,87.5,991.5,2.0,I,1.0,Hockenheim,Ferrari
5,LEC,6,0,4,17,0,60,26.4,21.6,1.0,0.8,88.0,991.4,67.0,I,2.0,Hockenheim,Ferrari
6,LEC,7,0,4,17,0,59,26.2,21.6,1.0,1.3,88.0,991.6,358.0,I,3.0,Hockenheim,Ferrari
7,LEC,8,0,4,17,0,59,26.3,21.4,1.0,1.2,86.9,991.5,246.0,I,4.0,Hockenheim,Ferrari
8,LEC,9,0,4,17,0,62,26.2,21.4,1.0,0.9,86.9,991.7,188.0,I,5.0,Hockenheim,Ferrari
9,LEC,10,0,4,17,0,63,26.1,21.4,1.0,0.7,87.0,991.6,72.0,I,6.0,Hockenheim,Ferrari
10,LEC,11,0,4,17,0,64,26.5,21.9,1.0,0.9,87.4,991.7,337.0,I,7.0,Hockenheim,Ferrari
11,LEC,12,0,4,17,0,64,26.5,21.6,1.0,0.6,87.6,991.8,34.0,I,8.0,Hockenheim,Ferrari
12,LEC,13,0,4,17,0,65,26.7,21.9,1.0,1.1,88.3,991.7,319.0,I,9.0,Hockenheim,Ferrari
13,LEC,14,0,4,17,0,66,26.4,21.7,1.0,0.6,88.5,991.9,244.0,I,10.0,Hockenheim,Ferrari
14,LEC,15,0,4,17,0,63,26.5,21.4,1.0,0.8,88.4,991.9,241.0,I,11.0,Hockenheim,Ferrari
15,LEC,16,0,4,17,0,61,26.6,21.5,1.0,1.3,87.9,991.9,351.0,I,0.0,Hockenheim,Ferrari
16,LEC,17,0,4,17,0,61,26.9,21.5,1.0,1.5,87.9,991.9,314.0,I,1.0,Hockenheim,Ferrari
17,LEC,18,0,4,17,0,38,26.9,21.7,1.0,1.9,87.9,991.8,339.0,I,2.0,Hockenheim,Ferrari
18,LEC,19,0,4,17,0,70,26.5,21.6,1.0,1.9,87.2,991.9,336.0,I,3.0,Hockenheim,Ferrari
19,LEC,20,0,4,17,0,79,26.9,21.7,1.0,1.0,87.3,991.9,353.0,I,4.0,Hockenheim,Ferrari
20,LEC,21,0,4,17,0,76,27.0,21.7,1.0,1.0,87.6,992.0,0.0,I,5.0,Hockenheim,Ferrari
21,LEC,22,0,4,17,0,76,26.7,21.8,1.0,2.6,87.3,991.9,356.0,I,6.0,Hockenheim,Ferrari
22,LEC,23,0,4,17,0,75,26.7,21.7,1.0,1.6,87.1,992.0,317.0,I,7.0,Hockenheim,Ferrari
23,LEC,24,0,4,17,0,76,26.7,21.8,1.0,1.4,87.0,992.0,340.0,I,8.0,Hockenheim,Ferrari
24,LEC,25,0,4,17,0,76,26.6,21.7,1.0,2.0,85.9,992.1,249.0,I,9.0,Hockenheim,Ferrari
25,LEC,26,0,3,17,0,75,26.5,21.7,1.0,1.8,86.7,992.1,350.0,I,10.0,Hockenheim,Ferrari
26,LEC,27,0,2,17,1,75,26.6,21.8,1.0,0.9,87.5,992.1,25.0,I,11.0,Hockenheim,Ferrari
0,GIO,1,0,12,8,0,38,26.2,21.1,1.0,1.1,88.2,991.4,201.0,W,0.0,Hockenheim,Alfa Romeo Racing
1,GIO,2,0,11,8,0,37,26.1,21.0,1.0,0.4,87.6,991.3,209.0,W,1.0,Hockenheim,Alfa Romeo Racing
2,GIO,3,0,12,8,0,37,26.1,21.1,1.0,0.4,88.7,991.3,119.0,W,2.0,Hockenheim,Alfa Romeo Racing
3,GIO,4,0,16,8,0,43,26.4,21.2,1.0,1.0,88.0,991.4,164.0,I,0.0,Hockenheim,Alfa Romeo Racing
4,GIO,5,0,16,8,0,38,26.4,21.3,1.0,1.4,88.5,991.4,137.0,I,1.0,Hockenheim,Alfa Romeo Racing
5,GIO,6,0,12,8,0,38,26.1,21.2,1.0,1.0,88.3,991.4,117.0,I,2.0,Hockenheim,Alfa Romeo Racing
6,GIO,7,0,11,8,0,38,26.2,21.4,1.0,1.3,88.2,991.4,126.0,I,3.0,Hockenheim,Alfa Romeo Racing
7,GIO,8,0,10,8,0,37,26.2,21.4,1.0,1.0,87.1,991.4,185.0,I,4.0,Hockenheim,Alfa Romeo Racing
8,GIO,9,0,10,8,0,38,26.2,21.7,1.0,0.6,87.0,991.4,3.0,I,5.0,Hockenheim,Alfa Romeo Racing
9,GIO,10,0,10,8,0,38,26.3,21.6,1.0,0.4,88.3,991.5,0.0,I,6.0,Hockenheim,Alfa Romeo Racing
10,GIO,11,0,10,8,0,39,26.4,21.6,1.0,0.8,88.0,991.4,67.0,I,7.0,Hockenheim,Alfa Romeo Racing
11,GIO,12,0,10,8,0,40,26.2,21.6,1.0,1.3,88.0,991.6,358.0,I,8.0,Hockenheim,Alfa Romeo Racing
12,GIO,13,0,10,8,0,41,26.1,21.4,1.0,0.6,87.5,991.6,65.0,I,9.0,Hockenheim,Alfa Romeo Racing
13,GIO,14,0,10,8,0,43,25.9,21.6,1.0,1.1,87.5,991.6,0.0,I,10.0,Hockenheim,Alfa Romeo Racing
14,GIO,15,0,10,8,0,42,26.1,21.5,1.0,0.6,87.3,991.6,9.0,I,11.0,Hockenheim,Alfa Romeo Racing
15,GIO,16,0,10,8,0,42,26.2,21.4,1.0,0.9,86.9,991.7,188.0,I,12.0,Hockenheim,Alfa Romeo Racing
16,GIO,17,0,10,8,0,42,26.2,21.3,1.0,0.7,86.6,991.6,183.0,I,13.0,Hockenheim,Alfa Romeo Racing
17,GIO,18,0,9,8,0,34,25.9,21.3,1.0,0.9,87.3,991.6,27.0,I,14.0,Hockenheim,Alfa Romeo Racing
18,GIO,19,0,9,8,0,56,26.3,21.4,1.0,0.5,87.4,991.7,175.0,I,15.0,Hockenheim,Alfa Romeo Racing
19,GIO,20,0,9,8,0,49,26.4,21.7,1.0,0.9,87.5,991.7,0.0,I,16.0,Hockenheim,Alfa Romeo Racing
20,GIO,21,0,9,8,0,42,26.5,21.9,1.0,0.6,88.3,991.7,285.0,I,17.0,Hockenheim,Alfa Romeo Racing
21,GIO,22,0,9,8,0,40,26.5,21.9,1.0,0.9,87.4,991.7,337.0,I,18.0,Hockenheim,Alfa Romeo Racing
22,GIO,23,0,9,8,0,41,26.5,22.0,1.0,0.7,88.7,991.7,6.0,I,19.0,Hockenheim,Alfa Romeo Racing
23,GIO,24,0,8,8,0,42,26.7,21.8,1.0,0.8,88.1,991.7,268.0,I,20.0,Hockenheim,Alfa Romeo Racing
24,GIO,25,0,8,8,0,41,26.7,21.9,1.0,1.1,88.3,991.7,319.0,I,21.0,Hockenheim,Alfa Romeo Racing
25,GIO,26,0,8,8,0,40,26.6,21.8,1.0,1.2,87.1,991.7,279.0,I,22.0,Hockenheim,Alfa Romeo Racing
26,GIO,27,0,10,8,0,35,26.4,21.6,1.0,0.7,88.0,991.8,11.0,M,0.0,Hockenheim,Alfa Romeo Racing
27,GIO,28,0,10,8,0,32,26.4,21.6,1.0,0.9,88.0,991.8,25.0,M,1.0,Hockenheim,Alfa Romeo Racing
28,GIO,29,0,10,8,0,32,27.3,22.1,1.0,0.6,89.6,991.8,249.0,I,0.0,Hockenheim,Alfa Romeo Racing
29,GIO,30,0,10,8,0,31,27.1,22.0,1.0,1.0,87.1,991.9,339.0,I,1.0,Hockenheim,Alfa Romeo Racing
30,GIO,31,0,10,8,0,34,26.8,21.7,1.0,1.2,87.7,991.8,350.0,I,2.0,Hockenheim,Alfa Romeo Racing
31,GIO,32,0,10,8,0,34,26.5,21.4,1.0,1.0,87.8,991.8,313.0,I,3.0,Hockenheim,Alfa Romeo Racing
32,GIO,33,0,10,8,0,30,26.6,21.5,1.0,1.3,87.9,991.9,351.0,I,4.0,Hockenheim,Alfa Romeo Racing
33,GIO,34,0,10,8,0,29,26.8,21.5,1.0,1.1,88.4,991.8,178.0,I,5.0,Hockenheim,Alfa Romeo Racing
34,GIO,35,0,10,8,0,29,27.3,21.8,1.0,0.6,89.2,991.9,309.0,I,6.0,Hockenheim,Alfa Romeo Racing
35,GIO,36,0,10,8,0,29,27.3,21.8,1.0,0.9,88.3,991.9,261.0,I,7.0,Hockenheim,Alfa Romeo Racing
36,GIO,37,0,10,8,0,30,26.9,21.7,1.0,0.9,89.0,991.8,195.0,I,8.0,Hockenheim,Alfa Romeo Racing
37,GIO,38,0,10,8,0,31,27.1,21.7,1.0,1.0,88.2,991.9,334.0,I,9.0,Hockenheim,Alfa Romeo Racing
38,GIO,39,0,10,8,0,32,26.9,21.5,1.0,1.5,87.9,991.9,314.0,I,10.0,Hockenheim,Alfa Romeo Racing
39,GIO,40,0,9,8,0,32,26.6,21.6,1.0,1.9,88.4,991.9,351.0,I,11.0,Hockenheim,Alfa Romeo Racing
40,GIO,41,0,9,8,0,32,26.6,21.8,1.0,1.1,87.9,991.9,340.0,I,12.0,Hockenheim,Alfa Romeo Racing
41,GIO,42,0,8,8,0,31,27.0,21.7,1.0,1.0,87.6,992.0,0.0,I,13.0,Hockenheim,Alfa Romeo Racing
42,GIO,43,0,8,8,0,30,27.0,21.8,1.0,0.7,87.7,991.9,353.0,I,14.0,Hockenheim,Alfa Romeo Racing
43,GIO,44,0,8,8,0,29,26.7,21.8,1.0,2.6,87.3,991.9,356.0,I,15.0,Hockenheim,Alfa Romeo Racing
44,GIO,45,0,8,8,0,29,26.7,21.7,1.0,1.6,87.1,992.0,317.0,I,16.0,Hockenheim,Alfa Romeo Racing
45,GIO,46,0,7,8,0,29,26.6,21.6,1.0,2.6,86.1,992.1,358.0,I,17.0,Hockenheim,Alfa Romeo Racing
46,GIO,47,0,6,8,0,30,26.3,21.6,1.0,1.6,86.8,992.1,314.0,I,18.0,Hockenheim,Alfa Romeo Racing
47,GIO,48,0,13,8,0,29,26.6,21.6,1.0,0.4,86.6,992.1,0.0,S,0.0,Hockenheim,Alfa Romeo Racing
48,GIO,49,0,13,8,0,30,26.6,21.7,1.0,1.7,86.1,992.1,264.0,S,1.0,Hockenheim,Alfa Romeo Racing
49,GIO,50,0,13,8,0,30,26.6,21.7,1.0,0.7,86.5,992.2,357.0,S,2.0,Hockenheim,Alfa Romeo Racing
50,GIO,51,0,13,8,0,31,26.8,21.9,1.0,1.4,86.3,992.2,337.0,S,3.0,Hockenheim,Alfa Romeo Racing
51,GIO,52,0,13,8,0,32,26.6,21.8,1.0,0.7,87.5,992.1,353.0,S,4.0,Hockenheim,Alfa Romeo Racing
52,GIO,53,0,12,8,0,33,26.8,21.8,1.0,2.9,86.1,992.1,301.0,S,5.0,Hockenheim,Alfa Romeo Racing
53,GIO,54,0,12,8,0,34,26.5,21.8,1.0,2.1,86.3,992.1,338.0,S,6.0,Hockenheim,Alfa Romeo Racing
54,GIO,55,0,12,8,0,35,26.5,21.7,1.0,1.7,86.1,992.1,352.0,S,7.0,Hockenheim,Alfa Romeo Racing
55,GIO,56,0,11,8,0,36,26.5,21.7,1.0,1.8,86.7,992.1,350.0,S,8.0,Hockenheim,Alfa Romeo Racing
56,GIO,57,0,10,8,0,36,26.6,21.8,1.0,0.9,87.5,992.1,25.0,S,9.0,Hockenheim,Alfa Romeo Racing
57,GIO,58,0,10,8,0,35,26.9,21.9,1.0,1.6,86.7,992.2,3.0,S,10.0,Hockenheim,Alfa Romeo Racing
58,GIO,59,0,10,8,0,34,26.9,21.8,1.0,2.0,86.7,992.2,346.0,S,11.0,Hockenheim,Alfa Romeo Racing
59,GIO,60,0,10,8,0,35,26.9,21.8,0.0,1.7,86.6,992.2,350.0,S,12.0,Hockenheim,Alfa Romeo Racing
60,GIO,61,0,10,8,0,35,26.9,21.8,1.0,2.2,86.3,992.2,351.0,S,13.0,Hockenheim,Alfa Romeo Racing
61,GIO,62,0,8,8,0,36,26.6,21.8,0.0,1.2,87.0,992.2,7.0,S,14.0,Hockenheim,Alfa Romeo Racing
62,GIO,63,0,8,8,0,36,26.9,22.0,0.0,1.4,87.8,992.3,277.0,S,15.0,Hockenheim,Alfa Romeo Racing
63,GIO,64,0,8,8,0,37,26.8,21.9,0.0,0.7,86.5,992.3,347.0,S,16.0,Hockenheim,Alfa Romeo Racing
0,MAG,1,0,10,10,0,44,26.2,21.1,1.0,0.4,88.1,991.3,168.0,W,0.0,Hockenheim,Haas F1 Team
1,MAG,2,0,10,10,0,31,26.1,21.0,1.0,0.4,87.6,991.3,209.0,W,1.0,Hockenheim,Haas F1 Team
2,MAG,3,0,8,10,0,30,26.4,21.3,1.0,1.4,88.5,991.4,137.0,W,2.0,Hockenheim,Haas F1 Team
3,MAG,4,0,2,10,0,29,26.4,21.3,1.0,1.4,88.5,991.4,137.0,W,3.0,Hockenheim,Haas F1 Team
4,MAG,5,0,4,10,0,29,26.1,21.2,1.0,1.0,88.3,991.4,117.0,W,4.0,Hockenheim,Haas F1 Team
5,MAG,6,0,6,10,0,31,26.4,21.5,1.0,2.2,88.5,991.3,158.0,W,5.0,Hockenheim,Haas F1 Team
6,MAG,7,0,6,10,0,33,26.6,21.6,1.0,0.7,86.9,991.5,323.0,W,6.0,Hockenheim,Haas F1 Team
7,MAG,8,0,12,10,0,34,26.2,21.7,1.0,0.6,88.3,991.4,266.0,W,7.0,Hockenheim,Haas F1 Team
8,MAG,9,0,16,10,0,33,26.1,21.5,1.0,0.9,88.1,991.5,112.0,I,0.0,Hockenheim,Haas F1 Team
9,MAG,10,0,16,10,0,34,26.3,21.6,1.0,0.4,88.3,991.5,0.0,I,1.0,Hockenheim,Haas F1 Team
10,MAG,11,0,16,10,0,35,26.4,21.6,1.0,0.4,87.5,991.5,2.0,I,2.0,Hockenheim,Haas F1 Team
11,MAG,12,0,16,10,0,36,26.4,21.6,1.0,0.8,88.0,991.4,67.0,I,3.0,Hockenheim,Haas F1 Team
12,MAG,13,0,16,10,0,37,26.0,21.3,1.0,0.7,86.8,991.5,194.0,I,4.0,Hockenheim,Haas F1 Team
13,MAG,14,0,15,10,0,38,26.0,21.4,1.0,1.3,87.7,991.6,89.0,I,5.0,Hockenheim,Haas F1 Team
14,MAG,15,0,15,10,0,36,26.2,21.4,1.0,0.4,87.8,991.5,170.0,I,6.0,Hockenheim,Haas F1 Team
15,MAG,16,0,15,10,0,37,26.2,21.4,1.0,1.1,87.1,991.6,176.0,I,7.0,Hockenheim,Haas F1 Team
16,MAG,17,0,15,10,0,37,26.2,21.6,1.0,1.3,88.0,991.6,358.0,I,8.0,Hockenheim,Haas F1 Team
17,MAG,18,0,15,10,0,55,25.9,21.3,1.0,0.9,87.3,991.6,27.0,I,9.0,Hockenheim,Haas F1 Team
18,MAG,19,0,15,10,0,60,26.1,21.4,1.0,0.7,87.0,991.6,72.0,I,10.0,Hockenheim,Haas F1 Team
19,MAG,20,0,16,10,0,48,26.3,21.4,1.0,0.5,87.4,991.7,175.0,I,11.0,Hockenheim,Haas F1 Team
20,MAG,21,0,16,10,0,44,26.5,21.7,1.0,1.2,87.4,991.6,45.0,I,12.0,Hockenheim,Haas F1 Team
21,MAG,22,0,16,10,0,36,26.5,21.6,1.0,0.6,87.6,991.8,34.0,S,0.0,Hockenheim,Haas F1 Team
22,MAG,23,0,16,10,0,33,26.5,22.0,1.0,0.7,88.7,991.7,6.0,S,1.0,Hockenheim,Haas F1 Team
23,MAG,24,0,16,10,0,33,26.7,21.9,1.0,1.1,87.6,991.8,339.0,S,2.0,Hockenheim,Haas F1 Team
24,MAG,25,0,16,10,0,33,26.6,21.7,1.0,0.5,87.2,991.8,9.0,S,3.0,Hockenheim,Haas F1 Team
25,MAG,26,0,14,10,0,34,26.7,21.9,1.0,1.1,88.3,991.7,319.0,S,4.0,Hockenheim,Haas F1 Team
26,MAG,27,0,14,10,0,36,26.4,21.6,1.0,0.9,88.0,991.8,25.0,S,5.0,Hockenheim,Haas F1 Team
27,MAG,28,0,12,10,0,38,26.6,21.8,1.0,0.5,89.5,991.8,3.0,S,6.0,Hockenheim,Haas F1 Team
28,MAG,29,0,11,10,0,36,27.1,21.9,1.0,0.5,89.0,991.8,79.0,S,7.0,Hockenheim,Haas F1 Team
29,MAG,30,0,12,10,0,37,27.1,22.0,1.0,1.0,87.1,991.9,339.0,I,0.0,Hockenheim,Haas F1 Team
30,MAG,31,0,12,10,0,39,26.5,21.4,1.0,1.0,87.8,991.8,313.0,I,1.0,Hockenheim,Haas F1 Team
31,MAG,32,0,12,10,0,40,26.6,21.5,1.0,1.3,87.9,991.9,351.0,I,2.0,Hockenheim,Haas F1 Team
32,MAG,33,0,12,10,0,35,27.3,21.8,1.0,0.6,89.2,991.9,309.0,I,3.0,Hockenheim,Haas F1 Team
33,MAG,34,0,13,10,0,32,27.0,21.6,1.0,2.2,88.4,991.8,171.0,I,4.0,Hockenheim,Haas F1 Team
34,MAG,35,0,13,10,0,31,27.1,21.8,1.0,0.5,88.5,991.9,5.0,I,5.0,Hockenheim,Haas F1 Team
35,MAG,36,0,13,10,0,31,27.1,21.7,1.0,1.0,88.2,991.9,334.0,I,6.0,Hockenheim,Haas F1 Team
36,MAG,37,0,13,10,0,31,26.9,21.5,1.0,1.5,87.9,991.9,314.0,I,7.0,Hockenheim,Haas F1 Team
37,MAG,38,0,13,10,0,31,26.9,21.7,1.0,1.9,87.9,991.8,339.0,I,8.0,Hockenheim,Haas F1 Team
38,MAG,39,0,13,10,0,30,26.7,21.5,1.0,1.9,87.3,991.9,358.0,I,9.0,Hockenheim,Haas F1 Team
39,MAG,40,0,12,10,0,30,26.6,21.6,1.0,1.9,88.4,991.9,351.0,I,10.0,Hockenheim,Haas F1 Team
40,MAG,41,0,12,10,0,30,26.6,21.8,1.0,1.1,87.9,991.9,340.0,I,11.0,Hockenheim,Haas F1 Team
41,MAG,42,0,11,10,0,29,26.9,21.7,1.0,1.0,87.3,991.9,353.0,I,12.0,Hockenheim,Haas F1 Team
42,MAG,43,0,12,10,0,29,27.0,21.7,1.0,1.0,87.6,992.0,0.0,I,0.0,Hockenheim,Haas F1 Team
43,MAG,44,0,12,10,0,30,26.7,21.8,1.0,2.6,87.3,991.9,356.0,I,1.0,Hockenheim,Haas F1 Team
44,MAG,45,0,14,10,0,30,26.7,21.7,1.0,1.6,87.1,992.0,317.0,I,2.0,Hockenheim,Haas F1 Team
45,MAG,46,0,15,10,0,29,26.7,21.8,1.0,1.4,87.0,992.0,340.0,S,3.0,Hockenheim,Haas F1 Team
46,MAG,47,0,11,10,0,30,26.6,21.6,1.0,2.6,86.1,992.1,358.0,S,4.0,Hockenheim,Haas F1 Team
47,MAG,48,0,6,10,0,30,26.3,21.6,1.0,1.6,86.8,992.1,314.0,S,5.0,Hockenheim,Haas F1 Team
48,MAG,49,0,6,10,0,30,26.2,21.6,1.0,2.1,86.7,992.1,0.0,S,6.0,Hockenheim,Haas F1 Team
49,MAG,50,0,7,10,0,30,26.4,21.6,1.0,1.2,86.4,992.1,353.0,S,7.0,Hockenheim,Haas F1 Team
50,MAG,51,0,8,10,0,30,26.6,21.7,1.0,0.7,86.5,992.2,357.0,S,8.0,Hockenheim,Haas F1 Team
51,MAG,52,0,9,10,0,29,26.8,21.9,1.0,1.4,86.3,992.2,337.0,S,9.0,Hockenheim,Haas F1 Team
52,MAG,53,0,9,10,0,29,26.3,21.7,1.0,0.7,86.8,992.1,337.0,S,10.0,Hockenheim,Haas F1 Team
53,MAG,54,0,11,10,0,29,26.6,21.8,1.0,0.7,87.5,992.1,353.0,S,11.0,Hockenheim,Haas F1 Team
54,MAG,55,0,11,10,0,29,26.5,21.7,1.0,1.7,86.1,992.1,352.0,S,12.0,Hockenheim,Haas F1 Team
55,MAG,56,0,12,10,0,29,26.6,21.8,1.0,0.9,87.5,992.1,25.0,S,13.0,Hockenheim,Haas F1 Team
56,MAG,57,0,11,10,0,28,26.9,21.9,1.0,1.6,86.7,992.2,3.0,S,14.0,Hockenheim,Haas F1 Team
57,MAG,58,0,11,10,0,28,26.9,21.8,1.0,2.0,86.7,992.2,346.0,S,3.0,Hockenheim,Haas F1 Team
58,MAG,59,0,11,10,0,29,27.0,21.8,1.0,1.4,86.9,992.2,271.0,S,4.0,Hockenheim,Haas F1 Team
59,MAG,60,0,11,10,0,29,26.9,21.8,1.0,2.2,86.3,992.2,351.0,S,5.0,Hockenheim,Haas F1 Team
60,MAG,61,0,11,10,0,29,26.6,21.8,0.0,1.2,86.3,992.2,341.0,S,6.0,Hockenheim,Haas F1 Team
61,MAG,62,0,10,10,0,29,26.6,21.8,0.0,1.2,87.0,992.2,7.0,S,7.0,Hockenheim,Haas F1 Team
62,MAG,63,0,10,10,0,29,26.9,22.0,0.0,1.4,87.8,992.3,277.0,S,8.0,Hockenheim,Haas F1 Team
63,MAG,64,0,10,10,0,29,26.8,21.9,0.0,0.7,86.5,992.3,347.0,S,9.0,Hockenheim,Haas F1 Team
0,RIC,1,0,13,19,0,47,26.2,21.1,1.0,1.1,88.2,991.4,201.0,W,0.0,Hockenheim,Renault
1,RIC,2,0,13,19,0,50,26.4,21.3,1.0,1.4,88.5,991.4,137.0,W,1.0,Hockenheim,Renault
2,RIC,3,0,13,19,0,59,26.3,21.4,1.0,1.2,86.9,991.5,246.0,W,2.0,Hockenheim,Renault
3,RIC,4,0,17,19,0,68,25.9,21.6,1.0,1.1,87.5,991.6,0.0,I,0.0,Hockenheim,Renault
4,RIC,5,0,17,19,0,69,26.1,21.5,1.0,0.6,87.3,991.6,9.0,I,1.0,Hockenheim,Renault
5,RIC,6,0,16,19,0,68,26.2,21.4,1.0,0.9,86.9,991.7,188.0,I,2.0,Hockenheim,Renault
6,RIC,7,0,14,19,0,67,26.5,21.9,1.0,0.6,88.3,991.7,285.0,I,3.0,Hockenheim,Renault
7,RIC,8,0,13,19,0,66,26.5,21.9,1.0,0.9,87.4,991.7,337.0,I,4.0,Hockenheim,Renault
8,RIC,9,0,12,19,0,65,26.7,21.9,1.0,1.1,88.3,991.7,319.0,I,5.0,Hockenheim,Renault
9,RIC,10,0,12,19,0,64,27.1,21.9,1.0,0.5,89.0,991.8,79.0,I,6.0,Hockenheim,Renault
10,RIC,11,0,12,19,0,65,26.3,21.6,1.0,1.6,86.8,992.1,314.0,I,7.0,Hockenheim,Renault
11,RIC,12,0,12,19,0,65,27.0,21.8,1.0,1.4,86.9,992.2,271.0,I,8.0,Hockenheim,Renault
12,RIC,13,0,12,19,1,66,26.6,21.8,0.0,1.2,86.3,992.2,341.0,I,9.0,Hockenheim,Renault
0,KVY,1,0,17,3,0,51,26.1,21.0,1.0,0.4,87.6,991.3,209.0,W,0.0,Hockenheim,Toro Rosso
1,KVY,2,0,16,3,0,39,26.1,21.1,1.0,0.4,88.7,991.3,119.0,W,1.0,Hockenheim,Toro Rosso
2,KVY,3,0,16,3,0,44,26.4,21.2,1.0,1.0,88.0,991.4,164.0,W,2.0,Hockenheim,Toro Rosso
3,KVY,4,0,19,3,0,47,26.4,21.3,1.0,1.4,88.5,991.4,137.0,I,0.0,Hockenheim,Toro Rosso
4,KVY,5,0,19,3,0,50,26.2,21.4,1.0,1.3,88.2,991.4,126.0,I,1.0,Hockenheim,Toro Rosso
5,KVY,6,0,18,3,0,49,26.4,21.5,1.0,2.2,88.5,991.3,158.0,I,2.0,Hockenheim,Toro Rosso
6,KVY,7,0,15,3,0,48,26.6,21.6,1.0,0.7,86.9,991.5,323.0,I,3.0,Hockenheim,Toro Rosso
7,KVY,8,0,14,3,0,49,26.2,21.4,1.0,1.0,87.1,991.4,185.0,I,4.0,Hockenheim,Toro Rosso
8,KVY,9,0,13,3,0,50,26.1,21.5,1.0,0.7,88.4,991.5,185.0,I,5.0,Hockenheim,Toro Rosso
9,KVY,10,0,13,3,0,51,26.1,21.5,1.0,0.9,88.1,991.5,112.0,I,6.0,Hockenheim,Toro Rosso
10,KVY,11,0,13,3,0,50,26.0,21.3,1.0,0.7,86.8,991.5,194.0,I,7.0,Hockenheim,Toro Rosso
11,KVY,12,0,13,3,0,50,26.2,21.4,1.0,1.1,87.1,991.6,176.0,I,8.0,Hockenheim,Toro Rosso
12,KVY,13,0,13,3,0,50,25.9,21.6,1.0,1.1,87.5,991.6,0.0,I,9.0,Hockenheim,Toro Rosso
13,KVY,14,0,13,3,0,51,26.1,21.5,1.0,0.6,87.3,991.6,9.0,I,10.0,Hockenheim,Toro Rosso
14,KVY,15,0,13,3,0,46,26.2,21.3,1.0,0.7,86.6,991.6,183.0,I,11.0,Hockenheim,Toro Rosso
15,KVY,16,0,13,3,0,46,25.9,21.3,1.0,0.9,87.3,991.6,27.0,I,12.0,Hockenheim,Toro Rosso
16,KVY,17,0,13,3,0,47,26.1,21.4,1.0,0.7,87.0,991.6,72.0,I,13.0,Hockenheim,Toro Rosso
17,KVY,18,0,12,3,0,53,26.3,21.4,1.0,0.5,87.4,991.7,175.0,I,14.0,Hockenheim,Toro Rosso
18,KVY,19,0,12,3,0,64,26.5,21.7,1.0,1.0,88.1,991.6,205.0,I,15.0,Hockenheim,Toro Rosso
19,KVY,20,0,12,3,0,55,26.5,21.7,1.0,1.2,87.4,991.6,45.0,I,16.0,Hockenheim,Toro Rosso
20,KVY,21,0,12,3,0,55,26.5,21.9,1.0,0.9,87.4,991.7,337.0,I,17.0,Hockenheim,Toro Rosso
21,KVY,22,0,12,3,0,55,26.5,21.6,1.0,0.6,87.6,991.8,34.0,I,18.0,Hockenheim,Toro Rosso
22,KVY,23,0,12,3,0,54,26.5,22.0,1.0,0.7,88.7,991.7,6.0,I,19.0,Hockenheim,Toro Rosso
23,KVY,24,0,12,3,0,53,26.7,21.9,1.0,1.1,87.6,991.8,339.0,I,20.0,Hockenheim,Toro Rosso
24,KVY,25,0,13,3,0,51,26.6,21.7,1.0,0.5,87.2,991.8,9.0,I,21.0,Hockenheim,Toro Rosso
25,KVY,26,0,13,3,0,51,26.7,21.8,1.0,0.8,88.1,991.7,268.0,S,3.0,Hockenheim,Toro Rosso
26,KVY,27,0,12,3,0,51,26.7,21.9,1.0,1.1,88.3,991.7,319.0,S,4.0,Hockenheim,Toro Rosso
27,KVY,28,0,11,3,0,53,26.6,21.8,1.0,1.2,87.1,991.7,279.0,S,5.0,Hockenheim,Toro Rosso
28,KVY,29,0,12,3,0,54,26.4,21.6,1.0,0.7,88.0,991.8,345.0,I,0.0,Hockenheim,Toro Rosso
29,KVY,30,0,11,3,0,53,26.4,21.6,1.0,0.7,88.0,991.8,11.0,I,1.0,Hockenheim,Toro Rosso
30,KVY,31,0,11,3,0,55,26.4,21.6,1.0,0.9,88.0,991.8,25.0,I,2.0,Hockenheim,Toro Rosso
31,KVY,32,0,11,3,0,55,26.6,21.8,1.0,0.5,89.5,991.8,3.0,I,3.0,Hockenheim,Toro Rosso
32,KVY,33,0,11,3,0,51,27.3,22.1,1.0,0.6,89.6,991.8,249.0,I,4.0,Hockenheim,Toro Rosso
33,KVY,34,0,11,3,0,49,27.1,22.0,1.0,1.0,87.1,991.9,339.0,I,5.0,Hockenheim,Toro Rosso
34,KVY,35,0,11,3,0,49,26.5,21.4,1.0,1.0,87.8,991.8,313.0,I,6.0,Hockenheim,Toro Rosso
35,KVY,36,0,11,3,0,50,26.5,21.4,1.0,0.8,88.4,991.9,241.0,I,7.0,Hockenheim,Toro Rosso
36,KVY,37,0,11,3,0,50,27.3,21.8,1.0,0.6,89.2,991.9,309.0,I,8.0,Hockenheim,Toro Rosso
37,KVY,38,0,11,3,0,51,26.9,21.7,1.0,0.9,89.0,991.8,195.0,I,9.0,Hockenheim,Toro Rosso
38,KVY,39,0,11,3,0,52,27.1,21.7,1.0,1.0,88.2,991.9,334.0,I,10.0,Hockenheim,Toro Rosso
39,KVY,40,0,10,3,0,52,26.9,21.5,1.0,1.5,87.9,991.9,314.0,I,11.0,Hockenheim,Toro Rosso
40,KVY,41,0,10,3,0,52,26.9,21.7,1.0,1.9,87.9,991.8,339.0,I,12.0,Hockenheim,Toro Rosso
41,KVY,42,0,9,3,0,51,26.6,21.8,1.0,1.1,87.9,991.9,340.0,I,13.0,Hockenheim,Toro Rosso
42,KVY,43,0,9,3,0,51,26.9,21.7,1.0,1.0,87.3,991.9,353.0,I,14.0,Hockenheim,Toro Rosso
43,KVY,44,0,9,3,0,50,27.0,21.7,1.0,1.0,87.6,992.0,0.0,I,15.0,Hockenheim,Toro Rosso
44,KVY,45,0,12,3,0,50,27.0,21.8,1.0,0.7,87.7,991.9,353.0,I,16.0,Hockenheim,Toro Rosso
45,KVY,46,0,13,3,0,49,26.7,21.8,1.0,1.4,87.0,992.0,340.0,S,0.0,Hockenheim,Toro Rosso
46,KVY,47,0,7,3,0,51,26.6,21.6,1.0,2.6,86.1,992.1,358.0,S,1.0,Hockenheim,Toro Rosso
47,KVY,48,0,3,3,0,52,26.2,21.6,1.0,2.1,86.7,992.1,0.0,S,2.0,Hockenheim,Toro Rosso
48,KVY,49,0,3,3,0,53,26.6,21.6,1.0,0.4,86.6,992.1,0.0,S,3.0,Hockenheim,Toro Rosso
49,KVY,50,0,3,3,0,53,26.6,21.8,1.0,1.0,86.9,992.0,321.0,S,4.0,Hockenheim,Toro Rosso
50,KVY,51,0,2,3,0,54,26.6,21.7,1.0,1.7,86.1,992.1,264.0,S,5.0,Hockenheim,Toro Rosso
51,KVY,52,0,2,3,0,55,26.6,21.7,1.0,0.7,86.5,992.2,357.0,S,6.0,Hockenheim,Toro Rosso
52,KVY,53,0,2,3,0,56,26.8,21.9,1.0,1.4,86.3,992.2,337.0,S,7.0,Hockenheim,Toro Rosso
53,KVY,54,0,2,3,0,57,26.6,21.7,1.0,2.0,85.9,992.1,249.0,S,8.0,Hockenheim,Toro Rosso
54,KVY,55,0,2,3,0,59,26.3,21.7,1.0,0.7,86.8,992.1,337.0,S,9.0,Hockenheim,Toro Rosso
55,KVY,56,0,2,3,0,60,26.6,21.8,1.0,0.7,87.5,992.1,353.0,S,10.0,Hockenheim,Toro Rosso
56,KVY,57,0,2,3,0,61,26.8,21.8,1.0,2.9,86.1,992.1,301.0,S,11.0,Hockenheim,Toro Rosso
57,KVY,58,0,2,3,0,61,26.6,21.8,1.0,0.9,87.5,992.1,25.0,S,12.0,Hockenheim,Toro Rosso
58,KVY,59,0,2,3,0,61,26.9,21.9,1.0,1.7,86.5,992.1,10.0,S,13.0,Hockenheim,Toro Rosso
59,KVY,60,0,2,3,0,61,26.9,21.8,1.0,2.0,86.7,992.2,346.0,S,14.0,Hockenheim,Toro Rosso
60,KVY,61,0,2,3,0,63,26.9,21.8,0.0,1.7,86.6,992.2,350.0,S,15.0,Hockenheim,Toro Rosso
61,KVY,62,0,2,3,0,64,27.0,21.8,1.0,1.4,86.9,992.2,271.0,S,16.0,Hockenheim,Toro Rosso
62,KVY,63,0,3,3,0,64,26.6,21.8,0.0,1.2,86.3,992.2,341.0,S,17.0,Hockenheim,Toro Rosso
63,KVY,64,0,3,3,0,65,26.8,21.9,0.0,0.7,86.5,992.3,347.0,S,18.0,Hockenheim,Toro Rosso
0,STR,1,0,15,4,0,47,26.2,21.1,1.0,0.4,88.1,991.3,168.0,W,0.0,Hockenheim,Racing Point
1,STR,2,0,14,4,0,37,26.2,21.1,1.0,1.1,88.2,991.4,201.0,W,1.0,Hockenheim,Racing Point
2,STR,3,0,11,4,0,32,26.1,21.0,1.0,0.4,87.6,991.3,209.0,W,2.0,Hockenheim,Racing Point
3,STR,4,0,5,4,0,30,26.4,21.3,1.0,1.4,88.5,991.4,137.0,W,3.0,Hockenheim,Racing Point
4,STR,5,0,7,4,0,30,26.4,21.3,1.0,1.4,88.5,991.4,137.0,W,4.0,Hockenheim,Racing Point
5,STR,6,0,9,4,0,31,26.4,21.5,1.0,2.2,88.5,991.3,158.0,W,5.0,Hockenheim,Racing Point
6,STR,7,0,13,4,0,32,26.2,21.4,1.0,1.0,87.1,991.4,185.0,W,6.0,Hockenheim,Racing Point
7,STR,8,0,17,4,0,32,26.2,21.7,1.0,0.6,88.3,991.4,266.0,I,0.0,Hockenheim,Racing Point
8,STR,9,0,17,4,0,33,26.1,21.5,1.0,0.9,88.1,991.5,112.0,I,1.0,Hockenheim,Racing Point
9,STR,10,0,17,4,0,33,26.3,21.6,1.0,0.4,88.3,991.5,0.0,I,2.0,Hockenheim,Racing Point
10,STR,11,0,17,4,0,34,26.4,21.6,1.0,0.8,88.0,991.4,67.0,I,3.0,Hockenheim,Racing Point
11,STR,12,0,17,4,0,36,26.0,21.3,1.0,0.7,86.8,991.5,194.0,I,4.0,Hockenheim,Racing Point
12,STR,13,0,17,4,0,37,26.2,21.4,1.0,1.1,87.1,991.6,176.0,I,5.0,Hockenheim,Racing Point
13,STR,14,0,16,4,0,37,26.2,21.6,1.0,1.3,88.0,991.6,358.0,I,6.0,Hockenheim,Racing Point
14,STR,15,0,16,4,0,37,26.1,21.4,1.0,0.6,87.5,991.6,65.0,I,7.0,Hockenheim,Racing Point
15,STR,16,0,16,4,0,37,25.9,21.6,1.0,1.1,87.5,991.6,0.0,I,8.0,Hockenheim,Racing Point
16,STR,17,0,16,4,0,37,26.2,21.4,1.0,0.9,86.9,991.7,188.0,I,9.0,Hockenheim,Racing Point
17,STR,18,0,16,4,0,59,26.2,21.3,1.0,0.7,86.6,991.6,183.0,I,10.0,Hockenheim,Racing Point
18,STR,19,0,16,4,0,66,26.5,21.7,1.0,1.0,88.1,991.6,205.0,I,11.0,Hockenheim,Racing Point
19,STR,20,0,15,4,0,54,26.5,21.9,1.0,0.6,88.3,991.7,285.0,I,12.0,Hockenheim,Racing Point
20,STR,21,0,15,4,0,54,26.5,21.9,1.0,0.9,87.4,991.7,337.0,I,13.0,Hockenheim,Racing Point
21,STR,22,0,15,4,0,54,26.5,21.6,1.0,0.6,87.6,991.8,34.0,I,14.0,Hockenheim,Racing Point
22,STR,23,0,15,4,0,54,26.5,22.0,1.0,0.7,88.7,991.7,6.0,I,15.0,Hockenheim,Racing Point
23,STR,24,0,15,4,0,53,26.7,21.9,1.0,1.1,87.6,991.8,339.0,I,16.0,Hockenheim,Racing Point
24,STR,25,0,15,4,0,52,26.7,21.8,1.0,0.8,88.1,991.7,268.0,I,17.0,Hockenheim,Racing Point
25,STR,26,0,15,4,0,47,26.4,21.6,1.0,0.7,88.0,991.8,11.0,M,0.0,Hockenheim,Racing Point
26,STR,27,0,15,4,0,42,27.1,21.9,1.0,0.5,89.0,991.8,79.0,M,1.0,Hockenheim,Racing Point
27,STR,28,0,16,4,0,38,27.3,22.1,1.0,0.6,89.6,991.8,249.0,M,2.0,Hockenheim,Racing Point
28,STR,29,0,16,4,0,36,27.1,22.0,1.0,1.0,87.1,991.9,339.0,I,0.0,Hockenheim,Racing Point
29,STR,30,0,16,4,0,38,26.8,21.5,1.0,1.1,88.4,991.8,178.0,I,1.0,Hockenheim,Racing Point
30,STR,31,0,16,4,0,34,27.3,21.8,1.0,0.6,89.2,991.9,309.0,I,2.0,Hockenheim,Racing Point
31,STR,32,0,15,4,0,33,27.3,21.8,1.0,0.9,88.3,991.9,261.0,I,3.0,Hockenheim,Racing Point
32,STR,33,0,15,4,0,34,27.0,21.6,1.0,2.2,88.4,991.8,171.0,I,4.0,Hockenheim,Racing Point
33,STR,34,0,15,4,0,34,26.9,21.7,1.0,0.9,89.0,991.8,195.0,I,5.0,Hockenheim,Racing Point
34,STR,35,0,15,4,0,35,27.1,21.8,1.0,0.5,88.5,991.9,5.0,I,6.0,Hockenheim,Racing Point
35,STR,36,0,15,4,0,36,27.1,21.7,1.0,1.0,88.2,991.9,334.0,I,7.0,Hockenheim,Racing Point
36,STR,37,0,15,4,0,37,26.9,21.5,1.0,1.5,87.9,991.9,314.0,I,8.0,Hockenheim,Racing Point
37,STR,38,0,15,4,0,38,26.9,21.6,1.0,1.0,88.2,991.8,296.0,I,9.0,Hockenheim,Racing Point
38,STR,39,0,15,4,0,39,26.9,21.7,1.0,1.9,87.9,991.8,339.0,I,10.0,Hockenheim,Racing Point
39,STR,40,0,13,4,0,39,26.7,21.5,1.0,1.9,87.3,991.9,358.0,I,11.0,Hockenheim,Racing Point
40,STR,41,0,13,4,0,39,26.6,21.6,1.0,1.9,88.4,991.9,351.0,I,12.0,Hockenheim,Racing Point
41,STR,42,0,14,4,0,39,26.9,21.7,1.0,1.0,87.3,991.9,353.0,I,0.0,Hockenheim,Racing Point
42,STR,43,0,14,4,0,39,27.0,21.7,1.0,1.0,87.6,992.0,0.0,I,1.0,Hockenheim,Racing Point
43,STR,44,0,14,4,0,39,27.0,21.8,1.0,0.7,87.7,991.9,353.0,I,2.0,Hockenheim,Racing Point
44,STR,45,0,15,4,0,39,26.7,21.8,1.0,2.6,87.3,991.9,356.0,S,0.0,Hockenheim,Racing Point
45,STR,46,0,11,4,0,39,26.7,21.7,1.0,1.6,87.1,992.0,317.0,S,1.0,Hockenheim,Racing Point
46,STR,47,0,4,4,0,40,26.7,21.8,1.0,1.4,87.0,992.0,340.0,S,2.0,Hockenheim,Racing Point
47,STR,48,0,2,4,0,41,26.6,21.6,1.0,2.6,86.1,992.1,358.0,S,3.0,Hockenheim,Racing Point
48,STR,49,0,2,4,0,42,26.2,21.6,1.0,2.1,86.7,992.1,0.0,S,4.0,Hockenheim,Racing Point
49,STR,50,0,2,4,0,42,26.4,21.6,1.0,1.2,86.4,992.1,353.0,S,5.0,Hockenheim,Racing Point
50,STR,51,0,3,4,0,43,26.6,21.8,1.0,1.0,86.9,992.0,321.0,S,6.0,Hockenheim,Racing Point
51,STR,52,0,3,4,0,43,26.6,21.7,1.0,1.7,86.1,992.1,264.0,S,7.0,Hockenheim,Racing Point
52,STR,53,0,3,4,0,44,26.6,21.7,1.0,0.7,86.5,992.2,357.0,S,8.0,Hockenheim,Racing Point
53,STR,54,0,3,4,0,45,26.8,21.9,1.0,1.4,86.3,992.2,337.0,S,9.0,Hockenheim,Racing Point
54,STR,55,0,3,4,0,46,26.6,21.7,1.0,2.0,85.9,992.1,249.0,S,10.0,Hockenheim,Racing Point
55,STR,56,0,3,4,0,47,26.3,21.7,1.0,0.7,86.8,992.1,337.0,S,11.0,Hockenheim,Racing Point
56,STR,57,0,3,4,0,48,26.6,21.8,1.0,0.7,87.5,992.1,353.0,S,12.0,Hockenheim,Racing Point
57,STR,58,0,3,4,0,47,26.5,21.7,1.0,1.8,86.7,992.1,350.0,S,13.0,Hockenheim,Racing Point
58,STR,59,0,3,4,0,45,26.9,21.9,1.0,1.6,86.7,992.2,3.0,S,14.0,Hockenheim,Racing Point
59,STR,60,0,3,4,0,44,26.9,21.8,1.0,2.0,86.7,992.2,346.0,S,15.0,Hockenheim,Racing Point
60,STR,61,0,3,4,0,45,26.9,21.8,0.0,1.7,86.6,992.2,350.0,S,16.0,Hockenheim,Racing Point
61,STR,62,0,4,4,0,46,26.6,21.8,0.0,1.2,86.3,992.2,341.0,S,17.0,Hockenheim,Racing Point
62,STR,63,0,4,4,0,46,26.6,21.8,0.0,1.2,87.0,992.2,7.0,S,18.0,Hockenheim,Racing Point
63,STR,64,0,4,4,0,47,26.8,21.9,0.0,0.7,86.5,992.3,347.0,S,19.0,Hockenheim,Racing Point
0,ALB,1,0,16,6,0,49,26.2,21.1,1.0,0.4,88.1,991.3,168.0,W,0.0,Hockenheim,Toro Rosso
1,ALB,2,0,15,6,0,44,26.2,21.1,1.0,1.1,88.2,991.4,201.0,W,1.0,Hockenheim,Toro Rosso
2,ALB,3,0,19,6,0,45,26.1,21.1,1.0,0.4,88.7,991.3,119.0,I,0.0,Hockenheim,Toro Rosso
3,ALB,4,0,14,6,0,45,26.4,21.3,1.0,1.4,88.5,991.4,137.0,I,1.0,Hockenheim,Toro Rosso
4,ALB,5,0,13,6,0,48,26.4,21.3,1.0,1.4,88.5,991.4,137.0,I,2.0,Hockenheim,Toro Rosso
5,ALB,6,0,11,6,0,49,26.2,21.4,1.0,1.3,88.2,991.4,126.0,I,3.0,Hockenheim,Toro Rosso
6,ALB,7,0,10,6,0,50,26.4,21.5,1.0,2.2,88.5,991.3,158.0,I,4.0,Hockenheim,Toro Rosso
7,ALB,8,0,9,6,0,52,26.6,21.6,1.0,0.7,86.9,991.5,323.0,I,5.0,Hockenheim,Toro Rosso
8,ALB,9,0,9,6,0,53,26.2,21.4,1.0,1.0,87.1,991.4,185.0,I,6.0,Hockenheim,Toro Rosso
9,ALB,10,0,9,6,0,54,26.1,21.5,1.0,0.7,88.4,991.5,185.0,I,7.0,Hockenheim,Toro Rosso
10,ALB,11,0,9,6,0,55,26.3,21.6,1.0,0.4,88.3,991.5,0.0,I,8.0,Hockenheim,Toro Rosso
11,ALB,12,0,9,6,0,56,26.0,21.3,1.0,0.7,86.8,991.5,194.0,I,9.0,Hockenheim,Toro Rosso
12,ALB,13,0,9,6,0,56,26.0,21.4,1.0,1.3,87.7,991.6,89.0,I,10.0,Hockenheim,Toro Rosso
13,ALB,14,0,9,6,0,57,26.2,21.4,1.0,1.1,87.1,991.6,176.0,I,11.0,Hockenheim,Toro Rosso
14,ALB,15,0,9,6,0,51,26.2,21.6,1.0,1.3,88.0,991.6,358.0,I,12.0,Hockenheim,Toro Rosso
15,ALB,16,0,9,6,0,49,26.3,21.4,1.0,1.2,86.9,991.5,246.0,I,13.0,Hockenheim,Toro Rosso
16,ALB,17,0,9,6,0,49,26.1,21.5,1.0,0.6,87.3,991.6,9.0,I,14.0,Hockenheim,Toro Rosso
17,ALB,18,0,8,6,0,49,26.2,21.4,1.0,0.9,86.9,991.7,188.0,I,15.0,Hockenheim,Toro Rosso
18,ALB,19,0,8,6,0,62,26.2,21.3,1.0,0.7,86.6,991.6,183.0,I,16.0,Hockenheim,Toro Rosso
19,ALB,20,0,8,6,0,55,26.1,21.4,1.0,0.7,87.0,991.6,72.0,I,17.0,Hockenheim,Toro Rosso
20,ALB,21,0,8,6,0,53,26.3,21.4,1.0,0.5,87.4,991.7,175.0,I,18.0,Hockenheim,Toro Rosso
21,ALB,22,0,8,6,0,54,26.5,21.7,1.0,1.0,88.1,991.6,205.0,I,19.0,Hockenheim,Toro Rosso
22,ALB,23,0,7,6,0,53,26.5,21.7,1.0,1.2,87.4,991.6,45.0,I,20.0,Hockenheim,Toro Rosso
23,ALB,24,0,7,6,0,54,26.5,21.9,1.0,0.6,88.3,991.7,285.0,I,21.0,Hockenheim,Toro Rosso
24,ALB,25,0,7,6,0,54,26.5,22.0,1.0,0.7,88.7,991.7,6.0,I,22.0,Hockenheim,Toro Rosso
25,ALB,26,0,7,6,0,55,26.7,21.9,1.0,1.1,87.6,991.8,339.0,I,23.0,Hockenheim,Toro Rosso
26,ALB,27,0,6,6,0,55,26.6,21.7,1.0,0.5,87.2,991.8,9.0,I,24.0,Hockenheim,Toro Rosso
27,ALB,28,0,5,6,0,58,26.6,21.8,1.0,1.2,87.1,991.7,279.0,S,0.0,Hockenheim,Toro Rosso
28,ALB,29,0,5,6,0,59,26.4,21.7,1.0,0.6,88.5,991.9,244.0,I,0.0,Hockenheim,Toro Rosso
29,ALB,30,0,4,6,0,58,26.4,21.6,1.0,0.7,88.0,991.8,11.0,I,1.0,Hockenheim,Toro Rosso
30,ALB,31,0,4,6,0,57,26.4,21.6,1.0,0.9,88.0,991.8,25.0,I,2.0,Hockenheim,Toro Rosso
31,ALB,32,0,4,6,0,53,27.3,22.1,1.0,0.6,89.6,991.8,249.0,I,3.0,Hockenheim,Toro Rosso
32,ALB,33,0,4,6,0,47,27.3,22.1,1.0,0.5,88.4,991.8,336.0,I,4.0,Hockenheim,Toro Rosso
33,ALB,34,0,4,6,0,45,27.1,22.0,1.0,1.0,87.1,991.9,339.0,I,5.0,Hockenheim,Toro Rosso
34,ALB,35,0,4,6,0,46,26.8,21.7,1.0,1.2,87.7,991.8,350.0,I,6.0,Hockenheim,Toro Rosso
35,ALB,36,0,5,6,0,47,26.6,21.6,1.0,1.5,87.3,991.9,297.0,I,7.0,Hockenheim,Toro Rosso
36,ALB,37,0,5,6,0,47,26.8,21.5,1.0,1.1,88.4,991.8,178.0,I,8.0,Hockenheim,Toro Rosso
37,ALB,38,0,5,6,0,48,27.3,21.8,1.0,0.6,89.2,991.9,309.0,I,9.0,Hockenheim,Toro Rosso
38,ALB,39,0,5,6,0,49,27.3,21.8,1.0,0.9,88.3,991.9,261.0,I,10.0,Hockenheim,Toro Rosso
39,ALB,40,0,4,6,0,49,27.1,21.8,1.0,0.5,88.5,991.9,5.0,I,11.0,Hockenheim,Toro Rosso
40,ALB,41,0,4,6,0,50,27.1,21.7,1.0,1.0,88.2,991.9,334.0,I,12.0,Hockenheim,Toro Rosso
41,ALB,42,0,4,6,0,49,27.2,21.6,1.0,1.7,86.8,991.9,312.0,I,13.0,Hockenheim,Toro Rosso
42,ALB,43,0,4,6,0,47,26.9,21.6,1.0,1.0,88.2,991.8,296.0,I,14.0,Hockenheim,Toro Rosso
43,ALB,44,0,4,6,0,46,26.9,21.7,1.0,1.9,87.9,991.8,339.0,I,15.0,Hockenheim,Toro Rosso
44,ALB,45,0,4,6,0,45,26.7,21.5,1.0,1.9,87.3,991.9,358.0,I,16.0,Hockenheim,Toro Rosso
45,ALB,46,0,9,6,0,45,26.6,21.8,1.0,1.1,87.9,991.9,340.0,I,17.0,Hockenheim,Toro Rosso
46,ALB,47,0,13,6,0,45,26.9,21.7,1.0,1.0,87.3,991.9,353.0,S,0.0,Hockenheim,Toro Rosso
47,ALB,48,0,7,6,0,46,26.7,21.8,1.0,1.4,87.0,992.0,340.0,S,1.0,Hockenheim,Toro Rosso
48,ALB,49,0,7,6,0,47,26.6,21.6,1.0,2.6,86.1,992.1,358.0,S,2.0,Hockenheim,Toro Rosso
49,ALB,50,0,6,6,0,48,26.3,21.6,1.0,1.6,86.8,992.1,314.0,S,3.0,Hockenheim,Toro Rosso
50,ALB,51,0,6,6,0,48,26.2,21.6,1.0,2.1,86.7,992.1,0.0,S,4.0,Hockenheim,Toro Rosso
51,ALB,52,0,6,6,0,49,26.4,21.6,1.0,1.2,86.4,992.1,353.0,S,5.0,Hockenheim,Toro Rosso
52,ALB,53,0,6,6,0,50,26.6,21.8,1.0,1.0,86.9,992.0,321.0,S,6.0,Hockenheim,Toro Rosso
53,ALB,54,0,7,6,0,51,26.6,21.7,1.0,1.7,86.1,992.1,264.0,S,7.0,Hockenheim,Toro Rosso
54,ALB,55,0,7,6,0,52,26.6,21.7,1.0,2.0,85.9,992.1,249.0,S,8.0,Hockenheim,Toro Rosso
55,ALB,56,0,7,6,0,52,26.3,21.7,1.0,0.7,86.8,992.1,337.0,S,9.0,Hockenheim,Toro Rosso
56,ALB,57,0,6,6,0,53,26.5,21.7,1.0,1.8,86.7,992.1,350.0,S,10.0,Hockenheim,Toro Rosso
57,ALB,58,0,6,6,0,53,26.9,21.9,1.0,1.6,86.7,992.2,3.0,S,11.0,Hockenheim,Toro Rosso
58,ALB,59,0,6,6,0,53,26.9,21.9,1.0,1.7,86.5,992.1,10.0,S,12.0,Hockenheim,Toro Rosso
59,ALB,60,0,6,6,0,53,26.9,21.8,0.0,1.7,86.6,992.2,350.0,S,13.0,Hockenheim,Toro Rosso
60,ALB,61,0,6,6,0,54,26.9,21.8,1.0,2.2,86.3,992.2,351.0,S,14.0,Hockenheim,Toro Rosso
61,ALB,62,0,6,6,0,55,26.6,21.8,0.0,1.2,87.0,992.2,7.0,S,15.0,Hockenheim,Toro Rosso
62,ALB,63,0,6,6,0,55,26.9,22.0,0.0,1.4,87.8,992.3,277.0,S,16.0,Hockenheim,Toro Rosso
63,ALB,64,0,6,6,0,56,26.8,21.9,0.0,0.7,86.5,992.3,347.0,S,17.0,Hockenheim,Toro Rosso
0,RUS,1,0,18,13,0,32,26.2,21.1,1.0,0.4,88.1,991.3,168.0,W,0.0,Hockenheim,Williams
1,RUS,2,0,18,13,0,22,26.1,21.0,1.0,0.4,87.6,991.3,209.0,W,1.0,Hockenheim,Williams
2,RUS,3,0,15,13,0,28,26.4,21.3,1.0,1.4,88.5,991.4,137.0,W,2.0,Hockenheim,Williams
3,RUS,4,0,9,13,0,32,26.4,21.3,1.0,1.4,88.5,991.4,137.0,W,3.0,Hockenheim,Williams
4,RUS,5,0,12,13,0,33,26.4,21.5,1.0,2.2,88.5,991.3,158.0,W,4.0,Hockenheim,Williams
5,RUS,6,0,14,13,0,37,26.6,21.6,1.0,0.7,86.9,991.5,323.0,W,5.0,Hockenheim,Williams
6,RUS,7,0,17,13,0,39,26.1,21.5,1.0,0.7,88.4,991.5,185.0,W,6.0,Hockenheim,Williams
7,RUS,8,0,18,13,0,40,26.2,21.7,1.0,0.6,88.3,991.4,266.0,I,0.0,Hockenheim,Williams
8,RUS,9,0,18,13,0,39,26.2,21.7,1.0,0.6,87.0,991.4,3.0,I,1.0,Hockenheim,Williams
9,RUS,10,0,18,13,0,40,26.1,21.5,1.0,0.9,88.1,991.5,112.0,I,2.0,Hockenheim,Williams
10,RUS,11,0,18,13,0,41,26.3,21.6,1.0,0.4,88.3,991.5,0.0,I,3.0,Hockenheim,Williams
11,RUS,12,0,18,13,0,43,26.4,21.6,1.0,0.4,87.5,991.5,2.0,I,4.0,Hockenheim,Williams
12,RUS,13,0,18,13,0,44,26.4,21.6,1.0,0.8,88.0,991.4,67.0,I,5.0,Hockenheim,Williams
13,RUS,14,0,17,13,0,44,26.0,21.4,1.0,1.3,87.7,991.6,89.0,I,6.0,Hockenheim,Williams
14,RUS,15,0,17,13,0,42,26.2,21.4,1.0,1.1,87.1,991.6,176.0,I,7.0,Hockenheim,Williams
15,RUS,16,0,17,13,0,43,26.2,21.6,1.0,1.3,88.0,991.6,358.0,I,8.0,Hockenheim,Williams
16,RUS,17,0,17,13,0,,26.3,21.4,1.0,1.2,86.9,991.5,246.0,I,9.0,Hockenheim,Williams
17,RUS,18,0,17,13,0,54,25.9,21.6,1.0,1.1,87.5,991.6,0.0,I,10.0,Hockenheim,Williams
18,RUS,19,0,17,13,0,48,26.1,21.5,1.0,0.6,87.3,991.6,9.0,I,11.0,Hockenheim,Williams
19,RUS,20,0,17,13,0,33,26.2,21.3,1.0,0.7,86.6,991.6,183.0,I,12.0,Hockenheim,Williams
20,RUS,21,0,17,13,0,33,25.9,21.3,1.0,1.0,87.5,991.7,299.0,I,13.0,Hockenheim,Williams
21,RUS,22,0,17,13,0,34,26.1,21.4,1.0,0.7,87.0,991.6,72.0,I,14.0,Hockenheim,Williams
22,RUS,23,0,17,13,0,34,26.3,21.4,1.0,0.5,87.4,991.7,175.0,I,15.0,Hockenheim,Williams
23,RUS,24,0,17,13,0,33,26.5,21.7,1.0,1.0,88.1,991.6,205.0,I,16.0,Hockenheim,Williams
24,RUS,25,0,17,13,0,31,26.7,21.9,1.0,1.1,87.6,991.8,339.0,I,0.0,Hockenheim,Williams
25,RUS,26,0,16,13,0,31,26.6,21.7,1.0,0.5,87.2,991.8,9.0,I,1.0,Hockenheim,Williams
26,RUS,27,0,16,13,0,35,26.6,21.8,1.0,1.2,87.1,991.7,279.0,I,2.0,Hockenheim,Williams
27,RUS,28,0,14,13,0,37,26.4,21.7,1.0,0.6,88.5,991.9,244.0,I,3.0,Hockenheim,Williams
28,RUS,29,0,14,13,0,37,26.4,21.6,1.0,0.7,88.0,991.8,11.0,I,4.0,Hockenheim,Williams
29,RUS,30,0,14,13,0,37,27.1,21.9,1.0,0.5,89.0,991.8,79.0,I,5.0,Hockenheim,Williams
30,RUS,31,0,14,13,0,34,27.3,22.1,1.0,0.5,88.4,991.8,336.0,I,6.0,Hockenheim,Williams
31,RUS,32,0,14,13,0,35,26.5,21.4,1.0,1.0,87.8,991.8,313.0,I,7.0,Hockenheim,Williams
32,RUS,33,0,14,13,0,35,26.5,21.4,1.0,0.8,88.4,991.9,241.0,I,8.0,Hockenheim,Williams
33,RUS,34,0,14,13,0,36,26.6,21.5,1.0,1.3,87.9,991.9,351.0,I,9.0,Hockenheim,Williams
34,RUS,35,0,14,13,0,37,26.8,21.5,1.0,1.1,88.4,991.8,178.0,I,10.0,Hockenheim,Williams
35,RUS,36,0,14,13,0,38,27.0,21.6,1.0,2.2,88.4,991.8,171.0,I,11.0,Hockenheim,Williams
36,RUS,37,0,14,13,0,39,26.9,21.7,1.0,0.9,89.0,991.8,195.0,I,12.0,Hockenheim,Williams
37,RUS,38,0,14,13,0,39,27.1,21.8,1.0,0.5,88.5,991.9,5.0,I,13.0,Hockenheim,Williams
38,RUS,39,0,14,13,0,40,27.1,21.7,1.0,1.0,88.2,991.9,334.0,I,14.0,Hockenheim,Williams
39,RUS,40,0,14,13,0,40,27.2,21.6,1.0,1.7,86.8,991.9,312.0,I,15.0,Hockenheim,Williams
40,RUS,41,0,14,13,0,39,26.9,21.5,1.0,1.5,87.9,991.9,314.0,I,16.0,Hockenheim,Williams
41,RUS,42,0,13,13,0,40,26.9,21.6,1.0,1.0,88.2,991.8,296.0,I,0.0,Hockenheim,Williams
42,RUS,43,0,13,13,0,41,26.5,21.6,1.0,1.9,87.2,991.9,336.0,I,1.0,Hockenheim,Williams
43,RUS,44,0,13,13,0,42,26.6,21.8,1.0,1.1,87.9,991.9,340.0,I,2.0,Hockenheim,Williams
44,RUS,45,0,11,13,0,41,27.0,21.7,1.0,1.0,87.6,992.0,0.0,I,3.0,Hockenheim,Williams
45,RUS,46,0,10,13,0,41,26.7,21.7,1.0,1.6,87.1,992.0,317.0,I,4.0,Hockenheim,Williams
46,RUS,47,0,9,13,0,41,26.6,21.6,1.0,2.6,86.1,992.1,358.0,I,5.0,Hockenheim,Williams
47,RUS,48,0,14,13,0,41,26.2,21.6,1.0,2.1,86.7,992.1,0.0,S,0.0,Hockenheim,Williams
48,RUS,49,0,14,13,0,41,26.4,21.6,1.0,1.2,86.4,992.1,353.0,S,1.0,Hockenheim,Williams
49,RUS,50,0,14,13,0,41,26.6,21.6,1.0,0.4,86.6,992.1,0.0,S,2.0,Hockenheim,Williams
50,RUS,51,0,15,13,0,42,26.6,21.7,1.0,0.7,86.5,992.2,357.0,S,3.0,Hockenheim,Williams
51,RUS,52,0,15,13,0,42,26.6,21.7,1.0,2.0,85.9,992.1,249.0,S,4.0,Hockenheim,Williams
52,RUS,53,0,15,13,0,42,26.3,21.7,1.0,0.7,86.8,992.1,337.0,S,5.0,Hockenheim,Williams
53,RUS,54,0,14,13,0,43,26.6,21.8,1.0,0.7,87.5,992.1,353.0,S,6.0,Hockenheim,Williams
54,RUS,55,0,14,13,0,43,26.8,21.8,1.0,2.9,86.1,992.1,301.0,S,7.0,Hockenheim,Williams
55,RUS,56,0,14,13,0,44,26.5,21.7,1.0,1.7,86.1,992.1,352.0,S,8.0,Hockenheim,Williams
56,RUS,57,0,13,13,0,44,26.5,21.7,1.0,1.8,86.7,992.1,350.0,S,9.0,Hockenheim,Williams
57,RUS,58,0,13,13,0,44,26.6,21.8,1.0,0.9,87.5,992.1,25.0,S,3.0,Hockenheim,Williams
58,RUS,59,0,13,13,0,46,26.9,21.9,1.0,1.6,86.7,992.2,3.0,S,4.0,Hockenheim,Williams
59,RUS,60,0,13,13,0,47,26.9,21.8,1.0,2.0,86.7,992.2,346.0,S,5.0,Hockenheim,Williams
60,RUS,61,0,14,13,0,48,26.9,21.8,0.0,1.7,86.6,992.2,350.0,S,6.0,Hockenheim,Williams
61,RUS,62,0,13,13,0,48,26.6,21.8,0.0,1.2,86.3,992.2,341.0,S,7.0,Hockenheim,Williams
62,RUS,63,0,13,13,0,48,26.6,21.8,0.0,1.2,87.0,992.2,7.0,S,8.0,Hockenheim,Williams
63,RUS,64,0,13,13,0,49,26.8,21.9,0.0,0.7,86.5,992.3,347.0,S,9.0,Hockenheim,Williams
0,KUB,1,0,20,12,0,33,26.2,21.1,1.0,0.4,88.1,991.3,168.0,W,0.0,Hockenheim,Williams
1,KUB,2,0,19,12,0,34,26.2,21.1,1.0,1.1,88.2,991.4,201.0,W,1.0,Hockenheim,Williams
2,KUB,3,0,17,12,0,31,26.4,21.2,1.0,1.0,88.0,991.4,164.0,W,2.0,Hockenheim,Williams
3,KUB,4,0,10,12,0,33,26.4,21.3,1.0,1.4,88.5,991.4,137.0,W,3.0,Hockenheim,Williams
4,KUB,5,0,14,12,0,31,26.4,21.3,1.0,1.4,88.5,991.4,137.0,W,4.0,Hockenheim,Williams
5,KUB,6,0,17,12,0,31,26.2,21.4,1.0,1.3,88.2,991.4,126.0,W,5.0,Hockenheim,Williams
6,KUB,7,0,19,12,0,30,26.4,21.5,1.0,2.2,88.5,991.3,158.0,W,6.0,Hockenheim,Williams
7,KUB,8,0,19,12,0,31,26.1,21.5,1.0,0.7,88.4,991.5,185.0,I,0.0,Hockenheim,Williams
8,KUB,9,0,19,12,0,34,26.2,21.7,1.0,0.6,88.3,991.4,266.0,I,1.0,Hockenheim,Williams
9,KUB,10,0,19,12,0,36,26.1,21.5,1.0,0.9,88.1,991.5,112.0,I,2.0,Hockenheim,Williams
10,KUB,11,0,19,12,0,38,26.0,21.4,1.0,1.3,87.7,991.6,89.0,I,3.0,Hockenheim,Williams
11,KUB,12,0,19,12,0,40,26.2,21.4,1.0,1.1,87.1,991.6,176.0,I,4.0,Hockenheim,Williams
12,KUB,13,0,19,12,0,41,26.3,21.4,1.0,1.2,86.9,991.5,246.0,I,5.0,Hockenheim,Williams
13,KUB,14,0,18,12,0,43,26.1,21.4,1.0,0.6,87.5,991.6,65.0,I,6.0,Hockenheim,Williams
14,KUB,15,0,18,12,0,43,25.9,21.6,1.0,1.1,87.5,991.6,0.0,I,7.0,Hockenheim,Williams
15,KUB,16,0,18,12,0,43,26.2,21.4,1.0,0.9,86.9,991.7,188.0,I,8.0,Hockenheim,Williams
16,KUB,17,0,18,12,0,42,26.2,21.3,1.0,0.7,86.6,991.6,183.0,I,9.0,Hockenheim,Williams
17,KUB,18,0,18,12,0,65,25.9,21.3,1.0,0.9,87.3,991.6,27.0,I,10.0,Hockenheim,Williams
18,KUB,19,0,18,12,0,62,25.9,21.3,1.0,1.0,87.5,991.7,299.0,I,11.0,Hockenheim,Williams
19,KUB,20,0,18,12,0,55,26.1,21.4,1.0,0.7,87.0,991.6,72.0,I,12.0,Hockenheim,Williams
20,KUB,21,0,18,12,0,52,26.5,21.7,1.0,1.2,87.4,991.6,45.0,I,13.0,Hockenheim,Williams
21,KUB,22,0,18,12,0,50,26.5,21.9,1.0,0.6,88.3,991.7,285.0,I,14.0,Hockenheim,Williams
22,KUB,23,0,18,12,0,47,26.5,21.9,1.0,0.9,87.4,991.7,337.0,I,15.0,Hockenheim,Williams
23,KUB,24,0,18,12,0,43,26.5,21.6,1.0,0.6,87.6,991.8,34.0,I,0.0,Hockenheim,Williams
24,KUB,25,0,18,12,0,39,26.5,22.0,1.0,0.7,88.7,991.7,6.0,I,1.0,Hockenheim,Williams
25,KUB,26,0,17,12,0,39,26.7,21.8,1.0,0.8,88.1,991.7,268.0,I,2.0,Hockenheim,Williams
26,KUB,27,0,17,12,0,41,26.7,21.9,1.0,1.1,88.3,991.7,319.0,I,3.0,Hockenheim,Williams
27,KUB,28,0,15,12,0,43,26.4,21.7,1.0,0.6,88.5,991.9,244.0,I,4.0,Hockenheim,Williams
28,KUB,29,0,15,12,0,43,26.4,21.6,1.0,0.7,88.0,991.8,11.0,I,5.0,Hockenheim,Williams
29,KUB,30,0,15,12,0,44,27.3,22.1,1.0,0.5,88.4,991.8,336.0,I,6.0,Hockenheim,Williams
30,KUB,31,0,15,12,0,42,27.1,22.0,1.0,1.0,87.1,991.9,339.0,I,7.0,Hockenheim,Williams
31,KUB,32,0,16,12,0,41,26.5,21.4,1.0,0.8,88.4,991.9,241.0,I,0.0,Hockenheim,Williams
32,KUB,33,0,16,12,0,42,26.6,21.5,1.0,1.3,87.9,991.9,351.0,I,1.0,Hockenheim,Williams
33,KUB,34,0,16,12,0,42,27.3,21.8,1.0,0.6,89.2,991.9,309.0,I,2.0,Hockenheim,Williams
34,KUB,35,0,16,12,0,43,27.3,21.8,1.0,0.9,88.3,991.9,261.0,I,3.0,Hockenheim,Williams
35,KUB,36,0,16,12,0,43,27.0,21.6,1.0,2.2,88.4,991.8,171.0,I,4.0,Hockenheim,Williams
36,KUB,37,0,16,12,0,43,27.1,21.8,1.0,0.5,88.5,991.9,5.0,I,5.0,Hockenheim,Williams
37,KUB,38,0,16,12,0,43,27.2,21.6,1.0,1.7,86.8,991.9,312.0,I,6.0,Hockenheim,Williams
38,KUB,39,0,16,12,0,43,26.9,21.5,1.0,1.5,87.9,991.9,314.0,I,7.0,Hockenheim,Williams
39,KUB,40,0,15,12,0,43,26.9,21.7,1.0,1.9,87.9,991.8,339.0,I,8.0,Hockenheim,Williams
40,KUB,41,0,15,12,0,43,26.6,21.8,1.0,1.1,87.9,991.9,340.0,I,9.0,Hockenheim,Williams
41,KUB,42,0,15,12,0,44,26.9,21.7,1.0,1.0,87.3,991.9,353.0,I,10.0,Hockenheim,Williams
42,KUB,43,0,15,12,0,44,26.7,21.8,1.0,2.6,87.3,991.9,356.0,I,11.0,Hockenheim,Williams
43,KUB,44,0,15,12,0,45,26.6,21.6,1.0,2.6,86.1,992.1,358.0,I,12.0,Hockenheim,Williams
44,KUB,45,0,13,12,0,47,26.2,21.6,1.0,2.1,86.7,992.1,0.0,I,13.0,Hockenheim,Williams
45,KUB,46,0,14,12,0,46,26.4,21.6,1.0,1.2,86.4,992.1,353.0,I,14.0,Hockenheim,Williams
46,KUB,47,0,15,12,0,46,26.6,21.6,1.0,0.4,86.6,992.1,0.0,S,0.0,Hockenheim,Williams
47,KUB,48,0,15,12,0,46,26.6,21.8,1.0,1.0,86.9,992.0,321.0,S,1.0,Hockenheim,Williams
48,KUB,49,0,15,12,0,47,26.6,21.7,1.0,0.7,86.5,992.2,357.0,S,2.0,Hockenheim,Williams
49,KUB,50,0,15,12,0,47,26.6,21.7,1.0,2.0,85.9,992.1,249.0,S,3.0,Hockenheim,Williams
50,KUB,51,0,14,12,0,47,26.3,21.7,1.0,0.7,86.8,992.1,337.0,S,4.0,Hockenheim,Williams
51,KUB,52,0,14,12,0,47,26.6,21.8,1.0,0.7,87.5,992.1,353.0,S,5.0,Hockenheim,Williams
52,KUB,53,0,13,12,0,48,26.8,21.8,1.0,2.9,86.1,992.1,301.0,S,6.0,Hockenheim,Williams
53,KUB,54,0,13,12,0,48,26.5,21.8,1.0,2.1,86.3,992.1,338.0,S,7.0,Hockenheim,Williams
54,KUB,55,0,13,12,0,48,26.5,21.7,1.0,1.7,86.1,992.1,352.0,S,8.0,Hockenheim,Williams
55,KUB,56,0,13,12,0,49,26.5,21.7,1.0,1.8,86.7,992.1,350.0,S,9.0,Hockenheim,Williams
56,KUB,57,0,12,12,0,49,26.6,21.8,1.0,0.9,87.5,992.1,25.0,S,10.0,Hockenheim,Williams
57,KUB,58,0,12,12,0,50,26.9,21.9,1.0,1.6,86.7,992.2,3.0,S,3.0,Hockenheim,Williams
58,KUB,59,0,12,12,0,51,26.9,21.9,1.0,1.7,86.5,992.1,10.0,S,4.0,Hockenheim,Williams
59,KUB,60,0,12,12,0,52,26.9,21.8,1.0,2.0,86.7,992.2,346.0,S,5.0,Hockenheim,Williams
60,KUB,61,0,12,12,0,52,27.0,21.8,1.0,1.4,86.9,992.2,271.0,S,6.0,Hockenheim,Williams
61,KUB,62,0,12,12,0,52,26.9,21.8,1.0,2.2,86.3,992.2,351.0,S,7.0,Hockenheim,Williams
62,KUB,63,0,12,12,0,52,26.6,21.8,0.0,1.2,86.3,992.2,341.0,S,8.0,Hockenheim,Williams
63,KUB,64,0,12,12,0,53,26.9,22.0,0.0,1.4,87.8,992.3,277.0,S,9.0,Hockenheim,Williams
0,NOR,1,0,19,18,0,32,26.1,21.1,1.0,0.4,88.7,991.3,119.0,W,0.0,Hockenheim,McLaren
1,NOR,2,0,17,18,0,26,26.4,21.2,1.0,1.0,88.0,991.4,164.0,W,1.0,Hockenheim,McLaren
2,NOR,3,0,14,18,0,31,26.2,21.4,1.0,1.3,88.2,991.4,126.0,W,2.0,Hockenheim,McLaren
3,NOR,4,0,8,18,0,34,26.4,21.5,1.0,2.2,88.5,991.3,158.0,W,3.0,Hockenheim,McLaren
4,NOR,5,0,9,18,0,34,26.1,21.5,1.0,0.7,88.4,991.5,185.0,W,4.0,Hockenheim,McLaren
5,NOR,6,0,13,18,0,36,26.2,21.7,1.0,0.6,88.3,991.4,266.0,W,5.0,Hockenheim,McLaren
6,NOR,7,0,18,18,0,37,26.4,21.6,1.0,0.8,88.0,991.4,67.0,I,0.0,Hockenheim,McLaren
7,NOR,8,0,16,18,0,37,26.1,21.5,1.0,0.6,87.3,991.6,9.0,I,1.0,Hockenheim,McLaren
8,NOR,9,0,15,18,0,39,26.2,21.3,1.0,0.7,86.6,991.6,183.0,I,2.0,Hockenheim,McLaren
9,NOR,10,0,15,18,0,41,26.5,21.7,1.0,1.0,88.1,991.6,205.0,I,3.0,Hockenheim,McLaren
10,NOR,11,0,15,18,0,42,26.7,21.9,1.0,1.1,87.6,991.8,339.0,I,4.0,Hockenheim,McLaren
11,NOR,12,0,15,18,0,44,26.6,21.7,1.0,0.5,87.2,991.8,9.0,I,5.0,Hockenheim,McLaren
12,NOR,13,0,15,18,0,45,27.3,22.1,1.0,0.6,89.6,991.8,249.0,I,6.0,Hockenheim,McLaren
13,NOR,14,0,14,18,0,45,27.3,22.1,1.0,0.5,88.4,991.8,336.0,I,7.0,Hockenheim,McLaren
14,NOR,15,0,14,18,0,42,26.6,21.6,1.0,1.5,87.3,991.9,297.0,I,8.0,Hockenheim,McLaren
15,NOR,16,0,14,18,0,42,26.5,21.4,1.0,0.8,88.4,991.9,241.0,I,9.0,Hockenheim,McLaren
16,NOR,17,0,14,18,0,43,27.3,21.8,1.0,0.9,88.3,991.9,261.0,I,10.0,Hockenheim,McLaren
17,NOR,18,0,13,18,0,50,27.0,21.6,1.0,2.2,88.4,991.8,171.0,I,11.0,Hockenheim,McLaren
18,NOR,19,0,13,18,0,62,26.5,21.6,1.0,1.9,87.2,991.9,336.0,I,12.0,Hockenheim,McLaren
19,NOR,20,0,13,18,0,55,26.7,21.8,1.0,2.6,87.3,991.9,356.0,I,13.0,Hockenheim,McLaren
20,NOR,21,0,13,18,0,53,26.2,21.6,1.0,2.1,86.7,992.1,0.0,I,14.0,Hockenheim,McLaren
21,NOR,22,0,13,18,0,51,26.5,21.7,1.0,1.7,86.1,992.1,352.0,I,15.0,Hockenheim,McLaren
22,NOR,23,0,13,18,0,49,26.9,21.8,1.0,2.2,86.3,992.2,351.0,I,16.0,Hockenheim,McLaren
23,NOR,24,0,13,18,0,49,26.6,21.8,0.0,1.2,86.3,992.2,341.0,I,17.0,Hockenheim,McLaren
24,NOR,25,0,14,18,1,47,26.8,21.9,0.0,0.7,86.5,992.3,347.0,I,18.0,Hockenheim,McLaren
0,VET,1,0,14,2,0,42,26.2,21.1,1.0,1.1,88.2,991.4,201.0,W,0.0,Hockenheim,Ferrari
1,VET,2,0,12,2,0,48,26.1,21.0,1.0,0.4,87.6,991.3,209.0,W,1.0,Hockenheim,Ferrari
2,VET,3,0,18,2,0,47,26.1,21.1,1.0,0.4,88.7,991.3,119.0,I,0.0,Hockenheim,Ferrari
3,VET,4,0,12,2,0,52,26.4,21.3,1.0,1.4,88.5,991.4,137.0,I,1.0,Hockenheim,Ferrari
4,VET,5,0,10,2,0,53,26.1,21.2,1.0,1.0,88.3,991.4,117.0,I,2.0,Hockenheim,Ferrari
5,VET,6,0,8,2,0,52,26.6,21.6,1.0,0.7,86.9,991.5,323.0,I,3.0,Hockenheim,Ferrari
6,VET,7,0,8,2,0,52,26.1,21.5,1.0,0.9,88.1,991.5,112.0,I,4.0,Hockenheim,Ferrari
7,VET,8,0,7,2,0,51,26.0,21.3,1.0,0.7,86.8,991.5,194.0,I,5.0,Hockenheim,Ferrari
8,VET,9,0,7,2,0,51,26.0,21.4,1.0,1.3,87.7,991.6,89.0,I,6.0,Hockenheim,Ferrari
9,VET,10,0,7,2,0,51,26.2,21.6,1.0,1.3,88.0,991.6,358.0,I,7.0,Hockenheim,Ferrari
10,VET,11,0,7,2,0,53,26.3,21.4,1.0,1.2,86.9,991.5,246.0,I,8.0,Hockenheim,Ferrari
11,VET,12,0,7,2,0,53,26.1,21.4,1.0,0.6,87.5,991.6,65.0,I,9.0,Hockenheim,Ferrari
12,VET,13,0,7,2,0,53,25.9,21.6,1.0,1.1,87.5,991.6,0.0,I,10.0,Hockenheim,Ferrari
13,VET,14,0,7,2,0,54,26.1,21.5,1.0,0.6,87.3,991.6,9.0,I,11.0,Hockenheim,Ferrari
14,VET,15,0,7,2,0,53,26.2,21.3,1.0,0.7,86.6,991.6,183.0,I,12.0,Hockenheim,Ferrari
15,VET,16,0,7,2,0,52,25.9,21.3,1.0,0.9,87.3,991.6,27.0,I,13.0,Hockenheim,Ferrari
16,VET,17,0,7,2,0,52,26.1,21.4,1.0,0.7,87.0,991.6,72.0,I,14.0,Hockenheim,Ferrari
17,VET,18,0,7,2,0,42,26.3,21.4,1.0,0.5,87.4,991.7,175.0,I,15.0,Hockenheim,Ferrari
18,VET,19,0,7,2,0,57,26.5,21.7,1.0,1.0,88.1,991.6,205.0,I,16.0,Hockenheim,Ferrari
19,VET,20,0,7,2,0,53,26.5,21.9,1.0,0.6,88.3,991.7,285.0,I,17.0,Hockenheim,Ferrari
20,VET,21,0,7,2,0,52,26.5,21.6,1.0,0.6,87.6,991.8,34.0,I,18.0,Hockenheim,Ferrari
21,VET,22,0,7,2,0,52,26.5,22.0,1.0,0.7,88.7,991.7,6.0,I,19.0,Hockenheim,Ferrari
22,VET,23,0,8,2,0,49,26.7,21.9,1.0,1.1,87.6,991.8,339.0,I,20.0,Hockenheim,Ferrari
23,VET,24,0,11,2,0,47,26.7,21.9,1.0,1.1,88.3,991.7,319.0,S,0.0,Hockenheim,Ferrari
24,VET,25,0,11,2,0,44,26.4,21.6,1.0,0.7,88.0,991.8,11.0,S,1.0,Hockenheim,Ferrari
25,VET,26,0,10,2,0,44,26.4,21.6,1.0,0.9,88.0,991.8,25.0,S,2.0,Hockenheim,Ferrari
26,VET,27,0,8,2,0,46,26.6,21.8,1.0,0.5,89.5,991.8,3.0,S,3.0,Hockenheim,Ferrari
27,VET,28,0,7,2,0,48,27.1,21.9,1.0,0.5,89.0,991.8,79.0,S,4.0,Hockenheim,Ferrari
28,VET,29,0,8,2,0,48,27.3,22.1,1.0,0.5,88.4,991.8,336.0,I,0.0,Hockenheim,Ferrari
29,VET,30,0,8,2,0,47,26.8,21.7,1.0,1.2,87.7,991.8,350.0,I,1.0,Hockenheim,Ferrari
30,VET,31,0,8,2,0,46,26.6,21.5,1.0,1.3,87.9,991.9,351.0,I,2.0,Hockenheim,Ferrari
31,VET,32,0,8,2,0,43,27.3,21.8,1.0,0.6,89.2,991.9,309.0,I,3.0,Hockenheim,Ferrari
32,VET,33,0,8,2,0,40,27.1,21.7,1.0,1.0,88.2,991.9,334.0,I,4.0,Hockenheim,Ferrari
33,VET,34,0,8,2,0,38,27.2,21.6,1.0,1.7,86.8,991.9,312.0,I,5.0,Hockenheim,Ferrari
34,VET,35,0,8,2,0,39,26.9,21.5,1.0,1.5,87.9,991.9,314.0,I,6.0,Hockenheim,Ferrari
35,VET,36,0,8,2,0,39,26.9,21.7,1.0,1.9,87.9,991.8,339.0,I,7.0,Hockenheim,Ferrari
36,VET,37,0,8,2,0,40,26.7,21.5,1.0,1.9,87.3,991.9,358.0,I,8.0,Hockenheim,Ferrari
37,VET,38,0,8,2,0,41,26.5,21.6,1.0,1.9,87.2,991.9,336.0,I,9.0,Hockenheim,Ferrari
38,VET,39,0,7,2,0,42,26.6,21.8,1.0,1.1,87.9,991.9,340.0,I,10.0,Hockenheim,Ferrari
39,VET,40,0,6,2,0,43,27.0,21.8,1.0,0.7,87.7,991.9,353.0,I,11.0,Hockenheim,Ferrari
40,VET,41,0,7,2,0,44,26.7,21.8,1.0,2.6,87.3,991.9,356.0,I,12.0,Hockenheim,Ferrari
41,VET,42,0,10,2,0,42,26.7,21.8,1.0,1.4,87.0,992.0,340.0,I,0.0,Hockenheim,Ferrari
42,VET,43,0,10,2,0,41,26.6,21.6,1.0,2.6,86.1,992.1,358.0,I,1.0,Hockenheim,Ferrari
43,VET,44,0,10,2,0,40,26.3,21.6,1.0,1.6,86.8,992.1,314.0,I,2.0,Hockenheim,Ferrari
44,VET,45,0,9,2,0,39,26.2,21.6,1.0,2.1,86.7,992.1,0.0,I,3.0,Hockenheim,Ferrari
45,VET,46,0,5,2,0,38,26.4,21.6,1.0,1.2,86.4,992.1,353.0,I,4.0,Hockenheim,Ferrari
46,VET,47,0,3,2,0,39,26.6,21.6,1.0,0.4,86.6,992.1,0.0,I,5.0,Hockenheim,Ferrari
47,VET,48,0,9,2,0,39,26.6,21.8,1.0,1.0,86.9,992.0,321.0,S,0.0,Hockenheim,Ferrari
48,VET,49,0,9,2,0,40,26.6,21.7,1.0,1.7,86.1,992.1,264.0,S,1.0,Hockenheim,Ferrari
49,VET,50,0,9,2,0,41,26.6,21.7,1.0,0.7,86.5,992.2,357.0,S,2.0,Hockenheim,Ferrari
50,VET,51,0,7,2,0,42,26.8,21.9,1.0,1.4,86.3,992.2,337.0,S,3.0,Hockenheim,Ferrari
51,VET,52,0,7,2,0,43,26.3,21.7,1.0,0.7,86.8,992.1,337.0,S,4.0,Hockenheim,Ferrari
52,VET,53,0,7,2,0,44,26.8,21.8,1.0,2.9,86.1,992.1,301.0,S,5.0,Hockenheim,Ferrari
53,VET,54,0,6,2,0,46,26.5,21.8,1.0,2.1,86.3,992.1,338.0,S,6.0,Hockenheim,Ferrari
54,VET,55,0,6,2,0,47,26.5,21.7,1.0,1.7,86.1,992.1,352.0,S,7.0,Hockenheim,Ferrari
55,VET,56,0,6,2,0,48,26.6,21.8,1.0,0.9,87.5,992.1,25.0,S,8.0,Hockenheim,Ferrari
56,VET,57,0,5,2,0,49,26.9,21.9,1.0,1.6,86.7,992.2,3.0,S,9.0,Hockenheim,Ferrari
57,VET,58,0,5,2,0,47,26.9,21.9,1.0,1.7,86.5,992.1,10.0,S,10.0,Hockenheim,Ferrari
58,VET,59,0,5,2,0,46,26.9,21.8,1.0,2.0,86.7,992.2,346.0,S,11.0,Hockenheim,Ferrari
59,VET,60,0,4,2,0,46,26.9,21.8,0.0,1.7,86.6,992.2,350.0,S,12.0,Hockenheim,Ferrari
60,VET,61,0,4,2,0,47,27.0,21.8,1.0,1.4,86.9,992.2,271.0,S,13.0,Hockenheim,Ferrari
61,VET,62,0,3,2,0,48,26.6,21.8,0.0,1.2,86.3,992.2,341.0,S,14.0,Hockenheim,Ferrari
62,VET,63,0,2,2,0,49,26.6,21.8,0.0,1.2,87.0,992.2,7.0,S,15.0,Hockenheim,Ferrari
63,VET,64,0,2,2,0,49,26.8,21.9,0.0,0.7,86.5,992.3,347.0,S,16.0,Hockenheim,Ferrari
