,idGP,driver,lap,trackStatus,position,targetPosition,grid,out,performance,trackTemp,airTemp,raining,windSpeed,humidity,pressure,windDir,tyre,tyreLap,track,team
0,24,BOT,1,1,1,1,1,0,80,41.6,20.0,0.0,1.0,48.9,1013.8,161.0,S,3,Baku,Mercedes
1,24,BOT,2,0,1,1,1,0,85,42.4,20.0,0.0,0.8,48.4,1013.9,0.0,S,4,Baku,Mercedes
2,24,BOT,3,0,1,1,1,0,87,42.2,20.1,0.0,1.2,48.4,1013.9,201.0,S,5,Baku,Mercedes
3,24,BOT,4,0,1,1,1,0,88,42.4,20.3,0.0,0.6,48.1,1013.9,221.0,S,6,Baku,Mercedes
4,24,BOT,5,0,1,1,1,0,87,42.3,20.4,0.0,2.2,48.3,1013.9,29.0,S,7,Baku,Mercedes
5,24,BOT,6,0,1,1,1,0,87,41.8,20.3,0.0,1.1,49.5,1013.8,208.0,S,8,Baku,Mercedes
6,24,BOT,7,0,1,1,1,0,87,41.8,20.0,0.0,1.7,49.6,1013.9,218.0,S,9,Baku,Mercedes
7,24,BOT,8,0,1,1,1,0,87,41.5,20.1,0.0,1.6,50.8,1014.0,218.0,S,10,Baku,Mercedes
8,24,BOT,9,0,1,1,1,0,87,41.4,20.0,0.0,2.0,50.0,1013.9,0.0,S,11,Baku,Mercedes
9,24,BOT,10,0,1,1,1,0,87,41.3,20.2,0.0,0.9,51.7,1014.0,219.0,S,12,Baku,Mercedes
10,24,BOT,11,0,1,1,1,0,87,41.3,20.0,0.0,1.4,53.3,1013.9,231.0,S,13,Baku,Mercedes
11,24,BOT,12,0,1,2,1,0,86,41.0,19.7,0.0,0.7,53.0,1013.8,329.0,S,14,Baku,Mercedes
12,24,BOT,13,0,2,4,1,0,86,41.0,19.8,0.0,1.4,53.1,1013.8,19.0,M,0,Baku,Mercedes
13,24,BOT,14,0,4,3,1,0,86,41.0,19.6,0.0,0.8,53.8,1013.9,0.0,M,1,Baku,Mercedes
14,24,BOT,15,0,3,2,1,0,86,40.1,19.2,0.0,1.2,53.9,1013.8,14.0,M,2,Baku,Mercedes
15,24,BOT,16,0,2,2,1,0,87,39.9,19.0,0.0,1.6,54.4,1013.7,0.0,M,3,Baku,Mercedes
16,24,BOT,17,0,2,2,1,0,87,39.8,18.9,0.0,1.0,54.4,1013.7,226.0,M,4,Baku,Mercedes
17,24,BOT,18,0,2,2,1,0,87,39.5,18.8,0.0,1.4,55.7,1013.8,2.0,M,5,Baku,Mercedes
18,24,BOT,19,0,2,2,1,0,87,39.1,18.8,0.0,1.2,56.3,1013.8,186.0,M,6,Baku,Mercedes
19,24,BOT,20,0,2,2,1,0,87,39.1,18.6,0.0,0.5,56.9,1013.6,346.0,M,7,Baku,Mercedes
20,24,BOT,21,0,2,2,1,0,87,38.9,18.6,0.0,1.2,57.4,1013.7,132.0,M,8,Baku,Mercedes
21,24,BOT,22,0,2,2,1,0,87,39.0,18.5,0.0,0.8,57.5,1013.8,188.0,M,9,Baku,Mercedes
22,24,BOT,23,0,2,2,1,0,87,39.0,18.8,0.0,1.5,57.5,1013.8,237.0,M,10,Baku,Mercedes
23,24,BOT,24,0,2,2,1,0,86,38.7,18.8,0.0,2.7,56.5,1013.8,231.0,M,11,Baku,Mercedes
24,24,BOT,25,0,2,2,1,0,86,38.7,19.0,0.0,1.5,56.2,1013.7,173.0,M,12,Baku,Mercedes
25,24,BOT,26,0,2,2,1,0,86,38.7,19.1,0.0,0.7,54.5,1013.8,250.0,M,13,Baku,Mercedes
26,24,BOT,27,0,2,2,1,0,86,38.6,18.9,0.0,1.7,53.3,1013.8,210.0,M,14,Baku,Mercedes
27,24,BOT,28,0,2,2,1,0,86,38.5,19.2,0.0,1.9,52.4,1013.8,214.0,M,15,Baku,Mercedes
28,24,BOT,29,0,2,2,1,0,86,38.5,19.5,0.0,1.8,52.2,1013.7,194.0,M,16,Baku,Mercedes
29,24,BOT,30,0,2,2,1,0,86,38.5,19.8,0.0,1.7,52.0,1013.7,241.0,M,17,Baku,Mercedes
30,24,BOT,31,1,2,2,1,0,87,38.4,19.7,0.0,1.7,51.6,1013.7,256.0,M,18,Baku,Mercedes
31,24,BOT,32,1,2,1,1,0,87,38.1,19.7,0.0,1.5,52.3,1013.7,222.0,M,19,Baku,Mercedes
32,24,BOT,33,1,1,1,1,0,86,37.9,19.3,0.0,1.7,53.3,1013.7,202.0,M,20,Baku,Mercedes
33,24,BOT,34,0,1,1,1,0,86,37.7,19.5,0.0,1.6,52.9,1013.6,168.0,M,21,Baku,Mercedes
34,24,BOT,35,0,1,1,1,0,86,37.7,19.7,0.0,1.8,52.7,1013.7,212.0,M,22,Baku,Mercedes
35,24,BOT,36,0,1,1,1,0,86,37.6,19.7,0.0,1.6,52.9,1013.7,225.0,M,23,Baku,Mercedes
36,24,BOT,37,0,1,1,1,0,85,37.5,19.5,0.0,1.5,52.9,1013.7,0.0,M,24,Baku,Mercedes
37,24,BOT,38,0,1,1,1,0,85,37.4,19.4,0.0,1.1,52.6,1013.7,236.0,M,25,Baku,Mercedes
38,24,BOT,39,1,1,1,1,0,85,37.3,19.6,0.0,1.7,52.9,1013.6,255.0,M,26,Baku,Mercedes
39,24,BOT,40,2,1,1,1,0,85,36.8,19.4,0.0,1.6,53.1,1013.5,211.0,M,27,Baku,Mercedes
40,24,BOT,41,2,1,1,1,0,85,36.8,19.3,0.0,1.3,52.9,1013.6,201.0,M,28,Baku,Mercedes
41,24,BOT,42,0,1,1,1,0,85,36.7,19.4,0.0,0.5,52.9,1013.6,135.0,M,29,Baku,Mercedes
42,24,BOT,43,0,1,1,1,0,85,36.2,19.5,0.0,1.7,52.3,1013.5,20.0,M,30,Baku,Mercedes
43,24,BOT,44,0,1,1,1,0,85,35.6,19.4,0.0,1.6,52.5,1013.6,222.0,M,31,Baku,Mercedes
44,24,BOT,45,0,1,1,1,0,86,35.4,19.3,0.0,1.4,52.7,1013.5,204.0,M,32,Baku,Mercedes
45,24,BOT,46,0,1,1,1,0,86,35.6,19.5,0.0,1.4,51.7,1013.6,190.0,M,33,Baku,Mercedes
46,24,BOT,47,0,1,1,1,0,86,34.8,19.4,0.0,1.6,53.3,1013.7,210.0,M,34,Baku,Mercedes
47,24,BOT,48,0,1,1,1,0,86,34.7,19.3,0.0,1.5,52.7,1013.6,290.0,M,35,Baku,Mercedes
48,24,BOT,49,0,1,1,1,0,87,34.7,19.3,0.0,1.8,51.9,1013.6,208.0,M,36,Baku,Mercedes
49,24,BOT,50,0,1,1,1,0,87,34.3,19.5,0.0,0.9,51.2,1013.7,234.0,M,37,Baku,Mercedes
50,24,BOT,51,0,1,1,1,0,87,34.4,19.5,0.0,1.2,51.2,1013.6,207.0,M,38,Baku,Mercedes
0,24,HAM,1,1,2,2,2,0,67,42.2,20.0,0.0,0.4,48.2,1013.9,49.0,S,4,Baku,Mercedes
1,24,HAM,2,0,2,2,2,0,68,42.3,20.4,0.0,2.2,48.3,1013.9,29.0,S,5,Baku,Mercedes
2,24,HAM,3,0,2,2,2,0,67,41.8,20.3,0.0,1.1,49.5,1013.8,208.0,S,6,Baku,Mercedes
3,24,HAM,4,0,2,2,2,0,64,41.6,20.0,0.0,0.5,49.5,1013.8,31.0,S,7,Baku,Mercedes
4,24,HAM,5,0,2,2,2,0,62,41.7,20.1,0.0,0.8,50.4,1013.8,260.0,S,8,Baku,Mercedes
5,24,HAM,6,0,2,2,2,0,62,41.3,20.1,0.0,1.4,51.1,1013.9,104.0,S,9,Baku,Mercedes
6,24,HAM,7,0,2,2,2,0,62,41.4,20.0,0.0,2.0,50.0,1013.9,0.0,S,10,Baku,Mercedes
7,24,HAM,8,0,2,2,2,0,62,41.5,20.1,0.0,0.8,51.3,1014.0,244.0,S,11,Baku,Mercedes
8,24,HAM,9,0,2,2,2,0,61,41.4,20.1,0.0,1.0,51.3,1013.9,0.0,S,12,Baku,Mercedes
9,24,HAM,10,0,2,2,2,0,61,41.3,20.2,0.0,0.9,51.7,1014.0,219.0,S,13,Baku,Mercedes
10,24,HAM,11,0,2,2,2,0,60,41.1,19.9,0.0,0.8,52.7,1013.9,206.0,S,14,Baku,Mercedes
11,24,HAM,12,0,2,1,2,0,60,41.0,19.8,0.0,1.7,52.1,1013.8,108.0,S,15,Baku,Mercedes
12,24,HAM,13,0,1,2,2,0,61,41.0,19.8,0.0,1.4,53.1,1013.8,19.0,S,16,Baku,Mercedes
13,24,HAM,14,0,2,4,2,0,61,41.0,19.6,0.0,0.8,53.8,1013.9,0.0,M,0,Baku,Mercedes
14,24,HAM,15,0,4,3,2,0,61,40.3,19.5,0.0,1.1,55.0,1013.9,199.0,M,1,Baku,Mercedes
15,24,HAM,16,0,3,3,2,0,62,40.5,19.3,0.0,1.2,54.6,1013.9,322.0,M,2,Baku,Mercedes
16,24,HAM,17,0,3,3,2,0,63,40.2,19.3,0.0,1.0,54.0,1013.7,8.0,M,3,Baku,Mercedes
17,24,HAM,18,0,3,3,2,0,63,40.1,19.2,0.0,1.2,53.9,1013.8,14.0,M,4,Baku,Mercedes
18,24,HAM,19,0,3,3,2,0,64,39.9,19.0,0.0,1.6,54.4,1013.7,0.0,M,5,Baku,Mercedes
19,24,HAM,20,0,3,3,2,0,64,39.9,18.7,0.0,1.1,55.3,1013.8,209.0,M,6,Baku,Mercedes
20,24,HAM,21,0,3,3,2,0,65,39.1,18.8,0.0,1.2,56.3,1013.8,186.0,M,7,Baku,Mercedes
21,24,HAM,22,0,3,3,2,0,64,38.9,18.6,0.0,1.2,57.4,1013.7,132.0,M,8,Baku,Mercedes
22,24,HAM,23,0,3,3,2,0,64,39.0,18.5,0.0,0.8,57.5,1013.8,188.0,M,9,Baku,Mercedes
23,24,HAM,24,0,3,3,2,0,64,39.0,18.8,0.0,1.5,57.5,1013.8,237.0,M,10,Baku,Mercedes
24,24,HAM,25,0,3,3,2,0,64,39.1,18.8,0.0,1.8,56.8,1013.8,240.0,M,11,Baku,Mercedes
25,24,HAM,26,0,3,3,2,0,65,38.6,18.7,0.0,1.6,56.9,1013.8,199.0,M,12,Baku,Mercedes
26,24,HAM,27,0,3,3,2,0,65,38.7,19.0,0.0,1.5,56.2,1013.7,173.0,M,13,Baku,Mercedes
27,24,HAM,28,0,3,3,2,0,65,38.5,19.4,0.0,1.9,52.4,1013.8,207.0,M,14,Baku,Mercedes
28,24,HAM,29,0,3,3,2,0,66,38.5,19.8,0.0,1.7,52.0,1013.7,241.0,M,15,Baku,Mercedes
29,24,HAM,30,0,3,3,2,0,66,38.4,19.7,0.0,1.7,51.6,1013.7,256.0,M,16,Baku,Mercedes
30,24,HAM,31,1,3,3,2,0,66,38.0,19.5,0.0,1.7,52.3,1013.6,208.0,M,17,Baku,Mercedes
31,24,HAM,32,1,3,3,2,0,66,37.9,19.3,0.0,1.7,53.3,1013.7,202.0,M,18,Baku,Mercedes
32,24,HAM,33,1,3,2,2,0,66,37.9,19.4,0.0,1.2,52.6,1013.7,214.0,M,19,Baku,Mercedes
33,24,HAM,34,0,2,2,2,0,66,37.6,19.7,0.0,1.2,52.2,1013.6,179.0,M,20,Baku,Mercedes
34,24,HAM,35,0,2,2,2,0,66,37.4,19.6,0.0,1.4,52.5,1013.6,171.0,M,21,Baku,Mercedes
35,24,HAM,36,0,2,2,2,0,66,37.3,19.4,0.0,1.6,52.6,1013.6,202.0,M,22,Baku,Mercedes
36,24,HAM,37,0,2,2,2,0,66,37.3,19.6,0.0,1.7,52.9,1013.6,255.0,M,23,Baku,Mercedes
37,24,HAM,38,0,2,2,2,0,65,37.3,19.6,0.0,1.0,52.9,1013.6,190.0,M,24,Baku,Mercedes
38,24,HAM,39,1,2,2,2,0,65,36.8,19.4,0.0,1.6,53.1,1013.5,211.0,M,25,Baku,Mercedes
39,24,HAM,40,2,2,2,2,0,65,36.8,19.3,0.0,1.3,52.9,1013.6,201.0,M,26,Baku,Mercedes
40,24,HAM,41,2,2,2,2,0,64,36.8,19.5,0.0,1.4,52.7,1013.6,231.0,M,27,Baku,Mercedes
41,24,HAM,42,0,2,2,2,0,64,36.7,19.4,0.0,0.5,52.9,1013.6,135.0,M,28,Baku,Mercedes
42,24,HAM,43,0,2,2,2,0,65,36.3,19.3,0.0,0.8,51.8,1013.6,352.0,M,29,Baku,Mercedes
43,24,HAM,44,0,2,2,2,0,65,36.3,19.5,0.0,1.0,52.2,1013.6,167.0,M,30,Baku,Mercedes
44,24,HAM,45,0,2,2,2,0,66,35.6,19.5,0.0,1.4,51.7,1013.6,190.0,M,31,Baku,Mercedes
45,24,HAM,46,0,2,2,2,0,66,35.8,19.6,0.0,1.6,52.2,1013.7,208.0,M,32,Baku,Mercedes
46,24,HAM,47,0,2,2,2,0,66,35.5,19.3,0.0,1.7,52.1,1013.7,209.0,M,33,Baku,Mercedes
47,24,HAM,48,0,2,2,2,0,66,35.4,19.4,0.0,2.0,52.4,1013.7,243.0,M,34,Baku,Mercedes
48,24,HAM,49,0,2,2,2,0,67,35.3,19.3,0.0,1.3,52.5,1013.6,191.0,M,35,Baku,Mercedes
49,24,HAM,50,0,2,2,2,0,67,34.4,19.3,0.0,1.4,52.2,1013.6,221.0,M,36,Baku,Mercedes
50,24,HAM,51,0,2,2,2,0,67,34.3,19.5,0.0,0.9,51.2,1013.7,234.0,M,37,Baku,Mercedes
0,24,VET,1,1,3,3,3,0,61,42.4,20.0,0.0,0.8,48.4,1013.9,0.0,S,5,Baku,Ferrari
1,24,VET,2,0,3,3,3,0,65,42.4,20.3,0.0,0.6,48.1,1013.9,221.0,S,6,Baku,Ferrari
2,24,VET,3,0,3,3,3,0,66,42.3,20.4,0.0,2.2,48.3,1013.9,29.0,S,7,Baku,Ferrari
3,24,VET,4,0,3,3,3,0,66,41.8,20.3,0.0,1.1,49.5,1013.8,208.0,S,8,Baku,Ferrari
4,24,VET,5,0,3,3,3,0,67,41.7,20.1,0.0,0.8,50.4,1013.8,260.0,S,9,Baku,Ferrari
5,24,VET,6,0,3,3,3,0,68,41.5,20.1,0.0,1.6,50.8,1014.0,218.0,S,10,Baku,Ferrari
6,24,VET,7,0,3,3,3,0,69,41.4,20.0,0.0,2.0,50.0,1013.9,0.0,S,11,Baku,Ferrari
7,24,VET,8,0,3,3,3,0,70,41.3,20.4,0.0,1.1,52.5,1013.9,2.0,S,12,Baku,Ferrari
8,24,VET,9,0,3,3,3,0,71,41.3,20.0,0.0,1.4,53.3,1013.9,231.0,S,13,Baku,Ferrari
9,24,VET,10,0,3,3,3,0,72,41.0,19.7,0.0,0.7,53.0,1013.8,329.0,S,14,Baku,Ferrari
10,24,VET,11,0,3,5,3,0,72,41.1,19.9,0.0,0.8,52.7,1013.9,206.0,S,15,Baku,Ferrari
11,24,VET,12,0,5,5,3,0,71,41.0,19.8,0.0,1.4,53.1,1013.8,19.0,M,0,Baku,Ferrari
12,24,VET,13,0,5,5,3,0,72,41.0,19.6,0.0,0.8,53.8,1013.9,0.0,M,1,Baku,Ferrari
13,24,VET,14,0,5,5,3,0,72,40.3,19.5,0.0,1.1,55.0,1013.9,199.0,M,2,Baku,Ferrari
14,24,VET,15,0,5,4,3,0,72,40.2,19.4,0.0,0.8,53.7,1013.8,1.0,M,3,Baku,Ferrari
15,24,VET,16,0,4,4,3,0,72,40.2,19.3,0.0,1.0,54.0,1013.7,8.0,M,4,Baku,Ferrari
16,24,VET,17,0,4,4,3,0,72,40.1,19.2,0.0,1.2,53.9,1013.8,14.0,M,5,Baku,Ferrari
17,24,VET,18,0,4,4,3,0,72,39.8,18.9,0.0,1.0,54.4,1013.7,226.0,M,6,Baku,Ferrari
18,24,VET,19,0,4,4,3,0,72,39.9,18.7,0.0,1.1,55.3,1013.8,209.0,M,7,Baku,Ferrari
19,24,VET,20,0,4,4,3,0,72,39.6,18.9,0.0,1.5,55.2,1013.8,270.0,M,8,Baku,Ferrari
20,24,VET,21,0,4,4,3,0,71,39.5,18.8,0.0,1.4,55.7,1013.8,2.0,M,9,Baku,Ferrari
21,24,VET,22,0,4,4,3,0,71,39.1,18.6,0.0,0.5,56.9,1013.6,346.0,M,10,Baku,Ferrari
22,24,VET,23,0,4,4,3,0,71,38.9,18.6,0.0,1.2,57.4,1013.7,132.0,M,11,Baku,Ferrari
23,24,VET,24,0,4,4,3,0,71,39.1,18.8,0.0,1.8,56.8,1013.8,240.0,M,12,Baku,Ferrari
24,24,VET,25,0,4,4,3,0,71,38.7,18.8,0.0,2.7,56.5,1013.8,231.0,M,13,Baku,Ferrari
25,24,VET,26,0,4,4,3,0,71,38.7,19.1,0.0,0.7,54.5,1013.8,250.0,M,14,Baku,Ferrari
26,24,VET,27,0,4,4,3,0,71,38.5,19.4,0.0,1.9,52.4,1013.8,207.0,M,15,Baku,Ferrari
27,24,VET,28,0,4,4,3,0,71,38.5,19.5,0.0,1.8,52.2,1013.7,194.0,M,16,Baku,Ferrari
28,24,VET,29,0,4,4,3,0,70,38.5,19.8,0.0,1.7,52.0,1013.7,241.0,M,17,Baku,Ferrari
29,24,VET,30,0,4,4,3,0,70,38.3,19.7,0.0,2.9,51.6,1013.7,204.0,M,18,Baku,Ferrari
30,24,VET,31,1,4,4,3,0,71,38.0,19.5,0.0,1.7,52.3,1013.6,208.0,M,19,Baku,Ferrari
31,24,VET,32,1,4,4,3,0,71,37.9,19.3,0.0,1.7,53.3,1013.7,202.0,M,20,Baku,Ferrari
32,24,VET,33,1,4,4,3,0,71,37.9,19.4,0.0,1.2,52.6,1013.7,214.0,M,21,Baku,Ferrari
33,24,VET,34,0,4,3,3,0,70,37.7,19.5,0.0,1.6,52.9,1013.6,168.0,M,22,Baku,Ferrari
34,24,VET,35,0,3,3,3,0,70,37.7,19.7,0.0,1.8,52.7,1013.7,212.0,M,23,Baku,Ferrari
35,24,VET,36,0,3,3,3,0,70,37.4,19.6,0.0,1.4,52.5,1013.6,171.0,M,24,Baku,Ferrari
36,24,VET,37,0,3,3,3,0,69,37.5,19.7,0.0,2.0,52.6,1013.6,212.0,M,25,Baku,Ferrari
37,24,VET,38,0,3,3,3,0,69,37.5,19.5,0.0,1.5,52.6,1013.7,207.0,M,26,Baku,Ferrari
38,24,VET,39,1,3,3,3,0,69,37.5,19.6,0.0,1.7,52.6,1013.7,217.0,M,27,Baku,Ferrari
39,24,VET,40,2,3,3,3,0,69,37.3,19.4,0.0,1.6,52.6,1013.6,202.0,M,28,Baku,Ferrari
40,24,VET,41,2,3,3,3,0,68,37.3,19.6,0.0,1.7,52.9,1013.6,255.0,M,29,Baku,Ferrari
41,24,VET,42,0,3,3,3,0,68,36.3,19.3,0.0,0.8,51.8,1013.6,352.0,M,30,Baku,Ferrari
42,24,VET,43,0,3,3,3,0,68,36.3,19.5,0.0,1.0,52.2,1013.6,167.0,M,31,Baku,Ferrari
43,24,VET,44,0,3,3,3,0,68,36.3,19.5,0.0,0.9,52.1,1013.6,207.0,M,32,Baku,Ferrari
44,24,VET,45,0,3,3,3,0,68,35.6,19.5,0.0,1.4,51.7,1013.6,190.0,M,33,Baku,Ferrari
45,24,VET,46,0,3,3,3,0,68,35.8,19.6,0.0,1.6,52.2,1013.7,208.0,M,34,Baku,Ferrari
46,24,VET,47,0,3,3,3,0,67,35.5,19.3,0.0,1.7,52.1,1013.7,209.0,M,35,Baku,Ferrari
47,24,VET,48,0,3,3,3,0,67,35.3,19.3,0.0,1.3,52.6,1013.6,161.0,M,36,Baku,Ferrari
48,24,VET,49,0,3,3,3,0,67,34.2,19.3,0.0,1.4,51.5,1013.6,237.0,M,37,Baku,Ferrari
49,24,VET,50,0,3,3,3,0,67,34.3,19.5,0.0,0.9,51.2,1013.7,234.0,M,38,Baku,Ferrari
50,24,VET,51,0,3,3,3,0,67,34.4,19.5,0.0,1.2,51.2,1013.6,207.0,M,39,Baku,Ferrari
0,24,VER,1,1,5,5,5,0,56,41.6,20.0,0.0,1.0,48.9,1013.8,161.0,S,4,Baku,Red Bull Racing
1,24,VER,2,0,5,5,5,0,62,42.4,20.0,0.0,0.8,48.4,1013.9,0.0,S,5,Baku,Red Bull Racing
2,24,VER,3,0,5,5,5,0,62,42.2,20.0,0.0,0.4,48.2,1013.9,49.0,S,6,Baku,Red Bull Racing
3,24,VER,4,0,5,5,5,0,61,42.2,20.1,0.0,1.2,48.4,1013.9,201.0,S,7,Baku,Red Bull Racing
4,24,VER,5,0,5,5,5,0,60,42.3,20.4,0.0,2.2,48.3,1013.9,29.0,S,8,Baku,Red Bull Racing
5,24,VER,6,0,5,4,5,0,60,41.7,20.1,0.0,0.8,50.4,1013.8,260.0,S,9,Baku,Red Bull Racing
6,24,VER,7,0,4,4,5,0,60,41.5,20.1,0.0,1.6,50.8,1014.0,218.0,S,10,Baku,Red Bull Racing
7,24,VER,8,0,4,4,5,0,60,41.4,20.1,0.0,1.0,51.3,1013.9,0.0,S,11,Baku,Red Bull Racing
8,24,VER,9,0,4,5,5,0,64,41.3,20.4,0.0,1.1,52.5,1013.9,2.0,S,12,Baku,Red Bull Racing
9,24,VER,10,0,5,5,5,0,64,41.3,20.0,0.0,1.4,53.3,1013.9,231.0,S,13,Baku,Red Bull Racing
10,24,VER,11,0,5,4,5,0,64,41.0,19.8,0.0,1.7,52.1,1013.8,108.0,S,14,Baku,Red Bull Racing
11,24,VER,12,0,4,4,5,0,65,41.0,19.8,0.0,1.4,53.1,1013.8,19.0,S,15,Baku,Red Bull Racing
12,24,VER,13,0,4,3,5,0,65,41.0,19.6,0.0,0.8,53.8,1013.9,0.0,S,16,Baku,Red Bull Racing
13,24,VER,14,0,3,2,5,0,67,39.9,19.0,0.0,1.6,54.4,1013.7,0.0,S,17,Baku,Red Bull Racing
14,24,VER,15,0,2,6,5,0,66,39.8,18.9,0.0,1.0,54.4,1013.7,226.0,M,0,Baku,Red Bull Racing
15,24,VER,16,0,6,6,5,0,67,39.6,18.9,0.0,1.5,55.2,1013.8,270.0,M,1,Baku,Red Bull Racing
16,24,VER,17,0,6,5,5,0,67,39.1,18.6,0.0,0.5,56.9,1013.6,346.0,M,2,Baku,Red Bull Racing
17,24,VER,18,0,5,5,5,0,67,39.0,18.5,0.0,0.8,57.5,1013.8,188.0,M,3,Baku,Red Bull Racing
18,24,VER,19,0,5,5,5,0,68,39.0,18.8,0.0,1.5,57.5,1013.8,237.0,M,4,Baku,Red Bull Racing
19,24,VER,20,0,5,5,5,0,68,39.1,18.9,0.0,1.8,57.4,1013.8,238.0,M,5,Baku,Red Bull Racing
20,24,VER,21,0,5,5,5,0,68,38.6,18.7,0.0,1.6,56.9,1013.8,199.0,M,6,Baku,Red Bull Racing
21,24,VER,22,0,5,5,5,0,68,38.7,19.1,0.0,0.7,54.5,1013.8,250.0,M,7,Baku,Red Bull Racing
22,24,VER,23,0,5,5,5,0,68,38.6,18.9,0.0,1.7,53.3,1013.8,210.0,M,8,Baku,Red Bull Racing
23,24,VER,24,0,5,5,5,0,69,38.5,19.2,0.0,1.9,52.4,1013.8,214.0,M,9,Baku,Red Bull Racing
24,24,VER,25,0,5,5,5,0,70,38.5,19.8,0.0,1.7,52.0,1013.7,241.0,M,10,Baku,Red Bull Racing
25,24,VER,26,0,5,5,5,0,70,38.3,19.7,0.0,2.9,51.6,1013.7,204.0,M,11,Baku,Red Bull Racing
26,24,VER,27,0,5,5,5,0,71,38.1,19.7,0.0,1.5,52.3,1013.7,222.0,M,12,Baku,Red Bull Racing
27,24,VER,28,0,5,5,5,0,71,37.9,19.3,0.0,1.7,53.3,1013.7,202.0,M,13,Baku,Red Bull Racing
28,24,VER,29,0,5,5,5,0,71,37.7,19.5,0.0,1.6,52.9,1013.6,168.0,M,14,Baku,Red Bull Racing
29,24,VER,30,0,5,5,5,0,71,37.7,19.7,0.0,1.8,52.7,1013.7,212.0,M,15,Baku,Red Bull Racing
30,24,VER,31,1,5,5,5,0,72,37.5,19.5,0.0,1.5,52.9,1013.7,0.0,M,16,Baku,Red Bull Racing
31,24,VER,32,1,5,5,5,0,71,37.6,19.6,0.0,1.8,52.7,1013.6,263.0,M,17,Baku,Red Bull Racing
32,24,VER,33,1,5,5,5,0,71,37.6,19.7,0.0,1.2,52.2,1013.6,179.0,M,18,Baku,Red Bull Racing
33,24,VER,34,0,5,4,5,0,70,37.4,19.6,0.0,1.4,52.5,1013.6,171.0,M,19,Baku,Red Bull Racing
34,24,VER,35,0,4,4,5,0,70,37.5,19.7,0.0,2.0,52.6,1013.6,212.0,M,20,Baku,Red Bull Racing
35,24,VER,36,0,4,4,5,0,70,37.3,19.6,0.0,1.0,52.9,1013.6,190.0,M,21,Baku,Red Bull Racing
36,24,VER,37,0,4,4,5,0,70,36.8,19.3,0.0,1.3,52.9,1013.6,201.0,M,22,Baku,Red Bull Racing
37,24,VER,38,0,4,4,5,0,70,36.8,19.5,0.0,1.4,52.7,1013.6,231.0,M,23,Baku,Red Bull Racing
38,24,VER,39,1,4,4,5,0,70,36.7,19.4,0.0,0.5,52.9,1013.6,135.0,M,24,Baku,Red Bull Racing
39,24,VER,40,2,4,4,5,0,70,36.3,19.3,0.0,0.8,51.8,1013.6,352.0,M,25,Baku,Red Bull Racing
40,24,VER,41,2,4,4,5,0,69,36.3,19.5,0.0,0.9,52.1,1013.6,207.0,M,26,Baku,Red Bull Racing
41,24,VER,42,0,4,4,5,0,69,36.3,19.6,0.0,1.3,52.0,1013.6,278.0,M,27,Baku,Red Bull Racing
42,24,VER,43,0,4,4,5,0,68,35.6,19.4,0.0,1.6,52.5,1013.6,222.0,M,28,Baku,Red Bull Racing
43,24,VER,44,0,4,4,5,0,69,35.4,19.3,0.0,1.4,52.7,1013.5,204.0,M,29,Baku,Red Bull Racing
44,24,VER,45,0,4,4,5,0,69,35.8,19.6,0.0,1.6,52.2,1013.7,208.0,M,30,Baku,Red Bull Racing
45,24,VER,46,0,4,4,5,0,69,35.5,19.3,0.0,1.7,52.1,1013.7,209.0,M,31,Baku,Red Bull Racing
46,24,VER,47,0,4,4,5,0,69,35.3,19.3,0.0,1.3,52.6,1013.6,161.0,M,32,Baku,Red Bull Racing
47,24,VER,48,0,4,4,5,0,69,34.8,19.4,0.0,1.6,53.3,1013.7,210.0,M,33,Baku,Red Bull Racing
48,24,VER,49,0,4,4,5,0,69,34.7,19.3,0.0,1.5,52.7,1013.6,290.0,M,34,Baku,Red Bull Racing
49,24,VER,50,0,4,4,5,0,69,34.4,19.3,0.0,1.4,52.2,1013.6,221.0,M,35,Baku,Red Bull Racing
50,24,VER,51,0,4,4,5,0,70,34.2,19.3,0.0,1.4,51.5,1013.6,237.0,M,36,Baku,Red Bull Racing
0,24,PER,1,1,4,4,4,0,53,42.4,20.0,0.0,0.8,48.4,1013.9,0.0,S,3,Baku,Racing Point
1,24,PER,2,0,4,4,4,0,51,42.3,20.4,0.0,2.2,48.3,1013.9,29.0,S,4,Baku,Racing Point
2,24,PER,3,0,4,4,4,0,51,41.8,20.3,0.0,1.1,49.5,1013.8,208.0,S,5,Baku,Racing Point
3,24,PER,4,0,4,4,4,0,52,41.7,20.1,0.0,0.8,50.4,1013.8,260.0,S,6,Baku,Racing Point
4,24,PER,5,0,4,4,4,0,52,41.5,20.1,0.0,1.6,50.8,1014.0,218.0,S,7,Baku,Racing Point
5,24,PER,6,0,4,6,4,0,50,41.3,20.1,0.0,1.4,51.1,1013.9,104.0,S,8,Baku,Racing Point
6,24,PER,7,0,6,6,4,0,49,41.5,20.1,0.0,0.8,51.3,1014.0,244.0,S,9,Baku,Racing Point
7,24,PER,8,0,6,6,4,0,49,41.0,19.7,0.0,0.7,53.0,1013.8,329.0,S,10,Baku,Racing Point
8,24,PER,9,0,6,6,4,0,48,41.0,19.8,0.0,1.7,52.1,1013.8,108.0,S,11,Baku,Racing Point
9,24,PER,10,0,6,7,4,0,46,41.0,19.8,0.0,1.4,53.1,1013.8,19.0,S,12,Baku,Racing Point
10,24,PER,11,0,7,10,4,0,45,41.0,19.6,0.0,0.8,53.8,1013.9,0.0,M,0,Baku,Racing Point
11,24,PER,12,0,10,9,4,0,45,40.3,19.5,0.0,1.1,55.0,1013.9,199.0,M,1,Baku,Racing Point
12,24,PER,13,0,9,8,4,0,44,40.5,19.3,0.0,1.2,54.6,1013.9,322.0,M,2,Baku,Racing Point
13,24,PER,14,0,8,7,4,0,45,40.2,19.3,0.0,1.0,54.0,1013.7,8.0,M,3,Baku,Racing Point
14,24,PER,15,0,7,7,4,0,45,40.1,19.2,0.0,1.2,53.9,1013.8,14.0,M,4,Baku,Racing Point
15,24,PER,16,0,7,7,4,0,45,39.9,18.7,0.0,1.1,55.3,1013.8,209.0,M,5,Baku,Racing Point
16,24,PER,17,0,7,7,4,0,46,39.6,18.9,0.0,1.5,55.2,1013.8,270.0,M,6,Baku,Racing Point
17,24,PER,18,0,7,7,4,0,46,39.5,18.8,0.0,1.4,55.7,1013.8,2.0,M,7,Baku,Racing Point
18,24,PER,19,0,7,7,4,0,47,39.1,18.6,0.0,0.5,56.9,1013.6,346.0,M,8,Baku,Racing Point
19,24,PER,20,0,7,7,4,0,47,38.9,18.6,0.0,1.2,57.4,1013.7,132.0,M,9,Baku,Racing Point
20,24,PER,21,0,7,7,4,0,47,39.0,18.5,0.0,0.8,57.5,1013.8,188.0,M,10,Baku,Racing Point
21,24,PER,22,0,7,7,4,0,47,39.0,18.8,0.0,1.5,57.5,1013.8,237.0,M,11,Baku,Racing Point
22,24,PER,23,0,7,7,4,0,47,39.1,18.9,0.0,1.8,57.4,1013.8,238.0,M,12,Baku,Racing Point
23,24,PER,24,0,7,7,4,0,47,38.7,18.8,0.0,2.7,56.5,1013.8,231.0,M,13,Baku,Racing Point
24,24,PER,25,0,7,7,4,0,48,38.6,18.9,0.0,1.7,53.3,1013.8,210.0,M,14,Baku,Racing Point
25,24,PER,26,0,7,7,4,0,49,38.5,19.4,0.0,1.9,52.4,1013.8,207.0,M,15,Baku,Racing Point
26,24,PER,27,0,7,7,4,0,50,38.5,19.8,0.0,1.7,52.0,1013.7,241.0,M,16,Baku,Racing Point
27,24,PER,28,0,7,7,4,0,50,38.3,19.7,0.0,2.9,51.6,1013.7,204.0,M,17,Baku,Racing Point
28,24,PER,29,0,7,7,4,0,50,38.0,19.5,0.0,1.7,52.3,1013.6,208.0,M,18,Baku,Racing Point
29,24,PER,30,0,7,7,4,0,50,37.9,19.3,0.0,1.7,53.3,1013.7,202.0,M,19,Baku,Racing Point
30,24,PER,31,1,7,7,4,0,51,37.6,19.7,0.0,1.6,52.9,1013.7,225.0,M,20,Baku,Racing Point
31,24,PER,32,1,7,7,4,0,51,37.6,19.6,0.0,1.8,52.7,1013.6,263.0,M,21,Baku,Racing Point
32,24,PER,33,1,7,7,4,0,50,37.6,19.7,0.0,1.2,52.2,1013.6,179.0,M,22,Baku,Racing Point
33,24,PER,34,0,7,7,4,0,51,37.5,19.7,0.0,2.0,52.6,1013.6,212.0,M,23,Baku,Racing Point
34,24,PER,35,0,7,7,4,0,51,37.3,19.4,0.0,1.6,52.6,1013.6,202.0,M,24,Baku,Racing Point
35,24,PER,36,0,7,7,4,0,51,37.3,19.6,0.0,1.7,52.9,1013.6,255.0,M,25,Baku,Racing Point
36,24,PER,37,0,7,7,4,0,51,37.3,19.6,0.0,1.0,52.9,1013.6,190.0,M,26,Baku,Racing Point
37,24,PER,38,0,7,7,4,0,51,36.8,19.4,0.0,1.6,53.1,1013.5,211.0,M,27,Baku,Racing Point
38,24,PER,39,1,7,6,4,0,51,36.8,19.3,0.0,1.3,52.9,1013.6,201.0,M,28,Baku,Racing Point
39,24,PER,40,2,6,6,4,0,50,36.8,19.5,0.0,1.4,52.7,1013.6,231.0,M,29,Baku,Racing Point
40,24,PER,41,2,6,6,4,0,50,36.7,19.4,0.0,0.5,52.9,1013.6,135.0,M,30,Baku,Racing Point
41,24,PER,42,0,6,6,4,0,50,36.3,19.3,0.0,0.8,51.8,1013.6,352.0,M,31,Baku,Racing Point
42,24,PER,43,0,6,6,4,0,50,35.4,19.3,0.0,1.4,52.7,1013.5,204.0,M,32,Baku,Racing Point
43,24,PER,44,0,6,6,4,0,51,35.6,19.5,0.0,1.4,51.7,1013.6,190.0,M,33,Baku,Racing Point
44,24,PER,45,0,6,6,4,0,51,35.8,19.6,0.0,1.6,52.2,1013.7,208.0,M,34,Baku,Racing Point
45,24,PER,46,0,6,6,4,0,52,35.6,19.3,0.0,2.2,52.5,1013.6,246.0,M,35,Baku,Racing Point
46,24,PER,47,0,6,6,4,0,52,35.5,19.3,0.0,1.7,52.1,1013.7,209.0,M,36,Baku,Racing Point
47,24,PER,48,0,6,6,4,0,52,35.3,19.3,0.0,1.3,52.5,1013.6,191.0,M,37,Baku,Racing Point
48,24,PER,49,0,6,6,4,0,53,34.8,19.4,0.0,1.6,53.3,1013.7,210.0,M,38,Baku,Racing Point
49,24,PER,50,0,6,6,4,0,54,34.7,19.3,0.0,1.5,52.7,1013.6,290.0,M,39,Baku,Racing Point
50,24,PER,51,0,6,6,4,0,55,34.4,19.3,0.0,1.4,52.2,1013.6,221.0,M,40,Baku,Racing Point
0,24,KVY,1,1,7,7,7,0,67,42.2,20.0,0.0,0.4,48.2,1013.9,49.0,S,5,Baku,Toro Rosso
1,24,KVY,2,0,7,7,7,0,60,42.4,20.3,0.0,1.4,48.5,1013.8,332.0,S,6,Baku,Toro Rosso
2,24,KVY,3,0,7,8,7,0,60,42.4,20.3,0.0,0.6,48.1,1013.9,221.0,S,7,Baku,Toro Rosso
3,24,KVY,4,0,8,10,7,0,58,41.8,20.3,0.0,1.1,49.5,1013.8,208.0,S,8,Baku,Toro Rosso
4,24,KVY,5,0,10,18,7,0,54,41.7,20.1,0.0,0.8,50.4,1013.8,260.0,S,9,Baku,Toro Rosso
5,24,KVY,6,0,18,20,7,0,52,41.4,20.1,0.0,1.0,51.3,1013.9,0.0,M,0,Baku,Toro Rosso
6,24,KVY,7,0,20,19,7,0,53,41.0,19.7,0.0,0.7,53.0,1013.8,329.0,M,1,Baku,Toro Rosso
7,24,KVY,8,0,19,17,7,0,54,41.0,19.8,0.0,1.7,52.1,1013.8,108.0,M,2,Baku,Toro Rosso
8,24,KVY,9,0,17,16,7,0,55,39.9,19.0,0.0,1.6,54.4,1013.7,0.0,M,3,Baku,Toro Rosso
9,24,KVY,10,0,16,16,7,0,55,39.1,18.8,0.0,1.2,56.3,1013.8,186.0,M,4,Baku,Toro Rosso
10,24,KVY,11,0,16,13,7,0,55,38.9,18.6,0.0,1.2,57.4,1013.7,132.0,M,5,Baku,Toro Rosso
11,24,KVY,12,0,13,11,7,0,54,38.6,18.7,0.0,1.6,56.9,1013.8,199.0,M,6,Baku,Toro Rosso
12,24,KVY,13,0,11,11,7,0,54,38.6,18.9,0.0,1.7,53.3,1013.8,210.0,M,7,Baku,Toro Rosso
13,24,KVY,14,0,11,11,7,0,54,38.5,19.4,0.0,1.9,52.4,1013.8,207.0,M,8,Baku,Toro Rosso
14,24,KVY,15,0,11,11,7,0,54,38.4,19.7,0.0,1.7,51.6,1013.7,256.0,M,9,Baku,Toro Rosso
15,24,KVY,16,0,11,11,7,0,54,38.1,19.7,0.0,1.5,52.3,1013.7,222.0,M,10,Baku,Toro Rosso
16,24,KVY,17,0,11,11,7,0,54,37.9,19.4,0.0,1.2,52.6,1013.7,214.0,M,11,Baku,Toro Rosso
17,24,KVY,18,0,11,10,7,0,54,37.7,19.5,0.0,1.6,52.9,1013.6,168.0,M,12,Baku,Toro Rosso
18,24,KVY,19,0,10,10,7,0,54,37.7,19.7,0.0,1.8,52.7,1013.7,212.0,M,13,Baku,Toro Rosso
19,24,KVY,20,0,10,10,7,0,53,37.6,19.7,0.0,1.6,52.9,1013.7,225.0,M,14,Baku,Toro Rosso
20,24,KVY,21,0,10,10,7,0,53,37.5,19.5,0.0,1.5,52.9,1013.7,0.0,M,15,Baku,Toro Rosso
21,24,KVY,22,0,10,10,7,0,52,37.4,19.6,0.0,1.4,52.5,1013.6,171.0,M,16,Baku,Toro Rosso
22,24,KVY,23,0,10,10,7,0,52,37.5,19.7,0.0,2.0,52.6,1013.6,212.0,M,17,Baku,Toro Rosso
23,24,KVY,24,0,10,10,7,0,52,36.8,19.4,0.0,1.6,53.1,1013.5,211.0,M,18,Baku,Toro Rosso
24,24,KVY,25,0,10,10,7,0,52,36.8,19.3,0.0,1.3,52.9,1013.6,201.0,M,19,Baku,Toro Rosso
25,24,KVY,26,0,10,10,7,0,52,36.8,19.5,0.0,1.4,52.7,1013.6,231.0,M,20,Baku,Toro Rosso
26,24,KVY,27,0,10,10,7,0,52,36.7,19.4,0.0,0.5,52.9,1013.6,135.0,M,21,Baku,Toro Rosso
27,24,KVY,28,0,10,10,7,0,52,36.3,19.3,0.0,0.8,51.8,1013.6,352.0,M,22,Baku,Toro Rosso
28,24,KVY,29,0,10,10,7,0,52,36.3,19.5,0.0,1.0,52.2,1013.6,167.0,M,23,Baku,Toro Rosso
29,24,KVY,30,0,10,10,7,0,52,36.3,19.6,0.0,1.3,52.0,1013.6,278.0,M,24,Baku,Toro Rosso
30,24,KVY,31,1,10,17,7,0,52,35.6,19.3,0.0,2.2,52.5,1013.6,246.0,M,25,Baku,Toro Rosso
31,24,KVY,32,1,17,17,7,0,50,34.4,19.3,0.0,1.4,52.2,1013.6,221.0,M,26,Baku,Toro Rosso
32,24,KVY,33,1,17,17,7,1,48,34.2,19.3,0.0,1.4,51.5,1013.6,237.0,M,27,Baku,Toro Rosso
0,24,NOR,1,1,6,6,6,0,48,41.6,20.0,0.0,1.0,48.9,1013.8,161.0,S,5,Baku,McLaren
1,24,NOR,2,0,6,6,6,0,46,42.2,20.0,0.0,0.4,48.2,1013.9,49.0,S,6,Baku,McLaren
2,24,NOR,3,0,6,6,6,0,46,42.4,20.3,0.0,1.4,48.5,1013.8,332.0,S,7,Baku,McLaren
3,24,NOR,4,0,6,6,6,0,47,42.4,20.3,0.0,0.6,48.1,1013.9,221.0,S,8,Baku,McLaren
4,24,NOR,5,0,6,7,6,0,47,42.3,20.4,0.0,2.2,48.3,1013.9,29.0,S,9,Baku,McLaren
5,24,NOR,6,0,7,7,6,0,47,41.6,20.0,0.0,0.5,49.5,1013.8,31.0,S,10,Baku,McLaren
6,24,NOR,7,0,7,7,6,0,46,41.8,20.0,0.0,1.7,49.6,1013.9,218.0,S,11,Baku,McLaren
7,24,NOR,8,0,7,8,6,0,46,41.7,20.1,0.0,0.8,50.4,1013.8,260.0,S,12,Baku,McLaren
8,24,NOR,9,0,8,8,6,0,44,41.5,20.1,0.0,1.6,50.8,1014.0,218.0,S,13,Baku,McLaren
9,24,NOR,10,0,8,14,6,0,41,41.3,20.2,0.0,0.9,51.7,1014.0,219.0,M,0,Baku,McLaren
10,24,NOR,11,0,14,11,6,0,41,41.3,20.4,0.0,1.1,52.5,1013.9,2.0,M,1,Baku,McLaren
11,24,NOR,12,0,11,10,6,0,41,41.3,20.0,0.0,1.4,53.3,1013.9,231.0,M,2,Baku,McLaren
12,24,NOR,13,0,10,9,6,0,41,41.0,19.7,0.0,0.7,53.0,1013.8,329.0,M,3,Baku,McLaren
13,24,NOR,14,0,9,9,6,0,41,41.1,19.9,0.0,0.8,52.7,1013.9,206.0,M,4,Baku,McLaren
14,24,NOR,15,0,9,8,6,0,41,41.1,19.8,0.0,0.9,52.1,1013.9,201.0,M,5,Baku,McLaren
15,24,NOR,16,0,8,8,6,0,42,40.1,19.2,0.0,1.2,53.9,1013.8,14.0,M,6,Baku,McLaren
16,24,NOR,17,0,8,8,6,0,42,39.9,19.0,0.0,1.6,54.4,1013.7,0.0,M,7,Baku,McLaren
17,24,NOR,18,0,8,8,6,0,43,39.8,18.9,0.0,1.0,54.4,1013.7,226.0,M,8,Baku,McLaren
18,24,NOR,19,0,8,8,6,0,43,39.9,18.7,0.0,1.1,55.3,1013.8,209.0,M,9,Baku,McLaren
19,24,NOR,20,0,8,8,6,0,43,39.5,18.8,0.0,1.4,55.7,1013.8,2.0,M,10,Baku,McLaren
20,24,NOR,21,0,8,8,6,0,43,39.1,18.8,0.0,1.2,56.3,1013.8,186.0,M,11,Baku,McLaren
21,24,NOR,22,0,8,8,6,0,43,38.9,18.6,0.0,1.2,57.4,1013.7,132.0,M,12,Baku,McLaren
22,24,NOR,23,0,8,8,6,0,43,39.0,18.8,0.0,1.5,57.5,1013.8,237.0,M,13,Baku,McLaren
23,24,NOR,24,0,8,8,6,0,43,38.6,18.7,0.0,1.6,56.9,1013.8,199.0,M,14,Baku,McLaren
24,24,NOR,25,0,8,8,6,0,44,38.7,18.8,0.0,2.7,56.5,1013.8,231.0,M,15,Baku,McLaren
25,24,NOR,26,0,8,8,6,0,44,38.7,19.0,0.0,1.5,56.2,1013.7,173.0,M,16,Baku,McLaren
26,24,NOR,27,0,8,8,6,0,45,38.7,19.1,0.0,0.7,54.5,1013.8,250.0,M,17,Baku,McLaren
27,24,NOR,28,0,8,8,6,0,45,38.5,19.8,0.0,1.7,52.0,1013.7,241.0,M,18,Baku,McLaren
28,24,NOR,29,0,8,8,6,0,45,38.3,19.7,0.0,2.9,51.6,1013.7,204.0,M,19,Baku,McLaren
29,24,NOR,30,0,8,8,6,0,45,38.1,19.7,0.0,1.5,52.3,1013.7,222.0,M,20,Baku,McLaren
30,24,NOR,31,1,8,8,6,0,46,37.6,19.7,0.0,1.6,52.9,1013.7,225.0,M,21,Baku,McLaren
31,24,NOR,32,1,8,8,6,0,46,37.5,19.5,0.0,1.5,52.9,1013.7,0.0,M,22,Baku,McLaren
32,24,NOR,33,1,8,8,6,0,46,37.6,19.6,0.0,1.8,52.7,1013.6,263.0,M,23,Baku,McLaren
33,24,NOR,34,0,8,8,6,0,47,37.5,19.7,0.0,2.0,52.6,1013.6,212.0,M,24,Baku,McLaren
34,24,NOR,35,0,8,8,6,0,47,37.5,19.5,0.0,1.5,52.6,1013.7,207.0,M,25,Baku,McLaren
35,24,NOR,36,0,8,8,6,0,47,37.3,19.4,0.0,1.6,52.6,1013.6,202.0,M,26,Baku,McLaren
36,24,NOR,37,0,8,8,6,0,46,37.3,19.6,0.0,1.0,52.9,1013.6,190.0,M,27,Baku,McLaren
37,24,NOR,38,0,8,8,6,0,46,36.8,19.4,0.0,1.6,53.1,1013.5,211.0,M,28,Baku,McLaren
38,24,NOR,39,1,8,8,6,0,46,36.3,19.3,0.0,0.8,51.8,1013.6,352.0,M,29,Baku,McLaren
39,24,NOR,40,2,8,8,6,0,46,36.3,19.6,0.0,1.3,52.0,1013.6,278.0,S,3,Baku,McLaren
40,24,NOR,41,2,8,8,6,0,46,35.4,19.3,0.0,1.4,52.7,1013.5,204.0,S,4,Baku,McLaren
41,24,NOR,42,0,8,8,6,0,47,35.6,19.5,0.0,1.4,51.7,1013.6,190.0,S,5,Baku,McLaren
42,24,NOR,43,0,8,8,6,0,47,35.6,19.3,0.0,2.2,52.5,1013.6,246.0,S,6,Baku,McLaren
43,24,NOR,44,0,8,8,6,0,47,35.4,19.4,0.0,2.0,52.4,1013.7,243.0,S,7,Baku,McLaren
44,24,NOR,45,0,8,8,6,0,47,35.3,19.3,0.0,1.3,52.6,1013.6,161.0,S,8,Baku,McLaren
45,24,NOR,46,0,8,8,6,0,46,34.8,19.4,0.0,1.6,53.3,1013.7,210.0,S,9,Baku,McLaren
46,24,NOR,47,0,8,8,6,0,46,34.7,19.3,0.0,1.8,51.9,1013.6,208.0,S,10,Baku,McLaren
47,24,NOR,48,0,8,8,6,0,46,34.4,19.3,0.0,1.4,52.2,1013.6,221.0,S,11,Baku,McLaren
48,24,NOR,49,0,8,8,6,0,47,34.2,19.3,0.0,1.4,51.5,1013.6,237.0,S,12,Baku,McLaren
49,24,NOR,50,0,8,8,6,0,47,34.3,19.5,0.0,0.9,51.2,1013.7,234.0,S,13,Baku,McLaren
50,24,NOR,51,0,8,8,6,0,48,34.4,19.5,0.0,1.2,51.2,1013.6,207.0,S,14,Baku,McLaren
0,24,LEC,1,1,10,10,10,0,58,41.6,20.0,0.0,1.0,48.9,1013.8,161.0,M,0,Baku,Ferrari
1,24,LEC,2,0,10,10,10,0,56,42.3,20.4,0.0,2.2,48.3,1013.9,29.0,M,1,Baku,Ferrari
2,24,LEC,3,0,10,9,10,0,59,41.8,20.0,0.0,1.7,49.6,1013.9,218.0,M,2,Baku,Ferrari
3,24,LEC,4,0,9,8,10,0,59,41.7,20.1,0.0,0.8,50.4,1013.8,260.0,M,3,Baku,Ferrari
4,24,LEC,5,0,8,6,10,0,59,41.3,20.1,0.0,1.4,51.1,1013.9,104.0,M,4,Baku,Ferrari
5,24,LEC,6,0,6,5,10,0,60,41.5,20.1,0.0,0.8,51.3,1014.0,244.0,M,5,Baku,Ferrari
6,24,LEC,7,0,5,5,10,0,61,41.4,20.1,0.0,1.0,51.3,1013.9,0.0,M,6,Baku,Ferrari
7,24,LEC,8,0,5,5,10,0,62,41.3,20.4,0.0,1.1,52.5,1013.9,2.0,M,7,Baku,Ferrari
8,24,LEC,9,0,5,4,10,0,62,41.3,20.0,0.0,1.4,53.3,1013.9,231.0,M,8,Baku,Ferrari
9,24,LEC,10,0,4,4,10,0,62,41.0,19.7,0.0,0.7,53.0,1013.8,329.0,M,9,Baku,Ferrari
10,24,LEC,11,0,4,3,10,0,63,41.1,19.9,0.0,0.8,52.7,1013.9,206.0,M,10,Baku,Ferrari
11,24,LEC,12,0,3,3,10,0,64,41.0,19.8,0.0,1.7,52.1,1013.8,108.0,M,11,Baku,Ferrari
12,24,LEC,13,0,3,1,10,0,64,41.1,19.8,0.0,0.9,52.1,1013.9,201.0,M,12,Baku,Ferrari
13,24,LEC,14,0,1,1,10,0,65,41.0,19.8,0.0,1.4,53.1,1013.8,19.0,M,13,Baku,Ferrari
14,24,LEC,15,0,1,1,10,0,66,41.0,19.6,0.0,0.8,53.8,1013.9,0.0,M,14,Baku,Ferrari
15,24,LEC,16,0,1,1,10,0,67,40.3,19.5,0.0,1.1,55.0,1013.9,199.0,M,15,Baku,Ferrari
16,24,LEC,17,0,1,1,10,0,68,39.9,19.0,0.0,1.6,54.4,1013.7,0.0,M,16,Baku,Ferrari
17,24,LEC,18,0,1,1,10,0,68,39.8,18.9,0.0,1.0,54.4,1013.7,226.0,M,17,Baku,Ferrari
18,24,LEC,19,0,1,1,10,0,69,39.9,18.7,0.0,1.1,55.3,1013.8,209.0,M,18,Baku,Ferrari
19,24,LEC,20,0,1,1,10,0,69,39.6,18.9,0.0,1.5,55.2,1013.8,270.0,M,19,Baku,Ferrari
20,24,LEC,21,0,1,1,10,0,69,39.1,18.8,0.0,1.2,56.3,1013.8,186.0,M,20,Baku,Ferrari
21,24,LEC,22,0,1,1,10,0,69,39.1,18.6,0.0,0.5,56.9,1013.6,346.0,M,21,Baku,Ferrari
22,24,LEC,23,0,1,1,10,0,69,38.9,18.6,0.0,1.2,57.4,1013.7,132.0,M,22,Baku,Ferrari
23,24,LEC,24,0,1,1,10,0,69,39.1,18.8,0.0,1.8,56.8,1013.8,240.0,M,23,Baku,Ferrari
24,24,LEC,25,0,1,1,10,0,69,39.1,18.9,0.0,1.8,57.4,1013.8,238.0,M,24,Baku,Ferrari
25,24,LEC,26,0,1,1,10,0,69,38.6,18.7,0.0,1.6,56.9,1013.8,199.0,M,25,Baku,Ferrari
26,24,LEC,27,0,1,1,10,0,70,38.7,19.0,0.0,1.5,56.2,1013.7,173.0,M,26,Baku,Ferrari
27,24,LEC,28,0,1,1,10,0,70,38.7,19.1,0.0,0.7,54.5,1013.8,250.0,M,27,Baku,Ferrari
28,24,LEC,29,0,1,1,10,0,70,38.6,18.9,0.0,1.7,53.3,1013.8,210.0,M,28,Baku,Ferrari
29,24,LEC,30,0,1,1,10,0,70,38.5,19.2,0.0,1.9,52.4,1013.8,214.0,M,29,Baku,Ferrari
30,24,LEC,31,1,1,1,10,0,71,38.4,19.7,0.0,1.7,51.6,1013.7,256.0,M,30,Baku,Ferrari
31,24,LEC,32,1,1,2,10,0,71,38.3,19.7,0.0,2.9,51.6,1013.7,204.0,M,31,Baku,Ferrari
32,24,LEC,33,1,2,3,10,0,69,38.1,19.7,0.0,1.5,52.3,1013.7,222.0,M,32,Baku,Ferrari
33,24,LEC,34,0,3,5,10,0,69,38.0,19.5,0.0,1.7,52.3,1013.6,208.0,M,33,Baku,Ferrari
34,24,LEC,35,0,5,6,10,0,69,37.7,19.7,0.0,1.8,52.7,1013.7,212.0,S,0,Baku,Ferrari
35,24,LEC,36,0,6,5,10,0,68,37.6,19.7,0.0,1.6,52.9,1013.7,225.0,S,1,Baku,Ferrari
36,24,LEC,37,0,5,5,10,0,67,37.6,19.7,0.0,1.2,52.2,1013.6,179.0,S,2,Baku,Ferrari
37,24,LEC,38,0,5,5,10,0,67,37.4,19.6,0.0,1.4,52.5,1013.6,171.0,S,3,Baku,Ferrari
38,24,LEC,39,1,5,5,10,0,67,37.3,19.6,0.0,1.7,52.9,1013.6,255.0,S,4,Baku,Ferrari
39,24,LEC,40,2,5,5,10,0,67,36.8,19.3,0.0,1.3,52.9,1013.6,201.0,S,5,Baku,Ferrari
40,24,LEC,41,2,5,5,10,0,66,36.8,19.5,0.0,1.4,52.7,1013.6,231.0,S,6,Baku,Ferrari
41,24,LEC,42,0,5,5,10,0,66,36.3,19.5,0.0,1.0,52.2,1013.6,167.0,S,7,Baku,Ferrari
42,24,LEC,43,0,5,5,10,0,66,36.3,19.6,0.0,1.3,52.0,1013.6,278.0,S,8,Baku,Ferrari
43,24,LEC,44,0,5,5,10,0,67,35.6,19.5,0.0,1.4,51.7,1013.6,190.0,S,9,Baku,Ferrari
44,24,LEC,45,0,5,5,10,0,67,35.6,19.3,0.0,2.2,52.5,1013.6,246.0,S,10,Baku,Ferrari
45,24,LEC,46,0,5,5,10,0,68,35.5,19.3,0.0,1.7,52.1,1013.7,209.0,S,11,Baku,Ferrari
46,24,LEC,47,0,5,5,10,0,67,35.4,19.4,0.0,2.0,52.4,1013.7,243.0,S,12,Baku,Ferrari
47,24,LEC,48,0,5,5,10,0,67,34.8,19.4,0.0,1.6,53.3,1013.7,210.0,S,0,Baku,Ferrari
48,24,LEC,49,0,5,5,10,0,67,34.7,19.3,0.0,1.8,51.9,1013.6,208.0,S,1,Baku,Ferrari
49,24,LEC,50,0,5,5,10,0,67,34.4,19.3,0.0,1.4,52.2,1013.6,221.0,S,2,Baku,Ferrari
50,24,LEC,51,0,5,5,10,0,67,34.3,19.5,0.0,0.9,51.2,1013.7,234.0,S,3,Baku,Ferrari
0,24,SAI,1,1,8,8,8,0,44,41.6,20.0,0.0,1.0,48.9,1013.8,161.0,S,0,Baku,McLaren
1,24,SAI,2,0,8,8,8,0,43,42.4,20.0,0.0,0.8,48.4,1013.9,0.0,S,1,Baku,McLaren
2,24,SAI,3,0,8,7,8,0,44,42.2,20.0,0.0,0.4,48.2,1013.9,49.0,S,2,Baku,McLaren
3,24,SAI,4,0,7,7,8,0,44,42.2,20.1,0.0,1.2,48.4,1013.9,201.0,S,3,Baku,McLaren
4,24,SAI,5,0,7,8,8,0,44,41.8,20.3,0.0,1.1,49.5,1013.8,208.0,S,4,Baku,McLaren
5,24,SAI,6,0,8,8,8,0,45,41.6,20.0,0.0,0.5,49.5,1013.8,31.0,S,5,Baku,McLaren
6,24,SAI,7,0,8,8,8,0,45,41.8,20.0,0.0,1.7,49.6,1013.9,218.0,S,6,Baku,McLaren
7,24,SAI,8,0,8,7,8,0,44,41.5,20.1,0.0,1.6,50.8,1014.0,218.0,S,7,Baku,McLaren
8,24,SAI,9,0,7,7,8,0,42,41.5,20.1,0.0,0.8,51.3,1014.0,244.0,S,8,Baku,McLaren
9,24,SAI,10,0,7,6,8,0,41,41.4,20.1,0.0,1.0,51.3,1013.9,0.0,S,9,Baku,McLaren
10,24,SAI,11,0,6,6,8,0,41,41.3,20.4,0.0,1.1,52.5,1013.9,2.0,S,10,Baku,McLaren
11,24,SAI,12,0,6,7,8,0,41,41.3,20.0,0.0,1.4,53.3,1013.9,231.0,S,11,Baku,McLaren
12,24,SAI,13,0,7,10,8,0,41,41.0,19.7,0.0,0.7,53.0,1013.8,329.0,M,0,Baku,McLaren
13,24,SAI,14,0,10,10,8,0,42,41.1,19.8,0.0,0.9,52.1,1013.9,201.0,M,1,Baku,McLaren
14,24,SAI,15,0,10,10,8,0,42,41.0,19.8,0.0,1.4,53.1,1013.8,19.0,M,2,Baku,McLaren
15,24,SAI,16,0,10,9,8,0,42,41.0,19.6,0.0,0.8,53.8,1013.9,0.0,M,3,Baku,McLaren
16,24,SAI,17,0,9,9,8,0,42,40.2,19.4,0.0,0.8,53.7,1013.8,1.0,M,4,Baku,McLaren
17,24,SAI,18,0,9,9,8,0,42,40.1,19.2,0.0,1.2,53.9,1013.8,14.0,M,5,Baku,McLaren
18,24,SAI,19,0,9,9,8,0,42,39.8,18.9,0.0,1.0,54.4,1013.7,226.0,M,6,Baku,McLaren
19,24,SAI,20,0,9,9,8,0,43,39.6,18.9,0.0,1.5,55.2,1013.8,270.0,M,7,Baku,McLaren
20,24,SAI,21,0,9,9,8,0,43,39.5,18.8,0.0,1.4,55.7,1013.8,2.0,M,8,Baku,McLaren
21,24,SAI,22,0,9,9,8,0,43,39.5,18.8,0.0,1.4,55.7,1013.8,2.0,M,9,Baku,McLaren
22,24,SAI,23,0,9,9,8,0,42,39.1,18.8,0.0,1.2,56.3,1013.8,186.0,M,10,Baku,McLaren
23,24,SAI,24,0,9,9,8,0,43,38.9,18.6,0.0,1.2,57.4,1013.7,132.0,M,11,Baku,McLaren
24,24,SAI,25,0,9,9,8,0,43,38.6,18.7,0.0,1.6,56.9,1013.8,199.0,M,12,Baku,McLaren
25,24,SAI,26,0,9,9,8,0,44,38.7,19.0,0.0,1.5,56.2,1013.7,173.0,M,13,Baku,McLaren
26,24,SAI,27,0,9,9,8,0,44,38.7,19.1,0.0,0.7,54.5,1013.8,250.0,M,14,Baku,McLaren
27,24,SAI,28,0,9,9,8,0,44,38.5,19.4,0.0,1.9,52.4,1013.8,207.0,M,15,Baku,McLaren
28,24,SAI,29,0,9,9,8,0,44,38.5,19.5,0.0,1.8,52.2,1013.7,194.0,M,16,Baku,McLaren
29,24,SAI,30,0,9,9,8,0,45,38.3,19.7,0.0,2.9,51.6,1013.7,204.0,M,17,Baku,McLaren
30,24,SAI,31,1,9,9,8,0,46,38.1,19.7,0.0,1.5,52.3,1013.7,222.0,M,18,Baku,McLaren
31,24,SAI,32,1,9,9,8,0,46,37.7,19.7,0.0,1.8,52.7,1013.7,212.0,M,19,Baku,McLaren
32,24,SAI,33,1,9,9,8,0,46,37.6,19.6,0.0,1.8,52.7,1013.6,263.0,M,20,Baku,McLaren
33,24,SAI,34,0,9,9,8,0,46,37.6,19.7,0.0,1.2,52.2,1013.6,179.0,M,21,Baku,McLaren
34,24,SAI,35,0,9,9,8,0,46,37.5,19.7,0.0,2.0,52.6,1013.6,212.0,M,22,Baku,McLaren
35,24,SAI,36,0,9,9,8,0,46,37.5,19.5,0.0,1.5,52.6,1013.7,207.0,M,23,Baku,McLaren
36,24,SAI,37,0,9,9,8,0,46,37.5,19.6,0.0,1.7,52.6,1013.7,217.0,M,24,Baku,McLaren
37,24,SAI,38,0,9,9,8,0,45,36.8,19.4,0.0,1.6,53.1,1013.5,211.0,M,25,Baku,McLaren
38,24,SAI,39,1,9,7,8,0,46,36.8,19.5,0.0,1.4,52.7,1013.6,231.0,M,26,Baku,McLaren
39,24,SAI,40,2,7,7,8,0,45,36.7,19.4,0.0,0.5,52.9,1013.6,135.0,M,27,Baku,McLaren
40,24,SAI,41,2,7,7,8,0,45,36.3,19.6,0.0,1.3,52.0,1013.6,278.0,M,28,Baku,McLaren
41,24,SAI,42,0,7,7,8,0,45,36.2,19.5,0.0,1.7,52.3,1013.5,20.0,M,29,Baku,McLaren
42,24,SAI,43,0,7,7,8,0,45,35.6,19.4,0.0,1.6,52.5,1013.6,222.0,M,30,Baku,McLaren
43,24,SAI,44,0,7,7,8,0,45,35.4,19.3,0.0,1.4,52.7,1013.5,204.0,M,31,Baku,McLaren
44,24,SAI,45,0,7,7,8,0,45,35.8,19.6,0.0,1.6,52.2,1013.7,208.0,M,32,Baku,McLaren
45,24,SAI,46,0,7,7,8,0,45,35.4,19.4,0.0,2.0,52.4,1013.7,243.0,M,33,Baku,McLaren
46,24,SAI,47,0,7,7,8,0,45,35.3,19.3,0.0,1.3,52.6,1013.6,161.0,M,34,Baku,McLaren
47,24,SAI,48,0,7,7,8,0,45,34.8,19.4,0.0,1.6,53.3,1013.7,210.0,M,35,Baku,McLaren
48,24,SAI,49,0,7,7,8,0,46,34.7,19.3,0.0,1.5,52.7,1013.6,290.0,M,36,Baku,McLaren
49,24,SAI,50,0,7,7,8,0,46,34.3,19.5,0.0,0.9,51.2,1013.7,234.0,M,37,Baku,McLaren
50,24,SAI,51,0,7,7,8,0,47,34.4,19.5,0.0,1.2,51.2,1013.6,207.0,M,38,Baku,McLaren
0,24,RIC,1,1,9,9,9,0,59,41.8,20.0,0.0,1.7,49.6,1013.9,218.0,S,0,Baku,Renault
1,24,RIC,2,0,9,9,9,0,54,41.3,20.4,0.0,1.1,52.5,1013.9,2.0,S,1,Baku,Renault
2,24,RIC,3,0,9,11,9,0,53,41.1,19.9,0.0,0.8,52.7,1013.9,206.0,S,2,Baku,Renault
3,24,RIC,4,0,11,11,9,0,50,41.0,19.8,0.0,1.7,52.1,1013.8,108.0,S,3,Baku,Renault
4,24,RIC,5,0,11,10,9,0,47,40.3,19.5,0.0,1.1,55.0,1013.9,199.0,S,4,Baku,Renault
5,24,RIC,6,0,10,10,9,0,47,40.2,19.4,0.0,0.8,53.7,1013.8,1.0,S,5,Baku,Renault
6,24,RIC,7,0,10,10,9,0,47,40.1,19.2,0.0,1.2,53.9,1013.8,14.0,S,6,Baku,Renault
7,24,RIC,8,0,10,10,9,0,46,39.8,18.9,0.0,1.0,54.4,1013.7,226.0,S,7,Baku,Renault
8,24,RIC,9,0,10,10,9,0,46,39.6,18.9,0.0,1.5,55.2,1013.8,270.0,S,8,Baku,Renault
9,24,RIC,10,0,10,12,9,0,44,39.1,18.8,0.0,1.2,56.3,1013.8,186.0,S,9,Baku,Renault
10,24,RIC,11,0,12,17,9,0,42,38.9,18.6,0.0,1.2,57.4,1013.7,132.0,M,0,Baku,Renault
11,24,RIC,12,0,17,17,9,0,44,39.0,18.8,0.0,1.5,57.5,1013.8,237.0,M,1,Baku,Renault
12,24,RIC,13,0,17,16,9,0,45,38.6,18.7,0.0,1.6,56.9,1013.8,199.0,M,2,Baku,Renault
13,24,RIC,14,0,16,15,9,0,46,38.5,19.5,0.0,1.8,52.2,1013.7,194.0,M,3,Baku,Renault
14,24,RIC,15,0,15,14,9,0,47,38.5,19.8,0.0,1.7,52.0,1013.7,241.0,M,4,Baku,Renault
15,24,RIC,16,0,14,14,9,0,48,38.4,19.7,0.0,1.7,51.6,1013.7,256.0,M,5,Baku,Renault
16,24,RIC,17,0,14,14,9,0,49,38.3,19.7,0.0,2.9,51.6,1013.7,204.0,M,6,Baku,Renault
17,24,RIC,18,0,14,14,9,0,50,37.5,19.7,0.0,2.0,52.6,1013.6,212.0,M,7,Baku,Renault
18,24,RIC,19,0,14,13,9,0,50,37.5,19.5,0.0,1.5,52.6,1013.7,207.0,M,8,Baku,Renault
19,24,RIC,20,0,13,13,9,0,51,37.5,19.6,0.0,1.7,52.6,1013.7,217.0,M,9,Baku,Renault
20,24,RIC,21,0,13,12,9,0,51,37.3,19.4,0.0,1.6,52.6,1013.6,202.0,M,10,Baku,Renault
21,24,RIC,22,0,12,12,9,0,51,36.8,19.4,0.0,1.6,53.1,1013.5,211.0,M,11,Baku,Renault
22,24,RIC,23,0,12,12,9,0,51,36.8,19.3,0.0,1.3,52.9,1013.6,201.0,M,12,Baku,Renault
23,24,RIC,24,0,12,11,9,0,51,36.8,19.5,0.0,1.4,52.7,1013.6,231.0,M,13,Baku,Renault
24,24,RIC,25,0,11,11,9,0,52,36.3,19.3,0.0,0.8,51.8,1013.6,352.0,M,14,Baku,Renault
25,24,RIC,26,0,11,11,9,0,53,35.4,19.3,0.0,1.4,52.7,1013.5,204.0,M,15,Baku,Renault
26,24,RIC,27,0,11,11,9,0,53,35.6,19.5,0.0,1.4,51.7,1013.6,190.0,M,16,Baku,Renault
27,24,RIC,28,0,11,11,9,0,53,35.3,19.3,0.0,1.3,52.5,1013.6,191.0,M,17,Baku,Renault
28,24,RIC,29,0,11,11,9,0,53,34.7,19.3,0.0,1.5,52.7,1013.6,290.0,M,18,Baku,Renault
29,24,RIC,30,0,11,11,9,0,54,34.4,19.3,0.0,1.4,52.2,1013.6,221.0,M,19,Baku,Renault
30,24,RIC,31,1,11,18,9,1,52,34.3,19.5,0.0,0.9,51.2,1013.7,234.0,M,20,Baku,Renault
0,24,ALB,1,1,12,12,12,0,45,41.6,20.0,0.0,1.0,48.9,1013.8,161.0,S,0,Baku,Toro Rosso
1,24,ALB,2,0,12,12,12,0,37,42.2,20.0,0.0,0.4,48.2,1013.9,49.0,S,1,Baku,Toro Rosso
2,24,ALB,3,0,12,12,12,0,30,41.8,20.3,0.0,1.1,49.5,1013.8,208.0,S,2,Baku,Toro Rosso
3,24,ALB,4,0,12,12,12,0,29,41.7,20.1,0.0,0.8,50.4,1013.8,260.0,S,3,Baku,Toro Rosso
4,24,ALB,5,0,12,11,12,0,27,41.5,20.1,0.0,1.6,50.8,1014.0,218.0,S,4,Baku,Toro Rosso
5,24,ALB,6,0,11,11,12,0,28,41.3,20.1,0.0,1.4,51.1,1013.9,104.0,S,5,Baku,Toro Rosso
6,24,ALB,7,0,11,11,12,0,28,41.3,20.4,0.0,1.1,52.5,1013.9,2.0,S,6,Baku,Toro Rosso
7,24,ALB,8,0,11,11,12,0,27,41.1,19.9,0.0,0.8,52.7,1013.9,206.0,S,7,Baku,Toro Rosso
8,24,ALB,9,0,11,11,12,0,25,41.0,19.8,0.0,1.7,52.1,1013.8,108.0,S,8,Baku,Toro Rosso
9,24,ALB,10,0,11,9,12,0,23,41.0,19.6,0.0,0.8,53.8,1013.9,0.0,S,9,Baku,Toro Rosso
10,24,ALB,11,0,9,9,12,0,22,40.3,19.5,0.0,1.1,55.0,1013.9,199.0,S,10,Baku,Toro Rosso
11,24,ALB,12,0,9,13,12,0,22,40.2,19.3,0.0,1.0,54.0,1013.7,8.0,S,11,Baku,Toro Rosso
12,24,ALB,13,0,13,20,12,0,21,39.9,19.0,0.0,1.6,54.4,1013.7,0.0,M,0,Baku,Toro Rosso
13,24,ALB,14,0,20,20,12,0,21,39.8,18.9,0.0,1.0,54.4,1013.7,226.0,M,1,Baku,Toro Rosso
14,24,ALB,15,0,20,19,12,0,22,39.9,18.7,0.0,1.1,55.3,1013.8,209.0,M,2,Baku,Toro Rosso
15,24,ALB,16,0,19,19,12,0,23,39.6,18.9,0.0,1.5,55.2,1013.8,270.0,M,3,Baku,Toro Rosso
16,24,ALB,17,0,19,19,12,0,24,39.5,18.8,0.0,1.4,55.7,1013.8,2.0,M,4,Baku,Toro Rosso
17,24,ALB,18,0,19,18,12,0,25,39.5,18.8,0.0,1.4,55.7,1013.8,2.0,M,5,Baku,Toro Rosso
18,24,ALB,19,0,18,18,12,0,24,39.1,18.8,0.0,1.2,56.3,1013.8,186.0,M,6,Baku,Toro Rosso
19,24,ALB,20,0,18,18,12,0,25,38.9,18.6,0.0,1.2,57.4,1013.7,132.0,M,7,Baku,Toro Rosso
20,24,ALB,21,0,18,18,12,0,25,39.0,18.5,0.0,0.8,57.5,1013.8,188.0,M,8,Baku,Toro Rosso
21,24,ALB,22,0,18,18,12,0,26,39.1,18.8,0.0,1.8,56.8,1013.8,240.0,M,9,Baku,Toro Rosso
22,24,ALB,23,0,18,18,12,0,26,38.6,18.7,0.0,1.6,56.9,1013.8,199.0,M,10,Baku,Toro Rosso
23,24,ALB,24,0,18,18,12,0,26,38.7,18.8,0.0,2.7,56.5,1013.8,231.0,M,11,Baku,Toro Rosso
24,24,ALB,25,0,18,17,12,0,27,38.6,18.9,0.0,1.7,53.3,1013.8,210.0,M,12,Baku,Toro Rosso
25,24,ALB,26,0,17,17,12,0,27,38.5,19.2,0.0,1.9,52.4,1013.8,214.0,M,13,Baku,Toro Rosso
26,24,ALB,27,0,17,16,12,0,27,38.5,19.5,0.0,1.8,52.2,1013.7,194.0,M,14,Baku,Toro Rosso
27,24,ALB,28,0,16,16,12,0,27,38.3,19.7,0.0,2.9,51.6,1013.7,204.0,M,15,Baku,Toro Rosso
28,24,ALB,29,0,16,16,12,0,28,38.0,19.5,0.0,1.7,52.3,1013.6,208.0,M,16,Baku,Toro Rosso
29,24,ALB,30,0,16,16,12,0,28,37.9,19.3,0.0,1.7,53.3,1013.7,202.0,M,17,Baku,Toro Rosso
30,24,ALB,31,1,16,14,12,0,29,37.6,19.7,0.0,1.6,52.9,1013.7,225.0,M,18,Baku,Toro Rosso
31,24,ALB,32,1,14,14,12,0,28,37.6,19.6,0.0,1.8,52.7,1013.6,263.0,M,19,Baku,Toro Rosso
32,24,ALB,33,1,14,12,12,0,28,37.6,19.7,0.0,1.2,52.2,1013.6,179.0,M,20,Baku,Toro Rosso
33,24,ALB,34,0,12,12,12,0,29,37.5,19.7,0.0,2.0,52.6,1013.6,212.0,M,21,Baku,Toro Rosso
34,24,ALB,35,0,12,12,12,0,29,37.4,19.4,0.0,1.1,52.6,1013.7,236.0,M,22,Baku,Toro Rosso
35,24,ALB,36,0,12,12,12,0,29,37.3,19.6,0.0,1.7,52.9,1013.6,255.0,M,23,Baku,Toro Rosso
36,24,ALB,37,0,12,12,12,0,28,37.3,19.6,0.0,1.0,52.9,1013.6,190.0,M,24,Baku,Toro Rosso
37,24,ALB,38,0,12,12,12,0,28,36.8,19.4,0.0,1.6,53.1,1013.5,211.0,M,25,Baku,Toro Rosso
38,24,ALB,39,1,12,11,12,0,29,36.8,19.3,0.0,1.3,52.9,1013.6,201.0,M,26,Baku,Toro Rosso
39,24,ALB,40,2,11,11,12,0,30,36.8,19.5,0.0,1.4,52.7,1013.6,231.0,M,27,Baku,Toro Rosso
40,24,ALB,41,2,11,11,12,0,30,36.7,19.4,0.0,0.5,52.9,1013.6,135.0,M,28,Baku,Toro Rosso
41,24,ALB,42,0,11,11,12,0,30,36.3,19.5,0.0,1.0,52.2,1013.6,167.0,M,29,Baku,Toro Rosso
42,24,ALB,43,0,11,11,12,0,30,35.6,19.4,0.0,1.6,52.5,1013.6,222.0,M,30,Baku,Toro Rosso
43,24,ALB,44,0,11,11,12,0,31,35.6,19.5,0.0,1.4,51.7,1013.6,190.0,M,31,Baku,Toro Rosso
44,24,ALB,45,0,11,11,12,0,30,35.8,19.6,0.0,1.6,52.2,1013.7,208.0,M,32,Baku,Toro Rosso
45,24,ALB,46,0,11,11,12,0,30,35.6,19.3,0.0,2.2,52.5,1013.6,246.0,M,33,Baku,Toro Rosso
46,24,ALB,47,0,11,11,12,0,31,35.3,19.3,0.0,1.3,52.5,1013.6,191.0,M,34,Baku,Toro Rosso
47,24,ALB,48,0,11,11,12,0,31,35.3,19.3,0.0,1.3,52.6,1013.6,161.0,M,35,Baku,Toro Rosso
48,24,ALB,49,0,11,11,12,0,31,34.8,19.4,0.0,1.6,53.3,1013.7,210.0,M,36,Baku,Toro Rosso
49,24,ALB,50,0,11,11,12,0,32,34.2,19.3,0.0,1.4,51.5,1013.6,237.0,M,37,Baku,Toro Rosso
0,24,MAG,1,1,13,13,13,0,39,42.4,20.0,0.0,0.8,48.4,1013.9,0.0,S,3,Baku,Haas F1 Team
1,24,MAG,2,0,13,13,13,0,43,42.2,20.0,0.0,0.4,48.2,1013.9,49.0,S,4,Baku,Haas F1 Team
2,24,MAG,3,0,13,13,13,0,45,42.2,20.1,0.0,1.2,48.4,1013.9,201.0,S,5,Baku,Haas F1 Team
3,24,MAG,4,0,13,13,13,0,45,42.4,20.3,0.0,0.6,48.1,1013.9,221.0,S,6,Baku,Haas F1 Team
4,24,MAG,5,0,13,12,13,0,44,41.8,20.3,0.0,1.1,49.5,1013.8,208.0,S,7,Baku,Haas F1 Team
5,24,MAG,6,0,12,12,13,0,43,41.8,20.0,0.0,1.7,49.6,1013.9,218.0,S,8,Baku,Haas F1 Team
6,24,MAG,7,0,12,15,13,0,43,41.7,20.1,0.0,0.8,50.4,1013.8,260.0,S,9,Baku,Haas F1 Team
7,24,MAG,8,0,15,18,13,0,42,41.3,20.1,0.0,1.4,51.1,1013.9,104.0,M,0,Baku,Haas F1 Team
8,24,MAG,9,0,18,17,13,0,43,41.5,20.1,0.0,0.8,51.3,1014.0,244.0,M,1,Baku,Haas F1 Team
9,24,MAG,10,0,17,17,13,0,43,41.3,20.4,0.0,1.1,52.5,1013.9,2.0,M,2,Baku,Haas F1 Team
10,24,MAG,11,0,17,15,13,0,43,41.0,19.7,0.0,0.7,53.0,1013.8,329.0,M,3,Baku,Haas F1 Team
11,24,MAG,12,0,15,14,13,0,43,41.1,19.9,0.0,0.8,52.7,1013.9,206.0,M,4,Baku,Haas F1 Team
12,24,MAG,13,0,14,12,13,0,43,41.0,19.8,0.0,1.7,52.1,1013.8,108.0,M,5,Baku,Haas F1 Team
13,24,MAG,14,0,12,12,13,0,43,40.3,19.5,0.0,1.1,55.0,1013.9,199.0,M,6,Baku,Haas F1 Team
14,24,MAG,15,0,12,12,13,0,43,40.2,19.4,0.0,0.8,53.7,1013.8,1.0,M,7,Baku,Haas F1 Team
15,24,MAG,16,0,12,12,13,0,43,40.1,19.2,0.0,1.2,53.9,1013.8,14.0,M,8,Baku,Haas F1 Team
16,24,MAG,17,0,12,12,13,0,43,39.9,19.0,0.0,1.6,54.4,1013.7,0.0,M,9,Baku,Haas F1 Team
17,24,MAG,18,0,12,12,13,0,43,39.9,18.7,0.0,1.1,55.3,1013.8,209.0,M,10,Baku,Haas F1 Team
18,24,MAG,19,0,12,12,13,0,42,39.6,18.9,0.0,1.5,55.2,1013.8,270.0,M,11,Baku,Haas F1 Team
19,24,MAG,20,0,12,12,13,0,42,39.5,18.8,0.0,1.4,55.7,1013.8,2.0,M,12,Baku,Haas F1 Team
20,24,MAG,21,0,12,13,13,0,41,39.5,18.8,0.0,1.4,55.7,1013.8,2.0,M,13,Baku,Haas F1 Team
21,24,MAG,22,0,13,13,13,0,41,39.0,18.8,0.0,1.5,57.5,1013.8,237.0,M,14,Baku,Haas F1 Team
22,24,MAG,23,0,13,13,13,0,40,39.1,18.9,0.0,1.8,57.4,1013.8,238.0,M,15,Baku,Haas F1 Team
23,24,MAG,24,0,13,12,13,0,40,38.6,18.7,0.0,1.6,56.9,1013.8,199.0,M,16,Baku,Haas F1 Team
24,24,MAG,25,0,12,13,13,0,41,38.7,18.8,0.0,2.7,56.5,1013.8,231.0,M,17,Baku,Haas F1 Team
25,24,MAG,26,0,13,13,13,0,41,38.7,19.0,0.0,1.5,56.2,1013.7,173.0,M,18,Baku,Haas F1 Team
26,24,MAG,27,0,13,14,13,0,41,38.6,18.9,0.0,1.7,53.3,1013.8,210.0,M,19,Baku,Haas F1 Team
27,24,MAG,28,0,14,14,13,0,41,38.5,19.8,0.0,1.7,52.0,1013.7,241.0,M,20,Baku,Haas F1 Team
28,24,MAG,29,0,14,14,13,0,41,38.3,19.7,0.0,2.9,51.6,1013.7,204.0,M,21,Baku,Haas F1 Team
29,24,MAG,30,0,14,14,13,0,41,38.1,19.7,0.0,1.5,52.3,1013.7,222.0,M,22,Baku,Haas F1 Team
30,24,MAG,31,1,14,12,13,0,41,38.0,19.5,0.0,1.7,52.3,1013.6,208.0,M,23,Baku,Haas F1 Team
31,24,MAG,32,1,12,13,13,0,41,37.9,19.3,0.0,1.7,53.3,1013.7,202.0,M,24,Baku,Haas F1 Team
32,24,MAG,33,1,13,14,13,0,40,37.7,19.5,0.0,1.6,52.9,1013.6,168.0,M,25,Baku,Haas F1 Team
33,24,MAG,34,0,14,14,13,0,41,37.4,19.6,0.0,1.4,52.5,1013.6,171.0,M,26,Baku,Haas F1 Team
34,24,MAG,35,0,14,14,13,0,41,37.5,19.7,0.0,2.0,52.6,1013.6,212.0,M,27,Baku,Haas F1 Team
35,24,MAG,36,0,14,14,13,0,41,37.4,19.4,0.0,1.1,52.6,1013.7,236.0,M,28,Baku,Haas F1 Team
36,24,MAG,37,0,14,14,13,0,41,37.3,19.4,0.0,1.6,52.6,1013.6,202.0,M,29,Baku,Haas F1 Team
37,24,MAG,38,0,14,14,13,0,40,36.8,19.4,0.0,1.6,53.1,1013.5,211.0,M,30,Baku,Haas F1 Team
38,24,MAG,39,1,14,13,13,0,40,36.7,19.4,0.0,0.5,52.9,1013.6,135.0,M,31,Baku,Haas F1 Team
39,24,MAG,40,2,13,13,13,0,39,36.3,19.3,0.0,0.8,51.8,1013.6,352.0,S,0,Baku,Haas F1 Team
40,24,MAG,41,2,13,13,13,0,39,36.3,19.5,0.0,1.0,52.2,1013.6,167.0,S,1,Baku,Haas F1 Team
41,24,MAG,42,0,13,13,13,0,39,36.3,19.6,0.0,1.3,52.0,1013.6,278.0,S,2,Baku,Haas F1 Team
42,24,MAG,43,0,13,13,13,0,40,35.6,19.5,0.0,1.4,51.7,1013.6,190.0,S,3,Baku,Haas F1 Team
43,24,MAG,44,0,13,13,13,0,40,35.6,19.3,0.0,2.2,52.5,1013.6,246.0,S,4,Baku,Haas F1 Team
44,24,MAG,45,0,13,13,13,0,41,35.5,19.3,0.0,1.7,52.1,1013.7,209.0,S,5,Baku,Haas F1 Team
45,24,MAG,46,0,13,13,13,0,41,35.3,19.3,0.0,1.3,52.5,1013.6,191.0,S,6,Baku,Haas F1 Team
46,24,MAG,47,0,13,13,13,0,41,34.8,19.4,0.0,1.6,53.3,1013.7,210.0,S,7,Baku,Haas F1 Team
47,24,MAG,48,0,13,13,13,0,42,34.7,19.3,0.0,1.8,51.9,1013.6,208.0,S,8,Baku,Haas F1 Team
48,24,MAG,49,0,13,13,13,0,43,34.4,19.3,0.0,1.4,52.2,1013.6,221.0,S,9,Baku,Haas F1 Team
49,24,MAG,50,0,13,13,13,0,43,34.4,19.5,0.0,1.2,51.2,1013.6,207.0,S,10,Baku,Haas F1 Team
0,24,STR,1,1,11,11,11,0,49,42.2,20.0,0.0,0.4,48.2,1013.9,49.0,S,0,Baku,Racing Point
1,24,STR,2,0,11,11,11,0,47,42.4,20.3,0.0,0.6,48.1,1013.9,221.0,S,1,Baku,Racing Point
2,24,STR,3,0,11,10,11,0,48,42.3,20.4,0.0,2.2,48.3,1013.9,29.0,S,2,Baku,Racing Point
3,24,STR,4,0,10,9,11,0,47,41.6,20.0,0.0,0.5,49.5,1013.8,31.0,S,3,Baku,Racing Point
4,24,STR,5,0,9,9,11,0,46,41.8,20.0,0.0,1.7,49.6,1013.9,218.0,S,4,Baku,Racing Point
5,24,STR,6,0,9,9,11,0,46,41.7,20.1,0.0,0.8,50.4,1013.8,260.0,S,5,Baku,Racing Point
6,24,STR,7,0,9,9,11,0,46,41.5,20.1,0.0,1.6,50.8,1014.0,218.0,S,6,Baku,Racing Point
7,24,STR,8,0,9,9,11,0,45,41.4,20.0,0.0,2.0,50.0,1013.9,0.0,S,7,Baku,Racing Point
8,24,STR,9,0,9,9,11,0,43,41.5,20.1,0.0,0.8,51.3,1014.0,244.0,S,8,Baku,Racing Point
9,24,STR,10,0,9,11,11,0,41,41.3,20.2,0.0,0.9,51.7,1014.0,219.0,S,9,Baku,Racing Point
10,24,STR,11,0,11,18,11,0,39,41.3,20.0,0.0,1.4,53.3,1013.9,231.0,M,0,Baku,Racing Point
11,24,STR,12,0,18,18,11,0,39,40.3,19.5,0.0,1.1,55.0,1013.9,199.0,M,1,Baku,Racing Point
12,24,STR,13,0,18,17,11,0,39,40.2,19.3,0.0,1.0,54.0,1013.7,8.0,M,2,Baku,Racing Point
13,24,STR,14,0,17,16,11,0,39,39.8,18.9,0.0,1.0,54.4,1013.7,226.0,M,3,Baku,Racing Point
14,24,STR,15,0,16,16,11,0,39,39.6,18.9,0.0,1.5,55.2,1013.8,270.0,M,4,Baku,Racing Point
15,24,STR,16,0,16,15,11,0,40,39.5,18.8,0.0,1.4,55.7,1013.8,2.0,M,5,Baku,Racing Point
16,24,STR,17,0,15,15,11,0,40,39.1,18.8,0.0,1.2,56.3,1013.8,186.0,M,6,Baku,Racing Point
17,24,STR,18,0,15,15,11,0,40,38.9,18.6,0.0,1.2,57.4,1013.7,132.0,M,7,Baku,Racing Point
18,24,STR,19,0,15,15,11,0,40,39.0,18.8,0.0,1.5,57.5,1013.8,237.0,M,8,Baku,Racing Point
19,24,STR,20,0,15,14,11,0,39,39.1,18.8,0.0,1.8,56.8,1013.8,240.0,M,9,Baku,Racing Point
20,24,STR,21,0,14,14,11,0,39,39.1,18.9,0.0,1.8,57.4,1013.8,238.0,M,10,Baku,Racing Point
21,24,STR,22,0,14,14,11,0,39,38.6,18.7,0.0,1.6,56.9,1013.8,199.0,M,11,Baku,Racing Point
22,24,STR,23,0,14,14,11,0,39,38.7,18.8,0.0,2.7,56.5,1013.8,231.0,M,12,Baku,Racing Point
23,24,STR,24,0,14,13,11,0,39,38.6,18.9,0.0,1.7,53.3,1013.8,210.0,M,13,Baku,Racing Point
24,24,STR,25,0,13,12,11,0,40,38.5,19.4,0.0,1.9,52.4,1013.8,207.0,M,14,Baku,Racing Point
25,24,STR,26,0,12,12,11,0,41,38.5,19.8,0.0,1.7,52.0,1013.7,241.0,M,15,Baku,Racing Point
26,24,STR,27,0,12,12,11,0,41,38.4,19.7,0.0,1.7,51.6,1013.7,256.0,M,16,Baku,Racing Point
27,24,STR,28,0,12,12,11,0,41,38.3,19.7,0.0,2.9,51.6,1013.7,204.0,M,17,Baku,Racing Point
28,24,STR,29,0,12,12,11,0,42,38.1,19.7,0.0,1.5,52.3,1013.7,222.0,M,18,Baku,Racing Point
29,24,STR,30,0,12,12,11,0,42,37.7,19.7,0.0,1.8,52.7,1013.7,212.0,M,19,Baku,Racing Point
30,24,STR,31,1,12,10,11,0,43,37.6,19.7,0.0,1.6,52.9,1013.7,225.0,M,20,Baku,Racing Point
31,24,STR,32,1,10,10,11,0,43,37.5,19.5,0.0,1.5,52.9,1013.7,0.0,M,21,Baku,Racing Point
32,24,STR,33,1,10,10,11,0,43,37.6,19.7,0.0,1.2,52.2,1013.6,179.0,M,22,Baku,Racing Point
33,24,STR,34,0,10,10,11,0,44,37.5,19.7,0.0,2.0,52.6,1013.6,212.0,M,23,Baku,Racing Point
34,24,STR,35,0,10,10,11,0,45,37.5,19.5,0.0,1.5,52.6,1013.7,207.0,M,24,Baku,Racing Point
35,24,STR,36,0,10,10,11,0,45,37.4,19.4,0.0,1.1,52.6,1013.7,236.0,M,25,Baku,Racing Point
36,24,STR,37,0,10,10,11,0,46,37.3,19.4,0.0,1.6,52.6,1013.6,202.0,M,26,Baku,Racing Point
37,24,STR,38,0,10,10,11,0,46,37.3,19.6,0.0,1.7,52.9,1013.6,255.0,M,27,Baku,Racing Point
38,24,STR,39,1,10,9,11,0,47,36.8,19.4,0.0,1.6,53.1,1013.5,211.0,M,28,Baku,Racing Point
39,24,STR,40,2,9,9,11,0,47,36.3,19.3,0.0,0.8,51.8,1013.6,352.0,M,29,Baku,Racing Point
40,24,STR,41,2,9,9,11,0,48,36.3,19.5,0.0,0.9,52.1,1013.6,207.0,M,30,Baku,Racing Point
41,24,STR,42,0,9,9,11,0,48,36.3,19.6,0.0,1.3,52.0,1013.6,278.0,M,31,Baku,Racing Point
42,24,STR,43,0,9,9,11,0,49,35.6,19.5,0.0,1.4,51.7,1013.6,190.0,M,32,Baku,Racing Point
43,24,STR,44,0,9,9,11,0,49,35.6,19.3,0.0,2.2,52.5,1013.6,246.0,M,33,Baku,Racing Point
44,24,STR,45,0,9,9,11,0,50,35.5,19.3,0.0,1.7,52.1,1013.7,209.0,M,34,Baku,Racing Point
45,24,STR,46,0,9,9,11,0,50,35.3,19.3,0.0,1.3,52.5,1013.6,191.0,M,35,Baku,Racing Point
46,24,STR,47,0,9,9,11,0,51,35.3,19.3,0.0,1.3,52.6,1013.6,161.0,M,36,Baku,Racing Point
47,24,STR,48,0,9,9,11,0,51,34.7,19.3,0.0,1.5,52.7,1013.6,290.0,M,37,Baku,Racing Point
48,24,STR,49,0,9,9,11,0,51,34.2,19.3,0.0,1.4,51.5,1013.6,237.0,M,38,Baku,Racing Point
49,24,STR,50,0,9,9,11,0,52,34.3,19.5,0.0,0.9,51.2,1013.7,234.0,M,39,Baku,Racing Point
50,24,STR,51,0,9,9,11,0,52,34.4,19.5,0.0,1.2,51.2,1013.6,207.0,M,40,Baku,Racing Point
0,24,GRO,1,1,16,16,16,0,35,41.6,20.0,0.0,1.0,48.9,1013.8,161.0,M,0,Baku,Haas F1 Team
1,24,GRO,2,0,16,16,16,0,35,42.2,20.0,0.0,0.4,48.2,1013.9,49.0,M,1,Baku,Haas F1 Team
2,24,GRO,3,0,16,16,16,0,38,42.2,20.1,0.0,1.2,48.4,1013.9,201.0,M,2,Baku,Haas F1 Team
3,24,GRO,4,0,16,16,16,0,38,42.3,20.4,0.0,2.2,48.3,1013.9,29.0,M,3,Baku,Haas F1 Team
4,24,GRO,5,0,16,15,16,0,37,41.8,20.0,0.0,1.7,49.6,1013.9,218.0,M,4,Baku,Haas F1 Team
5,24,GRO,6,0,15,15,16,0,34,41.5,20.1,0.0,1.6,50.8,1014.0,218.0,M,5,Baku,Haas F1 Team
6,24,GRO,7,0,15,14,16,0,34,41.3,20.1,0.0,1.4,51.1,1013.9,104.0,M,6,Baku,Haas F1 Team
7,24,GRO,8,0,14,13,16,0,35,41.4,20.1,0.0,1.0,51.3,1013.9,0.0,M,7,Baku,Haas F1 Team
8,24,GRO,9,0,13,13,16,0,35,41.3,20.2,0.0,0.9,51.7,1014.0,219.0,M,8,Baku,Haas F1 Team
9,24,GRO,10,0,13,10,16,0,35,41.1,19.9,0.0,0.8,52.7,1013.9,206.0,M,9,Baku,Haas F1 Team
10,24,GRO,11,0,10,8,16,0,35,40.2,19.3,0.0,1.0,54.0,1013.7,8.0,M,10,Baku,Haas F1 Team
11,24,GRO,12,0,8,8,16,0,35,39.9,19.0,0.0,1.6,54.4,1013.7,0.0,M,11,Baku,Haas F1 Team
12,24,GRO,13,0,8,7,16,0,36,39.9,18.7,0.0,1.1,55.3,1013.8,209.0,M,12,Baku,Haas F1 Team
13,24,GRO,14,0,7,8,16,0,37,39.1,18.8,0.0,1.2,56.3,1013.8,186.0,M,13,Baku,Haas F1 Team
14,24,GRO,15,0,8,9,16,0,37,39.0,18.5,0.0,0.8,57.5,1013.8,188.0,M,14,Baku,Haas F1 Team
15,24,GRO,16,0,9,10,16,0,37,38.6,18.7,0.0,1.6,56.9,1013.8,199.0,M,15,Baku,Haas F1 Team
16,24,GRO,17,0,10,10,16,0,37,38.7,19.1,0.0,0.7,54.5,1013.8,250.0,M,16,Baku,Haas F1 Team
17,24,GRO,18,0,10,11,16,0,37,38.5,19.2,0.0,1.9,52.4,1013.8,214.0,M,17,Baku,Haas F1 Team
18,24,GRO,19,0,11,11,16,0,37,38.5,19.4,0.0,1.9,52.4,1013.8,207.0,M,18,Baku,Haas F1 Team
19,24,GRO,20,0,11,11,16,0,37,38.4,19.7,0.0,1.7,51.6,1013.7,256.0,M,19,Baku,Haas F1 Team
20,24,GRO,21,0,11,11,16,0,37,38.3,19.7,0.0,2.9,51.6,1013.7,204.0,M,20,Baku,Haas F1 Team
21,24,GRO,22,0,11,11,16,0,38,38.1,19.7,0.0,1.5,52.3,1013.7,222.0,M,21,Baku,Haas F1 Team
22,24,GRO,23,0,11,11,16,0,38,37.9,19.3,0.0,1.7,53.3,1013.7,202.0,M,22,Baku,Haas F1 Team
23,24,GRO,24,0,11,17,16,0,38,37.7,19.5,0.0,1.6,52.9,1013.6,168.0,M,23,Baku,Haas F1 Team
24,24,GRO,25,0,17,18,16,0,39,37.6,19.7,0.0,1.6,52.9,1013.7,225.0,M,24,Baku,Haas F1 Team
25,24,GRO,26,0,18,18,16,0,40,37.6,19.7,0.0,1.2,52.2,1013.6,179.0,M,25,Baku,Haas F1 Team
26,24,GRO,27,0,18,18,16,0,40,37.5,19.5,0.0,1.5,52.6,1013.7,207.0,M,26,Baku,Haas F1 Team
27,24,GRO,28,0,18,18,16,0,40,37.5,19.6,0.0,1.7,52.6,1013.7,217.0,M,27,Baku,Haas F1 Team
28,24,GRO,29,0,18,18,16,0,40,37.4,19.4,0.0,1.1,52.6,1013.7,236.0,M,28,Baku,Haas F1 Team
29,24,GRO,30,0,18,18,16,0,40,36.8,19.5,0.0,1.4,52.7,1013.6,231.0,M,29,Baku,Haas F1 Team
30,24,GRO,31,1,18,16,16,0,41,36.3,19.3,0.0,0.8,51.8,1013.6,352.0,M,30,Baku,Haas F1 Team
31,24,GRO,32,1,16,16,16,0,40,36.2,19.5,0.0,1.7,52.3,1013.5,20.0,M,31,Baku,Haas F1 Team
32,24,GRO,33,1,16,16,16,0,40,35.6,19.3,0.0,2.2,52.5,1013.6,246.0,M,32,Baku,Haas F1 Team
33,24,GRO,34,0,16,16,16,0,41,35.5,19.3,0.0,1.7,52.1,1013.7,209.0,M,33,Baku,Haas F1 Team
34,24,GRO,35,0,16,16,16,0,40,35.3,19.3,0.0,1.3,52.5,1013.6,191.0,S,5,Baku,Haas F1 Team
35,24,GRO,36,0,16,16,16,0,39,34.8,19.4,0.0,1.6,53.3,1013.7,210.0,S,6,Baku,Haas F1 Team
36,24,GRO,37,0,16,16,16,0,39,34.7,19.3,0.0,1.8,51.9,1013.6,208.0,S,7,Baku,Haas F1 Team
37,24,GRO,38,0,16,16,16,1,38,34.4,19.3,0.0,1.4,52.2,1013.6,221.0,S,8,Baku,Haas F1 Team
0,24,HUL,1,1,14,14,14,0,58,41.6,20.0,0.0,1.0,48.9,1013.8,161.0,S,0,Baku,Renault
1,24,HUL,2,0,14,14,14,0,57,42.4,20.0,0.0,0.8,48.4,1013.9,0.0,S,1,Baku,Renault
2,24,HUL,3,0,14,14,14,0,58,42.2,20.0,0.0,0.4,48.2,1013.9,49.0,S,2,Baku,Renault
3,24,HUL,4,0,14,14,14,0,58,42.2,20.1,0.0,1.2,48.4,1013.9,201.0,S,3,Baku,Renault
4,24,HUL,5,0,14,13,14,0,56,42.4,20.3,0.0,1.4,48.5,1013.8,332.0,S,4,Baku,Renault
5,24,HUL,6,0,13,14,14,0,55,42.4,20.3,0.0,0.6,48.1,1013.9,221.0,S,5,Baku,Renault
6,24,HUL,7,0,14,13,14,0,54,41.8,20.3,0.0,1.1,49.5,1013.8,208.0,S,6,Baku,Renault
7,24,HUL,8,0,13,15,14,0,54,41.5,20.1,0.0,1.6,50.8,1014.0,218.0,S,7,Baku,Renault
8,24,HUL,9,0,15,19,14,0,53,41.3,20.1,0.0,1.4,51.1,1013.9,104.0,M,0,Baku,Renault
9,24,HUL,10,0,19,19,14,0,54,41.5,20.1,0.0,0.8,51.3,1014.0,244.0,M,1,Baku,Renault
10,24,HUL,11,0,19,19,14,0,55,41.3,20.0,0.0,1.4,53.3,1013.9,231.0,M,2,Baku,Renault
11,24,HUL,12,0,19,19,14,0,55,41.0,19.7,0.0,0.7,53.0,1013.8,329.0,M,3,Baku,Renault
12,24,HUL,13,0,19,18,14,0,56,41.0,19.8,0.0,1.7,52.1,1013.8,108.0,M,4,Baku,Renault
13,24,HUL,14,0,18,17,14,0,57,40.3,19.5,0.0,1.1,55.0,1013.9,199.0,M,5,Baku,Renault
14,24,HUL,15,0,17,17,14,0,57,40.1,19.2,0.0,1.2,53.9,1013.8,14.0,M,6,Baku,Renault
15,24,HUL,16,0,17,16,14,0,58,39.9,19.0,0.0,1.6,54.4,1013.7,0.0,M,7,Baku,Renault
16,24,HUL,17,0,16,16,14,0,58,39.8,18.9,0.0,1.0,54.4,1013.7,226.0,M,8,Baku,Renault
17,24,HUL,18,0,16,16,14,0,59,39.0,18.8,0.0,1.5,57.5,1013.8,237.0,M,9,Baku,Renault
18,24,HUL,19,0,16,16,14,0,60,39.1,18.8,0.0,1.8,56.8,1013.8,240.0,M,10,Baku,Renault
19,24,HUL,20,0,16,16,14,0,60,39.1,18.9,0.0,1.8,57.4,1013.8,238.0,M,11,Baku,Renault
20,24,HUL,21,0,16,16,14,0,60,38.6,18.7,0.0,1.6,56.9,1013.8,199.0,M,12,Baku,Renault
21,24,HUL,22,0,16,16,14,0,60,38.7,18.8,0.0,2.7,56.5,1013.8,231.0,M,13,Baku,Renault
22,24,HUL,23,0,16,16,14,0,60,38.7,19.0,0.0,1.5,56.2,1013.7,173.0,M,14,Baku,Renault
23,24,HUL,24,0,16,15,14,0,61,38.7,19.1,0.0,0.7,54.5,1013.8,250.0,M,15,Baku,Renault
24,24,HUL,25,0,15,16,14,0,61,38.6,18.9,0.0,1.7,53.3,1013.8,210.0,M,16,Baku,Renault
25,24,HUL,26,0,16,16,14,0,61,38.5,19.8,0.0,1.7,52.0,1013.7,241.0,M,17,Baku,Renault
26,24,HUL,27,0,16,17,14,0,61,38.0,19.5,0.0,1.7,52.3,1013.6,208.0,M,18,Baku,Renault
27,24,HUL,28,0,17,17,14,0,61,37.9,19.3,0.0,1.7,53.3,1013.7,202.0,M,19,Baku,Renault
28,24,HUL,29,0,17,17,14,0,61,37.7,19.5,0.0,1.6,52.9,1013.6,168.0,M,20,Baku,Renault
29,24,HUL,30,0,17,17,14,0,62,37.7,19.7,0.0,1.8,52.7,1013.7,212.0,M,21,Baku,Renault
30,24,HUL,31,1,17,15,14,0,64,37.6,19.7,0.0,1.6,52.9,1013.7,225.0,M,22,Baku,Renault
31,24,HUL,32,1,15,15,14,0,64,37.6,19.6,0.0,1.8,52.7,1013.6,263.0,M,23,Baku,Renault
32,24,HUL,33,1,15,15,14,0,64,37.6,19.7,0.0,1.2,52.2,1013.6,179.0,M,24,Baku,Renault
33,24,HUL,34,0,15,15,14,0,64,37.5,19.7,0.0,2.0,52.6,1013.6,212.0,M,25,Baku,Renault
34,24,HUL,35,0,15,15,14,0,64,37.5,19.5,0.0,1.5,52.6,1013.7,207.0,S,0,Baku,Renault
35,24,HUL,36,0,15,15,14,0,63,37.4,19.4,0.0,1.1,52.6,1013.7,236.0,S,1,Baku,Renault
36,24,HUL,37,0,15,15,14,0,63,37.3,19.6,0.0,1.7,52.9,1013.6,255.0,S,2,Baku,Renault
37,24,HUL,38,0,15,15,14,0,63,37.3,19.6,0.0,1.0,52.9,1013.6,190.0,S,3,Baku,Renault
38,24,HUL,39,1,15,14,14,0,64,36.8,19.4,0.0,1.6,53.1,1013.5,211.0,S,4,Baku,Renault
39,24,HUL,40,2,14,14,14,0,64,36.8,19.3,0.0,1.3,52.9,1013.6,201.0,S,5,Baku,Renault
40,24,HUL,41,2,14,14,14,0,64,36.8,19.5,0.0,1.4,52.7,1013.6,231.0,S,6,Baku,Renault
41,24,HUL,42,0,14,14,14,0,64,36.3,19.5,0.0,0.9,52.1,1013.6,207.0,S,7,Baku,Renault
42,24,HUL,43,0,14,14,14,0,64,36.3,19.6,0.0,1.3,52.0,1013.6,278.0,S,8,Baku,Renault
43,24,HUL,44,0,14,14,14,0,64,36.2,19.5,0.0,1.7,52.3,1013.5,20.0,S,9,Baku,Renault
44,24,HUL,45,0,14,14,14,0,64,35.6,19.4,0.0,1.6,52.5,1013.6,222.0,S,10,Baku,Renault
45,24,HUL,46,0,14,14,14,0,64,35.4,19.3,0.0,1.4,52.7,1013.5,204.0,S,11,Baku,Renault
46,24,HUL,47,0,14,14,14,0,64,35.3,19.3,0.0,1.3,52.5,1013.6,191.0,S,12,Baku,Renault
47,24,HUL,48,0,14,14,14,0,64,35.3,19.3,0.0,1.3,52.6,1013.6,161.0,S,13,Baku,Renault
48,24,HUL,49,0,14,14,14,0,65,34.7,19.3,0.0,1.8,51.9,1013.6,208.0,S,14,Baku,Renault
49,24,HUL,50,0,14,14,14,0,65,34.3,19.5,0.0,0.9,51.2,1013.7,234.0,S,15,Baku,Renault
0,24,RUS,1,1,18,18,18,0,49,42.4,20.0,0.0,0.8,48.4,1013.9,0.0,M,0,Baku,Williams
1,24,RUS,2,0,18,18,18,0,49,42.4,20.3,0.0,0.6,48.1,1013.9,221.0,M,1,Baku,Williams
2,24,RUS,3,0,18,19,18,0,55,41.8,20.3,0.0,1.1,49.5,1013.8,208.0,M,2,Baku,Williams
3,24,RUS,4,0,19,19,18,0,54,41.6,20.0,0.0,0.5,49.5,1013.8,31.0,M,3,Baku,Williams
4,24,RUS,5,0,19,17,18,0,54,41.8,20.0,0.0,1.7,49.6,1013.9,218.0,M,4,Baku,Williams
5,24,RUS,6,0,17,17,18,0,55,41.7,20.1,0.0,0.8,50.4,1013.8,260.0,M,5,Baku,Williams
6,24,RUS,7,0,17,16,18,0,55,41.4,20.0,0.0,2.0,50.0,1013.9,0.0,M,6,Baku,Williams
7,24,RUS,8,0,16,14,18,0,55,41.5,20.1,0.0,0.8,51.3,1014.0,244.0,M,7,Baku,Williams
8,24,RUS,9,0,14,14,18,0,55,41.4,20.1,0.0,1.0,51.3,1013.9,0.0,M,8,Baku,Williams
9,24,RUS,10,0,14,13,18,0,55,41.3,20.0,0.0,1.4,53.3,1013.9,231.0,M,9,Baku,Williams
10,24,RUS,11,0,13,12,18,0,55,41.1,19.8,0.0,0.9,52.1,1013.9,201.0,M,10,Baku,Williams
11,24,RUS,12,0,12,12,18,0,56,41.0,19.6,0.0,0.8,53.8,1013.9,0.0,M,11,Baku,Williams
12,24,RUS,13,0,12,13,18,0,56,40.3,19.5,0.0,1.1,55.0,1013.9,199.0,M,12,Baku,Williams
13,24,RUS,14,0,13,14,18,0,56,40.5,19.3,0.0,1.2,54.6,1013.9,322.0,M,13,Baku,Williams
14,24,RUS,15,0,14,15,18,0,55,40.2,19.3,0.0,1.0,54.0,1013.7,8.0,M,14,Baku,Williams
15,24,RUS,16,0,15,17,18,0,55,40.1,19.2,0.0,1.2,53.9,1013.8,14.0,M,15,Baku,Williams
16,24,RUS,17,0,17,18,18,0,55,39.9,19.0,0.0,1.6,54.4,1013.7,0.0,M,16,Baku,Williams
17,24,RUS,18,0,18,19,18,0,54,39.8,18.9,0.0,1.0,54.4,1013.7,226.0,M,17,Baku,Williams
18,24,RUS,19,0,19,19,18,0,54,39.5,18.8,0.0,1.4,55.7,1013.8,2.0,M,18,Baku,Williams
19,24,RUS,20,0,19,19,18,0,54,38.9,18.6,0.0,1.2,57.4,1013.7,132.0,M,19,Baku,Williams
20,24,RUS,21,0,19,19,18,0,54,38.6,18.7,0.0,1.6,56.9,1013.8,199.0,M,20,Baku,Williams
21,24,RUS,22,0,19,19,18,0,55,38.7,18.8,0.0,2.7,56.5,1013.8,231.0,M,21,Baku,Williams
22,24,RUS,23,0,19,19,18,0,55,38.7,19.0,0.0,1.5,56.2,1013.7,173.0,M,22,Baku,Williams
23,24,RUS,24,0,19,19,18,0,56,38.6,18.9,0.0,1.7,53.3,1013.8,210.0,M,23,Baku,Williams
24,24,RUS,25,0,19,19,18,0,57,38.5,19.8,0.0,1.7,52.0,1013.7,241.0,M,24,Baku,Williams
25,24,RUS,26,0,19,19,18,0,57,38.3,19.7,0.0,2.9,51.6,1013.7,204.0,M,0,Baku,Williams
26,24,RUS,27,0,19,19,18,0,57,38.1,19.7,0.0,1.5,52.3,1013.7,222.0,M,1,Baku,Williams
27,24,RUS,28,0,19,19,18,0,58,38.0,19.5,0.0,1.7,52.3,1013.6,208.0,M,2,Baku,Williams
28,24,RUS,29,0,19,19,18,0,58,37.9,19.4,0.0,1.2,52.6,1013.7,214.0,M,3,Baku,Williams
29,24,RUS,30,0,19,19,18,0,59,37.7,19.7,0.0,1.8,52.7,1013.7,212.0,M,4,Baku,Williams
30,24,RUS,31,1,19,19,18,0,60,37.5,19.5,0.0,1.5,52.9,1013.7,0.0,M,5,Baku,Williams
31,24,RUS,32,1,19,18,18,0,60,37.6,19.7,0.0,1.2,52.2,1013.6,179.0,M,6,Baku,Williams
32,24,RUS,33,1,18,18,18,0,61,37.4,19.6,0.0,1.4,52.5,1013.6,171.0,M,7,Baku,Williams
33,24,RUS,34,0,18,17,18,0,62,37.5,19.7,0.0,2.0,52.6,1013.6,212.0,M,8,Baku,Williams
34,24,RUS,35,0,17,17,18,0,61,37.4,19.4,0.0,1.1,52.6,1013.7,236.0,M,9,Baku,Williams
35,24,RUS,36,0,17,17,18,0,61,37.3,19.4,0.0,1.6,52.6,1013.6,202.0,M,10,Baku,Williams
36,24,RUS,37,0,17,17,18,0,62,37.3,19.6,0.0,1.7,52.9,1013.6,255.0,M,11,Baku,Williams
37,24,RUS,38,0,17,17,18,0,63,36.8,19.4,0.0,1.6,53.1,1013.5,211.0,M,12,Baku,Williams
38,24,RUS,39,1,17,15,18,0,64,36.8,19.3,0.0,1.3,52.9,1013.6,201.0,S,0,Baku,Williams
39,24,RUS,40,2,15,15,18,0,64,36.3,19.3,0.0,0.8,51.8,1013.6,352.0,S,1,Baku,Williams
40,24,RUS,41,2,15,15,18,0,65,36.3,19.6,0.0,1.3,52.0,1013.6,278.0,S,2,Baku,Williams
41,24,RUS,42,0,15,15,18,0,65,35.6,19.5,0.0,1.4,51.7,1013.6,190.0,S,3,Baku,Williams
42,24,RUS,43,0,15,15,18,0,66,35.5,19.3,0.0,1.7,52.1,1013.7,209.0,S,4,Baku,Williams
43,24,RUS,44,0,15,15,18,0,66,35.3,19.3,0.0,1.3,52.6,1013.6,161.0,S,5,Baku,Williams
44,24,RUS,45,0,15,15,18,0,65,34.8,19.4,0.0,1.6,53.3,1013.7,210.0,S,6,Baku,Williams
45,24,RUS,46,0,15,15,18,0,65,34.7,19.3,0.0,1.5,52.7,1013.6,290.0,S,7,Baku,Williams
46,24,RUS,47,0,15,15,18,0,66,34.4,19.3,0.0,1.4,52.2,1013.6,221.0,S,8,Baku,Williams
47,24,RUS,48,0,15,15,18,0,66,34.3,19.5,0.0,0.9,51.2,1013.7,234.0,S,9,Baku,Williams
48,24,RUS,49,0,15,15,18,0,66,34.4,19.5,0.0,1.2,51.2,1013.6,207.0,S,10,Baku,Williams
0,24,GIO,1,1,15,15,15,0,31,41.6,20.0,0.0,1.0,48.9,1013.8,161.0,S,3,Baku,Alfa Romeo Racing
1,24,GIO,2,0,15,15,15,0,29,42.4,20.0,0.0,0.8,48.4,1013.9,0.0,S,4,Baku,Alfa Romeo Racing
2,24,GIO,3,0,15,15,15,0,31,42.2,20.0,0.0,0.4,48.2,1013.9,49.0,S,5,Baku,Alfa Romeo Racing
3,24,GIO,4,0,15,15,15,0,32,42.2,20.1,0.0,1.2,48.4,1013.9,201.0,S,6,Baku,Alfa Romeo Racing
4,24,GIO,5,0,15,13,15,0,32,42.4,20.3,0.0,0.6,48.1,1013.9,221.0,S,7,Baku,Alfa Romeo Racing
5,24,GIO,6,0,13,16,15,0,32,42.3,20.4,0.0,2.2,48.3,1013.9,29.0,S,8,Baku,Alfa Romeo Racing
6,24,GIO,7,0,16,18,15,0,31,41.8,20.3,0.0,1.1,49.5,1013.8,208.0,S,9,Baku,Alfa Romeo Racing
7,24,GIO,8,0,18,20,15,0,29,41.5,20.1,0.0,1.6,50.8,1014.0,218.0,M,0,Baku,Alfa Romeo Racing
8,24,GIO,9,0,20,20,15,0,29,41.4,20.0,0.0,2.0,50.0,1013.9,0.0,M,1,Baku,Alfa Romeo Racing
9,24,GIO,10,0,20,20,15,0,29,41.3,20.4,0.0,1.1,52.5,1013.9,2.0,M,2,Baku,Alfa Romeo Racing
10,24,GIO,11,0,20,20,15,0,29,41.3,20.0,0.0,1.4,53.3,1013.9,231.0,M,3,Baku,Alfa Romeo Racing
11,24,GIO,12,0,20,20,15,0,29,41.0,19.7,0.0,0.7,53.0,1013.8,329.0,M,4,Baku,Alfa Romeo Racing
12,24,GIO,13,0,20,19,15,0,28,41.0,19.6,0.0,0.8,53.8,1013.9,0.0,M,5,Baku,Alfa Romeo Racing
13,24,GIO,14,0,19,19,15,0,28,40.5,19.3,0.0,1.2,54.6,1013.9,322.0,M,6,Baku,Alfa Romeo Racing
14,24,GIO,15,0,19,18,15,0,28,40.2,19.3,0.0,1.0,54.0,1013.7,8.0,M,7,Baku,Alfa Romeo Racing
15,24,GIO,16,0,18,18,15,0,28,39.6,18.9,0.0,1.5,55.2,1013.8,270.0,M,8,Baku,Alfa Romeo Racing
16,24,GIO,17,0,18,17,15,0,28,39.5,18.8,0.0,1.4,55.7,1013.8,2.0,M,9,Baku,Alfa Romeo Racing
17,24,GIO,18,0,17,17,15,0,28,39.1,18.8,0.0,1.2,56.3,1013.8,186.0,M,10,Baku,Alfa Romeo Racing
18,24,GIO,19,0,17,17,15,0,28,39.1,18.6,0.0,0.5,56.9,1013.6,346.0,M,11,Baku,Alfa Romeo Racing
19,24,GIO,20,0,17,17,15,0,28,39.0,18.8,0.0,1.5,57.5,1013.8,237.0,M,12,Baku,Alfa Romeo Racing
20,24,GIO,21,0,17,17,15,0,28,39.1,18.8,0.0,1.8,56.8,1013.8,240.0,M,13,Baku,Alfa Romeo Racing
21,24,GIO,22,0,17,17,15,0,28,39.1,18.9,0.0,1.8,57.4,1013.8,238.0,M,14,Baku,Alfa Romeo Racing
22,24,GIO,23,0,17,17,15,0,28,38.7,18.8,0.0,2.7,56.5,1013.8,231.0,M,15,Baku,Alfa Romeo Racing
23,24,GIO,24,0,17,16,15,0,28,38.7,19.0,0.0,1.5,56.2,1013.7,173.0,M,16,Baku,Alfa Romeo Racing
24,24,GIO,25,0,16,15,15,0,29,38.7,19.1,0.0,0.7,54.5,1013.8,250.0,M,17,Baku,Alfa Romeo Racing
25,24,GIO,26,0,15,15,15,0,30,38.6,18.9,0.0,1.7,53.3,1013.8,210.0,M,18,Baku,Alfa Romeo Racing
26,24,GIO,27,0,15,15,15,0,30,38.5,19.8,0.0,1.7,52.0,1013.7,241.0,M,19,Baku,Alfa Romeo Racing
27,24,GIO,28,0,15,15,15,0,30,38.4,19.7,0.0,1.7,51.6,1013.7,256.0,M,20,Baku,Alfa Romeo Racing
28,24,GIO,29,0,15,15,15,0,31,38.0,19.5,0.0,1.7,52.3,1013.6,208.0,M,21,Baku,Alfa Romeo Racing
29,24,GIO,30,0,15,15,15,0,31,37.9,19.3,0.0,1.7,53.3,1013.7,202.0,M,22,Baku,Alfa Romeo Racing
30,24,GIO,31,1,15,13,15,0,31,37.7,19.7,0.0,1.8,52.7,1013.7,212.0,M,23,Baku,Alfa Romeo Racing
31,24,GIO,32,1,13,12,15,0,30,37.5,19.5,0.0,1.5,52.9,1013.7,0.0,M,24,Baku,Alfa Romeo Racing
32,24,GIO,33,1,12,13,15,0,29,37.6,19.6,0.0,1.8,52.7,1013.6,263.0,M,25,Baku,Alfa Romeo Racing
33,24,GIO,34,0,13,13,15,0,30,37.6,19.7,0.0,1.2,52.2,1013.6,179.0,M,26,Baku,Alfa Romeo Racing
34,24,GIO,35,0,13,13,15,0,30,37.4,19.6,0.0,1.4,52.5,1013.6,171.0,M,27,Baku,Alfa Romeo Racing
35,24,GIO,36,0,13,13,15,0,30,37.5,19.7,0.0,2.0,52.6,1013.6,212.0,M,28,Baku,Alfa Romeo Racing
36,24,GIO,37,0,13,13,15,0,29,37.5,19.6,0.0,1.7,52.6,1013.7,217.0,M,29,Baku,Alfa Romeo Racing
37,24,GIO,38,0,13,13,15,0,29,36.8,19.4,0.0,1.6,53.1,1013.5,211.0,M,30,Baku,Alfa Romeo Racing
38,24,GIO,39,1,13,12,15,0,30,36.8,19.3,0.0,1.3,52.9,1013.6,201.0,M,31,Baku,Alfa Romeo Racing
39,24,GIO,40,2,12,12,15,0,29,36.7,19.4,0.0,0.5,52.9,1013.6,135.0,M,32,Baku,Alfa Romeo Racing
40,24,GIO,41,2,12,12,15,0,29,36.3,19.3,0.0,0.8,51.8,1013.6,352.0,M,33,Baku,Alfa Romeo Racing
41,24,GIO,42,0,12,12,15,0,29,36.3,19.5,0.0,1.0,52.2,1013.6,167.0,M,34,Baku,Alfa Romeo Racing
42,24,GIO,43,0,12,12,15,0,29,36.3,19.6,0.0,1.3,52.0,1013.6,278.0,M,35,Baku,Alfa Romeo Racing
43,24,GIO,44,0,12,12,15,0,29,35.6,19.4,0.0,1.6,52.5,1013.6,222.0,M,36,Baku,Alfa Romeo Racing
44,24,GIO,45,0,12,12,15,0,29,35.6,19.5,0.0,1.4,51.7,1013.6,190.0,M,37,Baku,Alfa Romeo Racing
45,24,GIO,46,0,12,12,15,0,30,35.3,19.3,0.0,1.3,52.6,1013.6,161.0,M,38,Baku,Alfa Romeo Racing
46,24,GIO,47,0,12,12,15,0,30,34.8,19.4,0.0,1.6,53.3,1013.7,210.0,M,39,Baku,Alfa Romeo Racing
47,24,GIO,48,0,12,12,15,0,31,34.7,19.3,0.0,1.5,52.7,1013.6,290.0,M,40,Baku,Alfa Romeo Racing
48,24,GIO,49,0,12,12,15,0,31,34.2,19.3,0.0,1.4,51.5,1013.6,237.0,M,41,Baku,Alfa Romeo Racing
49,24,GIO,50,0,12,12,15,0,32,34.4,19.5,0.0,1.2,51.2,1013.6,207.0,M,42,Baku,Alfa Romeo Racing
0,24,KUB,1,1,20,20,20,0,45,41.6,20.0,0.0,1.0,48.9,1013.8,161.0,M,0,Baku,Williams
1,24,KUB,2,0,20,20,20,0,43,42.4,20.0,0.0,0.8,48.4,1013.9,0.0,M,1,Baku,Williams
2,24,KUB,3,0,20,20,20,0,44,42.2,20.1,0.0,1.2,48.4,1013.9,201.0,M,2,Baku,Williams
3,24,KUB,4,0,20,20,20,0,43,42.4,20.3,0.0,0.6,48.1,1013.9,221.0,M,3,Baku,Williams
4,24,KUB,5,0,20,19,20,0,45,42.3,20.4,0.0,2.2,48.3,1013.9,29.0,M,4,Baku,Williams
5,24,KUB,6,0,19,18,20,0,45,41.6,20.0,0.0,0.5,49.5,1013.8,31.0,M,5,Baku,Williams
6,24,KUB,7,0,18,17,20,0,45,41.8,20.0,0.0,1.7,49.6,1013.9,218.0,M,6,Baku,Williams
7,24,KUB,8,0,17,16,20,0,45,41.7,20.1,0.0,0.8,50.4,1013.8,260.0,M,7,Baku,Williams
8,24,KUB,9,0,16,15,20,0,44,41.3,20.1,0.0,1.4,51.1,1013.9,104.0,M,8,Baku,Williams
9,24,KUB,10,0,15,15,20,0,44,41.1,19.9,0.0,0.8,52.7,1013.9,206.0,M,9,Baku,Williams
10,24,KUB,11,0,15,14,20,0,44,41.1,19.8,0.0,0.9,52.1,1013.9,201.0,M,10,Baku,Williams
11,24,KUB,12,0,14,15,20,0,44,40.5,19.3,0.0,1.2,54.6,1013.9,322.0,M,11,Baku,Williams
12,24,KUB,13,0,15,15,20,0,44,40.2,19.3,0.0,1.0,54.0,1013.7,8.0,M,12,Baku,Williams
13,24,KUB,14,0,15,18,20,0,44,40.1,19.2,0.0,1.2,53.9,1013.8,14.0,M,13,Baku,Williams
14,24,KUB,15,0,18,20,20,0,43,39.9,19.0,0.0,1.6,54.4,1013.7,0.0,M,14,Baku,Williams
15,24,KUB,16,0,20,20,20,0,43,39.6,18.9,0.0,1.5,55.2,1013.8,270.0,M,15,Baku,Williams
16,24,KUB,17,0,20,20,20,0,43,39.5,18.8,0.0,1.4,55.7,1013.8,2.0,M,16,Baku,Williams
17,24,KUB,18,0,20,20,20,0,44,39.5,18.8,0.0,1.4,55.7,1013.8,2.0,M,17,Baku,Williams
18,24,KUB,19,0,20,20,20,0,44,39.0,18.8,0.0,1.5,57.5,1013.8,237.0,M,18,Baku,Williams
19,24,KUB,20,0,20,20,20,0,44,39.1,18.8,0.0,1.8,56.8,1013.8,240.0,M,19,Baku,Williams
20,24,KUB,21,0,20,20,20,0,44,38.7,18.8,0.0,2.7,56.5,1013.8,231.0,M,20,Baku,Williams
21,24,KUB,22,0,20,20,20,0,44,38.6,18.9,0.0,1.7,53.3,1013.8,210.0,M,21,Baku,Williams
22,24,KUB,23,0,20,20,20,0,44,38.5,19.4,0.0,1.9,52.4,1013.8,207.0,M,22,Baku,Williams
23,24,KUB,24,0,20,20,20,0,44,38.5,19.8,0.0,1.7,52.0,1013.7,241.0,M,0,Baku,Williams
24,24,KUB,25,0,20,20,20,0,44,38.3,19.7,0.0,2.9,51.6,1013.7,204.0,M,1,Baku,Williams
25,24,KUB,26,0,20,20,20,0,44,38.1,19.7,0.0,1.5,52.3,1013.7,222.0,M,2,Baku,Williams
26,24,KUB,27,0,20,20,20,0,44,38.0,19.5,0.0,1.7,52.3,1013.6,208.0,M,3,Baku,Williams
27,24,KUB,28,0,20,20,20,0,45,37.7,19.5,0.0,1.6,52.9,1013.6,168.0,M,4,Baku,Williams
28,24,KUB,29,0,20,20,20,0,45,37.7,19.7,0.0,1.8,52.7,1013.7,212.0,M,5,Baku,Williams
29,24,KUB,30,0,20,20,20,0,45,37.6,19.7,0.0,1.6,52.9,1013.7,225.0,M,6,Baku,Williams
30,24,KUB,31,1,20,20,20,0,46,37.5,19.5,0.0,1.5,52.9,1013.7,0.0,M,7,Baku,Williams
31,24,KUB,32,1,20,19,20,0,46,37.6,19.6,0.0,1.8,52.7,1013.6,263.0,M,8,Baku,Williams
32,24,KUB,33,1,19,19,20,0,45,37.4,19.6,0.0,1.4,52.5,1013.6,171.0,M,9,Baku,Williams
33,24,KUB,34,0,19,18,20,0,45,37.5,19.5,0.0,1.5,52.6,1013.7,207.0,M,10,Baku,Williams
34,24,KUB,35,0,18,18,20,0,45,37.4,19.4,0.0,1.1,52.6,1013.7,236.0,M,11,Baku,Williams
35,24,KUB,36,0,18,18,20,0,45,36.8,19.4,0.0,1.6,53.1,1013.5,211.0,M,12,Baku,Williams
36,24,KUB,37,0,18,18,20,0,45,36.8,19.5,0.0,1.4,52.7,1013.6,231.0,M,13,Baku,Williams
37,24,KUB,38,0,18,18,20,0,46,36.7,19.4,0.0,0.5,52.9,1013.6,135.0,M,14,Baku,Williams
38,24,KUB,39,1,18,16,20,0,45,36.3,19.3,0.0,0.8,51.8,1013.6,352.0,M,15,Baku,Williams
39,24,KUB,40,2,16,16,20,0,46,36.3,19.5,0.0,1.0,52.2,1013.6,167.0,M,16,Baku,Williams
40,24,KUB,41,2,16,16,20,0,45,36.3,19.5,0.0,0.9,52.1,1013.6,207.0,M,17,Baku,Williams
41,24,KUB,42,0,16,16,20,0,45,36.3,19.6,0.0,1.3,52.0,1013.6,278.0,M,18,Baku,Williams
42,24,KUB,43,0,16,16,20,0,45,35.6,19.4,0.0,1.6,52.5,1013.6,222.0,S,0,Baku,Williams
43,24,KUB,44,0,16,16,20,0,45,35.4,19.3,0.0,1.4,52.7,1013.5,204.0,S,1,Baku,Williams
44,24,KUB,45,0,16,16,20,0,45,35.8,19.6,0.0,1.6,52.2,1013.7,208.0,S,2,Baku,Williams
45,24,KUB,46,0,16,16,20,0,46,35.6,19.3,0.0,2.2,52.5,1013.6,246.0,S,3,Baku,Williams
46,24,KUB,47,0,16,16,20,0,46,35.4,19.4,0.0,2.0,52.4,1013.7,243.0,S,4,Baku,Williams
47,24,KUB,48,0,16,16,20,0,47,34.7,19.3,0.0,1.8,51.9,1013.6,208.0,S,5,Baku,Williams
48,24,KUB,49,0,16,16,20,0,47,34.4,19.3,0.0,1.4,52.2,1013.6,221.0,S,6,Baku,Williams
0,24,RAI,1,1,17,17,17,0,38,42.4,20.0,0.0,0.8,48.4,1013.9,0.0,S,3,Baku,Alfa Romeo Racing
1,24,RAI,2,0,17,17,17,0,35,42.2,20.0,0.0,0.4,48.2,1013.9,49.0,S,4,Baku,Alfa Romeo Racing
2,24,RAI,3,0,17,17,17,0,36,42.2,20.1,0.0,1.2,48.4,1013.9,201.0,S,5,Baku,Alfa Romeo Racing
3,24,RAI,4,0,17,17,17,0,33,42.4,20.3,0.0,0.6,48.1,1013.9,221.0,S,6,Baku,Alfa Romeo Racing
4,24,RAI,5,0,17,16,17,0,30,42.3,20.4,0.0,2.2,48.3,1013.9,29.0,S,7,Baku,Alfa Romeo Racing
5,24,RAI,6,0,16,19,17,0,27,41.8,20.0,0.0,1.7,49.6,1013.9,218.0,S,8,Baku,Alfa Romeo Racing
6,24,RAI,7,0,19,20,17,0,26,41.7,20.1,0.0,0.8,50.4,1013.8,260.0,M,0,Baku,Alfa Romeo Racing
7,24,RAI,8,0,20,19,17,0,28,41.4,20.0,0.0,2.0,50.0,1013.9,0.0,M,1,Baku,Alfa Romeo Racing
8,24,RAI,9,0,19,18,17,0,28,41.3,20.4,0.0,1.1,52.5,1013.9,2.0,M,2,Baku,Alfa Romeo Racing
9,24,RAI,10,0,18,18,17,0,28,41.1,19.9,0.0,0.8,52.7,1013.9,206.0,M,3,Baku,Alfa Romeo Racing
10,24,RAI,11,0,18,16,17,0,29,40.3,19.5,0.0,1.1,55.0,1013.9,199.0,M,4,Baku,Alfa Romeo Racing
11,24,RAI,12,0,16,16,17,0,30,40.2,19.4,0.0,0.8,53.7,1013.8,1.0,M,5,Baku,Alfa Romeo Racing
12,24,RAI,13,0,16,14,17,0,30,40.2,19.3,0.0,1.0,54.0,1013.7,8.0,M,6,Baku,Alfa Romeo Racing
13,24,RAI,14,0,14,13,17,0,30,40.1,19.2,0.0,1.2,53.9,1013.8,14.0,M,7,Baku,Alfa Romeo Racing
14,24,RAI,15,0,13,13,17,0,29,39.9,19.0,0.0,1.6,54.4,1013.7,0.0,M,8,Baku,Alfa Romeo Racing
15,24,RAI,16,0,13,13,17,0,29,39.8,18.9,0.0,1.0,54.4,1013.7,226.0,M,9,Baku,Alfa Romeo Racing
16,24,RAI,17,0,13,13,17,0,29,39.9,18.7,0.0,1.1,55.3,1013.8,209.0,M,10,Baku,Alfa Romeo Racing
17,24,RAI,18,0,13,13,17,0,30,39.5,18.8,0.0,1.4,55.7,1013.8,2.0,M,11,Baku,Alfa Romeo Racing
18,24,RAI,19,0,13,14,17,0,30,39.0,18.8,0.0,1.5,57.5,1013.8,237.0,M,12,Baku,Alfa Romeo Racing
19,24,RAI,20,0,14,15,17,0,29,39.1,18.8,0.0,1.8,56.8,1013.8,240.0,M,13,Baku,Alfa Romeo Racing
20,24,RAI,21,0,15,15,17,0,29,39.1,18.9,0.0,1.8,57.4,1013.8,238.0,M,14,Baku,Alfa Romeo Racing
21,24,RAI,22,0,15,15,17,0,29,38.6,18.7,0.0,1.6,56.9,1013.8,199.0,M,15,Baku,Alfa Romeo Racing
22,24,RAI,23,0,15,15,17,0,29,38.7,19.0,0.0,1.5,56.2,1013.7,173.0,M,16,Baku,Alfa Romeo Racing
23,24,RAI,24,0,15,14,17,0,29,38.7,19.1,0.0,0.7,54.5,1013.8,250.0,M,17,Baku,Alfa Romeo Racing
24,24,RAI,25,0,14,14,17,0,30,38.5,19.4,0.0,1.9,52.4,1013.8,207.0,M,18,Baku,Alfa Romeo Racing
25,24,RAI,26,0,14,14,17,0,30,38.5,19.5,0.0,1.8,52.2,1013.7,194.0,M,19,Baku,Alfa Romeo Racing
26,24,RAI,27,0,14,13,17,0,30,38.5,19.8,0.0,1.7,52.0,1013.7,241.0,M,20,Baku,Alfa Romeo Racing
27,24,RAI,28,0,13,13,17,0,30,38.4,19.7,0.0,1.7,51.6,1013.7,256.0,M,21,Baku,Alfa Romeo Racing
28,24,RAI,29,0,13,13,17,0,31,37.9,19.4,0.0,1.2,52.6,1013.7,214.0,M,22,Baku,Alfa Romeo Racing
29,24,RAI,30,0,13,13,17,0,31,37.6,19.7,0.0,1.6,52.9,1013.7,225.0,M,23,Baku,Alfa Romeo Racing
30,24,RAI,31,1,13,11,17,0,32,37.5,19.5,0.0,1.5,52.9,1013.7,0.0,M,24,Baku,Alfa Romeo Racing
31,24,RAI,32,1,11,11,17,0,32,37.6,19.7,0.0,1.2,52.2,1013.6,179.0,M,25,Baku,Alfa Romeo Racing
32,24,RAI,33,1,11,11,17,0,32,37.5,19.5,0.0,1.5,52.6,1013.7,207.0,M,26,Baku,Alfa Romeo Racing
33,24,RAI,34,0,11,11,17,0,33,37.5,19.6,0.0,1.7,52.6,1013.7,217.0,M,27,Baku,Alfa Romeo Racing
34,24,RAI,35,0,11,11,17,0,33,37.4,19.4,0.0,1.1,52.6,1013.7,236.0,M,28,Baku,Alfa Romeo Racing
35,24,RAI,36,0,11,11,17,0,33,37.3,19.6,0.0,1.7,52.9,1013.6,255.0,M,29,Baku,Alfa Romeo Racing
36,24,RAI,37,0,11,11,17,0,33,37.3,19.6,0.0,1.0,52.9,1013.6,190.0,M,30,Baku,Alfa Romeo Racing
37,24,RAI,38,0,11,11,17,0,33,36.8,19.5,0.0,1.4,52.7,1013.6,231.0,M,31,Baku,Alfa Romeo Racing
38,24,RAI,39,1,11,10,17,0,33,36.3,19.3,0.0,0.8,51.8,1013.6,352.0,M,32,Baku,Alfa Romeo Racing
39,24,RAI,40,2,10,10,17,0,32,36.3,19.5,0.0,0.9,52.1,1013.6,207.0,M,33,Baku,Alfa Romeo Racing
40,24,RAI,41,2,10,10,17,0,32,36.3,19.6,0.0,1.3,52.0,1013.6,278.0,M,34,Baku,Alfa Romeo Racing
41,24,RAI,42,0,10,10,17,0,32,35.6,19.4,0.0,1.6,52.5,1013.6,222.0,M,35,Baku,Alfa Romeo Racing
42,24,RAI,43,0,10,10,17,0,32,35.4,19.3,0.0,1.4,52.7,1013.5,204.0,M,36,Baku,Alfa Romeo Racing
43,24,RAI,44,0,10,10,17,0,33,35.8,19.6,0.0,1.6,52.2,1013.7,208.0,M,37,Baku,Alfa Romeo Racing
44,24,RAI,45,0,10,10,17,0,32,35.6,19.3,0.0,2.2,52.5,1013.6,246.0,M,38,Baku,Alfa Romeo Racing
45,24,RAI,46,0,10,10,17,0,32,35.3,19.3,0.0,1.3,52.6,1013.6,161.0,M,39,Baku,Alfa Romeo Racing
46,24,RAI,47,0,10,10,17,0,33,34.8,19.4,0.0,1.6,53.3,1013.7,210.0,M,40,Baku,Alfa Romeo Racing
47,24,RAI,48,0,10,10,17,0,33,34.4,19.3,0.0,1.4,52.2,1013.6,221.0,M,41,Baku,Alfa Romeo Racing
48,24,RAI,49,0,10,10,17,0,34,34.2,19.3,0.0,1.4,51.5,1013.6,237.0,M,42,Baku,Alfa Romeo Racing
49,24,RAI,50,0,10,10,17,0,34,34.3,19.5,0.0,0.9,51.2,1013.7,234.0,M,43,Baku,Alfa Romeo Racing
0,24,GAS,1,1,19,19,19,0,41,41.6,20.0,0.0,1.0,48.9,1013.8,161.0,M,0,Baku,Red Bull Racing
1,24,GAS,2,0,19,19,19,0,38,42.4,20.3,0.0,1.4,48.5,1013.8,332.0,M,1,Baku,Red Bull Racing
2,24,GAS,3,0,19,18,19,0,42,42.4,20.3,0.0,0.6,48.1,1013.9,221.0,M,2,Baku,Red Bull Racing
3,24,GAS,4,0,18,18,19,0,44,42.3,20.4,0.0,2.2,48.3,1013.9,29.0,M,3,Baku,Red Bull Racing
4,24,GAS,5,0,18,14,19,0,42,41.8,20.3,0.0,1.1,49.5,1013.8,208.0,M,4,Baku,Red Bull Racing
5,24,GAS,6,0,14,13,19,0,40,41.7,20.1,0.0,0.8,50.4,1013.8,260.0,M,5,Baku,Red Bull Racing
6,24,GAS,7,0,13,12,19,0,40,41.5,20.1,0.0,1.6,50.8,1014.0,218.0,M,6,Baku,Red Bull Racing
7,24,GAS,8,0,12,12,19,0,41,41.4,20.0,0.0,2.0,50.0,1013.9,0.0,M,7,Baku,Red Bull Racing
8,24,GAS,9,0,12,12,19,0,41,41.4,20.1,0.0,1.0,51.3,1013.9,0.0,M,8,Baku,Red Bull Racing
9,24,GAS,10,0,12,8,19,0,39,41.3,20.2,0.0,0.9,51.7,1014.0,219.0,M,9,Baku,Red Bull Racing
10,24,GAS,11,0,8,7,19,0,39,41.3,20.4,0.0,1.1,52.5,1013.9,2.0,M,10,Baku,Red Bull Racing
11,24,GAS,12,0,7,6,19,0,40,41.3,20.0,0.0,1.4,53.3,1013.9,231.0,M,11,Baku,Red Bull Racing
12,24,GAS,13,0,6,6,19,0,41,41.0,19.8,0.0,1.7,52.1,1013.8,108.0,M,12,Baku,Red Bull Racing
13,24,GAS,14,0,6,6,19,0,43,41.0,19.8,0.0,1.4,53.1,1013.8,19.0,M,13,Baku,Red Bull Racing
14,24,GAS,15,0,6,5,19,0,44,40.2,19.3,0.0,1.0,54.0,1013.7,8.0,M,14,Baku,Red Bull Racing
15,24,GAS,16,0,5,5,19,0,45,40.1,19.2,0.0,1.2,53.9,1013.8,14.0,M,15,Baku,Red Bull Racing
16,24,GAS,17,0,5,6,19,0,45,39.9,18.7,0.0,1.1,55.3,1013.8,209.0,M,16,Baku,Red Bull Racing
17,24,GAS,18,0,6,6,19,0,45,39.5,18.8,0.0,1.4,55.7,1013.8,2.0,M,17,Baku,Red Bull Racing
18,24,GAS,19,0,6,6,19,0,45,38.9,18.6,0.0,1.2,57.4,1013.7,132.0,M,18,Baku,Red Bull Racing
19,24,GAS,20,0,6,6,19,0,45,39.1,18.9,0.0,1.8,57.4,1013.8,238.0,M,19,Baku,Red Bull Racing
20,24,GAS,21,0,6,6,19,0,45,38.7,19.0,0.0,1.5,56.2,1013.7,173.0,M,20,Baku,Red Bull Racing
21,24,GAS,22,0,6,6,19,0,46,38.5,19.2,0.0,1.9,52.4,1013.8,214.0,M,21,Baku,Red Bull Racing
22,24,GAS,23,0,6,6,19,0,46,38.5,19.8,0.0,1.7,52.0,1013.7,241.0,M,22,Baku,Red Bull Racing
23,24,GAS,24,0,6,6,19,0,46,38.4,19.7,0.0,1.7,51.6,1013.7,256.0,M,23,Baku,Red Bull Racing
24,24,GAS,25,0,6,6,19,0,47,38.3,19.7,0.0,2.9,51.6,1013.7,204.0,M,24,Baku,Red Bull Racing
25,24,GAS,26,0,6,6,19,0,48,37.9,19.3,0.0,1.7,53.3,1013.7,202.0,M,25,Baku,Red Bull Racing
26,24,GAS,27,0,6,6,19,0,48,37.7,19.5,0.0,1.6,52.9,1013.6,168.0,M,26,Baku,Red Bull Racing
27,24,GAS,28,0,6,6,19,0,49,37.6,19.6,0.0,1.8,52.7,1013.6,263.0,M,27,Baku,Red Bull Racing
28,24,GAS,29,0,6,6,19,0,49,37.6,19.7,0.0,1.2,52.2,1013.6,179.0,M,28,Baku,Red Bull Racing
29,24,GAS,30,0,6,6,19,0,49,37.4,19.4,0.0,1.1,52.6,1013.7,236.0,M,29,Baku,Red Bull Racing
30,24,GAS,31,1,6,6,19,0,50,37.3,19.6,0.0,1.7,52.9,1013.6,255.0,M,30,Baku,Red Bull Racing
31,24,GAS,32,1,6,6,19,0,51,36.3,19.3,0.0,0.8,51.8,1013.6,352.0,M,31,Baku,Red Bull Racing
32,24,GAS,33,1,6,6,19,0,51,36.3,19.5,0.0,1.0,52.2,1013.6,167.0,M,32,Baku,Red Bull Racing
33,24,GAS,34,0,6,6,19,0,51,36.2,19.5,0.0,1.7,52.3,1013.5,20.0,M,33,Baku,Red Bull Racing
34,24,GAS,35,0,6,5,19,0,52,35.6,19.4,0.0,1.6,52.5,1013.6,222.0,M,34,Baku,Red Bull Racing
35,24,GAS,36,0,5,6,19,0,51,35.6,19.5,0.0,1.4,51.7,1013.6,190.0,M,35,Baku,Red Bull Racing
36,24,GAS,37,0,6,6,19,0,51,35.5,19.3,0.0,1.7,52.1,1013.7,209.0,M,36,Baku,Red Bull Racing
37,24,GAS,38,0,6,6,19,1,50,34.4,19.5,0.0,1.2,51.2,1013.6,207.0,M,37,Baku,Red Bull Racing
