,idGP,driver,lap,trackStatus,position,targetPosition,grid,out,performance,trackTemp,airTemp,raining,windSpeed,humidity,pressure,windDir,tyre,tyreLap,track,team
0,36,LEC,1,2,2,2,2,0,78,35.1,21.8,0.0,2.8,67.8,1017.0,252.0,S,3,Sochi,Ferrari
1,36,LEC,2,2,2,2,2,0,81,34.9,21.7,0.0,2.5,68.2,1017.0,251.0,S,4,Sochi,Ferrari
2,36,LEC,3,2,2,2,2,0,77,34.5,21.5,0.0,1.8,69.1,1017.1,237.0,S,5,Sochi,Ferrari
3,36,LEC,4,0,2,2,2,0,77,34.6,21.5,0.0,1.4,68.5,1017.0,304.0,S,6,Sochi,Ferrari
4,36,LEC,5,0,2,2,2,0,80,34.7,21.4,0.0,1.0,69.4,1017.0,295.0,S,7,Sochi,Ferrari
5,36,LEC,6,0,2,2,2,0,81,34.8,21.7,0.0,2.3,68.1,1016.9,311.0,S,8,Sochi,Ferrari
6,36,LEC,7,0,2,2,2,0,83,34.8,21.8,0.0,2.1,67.7,1016.9,290.0,S,9,Sochi,Ferrari
7,36,LEC,8,0,2,2,2,0,84,35.0,21.8,0.0,1.7,67.2,1017.0,251.0,S,10,Sochi,Ferrari
8,36,LEC,9,0,2,2,2,0,85,34.9,21.9,0.0,2.3,66.8,1016.9,251.0,S,11,Sochi,Ferrari
9,36,LEC,10,0,2,2,2,0,85,34.8,21.9,0.0,3.0,66.8,1016.9,293.0,S,12,Sochi,Ferrari
10,36,LEC,11,0,2,2,2,0,86,34.8,21.7,0.0,2.1,67.5,1017.0,0.0,S,13,Sochi,Ferrari
11,36,LEC,12,0,2,2,2,0,86,35.5,21.8,0.0,0.6,67.4,1017.0,343.0,S,14,Sochi,Ferrari
12,36,LEC,13,0,2,2,2,0,87,35.6,22.3,0.0,2.2,64.8,1017.0,258.0,S,15,Sochi,Ferrari
13,36,LEC,14,0,2,2,2,0,87,35.3,22.1,0.0,1.6,66.4,1017.0,296.0,S,16,Sochi,Ferrari
14,36,LEC,15,0,2,2,2,0,87,35.3,22.5,0.0,1.2,65.7,1017.0,248.0,S,17,Sochi,Ferrari
15,36,LEC,16,0,2,2,2,0,88,35.1,22.6,0.0,1.5,65.1,1016.8,240.0,S,18,Sochi,Ferrari
16,36,LEC,17,0,2,2,2,0,88,35.1,22.6,0.0,2.0,65.5,1016.8,254.0,S,19,Sochi,Ferrari
17,36,LEC,18,0,2,2,2,0,88,35.1,22.6,0.0,1.3,66.0,1016.8,222.0,S,20,Sochi,Ferrari
18,36,LEC,19,0,2,2,2,0,88,35.3,22.7,0.0,0.6,66.3,1016.8,278.0,S,21,Sochi,Ferrari
19,36,LEC,20,0,2,2,2,0,89,35.5,23.2,0.0,2.3,64.0,1016.8,245.0,S,22,Sochi,Ferrari
20,36,LEC,21,0,2,2,2,0,89,34.9,22.9,0.0,2.6,64.3,1016.8,284.0,S,23,Sochi,Ferrari
21,36,LEC,22,0,2,3,2,0,89,34.9,22.4,0.0,2.7,66.2,1016.8,277.0,S,24,Sochi,Ferrari
22,36,LEC,23,0,3,4,2,0,89,34.8,22.2,0.0,2.8,67.0,1016.8,248.0,M,0,Sochi,Ferrari
23,36,LEC,24,0,4,4,2,0,89,34.8,22.0,0.0,1.8,68.1,1016.8,244.0,M,1,Sochi,Ferrari
24,36,LEC,25,0,4,4,2,0,87,34.9,22.0,0.0,1.5,67.9,1016.7,233.0,M,2,Sochi,Ferrari
25,36,LEC,26,0,4,4,2,0,88,34.9,22.1,0.0,2.0,67.3,1016.8,268.0,M,3,Sochi,Ferrari
26,36,LEC,27,0,4,3,2,0,88,34.9,22.1,0.0,1.1,67.5,1016.7,227.0,M,4,Sochi,Ferrari
27,36,LEC,28,2,3,3,2,0,88,34.9,22.1,0.0,0.8,67.9,1016.7,244.0,M,5,Sochi,Ferrari
28,36,LEC,29,2,3,2,2,0,88,34.9,22.5,0.0,2.6,66.2,1016.8,250.0,M,6,Sochi,Ferrari
29,36,LEC,30,2,2,3,2,0,87,34.4,22.3,0.0,1.3,67.0,1016.8,293.0,M,7,Sochi,Ferrari
30,36,LEC,31,2,3,3,2,0,86,34.4,22.2,0.0,1.3,66.9,1016.6,246.0,S,2,Sochi,Ferrari
31,36,LEC,32,2,3,3,2,0,85,34.4,22.0,0.0,2.2,68.5,1016.6,243.0,S,3,Sochi,Ferrari
32,36,LEC,33,0,3,3,2,0,84,34.4,22.0,0.0,2.6,68.4,1016.7,247.0,S,4,Sochi,Ferrari
33,36,LEC,34,0,3,3,2,0,85,34.2,21.7,0.0,2.1,69.2,1016.7,242.0,S,5,Sochi,Ferrari
34,36,LEC,35,0,3,3,2,0,85,32.9,21.9,0.0,2.8,68.8,1016.5,243.0,S,6,Sochi,Ferrari
35,36,LEC,36,0,3,3,2,0,86,32.7,21.7,0.0,3.2,69.4,1016.5,258.0,S,7,Sochi,Ferrari
36,36,LEC,37,0,3,3,2,0,86,33.2,21.6,0.0,2.2,69.7,1016.5,259.0,S,8,Sochi,Ferrari
37,36,LEC,38,0,3,3,2,0,86,33.6,21.6,0.0,2.9,69.9,1016.6,258.0,S,9,Sochi,Ferrari
38,36,LEC,39,0,3,3,2,0,87,33.6,21.8,0.0,2.2,69.0,1016.5,231.0,S,10,Sochi,Ferrari
39,36,LEC,40,0,3,3,2,0,86,33.6,21.8,0.0,1.9,69.0,1016.6,237.0,S,11,Sochi,Ferrari
40,36,LEC,41,0,3,3,2,0,87,33.7,21.8,0.0,2.4,69.0,1016.5,280.0,S,12,Sochi,Ferrari
41,36,LEC,42,0,3,3,2,0,87,34.1,21.8,0.0,1.0,68.8,1016.6,322.0,S,13,Sochi,Ferrari
42,36,LEC,43,0,3,3,2,0,87,34.2,22.0,0.0,1.0,68.4,1016.6,286.0,S,14,Sochi,Ferrari
43,36,LEC,44,0,3,3,2,0,88,34.2,22.2,0.0,2.7,66.6,1016.5,232.0,S,15,Sochi,Ferrari
44,36,LEC,45,0,3,3,2,0,88,33.3,22.0,0.0,1.1,67.4,1016.5,317.0,S,16,Sochi,Ferrari
45,36,LEC,46,0,3,3,2,0,87,33.6,22.1,0.0,1.2,67.5,1016.5,235.0,S,17,Sochi,Ferrari
46,36,LEC,47,0,3,3,2,0,88,33.6,22.2,0.0,1.6,67.2,1016.6,233.0,S,18,Sochi,Ferrari
47,36,LEC,48,0,3,3,2,0,88,33.6,22.0,0.0,2.2,67.3,1016.5,243.0,S,19,Sochi,Ferrari
48,36,LEC,49,0,3,3,2,0,88,33.9,22.4,0.0,1.8,66.2,1016.4,291.0,S,20,Sochi,Ferrari
49,36,LEC,50,0,3,3,2,0,88,33.8,22.7,0.0,0.5,65.2,1016.4,345.0,S,21,Sochi,Ferrari
50,36,LEC,51,0,3,3,2,0,89,33.6,22.5,0.0,1.7,65.1,1016.5,240.0,S,22,Sochi,Ferrari
51,36,LEC,52,0,3,3,2,0,89,33.6,22.4,0.0,1.2,65.1,1016.4,239.0,S,23,Sochi,Ferrari
52,36,LEC,53,0,3,3,2,0,89,33.5,22.7,0.0,1.3,64.6,1016.4,214.0,S,24,Sochi,Ferrari
0,36,HAM,1,2,3,3,3,0,59,35.2,21.7,0.0,1.4,68.8,1016.9,243.0,M,3,Sochi,Mercedes
1,36,HAM,2,2,3,3,3,0,70,35.4,21.8,0.0,2.7,67.1,1017.0,245.0,M,4,Sochi,Mercedes
2,36,HAM,3,2,3,3,3,0,67,34.8,21.7,0.0,2.3,68.1,1016.9,311.0,M,5,Sochi,Mercedes
3,36,HAM,4,0,3,3,3,0,66,34.8,21.8,0.0,2.1,67.7,1016.9,290.0,M,6,Sochi,Mercedes
4,36,HAM,5,0,3,3,3,0,69,35.0,21.8,0.0,1.7,67.2,1017.0,251.0,M,7,Sochi,Mercedes
5,36,HAM,6,0,3,3,3,0,70,34.9,21.9,0.0,2.3,66.8,1016.9,251.0,M,8,Sochi,Mercedes
6,36,HAM,7,0,3,3,3,0,72,34.8,21.9,0.0,3.0,66.8,1016.9,293.0,M,9,Sochi,Mercedes
7,36,HAM,8,0,3,3,3,0,73,35.7,22.2,0.0,1.1,65.6,1017.0,276.0,M,10,Sochi,Mercedes
8,36,HAM,9,0,3,3,3,0,75,35.4,22.3,0.0,2.1,65.2,1017.0,309.0,M,11,Sochi,Mercedes
9,36,HAM,10,0,3,3,3,0,75,35.3,22.1,0.0,1.6,66.4,1017.0,296.0,M,12,Sochi,Mercedes
10,36,HAM,11,0,3,3,3,0,76,35.5,22.3,0.0,1.8,66.1,1016.9,236.0,M,13,Sochi,Mercedes
11,36,HAM,12,0,3,3,3,0,77,35.1,22.6,0.0,1.5,65.1,1016.8,240.0,M,14,Sochi,Mercedes
12,36,HAM,13,0,3,3,3,0,78,35.1,22.6,0.0,2.0,65.5,1016.8,254.0,M,15,Sochi,Mercedes
13,36,HAM,14,0,3,3,3,0,78,35.1,22.6,0.0,1.3,66.0,1016.8,222.0,M,16,Sochi,Mercedes
14,36,HAM,15,0,3,3,3,0,78,35.3,22.7,0.0,0.6,66.3,1016.8,278.0,M,17,Sochi,Mercedes
15,36,HAM,16,0,3,3,3,0,78,35.5,22.9,0.0,1.2,65.1,1016.8,237.0,M,18,Sochi,Mercedes
16,36,HAM,17,0,3,3,3,0,78,34.9,22.9,0.0,2.6,64.3,1016.8,284.0,M,19,Sochi,Mercedes
17,36,HAM,18,0,3,3,3,0,79,34.8,22.6,0.0,2.4,65.5,1016.8,257.0,M,20,Sochi,Mercedes
18,36,HAM,19,0,3,3,3,0,79,34.9,22.4,0.0,2.7,66.2,1016.8,277.0,M,21,Sochi,Mercedes
19,36,HAM,20,0,3,3,3,0,79,34.8,22.0,0.0,1.8,68.1,1016.8,244.0,M,22,Sochi,Mercedes
20,36,HAM,21,0,3,3,3,0,79,35.0,22.2,0.0,2.2,67.6,1016.7,259.0,M,23,Sochi,Mercedes
21,36,HAM,22,0,3,2,3,0,80,35.2,22.2,0.0,2.6,67.0,1016.8,239.0,M,24,Sochi,Mercedes
22,36,HAM,23,0,2,2,3,0,80,34.9,22.1,0.0,1.1,67.5,1016.7,227.0,M,25,Sochi,Mercedes
23,36,HAM,24,0,2,2,3,0,80,34.9,22.1,0.0,0.8,67.9,1016.7,244.0,M,26,Sochi,Mercedes
24,36,HAM,25,0,2,2,3,0,79,34.4,22.2,0.0,1.3,66.9,1016.6,246.0,M,27,Sochi,Mercedes
25,36,HAM,26,0,2,1,3,0,80,34.8,22.2,0.0,2.4,66.9,1016.7,247.0,M,28,Sochi,Mercedes
26,36,HAM,27,0,1,1,3,0,80,34.4,22.0,0.0,2.1,68.4,1016.7,244.0,M,29,Sochi,Mercedes
27,36,HAM,28,2,1,1,3,0,80,34.4,22.0,0.0,2.2,68.5,1016.6,243.0,M,30,Sochi,Mercedes
28,36,HAM,29,2,1,1,3,0,81,34.7,21.8,0.0,2.7,68.8,1016.6,261.0,S,3,Sochi,Mercedes
29,36,HAM,30,2,1,1,3,0,80,34.5,21.9,0.0,1.8,68.6,1016.6,286.0,S,4,Sochi,Mercedes
30,36,HAM,31,2,1,1,3,0,78,33.6,21.9,0.0,1.8,68.8,1016.7,249.0,S,5,Sochi,Mercedes
31,36,HAM,32,2,1,1,3,0,77,33.4,21.9,0.0,2.5,68.9,1016.6,239.0,S,6,Sochi,Mercedes
32,36,HAM,33,0,1,1,3,0,76,32.7,21.7,0.0,3.2,69.4,1016.5,258.0,S,7,Sochi,Mercedes
33,36,HAM,34,0,1,1,3,0,77,33.6,21.6,0.0,2.2,69.7,1016.6,248.0,S,8,Sochi,Mercedes
34,36,HAM,35,0,1,1,3,0,77,33.7,21.8,0.0,1.7,68.8,1016.6,225.0,S,9,Sochi,Mercedes
35,36,HAM,36,0,1,1,3,0,78,33.6,21.8,0.0,1.9,69.0,1016.6,237.0,S,10,Sochi,Mercedes
36,36,HAM,37,0,1,1,3,0,78,33.7,21.8,0.0,2.4,69.0,1016.5,280.0,S,11,Sochi,Mercedes
37,36,HAM,38,0,1,1,3,0,78,34.1,21.8,0.0,1.0,68.8,1016.6,322.0,S,12,Sochi,Mercedes
38,36,HAM,39,0,1,1,3,0,79,34.2,22.0,0.0,1.0,68.4,1016.6,286.0,S,13,Sochi,Mercedes
39,36,HAM,40,0,1,1,3,0,79,33.8,22.2,0.0,2.4,66.5,1016.5,237.0,S,14,Sochi,Mercedes
40,36,HAM,41,0,1,1,3,0,79,33.4,22.1,0.0,1.6,66.8,1016.5,248.0,S,15,Sochi,Mercedes
41,36,HAM,42,0,1,1,3,0,80,33.3,22.0,0.0,1.1,67.4,1016.5,317.0,S,16,Sochi,Mercedes
42,36,HAM,43,0,1,1,3,0,80,33.6,22.0,0.0,2.2,67.3,1016.5,243.0,S,17,Sochi,Mercedes
43,36,HAM,44,0,1,1,3,0,80,33.4,21.9,0.0,1.1,68.6,1016.4,303.0,S,18,Sochi,Mercedes
44,36,HAM,45,0,1,1,3,0,81,34.0,22.2,0.0,1.1,67.0,1016.4,295.0,S,19,Sochi,Mercedes
45,36,HAM,46,0,1,1,3,0,81,34.0,22.3,0.0,1.0,66.7,1016.4,286.0,S,20,Sochi,Mercedes
46,36,HAM,47,0,1,1,3,0,81,33.9,22.4,0.0,1.8,66.2,1016.4,291.0,S,21,Sochi,Mercedes
47,36,HAM,48,0,1,1,3,0,81,33.3,22.7,0.0,1.1,65.2,1016.4,273.0,S,22,Sochi,Mercedes
48,36,HAM,49,0,1,1,3,0,81,33.6,22.6,0.0,0.9,65.0,1016.4,248.0,S,23,Sochi,Mercedes
49,36,HAM,50,0,1,1,3,0,81,33.6,22.6,0.0,1.0,64.9,1016.4,249.0,S,24,Sochi,Mercedes
50,36,HAM,51,0,1,1,3,0,82,33.6,22.7,0.0,1.8,64.1,1016.4,275.0,S,25,Sochi,Mercedes
51,36,HAM,52,0,1,1,3,0,82,33.5,22.7,0.0,0.9,64.6,1016.4,250.0,S,26,Sochi,Mercedes
52,36,HAM,53,0,1,1,3,0,82,33.3,22.8,0.0,1.2,63.9,1016.4,250.0,S,27,Sochi,Mercedes
0,36,VET,1,2,1,1,1,0,68,35.1,21.8,0.0,2.8,67.8,1017.0,252.0,S,3,Sochi,Ferrari
1,36,VET,2,2,1,1,1,0,73,34.7,21.5,0.0,1.6,69.5,1017.0,291.0,S,4,Sochi,Ferrari
2,36,VET,3,2,1,1,1,0,71,34.8,21.7,0.0,2.3,68.1,1016.9,311.0,S,5,Sochi,Ferrari
3,36,VET,4,0,1,1,1,0,72,35.7,22.2,0.0,1.1,65.6,1017.0,276.0,S,6,Sochi,Ferrari
4,36,VET,5,0,1,1,1,0,75,35.6,22.3,0.0,2.2,64.8,1017.0,258.0,S,7,Sochi,Ferrari
5,36,VET,6,0,1,1,1,0,76,35.5,22.1,0.0,1.9,66.1,1017.0,327.0,S,8,Sochi,Ferrari
6,36,VET,7,0,1,1,1,0,77,35.3,22.1,0.0,1.6,66.4,1017.0,296.0,S,9,Sochi,Ferrari
7,36,VET,8,0,1,1,1,0,78,35.5,22.3,0.0,1.8,66.1,1016.9,236.0,S,10,Sochi,Ferrari
8,36,VET,9,0,1,1,1,0,79,35.5,22.9,0.0,1.2,65.1,1016.8,237.0,S,11,Sochi,Ferrari
9,36,VET,10,0,1,1,1,0,79,34.9,22.9,0.0,2.6,64.3,1016.8,284.0,S,12,Sochi,Ferrari
10,36,VET,11,0,1,1,1,0,79,35.2,22.2,0.0,2.6,67.0,1016.8,239.0,S,13,Sochi,Ferrari
11,36,VET,12,0,1,1,1,0,80,34.4,22.3,0.0,1.9,66.9,1016.9,237.0,S,14,Sochi,Ferrari
12,36,VET,13,0,1,1,1,0,80,34.4,22.2,0.0,1.3,66.9,1016.6,246.0,S,15,Sochi,Ferrari
13,36,VET,14,0,1,1,1,0,80,34.5,21.8,0.0,1.8,69.2,1016.7,254.0,S,16,Sochi,Ferrari
14,36,VET,15,0,1,1,1,0,80,34.2,21.9,0.0,1.6,68.7,1016.6,257.0,S,17,Sochi,Ferrari
15,36,VET,16,0,1,1,1,0,81,33.6,21.9,0.0,1.8,68.8,1016.7,249.0,S,18,Sochi,Ferrari
16,36,VET,17,0,1,1,1,0,81,33.4,21.9,0.0,2.5,68.9,1016.6,239.0,S,19,Sochi,Ferrari
17,36,VET,18,0,1,1,1,0,81,33.2,21.6,0.0,2.2,69.7,1016.5,259.0,S,20,Sochi,Ferrari
18,36,VET,19,0,1,1,1,0,81,33.7,21.8,0.0,1.7,68.8,1016.6,225.0,S,21,Sochi,Ferrari
19,36,VET,20,0,1,1,1,0,81,33.6,21.8,0.0,1.9,69.0,1016.6,237.0,S,22,Sochi,Ferrari
20,36,VET,21,0,1,1,1,0,81,33.8,22.2,0.0,2.4,66.5,1016.5,237.0,S,23,Sochi,Ferrari
21,36,VET,22,0,1,1,1,0,81,33.4,22.1,0.0,1.6,66.8,1016.5,248.0,S,24,Sochi,Ferrari
22,36,VET,23,0,1,1,1,0,81,33.3,22.0,0.0,1.1,67.4,1016.5,317.0,S,25,Sochi,Ferrari
23,36,VET,24,0,1,1,1,0,81,34.0,22.2,0.0,1.1,67.0,1016.4,295.0,S,26,Sochi,Ferrari
24,36,VET,25,0,1,1,1,0,80,33.3,22.7,0.0,1.1,65.2,1016.4,273.0,S,27,Sochi,Ferrari
25,36,VET,26,0,1,2,1,1,80,33.6,22.6,0.0,0.9,65.0,1016.4,248.0,S,28,Sochi,Ferrari
0,36,BOT,1,2,5,5,5,0,68,34.5,21.5,0.0,1.8,69.1,1017.1,237.0,M,3,Sochi,Mercedes
1,36,BOT,2,2,5,5,5,0,72,34.6,21.5,0.0,1.9,69.0,1016.9,288.0,M,4,Sochi,Mercedes
2,36,BOT,3,2,5,5,5,0,70,34.7,21.5,0.0,1.6,69.5,1017.0,291.0,M,5,Sochi,Mercedes
3,36,BOT,4,0,5,5,5,0,70,34.7,21.4,0.0,1.0,69.4,1017.0,295.0,M,6,Sochi,Mercedes
4,36,BOT,5,0,5,5,5,0,72,35.2,21.7,0.0,1.4,68.8,1016.9,243.0,M,7,Sochi,Mercedes
5,36,BOT,6,0,5,5,5,0,72,35.4,21.8,0.0,2.7,67.1,1017.0,245.0,M,8,Sochi,Mercedes
6,36,BOT,7,0,5,4,5,0,73,34.8,21.6,0.0,1.4,68.8,1016.9,253.0,M,9,Sochi,Mercedes
7,36,BOT,8,0,4,4,5,0,75,34.8,21.8,0.0,2.1,67.7,1016.9,290.0,M,10,Sochi,Mercedes
8,36,BOT,9,0,4,4,5,0,76,35.0,21.8,0.0,1.7,67.2,1017.0,251.0,M,11,Sochi,Mercedes
9,36,BOT,10,0,4,4,5,0,76,35.0,21.9,0.0,2.7,67.6,1017.0,253.0,M,12,Sochi,Mercedes
10,36,BOT,11,0,4,4,5,0,77,34.9,21.9,0.0,2.3,66.8,1016.9,251.0,M,13,Sochi,Mercedes
11,36,BOT,12,0,4,4,5,0,78,34.8,21.9,0.0,3.0,66.8,1016.9,293.0,M,14,Sochi,Mercedes
12,36,BOT,13,0,4,4,5,0,78,35.7,22.2,0.0,1.1,65.6,1017.0,276.0,M,15,Sochi,Mercedes
13,36,BOT,14,0,4,4,5,0,79,35.4,22.3,0.0,2.1,65.2,1017.0,309.0,M,16,Sochi,Mercedes
14,36,BOT,15,0,4,4,5,0,79,35.5,22.1,0.0,1.9,66.1,1017.0,327.0,M,17,Sochi,Mercedes
15,36,BOT,16,0,4,4,5,0,79,35.5,22.3,0.0,1.8,66.1,1016.9,236.0,M,18,Sochi,Mercedes
16,36,BOT,17,0,4,4,5,0,80,35.3,22.5,0.0,1.2,65.7,1017.0,248.0,M,19,Sochi,Mercedes
17,36,BOT,18,0,4,4,5,0,80,35.1,22.6,0.0,1.5,65.1,1016.8,240.0,M,20,Sochi,Mercedes
18,36,BOT,19,0,4,4,5,0,80,35.3,22.7,0.0,0.6,66.3,1016.8,278.0,M,21,Sochi,Mercedes
19,36,BOT,20,0,4,4,5,0,80,35.5,22.9,0.0,1.2,65.1,1016.8,237.0,M,22,Sochi,Mercedes
20,36,BOT,21,0,4,4,5,0,80,35.5,23.2,0.0,2.3,64.0,1016.8,245.0,M,23,Sochi,Mercedes
21,36,BOT,22,0,4,4,5,0,81,34.9,22.9,0.0,2.6,64.3,1016.8,284.0,M,24,Sochi,Mercedes
22,36,BOT,23,0,4,3,5,0,81,34.8,22.2,0.0,2.8,67.0,1016.8,248.0,M,25,Sochi,Mercedes
23,36,BOT,24,0,3,3,5,0,81,34.9,22.2,0.0,2.2,67.2,1016.7,246.0,M,26,Sochi,Mercedes
24,36,BOT,25,0,3,3,5,0,80,34.9,22.0,0.0,2.5,67.3,1016.8,249.0,M,27,Sochi,Mercedes
25,36,BOT,26,0,3,3,5,0,80,34.9,22.0,0.0,1.5,67.9,1016.7,233.0,M,28,Sochi,Mercedes
26,36,BOT,27,0,3,2,5,0,80,34.9,22.1,0.0,2.0,67.3,1016.8,268.0,M,29,Sochi,Mercedes
27,36,BOT,28,2,2,2,5,0,81,34.9,22.1,0.0,1.1,67.5,1016.7,227.0,M,30,Sochi,Mercedes
28,36,BOT,29,2,2,3,5,0,82,34.9,22.1,0.0,0.8,67.9,1016.7,244.0,S,3,Sochi,Mercedes
29,36,BOT,30,2,3,2,5,0,81,34.4,22.3,0.0,1.9,66.9,1016.9,237.0,S,4,Sochi,Mercedes
30,36,BOT,31,2,2,2,5,0,79,34.4,22.3,0.0,1.3,67.0,1016.8,293.0,S,5,Sochi,Mercedes
31,36,BOT,32,2,2,2,5,0,78,35.0,22.2,0.0,2.6,67.1,1016.7,268.0,S,6,Sochi,Mercedes
32,36,BOT,33,0,2,2,5,0,77,34.4,22.0,0.0,2.2,68.5,1016.6,243.0,S,7,Sochi,Mercedes
33,36,BOT,34,0,2,2,5,0,78,34.5,21.8,0.0,1.8,69.2,1016.7,254.0,S,8,Sochi,Mercedes
34,36,BOT,35,0,2,2,5,0,78,34.5,21.9,0.0,1.8,68.6,1016.6,286.0,S,9,Sochi,Mercedes
35,36,BOT,36,0,2,2,5,0,79,33.6,21.9,0.0,1.8,68.8,1016.7,249.0,S,10,Sochi,Mercedes
36,36,BOT,37,0,2,2,5,0,79,33.4,21.9,0.0,2.5,68.9,1016.6,239.0,S,11,Sochi,Mercedes
37,36,BOT,38,0,2,2,5,0,79,32.7,21.7,0.0,3.2,69.4,1016.5,258.0,S,12,Sochi,Mercedes
38,36,BOT,39,0,2,2,5,0,80,33.6,21.6,0.0,2.2,69.7,1016.6,248.0,S,13,Sochi,Mercedes
39,36,BOT,40,0,2,2,5,0,80,33.6,21.8,0.0,2.2,69.0,1016.5,231.0,S,14,Sochi,Mercedes
40,36,BOT,41,0,2,2,5,0,80,33.7,21.8,0.0,1.7,68.8,1016.6,225.0,S,15,Sochi,Mercedes
41,36,BOT,42,0,2,2,5,0,81,33.6,21.8,0.0,1.9,69.0,1016.6,237.0,S,16,Sochi,Mercedes
42,36,BOT,43,0,2,2,5,0,81,33.7,21.8,0.0,2.7,68.7,1016.6,254.0,S,17,Sochi,Mercedes
43,36,BOT,44,0,2,2,5,0,81,34.2,22.0,0.0,1.0,68.4,1016.6,286.0,S,18,Sochi,Mercedes
44,36,BOT,45,0,2,2,5,0,81,33.8,22.2,0.0,2.4,66.5,1016.5,237.0,S,19,Sochi,Mercedes
45,36,BOT,46,0,2,2,5,0,81,33.4,22.1,0.0,1.6,66.8,1016.5,248.0,S,20,Sochi,Mercedes
46,36,BOT,47,0,2,2,5,0,81,33.4,21.9,0.0,1.1,68.6,1016.4,303.0,S,21,Sochi,Mercedes
47,36,BOT,48,0,2,2,5,0,82,33.9,22.4,0.0,1.8,66.2,1016.4,291.0,S,22,Sochi,Mercedes
48,36,BOT,49,0,2,2,5,0,82,33.3,22.7,0.0,0.5,64.6,1016.4,321.0,S,23,Sochi,Mercedes
49,36,BOT,50,0,2,2,5,0,82,33.6,22.6,0.0,1.0,64.9,1016.4,249.0,S,24,Sochi,Mercedes
50,36,BOT,51,0,2,2,5,0,83,33.6,22.7,0.0,1.8,64.1,1016.4,275.0,S,25,Sochi,Mercedes
51,36,BOT,52,0,2,2,5,0,83,33.5,22.7,0.0,0.9,64.6,1016.4,250.0,S,26,Sochi,Mercedes
52,36,BOT,53,0,2,2,5,0,83,33.3,22.8,0.0,1.2,63.9,1016.4,250.0,S,27,Sochi,Mercedes
0,36,SAI,1,2,4,4,4,0,49,34.9,21.7,0.0,2.5,68.2,1017.0,251.0,S,3,Sochi,McLaren
1,36,SAI,2,2,4,4,4,0,61,34.5,21.5,0.0,1.8,69.1,1017.1,237.0,S,4,Sochi,McLaren
2,36,SAI,3,2,4,4,4,0,58,34.6,21.5,0.0,1.9,69.0,1016.9,288.0,S,5,Sochi,McLaren
3,36,SAI,4,0,4,4,4,0,60,34.7,21.5,0.0,1.6,69.5,1017.0,291.0,S,6,Sochi,McLaren
4,36,SAI,5,0,4,4,4,0,64,34.7,21.4,0.0,1.0,69.4,1017.0,295.0,S,7,Sochi,McLaren
5,36,SAI,6,0,4,4,4,0,66,35.2,21.7,0.0,1.4,68.8,1016.9,243.0,S,8,Sochi,McLaren
6,36,SAI,7,0,4,5,4,0,68,34.8,21.8,0.0,2.1,67.7,1016.9,290.0,S,9,Sochi,McLaren
7,36,SAI,8,0,5,5,4,0,70,35.0,21.9,0.0,2.7,67.6,1017.0,253.0,S,10,Sochi,McLaren
8,36,SAI,9,0,5,5,4,0,71,35.5,21.8,0.0,0.6,67.4,1017.0,343.0,S,11,Sochi,McLaren
9,36,SAI,10,0,5,5,4,0,72,35.7,22.2,0.0,1.1,65.6,1017.0,276.0,S,12,Sochi,McLaren
10,36,SAI,11,0,5,5,4,0,73,35.4,22.3,0.0,2.1,65.2,1017.0,309.0,S,13,Sochi,McLaren
11,36,SAI,12,0,5,5,4,0,73,35.4,22.5,0.0,2.1,65.8,1016.9,213.0,S,14,Sochi,McLaren
12,36,SAI,13,0,5,5,4,0,74,35.3,22.7,0.0,0.6,66.3,1016.8,278.0,S,15,Sochi,McLaren
13,36,SAI,14,0,5,5,4,0,74,35.5,22.9,0.0,1.2,65.1,1016.8,237.0,S,16,Sochi,McLaren
14,36,SAI,15,0,5,5,4,0,75,34.9,22.9,0.0,2.6,64.3,1016.8,284.0,S,17,Sochi,McLaren
15,36,SAI,16,0,5,5,4,0,75,34.8,22.6,0.0,2.4,65.5,1016.8,257.0,S,18,Sochi,McLaren
16,36,SAI,17,0,5,6,4,0,76,34.9,22.4,0.0,2.7,66.2,1016.8,277.0,S,19,Sochi,McLaren
17,36,SAI,18,0,6,6,4,0,76,35.0,22.2,0.0,2.2,67.6,1016.7,259.0,S,20,Sochi,McLaren
18,36,SAI,19,0,6,6,4,0,76,35.2,22.2,0.0,2.6,67.0,1016.8,239.0,S,21,Sochi,McLaren
19,36,SAI,20,0,6,6,4,0,77,34.9,22.0,0.0,1.5,67.9,1016.7,233.0,S,22,Sochi,McLaren
20,36,SAI,21,0,6,6,4,0,77,34.9,22.1,0.0,2.0,67.3,1016.8,268.0,S,23,Sochi,McLaren
21,36,SAI,22,0,6,12,4,0,77,34.9,22.1,0.0,0.8,67.9,1016.7,244.0,M,0,Sochi,McLaren
22,36,SAI,23,0,12,12,4,0,77,34.4,22.3,0.0,1.9,66.9,1016.9,237.0,M,1,Sochi,McLaren
23,36,SAI,24,0,12,11,4,0,76,34.4,22.3,0.0,1.3,67.0,1016.8,293.0,M,2,Sochi,McLaren
24,36,SAI,25,0,11,10,4,0,75,34.4,22.2,0.0,1.3,66.9,1016.6,246.0,M,3,Sochi,McLaren
25,36,SAI,26,0,10,10,4,0,76,34.8,22.2,0.0,2.4,66.9,1016.7,247.0,M,4,Sochi,McLaren
26,36,SAI,27,0,10,8,4,0,76,34.4,22.0,0.0,2.2,68.5,1016.6,243.0,M,5,Sochi,McLaren
27,36,SAI,28,2,8,6,4,0,77,34.4,22.0,0.0,2.6,68.4,1016.7,247.0,M,6,Sochi,McLaren
28,36,SAI,29,2,6,6,4,0,76,34.2,21.9,0.0,1.6,68.7,1016.6,257.0,M,7,Sochi,McLaren
29,36,SAI,30,2,6,5,4,0,75,32.9,21.9,0.0,2.8,68.8,1016.5,243.0,M,8,Sochi,McLaren
30,36,SAI,31,2,5,5,4,0,75,33.2,21.6,0.0,2.2,69.7,1016.5,259.0,M,9,Sochi,McLaren
31,36,SAI,32,2,5,5,4,0,74,33.6,21.6,0.0,2.9,69.9,1016.6,258.0,M,10,Sochi,McLaren
32,36,SAI,33,0,5,5,4,0,74,33.6,21.6,0.0,1.2,69.7,1016.6,234.0,M,11,Sochi,McLaren
33,36,SAI,34,0,5,5,4,0,74,33.6,21.6,0.0,2.2,69.7,1016.6,248.0,M,12,Sochi,McLaren
34,36,SAI,35,0,5,5,4,0,75,33.6,21.8,0.0,2.2,69.0,1016.5,231.0,M,13,Sochi,McLaren
35,36,SAI,36,0,5,5,4,0,75,33.7,21.8,0.0,1.7,68.8,1016.6,225.0,M,14,Sochi,McLaren
36,36,SAI,37,0,5,5,4,0,76,33.7,21.8,0.0,2.7,68.7,1016.6,254.0,M,15,Sochi,McLaren
37,36,SAI,38,0,5,5,4,0,76,34.1,21.8,0.0,1.0,68.8,1016.6,322.0,M,16,Sochi,McLaren
38,36,SAI,39,0,5,5,4,0,76,34.2,22.0,0.0,1.0,68.4,1016.6,286.0,M,17,Sochi,McLaren
39,36,SAI,40,0,5,5,4,0,76,34.2,22.2,0.0,2.7,66.6,1016.5,232.0,M,18,Sochi,McLaren
40,36,SAI,41,0,5,5,4,0,77,33.3,22.0,0.0,1.1,67.4,1016.5,317.0,M,19,Sochi,McLaren
41,36,SAI,42,0,5,5,4,0,77,33.6,22.1,0.0,1.2,67.5,1016.5,235.0,M,20,Sochi,McLaren
42,36,SAI,43,0,5,5,4,0,78,33.6,22.2,0.0,1.6,67.2,1016.6,233.0,M,21,Sochi,McLaren
43,36,SAI,44,0,5,5,4,0,78,33.4,21.9,0.0,1.1,68.6,1016.4,303.0,M,22,Sochi,McLaren
44,36,SAI,45,0,5,5,4,0,78,33.6,22.0,0.0,0.9,68.1,1016.4,316.0,M,23,Sochi,McLaren
45,36,SAI,46,0,5,5,4,0,78,34.0,22.2,0.0,1.1,67.0,1016.4,295.0,M,24,Sochi,McLaren
46,36,SAI,47,0,5,5,4,0,78,34.0,22.3,0.0,1.0,66.7,1016.4,286.0,M,25,Sochi,McLaren
47,36,SAI,48,0,5,6,4,0,78,33.8,22.7,0.0,0.5,65.2,1016.4,345.0,M,26,Sochi,McLaren
48,36,SAI,49,0,6,6,4,0,78,33.3,22.7,0.0,0.5,64.6,1016.4,321.0,M,27,Sochi,McLaren
49,36,SAI,50,0,6,6,4,0,79,33.3,22.7,0.0,1.1,65.2,1016.4,273.0,M,28,Sochi,McLaren
50,36,SAI,51,0,6,6,4,0,79,33.6,22.7,0.0,1.8,64.1,1016.4,275.0,M,29,Sochi,McLaren
51,36,SAI,52,0,6,6,4,0,79,33.5,22.7,0.0,1.3,64.6,1016.4,214.0,M,30,Sochi,McLaren
52,36,SAI,53,0,6,6,4,0,79,33.3,22.8,0.0,1.2,63.9,1016.4,250.0,M,31,Sochi,McLaren
0,36,HUL,1,2,9,9,9,0,59,35.1,21.8,0.0,2.8,67.8,1017.0,252.0,S,3,Sochi,Renault
1,36,HUL,2,2,9,9,9,0,71,34.9,21.7,0.0,2.5,68.2,1017.0,251.0,S,4,Sochi,Renault
2,36,HUL,3,2,9,9,9,0,69,34.7,21.5,0.0,1.6,69.5,1017.0,291.0,S,5,Sochi,Renault
3,36,HUL,4,0,9,10,9,0,70,34.7,21.4,0.0,1.0,69.4,1017.0,295.0,S,6,Sochi,Renault
4,36,HUL,5,0,10,10,9,0,71,35.2,21.7,0.0,1.4,68.8,1016.9,243.0,S,7,Sochi,Renault
5,36,HUL,6,0,10,9,9,0,72,34.8,21.7,0.0,2.3,68.1,1016.9,311.0,S,8,Sochi,Renault
6,36,HUL,7,0,9,9,9,0,73,34.8,21.6,0.0,1.4,68.8,1016.9,253.0,S,9,Sochi,Renault
7,36,HUL,8,0,9,9,9,0,74,34.8,21.8,0.0,2.1,67.7,1016.9,290.0,S,10,Sochi,Renault
8,36,HUL,9,0,9,9,9,0,75,34.8,21.9,0.0,3.0,66.8,1016.9,293.0,S,11,Sochi,Renault
9,36,HUL,10,0,9,9,9,0,75,34.8,21.7,0.0,2.1,67.5,1017.0,0.0,S,12,Sochi,Renault
10,36,HUL,11,0,9,9,9,0,75,35.5,21.8,0.0,0.6,67.4,1017.0,343.0,S,13,Sochi,Renault
11,36,HUL,12,0,9,9,9,0,76,35.7,22.2,0.0,1.1,65.6,1017.0,276.0,S,14,Sochi,Renault
12,36,HUL,13,0,9,9,9,0,76,35.6,22.3,0.0,2.2,64.8,1017.0,258.0,S,15,Sochi,Renault
13,36,HUL,14,0,9,8,9,0,76,35.4,22.3,0.0,2.1,65.2,1017.0,309.0,S,16,Sochi,Renault
14,36,HUL,15,0,8,8,9,0,77,35.3,22.1,0.0,1.6,66.4,1017.0,296.0,S,17,Sochi,Renault
15,36,HUL,16,0,8,9,9,0,77,35.5,22.3,0.0,1.8,66.1,1016.9,236.0,S,18,Sochi,Renault
16,36,HUL,17,0,9,17,9,0,77,35.4,22.5,0.0,2.1,65.8,1016.9,213.0,M,0,Sochi,Renault
17,36,HUL,18,0,17,17,9,0,77,35.1,22.6,0.0,2.0,65.5,1016.8,254.0,M,1,Sochi,Renault
18,36,HUL,19,0,17,17,9,0,78,35.3,22.7,0.0,0.6,66.3,1016.8,278.0,M,2,Sochi,Renault
19,36,HUL,20,0,17,16,9,0,78,35.5,22.9,0.0,1.2,65.1,1016.8,237.0,M,3,Sochi,Renault
20,36,HUL,21,0,16,15,9,0,78,35.5,23.2,0.0,2.3,64.0,1016.8,245.0,M,4,Sochi,Renault
21,36,HUL,22,0,15,14,9,0,78,34.9,22.9,0.0,2.6,64.3,1016.8,284.0,M,5,Sochi,Renault
22,36,HUL,23,0,14,14,9,0,78,34.8,22.2,0.0,2.8,67.0,1016.8,248.0,M,6,Sochi,Renault
23,36,HUL,24,0,14,14,9,0,77,34.8,22.0,0.0,1.8,68.1,1016.8,244.0,M,7,Sochi,Renault
24,36,HUL,25,0,14,14,9,0,77,35.0,22.0,0.0,1.4,68.1,1016.8,243.0,M,8,Sochi,Renault
25,36,HUL,26,0,14,13,9,0,77,35.2,22.2,0.0,2.6,67.0,1016.8,239.0,M,9,Sochi,Renault
26,36,HUL,27,0,13,12,9,0,78,34.9,22.0,0.0,2.5,67.3,1016.8,249.0,M,10,Sochi,Renault
27,36,HUL,28,2,12,10,9,0,78,34.9,22.1,0.0,2.0,67.3,1016.8,268.0,M,11,Sochi,Renault
28,36,HUL,29,2,10,11,9,0,77,34.9,22.1,0.0,1.1,67.5,1016.7,227.0,M,12,Sochi,Renault
29,36,HUL,30,2,11,11,9,0,76,34.9,22.1,0.0,0.8,67.9,1016.7,244.0,S,3,Sochi,Renault
30,36,HUL,31,2,11,11,9,0,75,34.9,22.5,0.0,2.6,66.2,1016.8,250.0,S,4,Sochi,Renault
31,36,HUL,32,2,11,11,9,0,75,34.4,22.0,0.0,2.1,68.4,1016.7,244.0,S,5,Sochi,Renault
32,36,HUL,33,0,11,11,9,0,75,34.4,22.0,0.0,2.6,68.4,1016.7,247.0,S,6,Sochi,Renault
33,36,HUL,34,0,11,11,9,0,75,34.7,21.8,0.0,2.7,68.8,1016.6,261.0,S,7,Sochi,Renault
34,36,HUL,35,0,11,11,9,0,75,34.2,21.9,0.0,1.6,68.7,1016.6,257.0,S,8,Sochi,Renault
35,36,HUL,36,0,11,11,9,0,76,33.4,21.9,0.0,2.5,68.9,1016.6,239.0,S,9,Sochi,Renault
36,36,HUL,37,0,11,10,9,0,76,33.2,21.6,0.0,2.2,69.7,1016.5,259.0,S,10,Sochi,Renault
37,36,HUL,38,0,10,10,9,0,76,33.6,21.6,0.0,2.9,69.9,1016.6,258.0,S,11,Sochi,Renault
38,36,HUL,39,0,10,10,9,0,77,33.6,21.6,0.0,1.2,69.7,1016.6,234.0,S,12,Sochi,Renault
39,36,HUL,40,0,10,10,9,0,77,33.6,21.6,0.0,2.2,69.7,1016.6,248.0,S,13,Sochi,Renault
40,36,HUL,41,0,10,10,9,0,77,33.6,21.8,0.0,2.2,69.0,1016.5,231.0,S,14,Sochi,Renault
41,36,HUL,42,0,10,10,9,0,78,33.7,21.8,0.0,1.7,68.8,1016.6,225.0,S,15,Sochi,Renault
42,36,HUL,43,0,10,10,9,0,78,34.2,22.2,0.0,2.7,66.6,1016.5,232.0,S,16,Sochi,Renault
43,36,HUL,44,0,10,10,9,0,78,33.4,22.1,0.0,1.6,66.8,1016.5,248.0,S,17,Sochi,Renault
44,36,HUL,45,0,10,10,9,0,78,33.6,22.0,0.0,2.2,67.3,1016.5,243.0,S,18,Sochi,Renault
45,36,HUL,46,0,10,10,9,0,78,34.0,22.3,0.0,1.0,66.7,1016.4,286.0,S,19,Sochi,Renault
46,36,HUL,47,0,10,10,9,0,78,33.9,22.4,0.0,1.8,66.2,1016.4,291.0,S,20,Sochi,Renault
47,36,HUL,48,0,10,10,9,0,79,33.3,22.7,0.0,0.5,64.6,1016.4,321.0,S,21,Sochi,Renault
48,36,HUL,49,0,10,10,9,0,79,33.3,22.7,0.0,1.1,65.2,1016.4,273.0,S,22,Sochi,Renault
49,36,HUL,50,0,10,10,9,0,79,33.6,22.5,0.0,1.7,65.1,1016.5,240.0,S,23,Sochi,Renault
50,36,HUL,51,0,10,10,9,0,80,33.6,22.4,0.0,1.2,65.1,1016.4,239.0,S,24,Sochi,Renault
51,36,HUL,52,0,10,10,9,0,80,33.6,22.6,0.0,1.0,64.9,1016.4,249.0,S,25,Sochi,Renault
52,36,HUL,53,0,10,10,9,0,80,33.5,22.7,0.0,0.9,64.6,1016.4,250.0,S,26,Sochi,Renault
0,36,NOR,1,2,6,6,6,0,50,35.1,21.8,0.0,2.8,67.8,1017.0,252.0,S,3,Sochi,McLaren
1,36,NOR,2,2,6,6,6,0,64,34.9,21.7,0.0,2.5,68.2,1017.0,251.0,S,4,Sochi,McLaren
2,36,NOR,3,2,6,6,6,0,60,34.7,21.5,0.0,1.6,69.5,1017.0,291.0,S,5,Sochi,McLaren
3,36,NOR,4,0,6,6,6,0,62,34.6,21.5,0.0,1.4,68.5,1017.0,304.0,S,6,Sochi,McLaren
4,36,NOR,5,0,6,6,6,0,65,35.4,21.8,0.0,2.7,67.1,1017.0,245.0,S,7,Sochi,McLaren
5,36,NOR,6,0,6,6,6,0,67,34.8,21.7,0.0,2.3,68.1,1016.9,311.0,S,8,Sochi,McLaren
6,36,NOR,7,0,6,6,6,0,68,34.8,21.6,0.0,1.4,68.8,1016.9,253.0,S,9,Sochi,McLaren
7,36,NOR,8,0,6,6,6,0,69,34.8,21.8,0.0,2.1,67.7,1016.9,290.0,S,10,Sochi,McLaren
8,36,NOR,9,0,6,6,6,0,70,34.8,21.9,0.0,3.0,66.8,1016.9,293.0,S,11,Sochi,McLaren
9,36,NOR,10,0,6,6,6,0,71,35.5,21.8,0.0,0.6,67.4,1017.0,343.0,S,12,Sochi,McLaren
10,36,NOR,11,0,6,6,6,0,72,35.7,22.2,0.0,1.1,65.6,1017.0,276.0,S,13,Sochi,McLaren
11,36,NOR,12,0,6,7,6,0,72,35.4,22.3,0.0,2.1,65.2,1017.0,309.0,S,14,Sochi,McLaren
12,36,NOR,13,0,7,7,6,0,72,35.5,22.3,0.0,1.8,66.1,1016.9,236.0,S,15,Sochi,McLaren
13,36,NOR,14,0,7,7,6,0,72,35.4,22.5,0.0,2.1,65.8,1016.9,213.0,S,16,Sochi,McLaren
14,36,NOR,15,0,7,7,6,0,73,35.3,22.5,0.0,1.2,65.7,1017.0,248.0,S,17,Sochi,McLaren
15,36,NOR,16,0,7,7,6,0,73,35.1,22.6,0.0,2.0,65.5,1016.8,254.0,S,18,Sochi,McLaren
16,36,NOR,17,0,7,7,6,0,73,35.1,22.6,0.0,1.3,66.0,1016.8,222.0,S,19,Sochi,McLaren
17,36,NOR,18,0,7,7,6,0,74,35.3,22.7,0.0,0.6,66.3,1016.8,278.0,S,20,Sochi,McLaren
18,36,NOR,19,0,7,7,6,0,74,35.5,22.9,0.0,1.2,65.1,1016.8,237.0,S,21,Sochi,McLaren
19,36,NOR,20,0,7,8,6,0,74,34.9,22.9,0.0,2.6,64.3,1016.8,284.0,S,22,Sochi,McLaren
20,36,NOR,21,0,8,13,6,0,74,34.8,22.6,0.0,2.4,65.5,1016.8,257.0,M,0,Sochi,McLaren
21,36,NOR,22,0,13,13,6,0,75,34.9,22.4,0.0,2.7,66.2,1016.8,277.0,M,1,Sochi,McLaren
22,36,NOR,23,0,13,13,6,0,75,34.8,22.2,0.0,2.8,67.0,1016.8,248.0,M,2,Sochi,McLaren
23,36,NOR,24,0,13,12,6,0,74,34.8,22.0,0.0,1.8,68.1,1016.8,244.0,M,3,Sochi,McLaren
24,36,NOR,25,0,12,12,6,0,74,35.0,22.0,0.0,1.4,68.1,1016.8,243.0,M,4,Sochi,McLaren
25,36,NOR,26,0,12,11,6,0,74,34.9,22.2,0.0,2.2,67.2,1016.7,246.0,M,5,Sochi,McLaren
26,36,NOR,27,0,11,10,6,0,75,34.9,22.0,0.0,2.5,67.3,1016.8,249.0,M,6,Sochi,McLaren
27,36,NOR,28,2,10,8,6,0,77,34.9,22.0,0.0,1.5,67.9,1016.7,233.0,M,7,Sochi,McLaren
28,36,NOR,29,2,8,8,6,0,81,34.4,22.3,0.0,1.9,66.9,1016.9,237.0,M,8,Sochi,McLaren
29,36,NOR,30,2,8,7,6,0,82,34.4,22.3,0.0,1.3,67.0,1016.8,293.0,M,9,Sochi,McLaren
30,36,NOR,31,2,7,7,6,0,82,34.4,22.2,0.0,1.3,66.9,1016.6,246.0,M,10,Sochi,McLaren
31,36,NOR,32,2,7,7,6,0,81,35.0,22.2,0.0,2.6,67.1,1016.7,268.0,M,11,Sochi,McLaren
32,36,NOR,33,0,7,7,6,0,80,34.4,22.0,0.0,2.6,68.4,1016.7,247.0,M,12,Sochi,McLaren
33,36,NOR,34,0,7,7,6,0,80,34.5,21.9,0.0,1.8,68.6,1016.6,286.0,M,13,Sochi,McLaren
34,36,NOR,35,0,7,9,6,0,80,34.2,21.9,0.0,1.6,68.7,1016.6,257.0,M,14,Sochi,McLaren
35,36,NOR,36,0,9,9,6,0,81,33.6,21.9,0.0,1.8,68.8,1016.7,249.0,M,15,Sochi,McLaren
36,36,NOR,37,0,9,9,6,0,81,33.4,21.9,0.0,2.5,68.9,1016.6,239.0,M,16,Sochi,McLaren
37,36,NOR,38,0,9,9,6,0,81,32.7,21.7,0.0,3.2,69.4,1016.5,258.0,M,17,Sochi,McLaren
38,36,NOR,39,0,9,9,6,0,81,33.2,21.6,0.0,2.2,69.7,1016.5,259.0,M,18,Sochi,McLaren
39,36,NOR,40,0,9,9,6,0,81,33.6,21.6,0.0,2.9,69.9,1016.6,258.0,M,19,Sochi,McLaren
40,36,NOR,41,0,9,9,6,0,81,33.6,21.6,0.0,1.2,69.7,1016.6,234.0,M,20,Sochi,McLaren
41,36,NOR,42,0,9,9,6,0,81,33.6,21.6,0.0,2.2,69.7,1016.6,248.0,M,21,Sochi,McLaren
42,36,NOR,43,0,9,9,6,0,81,33.7,21.8,0.0,2.7,68.7,1016.6,254.0,M,22,Sochi,McLaren
43,36,NOR,44,0,9,9,6,0,82,33.7,21.8,0.0,2.4,69.0,1016.5,280.0,M,23,Sochi,McLaren
44,36,NOR,45,0,9,9,6,0,81,34.2,22.0,0.0,1.0,68.4,1016.6,286.0,M,24,Sochi,McLaren
45,36,NOR,46,0,9,9,6,0,81,33.6,22.2,0.0,1.6,67.2,1016.6,233.0,M,25,Sochi,McLaren
46,36,NOR,47,0,9,9,6,0,81,33.6,22.0,0.0,0.9,68.1,1016.4,316.0,M,26,Sochi,McLaren
47,36,NOR,48,0,9,9,6,0,81,33.9,22.4,0.0,1.8,66.2,1016.4,291.0,M,27,Sochi,McLaren
48,36,NOR,49,0,9,9,6,0,81,33.9,22.5,0.0,0.7,66.4,1016.4,35.0,M,28,Sochi,McLaren
49,36,NOR,50,0,9,9,6,0,82,33.3,22.7,0.0,1.1,65.2,1016.4,273.0,M,29,Sochi,McLaren
50,36,NOR,51,0,9,9,6,0,82,33.6,22.4,0.0,1.2,65.1,1016.4,239.0,M,30,Sochi,McLaren
51,36,NOR,52,0,9,9,6,0,82,33.5,22.7,0.0,0.9,64.6,1016.4,250.0,M,31,Sochi,McLaren
52,36,NOR,53,0,9,8,6,0,82,33.3,22.8,0.0,1.2,63.9,1016.4,250.0,M,32,Sochi,McLaren
0,36,VER,1,2,8,8,8,0,58,35.1,21.8,0.0,2.8,67.8,1017.0,252.0,S,3,Sochi,Red Bull Racing
1,36,VER,2,2,8,8,8,0,73,34.9,21.7,0.0,2.5,68.2,1017.0,251.0,S,4,Sochi,Red Bull Racing
2,36,VER,3,2,8,8,8,0,70,34.5,21.5,0.0,1.8,69.1,1017.1,237.0,S,5,Sochi,Red Bull Racing
3,36,VER,4,0,8,8,8,0,68,34.6,21.5,0.0,1.9,69.0,1016.9,288.0,S,6,Sochi,Red Bull Racing
4,36,VER,5,0,8,8,8,0,69,34.7,21.5,0.0,1.6,69.5,1017.0,291.0,S,7,Sochi,Red Bull Racing
5,36,VER,6,0,8,8,8,0,71,35.2,21.7,0.0,1.4,68.8,1016.9,243.0,S,8,Sochi,Red Bull Racing
6,36,VER,7,0,8,8,8,0,72,34.8,21.6,0.0,1.4,68.8,1016.9,253.0,S,9,Sochi,Red Bull Racing
7,36,VER,8,0,8,7,8,0,73,35.0,21.8,0.0,1.7,67.2,1017.0,251.0,S,10,Sochi,Red Bull Racing
8,36,VER,9,0,7,7,8,0,73,34.8,21.9,0.0,3.0,66.8,1016.9,293.0,S,11,Sochi,Red Bull Racing
9,36,VER,10,0,7,7,8,0,73,35.7,22.2,0.0,1.1,65.6,1017.0,276.0,S,12,Sochi,Red Bull Racing
10,36,VER,11,0,7,7,8,0,75,35.6,22.3,0.0,2.2,64.8,1017.0,258.0,S,13,Sochi,Red Bull Racing
11,36,VER,12,0,7,6,8,0,77,35.5,22.1,0.0,1.9,66.1,1017.0,327.0,S,14,Sochi,Red Bull Racing
12,36,VER,13,0,6,6,8,0,78,35.3,22.1,0.0,1.6,66.4,1017.0,296.0,S,15,Sochi,Red Bull Racing
13,36,VER,14,0,6,6,8,0,78,35.5,22.3,0.0,1.8,66.1,1016.9,236.0,S,16,Sochi,Red Bull Racing
14,36,VER,15,0,6,6,8,0,78,35.1,22.6,0.0,2.0,65.5,1016.8,254.0,S,17,Sochi,Red Bull Racing
15,36,VER,16,0,6,6,8,0,78,35.1,22.6,0.0,1.3,66.0,1016.8,222.0,S,18,Sochi,Red Bull Racing
16,36,VER,17,0,6,5,8,0,76,35.3,22.7,0.0,0.6,66.3,1016.8,278.0,S,19,Sochi,Red Bull Racing
17,36,VER,18,0,5,5,8,0,76,35.5,22.9,0.0,1.2,65.1,1016.8,237.0,S,20,Sochi,Red Bull Racing
18,36,VER,19,0,5,5,8,0,77,34.9,22.9,0.0,2.6,64.3,1016.8,284.0,S,21,Sochi,Red Bull Racing
19,36,VER,20,0,5,5,8,0,77,34.8,22.6,0.0,2.4,65.5,1016.8,257.0,S,22,Sochi,Red Bull Racing
20,36,VER,21,0,5,5,8,0,77,34.9,22.4,0.0,2.7,66.2,1016.8,277.0,S,23,Sochi,Red Bull Racing
21,36,VER,22,0,5,5,8,0,78,34.8,22.2,0.0,2.8,67.0,1016.8,248.0,S,24,Sochi,Red Bull Racing
22,36,VER,23,0,5,5,8,0,80,34.8,22.0,0.0,1.8,68.1,1016.8,244.0,S,25,Sochi,Red Bull Racing
23,36,VER,24,0,5,5,8,0,80,35.0,22.0,0.0,1.4,68.1,1016.8,243.0,S,26,Sochi,Red Bull Racing
24,36,VER,25,0,5,5,8,0,81,35.0,22.2,0.0,2.2,67.6,1016.7,259.0,S,27,Sochi,Red Bull Racing
25,36,VER,26,0,5,5,8,0,81,35.2,22.2,0.0,2.6,67.0,1016.8,239.0,S,28,Sochi,Red Bull Racing
26,36,VER,27,0,5,4,8,0,81,34.9,22.2,0.0,2.2,67.2,1016.7,246.0,S,29,Sochi,Red Bull Racing
27,36,VER,28,2,4,4,8,0,81,34.9,22.0,0.0,1.5,67.9,1016.7,233.0,S,30,Sochi,Red Bull Racing
28,36,VER,29,2,4,4,8,0,81,34.9,22.1,0.0,2.0,67.3,1016.8,268.0,M,0,Sochi,Red Bull Racing
29,36,VER,30,2,4,4,8,0,81,34.9,22.1,0.0,1.1,67.5,1016.7,227.0,M,1,Sochi,Red Bull Racing
30,36,VER,31,2,4,4,8,0,81,34.4,22.3,0.0,1.9,66.9,1016.9,237.0,M,2,Sochi,Red Bull Racing
31,36,VER,32,2,4,4,8,0,80,34.4,22.3,0.0,1.3,67.0,1016.8,293.0,M,3,Sochi,Red Bull Racing
32,36,VER,33,0,4,4,8,0,80,34.8,22.2,0.0,2.4,66.9,1016.7,247.0,M,4,Sochi,Red Bull Racing
33,36,VER,34,0,4,4,8,0,81,34.4,22.0,0.0,2.1,68.4,1016.7,244.0,M,5,Sochi,Red Bull Racing
34,36,VER,35,0,4,4,8,0,81,34.4,22.0,0.0,2.2,68.5,1016.6,243.0,M,6,Sochi,Red Bull Racing
35,36,VER,36,0,4,4,8,0,81,34.7,21.8,0.0,2.7,68.8,1016.6,261.0,M,7,Sochi,Red Bull Racing
36,36,VER,37,0,4,4,8,0,82,34.5,21.8,0.0,1.8,69.2,1016.7,254.0,M,8,Sochi,Red Bull Racing
37,36,VER,38,0,4,4,8,0,82,34.2,21.9,0.0,1.6,68.7,1016.6,257.0,M,9,Sochi,Red Bull Racing
38,36,VER,39,0,4,4,8,0,82,33.6,21.9,0.0,1.8,68.8,1016.7,249.0,M,10,Sochi,Red Bull Racing
39,36,VER,40,0,4,4,8,0,83,33.6,21.6,0.0,2.9,69.9,1016.6,258.0,M,11,Sochi,Red Bull Racing
40,36,VER,41,0,4,4,8,0,83,33.6,21.8,0.0,2.2,69.0,1016.5,231.0,M,12,Sochi,Red Bull Racing
41,36,VER,42,0,4,4,8,0,83,33.7,21.8,0.0,1.7,68.8,1016.6,225.0,M,13,Sochi,Red Bull Racing
42,36,VER,43,0,4,4,8,0,83,33.7,21.8,0.0,2.7,68.7,1016.6,254.0,M,14,Sochi,Red Bull Racing
43,36,VER,44,0,4,4,8,0,84,33.7,21.8,0.0,2.4,69.0,1016.5,280.0,M,15,Sochi,Red Bull Racing
44,36,VER,45,0,4,4,8,0,84,34.1,21.8,0.0,1.0,68.8,1016.6,322.0,M,16,Sochi,Red Bull Racing
45,36,VER,46,0,4,4,8,0,84,34.2,22.0,0.0,1.0,68.4,1016.6,286.0,M,17,Sochi,Red Bull Racing
46,36,VER,47,0,4,4,8,0,84,33.4,22.1,0.0,1.6,66.8,1016.5,248.0,M,18,Sochi,Red Bull Racing
47,36,VER,48,0,4,4,8,0,85,33.6,22.0,0.0,2.2,67.3,1016.5,243.0,M,19,Sochi,Red Bull Racing
48,36,VER,49,0,4,4,8,0,85,33.4,21.9,0.0,1.1,68.6,1016.4,303.0,M,20,Sochi,Red Bull Racing
49,36,VER,50,0,4,4,8,0,85,33.9,22.4,0.0,1.8,66.2,1016.4,291.0,M,21,Sochi,Red Bull Racing
50,36,VER,51,0,4,4,8,0,85,33.6,22.5,0.0,1.7,65.1,1016.5,240.0,M,22,Sochi,Red Bull Racing
51,36,VER,52,0,4,4,8,0,85,33.5,22.7,0.0,1.3,64.6,1016.4,214.0,M,23,Sochi,Red Bull Racing
52,36,VER,53,0,4,4,8,0,86,33.3,22.8,0.0,1.2,63.9,1016.4,250.0,M,24,Sochi,Red Bull Racing
0,36,RIC,1,2,19,19,19,0,61,34.6,21.5,0.0,1.9,69.0,1016.9,288.0,S,3,Sochi,Renault
1,36,RIC,2,2,19,19,19,0,73,34.7,21.5,0.0,1.6,69.5,1017.0,291.0,M,0,Sochi,Renault
2,36,RIC,3,2,19,19,19,0,81,34.6,21.5,0.0,1.4,68.5,1017.0,304.0,M,1,Sochi,Renault
3,36,RIC,4,0,19,18,19,0,82,34.7,21.4,0.0,1.0,69.4,1017.0,295.0,M,2,Sochi,Renault
4,36,RIC,5,0,18,18,19,0,83,34.8,21.8,0.0,2.1,67.7,1016.9,290.0,M,3,Sochi,Renault
5,36,RIC,6,0,18,18,19,0,84,35.5,21.8,0.0,0.6,67.4,1017.0,343.0,M,4,Sochi,Renault
6,36,RIC,7,0,18,17,19,0,84,35.4,22.3,0.0,2.1,65.2,1017.0,309.0,M,5,Sochi,Renault
7,36,RIC,8,0,17,17,19,0,84,35.3,22.1,0.0,1.6,66.4,1017.0,296.0,M,6,Sochi,Renault
8,36,RIC,9,0,17,16,19,0,85,35.5,22.3,0.0,1.8,66.1,1016.9,236.0,M,7,Sochi,Renault
9,36,RIC,10,0,16,16,19,0,85,34.9,22.9,0.0,2.6,64.3,1016.8,284.0,M,8,Sochi,Renault
10,36,RIC,11,0,16,16,19,0,85,34.8,22.6,0.0,2.4,65.5,1016.8,257.0,M,9,Sochi,Renault
11,36,RIC,12,0,16,16,19,0,85,34.8,22.0,0.0,1.8,68.1,1016.8,244.0,M,10,Sochi,Renault
12,36,RIC,13,0,16,16,19,0,85,34.9,22.2,0.0,2.2,67.2,1016.7,246.0,M,11,Sochi,Renault
13,36,RIC,14,0,16,16,19,0,85,34.9,22.1,0.0,0.8,67.9,1016.7,244.0,M,12,Sochi,Renault
14,36,RIC,15,0,16,16,19,0,85,34.4,22.3,0.0,1.3,67.0,1016.8,293.0,M,13,Sochi,Renault
15,36,RIC,16,0,16,16,19,0,85,32.7,21.7,0.0,3.2,69.4,1016.5,258.0,M,14,Sochi,Renault
16,36,RIC,17,0,16,15,19,0,85,33.2,21.6,0.0,2.2,69.7,1016.5,259.0,M,15,Sochi,Renault
17,36,RIC,18,0,15,15,19,0,85,33.6,21.6,0.0,2.9,69.9,1016.6,258.0,M,16,Sochi,Renault
18,36,RIC,19,0,15,15,19,0,86,33.7,21.8,0.0,1.7,68.8,1016.6,225.0,M,17,Sochi,Renault
19,36,RIC,20,0,15,15,19,0,86,34.2,22.0,0.0,1.0,68.4,1016.6,286.0,M,18,Sochi,Renault
20,36,RIC,21,0,15,16,19,0,86,33.4,22.1,0.0,1.6,66.8,1016.5,248.0,M,19,Sochi,Renault
21,36,RIC,22,0,16,16,19,0,86,33.6,22.2,0.0,1.6,67.2,1016.6,233.0,M,20,Sochi,Renault
22,36,RIC,23,0,16,16,19,0,86,33.6,22.6,0.0,0.9,65.0,1016.4,248.0,M,21,Sochi,Renault
23,36,RIC,24,0,16,18,19,1,83,33.6,22.7,0.0,1.8,64.1,1016.4,275.0,M,22,Sochi,Renault
0,36,PER,1,2,7,7,7,0,50,34.7,21.4,0.0,1.0,69.4,1017.0,295.0,S,0,Sochi,Racing Point
1,36,PER,2,2,7,7,7,0,54,35.2,21.7,0.0,1.4,68.8,1016.9,243.0,S,1,Sochi,Racing Point
2,36,PER,3,2,7,7,7,0,51,34.8,21.7,0.0,2.3,68.1,1016.9,311.0,S,2,Sochi,Racing Point
3,36,PER,4,0,7,7,7,0,53,34.8,21.6,0.0,1.4,68.8,1016.9,253.0,S,3,Sochi,Racing Point
4,36,PER,5,0,7,7,7,0,57,34.8,21.8,0.0,2.1,67.7,1016.9,290.0,S,4,Sochi,Racing Point
5,36,PER,6,0,7,7,7,0,60,35.0,21.8,0.0,1.7,67.2,1017.0,251.0,S,5,Sochi,Racing Point
6,36,PER,7,0,7,7,7,0,62,35.0,21.9,0.0,2.7,67.6,1017.0,253.0,S,6,Sochi,Racing Point
7,36,PER,8,0,7,8,7,0,63,34.8,21.9,0.0,3.0,66.8,1016.9,293.0,S,7,Sochi,Racing Point
8,36,PER,9,0,8,8,7,0,64,35.5,21.8,0.0,0.6,67.4,1017.0,343.0,S,8,Sochi,Racing Point
9,36,PER,10,0,8,8,7,0,65,35.5,22.1,0.0,1.9,66.1,1017.0,327.0,S,9,Sochi,Racing Point
10,36,PER,11,0,8,8,7,0,65,35.3,22.1,0.0,1.6,66.4,1017.0,296.0,S,10,Sochi,Racing Point
11,36,PER,12,0,8,8,7,0,66,35.5,22.3,0.0,1.8,66.1,1016.9,236.0,S,11,Sochi,Racing Point
12,36,PER,13,0,8,8,7,0,67,35.4,22.5,0.0,2.1,65.8,1016.9,213.0,S,12,Sochi,Racing Point
13,36,PER,14,0,8,9,7,0,67,35.1,22.6,0.0,1.5,65.1,1016.8,240.0,S,13,Sochi,Racing Point
14,36,PER,15,0,9,9,7,0,67,35.1,22.6,0.0,2.0,65.5,1016.8,254.0,S,14,Sochi,Racing Point
15,36,PER,16,0,9,8,7,0,67,35.1,22.6,0.0,1.3,66.0,1016.8,222.0,S,15,Sochi,Racing Point
16,36,PER,17,0,8,8,7,0,68,35.5,22.9,0.0,1.2,65.1,1016.8,237.0,S,16,Sochi,Racing Point
17,36,PER,18,0,8,8,7,0,68,34.8,22.6,0.0,2.4,65.5,1016.8,257.0,S,17,Sochi,Racing Point
18,36,PER,19,0,8,8,7,0,69,34.9,22.4,0.0,2.7,66.2,1016.8,277.0,S,18,Sochi,Racing Point
19,36,PER,20,0,8,7,7,0,69,34.8,22.2,0.0,2.8,67.0,1016.8,248.0,S,19,Sochi,Racing Point
20,36,PER,21,0,7,7,7,0,70,35.2,22.2,0.0,2.6,67.0,1016.8,239.0,S,20,Sochi,Racing Point
21,36,PER,22,0,7,6,7,0,70,34.9,22.0,0.0,1.5,67.9,1016.7,233.0,S,21,Sochi,Racing Point
22,36,PER,23,0,6,6,7,0,70,34.9,22.1,0.0,0.8,67.9,1016.7,244.0,S,22,Sochi,Racing Point
23,36,PER,24,0,6,13,7,0,70,34.4,22.3,0.0,1.9,66.9,1016.9,237.0,M,0,Sochi,Racing Point
24,36,PER,25,0,13,13,7,0,70,34.8,22.2,0.0,2.4,66.9,1016.7,247.0,M,1,Sochi,Racing Point
25,36,PER,26,0,13,12,7,0,70,34.4,22.0,0.0,2.1,68.4,1016.7,244.0,M,2,Sochi,Racing Point
26,36,PER,27,0,12,11,7,0,70,34.4,22.0,0.0,2.6,68.4,1016.7,247.0,M,3,Sochi,Racing Point
27,36,PER,28,2,11,9,7,0,71,34.7,21.8,0.0,2.7,68.8,1016.6,261.0,M,4,Sochi,Racing Point
28,36,PER,29,2,9,9,7,0,70,34.2,21.7,0.0,2.1,69.2,1016.7,242.0,M,5,Sochi,Racing Point
29,36,PER,30,2,9,8,7,0,69,34.5,21.8,0.0,1.8,69.2,1016.7,254.0,M,6,Sochi,Racing Point
30,36,PER,31,2,8,8,7,0,69,34.5,21.9,0.0,1.8,68.6,1016.6,286.0,M,7,Sochi,Racing Point
31,36,PER,32,2,8,8,7,0,69,34.2,21.9,0.0,1.6,68.7,1016.6,257.0,M,8,Sochi,Racing Point
32,36,PER,33,0,8,9,7,0,68,32.9,21.9,0.0,2.8,68.8,1016.5,243.0,M,9,Sochi,Racing Point
33,36,PER,34,0,9,9,7,0,68,33.6,21.6,0.0,2.9,69.9,1016.6,258.0,M,10,Sochi,Racing Point
34,36,PER,35,0,9,8,7,0,69,33.6,21.6,0.0,2.2,69.7,1016.6,248.0,M,11,Sochi,Racing Point
35,36,PER,36,0,8,8,7,0,70,33.7,21.8,0.0,1.7,68.8,1016.6,225.0,M,12,Sochi,Racing Point
36,36,PER,37,0,8,8,7,0,69,33.6,21.8,0.0,1.9,69.0,1016.6,237.0,M,13,Sochi,Racing Point
37,36,PER,38,0,8,8,7,0,69,33.7,21.8,0.0,2.7,68.7,1016.6,254.0,M,14,Sochi,Racing Point
38,36,PER,39,0,8,8,7,0,70,33.7,21.8,0.0,2.4,69.0,1016.5,280.0,M,15,Sochi,Racing Point
39,36,PER,40,0,8,8,7,0,70,34.1,21.8,0.0,1.0,68.8,1016.6,322.0,M,16,Sochi,Racing Point
40,36,PER,41,0,8,8,7,0,70,34.2,22.0,0.0,1.0,68.4,1016.6,286.0,M,17,Sochi,Racing Point
41,36,PER,42,0,8,8,7,0,71,34.2,22.2,0.0,2.7,66.6,1016.5,232.0,M,18,Sochi,Racing Point
42,36,PER,43,0,8,8,7,0,71,33.3,22.0,0.0,1.1,67.4,1016.5,317.0,M,19,Sochi,Racing Point
43,36,PER,44,0,8,7,7,0,72,33.6,22.2,0.0,1.6,67.2,1016.6,233.0,M,20,Sochi,Racing Point
44,36,PER,45,0,7,7,7,0,72,33.6,22.0,0.0,2.2,67.3,1016.5,243.0,M,21,Sochi,Racing Point
45,36,PER,46,0,7,7,7,0,72,33.6,22.0,0.0,0.9,68.1,1016.4,316.0,M,22,Sochi,Racing Point
46,36,PER,47,0,7,7,7,0,72,34.0,22.3,0.0,1.0,66.7,1016.4,286.0,M,23,Sochi,Racing Point
47,36,PER,48,0,7,7,7,0,73,33.9,22.5,0.0,0.7,66.4,1016.4,35.0,M,24,Sochi,Racing Point
48,36,PER,49,0,7,7,7,0,73,33.3,22.7,0.0,0.5,64.6,1016.4,321.0,M,25,Sochi,Racing Point
49,36,PER,50,0,7,7,7,0,73,33.3,22.7,0.0,1.1,65.2,1016.4,273.0,M,26,Sochi,Racing Point
50,36,PER,51,0,7,7,7,0,74,33.6,22.6,0.0,0.9,65.0,1016.4,248.0,M,27,Sochi,Racing Point
51,36,PER,52,0,7,7,7,0,74,33.6,22.5,0.0,1.7,65.1,1016.5,240.0,M,28,Sochi,Racing Point
52,36,PER,53,0,7,7,7,0,74,33.6,22.4,0.0,1.2,65.1,1016.4,239.0,M,29,Sochi,Racing Point
0,36,GIO,1,2,12,12,12,0,47,35.1,21.8,0.0,2.8,67.8,1017.0,252.0,S,0,Sochi,Alfa Romeo Racing
1,36,GIO,2,2,12,13,12,0,59,34.9,21.7,0.0,2.5,68.2,1017.0,251.0,S,1,Sochi,Alfa Romeo Racing
2,36,GIO,3,2,13,18,12,0,60,34.5,21.5,0.0,1.8,69.1,1017.1,237.0,H,0,Sochi,Alfa Romeo Racing
3,36,GIO,4,0,18,17,12,0,63,34.6,21.5,0.0,1.9,69.0,1016.9,288.0,H,1,Sochi,Alfa Romeo Racing
4,36,GIO,5,0,17,17,12,0,66,34.7,21.5,0.0,1.6,69.5,1017.0,291.0,H,2,Sochi,Alfa Romeo Racing
5,36,GIO,6,0,17,17,12,0,67,35.4,21.8,0.0,2.7,67.1,1017.0,245.0,H,3,Sochi,Alfa Romeo Racing
6,36,GIO,7,0,17,18,12,0,69,34.8,21.7,0.0,2.3,68.1,1016.9,311.0,H,4,Sochi,Alfa Romeo Racing
7,36,GIO,8,0,18,18,12,0,70,34.9,21.9,0.0,2.3,66.8,1016.9,251.0,H,5,Sochi,Alfa Romeo Racing
8,36,GIO,9,0,18,18,12,0,70,34.8,21.9,0.0,3.0,66.8,1016.9,293.0,H,6,Sochi,Alfa Romeo Racing
9,36,GIO,10,0,18,17,12,0,71,35.5,21.8,0.0,0.6,67.4,1017.0,343.0,H,7,Sochi,Alfa Romeo Racing
10,36,GIO,11,0,17,17,12,0,72,35.6,22.3,0.0,2.2,64.8,1017.0,258.0,H,8,Sochi,Alfa Romeo Racing
11,36,GIO,12,0,17,17,12,0,72,35.5,22.1,0.0,1.9,66.1,1017.0,327.0,H,9,Sochi,Alfa Romeo Racing
12,36,GIO,13,0,17,17,12,0,73,35.4,22.5,0.0,2.1,65.8,1016.9,213.0,H,10,Sochi,Alfa Romeo Racing
13,36,GIO,14,0,17,17,12,0,73,35.3,22.5,0.0,1.2,65.7,1017.0,248.0,H,11,Sochi,Alfa Romeo Racing
14,36,GIO,15,0,17,17,12,0,73,35.1,22.6,0.0,1.5,65.1,1016.8,240.0,H,12,Sochi,Alfa Romeo Racing
15,36,GIO,16,0,17,17,12,0,74,35.3,22.7,0.0,0.6,66.3,1016.8,278.0,H,13,Sochi,Alfa Romeo Racing
16,36,GIO,17,0,17,16,12,0,74,35.5,23.2,0.0,2.3,64.0,1016.8,245.0,H,14,Sochi,Alfa Romeo Racing
17,36,GIO,18,0,16,16,12,0,74,34.9,22.9,0.0,2.6,64.3,1016.8,284.0,H,15,Sochi,Alfa Romeo Racing
18,36,GIO,19,0,16,16,12,0,75,34.8,22.6,0.0,2.4,65.5,1016.8,257.0,H,16,Sochi,Alfa Romeo Racing
19,36,GIO,20,0,16,17,12,0,75,34.8,22.2,0.0,2.8,67.0,1016.8,248.0,H,17,Sochi,Alfa Romeo Racing
20,36,GIO,21,0,17,17,12,0,75,34.8,22.0,0.0,1.8,68.1,1016.8,244.0,H,18,Sochi,Alfa Romeo Racing
21,36,GIO,22,0,17,17,12,0,75,35.2,22.2,0.0,2.6,67.0,1016.8,239.0,H,19,Sochi,Alfa Romeo Racing
22,36,GIO,23,0,17,17,12,0,75,34.9,22.2,0.0,2.2,67.2,1016.7,246.0,H,20,Sochi,Alfa Romeo Racing
23,36,GIO,24,0,17,16,12,0,74,34.9,22.0,0.0,2.5,67.3,1016.8,249.0,H,21,Sochi,Alfa Romeo Racing
24,36,GIO,25,0,16,16,12,0,74,34.9,22.0,0.0,1.5,67.9,1016.7,233.0,H,22,Sochi,Alfa Romeo Racing
25,36,GIO,26,0,16,16,12,0,74,34.9,22.5,0.0,2.6,66.2,1016.8,250.0,H,23,Sochi,Alfa Romeo Racing
26,36,GIO,27,0,16,14,12,0,75,34.4,22.3,0.0,1.3,67.0,1016.8,293.0,H,24,Sochi,Alfa Romeo Racing
27,36,GIO,28,2,14,14,12,0,75,34.8,22.2,0.0,2.4,66.9,1016.7,247.0,M,0,Sochi,Alfa Romeo Racing
28,36,GIO,29,2,14,14,12,0,74,34.4,22.0,0.0,2.6,68.4,1016.7,247.0,M,1,Sochi,Alfa Romeo Racing
29,36,GIO,30,2,14,14,12,0,73,34.7,21.8,0.0,2.7,68.8,1016.6,261.0,M,2,Sochi,Alfa Romeo Racing
30,36,GIO,31,2,14,14,12,0,73,34.2,21.7,0.0,2.1,69.2,1016.7,242.0,M,3,Sochi,Alfa Romeo Racing
31,36,GIO,32,2,14,14,12,0,73,33.6,21.9,0.0,1.8,68.8,1016.7,249.0,M,4,Sochi,Alfa Romeo Racing
32,36,GIO,33,0,14,15,12,0,72,32.9,21.9,0.0,2.8,68.8,1016.5,243.0,M,5,Sochi,Alfa Romeo Racing
33,36,GIO,34,0,15,15,12,0,72,32.7,21.7,0.0,3.2,69.4,1016.5,258.0,M,6,Sochi,Alfa Romeo Racing
34,36,GIO,35,0,15,15,12,0,73,33.2,21.6,0.0,2.2,69.7,1016.5,259.0,M,7,Sochi,Alfa Romeo Racing
35,36,GIO,36,0,15,15,12,0,73,33.6,21.6,0.0,2.9,69.9,1016.6,258.0,M,8,Sochi,Alfa Romeo Racing
36,36,GIO,37,0,15,15,12,0,74,33.6,21.6,0.0,2.2,69.7,1016.6,248.0,M,9,Sochi,Alfa Romeo Racing
37,36,GIO,38,0,15,15,12,0,74,33.6,21.8,0.0,2.2,69.0,1016.5,231.0,M,10,Sochi,Alfa Romeo Racing
38,36,GIO,39,0,15,15,12,0,74,33.6,21.8,0.0,1.9,69.0,1016.6,237.0,M,11,Sochi,Alfa Romeo Racing
39,36,GIO,40,0,15,15,12,0,74,33.7,21.8,0.0,2.4,69.0,1016.5,280.0,M,12,Sochi,Alfa Romeo Racing
40,36,GIO,41,0,15,15,12,0,74,34.1,21.8,0.0,1.0,68.8,1016.6,322.0,M,13,Sochi,Alfa Romeo Racing
41,36,GIO,42,0,15,15,12,0,75,34.2,22.0,0.0,1.0,68.4,1016.6,286.0,M,14,Sochi,Alfa Romeo Racing
42,36,GIO,43,0,15,15,12,0,75,33.8,22.2,0.0,2.4,66.5,1016.5,237.0,M,15,Sochi,Alfa Romeo Racing
43,36,GIO,44,0,15,15,12,0,75,33.6,22.1,0.0,1.2,67.5,1016.5,235.0,M,16,Sochi,Alfa Romeo Racing
44,36,GIO,45,0,15,15,12,0,75,33.6,22.2,0.0,1.6,67.2,1016.6,233.0,M,17,Sochi,Alfa Romeo Racing
45,36,GIO,46,0,15,15,12,0,75,33.6,22.0,0.0,2.2,67.3,1016.5,243.0,M,18,Sochi,Alfa Romeo Racing
46,36,GIO,47,0,15,15,12,0,75,34.0,22.2,0.0,1.1,67.0,1016.4,295.0,M,19,Sochi,Alfa Romeo Racing
47,36,GIO,48,0,15,15,12,0,76,33.9,22.5,0.0,0.7,66.4,1016.4,35.0,M,20,Sochi,Alfa Romeo Racing
48,36,GIO,49,0,15,15,12,0,76,33.8,22.7,0.0,0.5,65.2,1016.4,345.0,M,21,Sochi,Alfa Romeo Racing
49,36,GIO,50,0,15,15,12,0,76,33.6,22.6,0.0,0.9,65.0,1016.4,248.0,M,22,Sochi,Alfa Romeo Racing
50,36,GIO,51,0,15,15,12,0,77,33.6,22.5,0.0,1.7,65.1,1016.5,240.0,M,23,Sochi,Alfa Romeo Racing
51,36,GIO,52,0,15,15,12,0,77,33.5,22.7,0.0,0.9,64.6,1016.4,250.0,M,24,Sochi,Alfa Romeo Racing
52,36,GIO,53,0,15,15,12,0,77,33.3,22.8,0.0,1.2,63.9,1016.4,250.0,M,25,Sochi,Alfa Romeo Racing
0,36,MAG,1,2,10,10,10,0,54,34.9,21.7,0.0,2.5,68.2,1017.0,251.0,S,0,Sochi,Haas F1 Team
1,36,MAG,2,2,10,10,10,0,62,34.5,21.5,0.0,1.8,69.1,1017.1,237.0,S,1,Sochi,Haas F1 Team
2,36,MAG,3,2,10,10,10,0,60,34.6,21.5,0.0,1.4,68.5,1017.0,304.0,S,2,Sochi,Haas F1 Team
3,36,MAG,4,0,10,9,10,0,62,35.2,21.7,0.0,1.4,68.8,1016.9,243.0,S,3,Sochi,Haas F1 Team
4,36,MAG,5,0,9,9,10,0,65,35.4,21.8,0.0,2.7,67.1,1017.0,245.0,S,4,Sochi,Haas F1 Team
5,36,MAG,6,0,9,10,10,0,67,34.8,21.8,0.0,2.1,67.7,1016.9,290.0,S,5,Sochi,Haas F1 Team
6,36,MAG,7,0,10,10,10,0,68,35.0,21.8,0.0,1.7,67.2,1017.0,251.0,S,6,Sochi,Haas F1 Team
7,36,MAG,8,0,10,10,10,0,69,35.0,21.9,0.0,2.7,67.6,1017.0,253.0,S,7,Sochi,Haas F1 Team
8,36,MAG,9,0,10,10,10,0,70,35.5,21.8,0.0,0.6,67.4,1017.0,343.0,S,8,Sochi,Haas F1 Team
9,36,MAG,10,0,10,10,10,0,71,35.7,22.2,0.0,1.1,65.6,1017.0,276.0,S,9,Sochi,Haas F1 Team
10,36,MAG,11,0,10,10,10,0,72,35.6,22.3,0.0,2.2,64.8,1017.0,258.0,S,10,Sochi,Haas F1 Team
11,36,MAG,12,0,10,10,10,0,72,35.5,22.1,0.0,1.9,66.1,1017.0,327.0,S,11,Sochi,Haas F1 Team
12,36,MAG,13,0,10,10,10,0,72,35.3,22.1,0.0,1.6,66.4,1017.0,296.0,S,12,Sochi,Haas F1 Team
13,36,MAG,14,0,10,10,10,0,73,35.5,22.3,0.0,1.8,66.1,1016.9,236.0,S,13,Sochi,Haas F1 Team
14,36,MAG,15,0,10,10,10,0,73,35.1,22.6,0.0,1.5,65.1,1016.8,240.0,S,14,Sochi,Haas F1 Team
15,36,MAG,16,0,10,10,10,0,73,35.1,22.6,0.0,2.0,65.5,1016.8,254.0,S,15,Sochi,Haas F1 Team
16,36,MAG,17,0,10,9,10,0,74,35.1,22.6,0.0,1.3,66.0,1016.8,222.0,S,16,Sochi,Haas F1 Team
17,36,MAG,18,0,9,9,10,0,74,35.5,22.9,0.0,1.2,65.1,1016.8,237.0,S,17,Sochi,Haas F1 Team
18,36,MAG,19,0,9,9,10,0,74,35.5,23.2,0.0,2.3,64.0,1016.8,245.0,S,18,Sochi,Haas F1 Team
19,36,MAG,20,0,9,9,10,0,74,34.9,22.4,0.0,2.7,66.2,1016.8,277.0,S,19,Sochi,Haas F1 Team
20,36,MAG,21,0,9,8,10,0,74,34.8,22.0,0.0,1.8,68.1,1016.8,244.0,S,20,Sochi,Haas F1 Team
21,36,MAG,22,0,8,7,10,0,74,35.0,22.0,0.0,1.4,68.1,1016.8,243.0,S,21,Sochi,Haas F1 Team
22,36,MAG,23,0,7,7,10,0,74,35.0,22.2,0.0,2.2,67.6,1016.7,259.0,S,22,Sochi,Haas F1 Team
23,36,MAG,24,0,7,6,10,0,74,34.9,22.0,0.0,2.5,67.3,1016.8,249.0,S,23,Sochi,Haas F1 Team
24,36,MAG,25,0,6,6,10,0,73,34.9,22.1,0.0,1.1,67.5,1016.7,227.0,S,24,Sochi,Haas F1 Team
25,36,MAG,26,0,6,6,10,0,74,34.9,22.1,0.0,0.8,67.9,1016.7,244.0,S,25,Sochi,Haas F1 Team
26,36,MAG,27,0,6,5,10,0,74,34.4,22.3,0.0,1.9,66.9,1016.9,237.0,S,26,Sochi,Haas F1 Team
27,36,MAG,28,2,5,7,10,0,75,34.4,22.3,0.0,1.3,67.0,1016.8,293.0,M,0,Sochi,Haas F1 Team
28,36,MAG,29,2,7,7,10,0,75,34.4,22.2,0.0,1.3,66.9,1016.6,246.0,M,1,Sochi,Haas F1 Team
29,36,MAG,30,2,7,6,10,0,74,35.0,22.2,0.0,2.6,67.1,1016.7,268.0,M,2,Sochi,Haas F1 Team
30,36,MAG,31,2,6,6,10,0,73,34.8,22.2,0.0,2.4,66.9,1016.7,247.0,M,3,Sochi,Haas F1 Team
31,36,MAG,32,2,6,6,10,0,73,34.4,22.0,0.0,2.1,68.4,1016.7,244.0,M,4,Sochi,Haas F1 Team
32,36,MAG,33,0,6,6,10,0,72,34.4,22.0,0.0,2.6,68.4,1016.7,247.0,M,5,Sochi,Haas F1 Team
33,36,MAG,34,0,6,6,10,0,72,34.2,21.7,0.0,2.1,69.2,1016.7,242.0,M,6,Sochi,Haas F1 Team
34,36,MAG,35,0,6,6,10,0,73,34.2,21.9,0.0,1.6,68.7,1016.6,257.0,M,7,Sochi,Haas F1 Team
35,36,MAG,36,0,6,6,10,0,74,33.6,21.9,0.0,1.8,68.8,1016.7,249.0,M,8,Sochi,Haas F1 Team
36,36,MAG,37,0,6,6,10,0,74,33.4,21.9,0.0,2.5,68.9,1016.6,239.0,M,9,Sochi,Haas F1 Team
37,36,MAG,38,0,6,6,10,0,74,32.9,21.9,0.0,2.8,68.8,1016.5,243.0,M,10,Sochi,Haas F1 Team
38,36,MAG,39,0,6,6,10,0,74,32.7,21.7,0.0,3.2,69.4,1016.5,258.0,M,11,Sochi,Haas F1 Team
39,36,MAG,40,0,6,6,10,0,75,33.6,21.6,0.0,2.9,69.9,1016.6,258.0,M,12,Sochi,Haas F1 Team
40,36,MAG,41,0,6,6,10,0,75,33.6,21.8,0.0,2.2,69.0,1016.5,231.0,M,13,Sochi,Haas F1 Team
41,36,MAG,42,0,6,7,10,0,75,33.7,21.8,0.0,2.7,68.7,1016.6,254.0,M,14,Sochi,Haas F1 Team
42,36,MAG,43,0,7,7,10,0,76,34.1,21.8,0.0,1.0,68.8,1016.6,322.0,M,15,Sochi,Haas F1 Team
43,36,MAG,44,0,7,8,10,0,76,34.2,22.0,0.0,1.0,68.4,1016.6,286.0,M,16,Sochi,Haas F1 Team
44,36,MAG,45,0,8,8,10,0,76,33.4,22.1,0.0,1.6,66.8,1016.5,248.0,M,17,Sochi,Haas F1 Team
45,36,MAG,46,0,8,8,10,0,76,33.3,22.0,0.0,1.1,67.4,1016.5,317.0,M,18,Sochi,Haas F1 Team
46,36,MAG,47,0,8,8,10,0,76,33.6,22.1,0.0,1.2,67.5,1016.5,235.0,M,19,Sochi,Haas F1 Team
47,36,MAG,48,0,8,8,10,0,76,33.6,22.0,0.0,2.2,67.3,1016.5,243.0,M,20,Sochi,Haas F1 Team
48,36,MAG,49,0,8,8,10,0,76,33.9,22.4,0.0,1.8,66.2,1016.4,291.0,M,21,Sochi,Haas F1 Team
49,36,MAG,50,0,8,8,10,0,76,33.8,22.7,0.0,0.5,65.2,1016.4,345.0,M,22,Sochi,Haas F1 Team
50,36,MAG,51,0,8,8,10,0,77,33.3,22.7,0.0,0.5,64.6,1016.4,321.0,M,23,Sochi,Haas F1 Team
51,36,MAG,52,0,8,8,10,0,77,33.6,22.6,0.0,0.9,65.0,1016.4,248.0,M,24,Sochi,Haas F1 Team
52,36,MAG,53,0,8,8,10,0,77,33.6,22.5,0.0,1.7,65.1,1016.5,240.0,M,25,Sochi,Haas F1 Team
0,36,STR,1,2,11,11,11,0,55,34.5,21.5,0.0,1.8,69.1,1017.1,237.0,M,0,Sochi,Racing Point
1,36,STR,2,2,11,11,11,0,61,34.6,21.5,0.0,1.9,69.0,1016.9,288.0,M,1,Sochi,Racing Point
2,36,STR,3,2,11,11,11,0,59,34.6,21.5,0.0,1.4,68.5,1017.0,304.0,M,2,Sochi,Racing Point
3,36,STR,4,0,11,11,11,0,60,35.4,21.8,0.0,2.7,67.1,1017.0,245.0,M,3,Sochi,Racing Point
4,36,STR,5,0,11,11,11,0,62,34.8,21.8,0.0,2.1,67.7,1016.9,290.0,M,4,Sochi,Racing Point
5,36,STR,6,0,11,11,11,0,64,34.9,21.9,0.0,2.3,66.8,1016.9,251.0,M,5,Sochi,Racing Point
6,36,STR,7,0,11,11,11,0,65,34.8,21.9,0.0,3.0,66.8,1016.9,293.0,M,6,Sochi,Racing Point
7,36,STR,8,0,11,11,11,0,66,34.8,21.7,0.0,2.1,67.5,1017.0,0.0,M,7,Sochi,Racing Point
8,36,STR,9,0,11,11,11,0,66,35.6,22.3,0.0,2.2,64.8,1017.0,258.0,M,8,Sochi,Racing Point
9,36,STR,10,0,11,11,11,0,67,35.5,22.1,0.0,1.9,66.1,1017.0,327.0,M,9,Sochi,Racing Point
10,36,STR,11,0,11,11,11,0,68,35.5,22.3,0.0,1.8,66.1,1016.9,236.0,M,10,Sochi,Racing Point
11,36,STR,12,0,11,11,11,0,69,35.4,22.5,0.0,2.1,65.8,1016.9,213.0,M,11,Sochi,Racing Point
12,36,STR,13,0,11,11,11,0,69,35.1,22.6,0.0,1.5,65.1,1016.8,240.0,M,12,Sochi,Racing Point
13,36,STR,14,0,11,11,11,0,70,35.1,22.6,0.0,1.3,66.0,1016.8,222.0,M,13,Sochi,Racing Point
14,36,STR,15,0,11,11,11,0,70,35.3,22.7,0.0,0.6,66.3,1016.8,278.0,M,14,Sochi,Racing Point
15,36,STR,16,0,11,11,11,0,71,35.5,22.9,0.0,1.2,65.1,1016.8,237.0,M,15,Sochi,Racing Point
16,36,STR,17,0,11,10,11,0,71,34.8,22.6,0.0,2.4,65.5,1016.8,257.0,M,16,Sochi,Racing Point
17,36,STR,18,0,10,10,11,0,71,34.9,22.4,0.0,2.7,66.2,1016.8,277.0,M,17,Sochi,Racing Point
18,36,STR,19,0,10,10,11,0,72,34.8,22.2,0.0,2.8,67.0,1016.8,248.0,M,18,Sochi,Racing Point
19,36,STR,20,0,10,10,11,0,72,35.0,22.0,0.0,1.4,68.1,1016.8,243.0,M,19,Sochi,Racing Point
20,36,STR,21,0,10,9,11,0,72,35.0,22.2,0.0,2.2,67.6,1016.7,259.0,M,20,Sochi,Racing Point
21,36,STR,22,0,9,8,11,0,73,34.9,22.2,0.0,2.2,67.2,1016.7,246.0,M,21,Sochi,Racing Point
22,36,STR,23,0,8,8,11,0,73,34.9,22.0,0.0,2.5,67.3,1016.8,249.0,M,22,Sochi,Racing Point
23,36,STR,24,0,8,7,11,0,72,34.9,22.0,0.0,1.5,67.9,1016.7,233.0,M,23,Sochi,Racing Point
24,36,STR,25,0,7,7,11,0,72,34.9,22.1,0.0,2.0,67.3,1016.8,268.0,M,24,Sochi,Racing Point
25,36,STR,26,0,7,7,11,0,73,34.9,22.1,0.0,1.1,67.5,1016.7,227.0,M,25,Sochi,Racing Point
26,36,STR,27,0,7,6,11,0,73,34.9,22.1,0.0,0.8,67.9,1016.7,244.0,M,26,Sochi,Racing Point
27,36,STR,28,2,6,11,11,0,73,34.4,22.3,0.0,1.3,67.0,1016.8,293.0,S,0,Sochi,Racing Point
28,36,STR,29,2,11,10,11,0,73,34.4,22.2,0.0,1.3,66.9,1016.6,246.0,S,1,Sochi,Racing Point
29,36,STR,30,2,10,9,11,0,72,34.4,22.0,0.0,2.2,68.5,1016.6,243.0,S,2,Sochi,Racing Point
30,36,STR,31,2,9,9,11,0,71,34.4,22.0,0.0,2.6,68.4,1016.7,247.0,S,3,Sochi,Racing Point
31,36,STR,32,2,9,10,11,0,70,34.2,21.7,0.0,2.1,69.2,1016.7,242.0,S,4,Sochi,Racing Point
32,36,STR,33,0,10,10,11,0,70,34.5,21.8,0.0,1.8,69.2,1016.7,254.0,S,5,Sochi,Racing Point
33,36,STR,34,0,10,10,11,0,70,34.5,21.9,0.0,1.8,68.6,1016.6,286.0,S,6,Sochi,Racing Point
34,36,STR,35,0,10,10,11,0,71,34.2,21.9,0.0,1.6,68.7,1016.6,257.0,S,7,Sochi,Racing Point
35,36,STR,36,0,10,10,11,0,71,33.6,21.9,0.0,1.8,68.8,1016.7,249.0,S,8,Sochi,Racing Point
36,36,STR,37,0,10,11,11,0,72,33.6,21.6,0.0,1.2,69.7,1016.6,234.0,S,9,Sochi,Racing Point
37,36,STR,38,0,11,11,11,0,72,33.6,21.6,0.0,2.2,69.7,1016.6,248.0,S,10,Sochi,Racing Point
38,36,STR,39,0,11,11,11,0,72,33.7,21.8,0.0,1.7,68.8,1016.6,225.0,S,11,Sochi,Racing Point
39,36,STR,40,0,11,11,11,0,72,33.7,21.8,0.0,2.7,68.7,1016.6,254.0,S,12,Sochi,Racing Point
40,36,STR,41,0,11,11,11,0,73,33.7,21.8,0.0,2.4,69.0,1016.5,280.0,S,13,Sochi,Racing Point
41,36,STR,42,0,11,11,11,0,73,34.1,21.8,0.0,1.0,68.8,1016.6,322.0,S,14,Sochi,Racing Point
42,36,STR,43,0,11,11,11,0,74,34.2,22.0,0.0,1.0,68.4,1016.6,286.0,S,15,Sochi,Racing Point
43,36,STR,44,0,11,11,11,0,74,34.2,22.2,0.0,2.7,66.6,1016.5,232.0,S,16,Sochi,Racing Point
44,36,STR,45,0,11,11,11,0,74,33.8,22.2,0.0,2.4,66.5,1016.5,237.0,S,17,Sochi,Racing Point
45,36,STR,46,0,11,11,11,0,74,33.4,22.1,0.0,1.6,66.8,1016.5,248.0,S,18,Sochi,Racing Point
46,36,STR,47,0,11,11,11,0,75,33.3,22.0,0.0,1.1,67.4,1016.5,317.0,S,19,Sochi,Racing Point
47,36,STR,48,0,11,11,11,0,75,33.6,22.2,0.0,1.6,67.2,1016.6,233.0,S,20,Sochi,Racing Point
48,36,STR,49,0,11,11,11,0,75,33.6,22.0,0.0,2.2,67.3,1016.5,243.0,S,21,Sochi,Racing Point
49,36,STR,50,0,11,11,11,0,75,33.4,21.9,0.0,1.1,68.6,1016.4,303.0,S,22,Sochi,Racing Point
50,36,STR,51,0,11,11,11,0,76,33.6,22.6,0.0,0.9,65.0,1016.4,248.0,S,23,Sochi,Racing Point
51,36,STR,52,0,11,11,11,0,76,33.6,22.5,0.0,1.7,65.1,1016.5,240.0,S,24,Sochi,Racing Point
52,36,STR,53,0,11,11,11,0,76,33.5,22.7,0.0,0.9,64.6,1016.4,250.0,S,25,Sochi,Racing Point
0,36,RAI,1,2,15,15,15,0,36,35.1,21.8,0.0,2.8,67.8,1017.0,252.0,M,0,Sochi,Alfa Romeo Racing
1,36,RAI,2,2,15,15,15,0,45,34.5,21.5,0.0,1.8,69.1,1017.1,237.0,M,1,Sochi,Alfa Romeo Racing
2,36,RAI,3,2,15,14,15,0,47,34.7,21.5,0.0,1.6,69.5,1017.0,291.0,M,2,Sochi,Alfa Romeo Racing
3,36,RAI,4,0,14,14,15,0,51,34.6,21.5,0.0,1.4,68.5,1017.0,304.0,M,3,Sochi,Alfa Romeo Racing
4,36,RAI,5,0,14,14,15,0,56,34.7,21.4,0.0,1.0,69.4,1017.0,295.0,M,4,Sochi,Alfa Romeo Racing
5,36,RAI,6,0,14,14,15,0,59,35.2,21.7,0.0,1.4,68.8,1016.9,243.0,M,5,Sochi,Alfa Romeo Racing
6,36,RAI,7,0,14,14,15,0,61,34.8,21.8,0.0,2.1,67.7,1016.9,290.0,M,6,Sochi,Alfa Romeo Racing
7,36,RAI,8,0,14,14,15,0,63,35.0,21.8,0.0,1.7,67.2,1017.0,251.0,M,7,Sochi,Alfa Romeo Racing
8,36,RAI,9,0,14,17,15,0,64,35.0,21.9,0.0,2.7,67.6,1017.0,253.0,M,8,Sochi,Alfa Romeo Racing
9,36,RAI,10,0,17,19,15,0,65,34.8,21.9,0.0,3.0,66.8,1016.9,293.0,M,9,Sochi,Alfa Romeo Racing
10,36,RAI,11,0,19,19,15,0,66,34.8,21.7,0.0,2.1,67.5,1017.0,0.0,M,10,Sochi,Alfa Romeo Racing
11,36,RAI,12,0,19,19,15,0,67,35.5,21.8,0.0,0.6,67.4,1017.0,343.0,M,11,Sochi,Alfa Romeo Racing
12,36,RAI,13,0,19,19,15,0,67,35.7,22.2,0.0,1.1,65.6,1017.0,276.0,M,12,Sochi,Alfa Romeo Racing
13,36,RAI,14,0,19,19,15,0,68,35.6,22.3,0.0,2.2,64.8,1017.0,258.0,M,13,Sochi,Alfa Romeo Racing
14,36,RAI,15,0,19,18,15,0,68,35.4,22.3,0.0,2.1,65.2,1017.0,309.0,M,14,Sochi,Alfa Romeo Racing
15,36,RAI,16,0,18,18,15,0,69,35.5,22.1,0.0,1.9,66.1,1017.0,327.0,M,15,Sochi,Alfa Romeo Racing
16,36,RAI,17,0,18,18,15,0,69,35.3,22.1,0.0,1.6,66.4,1017.0,296.0,M,16,Sochi,Alfa Romeo Racing
17,36,RAI,18,0,18,18,15,0,70,35.4,22.5,0.0,2.1,65.8,1016.9,213.0,M,17,Sochi,Alfa Romeo Racing
18,36,RAI,19,0,18,18,15,0,70,35.1,22.6,0.0,2.0,65.5,1016.8,254.0,M,18,Sochi,Alfa Romeo Racing
19,36,RAI,20,0,18,18,15,0,70,35.1,22.6,0.0,1.3,66.0,1016.8,222.0,M,19,Sochi,Alfa Romeo Racing
20,36,RAI,21,0,18,18,15,0,70,35.5,23.2,0.0,2.3,64.0,1016.8,245.0,M,20,Sochi,Alfa Romeo Racing
21,36,RAI,22,0,18,18,15,0,71,34.9,22.9,0.0,2.6,64.3,1016.8,284.0,M,21,Sochi,Alfa Romeo Racing
22,36,RAI,23,0,18,18,15,0,71,34.9,22.4,0.0,2.7,66.2,1016.8,277.0,M,22,Sochi,Alfa Romeo Racing
23,36,RAI,24,0,18,17,15,0,70,34.8,22.0,0.0,1.8,68.1,1016.8,244.0,M,23,Sochi,Alfa Romeo Racing
24,36,RAI,25,0,17,17,15,0,70,35.0,22.0,0.0,1.4,68.1,1016.8,243.0,M,24,Sochi,Alfa Romeo Racing
25,36,RAI,26,0,17,17,15,0,71,35.0,22.2,0.0,2.2,67.6,1016.7,259.0,M,25,Sochi,Alfa Romeo Racing
26,36,RAI,27,0,17,15,15,0,71,35.2,22.2,0.0,2.6,67.0,1016.8,239.0,M,26,Sochi,Alfa Romeo Racing
27,36,RAI,28,2,15,15,15,0,71,34.9,22.2,0.0,2.2,67.2,1016.7,246.0,S,0,Sochi,Alfa Romeo Racing
28,36,RAI,29,2,15,15,15,0,70,34.9,22.0,0.0,2.5,67.3,1016.8,249.0,S,1,Sochi,Alfa Romeo Racing
29,36,RAI,30,2,15,15,15,0,68,34.9,22.0,0.0,1.5,67.9,1016.7,233.0,S,2,Sochi,Alfa Romeo Racing
30,36,RAI,31,2,15,15,15,0,68,34.9,22.5,0.0,2.6,66.2,1016.8,250.0,S,3,Sochi,Alfa Romeo Racing
31,36,RAI,32,2,15,15,15,0,69,34.4,22.3,0.0,1.9,66.9,1016.9,237.0,S,4,Sochi,Alfa Romeo Racing
32,36,RAI,33,0,15,14,15,0,68,34.4,22.3,0.0,1.3,67.0,1016.8,293.0,S,5,Sochi,Alfa Romeo Racing
33,36,RAI,34,0,14,14,15,0,69,34.4,22.0,0.0,2.1,68.4,1016.7,244.0,S,6,Sochi,Alfa Romeo Racing
34,36,RAI,35,0,14,14,15,0,69,34.4,22.0,0.0,2.2,68.5,1016.6,243.0,S,7,Sochi,Alfa Romeo Racing
35,36,RAI,36,0,14,14,15,0,70,34.4,22.0,0.0,2.6,68.4,1016.7,247.0,S,8,Sochi,Alfa Romeo Racing
36,36,RAI,37,0,14,13,15,0,70,34.7,21.8,0.0,2.7,68.8,1016.6,261.0,S,9,Sochi,Alfa Romeo Racing
37,36,RAI,38,0,13,13,15,0,71,34.2,21.7,0.0,2.1,69.2,1016.7,242.0,S,10,Sochi,Alfa Romeo Racing
38,36,RAI,39,0,13,13,15,0,71,34.5,21.8,0.0,1.8,69.2,1016.7,254.0,S,11,Sochi,Alfa Romeo Racing
39,36,RAI,40,0,13,13,15,0,71,34.5,21.9,0.0,1.8,68.6,1016.6,286.0,S,12,Sochi,Alfa Romeo Racing
40,36,RAI,41,0,13,13,15,0,72,33.6,21.9,0.0,1.8,68.8,1016.7,249.0,S,13,Sochi,Alfa Romeo Racing
41,36,RAI,42,0,13,13,15,0,72,33.6,21.6,0.0,2.2,69.7,1016.6,248.0,S,14,Sochi,Alfa Romeo Racing
42,36,RAI,43,0,13,13,15,0,72,33.6,21.8,0.0,2.2,69.0,1016.5,231.0,S,15,Sochi,Alfa Romeo Racing
43,36,RAI,44,0,13,13,15,0,73,33.7,21.8,0.0,2.4,69.0,1016.5,280.0,S,16,Sochi,Alfa Romeo Racing
44,36,RAI,45,0,13,13,15,0,72,33.8,22.2,0.0,2.4,66.5,1016.5,237.0,S,17,Sochi,Alfa Romeo Racing
45,36,RAI,46,0,13,13,15,0,73,33.4,21.9,0.0,1.1,68.6,1016.4,303.0,S,18,Sochi,Alfa Romeo Racing
46,36,RAI,47,0,13,13,15,0,73,33.6,22.0,0.0,0.9,68.1,1016.4,316.0,S,19,Sochi,Alfa Romeo Racing
47,36,RAI,48,0,13,13,15,0,73,34.0,22.2,0.0,1.1,67.0,1016.4,295.0,S,20,Sochi,Alfa Romeo Racing
48,36,RAI,49,0,13,13,15,0,73,33.9,22.4,0.0,1.8,66.2,1016.4,291.0,S,21,Sochi,Alfa Romeo Racing
49,36,RAI,50,0,13,13,15,0,74,33.9,22.5,0.0,0.7,66.4,1016.4,35.0,S,22,Sochi,Alfa Romeo Racing
50,36,RAI,51,0,13,13,15,0,74,33.3,22.7,0.0,0.5,64.6,1016.4,321.0,S,23,Sochi,Alfa Romeo Racing
51,36,RAI,52,0,13,13,15,0,74,33.6,22.6,0.0,1.0,64.9,1016.4,249.0,S,24,Sochi,Alfa Romeo Racing
52,36,RAI,53,0,13,13,15,0,74,33.5,22.7,0.0,0.9,64.6,1016.4,250.0,S,25,Sochi,Alfa Romeo Racing
0,36,GAS,1,2,13,13,13,0,54,35.1,21.8,0.0,2.8,67.8,1017.0,252.0,M,0,Sochi,Toro Rosso
1,36,GAS,2,2,13,12,13,0,65,34.9,21.7,0.0,2.5,68.2,1017.0,251.0,M,1,Sochi,Toro Rosso
2,36,GAS,3,2,12,12,13,0,61,34.5,21.5,0.0,1.8,69.1,1017.1,237.0,M,2,Sochi,Toro Rosso
3,36,GAS,4,0,12,12,13,0,64,34.6,21.5,0.0,1.9,69.0,1016.9,288.0,M,3,Sochi,Toro Rosso
4,36,GAS,5,0,12,12,13,0,67,34.7,21.5,0.0,1.6,69.5,1017.0,291.0,M,4,Sochi,Toro Rosso
5,36,GAS,6,0,12,12,13,0,68,34.6,21.5,0.0,1.4,68.5,1017.0,304.0,M,5,Sochi,Toro Rosso
6,36,GAS,7,0,12,12,13,0,69,34.8,21.7,0.0,2.3,68.1,1016.9,311.0,M,6,Sochi,Toro Rosso
7,36,GAS,8,0,12,12,13,0,70,34.8,21.8,0.0,2.1,67.7,1016.9,290.0,M,7,Sochi,Toro Rosso
8,36,GAS,9,0,12,12,13,0,71,35.4,22.3,0.0,2.1,65.2,1017.0,309.0,M,8,Sochi,Toro Rosso
9,36,GAS,10,0,12,12,13,0,71,35.5,22.1,0.0,1.9,66.1,1017.0,327.0,M,9,Sochi,Toro Rosso
10,36,GAS,11,0,12,12,13,0,71,35.3,22.1,0.0,1.6,66.4,1017.0,296.0,M,10,Sochi,Toro Rosso
11,36,GAS,12,0,12,12,13,0,72,35.4,22.5,0.0,2.1,65.8,1016.9,213.0,M,11,Sochi,Toro Rosso
12,36,GAS,13,0,12,12,13,0,72,35.1,22.6,0.0,2.0,65.5,1016.8,254.0,M,12,Sochi,Toro Rosso
13,36,GAS,14,0,12,12,13,0,72,35.1,22.6,0.0,1.3,66.0,1016.8,222.0,M,13,Sochi,Toro Rosso
14,36,GAS,15,0,12,12,13,0,72,35.3,22.7,0.0,0.6,66.3,1016.8,278.0,M,14,Sochi,Toro Rosso
15,36,GAS,16,0,12,12,13,0,73,34.9,22.9,0.0,2.6,64.3,1016.8,284.0,M,15,Sochi,Toro Rosso
16,36,GAS,17,0,12,11,13,0,73,34.8,22.6,0.0,2.4,65.5,1016.8,257.0,M,16,Sochi,Toro Rosso
17,36,GAS,18,0,11,11,13,0,73,34.8,22.2,0.0,2.8,67.0,1016.8,248.0,M,17,Sochi,Toro Rosso
18,36,GAS,19,0,11,11,13,0,74,35.0,22.2,0.0,2.2,67.6,1016.7,259.0,M,18,Sochi,Toro Rosso
19,36,GAS,20,0,11,11,13,0,74,35.2,22.2,0.0,2.6,67.0,1016.8,239.0,M,19,Sochi,Toro Rosso
20,36,GAS,21,0,11,10,13,0,74,34.9,22.1,0.0,2.0,67.3,1016.8,268.0,M,20,Sochi,Toro Rosso
21,36,GAS,22,0,10,9,13,0,74,34.9,22.1,0.0,0.8,67.9,1016.7,244.0,M,21,Sochi,Toro Rosso
22,36,GAS,23,0,9,9,13,0,74,34.4,22.3,0.0,1.9,66.9,1016.9,237.0,M,22,Sochi,Toro Rosso
23,36,GAS,24,0,9,10,13,0,74,34.4,22.2,0.0,1.3,66.9,1016.6,246.0,M,23,Sochi,Toro Rosso
24,36,GAS,25,0,10,11,13,0,73,35.0,22.2,0.0,2.6,67.1,1016.7,268.0,M,24,Sochi,Toro Rosso
25,36,GAS,26,0,11,14,13,0,73,34.4,22.0,0.0,2.2,68.5,1016.6,243.0,M,25,Sochi,Toro Rosso
26,36,GAS,27,0,14,16,13,0,74,34.7,21.8,0.0,2.7,68.8,1016.6,261.0,S,0,Sochi,Toro Rosso
27,36,GAS,28,2,16,13,13,0,74,34.2,21.7,0.0,2.1,69.2,1016.7,242.0,S,1,Sochi,Toro Rosso
28,36,GAS,29,2,13,13,13,0,74,34.5,21.8,0.0,1.8,69.2,1016.7,254.0,S,2,Sochi,Toro Rosso
29,36,GAS,30,2,13,12,13,0,72,34.2,21.9,0.0,1.6,68.7,1016.6,257.0,S,3,Sochi,Toro Rosso
30,36,GAS,31,2,12,12,13,0,72,33.6,21.9,0.0,1.8,68.8,1016.7,249.0,S,4,Sochi,Toro Rosso
31,36,GAS,32,2,12,12,13,0,71,32.9,21.9,0.0,2.8,68.8,1016.5,243.0,S,5,Sochi,Toro Rosso
32,36,GAS,33,0,12,12,13,0,71,33.2,21.6,0.0,2.2,69.7,1016.5,259.0,S,6,Sochi,Toro Rosso
33,36,GAS,34,0,12,12,13,0,71,33.6,21.6,0.0,2.9,69.9,1016.6,258.0,S,7,Sochi,Toro Rosso
34,36,GAS,35,0,12,12,13,0,71,33.6,21.6,0.0,2.2,69.7,1016.6,248.0,S,8,Sochi,Toro Rosso
35,36,GAS,36,0,12,13,13,0,72,33.7,21.8,0.0,1.7,68.8,1016.6,225.0,S,9,Sochi,Toro Rosso
36,36,GAS,37,0,13,14,13,0,72,33.6,21.8,0.0,1.9,69.0,1016.6,237.0,S,10,Sochi,Toro Rosso
37,36,GAS,38,0,14,14,13,0,72,34.1,21.8,0.0,1.0,68.8,1016.6,322.0,S,11,Sochi,Toro Rosso
38,36,GAS,39,0,14,14,13,0,72,34.2,22.0,0.0,1.0,68.4,1016.6,286.0,S,12,Sochi,Toro Rosso
39,36,GAS,40,0,14,14,13,0,73,34.2,22.2,0.0,2.7,66.6,1016.5,232.0,S,13,Sochi,Toro Rosso
40,36,GAS,41,0,14,14,13,0,73,33.3,22.0,0.0,1.1,67.4,1016.5,317.0,S,14,Sochi,Toro Rosso
41,36,GAS,42,0,14,14,13,0,73,33.4,21.9,0.0,1.1,68.6,1016.4,303.0,S,15,Sochi,Toro Rosso
42,36,GAS,43,0,14,14,13,0,74,34.0,22.3,0.0,1.0,66.7,1016.4,286.0,S,16,Sochi,Toro Rosso
43,36,GAS,44,0,14,14,13,0,74,33.9,22.5,0.0,0.7,66.4,1016.4,35.0,S,17,Sochi,Toro Rosso
44,36,GAS,45,0,14,14,13,0,74,33.8,22.7,0.0,0.5,65.2,1016.4,345.0,S,18,Sochi,Toro Rosso
45,36,GAS,46,0,14,14,13,0,74,33.3,22.7,0.0,0.5,64.6,1016.4,321.0,S,19,Sochi,Toro Rosso
46,36,GAS,47,0,14,14,13,0,74,33.3,22.7,0.0,1.1,65.2,1016.4,273.0,S,20,Sochi,Toro Rosso
47,36,GAS,48,0,14,14,13,0,74,33.6,22.6,0.0,0.9,65.0,1016.4,248.0,S,21,Sochi,Toro Rosso
48,36,GAS,49,0,14,14,13,0,74,33.6,22.5,0.0,1.7,65.1,1016.5,240.0,S,22,Sochi,Toro Rosso
49,36,GAS,50,0,14,14,13,0,75,33.6,22.4,0.0,1.2,65.1,1016.4,239.0,S,23,Sochi,Toro Rosso
50,36,GAS,51,0,14,14,13,0,75,33.6,22.7,0.0,1.8,64.1,1016.4,275.0,S,24,Sochi,Toro Rosso
51,36,GAS,52,0,14,14,13,0,75,33.5,22.7,0.0,1.3,64.6,1016.4,214.0,S,25,Sochi,Toro Rosso
52,36,GAS,53,0,14,14,13,0,76,33.5,22.7,0.0,0.9,64.6,1016.4,250.0,S,26,Sochi,Toro Rosso
0,36,RUS,1,2,16,16,16,0,48,35.1,21.8,0.0,2.8,67.8,1017.0,252.0,M,0,Sochi,Williams
1,36,RUS,2,2,16,16,16,0,61,34.6,21.5,0.0,1.9,69.0,1016.9,288.0,M,1,Sochi,Williams
2,36,RUS,3,2,16,15,16,0,58,35.2,21.7,0.0,1.4,68.8,1016.9,243.0,M,2,Sochi,Williams
3,36,RUS,4,0,15,16,16,0,61,35.0,21.8,0.0,1.7,67.2,1017.0,251.0,M,3,Sochi,Williams
4,36,RUS,5,0,16,16,16,0,64,34.8,21.9,0.0,3.0,66.8,1016.9,293.0,M,4,Sochi,Williams
5,36,RUS,6,0,16,16,16,0,65,34.8,21.7,0.0,2.1,67.5,1017.0,0.0,M,5,Sochi,Williams
6,36,RUS,7,0,16,16,16,0,66,35.5,21.8,0.0,0.6,67.4,1017.0,343.0,M,6,Sochi,Williams
7,36,RUS,8,0,16,16,16,0,67,35.5,22.1,0.0,1.9,66.1,1017.0,327.0,M,7,Sochi,Williams
8,36,RUS,9,0,16,15,16,0,68,35.1,22.6,0.0,1.5,65.1,1016.8,240.0,M,8,Sochi,Williams
9,36,RUS,10,0,15,15,16,0,68,35.5,22.9,0.0,1.2,65.1,1016.8,237.0,M,9,Sochi,Williams
10,36,RUS,11,0,15,15,16,0,69,35.0,22.2,0.0,2.2,67.6,1016.7,259.0,M,10,Sochi,Williams
11,36,RUS,12,0,15,15,16,0,70,35.2,22.2,0.0,2.6,67.0,1016.8,239.0,M,11,Sochi,Williams
12,36,RUS,13,0,15,15,16,0,70,34.9,22.1,0.0,2.0,67.3,1016.8,268.0,M,12,Sochi,Williams
13,36,RUS,14,0,15,15,16,0,70,34.9,22.1,0.0,1.1,67.5,1016.7,227.0,M,13,Sochi,Williams
14,36,RUS,15,0,15,15,16,0,71,34.4,22.0,0.0,2.2,68.5,1016.6,243.0,M,14,Sochi,Williams
15,36,RUS,16,0,15,15,16,0,71,34.4,22.0,0.0,2.6,68.4,1016.7,247.0,M,15,Sochi,Williams
16,36,RUS,17,0,15,14,16,0,71,33.4,21.9,0.0,2.5,68.9,1016.6,239.0,M,16,Sochi,Williams
17,36,RUS,18,0,14,14,16,0,72,33.6,21.6,0.0,2.9,69.9,1016.6,258.0,M,17,Sochi,Williams
18,36,RUS,19,0,14,14,16,0,72,33.7,21.8,0.0,2.4,69.0,1016.5,280.0,M,18,Sochi,Williams
19,36,RUS,20,0,14,14,16,0,72,34.1,21.8,0.0,1.0,68.8,1016.6,322.0,M,19,Sochi,Williams
20,36,RUS,21,0,14,14,16,0,72,34.2,22.2,0.0,2.7,66.6,1016.5,232.0,M,20,Sochi,Williams
21,36,RUS,22,0,14,15,16,0,73,33.9,22.4,0.0,1.8,66.2,1016.4,291.0,M,21,Sochi,Williams
22,36,RUS,23,0,15,15,16,0,73,33.3,22.7,0.0,0.5,64.6,1016.4,321.0,M,22,Sochi,Williams
23,36,RUS,24,0,15,15,16,0,72,33.6,22.5,0.0,1.7,65.1,1016.5,240.0,M,23,Sochi,Williams
24,36,RUS,25,0,15,15,16,0,72,33.6,22.6,0.0,1.0,64.9,1016.4,249.0,M,24,Sochi,Williams
25,36,RUS,26,0,15,15,16,0,73,33.6,22.7,0.0,1.8,64.1,1016.4,275.0,M,25,Sochi,Williams
26,36,RUS,27,0,15,13,16,1,73,33.3,22.8,0.0,1.2,63.9,1016.4,250.0,M,26,Sochi,Williams
0,36,KUB,1,2,17,17,17,0,58,34.6,21.5,0.0,1.9,69.0,1016.9,288.0,M,0,Sochi,Williams
1,36,KUB,2,2,17,18,17,0,72,34.6,21.5,0.0,1.4,68.5,1017.0,304.0,H,0,Sochi,Williams
2,36,KUB,3,2,18,17,17,0,74,34.7,21.4,0.0,1.0,69.4,1017.0,295.0,M,0,Sochi,Williams
3,36,KUB,4,0,17,19,17,0,75,34.8,21.7,0.0,2.3,68.1,1016.9,311.0,M,1,Sochi,Williams
4,36,KUB,5,0,19,19,17,0,75,34.8,21.8,0.0,2.1,67.7,1016.9,290.0,M,2,Sochi,Williams
5,36,KUB,6,0,19,19,17,0,76,35.0,21.8,0.0,1.7,67.2,1017.0,251.0,M,3,Sochi,Williams
6,36,KUB,7,0,19,19,17,0,77,35.7,22.2,0.0,1.1,65.6,1017.0,276.0,M,4,Sochi,Williams
7,36,KUB,8,0,19,19,17,0,77,35.3,22.1,0.0,1.6,66.4,1017.0,296.0,M,5,Sochi,Williams
8,36,KUB,9,0,19,19,17,0,77,35.1,22.6,0.0,1.5,65.1,1016.8,240.0,M,6,Sochi,Williams
9,36,KUB,10,0,19,18,17,0,77,34.9,22.9,0.0,2.6,64.3,1016.8,284.0,M,7,Sochi,Williams
10,36,KUB,11,0,18,18,17,0,77,34.8,22.6,0.0,2.4,65.5,1016.8,257.0,M,8,Sochi,Williams
11,36,KUB,12,0,18,18,17,0,78,34.8,22.0,0.0,1.8,68.1,1016.8,244.0,M,9,Sochi,Williams
12,36,KUB,13,0,18,18,17,0,78,35.0,22.2,0.0,2.2,67.6,1016.7,259.0,M,10,Sochi,Williams
13,36,KUB,14,0,18,18,17,0,78,34.9,22.1,0.0,1.1,67.5,1016.7,227.0,M,11,Sochi,Williams
14,36,KUB,15,0,18,19,17,0,78,34.9,22.1,0.0,0.8,67.9,1016.7,244.0,M,12,Sochi,Williams
15,36,KUB,16,0,19,19,17,0,78,34.4,22.3,0.0,1.9,66.9,1016.9,237.0,M,13,Sochi,Williams
16,36,KUB,17,0,19,19,17,0,78,34.4,22.3,0.0,1.3,67.0,1016.8,293.0,M,14,Sochi,Williams
17,36,KUB,18,0,19,19,17,0,79,34.4,22.0,0.0,2.1,68.4,1016.7,244.0,M,15,Sochi,Williams
18,36,KUB,19,0,19,19,17,0,79,34.4,22.0,0.0,2.2,68.5,1016.6,243.0,M,16,Sochi,Williams
19,36,KUB,20,0,19,19,17,0,79,34.4,22.0,0.0,2.6,68.4,1016.7,247.0,M,17,Sochi,Williams
20,36,KUB,21,0,19,19,17,0,79,34.5,21.9,0.0,1.8,68.6,1016.6,286.0,M,18,Sochi,Williams
21,36,KUB,22,0,19,19,17,0,79,33.6,21.8,0.0,2.2,69.0,1016.5,231.0,M,19,Sochi,Williams
22,36,KUB,23,0,19,19,17,0,79,33.6,21.8,0.0,1.9,69.0,1016.6,237.0,M,20,Sochi,Williams
23,36,KUB,24,0,19,19,17,0,78,33.7,21.8,0.0,2.7,68.7,1016.6,254.0,M,21,Sochi,Williams
24,36,KUB,25,0,19,18,17,0,78,34.1,21.8,0.0,1.0,68.8,1016.6,322.0,M,22,Sochi,Williams
25,36,KUB,26,0,18,18,17,0,79,34.2,22.0,0.0,1.0,68.4,1016.6,286.0,M,23,Sochi,Williams
26,36,KUB,27,0,18,17,17,0,79,34.2,22.2,0.0,2.7,66.6,1016.5,232.0,M,24,Sochi,Williams
27,36,KUB,28,2,17,16,17,1,80,33.6,22.1,0.0,1.2,67.5,1016.5,235.0,M,25,Sochi,Williams
0,36,KVY,1,2,14,14,14,0,57,34.6,21.5,0.0,1.9,69.0,1016.9,288.0,H,0,Sochi,Toro Rosso
1,36,KVY,2,2,14,14,14,0,73,34.6,21.5,0.0,1.4,68.5,1017.0,304.0,H,1,Sochi,Toro Rosso
2,36,KVY,3,2,14,13,14,0,74,35.2,21.7,0.0,1.4,68.8,1016.9,243.0,H,2,Sochi,Toro Rosso
3,36,KVY,4,0,13,13,14,0,75,35.4,21.8,0.0,2.7,67.1,1017.0,245.0,H,3,Sochi,Toro Rosso
4,36,KVY,5,0,13,13,14,0,76,34.8,21.7,0.0,2.3,68.1,1016.9,311.0,H,4,Sochi,Toro Rosso
5,36,KVY,6,0,13,13,14,0,77,34.8,21.8,0.0,2.1,67.7,1016.9,290.0,H,5,Sochi,Toro Rosso
6,36,KVY,7,0,13,13,14,0,77,35.0,21.8,0.0,1.7,67.2,1017.0,251.0,H,6,Sochi,Toro Rosso
7,36,KVY,8,0,13,13,14,0,78,34.9,21.9,0.0,2.3,66.8,1016.9,251.0,H,7,Sochi,Toro Rosso
8,36,KVY,9,0,13,13,14,0,78,34.8,21.9,0.0,3.0,66.8,1016.9,293.0,H,8,Sochi,Toro Rosso
9,36,KVY,10,0,13,13,14,0,78,34.8,21.7,0.0,2.1,67.5,1017.0,0.0,H,9,Sochi,Toro Rosso
10,36,KVY,11,0,13,13,14,0,79,35.5,21.8,0.0,0.6,67.4,1017.0,343.0,H,10,Sochi,Toro Rosso
11,36,KVY,12,0,13,13,14,0,79,35.7,22.2,0.0,1.1,65.6,1017.0,276.0,H,11,Sochi,Toro Rosso
12,36,KVY,13,0,13,13,14,0,79,35.6,22.3,0.0,2.2,64.8,1017.0,258.0,H,12,Sochi,Toro Rosso
13,36,KVY,14,0,13,13,14,0,79,35.4,22.3,0.0,2.1,65.2,1017.0,309.0,H,13,Sochi,Toro Rosso
14,36,KVY,15,0,13,13,14,0,79,35.5,22.1,0.0,1.9,66.1,1017.0,327.0,H,14,Sochi,Toro Rosso
15,36,KVY,16,0,13,13,14,0,79,35.3,22.1,0.0,1.6,66.4,1017.0,296.0,H,15,Sochi,Toro Rosso
16,36,KVY,17,0,13,13,14,0,80,35.3,22.5,0.0,1.2,65.7,1017.0,248.0,H,16,Sochi,Toro Rosso
17,36,KVY,18,0,13,13,14,0,78,35.1,22.6,0.0,1.5,65.1,1016.8,240.0,H,17,Sochi,Toro Rosso
18,36,KVY,19,0,13,13,14,0,78,35.1,22.6,0.0,2.0,65.5,1016.8,254.0,H,18,Sochi,Toro Rosso
19,36,KVY,20,0,13,13,14,0,78,35.1,22.6,0.0,1.3,66.0,1016.8,222.0,H,19,Sochi,Toro Rosso
20,36,KVY,21,0,13,12,14,0,78,34.9,22.9,0.0,2.6,64.3,1016.8,284.0,H,20,Sochi,Toro Rosso
21,36,KVY,22,0,12,11,14,0,78,34.8,22.6,0.0,2.4,65.5,1016.8,257.0,H,21,Sochi,Toro Rosso
22,36,KVY,23,0,11,11,14,0,79,34.8,22.2,0.0,2.8,67.0,1016.8,248.0,H,22,Sochi,Toro Rosso
23,36,KVY,24,0,11,9,14,0,78,35.0,22.0,0.0,1.4,68.1,1016.8,243.0,H,23,Sochi,Toro Rosso
24,36,KVY,25,0,9,9,14,0,78,35.2,22.2,0.0,2.6,67.0,1016.8,239.0,H,24,Sochi,Toro Rosso
25,36,KVY,26,0,9,9,14,0,78,34.9,22.2,0.0,2.2,67.2,1016.7,246.0,H,25,Sochi,Toro Rosso
26,36,KVY,27,0,9,9,14,0,79,34.9,22.0,0.0,1.5,67.9,1016.7,233.0,H,26,Sochi,Toro Rosso
27,36,KVY,28,2,9,12,14,0,80,34.9,22.1,0.0,1.1,67.5,1016.7,227.0,S,0,Sochi,Toro Rosso
28,36,KVY,29,2,12,12,14,0,80,34.4,22.3,0.0,1.9,66.9,1016.9,237.0,S,1,Sochi,Toro Rosso
29,36,KVY,30,2,12,13,14,0,79,34.4,22.2,0.0,1.3,66.9,1016.6,246.0,S,0,Sochi,Toro Rosso
30,36,KVY,31,2,13,13,14,0,79,35.0,22.2,0.0,2.6,67.1,1016.7,268.0,S,1,Sochi,Toro Rosso
31,36,KVY,32,2,13,13,14,0,79,34.8,22.2,0.0,2.4,66.9,1016.7,247.0,S,2,Sochi,Toro Rosso
32,36,KVY,33,0,13,13,14,0,78,34.4,22.0,0.0,2.2,68.5,1016.6,243.0,S,3,Sochi,Toro Rosso
33,36,KVY,34,0,13,13,14,0,78,34.7,21.8,0.0,2.7,68.8,1016.6,261.0,S,4,Sochi,Toro Rosso
34,36,KVY,35,0,13,13,14,0,79,34.5,21.9,0.0,1.8,68.6,1016.6,286.0,S,5,Sochi,Toro Rosso
35,36,KVY,36,0,13,12,14,0,80,34.2,21.9,0.0,1.6,68.7,1016.6,257.0,S,6,Sochi,Toro Rosso
36,36,KVY,37,0,12,12,14,0,80,33.6,21.9,0.0,1.8,68.8,1016.7,249.0,S,7,Sochi,Toro Rosso
37,36,KVY,38,0,12,12,14,0,80,33.4,21.9,0.0,2.5,68.9,1016.6,239.0,S,8,Sochi,Toro Rosso
38,36,KVY,39,0,12,12,14,0,81,34.2,22.0,0.0,1.0,68.4,1016.6,286.0,S,9,Sochi,Toro Rosso
39,36,KVY,40,0,12,12,14,0,81,34.2,22.2,0.0,2.7,66.6,1016.5,232.0,S,10,Sochi,Toro Rosso
40,36,KVY,41,0,12,12,14,0,81,33.3,22.0,0.0,1.1,67.4,1016.5,317.0,S,11,Sochi,Toro Rosso
41,36,KVY,42,0,12,12,14,0,82,33.6,22.2,0.0,1.6,67.2,1016.6,233.0,S,12,Sochi,Toro Rosso
42,36,KVY,43,0,12,12,14,0,82,33.6,22.0,0.0,2.2,67.3,1016.5,243.0,S,13,Sochi,Toro Rosso
43,36,KVY,44,0,12,12,14,0,82,33.6,22.0,0.0,0.9,68.1,1016.4,316.0,S,14,Sochi,Toro Rosso
44,36,KVY,45,0,12,12,14,0,82,34.0,22.2,0.0,1.1,67.0,1016.4,295.0,S,15,Sochi,Toro Rosso
45,36,KVY,46,0,12,12,14,0,82,33.9,22.5,0.0,0.7,66.4,1016.4,35.0,S,16,Sochi,Toro Rosso
46,36,KVY,47,0,12,12,14,0,82,33.3,22.7,0.0,0.5,64.6,1016.4,321.0,S,17,Sochi,Toro Rosso
47,36,KVY,48,0,12,12,14,0,82,33.6,22.6,0.0,0.9,65.0,1016.4,248.0,S,18,Sochi,Toro Rosso
48,36,KVY,49,0,12,12,14,0,82,33.6,22.4,0.0,1.2,65.1,1016.4,239.0,S,19,Sochi,Toro Rosso
49,36,KVY,50,0,12,12,14,0,83,33.6,22.6,0.0,1.0,64.9,1016.4,249.0,S,20,Sochi,Toro Rosso
50,36,KVY,51,0,12,12,14,0,83,33.5,22.7,0.0,1.3,64.6,1016.4,214.0,S,21,Sochi,Toro Rosso
51,36,KVY,52,0,12,12,14,0,83,33.5,22.7,0.0,0.9,64.6,1016.4,250.0,S,22,Sochi,Toro Rosso
52,36,KVY,53,0,12,12,14,0,83,33.3,22.8,0.0,1.2,63.9,1016.4,250.0,S,23,Sochi,Toro Rosso
0,36,ALB,1,2,18,18,18,0,56,35.1,21.8,0.0,2.8,67.8,1017.0,252.0,M,0,Sochi,Red Bull Racing
1,36,ALB,2,2,18,17,18,0,65,34.9,21.7,0.0,2.5,68.2,1017.0,251.0,M,1,Sochi,Red Bull Racing
2,36,ALB,3,2,17,16,18,0,62,34.7,21.4,0.0,1.0,69.4,1017.0,295.0,M,2,Sochi,Red Bull Racing
3,36,ALB,4,0,16,15,18,0,63,35.2,21.7,0.0,1.4,68.8,1016.9,243.0,M,3,Sochi,Red Bull Racing
4,36,ALB,5,0,15,15,18,0,66,35.4,21.8,0.0,2.7,67.1,1017.0,245.0,M,4,Sochi,Red Bull Racing
5,36,ALB,6,0,15,15,18,0,67,34.8,21.7,0.0,2.3,68.1,1016.9,311.0,M,5,Sochi,Red Bull Racing
6,36,ALB,7,0,15,15,18,0,68,34.8,21.6,0.0,1.4,68.8,1016.9,253.0,M,6,Sochi,Red Bull Racing
7,36,ALB,8,0,15,15,18,0,69,34.8,21.8,0.0,2.1,67.7,1016.9,290.0,M,7,Sochi,Red Bull Racing
8,36,ALB,9,0,15,14,18,0,70,35.0,21.8,0.0,1.7,67.2,1017.0,251.0,M,8,Sochi,Red Bull Racing
9,36,ALB,10,0,14,14,18,0,70,35.0,21.9,0.0,2.7,67.6,1017.0,253.0,M,9,Sochi,Red Bull Racing
10,36,ALB,11,0,14,14,18,0,71,34.9,21.9,0.0,2.3,66.8,1016.9,251.0,M,10,Sochi,Red Bull Racing
11,36,ALB,12,0,14,14,18,0,71,35.5,21.8,0.0,0.6,67.4,1017.0,343.0,M,11,Sochi,Red Bull Racing
12,36,ALB,13,0,14,14,18,0,71,35.4,22.5,0.0,2.1,65.8,1016.9,213.0,M,12,Sochi,Red Bull Racing
13,36,ALB,14,0,14,14,18,0,72,35.3,22.5,0.0,1.2,65.7,1017.0,248.0,M,13,Sochi,Red Bull Racing
14,36,ALB,15,0,14,14,18,0,72,35.1,22.6,0.0,1.5,65.1,1016.8,240.0,M,14,Sochi,Red Bull Racing
15,36,ALB,16,0,14,14,18,0,72,35.1,22.6,0.0,2.0,65.5,1016.8,254.0,M,15,Sochi,Red Bull Racing
16,36,ALB,17,0,14,12,18,0,73,35.1,22.6,0.0,1.3,66.0,1016.8,222.0,M,16,Sochi,Red Bull Racing
17,36,ALB,18,0,12,12,18,0,73,35.3,22.7,0.0,0.6,66.3,1016.8,278.0,M,17,Sochi,Red Bull Racing
18,36,ALB,19,0,12,12,18,0,73,35.5,23.2,0.0,2.3,64.0,1016.8,245.0,M,18,Sochi,Red Bull Racing
19,36,ALB,20,0,12,12,18,0,74,34.9,22.4,0.0,2.7,66.2,1016.8,277.0,M,19,Sochi,Red Bull Racing
20,36,ALB,21,0,12,11,18,0,74,34.8,22.2,0.0,2.8,67.0,1016.8,248.0,M,20,Sochi,Red Bull Racing
21,36,ALB,22,0,11,10,18,0,74,35.2,22.2,0.0,2.6,67.0,1016.8,239.0,M,21,Sochi,Red Bull Racing
22,36,ALB,23,0,10,10,18,0,74,34.9,22.0,0.0,2.5,67.3,1016.8,249.0,M,22,Sochi,Red Bull Racing
23,36,ALB,24,0,10,8,18,0,74,34.9,22.0,0.0,1.5,67.9,1016.7,233.0,M,23,Sochi,Red Bull Racing
24,36,ALB,25,0,8,8,18,0,73,34.9,22.1,0.0,0.8,67.9,1016.7,244.0,M,24,Sochi,Red Bull Racing
25,36,ALB,26,0,8,8,18,0,74,34.9,22.5,0.0,2.6,66.2,1016.8,250.0,M,25,Sochi,Red Bull Racing
26,36,ALB,27,0,8,7,18,0,74,34.4,22.2,0.0,1.3,66.9,1016.6,246.0,M,26,Sochi,Red Bull Racing
27,36,ALB,28,2,7,5,18,0,75,34.8,22.2,0.0,2.4,66.9,1016.7,247.0,M,27,Sochi,Red Bull Racing
28,36,ALB,29,2,5,5,18,0,75,34.4,22.0,0.0,2.2,68.5,1016.6,243.0,M,28,Sochi,Red Bull Racing
29,36,ALB,30,2,5,10,18,0,74,34.4,22.0,0.0,2.6,68.4,1016.7,247.0,S,0,Sochi,Red Bull Racing
30,36,ALB,31,2,10,10,18,0,73,34.7,21.8,0.0,2.7,68.8,1016.6,261.0,S,1,Sochi,Red Bull Racing
31,36,ALB,32,2,10,9,18,0,73,34.5,21.9,0.0,1.8,68.6,1016.6,286.0,S,2,Sochi,Red Bull Racing
32,36,ALB,33,0,9,8,18,0,72,33.4,21.9,0.0,2.5,68.9,1016.6,239.0,S,3,Sochi,Red Bull Racing
33,36,ALB,34,0,8,8,18,0,72,32.9,21.9,0.0,2.8,68.8,1016.5,243.0,S,4,Sochi,Red Bull Racing
34,36,ALB,35,0,8,7,18,0,73,32.7,21.7,0.0,3.2,69.4,1016.5,258.0,S,5,Sochi,Red Bull Racing
35,36,ALB,36,0,7,7,18,0,74,33.6,21.6,0.0,2.9,69.9,1016.6,258.0,S,6,Sochi,Red Bull Racing
36,36,ALB,37,0,7,7,18,0,74,33.6,21.6,0.0,1.2,69.7,1016.6,234.0,S,7,Sochi,Red Bull Racing
37,36,ALB,38,0,7,7,18,0,74,33.6,21.6,0.0,2.2,69.7,1016.6,248.0,S,8,Sochi,Red Bull Racing
38,36,ALB,39,0,7,7,18,0,74,33.6,21.8,0.0,2.2,69.0,1016.5,231.0,S,9,Sochi,Red Bull Racing
39,36,ALB,40,0,7,7,18,0,75,33.6,21.8,0.0,1.9,69.0,1016.6,237.0,S,10,Sochi,Red Bull Racing
40,36,ALB,41,0,7,7,18,0,75,33.7,21.8,0.0,2.7,68.7,1016.6,254.0,S,11,Sochi,Red Bull Racing
41,36,ALB,42,0,7,6,18,0,75,33.8,22.2,0.0,2.4,66.5,1016.5,237.0,S,12,Sochi,Red Bull Racing
42,36,ALB,43,0,6,6,18,0,76,33.4,22.1,0.0,1.6,66.8,1016.5,248.0,S,13,Sochi,Red Bull Racing
43,36,ALB,44,0,6,6,18,0,76,33.6,22.2,0.0,1.6,67.2,1016.6,233.0,S,14,Sochi,Red Bull Racing
44,36,ALB,45,0,6,6,18,0,76,33.4,21.9,0.0,1.1,68.6,1016.4,303.0,S,15,Sochi,Red Bull Racing
45,36,ALB,46,0,6,6,18,0,76,34.0,22.2,0.0,1.1,67.0,1016.4,295.0,S,16,Sochi,Red Bull Racing
46,36,ALB,47,0,6,6,18,0,76,33.9,22.5,0.0,0.7,66.4,1016.4,35.0,S,17,Sochi,Red Bull Racing
47,36,ALB,48,0,6,5,18,0,76,33.3,22.7,0.0,1.1,65.2,1016.4,273.0,S,18,Sochi,Red Bull Racing
48,36,ALB,49,0,5,5,18,0,77,33.6,22.5,0.0,1.7,65.1,1016.5,240.0,S,19,Sochi,Red Bull Racing
49,36,ALB,50,0,5,5,18,0,77,33.6,22.4,0.0,1.2,65.1,1016.4,239.0,S,20,Sochi,Red Bull Racing
50,36,ALB,51,0,5,5,18,0,78,33.6,22.6,0.0,1.0,64.9,1016.4,249.0,S,21,Sochi,Red Bull Racing
51,36,ALB,52,0,5,5,18,0,78,33.5,22.7,0.0,1.3,64.6,1016.4,214.0,S,22,Sochi,Red Bull Racing
52,36,ALB,53,0,5,5,18,0,78,33.5,22.7,0.0,0.9,64.6,1016.4,250.0,S,23,Sochi,Red Bull Racing
