,idGP,driver,lap,trackStatus,position,targetPosition,grid,out,performance,trackTemp,airTemp,raining,windSpeed,humidity,pressure,windDir,tyre,tyreLap,track,team
0,21,HAM,1,1,2,2,2,0,56,43.6,23.7,0.0,1.4,70.3,1015.4,176.0,S,3,Melbourne,Mercedes
1,21,HAM,2,0,2,2,2,0,52,43.3,23.6,0.0,1.3,70.1,1015.3,191.0,S,4,Melbourne,Mercedes
2,21,HAM,3,0,2,2,2,0,49,43.4,23.5,0.0,1.3,70.5,1015.4,68.0,S,5,Melbourne,Mercedes
3,21,HAM,4,0,2,2,2,0,49,43.4,23.7,0.0,1.8,69.1,1015.3,328.0,S,6,Melbourne,Mercedes
4,21,HAM,5,0,2,2,2,0,50,43.0,23.7,0.0,1.2,69.1,1015.4,149.0,S,7,Melbourne,Mercedes
5,21,HAM,6,0,2,2,2,0,49,43.0,23.6,0.0,1.6,69.4,1015.3,184.0,S,8,Melbourne,Mercedes
6,21,HAM,7,0,2,2,2,0,46,42.9,23.5,0.0,2.2,70.5,1015.3,178.0,S,9,Melbourne,Mercedes
7,21,HAM,8,0,2,2,2,0,46,42.9,23.4,0.0,1.4,70.8,1015.3,0.0,S,10,Melbourne,Mercedes
8,21,HAM,9,0,2,2,2,0,45,42.5,23.4,0.0,1.0,70.8,1015.3,193.0,S,11,Melbourne,Mercedes
9,21,HAM,10,0,2,2,2,0,45,42.5,23.4,0.0,1.1,70.7,1015.3,333.0,S,12,Melbourne,Mercedes
10,21,HAM,11,0,2,2,2,0,47,42.8,23.5,0.0,0.9,69.7,1015.4,198.0,S,13,Melbourne,Mercedes
11,21,HAM,12,0,2,2,2,0,49,42.3,23.5,0.0,1.2,70.3,1015.4,98.0,S,14,Melbourne,Mercedes
12,21,HAM,13,0,2,2,2,0,51,42.3,23.5,0.0,0.9,70.2,1015.4,184.0,S,15,Melbourne,Mercedes
13,21,HAM,14,0,2,2,2,0,52,41.5,23.4,0.0,1.4,70.8,1015.3,187.0,S,16,Melbourne,Mercedes
14,21,HAM,15,0,2,4,2,0,53,41.9,23.4,0.0,1.8,69.7,1015.4,0.0,S,17,Melbourne,Mercedes
15,21,HAM,16,0,4,4,2,0,52,41.5,23.4,0.0,1.2,69.9,1015.4,200.0,M,0,Melbourne,Mercedes
16,21,HAM,17,0,4,4,2,0,51,41.6,23.5,0.0,0.7,70.2,1015.3,181.0,M,1,Melbourne,Mercedes
17,21,HAM,18,0,4,4,2,0,51,41.2,23.5,0.0,1.3,70.1,1015.4,156.0,M,2,Melbourne,Mercedes
18,21,HAM,19,0,4,4,2,0,50,41.3,23.4,0.0,0.7,70.0,1015.4,162.0,M,3,Melbourne,Mercedes
19,21,HAM,20,0,4,4,2,0,49,41.9,23.3,0.0,1.4,70.4,1015.4,191.0,M,4,Melbourne,Mercedes
20,21,HAM,21,0,4,4,2,0,49,41.7,23.3,0.0,1.3,70.6,1015.4,179.0,M,5,Melbourne,Mercedes
21,21,HAM,22,0,4,4,2,0,49,41.7,23.3,0.0,1.4,70.7,1015.3,183.0,M,6,Melbourne,Mercedes
22,21,HAM,23,0,4,4,2,0,49,41.1,23.3,0.0,1.0,70.6,1015.3,182.0,M,7,Melbourne,Mercedes
23,21,HAM,24,0,4,4,2,0,49,41.1,23.3,0.0,0.7,70.6,1015.4,182.0,M,8,Melbourne,Mercedes
24,21,HAM,25,0,4,3,2,0,49,41.1,23.3,0.0,0.7,70.6,1015.4,182.0,M,9,Melbourne,Mercedes
25,21,HAM,26,0,3,3,2,0,49,41.1,23.3,0.0,0.7,70.6,1015.4,182.0,M,10,Melbourne,Mercedes
26,21,HAM,27,0,3,3,2,0,49,41.3,23.3,0.0,0.9,70.8,1015.3,184.0,M,11,Melbourne,Mercedes
27,21,HAM,28,0,3,2,2,0,49,40.4,23.3,0.0,1.6,70.7,1015.4,186.0,M,12,Melbourne,Mercedes
28,21,HAM,29,0,2,2,2,0,49,40.6,23.3,0.0,1.6,70.4,1015.2,176.0,M,13,Melbourne,Mercedes
29,21,HAM,30,0,2,2,2,0,48,40.6,23.1,0.0,2.4,71.0,1015.3,151.0,M,14,Melbourne,Mercedes
30,21,HAM,31,1,2,2,2,0,49,40.0,22.8,0.0,1.1,72.3,1015.3,187.0,M,15,Melbourne,Mercedes
31,21,HAM,32,0,2,2,2,0,49,40.2,22.9,0.0,0.9,72.1,1015.2,146.0,M,16,Melbourne,Mercedes
32,21,HAM,33,0,2,2,2,0,49,40.3,23.1,0.0,1.6,71.4,1015.3,191.0,M,17,Melbourne,Mercedes
33,21,HAM,34,0,2,2,2,0,49,40.0,23.1,0.0,1.1,71.7,1015.2,184.0,M,18,Melbourne,Mercedes
34,21,HAM,35,0,2,2,2,0,49,39.6,23.1,0.0,1.9,72.1,1015.3,167.0,M,19,Melbourne,Mercedes
35,21,HAM,36,0,2,2,2,0,49,39.6,23.1,0.0,1.4,71.9,1015.2,155.0,M,20,Melbourne,Mercedes
36,21,HAM,37,0,2,2,2,0,49,39.4,23.2,0.0,1.1,71.5,1015.3,182.0,M,21,Melbourne,Mercedes
37,21,HAM,38,0,2,2,2,0,49,39.1,23.2,0.0,1.7,71.6,1015.3,174.0,M,22,Melbourne,Mercedes
38,21,HAM,39,0,2,2,2,0,49,39.1,23.2,0.0,1.7,71.6,1015.3,174.0,M,23,Melbourne,Mercedes
39,21,HAM,40,0,2,2,2,0,49,38.8,23.1,0.0,1.0,71.6,1015.4,189.0,M,24,Melbourne,Mercedes
40,21,HAM,41,0,2,2,2,0,49,38.6,23.3,0.0,1.2,71.5,1015.3,16.0,M,25,Melbourne,Mercedes
41,21,HAM,42,0,2,2,2,0,49,38.8,23.3,0.0,1.5,70.8,1015.3,165.0,M,26,Melbourne,Mercedes
42,21,HAM,43,0,2,2,2,0,50,38.8,23.3,0.0,1.5,70.8,1015.3,165.0,M,27,Melbourne,Mercedes
43,21,HAM,44,0,2,2,2,0,50,39.0,23.2,0.0,1.5,70.8,1015.3,188.0,M,28,Melbourne,Mercedes
44,21,HAM,45,0,2,2,2,0,50,38.9,23.2,0.0,1.2,71.3,1015.2,190.0,M,29,Melbourne,Mercedes
45,21,HAM,46,0,2,2,2,0,50,38.6,23.2,0.0,1.3,71.5,1015.4,192.0,M,30,Melbourne,Mercedes
46,21,HAM,47,0,2,2,2,0,50,38.6,23.3,0.0,1.6,71.4,1015.3,147.0,M,31,Melbourne,Mercedes
47,21,HAM,48,0,2,2,2,0,50,38.2,23.3,0.0,1.6,71.0,1015.3,178.0,M,32,Melbourne,Mercedes
48,21,HAM,49,0,2,2,2,0,51,38.2,23.3,0.0,1.2,71.7,1015.2,139.0,M,33,Melbourne,Mercedes
49,21,HAM,50,0,2,2,2,0,51,37.7,23.4,0.0,0.7,71.1,1015.2,208.0,M,34,Melbourne,Mercedes
50,21,HAM,51,0,2,2,2,0,51,37.6,23.4,0.0,1.2,70.6,1015.2,0.0,M,35,Melbourne,Mercedes
51,21,HAM,52,0,2,2,2,0,52,37.6,23.4,0.0,0.6,71.1,1015.3,185.0,M,36,Melbourne,Mercedes
52,21,HAM,53,0,2,2,2,0,52,37.2,23.4,0.0,1.3,71.0,1015.2,0.0,M,37,Melbourne,Mercedes
53,21,HAM,54,0,2,2,2,0,53,37.2,23.4,0.0,1.3,71.0,1015.2,0.0,M,38,Melbourne,Mercedes
54,21,HAM,55,0,2,2,2,0,53,37.7,23.3,0.0,0.8,71.3,1015.1,179.0,M,39,Melbourne,Mercedes
55,21,HAM,56,0,2,2,2,0,53,37.6,23.4,0.0,0.7,70.4,1015.2,0.0,M,40,Melbourne,Mercedes
56,21,HAM,57,0,2,2,2,0,54,37.3,23.5,0.0,1.5,69.7,1015.1,188.0,M,41,Melbourne,Mercedes
57,21,HAM,58,0,2,2,2,0,54,37.1,23.4,0.0,1.0,70.1,1015.2,195.0,M,42,Melbourne,Mercedes
0,21,BOT,1,1,1,1,1,0,63,44.3,23.8,0.0,1.1,69.5,1015.4,170.0,S,3,Melbourne,Mercedes
1,21,BOT,2,0,1,1,1,0,59,43.5,23.6,0.0,1.2,69.7,1015.5,158.0,S,4,Melbourne,Mercedes
2,21,BOT,3,0,1,1,1,0,64,43.3,23.6,0.0,1.3,70.1,1015.3,191.0,S,5,Melbourne,Mercedes
3,21,BOT,4,0,1,1,1,0,65,43.4,23.5,0.0,1.3,70.5,1015.4,68.0,S,6,Melbourne,Mercedes
4,21,BOT,5,0,1,1,1,0,66,43.4,23.6,0.0,0.8,70.3,1015.4,194.0,S,7,Melbourne,Mercedes
5,21,BOT,6,0,1,1,1,0,65,43.4,23.7,0.0,1.8,69.1,1015.3,328.0,S,8,Melbourne,Mercedes
6,21,BOT,7,0,1,1,1,0,63,43.0,23.7,0.0,1.2,69.1,1015.4,149.0,S,9,Melbourne,Mercedes
7,21,BOT,8,0,1,1,1,0,62,42.9,23.5,0.0,2.2,70.5,1015.3,178.0,S,10,Melbourne,Mercedes
8,21,BOT,9,0,1,1,1,0,61,42.9,23.4,0.0,1.4,70.8,1015.3,0.0,S,11,Melbourne,Mercedes
9,21,BOT,10,0,1,1,1,0,61,42.5,23.4,0.0,1.0,70.8,1015.3,193.0,S,12,Melbourne,Mercedes
10,21,BOT,11,0,1,1,1,0,61,42.8,23.5,0.0,1.7,70.0,1015.3,152.0,S,13,Melbourne,Mercedes
11,21,BOT,12,0,1,1,1,0,62,42.3,23.5,0.0,0.9,70.2,1015.4,184.0,S,14,Melbourne,Mercedes
12,21,BOT,13,0,1,1,1,0,62,42.0,23.6,0.0,1.1,69.8,1015.4,192.0,S,15,Melbourne,Mercedes
13,21,BOT,14,0,1,1,1,0,62,41.6,23.5,0.0,1.5,70.5,1015.3,175.0,S,16,Melbourne,Mercedes
14,21,BOT,15,0,1,1,1,0,62,41.5,23.4,0.0,1.4,70.8,1015.3,187.0,S,17,Melbourne,Mercedes
15,21,BOT,16,0,1,1,1,0,62,41.5,23.4,0.0,1.2,69.9,1015.4,200.0,S,18,Melbourne,Mercedes
16,21,BOT,17,0,1,1,1,0,62,41.5,23.4,0.0,1.5,70.5,1015.3,0.0,S,19,Melbourne,Mercedes
17,21,BOT,18,0,1,1,1,0,62,41.2,23.5,0.0,1.3,70.1,1015.4,156.0,S,20,Melbourne,Mercedes
18,21,BOT,19,0,1,1,1,0,62,41.2,23.5,0.0,1.3,70.1,1015.4,156.0,S,21,Melbourne,Mercedes
19,21,BOT,20,0,1,1,1,0,62,41.3,23.4,0.0,0.7,70.0,1015.4,162.0,S,22,Melbourne,Mercedes
20,21,BOT,21,0,1,1,1,0,62,41.3,23.4,0.0,0.7,70.0,1015.4,162.0,S,23,Melbourne,Mercedes
21,21,BOT,22,0,1,1,1,0,62,41.7,23.3,0.0,1.3,70.6,1015.4,179.0,S,24,Melbourne,Mercedes
22,21,BOT,23,0,1,2,1,0,62,41.7,23.3,0.0,1.4,70.7,1015.3,183.0,S,25,Melbourne,Mercedes
23,21,BOT,24,0,2,2,1,0,62,41.1,23.3,0.0,1.0,70.6,1015.3,182.0,M,0,Melbourne,Mercedes
24,21,BOT,25,0,2,1,1,0,62,41.1,23.3,0.0,0.7,70.6,1015.4,182.0,M,1,Melbourne,Mercedes
25,21,BOT,26,0,1,1,1,0,61,41.1,23.3,0.0,0.7,70.6,1015.4,182.0,M,2,Melbourne,Mercedes
26,21,BOT,27,0,1,1,1,0,61,41.3,23.3,0.0,0.9,70.8,1015.3,184.0,M,3,Melbourne,Mercedes
27,21,BOT,28,0,1,1,1,0,61,41.3,23.3,0.0,0.9,70.8,1015.3,184.0,M,4,Melbourne,Mercedes
28,21,BOT,29,0,1,1,1,0,61,40.6,23.2,0.0,1.7,71.0,1015.4,167.0,M,5,Melbourne,Mercedes
29,21,BOT,30,0,1,1,1,0,61,40.6,23.3,0.0,1.6,70.4,1015.2,176.0,M,6,Melbourne,Mercedes
30,21,BOT,31,1,1,1,1,0,61,40.6,23.3,0.0,1.8,70.7,1015.3,186.0,M,7,Melbourne,Mercedes
31,21,BOT,32,0,1,1,1,0,61,40.0,22.8,0.0,1.1,72.3,1015.3,187.0,M,8,Melbourne,Mercedes
32,21,BOT,33,0,1,1,1,0,61,40.2,22.9,0.0,0.9,72.1,1015.2,146.0,M,9,Melbourne,Mercedes
33,21,BOT,34,0,1,1,1,0,61,40.2,22.9,0.0,0.9,72.1,1015.2,146.0,M,10,Melbourne,Mercedes
34,21,BOT,35,0,1,1,1,0,61,40.2,23.0,0.0,1.5,72.4,1015.3,168.0,M,11,Melbourne,Mercedes
35,21,BOT,36,0,1,1,1,0,61,40.3,23.1,0.0,1.6,71.4,1015.3,191.0,M,12,Melbourne,Mercedes
36,21,BOT,37,0,1,1,1,0,61,40.0,23.1,0.0,1.1,71.7,1015.2,184.0,M,13,Melbourne,Mercedes
37,21,BOT,38,0,1,1,1,0,61,40.0,23.2,0.0,1.5,71.6,1015.3,194.0,M,14,Melbourne,Mercedes
38,21,BOT,39,0,1,1,1,0,61,39.4,23.2,0.0,1.1,71.5,1015.3,182.0,M,15,Melbourne,Mercedes
39,21,BOT,40,0,1,1,1,0,61,39.1,23.2,0.0,1.7,71.6,1015.3,174.0,M,16,Melbourne,Mercedes
40,21,BOT,41,0,1,1,1,0,61,39.1,23.2,0.0,1.7,71.6,1015.3,174.0,M,17,Melbourne,Mercedes
41,21,BOT,42,0,1,1,1,0,61,38.6,23.3,0.0,1.2,71.5,1015.3,16.0,M,18,Melbourne,Mercedes
42,21,BOT,43,0,1,1,1,0,61,38.8,23.3,0.0,1.5,70.8,1015.3,165.0,M,19,Melbourne,Mercedes
43,21,BOT,44,0,1,1,1,0,61,38.9,23.2,0.0,1.2,71.3,1015.2,190.0,M,20,Melbourne,Mercedes
44,21,BOT,45,0,1,1,1,0,61,38.6,23.2,0.0,1.3,71.5,1015.4,192.0,M,21,Melbourne,Mercedes
45,21,BOT,46,0,1,1,1,0,61,38.6,23.3,0.0,1.6,71.4,1015.3,147.0,M,22,Melbourne,Mercedes
46,21,BOT,47,0,1,1,1,0,61,38.5,23.4,0.0,1.1,71.0,1015.3,226.0,M,23,Melbourne,Mercedes
47,21,BOT,48,0,1,1,1,0,61,38.2,23.3,0.0,1.8,71.1,1015.2,182.0,M,24,Melbourne,Mercedes
48,21,BOT,49,0,1,1,1,0,61,38.4,23.3,0.0,1.4,71.7,1015.2,180.0,M,25,Melbourne,Mercedes
49,21,BOT,50,0,1,1,1,0,61,37.6,23.4,0.0,1.2,70.6,1015.2,0.0,M,26,Melbourne,Mercedes
50,21,BOT,51,0,1,1,1,0,61,37.6,23.4,0.0,0.6,71.1,1015.3,185.0,M,27,Melbourne,Mercedes
51,21,BOT,52,0,1,1,1,0,61,37.6,23.4,0.0,0.6,71.1,1015.3,185.0,M,28,Melbourne,Mercedes
52,21,BOT,53,0,1,1,1,0,61,37.2,23.4,0.0,1.3,71.0,1015.2,0.0,M,29,Melbourne,Mercedes
53,21,BOT,54,0,1,1,1,0,61,37.2,23.4,0.0,1.3,71.0,1015.2,0.0,M,30,Melbourne,Mercedes
54,21,BOT,55,0,1,1,1,0,61,37.7,23.3,0.0,0.8,71.3,1015.1,179.0,M,31,Melbourne,Mercedes
55,21,BOT,56,0,1,1,1,0,61,37.6,23.4,0.0,0.7,70.4,1015.2,0.0,M,32,Melbourne,Mercedes
56,21,BOT,57,0,1,1,1,0,62,37.6,23.5,0.0,0.9,70.2,1015.2,170.0,M,33,Melbourne,Mercedes
57,21,BOT,58,0,1,1,1,0,62,37.3,23.6,0.0,1.1,69.6,1015.2,0.0,M,34,Melbourne,Mercedes
0,21,VET,1,1,3,3,3,0,70,44.3,23.8,0.0,1.1,69.5,1015.4,170.0,S,3,Melbourne,Ferrari
1,21,VET,2,0,3,3,3,0,75,43.3,23.6,0.0,1.3,70.1,1015.3,191.0,S,4,Melbourne,Ferrari
2,21,VET,3,0,3,3,3,0,75,43.4,23.6,0.0,0.8,70.3,1015.4,194.0,S,5,Melbourne,Ferrari
3,21,VET,4,0,3,3,3,0,74,43.4,23.7,0.0,1.8,69.1,1015.3,328.0,S,6,Melbourne,Ferrari
4,21,VET,5,0,3,3,3,0,73,43.0,23.6,0.0,1.6,69.4,1015.3,184.0,S,7,Melbourne,Ferrari
5,21,VET,6,0,3,3,3,0,72,42.9,23.5,0.0,2.2,70.5,1015.3,178.0,S,8,Melbourne,Ferrari
6,21,VET,7,0,3,3,3,0,71,42.9,23.4,0.0,1.4,70.8,1015.3,0.0,S,9,Melbourne,Ferrari
7,21,VET,8,0,3,3,3,0,70,42.5,23.4,0.0,1.0,70.8,1015.3,193.0,S,10,Melbourne,Ferrari
8,21,VET,9,0,3,3,3,0,69,42.8,23.5,0.0,1.7,70.0,1015.3,152.0,S,11,Melbourne,Ferrari
9,21,VET,10,0,3,3,3,0,68,42.8,23.5,0.0,0.9,69.7,1015.4,198.0,S,12,Melbourne,Ferrari
10,21,VET,11,0,3,3,3,0,68,42.3,23.5,0.0,0.9,70.2,1015.4,184.0,S,13,Melbourne,Ferrari
11,21,VET,12,0,3,3,3,0,68,42.0,23.6,0.0,1.1,69.8,1015.4,192.0,S,14,Melbourne,Ferrari
12,21,VET,13,0,3,3,3,0,68,41.6,23.5,0.0,1.5,70.5,1015.3,175.0,S,15,Melbourne,Ferrari
13,21,VET,14,0,3,5,3,0,69,41.9,23.3,0.0,1.7,70.5,1015.3,178.0,S,16,Melbourne,Ferrari
14,21,VET,15,0,5,5,3,0,68,41.9,23.4,0.0,1.8,69.7,1015.4,0.0,M,0,Melbourne,Ferrari
15,21,VET,16,0,5,5,3,0,68,41.5,23.4,0.0,1.2,69.9,1015.4,200.0,M,1,Melbourne,Ferrari
16,21,VET,17,0,5,5,3,0,68,41.5,23.4,0.0,1.5,70.5,1015.3,0.0,M,2,Melbourne,Ferrari
17,21,VET,18,0,5,5,3,0,68,41.6,23.5,0.0,0.7,70.2,1015.3,181.0,M,3,Melbourne,Ferrari
18,21,VET,19,0,5,5,3,0,67,41.6,23.5,0.0,0.6,70.4,1015.4,171.0,M,4,Melbourne,Ferrari
19,21,VET,20,0,5,5,3,0,66,41.2,23.5,0.0,1.3,70.1,1015.4,156.0,M,5,Melbourne,Ferrari
20,21,VET,21,0,5,5,3,0,66,41.2,23.5,0.0,1.3,70.1,1015.4,156.0,M,6,Melbourne,Ferrari
21,21,VET,22,0,5,5,3,0,66,41.3,23.4,0.0,0.7,70.0,1015.4,162.0,M,7,Melbourne,Ferrari
22,21,VET,23,0,5,5,3,0,66,41.9,23.3,0.0,1.4,70.4,1015.4,191.0,M,8,Melbourne,Ferrari
23,21,VET,24,0,5,5,3,0,66,41.1,23.3,0.0,1.0,70.6,1015.3,182.0,M,9,Melbourne,Ferrari
24,21,VET,25,0,5,5,3,0,66,41.1,23.3,0.0,0.7,70.6,1015.4,182.0,M,10,Melbourne,Ferrari
25,21,VET,26,0,5,4,3,0,66,41.3,23.3,0.0,0.9,70.8,1015.3,184.0,M,11,Melbourne,Ferrari
26,21,VET,27,0,4,4,3,0,65,40.6,23.1,0.0,1.6,71.2,1015.4,0.0,M,12,Melbourne,Ferrari
27,21,VET,28,0,4,3,3,0,65,40.6,23.1,0.0,2.4,71.0,1015.3,151.0,M,13,Melbourne,Ferrari
28,21,VET,29,0,3,3,3,0,65,40.0,22.8,0.0,1.1,72.3,1015.3,187.0,M,14,Melbourne,Ferrari
29,21,VET,30,0,3,3,3,0,65,40.2,22.9,0.0,0.9,72.1,1015.2,146.0,M,15,Melbourne,Ferrari
30,21,VET,31,1,3,4,3,0,65,40.2,22.9,0.0,0.9,72.1,1015.2,146.0,M,16,Melbourne,Ferrari
31,21,VET,32,0,4,4,3,0,65,40.2,23.0,0.0,1.5,72.4,1015.3,168.0,M,17,Melbourne,Ferrari
32,21,VET,33,0,4,4,3,0,64,40.3,23.1,0.0,1.6,71.4,1015.3,191.0,M,18,Melbourne,Ferrari
33,21,VET,34,0,4,4,3,0,64,40.0,23.1,0.0,1.1,71.7,1015.2,184.0,M,19,Melbourne,Ferrari
34,21,VET,35,0,4,4,3,0,64,40.0,23.2,0.0,1.5,71.6,1015.3,194.0,M,20,Melbourne,Ferrari
35,21,VET,36,0,4,4,3,0,64,39.6,23.1,0.0,1.9,72.1,1015.3,167.0,M,21,Melbourne,Ferrari
36,21,VET,37,0,4,4,3,0,63,39.6,23.1,0.0,1.4,71.9,1015.2,155.0,M,22,Melbourne,Ferrari
37,21,VET,38,0,4,4,3,0,63,39.1,23.2,0.0,1.7,71.6,1015.3,174.0,M,23,Melbourne,Ferrari
38,21,VET,39,0,4,4,3,0,63,38.8,23.3,0.0,1.5,70.8,1015.3,165.0,M,24,Melbourne,Ferrari
39,21,VET,40,0,4,4,3,0,63,38.9,23.2,0.0,1.2,71.3,1015.2,190.0,M,25,Melbourne,Ferrari
40,21,VET,41,0,4,4,3,0,62,38.5,23.4,0.0,1.1,71.0,1015.3,226.0,M,26,Melbourne,Ferrari
41,21,VET,42,0,4,4,3,0,62,38.5,23.3,0.0,0.9,71.0,1015.2,208.0,M,27,Melbourne,Ferrari
42,21,VET,43,0,4,4,3,0,62,38.2,23.3,0.0,1.6,71.0,1015.3,178.0,M,28,Melbourne,Ferrari
43,21,VET,44,0,4,4,3,0,62,38.4,23.3,0.0,1.4,71.7,1015.2,180.0,M,29,Melbourne,Ferrari
44,21,VET,45,0,4,4,3,0,62,38.6,23.3,0.0,1.5,71.8,1015.2,284.0,M,30,Melbourne,Ferrari
45,21,VET,46,0,4,4,3,0,61,38.2,23.3,0.0,1.2,71.7,1015.2,139.0,M,31,Melbourne,Ferrari
46,21,VET,47,0,4,4,3,0,61,37.6,23.4,0.0,1.2,70.6,1015.2,0.0,M,32,Melbourne,Ferrari
47,21,VET,48,0,4,4,3,0,61,37.6,23.4,0.0,0.6,71.1,1015.3,185.0,M,33,Melbourne,Ferrari
48,21,VET,49,0,4,4,3,0,61,37.6,23.4,0.0,0.6,71.1,1015.3,185.0,M,34,Melbourne,Ferrari
49,21,VET,50,0,4,4,3,0,61,37.2,23.4,0.0,1.3,71.0,1015.2,0.0,M,35,Melbourne,Ferrari
50,21,VET,51,0,4,4,3,0,61,37.7,23.3,0.0,0.8,71.3,1015.1,179.0,M,36,Melbourne,Ferrari
51,21,VET,52,0,4,4,3,0,61,37.7,23.3,0.0,0.8,71.3,1015.1,179.0,M,37,Melbourne,Ferrari
52,21,VET,53,0,4,4,3,0,61,37.6,23.4,0.0,0.7,70.4,1015.2,0.0,M,38,Melbourne,Ferrari
53,21,VET,54,0,4,4,3,0,61,37.6,23.5,0.0,0.9,70.2,1015.2,170.0,M,39,Melbourne,Ferrari
54,21,VET,55,0,4,4,3,0,61,37.6,23.5,0.0,0.9,70.2,1015.2,170.0,M,40,Melbourne,Ferrari
55,21,VET,56,0,4,4,3,0,61,37.3,23.6,0.0,1.1,69.6,1015.2,0.0,M,41,Melbourne,Ferrari
56,21,VET,57,0,4,4,3,0,61,37.3,23.5,0.0,1.5,69.7,1015.1,188.0,M,42,Melbourne,Ferrari
57,21,VET,58,0,4,4,3,0,60,37.1,23.4,0.0,1.0,70.1,1015.2,195.0,M,43,Melbourne,Ferrari
0,21,VER,1,1,4,4,4,0,55,43.6,23.7,0.0,1.4,70.3,1015.4,176.0,S,3,Melbourne,Red Bull Racing
1,21,VER,2,0,4,4,4,0,62,43.5,23.6,0.0,1.2,69.7,1015.5,158.0,S,4,Melbourne,Red Bull Racing
2,21,VER,3,0,4,4,4,0,61,43.3,23.6,0.0,1.3,70.1,1015.3,191.0,S,5,Melbourne,Red Bull Racing
3,21,VER,4,0,4,4,4,0,62,43.4,23.5,0.0,1.3,70.5,1015.4,68.0,S,6,Melbourne,Red Bull Racing
4,21,VER,5,0,4,4,4,0,61,43.4,23.6,0.0,0.8,70.3,1015.4,194.0,S,7,Melbourne,Red Bull Racing
5,21,VER,6,0,4,4,4,0,60,43.4,23.7,0.0,1.8,69.1,1015.3,328.0,S,8,Melbourne,Red Bull Racing
6,21,VER,7,0,4,4,4,0,59,43.0,23.6,0.0,1.6,69.4,1015.3,184.0,S,9,Melbourne,Red Bull Racing
7,21,VER,8,0,4,4,4,0,59,42.9,23.4,0.0,1.4,70.8,1015.3,0.0,S,10,Melbourne,Red Bull Racing
8,21,VER,9,0,4,4,4,0,58,42.5,23.4,0.0,1.0,70.8,1015.3,193.0,S,11,Melbourne,Red Bull Racing
9,21,VER,10,0,4,4,4,0,59,42.8,23.5,0.0,1.7,70.0,1015.3,152.0,S,12,Melbourne,Red Bull Racing
10,21,VER,11,0,4,4,4,0,62,42.3,23.5,0.0,1.2,70.3,1015.4,98.0,S,13,Melbourne,Red Bull Racing
11,21,VER,12,0,4,4,4,0,65,42.3,23.5,0.0,0.9,70.2,1015.4,184.0,S,14,Melbourne,Red Bull Racing
12,21,VER,13,0,4,4,4,0,65,42.0,23.6,0.0,1.1,69.8,1015.4,192.0,S,15,Melbourne,Red Bull Racing
13,21,VER,14,0,4,3,4,0,66,41.6,23.5,0.0,1.5,70.5,1015.3,175.0,S,16,Melbourne,Red Bull Racing
14,21,VER,15,0,3,2,4,0,67,41.9,23.4,0.0,1.8,69.7,1015.4,0.0,S,17,Melbourne,Red Bull Racing
15,21,VER,16,0,2,2,4,0,68,41.5,23.4,0.0,1.2,69.9,1015.4,200.0,S,18,Melbourne,Red Bull Racing
16,21,VER,17,0,2,2,4,0,69,41.5,23.4,0.0,1.5,70.5,1015.3,0.0,S,19,Melbourne,Red Bull Racing
17,21,VER,18,0,2,2,4,0,70,41.2,23.5,0.0,1.3,70.1,1015.4,156.0,S,20,Melbourne,Red Bull Racing
18,21,VER,19,0,2,2,4,0,70,41.3,23.4,0.0,0.7,70.0,1015.4,162.0,S,21,Melbourne,Red Bull Racing
19,21,VER,20,0,2,2,4,0,71,41.7,23.3,0.0,1.3,70.6,1015.4,179.0,S,22,Melbourne,Red Bull Racing
20,21,VER,21,0,2,2,4,0,71,41.1,23.3,0.0,1.0,70.6,1015.3,182.0,S,23,Melbourne,Red Bull Racing
21,21,VER,22,0,2,2,4,0,71,41.1,23.3,0.0,0.7,70.6,1015.4,182.0,S,24,Melbourne,Red Bull Racing
22,21,VER,23,0,2,1,4,0,71,41.1,23.3,0.0,0.7,70.6,1015.4,182.0,S,25,Melbourne,Red Bull Racing
23,21,VER,24,0,1,1,4,0,71,41.3,23.3,0.0,0.9,70.8,1015.3,184.0,S,26,Melbourne,Red Bull Racing
24,21,VER,25,0,1,4,4,0,72,40.6,23.2,0.0,1.7,71.0,1015.4,167.0,S,27,Melbourne,Red Bull Racing
25,21,VER,26,0,4,5,4,0,71,40.6,23.1,0.0,1.6,71.2,1015.4,0.0,M,0,Melbourne,Red Bull Racing
26,21,VER,27,0,5,5,4,0,71,40.6,23.1,0.0,1.6,71.2,1015.4,0.0,M,1,Melbourne,Red Bull Racing
27,21,VER,28,0,5,4,4,0,71,40.6,23.3,0.0,1.6,70.4,1015.2,176.0,M,2,Melbourne,Red Bull Racing
28,21,VER,29,0,4,4,4,0,70,40.6,23.1,0.0,2.4,71.0,1015.3,151.0,M,3,Melbourne,Red Bull Racing
29,21,VER,30,0,4,4,4,0,70,40.2,22.9,0.0,0.9,72.1,1015.2,146.0,M,4,Melbourne,Red Bull Racing
30,21,VER,31,1,4,3,4,0,70,40.2,22.9,0.0,0.9,72.1,1015.2,146.0,M,5,Melbourne,Red Bull Racing
31,21,VER,32,0,3,3,4,0,70,40.2,23.0,0.0,1.5,72.4,1015.3,168.0,M,6,Melbourne,Red Bull Racing
32,21,VER,33,0,3,3,4,0,70,40.0,23.1,0.0,1.1,71.7,1015.2,184.0,M,7,Melbourne,Red Bull Racing
33,21,VER,34,0,3,3,4,0,70,40.0,23.2,0.0,1.5,71.6,1015.3,194.0,M,8,Melbourne,Red Bull Racing
34,21,VER,35,0,3,3,4,0,70,39.6,23.1,0.0,1.9,72.1,1015.3,167.0,M,9,Melbourne,Red Bull Racing
35,21,VER,36,0,3,3,4,0,70,39.6,23.1,0.0,1.4,71.9,1015.2,155.0,M,10,Melbourne,Red Bull Racing
36,21,VER,37,0,3,3,4,0,69,39.4,23.2,0.0,1.1,71.5,1015.3,182.0,M,11,Melbourne,Red Bull Racing
37,21,VER,38,0,3,3,4,0,69,39.1,23.2,0.0,1.7,71.6,1015.3,174.0,M,12,Melbourne,Red Bull Racing
38,21,VER,39,0,3,3,4,0,69,39.1,23.2,0.0,1.7,71.6,1015.3,174.0,M,13,Melbourne,Red Bull Racing
39,21,VER,40,0,3,3,4,0,69,38.8,23.1,0.0,1.0,71.6,1015.4,189.0,M,14,Melbourne,Red Bull Racing
40,21,VER,41,0,3,3,4,0,68,38.6,23.3,0.0,1.2,71.5,1015.3,16.0,M,15,Melbourne,Red Bull Racing
41,21,VER,42,0,3,3,4,0,68,38.8,23.3,0.0,1.5,70.8,1015.3,165.0,M,16,Melbourne,Red Bull Racing
42,21,VER,43,0,3,3,4,0,68,38.8,23.3,0.0,1.5,70.8,1015.3,165.0,M,17,Melbourne,Red Bull Racing
43,21,VER,44,0,3,3,4,0,67,39.0,23.2,0.0,1.5,70.8,1015.3,188.0,M,18,Melbourne,Red Bull Racing
44,21,VER,45,0,3,3,4,0,67,38.9,23.2,0.0,1.2,71.3,1015.2,190.0,M,19,Melbourne,Red Bull Racing
45,21,VER,46,0,3,3,4,0,67,38.6,23.2,0.0,1.3,71.5,1015.4,192.0,M,20,Melbourne,Red Bull Racing
46,21,VER,47,0,3,3,4,0,67,38.6,23.3,0.0,1.6,71.4,1015.3,147.0,M,21,Melbourne,Red Bull Racing
47,21,VER,48,0,3,3,4,0,67,38.5,23.3,0.0,0.9,71.0,1015.2,208.0,M,22,Melbourne,Red Bull Racing
48,21,VER,49,0,3,3,4,0,67,38.2,23.3,0.0,1.6,71.0,1015.3,178.0,M,23,Melbourne,Red Bull Racing
49,21,VER,50,0,3,3,4,0,67,38.2,23.3,0.0,1.8,71.1,1015.2,182.0,M,24,Melbourne,Red Bull Racing
50,21,VER,51,0,3,3,4,0,68,38.4,23.3,0.0,1.4,71.7,1015.2,180.0,M,25,Melbourne,Red Bull Racing
51,21,VER,52,0,3,3,4,0,68,37.7,23.4,0.0,0.7,71.1,1015.2,208.0,M,26,Melbourne,Red Bull Racing
52,21,VER,53,0,3,3,4,0,68,37.6,23.4,0.0,1.2,70.6,1015.2,0.0,M,27,Melbourne,Red Bull Racing
53,21,VER,54,0,3,3,4,0,69,37.7,23.3,0.0,0.8,71.3,1015.1,179.0,M,28,Melbourne,Red Bull Racing
54,21,VER,55,0,3,3,4,0,69,37.6,23.4,0.0,0.7,70.4,1015.2,0.0,M,29,Melbourne,Red Bull Racing
55,21,VER,56,0,3,3,4,0,70,37.6,23.5,0.0,0.9,70.2,1015.2,170.0,M,30,Melbourne,Red Bull Racing
56,21,VER,57,0,3,3,4,0,70,37.6,23.5,0.0,0.9,70.2,1015.2,170.0,M,31,Melbourne,Red Bull Racing
57,21,VER,58,0,3,3,4,0,70,37.3,23.5,0.0,1.5,69.7,1015.1,188.0,M,32,Melbourne,Red Bull Racing
0,21,LEC,1,1,5,5,5,0,71,43.6,23.7,0.0,1.4,70.3,1015.4,176.0,S,3,Melbourne,Ferrari
1,21,LEC,2,0,5,5,5,0,74,43.5,23.6,0.0,1.2,69.7,1015.5,158.0,S,4,Melbourne,Ferrari
2,21,LEC,3,0,5,5,5,0,73,43.4,23.6,0.0,0.8,70.3,1015.4,194.0,S,5,Melbourne,Ferrari
3,21,LEC,4,0,5,5,5,0,71,43.4,23.7,0.0,1.8,69.1,1015.3,328.0,S,6,Melbourne,Ferrari
4,21,LEC,5,0,5,5,5,0,72,43.0,23.7,0.0,1.2,69.1,1015.4,149.0,S,7,Melbourne,Ferrari
5,21,LEC,6,0,5,5,5,0,71,43.0,23.6,0.0,1.6,69.4,1015.3,184.0,S,8,Melbourne,Ferrari
6,21,LEC,7,0,5,5,5,0,68,42.9,23.5,0.0,2.2,70.5,1015.3,178.0,S,9,Melbourne,Ferrari
7,21,LEC,8,0,5,5,5,0,67,42.9,23.4,0.0,1.4,70.8,1015.3,0.0,S,10,Melbourne,Ferrari
8,21,LEC,9,0,5,5,5,0,65,42.5,23.4,0.0,1.0,70.8,1015.3,193.0,S,11,Melbourne,Ferrari
9,21,LEC,10,0,5,5,5,0,64,42.3,23.5,0.0,1.2,70.3,1015.4,98.0,S,12,Melbourne,Ferrari
10,21,LEC,11,0,5,5,5,0,65,42.3,23.5,0.0,0.9,70.2,1015.4,184.0,S,13,Melbourne,Ferrari
11,21,LEC,12,0,5,5,5,0,66,41.6,23.5,0.0,1.5,70.5,1015.3,175.0,S,14,Melbourne,Ferrari
12,21,LEC,13,0,5,5,5,0,66,41.5,23.4,0.0,1.4,70.8,1015.3,187.0,S,15,Melbourne,Ferrari
13,21,LEC,14,0,5,4,5,0,66,41.9,23.3,0.0,1.7,70.5,1015.3,178.0,S,16,Melbourne,Ferrari
14,21,LEC,15,0,4,3,5,0,66,41.9,23.4,0.0,1.8,69.7,1015.4,0.0,S,17,Melbourne,Ferrari
15,21,LEC,16,0,3,3,5,0,66,41.5,23.4,0.0,1.2,69.9,1015.4,200.0,S,18,Melbourne,Ferrari
16,21,LEC,17,0,3,3,5,0,66,41.5,23.4,0.0,1.5,70.5,1015.3,0.0,S,19,Melbourne,Ferrari
17,21,LEC,18,0,3,3,5,0,66,41.6,23.5,0.0,0.7,70.2,1015.3,181.0,S,20,Melbourne,Ferrari
18,21,LEC,19,0,3,3,5,0,67,41.6,23.5,0.0,0.6,70.4,1015.4,171.0,S,21,Melbourne,Ferrari
19,21,LEC,20,0,3,3,5,0,67,41.2,23.5,0.0,1.3,70.1,1015.4,156.0,S,22,Melbourne,Ferrari
20,21,LEC,21,0,3,3,5,0,67,41.2,23.5,0.0,1.3,70.1,1015.4,156.0,S,23,Melbourne,Ferrari
21,21,LEC,22,0,3,3,5,0,67,41.3,23.4,0.0,0.7,70.0,1015.4,162.0,S,24,Melbourne,Ferrari
22,21,LEC,23,0,3,3,5,0,67,41.9,23.3,0.0,1.4,70.4,1015.4,191.0,S,25,Melbourne,Ferrari
23,21,LEC,24,0,3,3,5,0,67,41.7,23.3,0.0,1.3,70.6,1015.4,179.0,S,26,Melbourne,Ferrari
24,21,LEC,25,0,3,2,5,0,68,41.7,23.3,0.0,1.4,70.7,1015.3,183.0,S,27,Melbourne,Ferrari
25,21,LEC,26,0,2,2,5,0,68,41.1,23.3,0.0,1.0,70.6,1015.3,182.0,S,28,Melbourne,Ferrari
26,21,LEC,27,0,2,2,5,0,68,41.1,23.3,0.0,0.7,70.6,1015.4,182.0,S,29,Melbourne,Ferrari
27,21,LEC,28,0,2,5,5,0,68,41.1,23.3,0.0,0.7,70.6,1015.4,182.0,S,30,Melbourne,Ferrari
28,21,LEC,29,0,5,5,5,0,68,41.3,23.3,0.0,0.9,70.8,1015.3,184.0,H,0,Melbourne,Ferrari
29,21,LEC,30,0,5,5,5,0,68,41.3,23.3,0.0,0.9,70.8,1015.3,184.0,H,1,Melbourne,Ferrari
30,21,LEC,31,1,5,5,5,0,69,40.6,23.2,0.0,1.7,71.0,1015.4,167.0,H,2,Melbourne,Ferrari
31,21,LEC,32,0,5,5,5,0,69,40.6,23.1,0.0,1.6,71.2,1015.4,0.0,H,3,Melbourne,Ferrari
32,21,LEC,33,0,5,5,5,0,69,40.2,22.9,0.0,0.9,72.1,1015.2,146.0,H,4,Melbourne,Ferrari
33,21,LEC,34,0,5,5,5,0,69,40.2,23.0,0.0,1.5,72.4,1015.3,168.0,H,5,Melbourne,Ferrari
34,21,LEC,35,0,5,5,5,0,69,40.0,23.1,0.0,1.1,71.7,1015.2,184.0,H,6,Melbourne,Ferrari
35,21,LEC,36,0,5,5,5,0,69,40.0,23.2,0.0,1.5,71.6,1015.3,194.0,H,7,Melbourne,Ferrari
36,21,LEC,37,0,5,5,5,0,69,39.6,23.1,0.0,1.9,72.1,1015.3,167.0,H,8,Melbourne,Ferrari
37,21,LEC,38,0,5,5,5,0,69,39.6,23.1,0.0,1.4,71.9,1015.2,155.0,H,9,Melbourne,Ferrari
38,21,LEC,39,0,5,5,5,0,69,39.1,23.2,0.0,1.7,71.6,1015.3,174.0,H,10,Melbourne,Ferrari
39,21,LEC,40,0,5,5,5,0,69,39.1,23.2,0.0,1.7,71.6,1015.3,174.0,H,11,Melbourne,Ferrari
40,21,LEC,41,0,5,5,5,0,68,38.6,23.3,0.0,1.2,71.5,1015.3,16.0,H,12,Melbourne,Ferrari
41,21,LEC,42,0,5,5,5,0,68,39.0,23.2,0.0,1.5,70.8,1015.3,188.0,H,13,Melbourne,Ferrari
42,21,LEC,43,0,5,5,5,0,69,38.6,23.2,0.0,1.3,71.5,1015.4,192.0,H,14,Melbourne,Ferrari
43,21,LEC,44,0,5,5,5,0,69,38.5,23.4,0.0,1.1,71.0,1015.3,226.0,H,15,Melbourne,Ferrari
44,21,LEC,45,0,5,5,5,0,69,38.5,23.3,0.0,0.9,71.0,1015.2,208.0,H,16,Melbourne,Ferrari
45,21,LEC,46,0,5,5,5,0,69,38.2,23.3,0.0,1.8,71.1,1015.2,182.0,H,17,Melbourne,Ferrari
46,21,LEC,47,0,5,5,5,0,69,38.4,23.3,0.0,1.4,71.7,1015.2,180.0,H,18,Melbourne,Ferrari
47,21,LEC,48,0,5,5,5,0,69,38.6,23.3,0.0,1.5,71.8,1015.2,284.0,H,19,Melbourne,Ferrari
48,21,LEC,49,0,5,5,5,0,69,37.7,23.4,0.0,0.7,71.1,1015.2,208.0,H,20,Melbourne,Ferrari
49,21,LEC,50,0,5,5,5,0,69,37.6,23.4,0.0,0.6,71.1,1015.3,185.0,H,21,Melbourne,Ferrari
50,21,LEC,51,0,5,5,5,0,69,37.6,23.4,0.0,0.6,71.1,1015.3,185.0,H,22,Melbourne,Ferrari
51,21,LEC,52,0,5,5,5,0,68,37.2,23.4,0.0,1.3,71.0,1015.2,0.0,H,23,Melbourne,Ferrari
52,21,LEC,53,0,5,5,5,0,68,37.7,23.3,0.0,0.8,71.3,1015.1,179.0,H,24,Melbourne,Ferrari
53,21,LEC,54,0,5,5,5,0,68,37.7,23.3,0.0,0.8,71.3,1015.1,179.0,H,25,Melbourne,Ferrari
54,21,LEC,55,0,5,5,5,0,68,37.6,23.4,0.0,0.7,70.4,1015.2,0.0,H,26,Melbourne,Ferrari
55,21,LEC,56,0,5,5,5,0,67,37.6,23.5,0.0,0.9,70.2,1015.2,170.0,H,27,Melbourne,Ferrari
56,21,LEC,57,0,5,5,5,0,67,37.3,23.6,0.0,1.1,69.6,1015.2,0.0,H,28,Melbourne,Ferrari
57,21,LEC,58,0,5,5,5,0,67,37.1,23.4,0.0,1.0,70.1,1015.2,195.0,H,29,Melbourne,Ferrari
0,21,GRO,1,1,7,7,7,0,47,44.3,23.8,0.0,1.1,69.5,1015.4,170.0,S,3,Melbourne,Haas F1 Team
1,21,GRO,2,0,7,7,7,0,47,43.5,23.6,0.0,1.2,69.7,1015.5,158.0,S,4,Melbourne,Haas F1 Team
2,21,GRO,3,0,7,7,7,0,45,43.4,23.5,0.0,1.3,70.5,1015.4,68.0,S,5,Melbourne,Haas F1 Team
3,21,GRO,4,0,7,7,7,0,42,43.4,23.7,0.0,1.8,69.1,1015.3,328.0,S,6,Melbourne,Haas F1 Team
4,21,GRO,5,0,7,7,7,0,43,43.0,23.7,0.0,1.2,69.1,1015.4,149.0,S,7,Melbourne,Haas F1 Team
5,21,GRO,6,0,7,7,7,0,44,42.9,23.4,0.0,1.4,70.8,1015.3,0.0,S,8,Melbourne,Haas F1 Team
6,21,GRO,7,0,7,7,7,0,42,42.5,23.4,0.0,1.1,70.7,1015.3,333.0,S,9,Melbourne,Haas F1 Team
7,21,GRO,8,0,7,7,7,0,42,42.0,23.6,0.0,1.1,69.8,1015.4,192.0,S,10,Melbourne,Haas F1 Team
8,21,GRO,9,0,7,6,7,0,41,41.5,23.4,0.0,1.4,70.8,1015.3,187.0,S,11,Melbourne,Haas F1 Team
9,21,GRO,10,0,6,7,7,0,41,41.9,23.3,0.0,1.7,70.5,1015.3,178.0,S,12,Melbourne,Haas F1 Team
10,21,GRO,11,0,7,7,7,0,45,41.9,23.4,0.0,1.8,69.7,1015.4,0.0,S,13,Melbourne,Haas F1 Team
11,21,GRO,12,0,7,7,7,0,47,41.6,23.5,0.0,0.7,70.2,1015.3,181.0,S,14,Melbourne,Haas F1 Team
12,21,GRO,13,0,7,7,7,0,47,41.2,23.5,0.0,1.3,70.1,1015.4,156.0,S,15,Melbourne,Haas F1 Team
13,21,GRO,14,0,7,6,7,0,48,40.6,23.2,0.0,1.7,71.0,1015.4,167.0,S,16,Melbourne,Haas F1 Team
14,21,GRO,15,0,6,14,7,0,49,40.6,23.3,0.0,1.6,70.4,1015.2,176.0,S,17,Melbourne,Haas F1 Team
15,21,GRO,16,0,14,14,7,0,49,40.6,23.1,0.0,2.4,71.0,1015.3,151.0,M,0,Melbourne,Haas F1 Team
16,21,GRO,17,0,14,14,7,0,49,40.0,22.8,0.0,1.1,72.3,1015.3,187.0,M,1,Melbourne,Haas F1 Team
17,21,GRO,18,0,14,14,7,0,50,40.2,22.9,0.0,0.9,72.1,1015.2,146.0,M,2,Melbourne,Haas F1 Team
18,21,GRO,19,0,14,14,7,0,50,40.2,23.0,0.0,1.5,72.4,1015.3,168.0,M,3,Melbourne,Haas F1 Team
19,21,GRO,20,0,14,14,7,0,50,39.6,23.1,0.0,1.9,72.1,1015.3,167.0,M,4,Melbourne,Haas F1 Team
20,21,GRO,21,0,14,14,7,0,50,39.1,23.2,0.0,1.7,71.6,1015.3,174.0,M,5,Melbourne,Haas F1 Team
21,21,GRO,22,0,14,14,7,0,50,39.1,23.2,0.0,1.7,71.6,1015.3,174.0,M,6,Melbourne,Haas F1 Team
22,21,GRO,23,0,14,14,7,0,50,38.8,23.1,0.0,1.0,71.6,1015.4,189.0,M,7,Melbourne,Haas F1 Team
23,21,GRO,24,0,14,14,7,0,50,38.9,23.2,0.0,1.2,71.3,1015.2,190.0,M,8,Melbourne,Haas F1 Team
24,21,GRO,25,0,14,14,7,0,50,38.6,23.3,0.0,1.6,71.4,1015.3,147.0,M,9,Melbourne,Haas F1 Team
25,21,GRO,26,0,14,13,7,0,50,38.5,23.3,0.0,0.9,71.0,1015.2,208.0,M,10,Melbourne,Haas F1 Team
26,21,GRO,27,0,13,13,7,0,50,38.2,23.3,0.0,1.2,71.7,1015.2,139.0,M,11,Melbourne,Haas F1 Team
27,21,GRO,28,0,13,13,7,0,51,37.7,23.4,0.0,0.7,71.1,1015.2,208.0,M,12,Melbourne,Haas F1 Team
28,21,GRO,29,0,13,13,7,1,51,37.2,23.4,0.0,1.3,71.0,1015.2,0.0,M,13,Melbourne,Haas F1 Team
0,21,MAG,1,1,6,6,6,0,41,43.3,23.6,0.0,1.3,70.1,1015.3,191.0,S,3,Melbourne,Haas F1 Team
1,21,MAG,2,0,6,6,6,0,41,43.4,23.6,0.0,0.8,70.3,1015.4,194.0,S,4,Melbourne,Haas F1 Team
2,21,MAG,3,0,6,6,6,0,44,43.4,23.7,0.0,1.8,69.1,1015.3,328.0,S,5,Melbourne,Haas F1 Team
3,21,MAG,4,0,6,6,6,0,41,43.0,23.7,0.0,1.2,69.1,1015.4,149.0,S,6,Melbourne,Haas F1 Team
4,21,MAG,5,0,6,6,6,0,42,43.0,23.6,0.0,1.6,69.4,1015.3,184.0,S,7,Melbourne,Haas F1 Team
5,21,MAG,6,0,6,6,6,0,40,42.9,23.4,0.0,1.4,70.8,1015.3,0.0,S,8,Melbourne,Haas F1 Team
6,21,MAG,7,0,6,6,6,0,38,42.5,23.4,0.0,1.0,70.8,1015.3,193.0,S,9,Melbourne,Haas F1 Team
7,21,MAG,8,0,6,6,6,0,37,42.5,23.4,0.0,1.1,70.7,1015.3,333.0,S,10,Melbourne,Haas F1 Team
8,21,MAG,9,0,6,5,6,0,36,42.8,23.5,0.0,1.7,70.0,1015.3,152.0,S,11,Melbourne,Haas F1 Team
9,21,MAG,10,0,5,6,6,0,36,42.3,23.5,0.0,0.9,70.2,1015.4,184.0,S,12,Melbourne,Haas F1 Team
10,21,MAG,11,0,6,6,6,0,40,42.0,23.6,0.0,1.1,69.8,1015.4,192.0,S,13,Melbourne,Haas F1 Team
11,21,MAG,12,0,6,6,6,0,41,41.5,23.4,0.0,1.4,70.8,1015.3,187.0,S,14,Melbourne,Haas F1 Team
12,21,MAG,13,0,6,6,6,0,42,41.9,23.3,0.0,1.7,70.5,1015.3,178.0,S,15,Melbourne,Haas F1 Team
13,21,MAG,14,0,6,11,6,0,42,41.9,23.4,0.0,1.8,69.7,1015.4,0.0,S,16,Melbourne,Haas F1 Team
14,21,MAG,15,0,11,10,6,0,41,41.5,23.4,0.0,1.2,69.9,1015.4,200.0,M,0,Melbourne,Haas F1 Team
15,21,MAG,16,0,10,10,6,0,42,41.5,23.4,0.0,1.5,70.5,1015.3,0.0,M,1,Melbourne,Haas F1 Team
16,21,MAG,17,0,10,10,6,0,42,41.6,23.5,0.0,0.6,70.4,1015.4,171.0,M,2,Melbourne,Haas F1 Team
17,21,MAG,18,0,10,9,6,0,42,41.2,23.5,0.0,1.3,70.1,1015.4,156.0,M,3,Melbourne,Haas F1 Team
18,21,MAG,19,0,9,9,6,0,43,41.3,23.4,0.0,0.7,70.0,1015.4,162.0,M,4,Melbourne,Haas F1 Team
19,21,MAG,20,0,9,9,6,0,43,41.3,23.4,0.0,0.7,70.0,1015.4,162.0,M,5,Melbourne,Haas F1 Team
20,21,MAG,21,0,9,9,6,0,43,41.9,23.3,0.0,1.4,70.4,1015.4,191.0,M,6,Melbourne,Haas F1 Team
21,21,MAG,22,0,9,9,6,0,44,41.7,23.3,0.0,1.3,70.6,1015.4,179.0,M,7,Melbourne,Haas F1 Team
22,21,MAG,23,0,9,9,6,0,45,41.1,23.3,0.0,0.7,70.6,1015.4,182.0,M,8,Melbourne,Haas F1 Team
23,21,MAG,24,0,9,9,6,0,45,41.3,23.3,0.0,0.9,70.8,1015.3,184.0,M,9,Melbourne,Haas F1 Team
24,21,MAG,25,0,9,9,6,0,45,40.4,23.3,0.0,1.6,70.7,1015.4,186.0,M,10,Melbourne,Haas F1 Team
25,21,MAG,26,0,9,8,6,0,45,40.6,23.1,0.0,1.6,71.2,1015.4,0.0,M,11,Melbourne,Haas F1 Team
26,21,MAG,27,0,8,7,6,0,46,40.6,23.3,0.0,1.6,70.4,1015.2,176.0,M,12,Melbourne,Haas F1 Team
27,21,MAG,28,0,7,7,6,0,45,40.0,22.8,0.0,1.1,72.3,1015.3,187.0,M,13,Melbourne,Haas F1 Team
28,21,MAG,29,0,7,7,6,0,45,40.2,22.9,0.0,0.9,72.1,1015.2,146.0,M,14,Melbourne,Haas F1 Team
29,21,MAG,30,0,7,7,6,0,45,40.2,23.0,0.0,1.5,72.4,1015.3,168.0,M,15,Melbourne,Haas F1 Team
30,21,MAG,31,1,7,7,6,0,46,40.3,23.1,0.0,1.6,71.4,1015.3,191.0,M,16,Melbourne,Haas F1 Team
31,21,MAG,32,0,7,7,6,0,46,40.0,23.1,0.0,1.1,71.7,1015.2,184.0,M,17,Melbourne,Haas F1 Team
32,21,MAG,33,0,7,7,6,0,46,40.0,23.2,0.0,1.5,71.6,1015.3,194.0,M,18,Melbourne,Haas F1 Team
33,21,MAG,34,0,7,7,6,0,46,39.6,23.1,0.0,1.9,72.1,1015.3,167.0,M,19,Melbourne,Haas F1 Team
34,21,MAG,35,0,7,7,6,0,46,39.6,23.1,0.0,1.4,71.9,1015.2,155.0,M,20,Melbourne,Haas F1 Team
35,21,MAG,36,0,7,7,6,0,46,39.4,23.2,0.0,1.1,71.5,1015.3,182.0,M,21,Melbourne,Haas F1 Team
36,21,MAG,37,0,7,6,6,0,46,39.1,23.2,0.0,1.7,71.6,1015.3,174.0,M,22,Melbourne,Haas F1 Team
37,21,MAG,38,0,6,6,6,0,46,38.6,23.3,0.0,1.2,71.5,1015.3,16.0,M,23,Melbourne,Haas F1 Team
38,21,MAG,39,0,6,6,6,0,46,38.8,23.3,0.0,1.5,70.8,1015.3,165.0,M,24,Melbourne,Haas F1 Team
39,21,MAG,40,0,6,6,6,0,46,38.8,23.3,0.0,1.5,70.8,1015.3,165.0,M,25,Melbourne,Haas F1 Team
40,21,MAG,41,0,6,6,6,0,46,38.9,23.2,0.0,1.2,71.3,1015.2,190.0,M,26,Melbourne,Haas F1 Team
41,21,MAG,42,0,6,6,6,0,46,38.6,23.2,0.0,1.3,71.5,1015.4,192.0,M,27,Melbourne,Haas F1 Team
42,21,MAG,43,0,6,6,6,0,46,38.6,23.3,0.0,1.6,71.4,1015.3,147.0,M,28,Melbourne,Haas F1 Team
43,21,MAG,44,0,6,6,6,0,46,38.5,23.3,0.0,0.9,71.0,1015.2,208.0,M,29,Melbourne,Haas F1 Team
44,21,MAG,45,0,6,6,6,0,46,38.2,23.3,0.0,1.6,71.0,1015.3,178.0,M,30,Melbourne,Haas F1 Team
45,21,MAG,46,0,6,6,6,0,46,38.2,23.3,0.0,1.8,71.1,1015.2,182.0,M,31,Melbourne,Haas F1 Team
46,21,MAG,47,0,6,6,6,0,46,38.6,23.3,0.0,1.5,71.8,1015.2,284.0,M,32,Melbourne,Haas F1 Team
47,21,MAG,48,0,6,6,6,0,47,38.2,23.3,0.0,1.2,71.7,1015.2,139.0,M,33,Melbourne,Haas F1 Team
48,21,MAG,49,0,6,6,6,0,47,37.6,23.4,0.0,1.2,70.6,1015.2,0.0,M,34,Melbourne,Haas F1 Team
49,21,MAG,50,0,6,6,6,0,47,37.2,23.4,0.0,1.3,71.0,1015.2,0.0,M,35,Melbourne,Haas F1 Team
50,21,MAG,51,0,6,6,6,0,47,37.7,23.3,0.0,0.8,71.3,1015.1,179.0,M,36,Melbourne,Haas F1 Team
51,21,MAG,52,0,6,6,6,0,48,37.7,23.3,0.0,0.8,71.3,1015.1,179.0,M,37,Melbourne,Haas F1 Team
52,21,MAG,53,0,6,6,6,0,48,37.6,23.4,0.0,0.7,70.4,1015.2,0.0,M,38,Melbourne,Haas F1 Team
53,21,MAG,54,0,6,6,6,0,48,37.6,23.4,0.0,0.7,70.4,1015.2,0.0,M,39,Melbourne,Haas F1 Team
54,21,MAG,55,0,6,6,6,0,48,37.6,23.5,0.0,0.9,70.2,1015.2,170.0,M,40,Melbourne,Haas F1 Team
55,21,MAG,56,0,6,6,6,0,48,37.6,23.5,0.0,0.9,70.2,1015.2,170.0,M,41,Melbourne,Haas F1 Team
56,21,MAG,57,0,6,6,6,0,48,37.3,23.6,0.0,1.1,69.6,1015.2,0.0,M,42,Melbourne,Haas F1 Team
57,21,MAG,58,0,6,6,6,0,48,37.3,23.5,0.0,1.5,69.7,1015.1,188.0,M,43,Melbourne,Haas F1 Team
0,21,NOR,1,1,10,10,10,0,45,44.3,23.8,0.0,1.1,69.5,1015.4,170.0,S,3,Melbourne,McLaren
1,21,NOR,2,0,10,10,10,0,52,43.5,23.6,0.0,1.2,69.7,1015.5,158.0,S,4,Melbourne,McLaren
2,21,NOR,3,0,10,10,10,0,54,43.4,23.5,0.0,1.3,70.5,1015.4,68.0,S,5,Melbourne,McLaren
3,21,NOR,4,0,10,10,10,0,50,43.4,23.6,0.0,0.8,70.3,1015.4,194.0,S,6,Melbourne,McLaren
4,21,NOR,5,0,10,10,10,0,49,42.9,23.4,0.0,1.4,70.8,1015.3,0.0,S,7,Melbourne,McLaren
5,21,NOR,6,0,10,10,10,0,48,42.5,23.4,0.0,1.1,70.7,1015.3,333.0,S,8,Melbourne,McLaren
6,21,NOR,7,0,10,10,10,0,47,42.8,23.5,0.0,1.7,70.0,1015.3,152.0,S,9,Melbourne,McLaren
7,21,NOR,8,0,10,10,10,0,47,42.8,23.5,0.0,0.9,69.7,1015.4,198.0,S,10,Melbourne,McLaren
8,21,NOR,9,0,10,9,10,0,46,42.3,23.5,0.0,1.2,70.3,1015.4,98.0,S,11,Melbourne,McLaren
9,21,NOR,10,0,9,10,10,0,46,42.3,23.5,0.0,0.9,70.2,1015.4,184.0,S,12,Melbourne,McLaren
10,21,NOR,11,0,10,10,10,0,50,42.0,23.6,0.0,1.1,69.8,1015.4,192.0,S,13,Melbourne,McLaren
11,21,NOR,12,0,10,9,10,0,51,41.6,23.5,0.0,1.5,70.5,1015.3,175.0,S,14,Melbourne,McLaren
12,21,NOR,13,0,9,8,10,0,52,41.9,23.4,0.0,1.8,69.7,1015.4,0.0,S,15,Melbourne,McLaren
13,21,NOR,14,0,8,7,10,0,52,41.5,23.4,0.0,1.5,70.5,1015.3,0.0,S,16,Melbourne,McLaren
14,21,NOR,15,0,7,12,10,0,52,41.6,23.5,0.0,0.7,70.2,1015.3,181.0,S,17,Melbourne,McLaren
15,21,NOR,16,0,12,13,10,0,52,41.6,23.5,0.0,0.6,70.4,1015.4,171.0,H,0,Melbourne,McLaren
16,21,NOR,17,0,13,13,10,0,52,41.2,23.5,0.0,1.3,70.1,1015.4,156.0,H,1,Melbourne,McLaren
17,21,NOR,18,0,13,13,10,0,53,41.3,23.4,0.0,0.7,70.0,1015.4,162.0,H,2,Melbourne,McLaren
18,21,NOR,19,0,13,13,10,0,53,41.3,23.4,0.0,0.7,70.0,1015.4,162.0,H,3,Melbourne,McLaren
19,21,NOR,20,0,13,13,10,0,53,41.7,23.3,0.0,1.4,70.7,1015.3,183.0,H,4,Melbourne,McLaren
20,21,NOR,21,0,13,13,10,0,53,41.1,23.3,0.0,0.7,70.6,1015.4,182.0,H,5,Melbourne,McLaren
21,21,NOR,22,0,13,13,10,0,53,41.1,23.3,0.0,0.7,70.6,1015.4,182.0,H,6,Melbourne,McLaren
22,21,NOR,23,0,13,13,10,0,53,41.1,23.3,0.0,0.7,70.6,1015.4,182.0,H,7,Melbourne,McLaren
23,21,NOR,24,0,13,13,10,0,53,40.4,23.3,0.0,1.6,70.7,1015.4,186.0,H,8,Melbourne,McLaren
24,21,NOR,25,0,13,13,10,0,53,40.6,23.2,0.0,1.7,71.0,1015.4,167.0,H,9,Melbourne,McLaren
25,21,NOR,26,0,13,12,10,0,52,40.6,23.1,0.0,1.6,71.2,1015.4,0.0,H,10,Melbourne,McLaren
26,21,NOR,27,0,12,12,10,0,53,40.6,23.3,0.0,1.6,70.4,1015.2,176.0,H,11,Melbourne,McLaren
27,21,NOR,28,0,12,12,10,0,53,40.6,23.3,0.0,1.8,70.7,1015.3,186.0,H,12,Melbourne,McLaren
28,21,NOR,29,0,12,12,10,0,53,40.6,23.1,0.0,2.4,71.0,1015.3,151.0,H,13,Melbourne,McLaren
29,21,NOR,30,0,12,12,10,0,53,40.0,22.8,0.0,1.1,72.3,1015.3,187.0,H,14,Melbourne,McLaren
30,21,NOR,31,1,12,12,10,0,54,40.2,22.9,0.0,0.9,72.1,1015.2,146.0,H,15,Melbourne,McLaren
31,21,NOR,32,0,12,12,10,0,54,40.2,23.0,0.0,1.5,72.4,1015.3,168.0,H,16,Melbourne,McLaren
32,21,NOR,33,0,12,12,10,0,54,40.3,23.1,0.0,1.6,71.4,1015.3,191.0,H,17,Melbourne,McLaren
33,21,NOR,34,0,12,12,10,0,54,40.0,23.2,0.0,1.5,71.6,1015.3,194.0,H,18,Melbourne,McLaren
34,21,NOR,35,0,12,12,10,0,55,39.6,23.1,0.0,1.9,72.1,1015.3,167.0,H,19,Melbourne,McLaren
35,21,NOR,36,0,12,12,10,0,55,39.4,23.2,0.0,1.1,71.5,1015.3,182.0,H,20,Melbourne,McLaren
36,21,NOR,37,0,12,12,10,0,55,39.1,23.2,0.0,1.7,71.6,1015.3,174.0,H,21,Melbourne,McLaren
37,21,NOR,38,0,12,12,10,0,56,38.6,23.3,0.0,1.2,71.5,1015.3,16.0,H,22,Melbourne,McLaren
38,21,NOR,39,0,12,12,10,0,56,38.8,23.3,0.0,1.5,70.8,1015.3,165.0,H,23,Melbourne,McLaren
39,21,NOR,40,0,12,12,10,0,56,39.0,23.2,0.0,1.5,70.8,1015.3,188.0,H,24,Melbourne,McLaren
40,21,NOR,41,0,12,12,10,0,56,38.9,23.2,0.0,1.2,71.3,1015.2,190.0,H,25,Melbourne,McLaren
41,21,NOR,42,0,12,12,10,0,56,38.6,23.3,0.0,1.6,71.4,1015.3,147.0,H,26,Melbourne,McLaren
42,21,NOR,43,0,12,12,10,0,56,38.5,23.4,0.0,1.1,71.0,1015.3,226.0,H,27,Melbourne,McLaren
43,21,NOR,44,0,12,12,10,0,56,38.2,23.3,0.0,1.6,71.0,1015.3,178.0,H,28,Melbourne,McLaren
44,21,NOR,45,0,12,12,10,0,56,38.2,23.3,0.0,1.8,71.1,1015.2,182.0,H,29,Melbourne,McLaren
45,21,NOR,46,0,12,12,10,0,56,38.4,23.3,0.0,1.4,71.7,1015.2,180.0,H,30,Melbourne,McLaren
46,21,NOR,47,0,12,12,10,0,57,38.6,23.3,0.0,1.5,71.8,1015.2,284.0,H,31,Melbourne,McLaren
47,21,NOR,48,0,12,12,10,0,57,38.2,23.3,0.0,1.2,71.7,1015.2,139.0,H,32,Melbourne,McLaren
48,21,NOR,49,0,12,12,10,0,57,37.7,23.4,0.0,0.7,71.1,1015.2,208.0,H,33,Melbourne,McLaren
49,21,NOR,50,0,12,12,10,0,57,37.6,23.4,0.0,0.6,71.1,1015.3,185.0,H,34,Melbourne,McLaren
50,21,NOR,51,0,12,12,10,0,58,37.2,23.4,0.0,1.3,71.0,1015.2,0.0,H,35,Melbourne,McLaren
51,21,NOR,52,0,12,12,10,0,58,37.2,23.4,0.0,1.3,71.0,1015.2,0.0,H,36,Melbourne,McLaren
52,21,NOR,53,0,12,12,10,0,58,37.7,23.3,0.0,0.8,71.3,1015.1,179.0,H,37,Melbourne,McLaren
53,21,NOR,54,0,12,12,10,0,58,37.6,23.4,0.0,0.7,70.4,1015.2,0.0,H,38,Melbourne,McLaren
54,21,NOR,55,0,12,12,10,0,58,37.6,23.5,0.0,0.9,70.2,1015.2,170.0,H,39,Melbourne,McLaren
55,21,NOR,56,0,12,12,10,0,58,37.6,23.5,0.0,0.9,70.2,1015.2,170.0,H,40,Melbourne,McLaren
56,21,NOR,57,0,12,12,10,0,58,37.3,23.5,0.0,1.5,69.7,1015.1,188.0,H,41,Melbourne,McLaren
0,21,RAI,1,1,9,9,9,0,47,44.3,23.8,0.0,1.1,69.5,1015.4,170.0,S,3,Melbourne,Alfa Romeo Racing
1,21,RAI,2,0,9,9,9,0,51,43.5,23.6,0.0,1.2,69.7,1015.5,158.0,S,4,Melbourne,Alfa Romeo Racing
2,21,RAI,3,0,9,9,9,0,50,43.4,23.5,0.0,1.3,70.5,1015.4,68.0,S,5,Melbourne,Alfa Romeo Racing
3,21,RAI,4,0,9,9,9,0,43,43.4,23.6,0.0,0.8,70.3,1015.4,194.0,S,6,Melbourne,Alfa Romeo Racing
4,21,RAI,5,0,9,9,9,0,40,43.0,23.7,0.0,1.2,69.1,1015.4,149.0,S,7,Melbourne,Alfa Romeo Racing
5,21,RAI,6,0,9,9,9,0,37,43.0,23.6,0.0,1.6,69.4,1015.3,184.0,S,8,Melbourne,Alfa Romeo Racing
6,21,RAI,7,0,9,9,9,0,35,42.9,23.4,0.0,1.4,70.8,1015.3,0.0,S,9,Melbourne,Alfa Romeo Racing
7,21,RAI,8,0,9,9,9,0,34,42.5,23.4,0.0,1.0,70.8,1015.3,193.0,S,10,Melbourne,Alfa Romeo Racing
8,21,RAI,9,0,9,8,9,0,34,42.5,23.4,0.0,1.1,70.7,1015.3,333.0,S,11,Melbourne,Alfa Romeo Racing
9,21,RAI,10,0,8,9,9,0,34,42.8,23.5,0.0,1.7,70.0,1015.3,152.0,S,12,Melbourne,Alfa Romeo Racing
10,21,RAI,11,0,9,9,9,0,38,42.3,23.5,0.0,1.2,70.3,1015.4,98.0,S,13,Melbourne,Alfa Romeo Racing
11,21,RAI,12,0,9,16,9,0,39,42.3,23.5,0.0,0.9,70.2,1015.4,184.0,S,14,Melbourne,Alfa Romeo Racing
12,21,RAI,13,0,16,15,9,0,40,42.0,23.6,0.0,1.1,69.8,1015.4,192.0,M,0,Melbourne,Alfa Romeo Racing
13,21,RAI,14,0,15,14,9,0,41,41.6,23.5,0.0,1.5,70.5,1015.3,175.0,M,1,Melbourne,Alfa Romeo Racing
14,21,RAI,15,0,14,13,9,0,42,41.5,23.4,0.0,1.4,70.8,1015.3,187.0,M,2,Melbourne,Alfa Romeo Racing
15,21,RAI,16,0,13,12,9,0,42,41.9,23.4,0.0,1.8,69.7,1015.4,0.0,M,3,Melbourne,Alfa Romeo Racing
16,21,RAI,17,0,12,12,9,0,42,41.5,23.4,0.0,1.2,69.9,1015.4,200.0,M,4,Melbourne,Alfa Romeo Racing
17,21,RAI,18,0,12,12,9,0,43,41.5,23.4,0.0,1.5,70.5,1015.3,0.0,M,5,Melbourne,Alfa Romeo Racing
18,21,RAI,19,0,12,11,9,0,43,41.6,23.5,0.0,0.7,70.2,1015.3,181.0,M,6,Melbourne,Alfa Romeo Racing
19,21,RAI,20,0,11,11,9,0,43,41.6,23.5,0.0,0.6,70.4,1015.4,171.0,M,7,Melbourne,Alfa Romeo Racing
20,21,RAI,21,0,11,11,9,0,43,41.2,23.5,0.0,1.3,70.1,1015.4,156.0,M,8,Melbourne,Alfa Romeo Racing
21,21,RAI,22,0,11,11,9,0,43,41.2,23.5,0.0,1.3,70.1,1015.4,156.0,M,9,Melbourne,Alfa Romeo Racing
22,21,RAI,23,0,11,11,9,0,44,41.3,23.4,0.0,0.7,70.0,1015.4,162.0,M,10,Melbourne,Alfa Romeo Racing
23,21,RAI,24,0,11,11,9,0,44,41.9,23.3,0.0,1.4,70.4,1015.4,191.0,M,11,Melbourne,Alfa Romeo Racing
24,21,RAI,25,0,11,11,9,0,44,41.1,23.3,0.0,0.7,70.6,1015.4,182.0,M,12,Melbourne,Alfa Romeo Racing
25,21,RAI,26,0,11,10,9,0,44,41.1,23.3,0.0,0.7,70.6,1015.4,182.0,M,13,Melbourne,Alfa Romeo Racing
26,21,RAI,27,0,10,9,9,0,45,41.1,23.3,0.0,0.7,70.6,1015.4,182.0,M,14,Melbourne,Alfa Romeo Racing
27,21,RAI,28,0,9,9,9,0,45,41.3,23.3,0.0,0.9,70.8,1015.3,184.0,M,15,Melbourne,Alfa Romeo Racing
28,21,RAI,29,0,9,9,9,0,45,41.3,23.3,0.0,0.9,70.8,1015.3,184.0,M,16,Melbourne,Alfa Romeo Racing
29,21,RAI,30,0,9,9,9,0,45,40.4,23.3,0.0,1.6,70.7,1015.4,186.0,M,17,Melbourne,Alfa Romeo Racing
30,21,RAI,31,1,9,9,9,0,45,40.6,23.2,0.0,1.7,71.0,1015.4,167.0,M,18,Melbourne,Alfa Romeo Racing
31,21,RAI,32,0,9,9,9,0,45,40.6,23.1,0.0,1.6,71.2,1015.4,0.0,M,19,Melbourne,Alfa Romeo Racing
32,21,RAI,33,0,9,9,9,0,45,40.6,23.1,0.0,1.6,71.2,1015.4,0.0,M,20,Melbourne,Alfa Romeo Racing
33,21,RAI,34,0,9,9,9,0,46,40.6,23.3,0.0,1.6,70.4,1015.2,176.0,M,21,Melbourne,Alfa Romeo Racing
34,21,RAI,35,0,9,9,9,0,46,40.0,22.8,0.0,1.1,72.3,1015.3,187.0,M,22,Melbourne,Alfa Romeo Racing
35,21,RAI,36,0,9,9,9,0,46,40.2,22.9,0.0,0.9,72.1,1015.2,146.0,M,23,Melbourne,Alfa Romeo Racing
36,21,RAI,37,0,9,8,9,0,46,40.2,23.0,0.0,1.5,72.4,1015.3,168.0,M,24,Melbourne,Alfa Romeo Racing
37,21,RAI,38,0,8,8,9,0,46,40.0,23.1,0.0,1.1,71.7,1015.2,184.0,M,25,Melbourne,Alfa Romeo Racing
38,21,RAI,39,0,8,8,9,0,46,39.6,23.1,0.0,1.4,71.9,1015.2,155.0,M,26,Melbourne,Alfa Romeo Racing
39,21,RAI,40,0,8,8,9,0,46,39.1,23.2,0.0,1.7,71.6,1015.3,174.0,M,27,Melbourne,Alfa Romeo Racing
40,21,RAI,41,0,8,8,9,0,46,38.8,23.1,0.0,1.0,71.6,1015.4,189.0,M,28,Melbourne,Alfa Romeo Racing
41,21,RAI,42,0,8,8,9,0,46,38.6,23.3,0.0,1.2,71.5,1015.3,16.0,M,29,Melbourne,Alfa Romeo Racing
42,21,RAI,43,0,8,8,9,0,46,39.0,23.2,0.0,1.5,70.8,1015.3,188.0,M,30,Melbourne,Alfa Romeo Racing
43,21,RAI,44,0,8,8,9,0,47,38.9,23.2,0.0,1.2,71.3,1015.2,190.0,M,31,Melbourne,Alfa Romeo Racing
44,21,RAI,45,0,8,8,9,0,47,38.6,23.3,0.0,1.6,71.4,1015.3,147.0,M,32,Melbourne,Alfa Romeo Racing
45,21,RAI,46,0,8,8,9,0,47,38.5,23.4,0.0,1.1,71.0,1015.3,226.0,M,33,Melbourne,Alfa Romeo Racing
46,21,RAI,47,0,8,8,9,0,47,38.2,23.3,0.0,1.8,71.1,1015.2,182.0,M,34,Melbourne,Alfa Romeo Racing
47,21,RAI,48,0,8,8,9,0,48,38.4,23.3,0.0,1.4,71.7,1015.2,180.0,M,35,Melbourne,Alfa Romeo Racing
48,21,RAI,49,0,8,8,9,0,48,37.6,23.4,0.0,1.2,70.6,1015.2,0.0,M,36,Melbourne,Alfa Romeo Racing
49,21,RAI,50,0,8,8,9,0,48,37.6,23.4,0.0,0.6,71.1,1015.3,185.0,M,37,Melbourne,Alfa Romeo Racing
50,21,RAI,51,0,8,8,9,0,48,37.6,23.4,0.0,0.6,71.1,1015.3,185.0,M,38,Melbourne,Alfa Romeo Racing
51,21,RAI,52,0,8,8,9,0,49,37.2,23.4,0.0,1.3,71.0,1015.2,0.0,M,39,Melbourne,Alfa Romeo Racing
52,21,RAI,53,0,8,8,9,0,49,37.2,23.4,0.0,1.3,71.0,1015.2,0.0,M,40,Melbourne,Alfa Romeo Racing
53,21,RAI,54,0,8,8,9,0,49,37.7,23.3,0.0,0.8,71.3,1015.1,179.0,M,41,Melbourne,Alfa Romeo Racing
54,21,RAI,55,0,8,8,9,0,49,37.6,23.5,0.0,0.9,70.2,1015.2,170.0,M,42,Melbourne,Alfa Romeo Racing
55,21,RAI,56,0,8,8,9,0,49,37.3,23.6,0.0,1.1,69.6,1015.2,0.0,M,43,Melbourne,Alfa Romeo Racing
56,21,RAI,57,0,8,8,9,0,49,37.1,23.4,0.0,1.0,70.1,1015.2,195.0,M,44,Melbourne,Alfa Romeo Racing
0,21,PER,1,1,12,12,12,0,45,44.3,23.8,0.0,1.1,69.5,1015.4,170.0,S,3,Melbourne,Racing Point
1,21,PER,2,0,12,12,12,0,39,43.3,23.6,0.0,1.3,70.1,1015.3,191.0,S,4,Melbourne,Racing Point
2,21,PER,3,0,12,12,12,0,40,43.4,23.6,0.0,0.8,70.3,1015.4,194.0,S,5,Melbourne,Racing Point
3,21,PER,4,0,12,12,12,0,36,43.0,23.7,0.0,1.2,69.1,1015.4,149.0,S,6,Melbourne,Racing Point
4,21,PER,5,0,12,12,12,0,35,42.9,23.4,0.0,1.4,70.8,1015.3,0.0,S,7,Melbourne,Racing Point
5,21,PER,6,0,12,12,12,0,35,42.5,23.4,0.0,1.1,70.7,1015.3,333.0,S,8,Melbourne,Racing Point
6,21,PER,7,0,12,12,12,0,34,42.8,23.5,0.0,1.7,70.0,1015.3,152.0,S,9,Melbourne,Racing Point
7,21,PER,8,0,12,12,12,0,34,42.8,23.5,0.0,0.9,69.7,1015.4,198.0,S,10,Melbourne,Racing Point
8,21,PER,9,0,12,11,12,0,34,42.3,23.5,0.0,0.9,70.2,1015.4,184.0,S,11,Melbourne,Racing Point
9,21,PER,10,0,11,12,12,0,35,42.0,23.6,0.0,1.1,69.8,1015.4,192.0,S,12,Melbourne,Racing Point
10,21,PER,11,0,12,12,12,0,40,41.6,23.5,0.0,1.5,70.5,1015.3,175.0,S,13,Melbourne,Racing Point
11,21,PER,12,0,12,11,12,0,42,41.5,23.4,0.0,1.4,70.8,1015.3,187.0,S,14,Melbourne,Racing Point
12,21,PER,13,0,11,16,12,0,43,41.5,23.4,0.0,1.2,69.9,1015.4,200.0,S,15,Melbourne,Racing Point
13,21,PER,14,0,16,17,12,0,43,41.5,23.4,0.0,1.5,70.5,1015.3,0.0,H,0,Melbourne,Racing Point
14,21,PER,15,0,17,16,12,0,44,41.6,23.5,0.0,0.6,70.4,1015.4,171.0,H,1,Melbourne,Racing Point
15,21,PER,16,0,16,16,12,0,45,41.2,23.5,0.0,1.3,70.1,1015.4,156.0,H,2,Melbourne,Racing Point
16,21,PER,17,0,16,16,12,0,45,41.3,23.4,0.0,0.7,70.0,1015.4,162.0,H,3,Melbourne,Racing Point
17,21,PER,18,0,16,16,12,0,45,41.3,23.4,0.0,0.7,70.0,1015.4,162.0,H,4,Melbourne,Racing Point
18,21,PER,19,0,16,16,12,0,46,41.9,23.3,0.0,1.4,70.4,1015.4,191.0,H,5,Melbourne,Racing Point
19,21,PER,20,0,16,16,12,0,46,41.7,23.3,0.0,1.3,70.6,1015.4,179.0,H,6,Melbourne,Racing Point
20,21,PER,21,0,16,16,12,0,46,41.7,23.3,0.0,1.4,70.7,1015.3,183.0,H,7,Melbourne,Racing Point
21,21,PER,22,0,16,16,12,0,47,41.1,23.3,0.0,1.0,70.6,1015.3,182.0,H,8,Melbourne,Racing Point
22,21,PER,23,0,16,16,12,0,47,41.1,23.3,0.0,0.7,70.6,1015.4,182.0,H,9,Melbourne,Racing Point
23,21,PER,24,0,16,16,12,0,47,41.1,23.3,0.0,0.7,70.6,1015.4,182.0,H,10,Melbourne,Racing Point
24,21,PER,25,0,16,16,12,0,47,41.3,23.3,0.0,0.9,70.8,1015.3,184.0,H,11,Melbourne,Racing Point
25,21,PER,26,0,16,15,12,0,46,41.3,23.3,0.0,0.9,70.8,1015.3,184.0,H,12,Melbourne,Racing Point
26,21,PER,27,0,15,14,12,0,46,40.4,23.3,0.0,1.6,70.7,1015.4,186.0,H,13,Melbourne,Racing Point
27,21,PER,28,0,14,14,12,0,47,40.6,23.1,0.0,1.6,71.2,1015.4,0.0,H,14,Melbourne,Racing Point
28,21,PER,29,0,14,14,12,0,47,40.6,23.3,0.0,1.8,70.7,1015.3,186.0,H,15,Melbourne,Racing Point
29,21,PER,30,0,14,13,12,0,47,40.0,22.8,0.0,1.1,72.3,1015.3,187.0,H,16,Melbourne,Racing Point
30,21,PER,31,1,13,13,12,0,47,40.2,22.9,0.0,0.9,72.1,1015.2,146.0,H,17,Melbourne,Racing Point
31,21,PER,32,0,13,13,12,0,47,40.2,22.9,0.0,0.9,72.1,1015.2,146.0,H,18,Melbourne,Racing Point
32,21,PER,33,0,13,13,12,0,48,40.2,23.0,0.0,1.5,72.4,1015.3,168.0,H,19,Melbourne,Racing Point
33,21,PER,34,0,13,13,12,0,48,40.0,23.1,0.0,1.1,71.7,1015.2,184.0,H,20,Melbourne,Racing Point
34,21,PER,35,0,13,13,12,0,48,40.0,23.2,0.0,1.5,71.6,1015.3,194.0,H,21,Melbourne,Racing Point
35,21,PER,36,0,13,13,12,0,49,39.6,23.1,0.0,1.4,71.9,1015.2,155.0,H,22,Melbourne,Racing Point
36,21,PER,37,0,13,13,12,0,49,39.4,23.2,0.0,1.1,71.5,1015.3,182.0,H,23,Melbourne,Racing Point
37,21,PER,38,0,13,13,12,0,49,39.1,23.2,0.0,1.7,71.6,1015.3,174.0,H,24,Melbourne,Racing Point
38,21,PER,39,0,13,13,12,0,49,38.8,23.1,0.0,1.0,71.6,1015.4,189.0,H,25,Melbourne,Racing Point
39,21,PER,40,0,13,13,12,0,49,38.6,23.3,0.0,1.2,71.5,1015.3,16.0,H,26,Melbourne,Racing Point
40,21,PER,41,0,13,13,12,0,49,38.8,23.3,0.0,1.5,70.8,1015.3,165.0,H,27,Melbourne,Racing Point
41,21,PER,42,0,13,13,12,0,49,39.0,23.2,0.0,1.5,70.8,1015.3,188.0,H,28,Melbourne,Racing Point
42,21,PER,43,0,13,13,12,0,49,38.6,23.2,0.0,1.3,71.5,1015.4,192.0,H,29,Melbourne,Racing Point
43,21,PER,44,0,13,13,12,0,50,38.6,23.3,0.0,1.6,71.4,1015.3,147.0,H,30,Melbourne,Racing Point
44,21,PER,45,0,13,13,12,0,50,38.5,23.3,0.0,0.9,71.0,1015.2,208.0,H,31,Melbourne,Racing Point
45,21,PER,46,0,13,13,12,0,50,38.2,23.3,0.0,1.6,71.0,1015.3,178.0,H,32,Melbourne,Racing Point
46,21,PER,47,0,13,13,12,0,51,38.2,23.3,0.0,1.8,71.1,1015.2,182.0,H,33,Melbourne,Racing Point
47,21,PER,48,0,13,13,12,0,51,38.2,23.3,0.0,1.2,71.7,1015.2,139.0,H,34,Melbourne,Racing Point
48,21,PER,49,0,13,13,12,0,51,38.2,23.3,0.0,1.2,71.7,1015.2,139.0,H,35,Melbourne,Racing Point
49,21,PER,50,0,13,13,12,0,52,37.6,23.4,0.0,1.2,70.6,1015.2,0.0,H,36,Melbourne,Racing Point
50,21,PER,51,0,13,13,12,0,52,37.6,23.4,0.0,0.6,71.1,1015.3,185.0,H,37,Melbourne,Racing Point
51,21,PER,52,0,13,13,12,0,51,37.7,23.3,0.0,0.8,71.3,1015.1,179.0,H,38,Melbourne,Racing Point
52,21,PER,53,0,13,13,12,0,51,37.6,23.5,0.0,0.9,70.2,1015.2,170.0,H,39,Melbourne,Racing Point
53,21,PER,54,0,13,13,12,0,51,37.6,23.5,0.0,0.9,70.2,1015.2,170.0,H,40,Melbourne,Racing Point
54,21,PER,55,0,13,13,12,0,51,37.3,23.6,0.0,1.1,69.6,1015.2,0.0,H,41,Melbourne,Racing Point
55,21,PER,56,0,13,13,12,0,51,37.3,23.5,0.0,1.5,69.7,1015.1,188.0,H,42,Melbourne,Racing Point
56,21,PER,57,0,13,13,12,0,51,37.1,23.4,0.0,1.0,70.1,1015.2,195.0,H,43,Melbourne,Racing Point
0,21,HUL,1,1,8,8,8,0,70,44.3,23.8,0.0,1.1,69.5,1015.4,170.0,S,0,Melbourne,Renault
1,21,HUL,2,0,8,8,8,0,69,43.6,23.7,0.0,1.4,70.3,1015.4,176.0,S,1,Melbourne,Renault
2,21,HUL,3,0,8,8,8,0,72,43.5,23.6,0.0,1.2,69.7,1015.5,158.0,S,2,Melbourne,Renault
3,21,HUL,4,0,8,8,8,0,66,43.4,23.6,0.0,0.8,70.3,1015.4,194.0,S,3,Melbourne,Renault
4,21,HUL,5,0,8,8,8,0,65,43.4,23.7,0.0,1.8,69.1,1015.3,328.0,S,4,Melbourne,Renault
5,21,HUL,6,0,8,8,8,0,64,43.0,23.7,0.0,1.2,69.1,1015.4,149.0,S,5,Melbourne,Renault
6,21,HUL,7,0,8,8,8,0,62,43.0,23.6,0.0,1.6,69.4,1015.3,184.0,S,6,Melbourne,Renault
7,21,HUL,8,0,8,8,8,0,62,42.9,23.5,0.0,2.2,70.5,1015.3,178.0,S,7,Melbourne,Renault
8,21,HUL,9,0,8,7,8,0,62,42.5,23.4,0.0,1.0,70.8,1015.3,193.0,S,8,Melbourne,Renault
9,21,HUL,10,0,7,8,8,0,62,42.8,23.5,0.0,1.7,70.0,1015.3,152.0,S,9,Melbourne,Renault
10,21,HUL,11,0,8,8,8,0,64,42.8,23.5,0.0,0.9,69.7,1015.4,198.0,S,10,Melbourne,Renault
11,21,HUL,12,0,8,8,8,0,66,42.3,23.5,0.0,1.2,70.3,1015.4,98.0,S,11,Melbourne,Renault
12,21,HUL,13,0,8,14,8,0,66,42.0,23.6,0.0,1.1,69.8,1015.4,192.0,S,12,Melbourne,Renault
13,21,HUL,14,0,14,13,8,0,65,41.9,23.3,0.0,1.7,70.5,1015.3,178.0,H,0,Melbourne,Renault
14,21,HUL,15,0,13,11,8,0,66,41.5,23.4,0.0,1.5,70.5,1015.3,0.0,H,1,Melbourne,Renault
15,21,HUL,16,0,11,11,8,0,66,41.6,23.5,0.0,0.7,70.2,1015.3,181.0,H,2,Melbourne,Renault
16,21,HUL,17,0,11,11,8,0,65,41.6,23.5,0.0,0.6,70.4,1015.4,171.0,H,3,Melbourne,Renault
17,21,HUL,18,0,11,11,8,0,65,41.2,23.5,0.0,1.3,70.1,1015.4,156.0,H,4,Melbourne,Renault
18,21,HUL,19,0,11,10,8,0,65,41.2,23.5,0.0,1.3,70.1,1015.4,156.0,H,5,Melbourne,Renault
19,21,HUL,20,0,10,10,8,0,65,41.9,23.3,0.0,1.4,70.4,1015.4,191.0,H,6,Melbourne,Renault
20,21,HUL,21,0,10,10,8,0,65,41.7,23.3,0.0,1.3,70.6,1015.4,179.0,H,7,Melbourne,Renault
21,21,HUL,22,0,10,10,8,0,64,41.1,23.3,0.0,1.0,70.6,1015.3,182.0,H,8,Melbourne,Renault
22,21,HUL,23,0,10,10,8,0,65,41.1,23.3,0.0,0.7,70.6,1015.4,182.0,H,9,Melbourne,Renault
23,21,HUL,24,0,10,10,8,0,65,41.1,23.3,0.0,0.7,70.6,1015.4,182.0,H,10,Melbourne,Renault
24,21,HUL,25,0,10,10,8,0,65,40.4,23.3,0.0,1.6,70.7,1015.4,186.0,H,11,Melbourne,Renault
25,21,HUL,26,0,10,9,8,0,65,40.6,23.1,0.0,1.6,71.2,1015.4,0.0,H,12,Melbourne,Renault
26,21,HUL,27,0,9,8,8,0,65,40.6,23.1,0.0,1.6,71.2,1015.4,0.0,H,13,Melbourne,Renault
27,21,HUL,28,0,8,8,8,0,65,40.6,23.3,0.0,1.6,70.4,1015.2,176.0,H,14,Melbourne,Renault
28,21,HUL,29,0,8,8,8,0,65,40.0,22.8,0.0,1.1,72.3,1015.3,187.0,H,15,Melbourne,Renault
29,21,HUL,30,0,8,8,8,0,65,40.2,23.0,0.0,1.5,72.4,1015.3,168.0,H,16,Melbourne,Renault
30,21,HUL,31,1,8,8,8,0,65,40.3,23.1,0.0,1.6,71.4,1015.3,191.0,H,17,Melbourne,Renault
31,21,HUL,32,0,8,8,8,0,65,40.0,23.1,0.0,1.1,71.7,1015.2,184.0,H,18,Melbourne,Renault
32,21,HUL,33,0,8,8,8,0,65,40.0,23.2,0.0,1.5,71.6,1015.3,194.0,H,19,Melbourne,Renault
33,21,HUL,34,0,8,8,8,0,64,39.6,23.1,0.0,1.4,71.9,1015.2,155.0,H,20,Melbourne,Renault
34,21,HUL,35,0,8,8,8,0,65,39.4,23.2,0.0,1.1,71.5,1015.3,182.0,H,21,Melbourne,Renault
35,21,HUL,36,0,8,8,8,0,65,39.1,23.2,0.0,1.7,71.6,1015.3,174.0,H,22,Melbourne,Renault
36,21,HUL,37,0,8,7,8,0,65,38.8,23.1,0.0,1.0,71.6,1015.4,189.0,H,23,Melbourne,Renault
37,21,HUL,38,0,7,7,8,0,65,38.6,23.3,0.0,1.2,71.5,1015.3,16.0,H,24,Melbourne,Renault
38,21,HUL,39,0,7,7,8,0,65,38.8,23.3,0.0,1.5,70.8,1015.3,165.0,H,25,Melbourne,Renault
39,21,HUL,40,0,7,7,8,0,65,39.0,23.2,0.0,1.5,70.8,1015.3,188.0,H,26,Melbourne,Renault
40,21,HUL,41,0,7,7,8,0,65,38.9,23.2,0.0,1.2,71.3,1015.2,190.0,H,27,Melbourne,Renault
41,21,HUL,42,0,7,7,8,0,65,38.6,23.2,0.0,1.3,71.5,1015.4,192.0,H,28,Melbourne,Renault
42,21,HUL,43,0,7,7,8,0,65,38.5,23.4,0.0,1.1,71.0,1015.3,226.0,H,29,Melbourne,Renault
43,21,HUL,44,0,7,7,8,0,65,38.2,23.3,0.0,1.8,71.1,1015.2,182.0,H,30,Melbourne,Renault
44,21,HUL,45,0,7,7,8,0,65,38.6,23.3,0.0,1.5,71.8,1015.2,284.0,H,31,Melbourne,Renault
45,21,HUL,46,0,7,7,8,0,66,38.2,23.3,0.0,1.2,71.7,1015.2,139.0,H,32,Melbourne,Renault
46,21,HUL,47,0,7,7,8,0,66,38.2,23.3,0.0,1.2,71.7,1015.2,139.0,H,33,Melbourne,Renault
47,21,HUL,48,0,7,7,8,0,66,37.7,23.4,0.0,0.7,71.1,1015.2,208.0,H,34,Melbourne,Renault
48,21,HUL,49,0,7,7,8,0,66,37.6,23.4,0.0,1.2,70.6,1015.2,0.0,H,35,Melbourne,Renault
49,21,HUL,50,0,7,7,8,0,66,37.2,23.4,0.0,1.3,71.0,1015.2,0.0,H,36,Melbourne,Renault
50,21,HUL,51,0,7,7,8,0,67,37.2,23.4,0.0,1.3,71.0,1015.2,0.0,H,37,Melbourne,Renault
51,21,HUL,52,0,7,7,8,0,67,37.7,23.3,0.0,0.8,71.3,1015.1,179.0,H,38,Melbourne,Renault
52,21,HUL,53,0,7,7,8,0,67,37.7,23.3,0.0,0.8,71.3,1015.1,179.0,H,39,Melbourne,Renault
53,21,HUL,54,0,7,7,8,0,67,37.6,23.5,0.0,0.9,70.2,1015.2,170.0,H,40,Melbourne,Renault
54,21,HUL,55,0,7,7,8,0,67,37.3,23.6,0.0,1.1,69.6,1015.2,0.0,H,41,Melbourne,Renault
55,21,HUL,56,0,7,7,8,0,67,37.3,23.5,0.0,1.5,69.7,1015.1,188.0,H,42,Melbourne,Renault
56,21,HUL,57,0,7,7,8,0,68,37.1,23.4,0.0,1.0,70.1,1015.2,195.0,H,43,Melbourne,Renault
0,21,RIC,1,1,20,20,20,0,62,43.4,23.7,0.0,1.8,69.1,1015.3,328.0,S,0,Melbourne,Renault
1,21,RIC,2,0,20,20,20,0,62,43.0,23.7,0.0,1.2,69.1,1015.4,149.0,H,0,Melbourne,Renault
2,21,RIC,3,0,20,20,20,0,60,43.0,23.6,0.0,1.6,69.4,1015.3,184.0,H,1,Melbourne,Renault
3,21,RIC,4,0,20,19,20,0,60,42.8,23.5,0.0,1.7,70.0,1015.3,152.0,H,2,Melbourne,Renault
4,21,RIC,5,0,19,19,20,0,62,42.0,23.6,0.0,1.1,69.8,1015.4,192.0,H,3,Melbourne,Renault
5,21,RIC,6,0,19,19,20,0,63,41.5,23.4,0.0,1.2,69.9,1015.4,200.0,H,4,Melbourne,Renault
6,21,RIC,7,0,19,19,20,0,64,41.3,23.4,0.0,0.7,70.0,1015.4,162.0,H,5,Melbourne,Renault
7,21,RIC,8,0,19,19,20,0,66,41.9,23.3,0.0,1.4,70.4,1015.4,191.0,H,6,Melbourne,Renault
8,21,RIC,9,0,19,19,20,0,67,41.7,23.3,0.0,1.3,70.6,1015.4,179.0,H,7,Melbourne,Renault
9,21,RIC,10,0,19,18,20,0,69,41.1,23.3,0.0,0.7,70.6,1015.4,182.0,H,8,Melbourne,Renault
10,21,RIC,11,0,18,18,20,0,72,41.3,23.3,0.0,0.9,70.8,1015.3,184.0,H,9,Melbourne,Renault
11,21,RIC,12,0,18,18,20,0,73,40.6,23.1,0.0,1.6,71.2,1015.4,0.0,H,10,Melbourne,Renault
12,21,RIC,13,0,18,18,20,0,73,40.6,23.3,0.0,1.6,70.4,1015.2,176.0,H,11,Melbourne,Renault
13,21,RIC,14,0,18,18,20,0,74,40.6,23.3,0.0,1.8,70.7,1015.3,186.0,H,12,Melbourne,Renault
14,21,RIC,15,0,18,18,20,0,74,40.3,23.1,0.0,1.6,71.4,1015.3,191.0,H,13,Melbourne,Renault
15,21,RIC,16,0,18,18,20,0,74,40.0,23.1,0.0,1.1,71.7,1015.2,184.0,H,14,Melbourne,Renault
16,21,RIC,17,0,18,18,20,0,74,40.0,23.2,0.0,1.5,71.6,1015.3,194.0,H,15,Melbourne,Renault
17,21,RIC,18,0,18,18,20,0,75,39.6,23.1,0.0,1.9,72.1,1015.3,167.0,H,16,Melbourne,Renault
18,21,RIC,19,0,18,18,20,0,76,38.6,23.3,0.0,1.2,71.5,1015.3,16.0,H,17,Melbourne,Renault
19,21,RIC,20,0,18,18,20,0,76,38.8,23.3,0.0,1.5,70.8,1015.3,165.0,H,18,Melbourne,Renault
20,21,RIC,21,0,18,18,20,0,76,38.9,23.2,0.0,1.2,71.3,1015.2,190.0,H,19,Melbourne,Renault
21,21,RIC,22,0,18,18,20,0,75,38.5,23.4,0.0,1.1,71.0,1015.3,226.0,H,20,Melbourne,Renault
22,21,RIC,23,0,18,18,20,0,75,38.5,23.3,0.0,0.9,71.0,1015.2,208.0,H,21,Melbourne,Renault
23,21,RIC,24,0,18,18,20,0,75,38.2,23.3,0.0,1.8,71.1,1015.2,182.0,H,22,Melbourne,Renault
24,21,RIC,25,0,18,18,20,0,75,38.6,23.3,0.0,1.5,71.8,1015.2,284.0,H,23,Melbourne,Renault
25,21,RIC,26,0,18,17,20,0,75,37.2,23.4,0.0,1.3,71.0,1015.2,0.0,H,24,Melbourne,Renault
26,21,RIC,27,0,17,16,20,0,74,37.7,23.3,0.0,0.8,71.3,1015.1,179.0,H,25,Melbourne,Renault
27,21,RIC,28,0,16,16,20,1,74,37.6,23.4,0.0,0.7,70.4,1015.2,0.0,H,26,Melbourne,Renault
0,21,ALB,1,1,11,11,11,0,52,44.3,23.8,0.0,1.1,69.5,1015.4,170.0,S,0,Melbourne,Toro Rosso
1,21,ALB,2,0,11,11,11,0,50,43.6,23.7,0.0,1.4,70.3,1015.4,176.0,S,1,Melbourne,Toro Rosso
2,21,ALB,3,0,11,11,11,0,49,43.5,23.6,0.0,1.2,69.7,1015.5,158.0,S,2,Melbourne,Toro Rosso
3,21,ALB,4,0,11,11,11,0,49,43.4,23.5,0.0,1.3,70.5,1015.4,68.0,S,3,Melbourne,Toro Rosso
4,21,ALB,5,0,11,11,11,0,52,43.4,23.6,0.0,0.8,70.3,1015.4,194.0,S,4,Melbourne,Toro Rosso
5,21,ALB,6,0,11,11,11,0,52,43.4,23.7,0.0,1.8,69.1,1015.3,328.0,S,5,Melbourne,Toro Rosso
6,21,ALB,7,0,11,11,11,0,51,42.9,23.5,0.0,2.2,70.5,1015.3,178.0,S,6,Melbourne,Toro Rosso
7,21,ALB,8,0,11,11,11,0,51,42.9,23.4,0.0,1.4,70.8,1015.3,0.0,S,7,Melbourne,Toro Rosso
8,21,ALB,9,0,11,10,11,0,51,42.5,23.4,0.0,1.0,70.8,1015.3,193.0,S,8,Melbourne,Toro Rosso
9,21,ALB,10,0,10,11,11,0,51,42.8,23.5,0.0,1.7,70.0,1015.3,152.0,S,9,Melbourne,Toro Rosso
10,21,ALB,11,0,11,11,11,0,55,42.3,23.5,0.0,1.2,70.3,1015.4,98.0,S,10,Melbourne,Toro Rosso
11,21,ALB,12,0,11,10,11,0,56,42.3,23.5,0.0,0.9,70.2,1015.4,184.0,S,11,Melbourne,Toro Rosso
12,21,ALB,13,0,10,9,11,0,57,42.0,23.6,0.0,1.1,69.8,1015.4,192.0,S,12,Melbourne,Toro Rosso
13,21,ALB,14,0,9,15,11,0,58,41.6,23.5,0.0,1.5,70.5,1015.3,175.0,S,13,Melbourne,Toro Rosso
14,21,ALB,15,0,15,15,11,0,58,41.9,23.3,0.0,1.7,70.5,1015.3,178.0,M,0,Melbourne,Toro Rosso
15,21,ALB,16,0,15,15,11,0,58,41.5,23.4,0.0,1.2,69.9,1015.4,200.0,M,1,Melbourne,Toro Rosso
16,21,ALB,17,0,15,15,11,0,59,41.6,23.5,0.0,0.6,70.4,1015.4,171.0,M,2,Melbourne,Toro Rosso
17,21,ALB,18,0,15,15,11,0,59,41.2,23.5,0.0,1.3,70.1,1015.4,156.0,M,3,Melbourne,Toro Rosso
18,21,ALB,19,0,15,15,11,0,59,41.3,23.4,0.0,0.7,70.0,1015.4,162.0,M,4,Melbourne,Toro Rosso
19,21,ALB,20,0,15,15,11,0,59,41.9,23.3,0.0,1.4,70.4,1015.4,191.0,M,5,Melbourne,Toro Rosso
20,21,ALB,21,0,15,15,11,0,59,41.1,23.3,0.0,0.7,70.6,1015.4,182.0,M,6,Melbourne,Toro Rosso
21,21,ALB,22,0,15,15,11,0,60,41.1,23.3,0.0,0.7,70.6,1015.4,182.0,M,7,Melbourne,Toro Rosso
22,21,ALB,23,0,15,15,11,0,60,41.1,23.3,0.0,0.7,70.6,1015.4,182.0,M,8,Melbourne,Toro Rosso
23,21,ALB,24,0,15,15,11,0,61,40.4,23.3,0.0,1.6,70.7,1015.4,186.0,M,9,Melbourne,Toro Rosso
24,21,ALB,25,0,15,15,11,0,61,40.6,23.1,0.0,1.6,71.2,1015.4,0.0,M,10,Melbourne,Toro Rosso
25,21,ALB,26,0,15,16,11,0,60,40.6,23.3,0.0,1.6,70.4,1015.2,176.0,M,11,Melbourne,Toro Rosso
26,21,ALB,27,0,16,15,11,0,59,40.6,23.3,0.0,1.8,70.7,1015.3,186.0,M,12,Melbourne,Toro Rosso
27,21,ALB,28,0,15,15,11,0,59,40.6,23.1,0.0,2.4,71.0,1015.3,151.0,M,13,Melbourne,Toro Rosso
28,21,ALB,29,0,15,15,11,0,59,40.0,22.8,0.0,1.1,72.3,1015.3,187.0,M,14,Melbourne,Toro Rosso
29,21,ALB,30,0,15,14,11,0,59,40.2,22.9,0.0,0.9,72.1,1015.2,146.0,M,15,Melbourne,Toro Rosso
30,21,ALB,31,1,14,14,11,0,59,40.2,23.0,0.0,1.5,72.4,1015.3,168.0,M,16,Melbourne,Toro Rosso
31,21,ALB,32,0,14,14,11,0,59,40.3,23.1,0.0,1.6,71.4,1015.3,191.0,M,17,Melbourne,Toro Rosso
32,21,ALB,33,0,14,14,11,0,59,40.0,23.2,0.0,1.5,71.6,1015.3,194.0,M,18,Melbourne,Toro Rosso
33,21,ALB,34,0,14,14,11,0,59,39.6,23.1,0.0,1.9,72.1,1015.3,167.0,M,19,Melbourne,Toro Rosso
34,21,ALB,35,0,14,14,11,0,59,39.6,23.1,0.0,1.4,71.9,1015.2,155.0,M,20,Melbourne,Toro Rosso
35,21,ALB,36,0,14,14,11,0,59,39.4,23.2,0.0,1.1,71.5,1015.3,182.0,M,21,Melbourne,Toro Rosso
36,21,ALB,37,0,14,14,11,0,60,39.1,23.2,0.0,1.7,71.6,1015.3,174.0,M,22,Melbourne,Toro Rosso
37,21,ALB,38,0,14,14,11,0,60,39.1,23.2,0.0,1.7,71.6,1015.3,174.0,M,23,Melbourne,Toro Rosso
38,21,ALB,39,0,14,14,11,0,60,38.8,23.3,0.0,1.5,70.8,1015.3,165.0,M,24,Melbourne,Toro Rosso
39,21,ALB,40,0,14,14,11,0,60,39.0,23.2,0.0,1.5,70.8,1015.3,188.0,M,25,Melbourne,Toro Rosso
40,21,ALB,41,0,14,14,11,0,60,38.9,23.2,0.0,1.2,71.3,1015.2,190.0,M,26,Melbourne,Toro Rosso
41,21,ALB,42,0,14,14,11,0,60,38.6,23.2,0.0,1.3,71.5,1015.4,192.0,M,27,Melbourne,Toro Rosso
42,21,ALB,43,0,14,14,11,0,60,38.6,23.3,0.0,1.6,71.4,1015.3,147.0,M,28,Melbourne,Toro Rosso
43,21,ALB,44,0,14,14,11,0,61,38.5,23.4,0.0,1.1,71.0,1015.3,226.0,M,29,Melbourne,Toro Rosso
44,21,ALB,45,0,14,14,11,0,61,38.2,23.3,0.0,1.8,71.1,1015.2,182.0,M,30,Melbourne,Toro Rosso
45,21,ALB,46,0,14,14,11,0,61,38.4,23.3,0.0,1.4,71.7,1015.2,180.0,M,31,Melbourne,Toro Rosso
46,21,ALB,47,0,14,14,11,0,61,38.6,23.3,0.0,1.5,71.8,1015.2,284.0,M,32,Melbourne,Toro Rosso
47,21,ALB,48,0,14,14,11,0,62,38.2,23.3,0.0,1.2,71.7,1015.2,139.0,M,33,Melbourne,Toro Rosso
48,21,ALB,49,0,14,14,11,0,61,37.7,23.4,0.0,0.7,71.1,1015.2,208.0,M,34,Melbourne,Toro Rosso
49,21,ALB,50,0,14,14,11,0,61,37.6,23.4,0.0,1.2,70.6,1015.2,0.0,M,35,Melbourne,Toro Rosso
50,21,ALB,51,0,14,14,11,0,62,37.6,23.4,0.0,0.6,71.1,1015.3,185.0,M,36,Melbourne,Toro Rosso
51,21,ALB,52,0,14,14,11,0,62,37.6,23.4,0.0,0.6,71.1,1015.3,185.0,M,37,Melbourne,Toro Rosso
52,21,ALB,53,0,14,14,11,0,62,37.2,23.4,0.0,1.3,71.0,1015.2,0.0,M,38,Melbourne,Toro Rosso
53,21,ALB,54,0,14,14,11,0,63,37.7,23.3,0.0,0.8,71.3,1015.1,179.0,M,39,Melbourne,Toro Rosso
54,21,ALB,55,0,14,14,11,0,63,37.6,23.4,0.0,0.7,70.4,1015.2,0.0,M,40,Melbourne,Toro Rosso
55,21,ALB,56,0,14,14,11,0,63,37.3,23.6,0.0,1.1,69.6,1015.2,0.0,M,41,Melbourne,Toro Rosso
56,21,ALB,57,0,14,14,11,0,63,37.1,23.4,0.0,1.0,70.1,1015.2,195.0,M,42,Melbourne,Toro Rosso
0,21,GIO,1,1,16,16,16,0,33,44.3,23.8,0.0,1.1,69.5,1015.4,170.0,M,0,Melbourne,Alfa Romeo Racing
1,21,GIO,2,0,16,17,16,0,48,43.6,23.7,0.0,1.4,70.3,1015.4,176.0,M,1,Melbourne,Alfa Romeo Racing
2,21,GIO,3,0,17,17,16,0,52,43.3,23.6,0.0,1.3,70.1,1015.3,191.0,M,2,Melbourne,Alfa Romeo Racing
3,21,GIO,4,0,17,17,16,0,43,43.4,23.6,0.0,0.8,70.3,1015.4,194.0,M,3,Melbourne,Alfa Romeo Racing
4,21,GIO,5,0,17,17,16,0,41,43.4,23.7,0.0,1.8,69.1,1015.3,328.0,M,4,Melbourne,Alfa Romeo Racing
5,21,GIO,6,0,17,17,16,0,40,43.0,23.7,0.0,1.2,69.1,1015.4,149.0,M,5,Melbourne,Alfa Romeo Racing
6,21,GIO,7,0,17,17,16,0,39,42.9,23.4,0.0,1.4,70.8,1015.3,0.0,M,6,Melbourne,Alfa Romeo Racing
7,21,GIO,8,0,17,17,16,0,39,42.5,23.4,0.0,1.0,70.8,1015.3,193.0,M,7,Melbourne,Alfa Romeo Racing
8,21,GIO,9,0,17,16,16,0,40,42.5,23.4,0.0,1.1,70.7,1015.3,333.0,M,8,Melbourne,Alfa Romeo Racing
9,21,GIO,10,0,16,16,16,0,41,42.8,23.5,0.0,1.7,70.0,1015.3,152.0,M,9,Melbourne,Alfa Romeo Racing
10,21,GIO,11,0,16,16,16,0,45,42.0,23.6,0.0,1.1,69.8,1015.4,192.0,M,10,Melbourne,Alfa Romeo Racing
11,21,GIO,12,0,16,15,16,0,46,41.5,23.4,0.0,1.4,70.8,1015.3,187.0,M,11,Melbourne,Alfa Romeo Racing
12,21,GIO,13,0,15,13,16,0,46,41.9,23.3,0.0,1.7,70.5,1015.3,178.0,M,12,Melbourne,Alfa Romeo Racing
13,21,GIO,14,0,13,12,16,0,47,41.9,23.4,0.0,1.8,69.7,1015.4,0.0,M,13,Melbourne,Alfa Romeo Racing
14,21,GIO,15,0,12,9,16,0,48,41.5,23.4,0.0,1.2,69.9,1015.4,200.0,M,14,Melbourne,Alfa Romeo Racing
15,21,GIO,16,0,9,9,16,0,49,41.6,23.5,0.0,0.6,70.4,1015.4,171.0,M,15,Melbourne,Alfa Romeo Racing
16,21,GIO,17,0,9,9,16,0,49,41.3,23.4,0.0,0.7,70.0,1015.4,162.0,M,16,Melbourne,Alfa Romeo Racing
17,21,GIO,18,0,9,10,16,0,50,41.3,23.4,0.0,0.7,70.0,1015.4,162.0,M,17,Melbourne,Alfa Romeo Racing
18,21,GIO,19,0,10,12,16,0,49,41.9,23.3,0.0,1.4,70.4,1015.4,191.0,M,18,Melbourne,Alfa Romeo Racing
19,21,GIO,20,0,12,12,16,0,49,41.7,23.3,0.0,1.3,70.6,1015.4,179.0,M,19,Melbourne,Alfa Romeo Racing
20,21,GIO,21,0,12,12,16,0,49,41.1,23.3,0.0,1.0,70.6,1015.3,182.0,M,20,Melbourne,Alfa Romeo Racing
21,21,GIO,22,0,12,12,16,0,50,41.1,23.3,0.0,0.7,70.6,1015.4,182.0,M,21,Melbourne,Alfa Romeo Racing
22,21,GIO,23,0,12,12,16,0,50,41.1,23.3,0.0,0.7,70.6,1015.4,182.0,M,22,Melbourne,Alfa Romeo Racing
23,21,GIO,24,0,12,12,16,0,51,41.1,23.3,0.0,0.7,70.6,1015.4,182.0,M,23,Melbourne,Alfa Romeo Racing
24,21,GIO,25,0,12,12,16,0,51,41.3,23.3,0.0,0.9,70.8,1015.3,184.0,M,24,Melbourne,Alfa Romeo Racing
25,21,GIO,26,0,12,14,16,0,51,41.3,23.3,0.0,0.9,70.8,1015.3,184.0,M,25,Melbourne,Alfa Romeo Racing
26,21,GIO,27,0,14,17,16,0,51,40.4,23.3,0.0,1.6,70.7,1015.4,186.0,M,26,Melbourne,Alfa Romeo Racing
27,21,GIO,28,0,17,17,16,0,51,40.6,23.2,0.0,1.7,71.0,1015.4,167.0,S,0,Melbourne,Alfa Romeo Racing
28,21,GIO,29,0,17,16,16,0,51,40.6,23.1,0.0,1.6,71.2,1015.4,0.0,S,1,Melbourne,Alfa Romeo Racing
29,21,GIO,30,0,16,15,16,0,52,40.6,23.1,0.0,1.6,71.2,1015.4,0.0,S,2,Melbourne,Alfa Romeo Racing
30,21,GIO,31,1,15,15,16,0,52,40.6,23.1,0.0,2.4,71.0,1015.3,151.0,S,3,Melbourne,Alfa Romeo Racing
31,21,GIO,32,0,15,15,16,0,52,40.0,22.8,0.0,1.1,72.3,1015.3,187.0,S,4,Melbourne,Alfa Romeo Racing
32,21,GIO,33,0,15,15,16,0,52,40.2,22.9,0.0,0.9,72.1,1015.2,146.0,S,5,Melbourne,Alfa Romeo Racing
33,21,GIO,34,0,15,15,16,0,52,40.2,22.9,0.0,0.9,72.1,1015.2,146.0,S,6,Melbourne,Alfa Romeo Racing
34,21,GIO,35,0,15,15,16,0,52,40.2,23.0,0.0,1.5,72.4,1015.3,168.0,S,7,Melbourne,Alfa Romeo Racing
35,21,GIO,36,0,15,15,16,0,52,40.3,23.1,0.0,1.6,71.4,1015.3,191.0,S,8,Melbourne,Alfa Romeo Racing
36,21,GIO,37,0,15,15,16,0,52,39.6,23.1,0.0,1.4,71.9,1015.2,155.0,S,9,Melbourne,Alfa Romeo Racing
37,21,GIO,38,0,15,15,16,0,53,39.4,23.2,0.0,1.1,71.5,1015.3,182.0,S,10,Melbourne,Alfa Romeo Racing
38,21,GIO,39,0,15,15,16,0,53,39.1,23.2,0.0,1.7,71.6,1015.3,174.0,S,11,Melbourne,Alfa Romeo Racing
39,21,GIO,40,0,15,15,16,0,53,38.8,23.3,0.0,1.5,70.8,1015.3,165.0,S,12,Melbourne,Alfa Romeo Racing
40,21,GIO,41,0,15,15,16,0,53,38.8,23.3,0.0,1.5,70.8,1015.3,165.0,S,13,Melbourne,Alfa Romeo Racing
41,21,GIO,42,0,15,15,16,0,53,38.9,23.2,0.0,1.2,71.3,1015.2,190.0,S,14,Melbourne,Alfa Romeo Racing
42,21,GIO,43,0,15,15,16,0,53,38.5,23.4,0.0,1.1,71.0,1015.3,226.0,S,15,Melbourne,Alfa Romeo Racing
43,21,GIO,44,0,15,15,16,0,53,38.5,23.3,0.0,0.9,71.0,1015.2,208.0,S,16,Melbourne,Alfa Romeo Racing
44,21,GIO,45,0,15,15,16,0,54,38.2,23.3,0.0,1.6,71.0,1015.3,178.0,S,17,Melbourne,Alfa Romeo Racing
45,21,GIO,46,0,15,15,16,0,54,38.2,23.3,0.0,1.8,71.1,1015.2,182.0,S,18,Melbourne,Alfa Romeo Racing
46,21,GIO,47,0,15,15,16,0,54,38.6,23.3,0.0,1.5,71.8,1015.2,284.0,S,19,Melbourne,Alfa Romeo Racing
47,21,GIO,48,0,15,15,16,0,55,38.2,23.3,0.0,1.2,71.7,1015.2,139.0,S,20,Melbourne,Alfa Romeo Racing
48,21,GIO,49,0,15,15,16,0,55,38.2,23.3,0.0,1.2,71.7,1015.2,139.0,S,21,Melbourne,Alfa Romeo Racing
49,21,GIO,50,0,15,15,16,0,55,37.7,23.4,0.0,0.7,71.1,1015.2,208.0,S,22,Melbourne,Alfa Romeo Racing
50,21,GIO,51,0,15,15,16,0,56,37.6,23.4,0.0,0.6,71.1,1015.3,185.0,S,23,Melbourne,Alfa Romeo Racing
51,21,GIO,52,0,15,15,16,0,56,37.2,23.4,0.0,1.3,71.0,1015.2,0.0,S,24,Melbourne,Alfa Romeo Racing
52,21,GIO,53,0,15,15,16,0,56,37.2,23.4,0.0,1.3,71.0,1015.2,0.0,S,25,Melbourne,Alfa Romeo Racing
53,21,GIO,54,0,15,15,16,0,56,37.7,23.3,0.0,0.8,71.3,1015.1,179.0,S,26,Melbourne,Alfa Romeo Racing
54,21,GIO,55,0,15,15,16,0,57,37.6,23.4,0.0,0.7,70.4,1015.2,0.0,S,27,Melbourne,Alfa Romeo Racing
55,21,GIO,56,0,15,15,16,0,57,37.6,23.5,0.0,0.9,70.2,1015.2,170.0,S,28,Melbourne,Alfa Romeo Racing
56,21,GIO,57,0,15,15,16,0,57,37.1,23.4,0.0,1.0,70.1,1015.2,195.0,S,29,Melbourne,Alfa Romeo Racing
0,21,KVY,1,1,15,15,15,0,51,43.5,23.6,0.0,1.2,69.7,1015.5,158.0,M,0,Melbourne,Toro Rosso
1,21,KVY,2,0,15,15,15,0,51,43.4,23.6,0.0,0.8,70.3,1015.4,194.0,M,1,Melbourne,Toro Rosso
2,21,KVY,3,0,15,15,15,0,53,43.0,23.7,0.0,1.2,69.1,1015.4,149.0,M,2,Melbourne,Toro Rosso
3,21,KVY,4,0,15,15,15,0,54,43.0,23.6,0.0,1.6,69.4,1015.3,184.0,M,3,Melbourne,Toro Rosso
4,21,KVY,5,0,15,15,15,0,55,42.9,23.5,0.0,2.2,70.5,1015.3,178.0,M,4,Melbourne,Toro Rosso
5,21,KVY,6,0,15,15,15,0,55,42.5,23.4,0.0,1.0,70.8,1015.3,193.0,M,5,Melbourne,Toro Rosso
6,21,KVY,7,0,15,15,15,0,55,42.5,23.4,0.0,1.1,70.7,1015.3,333.0,M,6,Melbourne,Toro Rosso
7,21,KVY,8,0,15,15,15,0,55,42.3,23.5,0.0,0.9,70.2,1015.4,184.0,M,7,Melbourne,Toro Rosso
8,21,KVY,9,0,15,14,15,0,55,42.0,23.6,0.0,1.1,69.8,1015.4,192.0,M,8,Melbourne,Toro Rosso
9,21,KVY,10,0,14,14,15,0,56,41.6,23.5,0.0,1.5,70.5,1015.3,175.0,M,9,Melbourne,Toro Rosso
10,21,KVY,11,0,14,14,15,0,60,41.5,23.4,0.0,1.4,70.8,1015.3,187.0,M,10,Melbourne,Toro Rosso
11,21,KVY,12,0,14,13,15,0,62,41.5,23.4,0.0,1.5,70.5,1015.3,0.0,M,11,Melbourne,Toro Rosso
12,21,KVY,13,0,13,11,15,0,62,41.6,23.5,0.0,0.7,70.2,1015.3,181.0,M,12,Melbourne,Toro Rosso
13,21,KVY,14,0,11,9,15,0,63,41.2,23.5,0.0,1.3,70.1,1015.4,156.0,M,13,Melbourne,Toro Rosso
14,21,KVY,15,0,9,7,15,0,64,41.2,23.5,0.0,1.3,70.1,1015.4,156.0,M,14,Melbourne,Toro Rosso
15,21,KVY,16,0,7,7,15,0,64,41.9,23.3,0.0,1.4,70.4,1015.4,191.0,M,15,Melbourne,Toro Rosso
16,21,KVY,17,0,7,7,15,0,64,41.7,23.3,0.0,1.3,70.6,1015.4,179.0,M,16,Melbourne,Toro Rosso
17,21,KVY,18,0,7,7,15,0,65,41.7,23.3,0.0,1.4,70.7,1015.3,183.0,M,17,Melbourne,Toro Rosso
18,21,KVY,19,0,7,7,15,0,65,41.1,23.3,0.0,0.7,70.6,1015.4,182.0,M,18,Melbourne,Toro Rosso
19,21,KVY,20,0,7,7,15,0,65,41.1,23.3,0.0,0.7,70.6,1015.4,182.0,M,19,Melbourne,Toro Rosso
20,21,KVY,21,0,7,7,15,0,66,41.1,23.3,0.0,0.7,70.6,1015.4,182.0,M,20,Melbourne,Toro Rosso
21,21,KVY,22,0,7,7,15,0,67,41.3,23.3,0.0,0.9,70.8,1015.3,184.0,M,21,Melbourne,Toro Rosso
22,21,KVY,23,0,7,7,15,0,68,40.4,23.3,0.0,1.6,70.7,1015.4,186.0,M,22,Melbourne,Toro Rosso
23,21,KVY,24,0,7,7,15,0,68,40.6,23.2,0.0,1.7,71.0,1015.4,167.0,M,23,Melbourne,Toro Rosso
24,21,KVY,25,0,7,7,15,0,68,40.6,23.1,0.0,1.6,71.2,1015.4,0.0,M,24,Melbourne,Toro Rosso
25,21,KVY,26,0,7,11,15,0,68,40.6,23.3,0.0,1.8,70.7,1015.3,186.0,M,25,Melbourne,Toro Rosso
26,21,KVY,27,0,11,11,15,0,68,40.6,23.1,0.0,2.4,71.0,1015.3,151.0,H,1,Melbourne,Toro Rosso
27,21,KVY,28,0,11,11,15,0,68,40.0,22.8,0.0,1.1,72.3,1015.3,187.0,H,2,Melbourne,Toro Rosso
28,21,KVY,29,0,11,11,15,0,68,40.2,22.9,0.0,0.9,72.1,1015.2,146.0,H,3,Melbourne,Toro Rosso
29,21,KVY,30,0,11,11,15,0,68,40.2,22.9,0.0,0.9,72.1,1015.2,146.0,H,4,Melbourne,Toro Rosso
30,21,KVY,31,1,11,11,15,0,69,40.2,23.0,0.0,1.5,72.4,1015.3,168.0,H,5,Melbourne,Toro Rosso
31,21,KVY,32,0,11,11,15,0,69,40.3,23.1,0.0,1.6,71.4,1015.3,191.0,H,6,Melbourne,Toro Rosso
32,21,KVY,33,0,11,11,15,0,69,40.0,23.1,0.0,1.1,71.7,1015.2,184.0,H,7,Melbourne,Toro Rosso
33,21,KVY,34,0,11,11,15,0,69,39.6,23.1,0.0,1.9,72.1,1015.3,167.0,H,8,Melbourne,Toro Rosso
34,21,KVY,35,0,11,11,15,0,69,39.1,23.2,0.0,1.7,71.6,1015.3,174.0,H,9,Melbourne,Toro Rosso
35,21,KVY,36,0,11,11,15,0,69,38.8,23.1,0.0,1.0,71.6,1015.4,189.0,H,10,Melbourne,Toro Rosso
36,21,KVY,37,0,11,11,15,0,69,38.6,23.3,0.0,1.2,71.5,1015.3,16.0,H,11,Melbourne,Toro Rosso
37,21,KVY,38,0,11,10,15,0,70,38.8,23.3,0.0,1.5,70.8,1015.3,165.0,H,12,Melbourne,Toro Rosso
38,21,KVY,39,0,10,10,15,0,70,38.8,23.3,0.0,1.5,70.8,1015.3,165.0,H,13,Melbourne,Toro Rosso
39,21,KVY,40,0,10,10,15,0,71,39.0,23.2,0.0,1.5,70.8,1015.3,188.0,H,14,Melbourne,Toro Rosso
40,21,KVY,41,0,10,10,15,0,71,38.9,23.2,0.0,1.2,71.3,1015.2,190.0,H,15,Melbourne,Toro Rosso
41,21,KVY,42,0,10,10,15,0,71,38.5,23.3,0.0,0.9,71.0,1015.2,208.0,H,16,Melbourne,Toro Rosso
42,21,KVY,43,0,10,10,15,0,71,38.2,23.3,0.0,1.6,71.0,1015.3,178.0,H,17,Melbourne,Toro Rosso
43,21,KVY,44,0,10,10,15,0,72,38.2,23.3,0.0,1.8,71.1,1015.2,182.0,H,18,Melbourne,Toro Rosso
44,21,KVY,45,0,10,10,15,0,72,38.4,23.3,0.0,1.4,71.7,1015.2,180.0,H,19,Melbourne,Toro Rosso
45,21,KVY,46,0,10,10,15,0,72,38.6,23.3,0.0,1.5,71.8,1015.2,284.0,H,20,Melbourne,Toro Rosso
46,21,KVY,47,0,10,10,15,0,72,38.2,23.3,0.0,1.2,71.7,1015.2,139.0,H,21,Melbourne,Toro Rosso
47,21,KVY,48,0,10,10,15,0,72,37.7,23.4,0.0,0.7,71.1,1015.2,208.0,H,22,Melbourne,Toro Rosso
48,21,KVY,49,0,10,10,15,0,73,37.6,23.4,0.0,0.6,71.1,1015.3,185.0,H,23,Melbourne,Toro Rosso
49,21,KVY,50,0,10,10,15,0,73,37.6,23.4,0.0,0.6,71.1,1015.3,185.0,H,24,Melbourne,Toro Rosso
50,21,KVY,51,0,10,10,15,0,73,37.2,23.4,0.0,1.3,71.0,1015.2,0.0,H,25,Melbourne,Toro Rosso
51,21,KVY,52,0,10,10,15,0,73,37.2,23.4,0.0,1.3,71.0,1015.2,0.0,H,26,Melbourne,Toro Rosso
52,21,KVY,53,0,10,10,15,0,73,37.6,23.4,0.0,0.7,70.4,1015.2,0.0,H,27,Melbourne,Toro Rosso
53,21,KVY,54,0,10,10,15,0,73,37.6,23.5,0.0,0.9,70.2,1015.2,170.0,H,28,Melbourne,Toro Rosso
54,21,KVY,55,0,10,10,15,0,73,37.6,23.5,0.0,0.9,70.2,1015.2,170.0,H,29,Melbourne,Toro Rosso
55,21,KVY,56,0,10,10,15,0,74,37.3,23.6,0.0,1.1,69.6,1015.2,0.0,H,30,Melbourne,Toro Rosso
56,21,KVY,57,0,10,10,15,0,73,37.1,23.4,0.0,1.0,70.1,1015.2,195.0,H,31,Melbourne,Toro Rosso
0,21,STR,1,1,13,13,13,0,42,44.3,23.8,0.0,1.1,69.5,1015.4,170.0,M,0,Melbourne,Racing Point
1,21,STR,2,0,13,13,13,0,42,43.6,23.7,0.0,1.4,70.3,1015.4,176.0,M,1,Melbourne,Racing Point
2,21,STR,3,0,13,13,13,0,44,43.5,23.6,0.0,1.2,69.7,1015.5,158.0,M,2,Melbourne,Racing Point
3,21,STR,4,0,13,13,13,0,41,43.4,23.5,0.0,1.3,70.5,1015.4,68.0,M,3,Melbourne,Racing Point
4,21,STR,5,0,13,13,13,0,40,43.4,23.6,0.0,0.8,70.3,1015.4,194.0,M,4,Melbourne,Racing Point
5,21,STR,6,0,13,13,13,0,38,43.4,23.7,0.0,1.8,69.1,1015.3,328.0,M,5,Melbourne,Racing Point
6,21,STR,7,0,13,13,13,0,36,43.0,23.7,0.0,1.2,69.1,1015.4,149.0,M,6,Melbourne,Racing Point
7,21,STR,8,0,13,13,13,0,35,42.9,23.5,0.0,2.2,70.5,1015.3,178.0,M,7,Melbourne,Racing Point
8,21,STR,9,0,13,12,13,0,34,42.9,23.4,0.0,1.4,70.8,1015.3,0.0,M,8,Melbourne,Racing Point
9,21,STR,10,0,12,13,13,0,34,42.5,23.4,0.0,1.0,70.8,1015.3,193.0,M,9,Melbourne,Racing Point
10,21,STR,11,0,13,13,13,0,40,42.8,23.5,0.0,1.7,70.0,1015.3,152.0,M,10,Melbourne,Racing Point
11,21,STR,12,0,13,12,13,0,42,42.3,23.5,0.0,0.9,70.2,1015.4,184.0,M,11,Melbourne,Racing Point
12,21,STR,13,0,12,10,13,0,42,42.0,23.6,0.0,1.1,69.8,1015.4,192.0,M,12,Melbourne,Racing Point
13,21,STR,14,0,10,8,13,0,43,41.6,23.5,0.0,1.5,70.5,1015.3,175.0,M,13,Melbourne,Racing Point
14,21,STR,15,0,8,6,13,0,44,41.9,23.3,0.0,1.7,70.5,1015.3,178.0,M,14,Melbourne,Racing Point
15,21,STR,16,0,6,6,13,0,46,41.9,23.4,0.0,1.8,69.7,1015.4,0.0,M,15,Melbourne,Racing Point
16,21,STR,17,0,6,6,13,0,46,41.5,23.4,0.0,1.5,70.5,1015.3,0.0,M,16,Melbourne,Racing Point
17,21,STR,18,0,6,6,13,0,47,41.6,23.5,0.0,0.7,70.2,1015.3,181.0,M,17,Melbourne,Racing Point
18,21,STR,19,0,6,6,13,0,47,41.2,23.5,0.0,1.3,70.1,1015.4,156.0,M,18,Melbourne,Racing Point
19,21,STR,20,0,6,6,13,0,48,41.3,23.4,0.0,0.7,70.0,1015.4,162.0,M,19,Melbourne,Racing Point
20,21,STR,21,0,6,6,13,0,49,41.9,23.3,0.0,1.4,70.4,1015.4,191.0,M,20,Melbourne,Racing Point
21,21,STR,22,0,6,6,13,0,48,41.7,23.3,0.0,1.4,70.7,1015.3,183.0,M,21,Melbourne,Racing Point
22,21,STR,23,0,6,6,13,0,49,41.1,23.3,0.0,0.7,70.6,1015.4,182.0,M,22,Melbourne,Racing Point
23,21,STR,24,0,6,6,13,0,50,41.1,23.3,0.0,0.7,70.6,1015.4,182.0,M,23,Melbourne,Racing Point
24,21,STR,25,0,6,6,13,0,50,41.3,23.3,0.0,0.9,70.8,1015.3,184.0,M,24,Melbourne,Racing Point
25,21,STR,26,0,6,6,13,0,51,40.6,23.2,0.0,1.7,71.0,1015.4,167.0,M,25,Melbourne,Racing Point
26,21,STR,27,0,6,10,13,0,51,40.6,23.1,0.0,1.6,71.2,1015.4,0.0,M,26,Melbourne,Racing Point
27,21,STR,28,0,10,10,13,0,51,40.6,23.1,0.0,1.6,71.2,1015.4,0.0,H,0,Melbourne,Racing Point
28,21,STR,29,0,10,10,13,0,52,40.6,23.3,0.0,1.8,70.7,1015.3,186.0,H,1,Melbourne,Racing Point
29,21,STR,30,0,10,10,13,0,52,40.6,23.1,0.0,2.4,71.0,1015.3,151.0,H,2,Melbourne,Racing Point
30,21,STR,31,1,10,10,13,0,53,40.2,22.9,0.0,0.9,72.1,1015.2,146.0,H,3,Melbourne,Racing Point
31,21,STR,32,0,10,10,13,0,53,40.2,23.0,0.0,1.5,72.4,1015.3,168.0,H,4,Melbourne,Racing Point
32,21,STR,33,0,10,10,13,0,53,40.0,23.2,0.0,1.5,71.6,1015.3,194.0,H,5,Melbourne,Racing Point
33,21,STR,34,0,10,10,13,0,53,39.6,23.1,0.0,1.4,71.9,1015.2,155.0,H,6,Melbourne,Racing Point
34,21,STR,35,0,10,10,13,0,53,39.4,23.2,0.0,1.1,71.5,1015.3,182.0,H,7,Melbourne,Racing Point
35,21,STR,36,0,10,10,13,0,53,39.1,23.2,0.0,1.7,71.6,1015.3,174.0,H,8,Melbourne,Racing Point
36,21,STR,37,0,10,9,13,0,53,38.8,23.1,0.0,1.0,71.6,1015.4,189.0,H,9,Melbourne,Racing Point
37,21,STR,38,0,9,9,13,0,53,38.6,23.3,0.0,1.2,71.5,1015.3,16.0,H,10,Melbourne,Racing Point
38,21,STR,39,0,9,9,13,0,53,38.8,23.3,0.0,1.5,70.8,1015.3,165.0,H,11,Melbourne,Racing Point
39,21,STR,40,0,9,9,13,0,54,38.8,23.3,0.0,1.5,70.8,1015.3,165.0,H,12,Melbourne,Racing Point
40,21,STR,41,0,9,9,13,0,54,38.6,23.3,0.0,1.6,71.4,1015.3,147.0,H,13,Melbourne,Racing Point
41,21,STR,42,0,9,9,13,0,54,38.5,23.4,0.0,1.1,71.0,1015.3,226.0,H,14,Melbourne,Racing Point
42,21,STR,43,0,9,9,13,0,54,38.4,23.3,0.0,1.4,71.7,1015.2,180.0,H,15,Melbourne,Racing Point
43,21,STR,44,0,9,9,13,0,54,38.6,23.3,0.0,1.5,71.8,1015.2,284.0,H,16,Melbourne,Racing Point
44,21,STR,45,0,9,9,13,0,54,38.2,23.3,0.0,1.2,71.7,1015.2,139.0,H,17,Melbourne,Racing Point
45,21,STR,46,0,9,9,13,0,54,38.2,23.3,0.0,1.2,71.7,1015.2,139.0,H,18,Melbourne,Racing Point
46,21,STR,47,0,9,9,13,0,55,37.7,23.4,0.0,0.7,71.1,1015.2,208.0,H,19,Melbourne,Racing Point
47,21,STR,48,0,9,9,13,0,55,37.6,23.4,0.0,1.2,70.6,1015.2,0.0,H,20,Melbourne,Racing Point
48,21,STR,49,0,9,9,13,0,55,37.6,23.4,0.0,0.6,71.1,1015.3,185.0,H,21,Melbourne,Racing Point
49,21,STR,50,0,9,9,13,0,55,37.2,23.4,0.0,1.3,71.0,1015.2,0.0,H,22,Melbourne,Racing Point
50,21,STR,51,0,9,9,13,0,56,37.2,23.4,0.0,1.3,71.0,1015.2,0.0,H,23,Melbourne,Racing Point
51,21,STR,52,0,9,9,13,0,56,37.7,23.3,0.0,0.8,71.3,1015.1,179.0,H,24,Melbourne,Racing Point
52,21,STR,53,0,9,9,13,0,56,37.7,23.3,0.0,0.8,71.3,1015.1,179.0,H,25,Melbourne,Racing Point
53,21,STR,54,0,9,9,13,0,56,37.6,23.4,0.0,0.7,70.4,1015.2,0.0,H,26,Melbourne,Racing Point
54,21,STR,55,0,9,9,13,0,56,37.6,23.5,0.0,0.9,70.2,1015.2,170.0,H,27,Melbourne,Racing Point
55,21,STR,56,0,9,9,13,0,56,37.3,23.5,0.0,1.5,69.7,1015.1,188.0,H,28,Melbourne,Racing Point
56,21,STR,57,0,9,9,13,0,56,37.1,23.4,0.0,1.0,70.1,1015.2,195.0,H,29,Melbourne,Racing Point
0,21,GAS,1,1,17,17,17,0,38,43.6,23.7,0.0,1.4,70.3,1015.4,176.0,M,0,Melbourne,Red Bull Racing
1,21,GAS,2,0,17,16,17,0,41,43.5,23.6,0.0,1.2,69.7,1015.5,158.0,M,1,Melbourne,Red Bull Racing
2,21,GAS,3,0,16,16,17,0,42,43.4,23.6,0.0,0.8,70.3,1015.4,194.0,M,2,Melbourne,Red Bull Racing
3,21,GAS,4,0,16,16,17,0,40,42.9,23.5,0.0,2.2,70.5,1015.3,178.0,M,3,Melbourne,Red Bull Racing
4,21,GAS,5,0,16,16,17,0,42,42.9,23.4,0.0,1.4,70.8,1015.3,0.0,M,4,Melbourne,Red Bull Racing
5,21,GAS,6,0,16,16,17,0,41,42.5,23.4,0.0,1.0,70.8,1015.3,193.0,M,5,Melbourne,Red Bull Racing
6,21,GAS,7,0,16,16,17,0,40,42.5,23.4,0.0,1.1,70.7,1015.3,333.0,M,6,Melbourne,Red Bull Racing
7,21,GAS,8,0,16,16,17,0,40,42.3,23.5,0.0,1.2,70.3,1015.4,98.0,M,7,Melbourne,Red Bull Racing
8,21,GAS,9,0,16,15,17,0,40,42.3,23.5,0.0,0.9,70.2,1015.4,184.0,M,8,Melbourne,Red Bull Racing
9,21,GAS,10,0,15,15,17,0,40,42.0,23.6,0.0,1.1,69.8,1015.4,192.0,M,9,Melbourne,Red Bull Racing
10,21,GAS,11,0,15,15,17,0,47,41.6,23.5,0.0,1.5,70.5,1015.3,175.0,M,10,Melbourne,Red Bull Racing
11,21,GAS,12,0,15,14,17,0,49,41.5,23.4,0.0,1.4,70.8,1015.3,187.0,M,11,Melbourne,Red Bull Racing
12,21,GAS,13,0,14,12,17,0,50,41.9,23.4,0.0,1.8,69.7,1015.4,0.0,M,12,Melbourne,Red Bull Racing
13,21,GAS,14,0,12,10,17,0,50,41.5,23.4,0.0,1.2,69.9,1015.4,200.0,M,13,Melbourne,Red Bull Racing
14,21,GAS,15,0,10,8,17,0,51,41.5,23.4,0.0,1.5,70.5,1015.3,0.0,M,14,Melbourne,Red Bull Racing
15,21,GAS,16,0,8,8,17,0,52,41.6,23.5,0.0,0.7,70.2,1015.3,181.0,M,15,Melbourne,Red Bull Racing
16,21,GAS,17,0,8,8,17,0,52,41.6,23.5,0.0,0.6,70.4,1015.4,171.0,M,16,Melbourne,Red Bull Racing
17,21,GAS,18,0,8,8,17,0,53,41.2,23.5,0.0,1.3,70.1,1015.4,156.0,M,17,Melbourne,Red Bull Racing
18,21,GAS,19,0,8,8,17,0,53,41.3,23.4,0.0,0.7,70.0,1015.4,162.0,M,18,Melbourne,Red Bull Racing
19,21,GAS,20,0,8,8,17,0,54,41.9,23.3,0.0,1.4,70.4,1015.4,191.0,M,19,Melbourne,Red Bull Racing
20,21,GAS,21,0,8,8,17,0,54,41.7,23.3,0.0,1.3,70.6,1015.4,179.0,M,20,Melbourne,Red Bull Racing
21,21,GAS,22,0,8,8,17,0,54,41.7,23.3,0.0,1.4,70.7,1015.3,183.0,M,21,Melbourne,Red Bull Racing
22,21,GAS,23,0,8,8,17,0,55,41.1,23.3,0.0,1.0,70.6,1015.3,182.0,M,22,Melbourne,Red Bull Racing
23,21,GAS,24,0,8,8,17,0,56,41.1,23.3,0.0,0.7,70.6,1015.4,182.0,M,23,Melbourne,Red Bull Racing
24,21,GAS,25,0,8,8,17,0,56,41.1,23.3,0.0,0.7,70.6,1015.4,182.0,M,24,Melbourne,Red Bull Racing
25,21,GAS,26,0,8,7,17,0,57,41.1,23.3,0.0,0.7,70.6,1015.4,182.0,M,25,Melbourne,Red Bull Racing
26,21,GAS,27,0,7,6,17,0,57,41.3,23.3,0.0,0.9,70.8,1015.3,184.0,M,26,Melbourne,Red Bull Racing
27,21,GAS,28,0,6,6,17,0,58,40.6,23.2,0.0,1.7,71.0,1015.4,167.0,M,27,Melbourne,Red Bull Racing
28,21,GAS,29,0,6,6,17,0,58,40.6,23.3,0.0,1.6,70.4,1015.2,176.0,M,28,Melbourne,Red Bull Racing
29,21,GAS,30,0,6,6,17,0,59,40.6,23.3,0.0,1.8,70.7,1015.3,186.0,M,29,Melbourne,Red Bull Racing
30,21,GAS,31,1,6,6,17,0,59,40.6,23.1,0.0,2.4,71.0,1015.3,151.0,M,30,Melbourne,Red Bull Racing
31,21,GAS,32,0,6,6,17,0,59,40.0,22.8,0.0,1.1,72.3,1015.3,187.0,M,31,Melbourne,Red Bull Racing
32,21,GAS,33,0,6,6,17,0,60,40.2,22.9,0.0,0.9,72.1,1015.2,146.0,M,32,Melbourne,Red Bull Racing
33,21,GAS,34,0,6,6,17,0,60,40.2,22.9,0.0,0.9,72.1,1015.2,146.0,M,33,Melbourne,Red Bull Racing
34,21,GAS,35,0,6,6,17,0,60,40.2,23.0,0.0,1.5,72.4,1015.3,168.0,M,34,Melbourne,Red Bull Racing
35,21,GAS,36,0,6,6,17,0,61,40.3,23.1,0.0,1.6,71.4,1015.3,191.0,M,35,Melbourne,Red Bull Racing
36,21,GAS,37,0,6,10,17,0,61,40.0,23.2,0.0,1.5,71.6,1015.3,194.0,M,36,Melbourne,Red Bull Racing
37,21,GAS,38,0,10,11,17,0,61,39.6,23.1,0.0,1.4,71.9,1015.2,155.0,S,0,Melbourne,Red Bull Racing
38,21,GAS,39,0,11,11,17,0,61,38.8,23.1,0.0,1.0,71.6,1015.4,189.0,S,1,Melbourne,Red Bull Racing
39,21,GAS,40,0,11,11,17,0,61,38.6,23.3,0.0,1.2,71.5,1015.3,16.0,S,2,Melbourne,Red Bull Racing
40,21,GAS,41,0,11,11,17,0,61,38.8,23.3,0.0,1.5,70.8,1015.3,165.0,S,3,Melbourne,Red Bull Racing
41,21,GAS,42,0,11,11,17,0,62,39.0,23.2,0.0,1.5,70.8,1015.3,188.0,S,4,Melbourne,Red Bull Racing
42,21,GAS,43,0,11,11,17,0,62,38.9,23.2,0.0,1.2,71.3,1015.2,190.0,S,5,Melbourne,Red Bull Racing
43,21,GAS,44,0,11,11,17,0,62,38.6,23.2,0.0,1.3,71.5,1015.4,192.0,S,6,Melbourne,Red Bull Racing
44,21,GAS,45,0,11,11,17,0,63,38.5,23.4,0.0,1.1,71.0,1015.3,226.0,S,7,Melbourne,Red Bull Racing
45,21,GAS,46,0,11,11,17,0,63,38.5,23.3,0.0,0.9,71.0,1015.2,208.0,S,8,Melbourne,Red Bull Racing
46,21,GAS,47,0,11,11,17,0,63,38.2,23.3,0.0,1.8,71.1,1015.2,182.0,S,9,Melbourne,Red Bull Racing
47,21,GAS,48,0,11,11,17,0,63,38.6,23.3,0.0,1.5,71.8,1015.2,284.0,S,10,Melbourne,Red Bull Racing
48,21,GAS,49,0,11,11,17,0,64,38.2,23.3,0.0,1.2,71.7,1015.2,139.0,S,11,Melbourne,Red Bull Racing
49,21,GAS,50,0,11,11,17,0,64,37.7,23.4,0.0,0.7,71.1,1015.2,208.0,S,12,Melbourne,Red Bull Racing
50,21,GAS,51,0,11,11,17,0,64,37.6,23.4,0.0,1.2,70.6,1015.2,0.0,S,13,Melbourne,Red Bull Racing
51,21,GAS,52,0,11,11,17,0,64,37.6,23.4,0.0,0.6,71.1,1015.3,185.0,S,14,Melbourne,Red Bull Racing
52,21,GAS,53,0,11,11,17,0,64,37.2,23.4,0.0,1.3,71.0,1015.2,0.0,S,15,Melbourne,Red Bull Racing
53,21,GAS,54,0,11,11,17,0,65,37.7,23.3,0.0,0.8,71.3,1015.1,179.0,S,16,Melbourne,Red Bull Racing
54,21,GAS,55,0,11,11,17,0,65,37.6,23.4,0.0,0.7,70.4,1015.2,0.0,S,17,Melbourne,Red Bull Racing
55,21,GAS,56,0,11,11,17,0,65,37.6,23.5,0.0,0.9,70.2,1015.2,170.0,S,18,Melbourne,Red Bull Racing
56,21,GAS,57,0,11,11,17,0,65,37.6,23.5,0.0,0.9,70.2,1015.2,170.0,S,19,Melbourne,Red Bull Racing
0,21,SAI,1,1,14,14,14,0,32,43.4,23.6,0.0,0.8,70.3,1015.4,194.0,S,0,Melbourne,McLaren
1,21,SAI,2,0,14,14,14,0,37,42.5,23.4,0.0,1.0,70.8,1015.3,193.0,S,1,Melbourne,McLaren
2,21,SAI,3,0,14,14,14,0,39,41.6,23.5,0.0,1.5,70.5,1015.3,175.0,S,2,Melbourne,McLaren
3,21,SAI,4,0,14,14,14,0,36,41.9,23.3,0.0,1.4,70.4,1015.4,191.0,S,3,Melbourne,McLaren
4,21,SAI,5,0,14,14,14,0,34,41.3,23.3,0.0,0.9,70.8,1015.3,184.0,S,4,Melbourne,McLaren
5,21,SAI,6,0,14,14,14,0,33,41.3,23.3,0.0,0.9,70.8,1015.3,184.0,S,5,Melbourne,McLaren
6,21,SAI,7,0,14,14,14,0,32,38.8,23.1,0.0,1.0,71.6,1015.4,189.0,S,6,Melbourne,McLaren
7,21,SAI,8,0,14,14,14,0,32,38.6,23.2,0.0,1.3,71.5,1015.4,192.0,S,7,Melbourne,McLaren
8,21,SAI,9,0,14,13,14,1,32,37.6,23.4,0.0,0.6,71.1,1015.3,185.0,S,8,Melbourne,McLaren
0,21,RUS,1,1,18,18,18,0,58,44.3,23.8,0.0,1.1,69.5,1015.4,170.0,M,0,Melbourne,Williams
1,21,RUS,2,0,18,18,18,0,61,43.3,23.6,0.0,1.3,70.1,1015.3,191.0,M,1,Melbourne,Williams
2,21,RUS,3,0,18,18,18,0,66,43.4,23.5,0.0,1.3,70.5,1015.4,68.0,M,2,Melbourne,Williams
3,21,RUS,4,0,18,18,18,0,64,43.4,23.6,0.0,0.8,70.3,1015.4,194.0,M,3,Melbourne,Williams
4,21,RUS,5,0,18,18,18,0,65,43.4,23.7,0.0,1.8,69.1,1015.3,328.0,M,4,Melbourne,Williams
5,21,RUS,6,0,18,18,18,0,65,43.0,23.7,0.0,1.2,69.1,1015.4,149.0,M,5,Melbourne,Williams
6,21,RUS,7,0,18,18,18,0,66,43.0,23.6,0.0,1.6,69.4,1015.3,184.0,M,6,Melbourne,Williams
7,21,RUS,8,0,18,18,18,0,66,42.5,23.4,0.0,1.1,70.7,1015.3,333.0,M,7,Melbourne,Williams
8,21,RUS,9,0,18,17,18,0,67,42.8,23.5,0.0,1.7,70.0,1015.3,152.0,M,8,Melbourne,Williams
9,21,RUS,10,0,17,17,18,0,68,42.3,23.5,0.0,1.2,70.3,1015.4,98.0,M,9,Melbourne,Williams
10,21,RUS,11,0,17,17,18,0,73,41.5,23.4,0.0,1.4,70.8,1015.3,187.0,M,10,Melbourne,Williams
11,21,RUS,12,0,17,17,18,0,74,41.9,23.3,0.0,1.7,70.5,1015.3,178.0,M,11,Melbourne,Williams
12,21,RUS,13,0,17,17,18,0,75,41.9,23.4,0.0,1.8,69.7,1015.4,0.0,M,12,Melbourne,Williams
13,21,RUS,14,0,17,16,18,0,75,41.5,23.4,0.0,1.2,69.9,1015.4,200.0,M,13,Melbourne,Williams
14,21,RUS,15,0,16,17,18,0,75,41.6,23.5,0.0,0.6,70.4,1015.4,171.0,M,14,Melbourne,Williams
15,21,RUS,16,0,17,17,18,0,76,41.2,23.5,0.0,1.3,70.1,1015.4,156.0,M,15,Melbourne,Williams
16,21,RUS,17,0,17,17,18,0,76,41.3,23.4,0.0,0.7,70.0,1015.4,162.0,M,16,Melbourne,Williams
17,21,RUS,18,0,17,17,18,0,77,41.9,23.3,0.0,1.4,70.4,1015.4,191.0,M,17,Melbourne,Williams
18,21,RUS,19,0,17,17,18,0,77,41.7,23.3,0.0,1.3,70.6,1015.4,179.0,M,18,Melbourne,Williams
19,21,RUS,20,0,17,17,18,0,77,41.7,23.3,0.0,1.4,70.7,1015.3,183.0,M,19,Melbourne,Williams
20,21,RUS,21,0,17,17,18,0,77,41.1,23.3,0.0,0.7,70.6,1015.4,182.0,M,20,Melbourne,Williams
21,21,RUS,22,0,17,17,18,0,77,41.1,23.3,0.0,0.7,70.6,1015.4,182.0,M,21,Melbourne,Williams
22,21,RUS,23,0,17,17,18,0,77,41.1,23.3,0.0,0.7,70.6,1015.4,182.0,M,22,Melbourne,Williams
23,21,RUS,24,0,17,17,18,0,78,41.3,23.3,0.0,0.9,70.8,1015.3,184.0,M,23,Melbourne,Williams
24,21,RUS,25,0,17,17,18,0,78,41.3,23.3,0.0,0.9,70.8,1015.3,184.0,M,24,Melbourne,Williams
25,21,RUS,26,0,17,18,18,0,78,40.6,23.1,0.0,1.6,71.2,1015.4,0.0,M,25,Melbourne,Williams
26,21,RUS,27,0,18,18,18,0,78,40.6,23.1,0.0,1.6,71.2,1015.4,0.0,S,0,Melbourne,Williams
27,21,RUS,28,0,18,18,18,0,78,40.6,23.3,0.0,1.6,70.4,1015.2,176.0,S,1,Melbourne,Williams
28,21,RUS,29,0,18,17,18,0,78,40.6,23.3,0.0,1.8,70.7,1015.3,186.0,S,2,Melbourne,Williams
29,21,RUS,30,0,17,16,18,0,79,40.6,23.1,0.0,2.4,71.0,1015.3,151.0,S,3,Melbourne,Williams
30,21,RUS,31,1,16,16,18,0,79,40.2,22.9,0.0,0.9,72.1,1015.2,146.0,S,4,Melbourne,Williams
31,21,RUS,32,0,16,16,18,0,79,40.2,22.9,0.0,0.9,72.1,1015.2,146.0,S,5,Melbourne,Williams
32,21,RUS,33,0,16,16,18,0,79,40.3,23.1,0.0,1.6,71.4,1015.3,191.0,S,6,Melbourne,Williams
33,21,RUS,34,0,16,16,18,0,80,39.6,23.1,0.0,1.4,71.9,1015.2,155.0,S,7,Melbourne,Williams
34,21,RUS,35,0,16,16,18,0,80,39.4,23.2,0.0,1.1,71.5,1015.3,182.0,S,8,Melbourne,Williams
35,21,RUS,36,0,16,16,18,0,81,38.6,23.3,0.0,1.2,71.5,1015.3,16.0,S,9,Melbourne,Williams
36,21,RUS,37,0,16,16,18,0,81,38.8,23.3,0.0,1.5,70.8,1015.3,165.0,S,10,Melbourne,Williams
37,21,RUS,38,0,16,16,18,0,81,39.0,23.2,0.0,1.5,70.8,1015.3,188.0,S,11,Melbourne,Williams
38,21,RUS,39,0,16,16,18,0,82,38.9,23.2,0.0,1.2,71.3,1015.2,190.0,S,12,Melbourne,Williams
39,21,RUS,40,0,16,16,18,0,82,38.2,23.3,0.0,1.6,71.0,1015.3,178.0,S,13,Melbourne,Williams
40,21,RUS,41,0,16,16,18,0,82,38.4,23.3,0.0,1.4,71.7,1015.2,180.0,S,14,Melbourne,Williams
41,21,RUS,42,0,16,16,18,0,82,38.2,23.3,0.0,1.2,71.7,1015.2,139.0,S,15,Melbourne,Williams
42,21,RUS,43,0,16,16,18,0,81,38.2,23.3,0.0,1.2,71.7,1015.2,139.0,H,0,Melbourne,Williams
43,21,RUS,44,0,16,16,18,0,81,37.6,23.4,0.0,1.2,70.6,1015.2,0.0,H,1,Melbourne,Williams
44,21,RUS,45,0,16,16,18,0,82,37.6,23.4,0.0,0.6,71.1,1015.3,185.0,H,2,Melbourne,Williams
45,21,RUS,46,0,16,16,18,0,82,37.6,23.4,0.0,0.6,71.1,1015.3,185.0,H,3,Melbourne,Williams
46,21,RUS,47,0,16,16,18,0,83,37.2,23.4,0.0,1.3,71.0,1015.2,0.0,H,4,Melbourne,Williams
47,21,RUS,48,0,16,16,18,0,83,37.7,23.3,0.0,0.8,71.3,1015.1,179.0,H,5,Melbourne,Williams
48,21,RUS,49,0,16,16,18,0,83,37.7,23.3,0.0,0.8,71.3,1015.1,179.0,H,6,Melbourne,Williams
49,21,RUS,50,0,16,16,18,0,83,37.6,23.4,0.0,0.7,70.4,1015.2,0.0,H,7,Melbourne,Williams
50,21,RUS,51,0,16,16,18,0,83,37.6,23.4,0.0,0.7,70.4,1015.2,0.0,H,8,Melbourne,Williams
51,21,RUS,52,0,16,16,18,0,83,37.6,23.5,0.0,0.9,70.2,1015.2,170.0,H,9,Melbourne,Williams
52,21,RUS,53,0,16,16,18,0,83,37.6,23.5,0.0,0.9,70.2,1015.2,170.0,H,10,Melbourne,Williams
53,21,RUS,54,0,16,16,18,0,83,37.3,23.6,0.0,1.1,69.6,1015.2,0.0,H,11,Melbourne,Williams
54,21,RUS,55,0,16,16,18,0,83,37.3,23.5,0.0,1.5,69.7,1015.1,188.0,H,12,Melbourne,Williams
55,21,RUS,56,0,16,16,18,0,82,37.1,23.4,0.0,1.0,70.1,1015.2,195.0,H,13,Melbourne,Williams
0,21,KUB,1,1,19,19,19,0,38,43.6,23.7,0.0,1.4,70.3,1015.4,176.0,H,0,Melbourne,Williams
1,21,KUB,2,0,19,19,19,0,33,43.3,23.6,0.0,1.3,70.1,1015.3,191.0,M,0,Melbourne,Williams
2,21,KUB,3,0,19,19,19,0,39,43.4,23.5,0.0,1.3,70.5,1015.4,68.0,M,1,Melbourne,Williams
3,21,KUB,4,0,19,20,19,0,42,43.4,23.6,0.0,0.8,70.3,1015.4,194.0,M,2,Melbourne,Williams
4,21,KUB,5,0,20,20,19,0,43,43.4,23.7,0.0,1.8,69.1,1015.3,328.0,M,3,Melbourne,Williams
5,21,KUB,6,0,20,20,19,0,42,43.0,23.7,0.0,1.2,69.1,1015.4,149.0,M,4,Melbourne,Williams
6,21,KUB,7,0,20,20,19,0,43,43.0,23.6,0.0,1.6,69.4,1015.3,184.0,M,5,Melbourne,Williams
7,21,KUB,8,0,20,20,19,0,43,42.9,23.5,0.0,2.2,70.5,1015.3,178.0,M,6,Melbourne,Williams
8,21,KUB,9,0,20,20,19,0,43,42.9,23.4,0.0,1.4,70.8,1015.3,0.0,M,7,Melbourne,Williams
9,21,KUB,10,0,20,19,19,0,43,42.3,23.5,0.0,1.2,70.3,1015.4,98.0,M,8,Melbourne,Williams
10,21,KUB,11,0,19,19,19,0,44,42.0,23.6,0.0,1.1,69.8,1015.4,192.0,M,9,Melbourne,Williams
11,21,KUB,12,0,19,19,19,0,44,41.5,23.4,0.0,1.4,70.8,1015.3,187.0,M,10,Melbourne,Williams
12,21,KUB,13,0,19,19,19,0,45,41.9,23.4,0.0,1.8,69.7,1015.4,0.0,M,11,Melbourne,Williams
13,21,KUB,14,0,19,19,19,0,45,41.5,23.4,0.0,1.5,70.5,1015.3,0.0,M,12,Melbourne,Williams
14,21,KUB,15,0,19,19,19,0,45,41.6,23.5,0.0,0.7,70.2,1015.3,181.0,M,13,Melbourne,Williams
15,21,KUB,16,0,19,19,19,0,45,41.6,23.5,0.0,0.6,70.4,1015.4,171.0,M,14,Melbourne,Williams
16,21,KUB,17,0,19,19,19,0,45,41.3,23.4,0.0,0.7,70.0,1015.4,162.0,M,15,Melbourne,Williams
17,21,KUB,18,0,19,19,19,0,45,41.7,23.3,0.0,1.3,70.6,1015.4,179.0,M,16,Melbourne,Williams
18,21,KUB,19,0,19,19,19,0,46,41.1,23.3,0.0,1.0,70.6,1015.3,182.0,M,17,Melbourne,Williams
19,21,KUB,20,0,19,19,19,0,45,41.1,23.3,0.0,0.7,70.6,1015.4,182.0,M,18,Melbourne,Williams
20,21,KUB,21,0,19,19,19,0,45,41.1,23.3,0.0,0.7,70.6,1015.4,182.0,M,19,Melbourne,Williams
21,21,KUB,22,0,19,19,19,0,45,41.1,23.3,0.0,0.7,70.6,1015.4,182.0,M,20,Melbourne,Williams
22,21,KUB,23,0,19,19,19,0,45,41.3,23.3,0.0,0.9,70.8,1015.3,184.0,M,21,Melbourne,Williams
23,21,KUB,24,0,19,19,19,0,45,40.4,23.3,0.0,1.6,70.7,1015.4,186.0,M,22,Melbourne,Williams
24,21,KUB,25,0,19,19,19,0,45,40.6,23.1,0.0,1.6,71.2,1015.4,0.0,M,23,Melbourne,Williams
25,21,KUB,26,0,19,19,19,0,45,40.6,23.1,0.0,1.6,71.2,1015.4,0.0,M,24,Melbourne,Williams
26,21,KUB,27,0,19,19,19,0,45,40.6,23.3,0.0,1.6,70.4,1015.2,176.0,M,25,Melbourne,Williams
27,21,KUB,28,0,19,19,19,0,46,40.6,23.3,0.0,1.8,70.7,1015.3,186.0,M,26,Melbourne,Williams
28,21,KUB,29,0,19,18,19,0,46,40.0,22.8,0.0,1.1,72.3,1015.3,187.0,S,0,Melbourne,Williams
29,21,KUB,30,0,18,17,19,0,46,40.2,22.9,0.0,0.9,72.1,1015.2,146.0,S,1,Melbourne,Williams
30,21,KUB,31,1,17,17,19,0,46,40.2,23.0,0.0,1.5,72.4,1015.3,168.0,S,2,Melbourne,Williams
31,21,KUB,32,0,17,17,19,0,46,40.3,23.1,0.0,1.6,71.4,1015.3,191.0,S,3,Melbourne,Williams
32,21,KUB,33,0,17,17,19,0,46,40.0,23.1,0.0,1.1,71.7,1015.2,184.0,S,4,Melbourne,Williams
33,21,KUB,34,0,17,17,19,0,46,39.6,23.1,0.0,1.4,71.9,1015.2,155.0,S,5,Melbourne,Williams
34,21,KUB,35,0,17,17,19,0,47,39.4,23.2,0.0,1.1,71.5,1015.3,182.0,S,6,Melbourne,Williams
35,21,KUB,36,0,17,17,19,0,47,39.1,23.2,0.0,1.7,71.6,1015.3,174.0,S,7,Melbourne,Williams
36,21,KUB,37,0,17,17,19,0,47,38.8,23.1,0.0,1.0,71.6,1015.4,189.0,S,8,Melbourne,Williams
37,21,KUB,38,0,17,17,19,0,47,38.6,23.3,0.0,1.2,71.5,1015.3,16.0,S,9,Melbourne,Williams
38,21,KUB,39,0,17,17,19,0,48,38.8,23.3,0.0,1.5,70.8,1015.3,165.0,S,10,Melbourne,Williams
39,21,KUB,40,0,17,17,19,0,48,38.8,23.3,0.0,1.5,70.8,1015.3,165.0,S,11,Melbourne,Williams
40,21,KUB,41,0,17,17,19,0,48,38.9,23.2,0.0,1.2,71.3,1015.2,190.0,S,12,Melbourne,Williams
41,21,KUB,42,0,17,17,19,0,48,38.6,23.2,0.0,1.3,71.5,1015.4,192.0,S,13,Melbourne,Williams
42,21,KUB,43,0,17,17,19,0,48,38.6,23.3,0.0,1.6,71.4,1015.3,147.0,S,14,Melbourne,Williams
43,21,KUB,44,0,17,17,19,0,48,38.2,23.3,0.0,1.6,71.0,1015.3,178.0,S,15,Melbourne,Williams
44,21,KUB,45,0,17,17,19,0,48,38.2,23.3,0.0,1.8,71.1,1015.2,182.0,S,2,Melbourne,Williams
45,21,KUB,46,0,17,17,19,0,48,38.4,23.3,0.0,1.4,71.7,1015.2,180.0,S,3,Melbourne,Williams
46,21,KUB,47,0,17,17,19,0,48,38.6,23.3,0.0,1.5,71.8,1015.2,284.0,S,4,Melbourne,Williams
47,21,KUB,48,0,17,17,19,0,48,37.7,23.4,0.0,0.7,71.1,1015.2,208.0,S,5,Melbourne,Williams
48,21,KUB,49,0,17,17,19,0,48,37.6,23.4,0.0,0.6,71.1,1015.3,185.0,S,6,Melbourne,Williams
49,21,KUB,50,0,17,17,19,0,49,37.7,23.3,0.0,0.8,71.3,1015.1,179.0,S,7,Melbourne,Williams
50,21,KUB,51,0,17,17,19,0,49,37.6,23.4,0.0,0.7,70.4,1015.2,0.0,S,8,Melbourne,Williams
51,21,KUB,52,0,17,17,19,0,49,37.6,23.4,0.0,0.7,70.4,1015.2,0.0,S,9,Melbourne,Williams
52,21,KUB,53,0,17,17,19,0,49,37.6,23.5,0.0,0.9,70.2,1015.2,170.0,S,10,Melbourne,Williams
53,21,KUB,54,0,17,17,19,0,49,37.3,23.5,0.0,1.5,69.7,1015.1,188.0,S,11,Melbourne,Williams
54,21,KUB,55,0,17,17,19,0,49,37.1,23.4,0.0,1.0,70.1,1015.2,195.0,S,12,Melbourne,Williams
