,driver,lap,trackStatus,position,grid,out,performance,trackTemp,airTemp,raining,windSpeed,humidity,pressure,windDir,tyre,tyreLap,track,team
0,BOT,1,0,1,2,0,46,32.2,19.0,0.0,1.6,63.2,1006.4,44.0,M,5.0,Silverstone,Mercedes
1,BOT,2,0,1,2,0,72,32.1,19.0,0.0,1.4,64.1,1006.4,279.0,M,6.0,Silverstone,Mercedes
2,BOT,3,0,1,2,0,81,31.8,19.1,0.0,0.4,63.0,1006.3,47.0,M,7.0,Silverstone,Mercedes
3,BOT,4,0,1,2,0,83,31.7,19.0,0.0,0.9,62.3,1006.3,73.0,M,8.0,Silverstone,Mercedes
4,BOT,5,0,1,2,0,86,31.5,19.3,0.0,1.5,61.5,1006.3,36.0,M,9.0,Silverstone,Mercedes
5,BOT,6,0,1,2,0,85,31.5,19.0,0.0,3.1,60.4,1006.3,31.0,M,10.0,Silverstone,Mercedes
6,BOT,7,0,1,2,0,85,31.0,18.8,0.0,2.7,59.2,1006.4,43.0,M,11.0,Silverstone,Mercedes
7,BOT,8,0,1,2,0,84,31.3,18.6,0.0,1.5,60.5,1006.4,23.0,M,12.0,Silverstone,Mercedes
8,BOT,9,0,1,2,0,84,31.2,18.7,0.0,1.1,60.1,1006.3,23.0,M,13.0,Silverstone,Mercedes
9,BOT,10,0,1,2,0,83,31.2,19.0,0.0,1.5,59.0,1006.3,45.0,M,14.0,Silverstone,Mercedes
10,BOT,11,0,1,2,0,82,31.6,18.7,0.0,3.5,58.8,1006.4,38.0,M,15.0,Silverstone,Mercedes
11,BOT,12,0,1,2,0,82,31.8,18.6,0.0,2.0,59.9,1006.3,36.0,M,16.0,Silverstone,Mercedes
12,BOT,13,0,1,2,0,81,32.4,18.6,0.0,1.4,60.3,1006.3,52.0,M,17.0,Silverstone,Mercedes
13,BOT,14,0,1,2,0,81,33.9,19.3,0.0,2.7,59.6,1006.2,24.0,M,18.0,Silverstone,Mercedes
14,BOT,15,0,1,2,0,81,33.9,19.4,0.0,1.8,58.6,1006.3,23.0,M,19.0,Silverstone,Mercedes
15,BOT,16,0,1,2,0,81,34.2,19.3,0.0,2.0,59.2,1006.4,315.0,M,20.0,Silverstone,Mercedes
16,BOT,17,0,3,2,0,81,33.9,19.1,0.0,1.8,60.1,1006.3,34.0,M,0.0,Silverstone,Mercedes
17,BOT,18,0,3,2,0,81,33.4,19.2,0.0,1.1,60.0,1006.3,24.0,M,1.0,Silverstone,Mercedes
18,BOT,19,0,3,2,0,81,33.4,19.6,0.0,0.8,58.7,1006.2,166.0,M,2.0,Silverstone,Mercedes
19,BOT,20,0,3,2,0,81,34.5,19.8,0.0,0.5,58.1,1006.2,203.0,M,3.0,Silverstone,Mercedes
20,BOT,21,0,2,2,0,81,35.0,20.0,0.0,1.2,57.9,1006.2,296.0,M,4.0,Silverstone,Mercedes
21,BOT,22,0,2,2,0,78,35.6,19.9,0.0,0.6,57.9,1006.1,0.0,M,5.0,Silverstone,Mercedes
22,BOT,23,0,2,2,0,77,33.6,19.9,0.0,2.4,57.3,1006.1,48.0,M,6.0,Silverstone,Mercedes
23,BOT,24,0,2,2,0,76,34.0,20.0,0.0,1.6,58.2,1006.2,33.0,M,7.0,Silverstone,Mercedes
24,BOT,25,0,2,2,0,76,33.6,19.9,0.0,1.7,58.5,1006.0,17.0,M,8.0,Silverstone,Mercedes
25,BOT,26,0,2,2,0,77,33.6,20.1,0.0,1.8,58.2,1006.1,45.0,M,9.0,Silverstone,Mercedes
26,BOT,27,0,2,2,0,77,33.3,20.1,0.0,1.3,57.7,1006.1,20.0,M,10.0,Silverstone,Mercedes
27,BOT,28,0,2,2,0,78,33.3,20.1,0.0,1.2,58.4,1006.1,51.0,M,11.0,Silverstone,Mercedes
28,BOT,29,0,2,2,0,78,34.2,20.2,0.0,1.4,58.2,1006.2,42.0,M,12.0,Silverstone,Mercedes
29,BOT,30,0,2,2,0,78,32.9,19.9,0.0,2.5,58.4,1006.2,38.0,M,13.0,Silverstone,Mercedes
30,BOT,31,0,2,2,0,78,31.3,19.5,0.0,2.1,59.2,1006.1,27.0,M,14.0,Silverstone,Mercedes
31,BOT,32,0,2,2,0,79,30.7,19.5,0.0,2.0,59.3,1006.1,32.0,M,15.0,Silverstone,Mercedes
32,BOT,33,0,2,2,0,79,30.6,19.5,0.0,1.4,58.8,1006.2,39.0,M,16.0,Silverstone,Mercedes
33,BOT,34,0,2,2,0,79,30.4,19.5,0.0,2.2,58.2,1006.1,38.0,M,17.0,Silverstone,Mercedes
34,BOT,35,0,2,2,0,79,30.5,19.5,0.0,2.4,57.8,1006.1,11.0,M,18.0,Silverstone,Mercedes
35,BOT,36,0,2,2,0,79,30.2,19.6,0.0,2.7,57.2,1006.3,348.0,M,19.0,Silverstone,Mercedes
36,BOT,37,0,2,2,0,79,29.8,19.5,0.0,1.6,57.8,1006.2,24.0,M,20.0,Silverstone,Mercedes
37,BOT,38,0,2,2,0,79,29.8,19.6,0.0,0.8,57.9,1006.2,84.0,M,21.0,Silverstone,Mercedes
38,BOT,39,0,2,2,0,80,29.6,19.7,0.0,1.2,57.8,1006.2,255.0,M,22.0,Silverstone,Mercedes
39,BOT,40,0,2,2,0,80,29.6,19.8,0.0,1.6,57.2,1006.3,39.0,M,23.0,Silverstone,Mercedes
40,BOT,41,0,2,2,0,80,28.5,19.0,0.0,3.5,60.7,1006.2,44.0,M,24.0,Silverstone,Mercedes
41,BOT,42,0,2,2,0,80,27.6,18.7,0.0,2.9,62.7,1006.2,14.0,M,25.0,Silverstone,Mercedes
42,BOT,43,0,2,2,0,80,27.7,18.8,0.0,2.3,62.7,1006.3,42.0,M,26.0,Silverstone,Mercedes
43,BOT,44,0,2,2,0,80,27.6,18.7,0.0,3.4,62.8,1006.3,44.0,M,27.0,Silverstone,Mercedes
44,BOT,45,0,2,2,0,80,27.5,18.6,0.0,2.3,63.8,1006.3,46.0,M,28.0,Silverstone,Mercedes
45,BOT,46,0,2,2,0,80,27.5,18.7,0.0,1.7,63.6,1006.4,60.0,S,3.0,Silverstone,Mercedes
46,BOT,47,0,2,2,0,80,27.5,18.7,0.0,2.5,62.7,1006.4,35.0,S,4.0,Silverstone,Mercedes
47,BOT,48,0,2,2,0,80,27.6,18.7,0.0,2.8,62.3,1006.4,8.0,S,5.0,Silverstone,Mercedes
48,BOT,49,0,2,2,0,80,27.8,18.7,0.0,2.8,61.9,1006.3,20.0,S,6.0,Silverstone,Mercedes
49,BOT,50,0,2,2,0,80,27.9,19.0,0.0,1.1,61.4,1006.4,22.0,S,7.0,Silverstone,Mercedes
50,BOT,51,0,2,2,0,80,28.0,19.0,0.0,2.8,61.1,1006.4,56.0,S,8.0,Silverstone,Mercedes
51,BOT,52,0,2,2,0,80,27.9,18.8,0.0,3.0,62.2,1006.4,48.0,S,9.0,Silverstone,Mercedes
0,HAM,1,0,2,1,0,63,32.2,19.0,0.0,1.6,63.2,1006.4,44.0,M,4.0,Silverstone,Mercedes
1,HAM,2,0,2,1,0,82,32.1,19.0,0.0,1.4,64.1,1006.4,279.0,M,5.0,Silverstone,Mercedes
2,HAM,3,0,2,1,0,80,31.7,19.1,0.0,1.3,62.3,1006.3,60.0,M,6.0,Silverstone,Mercedes
3,HAM,4,0,2,1,0,82,31.5,19.3,0.0,1.5,61.5,1006.3,36.0,M,7.0,Silverstone,Mercedes
4,HAM,5,0,2,1,0,84,31.1,18.7,0.0,2.6,61.6,1006.2,51.0,M,8.0,Silverstone,Mercedes
5,HAM,6,0,2,1,0,84,31.3,18.8,0.0,2.1,61.5,1006.2,38.0,M,9.0,Silverstone,Mercedes
6,HAM,7,0,2,1,0,83,31.6,18.7,0.0,3.5,58.8,1006.4,38.0,M,10.0,Silverstone,Mercedes
7,HAM,8,0,2,1,0,83,31.8,18.6,0.0,2.0,59.9,1006.3,36.0,M,11.0,Silverstone,Mercedes
8,HAM,9,0,2,1,0,82,32.4,18.6,0.0,1.4,60.3,1006.3,52.0,M,12.0,Silverstone,Mercedes
9,HAM,10,0,2,1,0,81,33.9,19.3,0.0,2.0,59.1,1006.2,57.0,M,13.0,Silverstone,Mercedes
10,HAM,11,0,2,1,0,80,33.9,19.3,0.0,2.7,59.6,1006.2,24.0,M,14.0,Silverstone,Mercedes
11,HAM,12,0,2,1,0,79,33.9,19.4,0.0,1.8,58.6,1006.3,23.0,M,15.0,Silverstone,Mercedes
12,HAM,13,0,2,1,0,78,33.9,19.2,0.0,2.4,59.2,1006.3,46.0,M,16.0,Silverstone,Mercedes
13,HAM,14,0,2,1,0,76,33.4,19.2,0.0,1.1,60.0,1006.3,24.0,M,17.0,Silverstone,Mercedes
14,HAM,15,0,2,1,0,77,35.6,19.9,0.0,0.6,57.9,1006.1,0.0,M,18.0,Silverstone,Mercedes
15,HAM,16,0,2,1,0,78,35.2,20.0,0.0,0.7,58.3,1006.1,70.0,M,19.0,Silverstone,Mercedes
16,HAM,17,0,1,1,0,78,33.6,19.9,0.0,2.4,57.3,1006.1,48.0,M,20.0,Silverstone,Mercedes
17,HAM,18,0,1,1,0,78,33.6,20.1,0.0,1.8,58.2,1006.1,45.0,M,21.0,Silverstone,Mercedes
18,HAM,19,0,1,1,0,79,33.3,20.1,0.0,1.3,57.7,1006.1,20.0,M,22.0,Silverstone,Mercedes
19,HAM,20,0,1,1,0,81,33.3,20.1,0.0,1.2,58.4,1006.1,51.0,M,23.0,Silverstone,Mercedes
20,HAM,21,0,1,1,0,82,34.2,20.2,0.0,1.4,58.2,1006.2,42.0,H,0.0,Silverstone,Mercedes
21,HAM,22,0,1,1,0,80,32.9,19.9,0.0,2.5,58.4,1006.2,38.0,H,1.0,Silverstone,Mercedes
22,HAM,23,0,1,1,0,78,32.2,19.7,0.0,3.3,58.9,1006.2,17.0,H,2.0,Silverstone,Mercedes
23,HAM,24,0,1,1,0,78,31.4,19.6,0.0,2.4,59.1,1006.1,27.0,H,3.0,Silverstone,Mercedes
24,HAM,25,0,1,1,0,78,31.4,19.6,0.0,3.3,59.0,1006.1,39.0,H,4.0,Silverstone,Mercedes
25,HAM,26,0,1,1,0,78,30.8,19.5,0.0,2.3,58.9,1006.2,33.0,H,5.0,Silverstone,Mercedes
26,HAM,27,0,1,1,0,78,30.7,19.5,0.0,2.0,59.3,1006.1,32.0,H,6.0,Silverstone,Mercedes
27,HAM,28,0,1,1,0,79,30.6,19.5,0.0,1.4,58.8,1006.2,39.0,H,7.0,Silverstone,Mercedes
28,HAM,29,0,1,1,0,79,30.4,19.5,0.0,2.2,58.2,1006.1,38.0,H,8.0,Silverstone,Mercedes
29,HAM,30,0,1,1,0,79,30.5,19.5,0.0,2.4,57.8,1006.1,11.0,H,9.0,Silverstone,Mercedes
30,HAM,31,0,1,1,0,79,30.2,19.6,0.0,2.7,57.2,1006.3,348.0,H,10.0,Silverstone,Mercedes
31,HAM,32,0,1,1,0,79,29.8,19.5,0.0,1.6,57.8,1006.2,24.0,H,11.0,Silverstone,Mercedes
32,HAM,33,0,1,1,0,79,29.8,19.6,0.0,0.8,57.9,1006.2,84.0,H,12.0,Silverstone,Mercedes
33,HAM,34,0,1,1,0,78,29.6,19.6,0.0,2.9,58.0,1006.2,21.0,H,13.0,Silverstone,Mercedes
34,HAM,35,0,1,1,0,78,29.1,19.4,0.0,2.4,58.6,1006.3,32.0,H,14.0,Silverstone,Mercedes
35,HAM,36,0,1,1,0,78,28.7,19.0,0.0,3.8,60.4,1006.2,28.0,H,15.0,Silverstone,Mercedes
36,HAM,37,0,1,1,0,78,28.5,19.0,0.0,3.5,60.7,1006.2,44.0,H,16.0,Silverstone,Mercedes
37,HAM,38,0,1,1,0,78,28.2,19.0,0.0,2.7,61.3,1006.3,34.0,H,17.0,Silverstone,Mercedes
38,HAM,39,0,1,1,0,78,28.2,19.0,0.0,3.8,61.5,1006.2,44.0,H,18.0,Silverstone,Mercedes
39,HAM,40,0,1,1,0,78,27.7,18.8,0.0,3.4,61.9,1006.2,43.0,H,19.0,Silverstone,Mercedes
40,HAM,41,0,1,1,0,78,27.7,18.7,0.0,3.5,62.3,1006.2,52.0,H,20.0,Silverstone,Mercedes
41,HAM,42,0,1,1,0,78,27.6,18.7,0.0,2.9,62.7,1006.2,14.0,H,21.0,Silverstone,Mercedes
42,HAM,43,0,1,1,0,78,27.6,18.7,0.0,3.4,62.8,1006.3,44.0,H,22.0,Silverstone,Mercedes
43,HAM,44,0,1,1,0,78,27.5,18.6,0.0,2.5,63.8,1006.4,356.0,H,23.0,Silverstone,Mercedes
44,HAM,45,0,1,1,0,78,27.5,18.7,0.0,1.7,63.6,1006.4,60.0,H,24.0,Silverstone,Mercedes
45,HAM,46,0,1,1,0,78,27.5,18.7,0.0,2.5,62.7,1006.4,35.0,H,25.0,Silverstone,Mercedes
46,HAM,47,0,1,1,0,78,27.6,18.7,0.0,2.8,62.3,1006.4,8.0,H,26.0,Silverstone,Mercedes
47,HAM,48,0,1,1,0,78,27.8,18.7,0.0,2.8,61.9,1006.3,20.0,H,27.0,Silverstone,Mercedes
48,HAM,49,0,1,1,0,77,27.8,18.9,0.0,2.6,62.1,1006.4,12.0,H,28.0,Silverstone,Mercedes
49,HAM,50,0,1,1,0,78,27.9,19.0,0.0,1.1,61.4,1006.4,22.0,H,29.0,Silverstone,Mercedes
50,HAM,51,0,1,1,0,77,28.0,19.0,0.0,2.8,61.1,1006.4,56.0,H,30.0,Silverstone,Mercedes
51,HAM,52,0,1,1,0,78,27.9,18.8,0.0,2.9,61.7,1006.4,51.0,H,31.0,Silverstone,Mercedes
0,LEC,1,0,3,3,0,55,32.5,18.9,0.0,1.6,64.5,1006.4,27.0,S,3.0,Silverstone,Ferrari
1,LEC,2,0,3,3,0,71,32.5,18.9,0.0,2.6,64.6,1006.4,31.0,S,4.0,Silverstone,Ferrari
2,LEC,3,0,3,3,0,73,32.2,19.0,0.0,1.6,63.2,1006.4,44.0,S,5.0,Silverstone,Ferrari
3,LEC,4,0,3,3,0,72,32.1,19.0,0.0,1.4,64.1,1006.4,279.0,S,6.0,Silverstone,Ferrari
4,LEC,5,0,3,3,0,73,31.8,19.1,0.0,0.4,63.0,1006.3,47.0,S,7.0,Silverstone,Ferrari
5,LEC,6,0,3,3,0,73,31.7,19.1,0.0,1.3,62.3,1006.3,60.0,S,8.0,Silverstone,Ferrari
6,LEC,7,0,3,3,0,73,31.7,19.0,0.0,0.9,62.3,1006.3,73.0,S,9.0,Silverstone,Ferrari
7,LEC,8,0,3,3,0,73,31.5,19.3,0.0,1.5,61.5,1006.3,36.0,S,10.0,Silverstone,Ferrari
8,LEC,9,0,3,3,0,73,31.5,19.0,0.0,3.1,60.4,1006.3,31.0,S,11.0,Silverstone,Ferrari
9,LEC,10,0,3,3,0,73,31.0,18.8,0.0,2.7,59.2,1006.4,43.0,S,12.0,Silverstone,Ferrari
10,LEC,11,0,3,3,0,73,31.1,18.7,0.0,2.6,61.6,1006.2,51.0,S,13.0,Silverstone,Ferrari
11,LEC,12,0,3,3,0,73,31.2,18.7,0.0,1.1,60.1,1006.3,23.0,S,14.0,Silverstone,Ferrari
12,LEC,13,0,3,3,0,73,31.2,19.0,0.0,1.5,59.0,1006.3,45.0,S,15.0,Silverstone,Ferrari
13,LEC,14,0,4,3,0,73,31.6,18.7,0.0,3.5,58.8,1006.4,38.0,M,3.0,Silverstone,Ferrari
14,LEC,15,0,4,3,0,73,31.8,18.6,0.0,2.0,59.9,1006.3,36.0,M,4.0,Silverstone,Ferrari
15,LEC,16,0,4,3,0,73,32.4,18.6,0.0,1.4,60.3,1006.3,52.0,M,5.0,Silverstone,Ferrari
16,LEC,17,0,4,3,0,73,33.1,18.9,0.0,0.5,59.9,1006.3,30.0,M,6.0,Silverstone,Ferrari
17,LEC,18,0,4,3,0,73,33.9,19.4,0.0,1.8,58.6,1006.3,23.0,M,7.0,Silverstone,Ferrari
18,LEC,19,0,4,3,0,74,34.2,19.3,0.0,2.0,59.2,1006.4,315.0,M,8.0,Silverstone,Ferrari
19,LEC,20,0,5,3,0,75,33.9,19.1,0.0,1.8,60.1,1006.3,34.0,M,9.0,Silverstone,Ferrari
20,LEC,21,0,4,3,0,75,33.4,19.6,0.0,0.8,58.7,1006.2,166.0,M,10.0,Silverstone,Ferrari
21,LEC,22,0,6,3,0,75,34.5,19.8,0.0,0.5,58.1,1006.2,203.0,H,0.0,Silverstone,Ferrari
22,LEC,23,0,6,3,0,73,35.0,20.0,0.0,1.2,57.9,1006.2,296.0,H,1.0,Silverstone,Ferrari
23,LEC,24,0,6,3,0,72,33.6,19.9,0.0,2.4,57.3,1006.1,48.0,H,2.0,Silverstone,Ferrari
24,LEC,25,0,6,3,0,72,34.0,20.0,0.0,1.6,58.2,1006.2,33.0,H,3.0,Silverstone,Ferrari
25,LEC,26,0,6,3,0,72,33.6,19.9,0.0,1.7,58.5,1006.0,17.0,H,4.0,Silverstone,Ferrari
26,LEC,27,0,6,3,0,73,33.6,20.1,0.0,1.8,58.2,1006.1,45.0,H,5.0,Silverstone,Ferrari
27,LEC,28,0,6,3,0,73,33.3,20.1,0.0,1.2,58.4,1006.1,51.0,H,6.0,Silverstone,Ferrari
28,LEC,29,0,6,3,0,73,32.9,19.9,0.0,2.5,58.4,1006.2,38.0,H,7.0,Silverstone,Ferrari
29,LEC,30,0,6,3,0,73,31.3,19.5,0.0,2.1,59.2,1006.1,27.0,H,8.0,Silverstone,Ferrari
30,LEC,31,0,6,3,0,73,30.7,19.5,0.0,2.0,59.3,1006.1,32.0,H,9.0,Silverstone,Ferrari
31,LEC,32,0,6,3,0,73,30.5,19.5,0.0,1.7,58.8,1006.2,42.0,H,10.0,Silverstone,Ferrari
32,LEC,33,0,6,3,0,73,30.4,19.5,0.0,2.2,58.2,1006.1,38.0,H,11.0,Silverstone,Ferrari
33,LEC,34,0,6,3,0,73,30.5,19.5,0.0,2.4,57.8,1006.1,11.0,H,12.0,Silverstone,Ferrari
34,LEC,35,0,6,3,0,73,29.8,19.6,0.0,0.8,57.9,1006.2,84.0,H,13.0,Silverstone,Ferrari
35,LEC,36,0,5,3,0,73,29.1,19.4,0.0,2.4,58.6,1006.3,32.0,H,14.0,Silverstone,Ferrari
36,LEC,37,0,3,3,0,73,29.0,19.2,0.0,3.5,59.8,1006.3,40.0,H,15.0,Silverstone,Ferrari
37,LEC,38,0,3,3,0,74,28.7,19.0,0.0,3.8,60.4,1006.2,28.0,H,16.0,Silverstone,Ferrari
38,LEC,39,0,3,3,0,74,28.5,19.0,0.0,3.5,60.7,1006.2,44.0,H,17.0,Silverstone,Ferrari
39,LEC,40,0,3,3,0,74,28.2,19.0,0.0,3.8,61.5,1006.2,44.0,H,18.0,Silverstone,Ferrari
40,LEC,41,0,3,3,0,74,28.1,19.0,0.0,2.9,61.8,1006.2,51.0,H,19.0,Silverstone,Ferrari
41,LEC,42,0,3,3,0,74,27.7,18.8,0.0,3.4,61.9,1006.2,43.0,H,20.0,Silverstone,Ferrari
42,LEC,43,0,3,3,0,74,27.6,18.7,0.0,2.9,62.7,1006.2,14.0,H,21.0,Silverstone,Ferrari
43,LEC,44,0,3,3,0,74,27.7,18.8,0.0,2.8,62.5,1006.3,22.0,H,22.0,Silverstone,Ferrari
44,LEC,45,0,3,3,0,74,27.5,18.6,0.0,2.3,63.8,1006.3,46.0,H,23.0,Silverstone,Ferrari
45,LEC,46,0,3,3,0,74,27.5,18.7,0.0,1.7,63.6,1006.4,60.0,H,24.0,Silverstone,Ferrari
46,LEC,47,0,3,3,0,74,27.5,18.7,0.0,2.5,62.7,1006.4,35.0,H,25.0,Silverstone,Ferrari
47,LEC,48,0,3,3,0,74,27.6,18.7,0.0,2.8,62.3,1006.4,8.0,H,26.0,Silverstone,Ferrari
48,LEC,49,0,3,3,0,74,27.8,18.7,0.0,2.8,61.9,1006.3,20.0,H,27.0,Silverstone,Ferrari
49,LEC,50,0,3,3,0,74,27.8,18.9,0.0,2.6,62.1,1006.4,12.0,H,28.0,Silverstone,Ferrari
50,LEC,51,0,3,3,0,74,27.9,19.0,0.0,1.1,61.4,1006.4,22.0,H,29.0,Silverstone,Ferrari
51,LEC,52,0,3,3,0,75,28.0,19.0,0.0,2.8,61.1,1006.4,56.0,H,30.0,Silverstone,Ferrari
0,VER,1,0,4,5,0,48,32.5,18.9,0.0,1.6,64.5,1006.4,27.0,M,5.0,Silverstone,Red Bull Racing
1,VER,2,0,4,5,0,73,32.5,18.9,0.0,2.6,64.6,1006.4,31.0,M,6.0,Silverstone,Red Bull Racing
2,VER,3,0,4,5,0,69,32.2,19.0,0.0,1.6,63.2,1006.4,44.0,M,7.0,Silverstone,Red Bull Racing
3,VER,4,0,4,5,0,65,31.7,19.1,0.0,1.3,62.3,1006.3,60.0,M,8.0,Silverstone,Red Bull Racing
4,VER,5,0,4,5,0,63,31.7,19.0,0.0,0.9,62.3,1006.3,73.0,M,9.0,Silverstone,Red Bull Racing
5,VER,6,0,4,5,0,63,31.5,19.3,0.0,1.5,61.5,1006.3,36.0,M,10.0,Silverstone,Red Bull Racing
6,VER,7,0,4,5,0,62,31.3,19.0,0.0,1.9,59.7,1006.3,48.0,M,11.0,Silverstone,Red Bull Racing
7,VER,8,0,4,5,0,63,31.3,18.7,0.0,1.7,61.1,1006.3,24.0,M,12.0,Silverstone,Red Bull Racing
8,VER,9,0,4,5,0,64,31.2,18.7,0.0,1.1,60.1,1006.3,23.0,M,13.0,Silverstone,Red Bull Racing
9,VER,10,0,4,5,0,64,30.9,18.8,0.0,1.1,59.4,1006.3,45.0,M,14.0,Silverstone,Red Bull Racing
10,VER,11,0,4,5,0,65,31.8,18.6,0.0,2.0,59.9,1006.3,36.0,M,15.0,Silverstone,Red Bull Racing
11,VER,12,0,4,5,0,65,32.4,18.6,0.0,1.4,60.3,1006.3,52.0,M,16.0,Silverstone,Red Bull Racing
12,VER,13,0,4,5,0,64,33.1,18.9,0.0,0.5,59.9,1006.3,30.0,M,17.0,Silverstone,Red Bull Racing
13,VER,14,0,5,5,0,63,33.9,19.3,0.0,2.0,59.1,1006.2,57.0,M,0.0,Silverstone,Red Bull Racing
14,VER,15,0,5,5,0,64,33.9,19.4,0.0,1.8,58.6,1006.3,23.0,M,1.0,Silverstone,Red Bull Racing
15,VER,16,0,5,5,0,63,34.2,19.3,0.0,2.0,59.2,1006.4,315.0,M,2.0,Silverstone,Red Bull Racing
16,VER,17,0,5,5,0,63,34.3,19.4,0.0,1.4,59.4,1006.2,51.0,M,3.0,Silverstone,Red Bull Racing
17,VER,18,0,5,5,0,63,33.9,19.1,0.0,1.8,60.1,1006.3,34.0,M,4.0,Silverstone,Red Bull Racing
18,VER,19,0,5,5,0,64,33.4,19.6,0.0,0.8,58.7,1006.2,166.0,M,5.0,Silverstone,Red Bull Racing
19,VER,20,0,4,5,0,65,34.5,19.8,0.0,0.5,58.1,1006.2,203.0,M,6.0,Silverstone,Red Bull Racing
20,VER,21,0,6,5,0,65,35.0,20.0,0.0,1.2,57.9,1006.2,296.0,H,0.0,Silverstone,Red Bull Racing
21,VER,22,0,5,5,0,65,35.6,19.9,0.0,0.6,57.9,1006.1,0.0,H,1.0,Silverstone,Red Bull Racing
22,VER,23,0,5,5,0,65,34.0,20.0,0.0,1.6,58.2,1006.2,33.0,H,2.0,Silverstone,Red Bull Racing
23,VER,24,0,5,5,0,65,33.3,20.1,0.0,1.3,57.7,1006.1,20.0,H,3.0,Silverstone,Red Bull Racing
24,VER,25,0,5,5,0,65,33.3,20.1,0.0,1.2,58.4,1006.1,51.0,H,4.0,Silverstone,Red Bull Racing
25,VER,26,0,5,5,0,66,34.2,20.2,0.0,1.4,58.2,1006.2,42.0,H,5.0,Silverstone,Red Bull Racing
26,VER,27,0,4,5,0,66,32.2,19.7,0.0,3.3,58.9,1006.2,17.0,H,6.0,Silverstone,Red Bull Racing
27,VER,28,0,4,5,0,67,31.4,19.6,0.0,2.4,59.1,1006.1,27.0,H,7.0,Silverstone,Red Bull Racing
28,VER,29,0,4,5,0,67,31.4,19.6,0.0,3.3,59.0,1006.1,39.0,H,8.0,Silverstone,Red Bull Racing
29,VER,30,0,4,5,0,67,31.3,19.5,0.0,2.1,59.2,1006.1,27.0,H,9.0,Silverstone,Red Bull Racing
30,VER,31,0,4,5,0,67,30.8,19.5,0.0,2.3,58.9,1006.2,33.0,H,10.0,Silverstone,Red Bull Racing
31,VER,32,0,4,5,0,68,30.6,19.5,0.0,1.4,58.8,1006.2,39.0,H,11.0,Silverstone,Red Bull Racing
32,VER,33,0,4,5,0,68,30.5,19.5,0.0,1.7,58.8,1006.2,42.0,H,12.0,Silverstone,Red Bull Racing
33,VER,34,0,4,5,0,68,30.5,19.5,0.0,2.4,57.8,1006.1,11.0,H,13.0,Silverstone,Red Bull Racing
34,VER,35,0,4,5,0,69,29.8,19.5,0.0,1.6,57.8,1006.2,24.0,H,14.0,Silverstone,Red Bull Racing
35,VER,36,0,4,5,0,69,29.8,19.6,0.0,0.8,57.9,1006.2,84.0,H,15.0,Silverstone,Red Bull Racing
36,VER,37,0,6,5,0,69,29.6,19.7,0.0,1.2,57.8,1006.2,255.0,H,16.0,Silverstone,Red Bull Racing
37,VER,38,0,5,5,0,69,29.6,19.8,0.0,1.6,57.2,1006.3,39.0,H,17.0,Silverstone,Red Bull Racing
38,VER,39,0,5,5,0,70,29.6,19.6,0.0,2.9,58.0,1006.2,21.0,H,18.0,Silverstone,Red Bull Racing
39,VER,40,0,5,5,0,71,29.1,19.4,0.0,2.4,58.6,1006.3,32.0,H,19.0,Silverstone,Red Bull Racing
40,VER,41,0,5,5,0,71,28.7,19.0,0.0,3.8,60.4,1006.2,28.0,H,20.0,Silverstone,Red Bull Racing
41,VER,42,0,5,5,0,72,28.2,19.0,0.0,3.8,61.5,1006.2,44.0,H,21.0,Silverstone,Red Bull Racing
42,VER,43,0,5,5,0,72,27.7,18.8,0.0,3.4,61.9,1006.2,43.0,H,22.0,Silverstone,Red Bull Racing
43,VER,44,0,5,5,0,72,27.6,18.7,0.0,2.9,62.7,1006.2,14.0,H,23.0,Silverstone,Red Bull Racing
44,VER,45,0,5,5,0,72,27.7,18.8,0.0,2.8,62.5,1006.3,22.0,H,24.0,Silverstone,Red Bull Racing
45,VER,46,0,5,5,0,73,27.7,18.8,0.0,2.3,62.7,1006.3,42.0,H,25.0,Silverstone,Red Bull Racing
46,VER,47,0,5,5,0,73,27.6,18.7,0.0,3.4,62.8,1006.3,44.0,H,26.0,Silverstone,Red Bull Racing
47,VER,48,0,5,5,0,73,27.5,18.7,0.0,1.7,63.6,1006.4,60.0,H,27.0,Silverstone,Red Bull Racing
48,VER,49,0,5,5,0,74,27.6,18.7,0.0,2.8,62.3,1006.4,8.0,H,28.0,Silverstone,Red Bull Racing
49,VER,50,0,5,5,0,74,27.8,18.7,0.0,2.8,61.9,1006.3,20.0,H,29.0,Silverstone,Red Bull Racing
50,VER,51,0,5,5,0,75,27.8,18.9,0.0,2.6,62.1,1006.4,12.0,H,30.0,Silverstone,Red Bull Racing
51,VER,52,0,5,5,0,75,27.9,18.8,0.0,3.0,62.2,1006.4,48.0,H,31.0,Silverstone,Red Bull Racing
0,GAS,1,0,6,4,0,58,32.5,18.9,0.0,1.6,64.5,1006.4,27.0,M,5.0,Silverstone,Red Bull Racing
1,GAS,2,0,6,4,0,75,32.1,19.0,0.0,1.4,64.1,1006.4,279.0,M,6.0,Silverstone,Red Bull Racing
2,GAS,3,0,6,4,0,72,31.8,19.1,0.0,0.4,63.0,1006.3,47.0,M,7.0,Silverstone,Red Bull Racing
3,GAS,4,0,6,4,0,73,31.7,19.1,0.0,1.3,62.3,1006.3,60.0,M,8.0,Silverstone,Red Bull Racing
4,GAS,5,0,6,4,0,74,31.5,19.0,0.0,3.1,60.4,1006.3,31.0,M,9.0,Silverstone,Red Bull Racing
5,GAS,6,0,6,4,0,72,31.0,18.8,0.0,2.7,59.2,1006.4,43.0,M,10.0,Silverstone,Red Bull Racing
6,GAS,7,0,6,4,0,71,31.1,18.7,0.0,2.6,61.6,1006.2,51.0,M,11.0,Silverstone,Red Bull Racing
7,GAS,8,0,6,4,0,70,31.3,18.8,0.0,2.1,61.5,1006.2,38.0,M,12.0,Silverstone,Red Bull Racing
8,GAS,9,0,6,4,0,70,31.3,18.7,0.0,1.7,61.1,1006.3,24.0,M,13.0,Silverstone,Red Bull Racing
9,GAS,10,0,6,4,0,69,31.2,19.0,0.0,1.5,59.0,1006.3,45.0,M,14.0,Silverstone,Red Bull Racing
10,GAS,11,0,6,4,0,69,31.6,18.7,0.0,3.5,58.8,1006.4,38.0,M,15.0,Silverstone,Red Bull Racing
11,GAS,12,0,5,4,0,69,31.8,18.6,0.0,2.0,59.9,1006.3,36.0,M,16.0,Silverstone,Red Bull Racing
12,GAS,13,0,10,4,0,69,33.1,18.9,0.0,0.5,59.9,1006.3,30.0,H,0.0,Silverstone,Red Bull Racing
13,GAS,14,0,7,4,0,69,33.9,19.3,0.0,2.0,59.1,1006.2,57.0,H,1.0,Silverstone,Red Bull Racing
14,GAS,15,0,7,4,0,69,33.9,19.4,0.0,1.8,58.6,1006.3,23.0,H,2.0,Silverstone,Red Bull Racing
15,GAS,16,0,7,4,0,68,34.2,19.3,0.0,2.0,59.2,1006.4,315.0,H,3.0,Silverstone,Red Bull Racing
16,GAS,17,0,7,4,0,68,34.3,19.4,0.0,1.4,59.4,1006.2,51.0,H,4.0,Silverstone,Red Bull Racing
17,GAS,18,0,7,4,0,68,33.9,19.2,0.0,2.4,59.2,1006.3,46.0,H,5.0,Silverstone,Red Bull Racing
18,GAS,19,0,7,4,0,69,33.4,19.2,0.0,1.1,60.0,1006.3,24.0,H,6.0,Silverstone,Red Bull Racing
19,GAS,20,0,7,4,0,70,35.0,20.0,0.0,1.2,57.9,1006.2,296.0,H,7.0,Silverstone,Red Bull Racing
20,GAS,21,0,5,4,0,69,35.6,19.9,0.0,0.6,57.9,1006.1,0.0,H,8.0,Silverstone,Red Bull Racing
21,GAS,22,0,4,4,0,67,35.2,20.0,0.0,0.7,58.3,1006.1,70.0,H,9.0,Silverstone,Red Bull Racing
22,GAS,23,0,4,4,0,65,34.0,20.0,0.0,1.6,58.2,1006.2,33.0,H,10.0,Silverstone,Red Bull Racing
23,GAS,24,0,4,4,0,65,33.6,19.9,0.0,1.7,58.5,1006.0,17.0,H,11.0,Silverstone,Red Bull Racing
24,GAS,25,0,4,4,0,65,33.6,20.1,0.0,1.8,58.2,1006.1,45.0,H,12.0,Silverstone,Red Bull Racing
25,GAS,26,0,4,4,0,65,33.3,20.1,0.0,1.3,57.7,1006.1,20.0,H,13.0,Silverstone,Red Bull Racing
26,GAS,27,0,5,4,0,66,33.3,20.1,0.0,1.2,58.4,1006.1,51.0,H,14.0,Silverstone,Red Bull Racing
27,GAS,28,0,5,4,0,66,34.2,20.2,0.0,1.4,58.2,1006.2,42.0,H,15.0,Silverstone,Red Bull Racing
28,GAS,29,0,5,4,0,66,32.9,19.9,0.0,2.5,58.4,1006.2,38.0,H,16.0,Silverstone,Red Bull Racing
29,GAS,30,0,5,4,0,67,32.2,19.7,0.0,3.3,58.9,1006.2,17.0,H,17.0,Silverstone,Red Bull Racing
30,GAS,31,0,5,4,0,67,31.4,19.6,0.0,2.4,59.1,1006.1,27.0,H,18.0,Silverstone,Red Bull Racing
31,GAS,32,0,5,4,0,68,31.4,19.6,0.0,3.3,59.0,1006.1,39.0,H,19.0,Silverstone,Red Bull Racing
32,GAS,33,0,5,4,0,68,31.3,19.5,0.0,2.1,59.2,1006.1,27.0,H,20.0,Silverstone,Red Bull Racing
33,GAS,34,0,5,4,0,68,30.2,19.6,0.0,2.7,57.2,1006.3,348.0,H,21.0,Silverstone,Red Bull Racing
34,GAS,35,0,5,4,0,69,29.8,19.6,0.0,0.8,57.9,1006.2,84.0,H,22.0,Silverstone,Red Bull Racing
35,GAS,36,0,6,4,0,69,29.6,19.8,0.0,1.6,57.2,1006.3,39.0,H,23.0,Silverstone,Red Bull Racing
36,GAS,37,0,4,4,0,70,29.6,19.6,0.0,2.9,58.0,1006.2,21.0,H,24.0,Silverstone,Red Bull Racing
37,GAS,38,0,4,4,0,70,29.1,19.4,0.0,2.4,58.6,1006.3,32.0,H,25.0,Silverstone,Red Bull Racing
38,GAS,39,0,4,4,0,70,29.0,19.2,0.0,3.5,59.8,1006.3,40.0,H,26.0,Silverstone,Red Bull Racing
39,GAS,40,0,4,4,0,71,28.7,19.0,0.0,3.8,60.4,1006.2,28.0,H,27.0,Silverstone,Red Bull Racing
40,GAS,41,0,4,4,0,71,28.2,19.1,0.0,2.6,60.7,1006.3,48.0,H,28.0,Silverstone,Red Bull Racing
41,GAS,42,0,4,4,0,71,28.2,19.0,0.0,3.8,61.5,1006.2,44.0,H,29.0,Silverstone,Red Bull Racing
42,GAS,43,0,4,4,0,72,27.7,18.8,0.0,3.4,61.9,1006.2,43.0,H,30.0,Silverstone,Red Bull Racing
43,GAS,44,0,4,4,0,72,27.6,18.7,0.0,2.9,62.7,1006.2,14.0,H,31.0,Silverstone,Red Bull Racing
44,GAS,45,0,4,4,0,72,27.7,18.8,0.0,2.8,62.5,1006.3,22.0,H,32.0,Silverstone,Red Bull Racing
45,GAS,46,0,4,4,0,72,27.7,18.8,0.0,2.3,62.7,1006.3,42.0,H,33.0,Silverstone,Red Bull Racing
46,GAS,47,0,4,4,0,73,27.5,18.6,0.0,2.5,63.8,1006.4,356.0,H,34.0,Silverstone,Red Bull Racing
47,GAS,48,0,4,4,0,73,27.5,18.7,0.0,2.5,62.7,1006.4,35.0,H,35.0,Silverstone,Red Bull Racing
48,GAS,49,0,4,4,0,73,27.6,18.7,0.0,2.8,62.3,1006.4,8.0,H,36.0,Silverstone,Red Bull Racing
49,GAS,50,0,4,4,0,74,27.8,18.7,0.0,2.8,61.9,1006.3,20.0,H,37.0,Silverstone,Red Bull Racing
50,GAS,51,0,4,4,0,74,28.0,19.0,0.0,2.8,61.1,1006.4,56.0,H,38.0,Silverstone,Red Bull Racing
51,GAS,52,0,4,4,0,74,27.9,18.8,0.0,2.9,61.7,1006.4,51.0,H,39.0,Silverstone,Red Bull Racing
0,VET,1,0,5,16,0,56,32.5,18.9,0.0,2.6,64.6,1006.4,31.0,S,3.0,Silverstone,Ferrari
1,VET,2,0,5,16,0,71,32.2,19.0,0.0,1.6,63.2,1006.4,44.0,S,4.0,Silverstone,Ferrari
2,VET,3,0,5,16,0,74,31.8,19.1,0.0,0.4,63.0,1006.3,47.0,S,5.0,Silverstone,Ferrari
3,VET,4,0,5,16,0,75,31.5,19.3,0.0,1.5,61.5,1006.3,36.0,S,6.0,Silverstone,Ferrari
4,VET,5,0,5,16,0,75,31.5,19.0,0.0,3.1,60.4,1006.3,31.0,S,7.0,Silverstone,Ferrari
5,VET,6,0,5,16,0,75,31.0,18.8,0.0,2.7,59.2,1006.4,43.0,S,8.0,Silverstone,Ferrari
6,VET,7,0,5,16,0,74,31.1,18.7,0.0,2.6,61.6,1006.2,51.0,S,9.0,Silverstone,Ferrari
7,VET,8,0,5,16,0,73,31.3,18.8,0.0,2.1,61.5,1006.2,38.0,S,10.0,Silverstone,Ferrari
8,VET,9,0,5,16,0,72,31.2,18.7,0.0,1.1,60.1,1006.3,23.0,S,11.0,Silverstone,Ferrari
9,VET,10,0,5,16,0,71,30.9,18.8,0.0,1.1,59.4,1006.3,45.0,S,12.0,Silverstone,Ferrari
10,VET,11,0,5,16,0,70,31.2,19.0,0.0,1.5,59.0,1006.3,45.0,S,13.0,Silverstone,Ferrari
11,VET,12,0,6,16,0,69,31.8,18.6,0.0,2.0,59.9,1006.3,36.0,S,14.0,Silverstone,Ferrari
12,VET,13,0,5,16,0,69,32.4,18.6,0.0,1.4,60.3,1006.3,52.0,S,15.0,Silverstone,Ferrari
13,VET,14,0,3,16,0,69,33.1,18.9,0.0,0.5,59.9,1006.3,30.0,S,16.0,Silverstone,Ferrari
14,VET,15,0,3,16,0,70,33.9,19.3,0.0,2.7,59.6,1006.2,24.0,S,17.0,Silverstone,Ferrari
15,VET,16,0,3,16,0,70,33.9,19.4,0.0,1.8,58.6,1006.3,23.0,S,18.0,Silverstone,Ferrari
16,VET,17,0,2,16,0,70,34.2,19.3,0.0,2.0,59.2,1006.4,315.0,S,19.0,Silverstone,Ferrari
17,VET,18,0,2,16,0,70,33.9,19.2,0.0,2.4,59.2,1006.3,46.0,S,20.0,Silverstone,Ferrari
18,VET,19,0,2,16,0,70,33.9,19.1,0.0,1.8,60.1,1006.3,34.0,S,21.0,Silverstone,Ferrari
19,VET,20,0,2,16,0,72,33.4,19.2,0.0,1.1,60.0,1006.3,24.0,S,22.0,Silverstone,Ferrari
20,VET,21,0,3,16,0,73,35.0,20.0,0.0,1.2,57.9,1006.2,296.0,H,0.0,Silverstone,Ferrari
21,VET,22,0,3,16,0,72,35.6,19.9,0.0,0.6,57.9,1006.1,0.0,H,1.0,Silverstone,Ferrari
22,VET,23,0,3,16,0,70,35.2,20.0,0.0,0.7,58.3,1006.1,70.0,H,2.0,Silverstone,Ferrari
23,VET,24,0,3,16,0,69,33.6,20.1,0.0,1.8,58.2,1006.1,45.0,H,3.0,Silverstone,Ferrari
24,VET,25,0,3,16,0,69,33.3,20.1,0.0,1.2,58.4,1006.1,51.0,H,4.0,Silverstone,Ferrari
25,VET,26,0,3,16,0,69,34.2,20.2,0.0,1.4,58.2,1006.2,42.0,H,5.0,Silverstone,Ferrari
26,VET,27,0,3,16,0,70,32.9,19.9,0.0,2.5,58.4,1006.2,38.0,H,6.0,Silverstone,Ferrari
27,VET,28,0,3,16,0,71,32.2,19.7,0.0,3.3,58.9,1006.2,17.0,H,7.0,Silverstone,Ferrari
28,VET,29,0,3,16,0,71,31.4,19.6,0.0,3.3,59.0,1006.1,39.0,H,8.0,Silverstone,Ferrari
29,VET,30,0,3,16,0,72,31.3,19.5,0.0,2.1,59.2,1006.1,27.0,H,9.0,Silverstone,Ferrari
30,VET,31,0,3,16,0,72,30.8,19.5,0.0,2.3,58.9,1006.2,33.0,H,10.0,Silverstone,Ferrari
31,VET,32,0,3,16,0,72,30.4,19.5,0.0,2.2,58.2,1006.1,38.0,H,11.0,Silverstone,Ferrari
32,VET,33,0,3,16,0,72,30.5,19.5,0.0,2.4,57.8,1006.1,11.0,H,12.0,Silverstone,Ferrari
33,VET,34,0,3,16,0,71,30.2,19.6,0.0,2.7,57.2,1006.3,348.0,H,13.0,Silverstone,Ferrari
34,VET,35,0,3,16,0,71,29.8,19.6,0.0,0.8,57.9,1006.2,84.0,H,14.0,Silverstone,Ferrari
35,VET,36,0,3,16,0,72,29.6,19.7,0.0,1.2,57.8,1006.2,255.0,H,15.0,Silverstone,Ferrari
36,VET,37,0,5,16,0,72,29.6,19.8,0.0,1.6,57.2,1006.3,39.0,H,16.0,Silverstone,Ferrari
37,VET,38,0,14,16,0,71,29.6,19.6,0.0,2.9,58.0,1006.2,21.0,H,17.0,Silverstone,Ferrari
38,VET,39,0,17,16,0,71,28.7,19.0,0.0,3.8,60.4,1006.2,28.0,M,0.0,Silverstone,Ferrari
39,VET,40,0,17,16,0,70,28.5,19.0,0.0,3.5,60.7,1006.2,44.0,M,1.0,Silverstone,Ferrari
40,VET,41,0,17,16,0,70,28.2,19.0,0.0,2.7,61.3,1006.3,34.0,M,2.0,Silverstone,Ferrari
41,VET,42,0,17,16,0,70,28.1,19.0,0.0,2.9,61.8,1006.2,51.0,M,3.0,Silverstone,Ferrari
42,VET,43,0,17,16,0,69,27.6,18.7,0.0,2.9,62.7,1006.2,14.0,M,4.0,Silverstone,Ferrari
43,VET,44,0,17,16,0,69,27.7,18.8,0.0,2.8,62.5,1006.3,22.0,M,5.0,Silverstone,Ferrari
44,VET,45,0,17,16,0,69,27.6,18.7,0.0,3.4,62.8,1006.3,44.0,M,6.0,Silverstone,Ferrari
45,VET,46,0,17,16,0,69,27.5,18.6,0.0,2.3,63.8,1006.3,46.0,M,7.0,Silverstone,Ferrari
46,VET,47,0,16,16,0,69,27.5,18.6,0.0,2.5,63.8,1006.4,356.0,M,8.0,Silverstone,Ferrari
47,VET,48,0,16,16,0,69,27.5,18.7,0.0,1.7,63.6,1006.4,60.0,M,9.0,Silverstone,Ferrari
48,VET,49,0,15,16,0,69,27.6,18.7,0.0,2.8,62.3,1006.4,8.0,M,10.0,Silverstone,Ferrari
49,VET,50,0,15,16,0,68,28.0,19.0,0.0,2.8,61.1,1006.4,56.0,M,11.0,Silverstone,Ferrari
50,VET,51,0,15,16,0,68,27.9,18.8,0.0,2.9,61.7,1006.4,51.0,M,12.0,Silverstone,Ferrari
0,RIC,1,0,8,7,0,54,32.5,18.9,0.0,2.6,64.6,1006.4,31.0,S,3.0,Silverstone,Renault
1,RIC,2,0,8,7,0,66,32.1,19.0,0.0,1.4,64.1,1006.4,279.0,S,4.0,Silverstone,Renault
2,RIC,3,0,8,7,0,67,31.7,19.1,0.0,1.3,62.3,1006.3,60.0,S,5.0,Silverstone,Renault
3,RIC,4,0,8,7,0,64,31.7,19.0,0.0,0.9,62.3,1006.3,73.0,S,6.0,Silverstone,Renault
4,RIC,5,0,8,7,0,63,31.5,19.3,0.0,1.5,61.5,1006.3,36.0,S,7.0,Silverstone,Renault
5,RIC,6,0,8,7,0,62,31.5,19.0,0.0,3.1,60.4,1006.3,31.0,S,8.0,Silverstone,Renault
6,RIC,7,0,8,7,0,62,31.3,19.0,0.0,1.9,59.7,1006.3,48.0,S,9.0,Silverstone,Renault
7,RIC,8,0,8,7,0,62,31.0,18.8,0.0,2.7,59.2,1006.4,43.0,S,10.0,Silverstone,Renault
8,RIC,9,0,8,7,0,62,30.9,18.8,0.0,1.9,61.1,1006.3,30.0,S,11.0,Silverstone,Renault
9,RIC,10,0,8,7,0,63,31.1,18.7,0.0,2.6,61.6,1006.2,51.0,S,12.0,Silverstone,Renault
10,RIC,11,0,8,7,0,63,31.3,18.7,0.0,1.7,61.1,1006.3,24.0,S,13.0,Silverstone,Renault
11,RIC,12,0,8,7,0,63,31.3,18.6,0.0,1.5,60.5,1006.4,23.0,S,14.0,Silverstone,Renault
12,RIC,13,0,15,7,0,62,30.9,18.8,0.0,1.1,59.4,1006.3,45.0,M,0.0,Silverstone,Renault
13,RIC,14,0,11,7,0,62,32.4,18.6,0.0,1.4,60.3,1006.3,52.0,M,1.0,Silverstone,Renault
14,RIC,15,0,11,7,0,63,33.9,19.4,0.0,1.8,58.6,1006.3,23.0,M,2.0,Silverstone,Renault
15,RIC,16,0,11,7,0,63,34.2,19.3,0.0,2.0,59.2,1006.4,315.0,M,3.0,Silverstone,Renault
16,RIC,17,0,11,7,0,63,33.9,19.2,0.0,2.4,59.2,1006.3,46.0,M,4.0,Silverstone,Renault
17,RIC,18,0,9,7,0,63,33.9,19.1,0.0,1.8,60.1,1006.3,34.0,M,5.0,Silverstone,Renault
18,RIC,19,0,8,7,0,65,35.0,20.0,0.0,1.2,57.9,1006.2,296.0,M,6.0,Silverstone,Renault
19,RIC,20,0,8,7,0,65,35.6,19.9,0.0,0.6,57.9,1006.1,0.0,M,7.0,Silverstone,Renault
20,RIC,21,0,11,7,0,67,33.6,19.9,0.0,2.4,57.3,1006.1,48.0,H,0.0,Silverstone,Renault
21,RIC,22,0,11,7,0,67,34.0,20.0,0.0,1.6,58.2,1006.2,33.0,H,1.0,Silverstone,Renault
22,RIC,23,0,11,7,0,67,33.3,20.1,0.0,1.3,57.7,1006.1,20.0,H,2.0,Silverstone,Renault
23,RIC,24,0,10,7,0,67,33.3,20.1,0.0,1.2,58.4,1006.1,51.0,H,3.0,Silverstone,Renault
24,RIC,25,0,9,7,0,67,34.2,20.2,0.0,1.4,58.2,1006.2,42.0,H,4.0,Silverstone,Renault
25,RIC,26,0,9,7,0,66,34.2,20.1,0.0,2.4,57.7,1006.1,29.0,H,5.0,Silverstone,Renault
26,RIC,27,0,9,7,0,67,32.9,19.9,0.0,2.5,58.4,1006.2,38.0,H,6.0,Silverstone,Renault
27,RIC,28,0,9,7,0,67,32.2,19.7,0.0,3.3,58.9,1006.2,17.0,H,7.0,Silverstone,Renault
28,RIC,29,0,9,7,0,67,31.4,19.6,0.0,3.3,59.0,1006.1,39.0,H,8.0,Silverstone,Renault
29,RIC,30,0,9,7,0,67,31.3,19.5,0.0,2.1,59.2,1006.1,27.0,H,9.0,Silverstone,Renault
30,RIC,31,0,9,7,0,67,30.8,19.5,0.0,2.3,58.9,1006.2,33.0,H,10.0,Silverstone,Renault
31,RIC,32,0,9,7,0,67,30.7,19.5,0.0,2.0,59.3,1006.1,32.0,H,11.0,Silverstone,Renault
32,RIC,33,0,9,7,0,67,30.5,19.5,0.0,1.7,58.8,1006.2,42.0,H,12.0,Silverstone,Renault
33,RIC,34,0,9,7,0,67,30.2,19.6,0.0,2.7,57.2,1006.3,348.0,H,13.0,Silverstone,Renault
34,RIC,35,0,9,7,0,67,29.8,19.5,0.0,1.6,57.8,1006.2,24.0,H,14.0,Silverstone,Renault
35,RIC,36,0,8,7,0,67,29.8,19.6,0.0,0.8,57.9,1006.2,84.0,H,15.0,Silverstone,Renault
36,RIC,37,0,8,7,0,67,29.6,19.7,0.0,1.2,57.8,1006.2,255.0,H,16.0,Silverstone,Renault
37,RIC,38,0,7,7,0,67,29.6,19.8,0.0,1.6,57.2,1006.3,39.0,H,17.0,Silverstone,Renault
38,RIC,39,0,7,7,0,67,29.6,19.6,0.0,2.9,58.0,1006.2,21.0,H,18.0,Silverstone,Renault
39,RIC,40,0,7,7,0,67,29.0,19.2,0.0,3.5,59.8,1006.3,40.0,H,19.0,Silverstone,Renault
40,RIC,41,0,7,7,0,67,28.5,19.0,0.0,3.5,60.7,1006.2,44.0,H,20.0,Silverstone,Renault
41,RIC,42,0,7,7,0,67,28.2,19.0,0.0,2.7,61.3,1006.3,34.0,H,21.0,Silverstone,Renault
42,RIC,43,0,7,7,0,67,28.2,19.0,0.0,3.8,61.5,1006.2,44.0,H,22.0,Silverstone,Renault
43,RIC,44,0,7,7,0,67,28.1,19.0,0.0,2.9,61.8,1006.2,51.0,H,23.0,Silverstone,Renault
44,RIC,45,0,7,7,0,67,27.6,18.7,0.0,2.9,62.7,1006.2,14.0,H,24.0,Silverstone,Renault
45,RIC,46,0,7,7,0,67,27.7,18.8,0.0,2.3,62.7,1006.3,42.0,H,25.0,Silverstone,Renault
46,RIC,47,0,7,7,0,67,27.6,18.7,0.0,3.4,62.8,1006.3,44.0,H,26.0,Silverstone,Renault
47,RIC,48,0,7,7,0,67,27.5,18.6,0.0,2.5,63.8,1006.4,356.0,H,27.0,Silverstone,Renault
48,RIC,49,0,7,7,0,68,27.5,18.7,0.0,1.7,63.6,1006.4,60.0,H,28.0,Silverstone,Renault
49,RIC,50,0,7,7,0,68,27.5,18.7,0.0,2.5,62.7,1006.4,35.0,H,29.0,Silverstone,Renault
50,RIC,51,0,7,7,0,68,27.6,18.7,0.0,2.8,62.3,1006.4,8.0,H,30.0,Silverstone,Renault
51,RIC,52,0,7,7,0,68,27.8,18.9,0.0,2.6,62.1,1006.4,12.0,H,31.0,Silverstone,Renault
0,NOR,1,0,7,11,0,47,32.5,18.9,0.0,1.6,64.5,1006.4,27.0,S,3.0,Silverstone,McLaren
1,NOR,2,0,7,11,0,44,32.2,19.0,0.0,1.6,63.2,1006.4,44.0,S,4.0,Silverstone,McLaren
2,NOR,3,0,7,11,0,43,32.1,19.0,0.0,1.4,64.1,1006.4,279.0,S,5.0,Silverstone,McLaren
3,NOR,4,0,7,11,0,42,31.8,19.1,0.0,0.4,63.0,1006.3,47.0,S,6.0,Silverstone,McLaren
4,NOR,5,0,7,11,0,41,31.7,19.0,0.0,0.9,62.3,1006.3,73.0,S,7.0,Silverstone,McLaren
5,NOR,6,0,7,11,0,41,31.5,19.3,0.0,1.5,61.5,1006.3,36.0,S,8.0,Silverstone,McLaren
6,NOR,7,0,7,11,0,39,31.3,19.0,0.0,1.9,59.7,1006.3,48.0,S,9.0,Silverstone,McLaren
7,NOR,8,0,7,11,0,39,31.0,18.8,0.0,2.7,59.2,1006.4,43.0,S,10.0,Silverstone,McLaren
8,NOR,9,0,7,11,0,39,30.9,18.8,0.0,1.9,61.1,1006.3,30.0,S,11.0,Silverstone,McLaren
9,NOR,10,0,7,11,0,39,31.3,18.8,0.0,2.1,61.5,1006.2,38.0,S,12.0,Silverstone,McLaren
10,NOR,11,0,7,11,0,39,31.3,18.7,0.0,1.7,61.1,1006.3,24.0,S,13.0,Silverstone,McLaren
11,NOR,12,0,7,11,0,39,30.9,18.8,0.0,1.1,59.4,1006.3,45.0,S,14.0,Silverstone,McLaren
12,NOR,13,0,6,11,0,39,31.2,19.0,0.0,1.5,59.0,1006.3,45.0,S,15.0,Silverstone,McLaren
13,NOR,14,0,12,11,0,39,31.6,18.7,0.0,3.5,58.8,1006.4,38.0,M,0.0,Silverstone,McLaren
14,NOR,15,0,12,11,0,39,31.8,18.6,0.0,2.0,59.9,1006.3,36.0,M,1.0,Silverstone,McLaren
15,NOR,16,0,12,11,0,39,32.4,18.6,0.0,1.4,60.3,1006.3,52.0,M,2.0,Silverstone,McLaren
16,NOR,17,0,12,11,0,39,33.9,19.4,0.0,1.8,58.6,1006.3,23.0,M,3.0,Silverstone,McLaren
17,NOR,18,0,11,11,0,39,34.3,19.4,0.0,1.4,59.4,1006.2,51.0,M,4.0,Silverstone,McLaren
18,NOR,19,0,9,11,0,39,33.9,19.2,0.0,2.4,59.2,1006.3,46.0,M,5.0,Silverstone,McLaren
19,NOR,20,0,9,11,0,39,33.9,19.1,0.0,1.8,60.1,1006.3,34.0,M,6.0,Silverstone,McLaren
20,NOR,21,0,8,11,0,38,33.4,19.6,0.0,0.8,58.7,1006.2,166.0,M,7.0,Silverstone,McLaren
21,NOR,22,0,8,11,0,37,34.5,19.8,0.0,0.5,58.1,1006.2,203.0,M,8.0,Silverstone,McLaren
22,NOR,23,0,8,11,0,35,35.0,20.0,0.0,1.2,57.9,1006.2,296.0,M,9.0,Silverstone,McLaren
23,NOR,24,0,8,11,0,34,35.2,20.0,0.0,0.7,58.3,1006.1,70.0,M,10.0,Silverstone,McLaren
24,NOR,25,0,8,11,0,34,34.0,20.0,0.0,1.6,58.2,1006.2,33.0,M,11.0,Silverstone,McLaren
25,NOR,26,0,8,11,0,34,33.6,19.9,0.0,1.7,58.5,1006.0,17.0,M,12.0,Silverstone,McLaren
26,NOR,27,0,8,11,0,35,33.6,20.1,0.0,1.8,58.2,1006.1,45.0,M,13.0,Silverstone,McLaren
27,NOR,28,0,8,11,0,35,33.3,20.1,0.0,1.2,58.4,1006.1,51.0,M,14.0,Silverstone,McLaren
28,NOR,29,0,8,11,0,35,34.2,20.2,0.0,1.4,58.2,1006.2,42.0,M,15.0,Silverstone,McLaren
29,NOR,30,0,8,11,0,35,34.2,20.1,0.0,2.4,57.7,1006.1,29.0,M,16.0,Silverstone,McLaren
30,NOR,31,0,8,11,0,36,32.9,19.9,0.0,2.5,58.4,1006.2,38.0,M,17.0,Silverstone,McLaren
31,NOR,32,0,8,11,0,36,32.2,19.7,0.0,3.3,58.9,1006.2,17.0,M,18.0,Silverstone,McLaren
32,NOR,33,0,8,11,0,36,31.4,19.6,0.0,3.3,59.0,1006.1,39.0,M,19.0,Silverstone,McLaren
33,NOR,34,0,8,11,0,37,30.7,19.5,0.0,2.0,59.3,1006.1,32.0,M,20.0,Silverstone,McLaren
34,NOR,35,0,8,11,0,37,30.5,19.5,0.0,1.7,58.8,1006.2,42.0,M,21.0,Silverstone,McLaren
35,NOR,36,0,14,11,0,37,30.4,19.5,0.0,2.2,58.2,1006.1,38.0,H,0.0,Silverstone,McLaren
36,NOR,37,0,14,11,0,37,30.5,19.5,0.0,2.4,57.8,1006.1,11.0,H,1.0,Silverstone,McLaren
37,NOR,38,0,13,11,0,38,30.2,19.6,0.0,2.7,57.2,1006.3,348.0,H,2.0,Silverstone,McLaren
38,NOR,39,0,13,11,0,38,29.8,19.6,0.0,0.8,57.9,1006.2,84.0,H,3.0,Silverstone,McLaren
39,NOR,40,0,12,11,0,38,29.6,19.8,0.0,1.6,57.2,1006.3,39.0,H,4.0,Silverstone,McLaren
40,NOR,41,0,12,11,0,38,29.6,19.6,0.0,2.9,58.0,1006.2,21.0,H,5.0,Silverstone,McLaren
41,NOR,42,0,12,11,0,38,28.2,19.0,0.0,2.7,61.3,1006.3,34.0,H,6.0,Silverstone,McLaren
42,NOR,43,0,12,11,0,38,28.2,19.1,0.0,2.6,60.7,1006.3,48.0,H,7.0,Silverstone,McLaren
43,NOR,44,0,12,11,0,38,28.2,19.0,0.0,3.8,61.5,1006.2,44.0,H,8.0,Silverstone,McLaren
44,NOR,45,0,12,11,0,38,28.1,19.0,0.0,2.9,61.8,1006.2,51.0,H,9.0,Silverstone,McLaren
45,NOR,46,0,12,11,0,38,27.6,18.7,0.0,2.9,62.7,1006.2,14.0,H,10.0,Silverstone,McLaren
46,NOR,47,0,12,11,0,38,27.7,18.8,0.0,2.8,62.5,1006.3,22.0,H,11.0,Silverstone,McLaren
47,NOR,48,0,12,11,0,38,27.5,18.6,0.0,2.3,63.8,1006.3,46.0,H,12.0,Silverstone,McLaren
48,NOR,49,0,12,11,0,39,27.5,18.7,0.0,1.7,63.6,1006.4,60.0,H,13.0,Silverstone,McLaren
49,NOR,50,0,12,11,0,39,27.9,19.0,0.0,1.1,61.4,1006.4,22.0,H,14.0,Silverstone,McLaren
50,NOR,51,0,12,11,0,39,27.9,18.8,0.0,2.9,61.7,1006.4,51.0,H,15.0,Silverstone,McLaren
51,NOR,52,0,11,11,0,39,27.9,18.8,0.0,3.0,62.2,1006.4,48.0,H,16.0,Silverstone,McLaren
0,ALB,1,0,10,12,0,59,32.5,18.9,0.0,2.6,64.6,1006.4,31.0,S,5.0,Silverstone,Toro Rosso
1,ALB,2,0,10,12,0,76,32.2,19.0,0.0,1.6,63.2,1006.4,44.0,S,6.0,Silverstone,Toro Rosso
2,ALB,3,0,10,12,0,78,32.1,19.0,0.0,1.4,64.1,1006.4,279.0,S,7.0,Silverstone,Toro Rosso
3,ALB,4,0,10,12,0,76,31.7,19.0,0.0,0.9,62.3,1006.3,73.0,S,8.0,Silverstone,Toro Rosso
4,ALB,5,0,10,12,0,75,31.5,19.3,0.0,1.5,61.5,1006.3,36.0,S,9.0,Silverstone,Toro Rosso
5,ALB,6,0,10,12,0,75,31.5,19.0,0.0,3.1,60.4,1006.3,31.0,S,10.0,Silverstone,Toro Rosso
6,ALB,7,0,10,12,0,74,31.3,19.0,0.0,1.9,59.7,1006.3,48.0,S,11.0,Silverstone,Toro Rosso
7,ALB,8,0,10,12,0,72,31.3,18.8,0.0,2.1,61.5,1006.2,38.0,S,12.0,Silverstone,Toro Rosso
8,ALB,9,0,10,12,0,72,31.3,18.6,0.0,1.5,60.5,1006.4,23.0,S,13.0,Silverstone,Toro Rosso
9,ALB,10,0,10,12,0,72,31.2,18.7,0.0,1.1,60.1,1006.3,23.0,S,14.0,Silverstone,Toro Rosso
10,ALB,11,0,10,12,0,71,31.6,18.7,0.0,3.5,58.8,1006.4,38.0,S,15.0,Silverstone,Toro Rosso
11,ALB,12,0,9,12,0,71,32.4,18.6,0.0,1.4,60.3,1006.3,52.0,S,16.0,Silverstone,Toro Rosso
12,ALB,13,0,7,12,0,71,33.1,18.9,0.0,0.5,59.9,1006.3,30.0,S,17.0,Silverstone,Toro Rosso
13,ALB,14,0,14,12,0,70,33.9,19.3,0.0,2.7,59.6,1006.2,24.0,M,0.0,Silverstone,Toro Rosso
14,ALB,15,0,13,12,0,71,33.9,19.4,0.0,1.8,58.6,1006.3,23.0,M,1.0,Silverstone,Toro Rosso
15,ALB,16,0,13,12,0,70,33.9,19.2,0.0,2.4,59.2,1006.3,46.0,M,2.0,Silverstone,Toro Rosso
16,ALB,17,0,13,12,0,69,33.9,19.1,0.0,1.8,60.1,1006.3,34.0,M,3.0,Silverstone,Toro Rosso
17,ALB,18,0,12,12,0,69,35.0,20.0,0.0,1.2,57.9,1006.2,296.0,M,4.0,Silverstone,Toro Rosso
18,ALB,19,0,10,12,0,71,35.2,20.0,0.0,0.7,58.3,1006.1,70.0,M,5.0,Silverstone,Toro Rosso
19,ALB,20,0,10,12,0,72,33.6,19.9,0.0,2.4,57.3,1006.1,48.0,M,6.0,Silverstone,Toro Rosso
20,ALB,21,0,9,12,0,72,33.6,19.9,0.0,1.7,58.5,1006.0,17.0,M,7.0,Silverstone,Toro Rosso
21,ALB,22,0,9,12,0,71,33.6,20.1,0.0,1.8,58.2,1006.1,45.0,M,8.0,Silverstone,Toro Rosso
22,ALB,23,0,9,12,0,69,33.3,20.1,0.0,1.3,57.7,1006.1,20.0,M,9.0,Silverstone,Toro Rosso
23,ALB,24,0,9,12,0,68,33.3,20.1,0.0,1.2,58.4,1006.1,51.0,M,10.0,Silverstone,Toro Rosso
24,ALB,25,0,10,12,0,68,34.2,20.2,0.0,1.4,58.2,1006.2,42.0,M,11.0,Silverstone,Toro Rosso
25,ALB,26,0,10,12,0,68,34.2,20.1,0.0,2.4,57.7,1006.1,29.0,M,12.0,Silverstone,Toro Rosso
26,ALB,27,0,10,12,0,69,32.9,19.9,0.0,2.5,58.4,1006.2,38.0,M,13.0,Silverstone,Toro Rosso
27,ALB,28,0,10,12,0,69,31.4,19.6,0.0,2.4,59.1,1006.1,27.0,M,14.0,Silverstone,Toro Rosso
28,ALB,29,0,10,12,0,69,31.4,19.6,0.0,3.3,59.0,1006.1,39.0,M,15.0,Silverstone,Toro Rosso
29,ALB,30,0,10,12,0,69,31.3,19.5,0.0,2.1,59.2,1006.1,27.0,M,16.0,Silverstone,Toro Rosso
30,ALB,31,0,10,12,0,69,30.8,19.5,0.0,2.3,58.9,1006.2,33.0,M,17.0,Silverstone,Toro Rosso
31,ALB,32,0,10,12,0,69,30.7,19.5,0.0,2.0,59.3,1006.1,32.0,M,18.0,Silverstone,Toro Rosso
32,ALB,33,0,10,12,0,69,30.5,19.5,0.0,1.7,58.8,1006.2,42.0,M,19.0,Silverstone,Toro Rosso
33,ALB,34,0,10,12,0,69,30.4,19.5,0.0,2.2,58.2,1006.1,38.0,M,20.0,Silverstone,Toro Rosso
34,ALB,35,0,10,12,0,69,30.5,19.5,0.0,2.4,57.8,1006.1,11.0,M,21.0,Silverstone,Toro Rosso
35,ALB,36,0,9,12,0,69,30.2,19.6,0.0,2.7,57.2,1006.3,348.0,M,22.0,Silverstone,Toro Rosso
36,ALB,37,0,9,12,0,69,29.6,19.8,0.0,1.6,57.2,1006.3,39.0,M,23.0,Silverstone,Toro Rosso
37,ALB,38,0,8,12,0,69,29.6,19.6,0.0,2.9,58.0,1006.2,21.0,M,24.0,Silverstone,Toro Rosso
38,ALB,39,0,8,12,0,69,29.1,19.4,0.0,2.4,58.6,1006.3,32.0,M,25.0,Silverstone,Toro Rosso
39,ALB,40,0,8,12,0,69,29.0,19.2,0.0,3.5,59.8,1006.3,40.0,M,26.0,Silverstone,Toro Rosso
40,ALB,41,0,8,12,0,70,28.5,19.0,0.0,3.5,60.7,1006.2,44.0,M,27.0,Silverstone,Toro Rosso
41,ALB,42,0,8,12,0,70,28.2,19.0,0.0,2.7,61.3,1006.3,34.0,M,28.0,Silverstone,Toro Rosso
42,ALB,43,0,9,12,0,70,28.2,19.1,0.0,2.6,60.7,1006.3,48.0,M,29.0,Silverstone,Toro Rosso
43,ALB,44,0,9,12,0,70,28.2,19.0,0.0,3.8,61.5,1006.2,44.0,M,30.0,Silverstone,Toro Rosso
44,ALB,45,0,10,12,0,70,27.6,18.7,0.0,2.9,62.7,1006.2,14.0,M,31.0,Silverstone,Toro Rosso
45,ALB,46,0,10,12,0,71,27.7,18.8,0.0,2.3,62.7,1006.3,42.0,M,32.0,Silverstone,Toro Rosso
46,ALB,47,0,10,12,0,71,27.6,18.7,0.0,3.4,62.8,1006.3,44.0,M,33.0,Silverstone,Toro Rosso
47,ALB,48,0,10,12,0,71,27.5,18.6,0.0,2.3,63.8,1006.3,46.0,M,34.0,Silverstone,Toro Rosso
48,ALB,49,0,10,12,0,71,27.5,18.6,0.0,2.5,63.8,1006.4,356.0,M,35.0,Silverstone,Toro Rosso
49,ALB,50,0,10,12,0,71,27.8,18.7,0.0,2.8,61.9,1006.3,20.0,M,36.0,Silverstone,Toro Rosso
50,ALB,51,0,11,12,0,72,27.9,19.0,0.0,1.1,61.4,1006.4,22.0,M,37.0,Silverstone,Toro Rosso
51,ALB,52,0,12,12,0,72,27.9,18.8,0.0,2.9,61.7,1006.4,51.0,M,38.0,Silverstone,Toro Rosso
0,HUL,1,0,9,10,0,58,32.5,18.9,0.0,2.6,64.6,1006.4,31.0,S,3.0,Silverstone,Renault
1,HUL,2,0,9,10,0,72,32.2,19.0,0.0,1.6,63.2,1006.4,44.0,S,4.0,Silverstone,Renault
2,HUL,3,0,9,10,0,76,32.1,19.0,0.0,1.4,64.1,1006.4,279.0,S,5.0,Silverstone,Renault
3,HUL,4,0,9,10,0,74,31.7,19.1,0.0,1.3,62.3,1006.3,60.0,S,6.0,Silverstone,Renault
4,HUL,5,0,9,10,0,73,31.7,19.0,0.0,0.9,62.3,1006.3,73.0,S,7.0,Silverstone,Renault
5,HUL,6,0,9,10,0,73,31.5,19.0,0.0,3.1,60.4,1006.3,31.0,S,8.0,Silverstone,Renault
6,HUL,7,0,9,10,0,73,31.3,19.0,0.0,1.9,59.7,1006.3,48.0,S,9.0,Silverstone,Renault
7,HUL,8,0,9,10,0,73,30.9,18.8,0.0,1.9,61.1,1006.3,30.0,S,10.0,Silverstone,Renault
8,HUL,9,0,9,10,0,74,31.1,18.7,0.0,2.6,61.6,1006.2,51.0,S,11.0,Silverstone,Renault
9,HUL,10,0,9,10,0,74,31.3,18.8,0.0,2.1,61.5,1006.2,38.0,S,12.0,Silverstone,Renault
10,HUL,11,0,9,10,0,75,31.3,18.7,0.0,1.7,61.1,1006.3,24.0,S,13.0,Silverstone,Renault
11,HUL,12,0,10,10,0,75,31.3,18.6,0.0,1.5,60.5,1006.4,23.0,S,14.0,Silverstone,Renault
12,HUL,13,0,8,10,0,74,31.6,18.7,0.0,3.5,58.8,1006.4,38.0,S,15.0,Silverstone,Renault
13,HUL,14,0,15,10,0,74,31.8,18.6,0.0,2.0,59.9,1006.3,36.0,H,1.0,Silverstone,Renault
14,HUL,15,0,15,10,0,75,32.4,18.6,0.0,1.4,60.3,1006.3,52.0,H,2.0,Silverstone,Renault
15,HUL,16,0,14,10,0,74,33.9,19.3,0.0,2.7,59.6,1006.2,24.0,H,3.0,Silverstone,Renault
16,HUL,17,0,14,10,0,74,34.2,19.3,0.0,2.0,59.2,1006.4,315.0,H,4.0,Silverstone,Renault
17,HUL,18,0,13,10,0,74,33.9,19.2,0.0,2.4,59.2,1006.3,46.0,H,5.0,Silverstone,Renault
18,HUL,19,0,11,10,0,76,33.9,19.1,0.0,1.8,60.1,1006.3,34.0,H,6.0,Silverstone,Renault
19,HUL,20,0,11,10,0,76,33.4,19.2,0.0,1.1,60.0,1006.3,24.0,H,7.0,Silverstone,Renault
20,HUL,21,0,10,10,0,76,33.4,19.6,0.0,0.8,58.7,1006.2,166.0,H,8.0,Silverstone,Renault
21,HUL,22,0,10,10,0,75,35.0,20.0,0.0,1.2,57.9,1006.2,296.0,H,9.0,Silverstone,Renault
22,HUL,23,0,10,10,0,74,35.2,20.0,0.0,0.7,58.3,1006.1,70.0,H,10.0,Silverstone,Renault
23,HUL,24,0,12,10,0,73,33.6,19.9,0.0,2.4,57.3,1006.1,48.0,H,11.0,Silverstone,Renault
24,HUL,25,0,12,10,0,73,33.6,19.9,0.0,1.7,58.5,1006.0,17.0,H,12.0,Silverstone,Renault
25,HUL,26,0,12,10,0,73,33.6,20.1,0.0,1.8,58.2,1006.1,45.0,H,13.0,Silverstone,Renault
26,HUL,27,0,12,10,0,74,33.3,20.1,0.0,1.2,58.4,1006.1,51.0,H,14.0,Silverstone,Renault
27,HUL,28,0,12,10,0,74,34.2,20.1,0.0,2.4,57.7,1006.1,29.0,H,15.0,Silverstone,Renault
28,HUL,29,0,12,10,0,75,31.4,19.6,0.0,3.3,59.0,1006.1,39.0,H,16.0,Silverstone,Renault
29,HUL,30,0,12,10,0,75,30.7,19.5,0.0,2.0,59.3,1006.1,32.0,H,17.0,Silverstone,Renault
30,HUL,31,0,12,10,0,75,30.6,19.5,0.0,1.4,58.8,1006.2,39.0,H,18.0,Silverstone,Renault
31,HUL,32,0,12,10,0,75,30.5,19.5,0.0,1.7,58.8,1006.2,42.0,H,19.0,Silverstone,Renault
32,HUL,33,0,12,10,0,75,30.4,19.5,0.0,2.2,58.2,1006.1,38.0,H,20.0,Silverstone,Renault
33,HUL,34,0,12,10,0,75,30.5,19.5,0.0,2.4,57.8,1006.1,11.0,H,21.0,Silverstone,Renault
34,HUL,35,0,12,10,0,75,30.2,19.6,0.0,2.7,57.2,1006.3,348.0,H,22.0,Silverstone,Renault
35,HUL,36,0,11,10,0,75,29.8,19.6,0.0,0.8,57.9,1006.2,84.0,H,23.0,Silverstone,Renault
36,HUL,37,0,11,10,0,75,29.6,19.7,0.0,1.2,57.8,1006.2,255.0,H,24.0,Silverstone,Renault
37,HUL,38,0,10,10,0,75,29.6,19.8,0.0,1.6,57.2,1006.3,39.0,H,25.0,Silverstone,Renault
38,HUL,39,0,10,10,0,75,29.6,19.6,0.0,2.9,58.0,1006.2,21.0,H,26.0,Silverstone,Renault
39,HUL,40,0,10,10,0,75,29.1,19.4,0.0,2.4,58.6,1006.3,32.0,H,27.0,Silverstone,Renault
40,HUL,41,0,10,10,0,75,29.0,19.2,0.0,3.5,59.8,1006.3,40.0,H,28.0,Silverstone,Renault
41,HUL,42,0,10,10,0,75,28.7,19.0,0.0,3.8,60.4,1006.2,28.0,H,29.0,Silverstone,Renault
42,HUL,43,0,11,10,0,75,28.2,19.0,0.0,3.8,61.5,1006.2,44.0,H,30.0,Silverstone,Renault
43,HUL,44,0,11,10,0,75,28.1,19.0,0.0,2.9,61.8,1006.2,51.0,H,31.0,Silverstone,Renault
44,HUL,45,0,11,10,0,75,27.7,18.8,0.0,2.8,62.5,1006.3,22.0,H,32.0,Silverstone,Renault
45,HUL,46,0,11,10,0,75,27.6,18.7,0.0,3.4,62.8,1006.3,44.0,H,33.0,Silverstone,Renault
46,HUL,47,0,11,10,0,75,27.5,18.6,0.0,2.5,63.8,1006.4,356.0,H,34.0,Silverstone,Renault
47,HUL,48,0,11,10,0,75,27.6,18.7,0.0,2.8,62.3,1006.4,8.0,H,35.0,Silverstone,Renault
48,HUL,49,0,11,10,0,75,27.9,19.0,0.0,1.1,61.4,1006.4,22.0,H,36.0,Silverstone,Renault
49,HUL,50,0,11,10,0,75,28.0,19.0,0.0,2.8,61.1,1006.4,56.0,H,37.0,Silverstone,Renault
50,HUL,51,0,10,10,0,75,27.9,18.8,0.0,2.9,61.7,1006.4,51.0,H,38.0,Silverstone,Renault
51,HUL,52,0,10,10,0,75,27.9,18.8,0.0,3.0,62.2,1006.4,48.0,H,39.0,Silverstone,Renault
0,GIO,1,0,13,18,0,40,31.7,19.1,0.0,1.3,62.3,1006.3,60.0,M,0.0,Silverstone,Alfa Romeo Racing
1,GIO,2,0,13,18,0,62,30.9,18.8,0.0,1.9,61.1,1006.3,30.0,M,1.0,Silverstone,Alfa Romeo Racing
2,GIO,3,0,15,18,0,64,31.3,18.8,0.0,2.1,61.5,1006.2,38.0,M,2.0,Silverstone,Alfa Romeo Racing
3,GIO,4,0,16,18,0,62,31.3,18.7,0.0,1.7,61.1,1006.3,24.0,M,3.0,Silverstone,Alfa Romeo Racing
4,GIO,5,0,16,18,0,61,33.9,19.2,0.0,2.4,59.2,1006.3,46.0,M,4.0,Silverstone,Alfa Romeo Racing
5,GIO,6,0,16,18,0,59,33.9,19.1,0.0,1.8,60.1,1006.3,34.0,M,5.0,Silverstone,Alfa Romeo Racing
6,GIO,7,0,16,18,0,57,33.4,19.2,0.0,1.1,60.0,1006.3,24.0,M,6.0,Silverstone,Alfa Romeo Racing
7,GIO,8,0,16,18,0,57,35.6,19.9,0.0,0.6,57.9,1006.1,0.0,M,7.0,Silverstone,Alfa Romeo Racing
8,GIO,9,0,16,18,0,56,33.6,19.9,0.0,2.4,57.3,1006.1,48.0,M,8.0,Silverstone,Alfa Romeo Racing
9,GIO,10,0,16,18,0,56,31.4,19.6,0.0,2.4,59.1,1006.1,27.0,M,9.0,Silverstone,Alfa Romeo Racing
10,GIO,11,0,16,18,0,56,30.4,19.5,0.0,2.2,58.2,1006.1,38.0,M,10.0,Silverstone,Alfa Romeo Racing
11,GIO,12,0,16,18,0,55,29.6,19.7,0.0,1.2,57.8,1006.2,255.0,M,11.0,Silverstone,Alfa Romeo Racing
12,GIO,13,0,14,18,0,55,29.6,19.8,0.0,1.6,57.2,1006.3,39.0,M,12.0,Silverstone,Alfa Romeo Racing
13,GIO,14,0,10,18,0,55,28.5,19.0,0.0,3.5,60.7,1006.2,44.0,M,13.0,Silverstone,Alfa Romeo Racing
14,GIO,15,0,10,18,0,56,27.7,18.8,0.0,2.3,62.7,1006.3,42.0,M,14.0,Silverstone,Alfa Romeo Racing
15,GIO,16,0,10,18,0,56,27.6,18.7,0.0,3.4,62.8,1006.3,44.0,M,15.0,Silverstone,Alfa Romeo Racing
16,GIO,17,0,10,18,0,56,27.5,18.6,0.0,2.3,63.8,1006.3,46.0,M,16.0,Silverstone,Alfa Romeo Racing
17,GIO,18,0,10,18,1,56,27.5,18.7,0.0,2.5,62.7,1006.4,35.0,M,17.0,Silverstone,Alfa Romeo Racing
0,RAI,1,0,12,8,0,49,32.2,19.0,0.0,1.6,63.2,1006.4,44.0,M,0.0,Silverstone,Alfa Romeo Racing
1,RAI,2,0,12,8,0,62,32.1,19.0,0.0,1.4,64.1,1006.4,279.0,M,1.0,Silverstone,Alfa Romeo Racing
2,RAI,3,0,12,8,0,61,31.7,19.1,0.0,1.3,62.3,1006.3,60.0,M,2.0,Silverstone,Alfa Romeo Racing
3,RAI,4,0,12,8,0,58,31.5,19.3,0.0,1.5,61.5,1006.3,36.0,M,3.0,Silverstone,Alfa Romeo Racing
4,RAI,5,0,13,8,0,57,31.5,19.0,0.0,3.1,60.4,1006.3,31.0,M,4.0,Silverstone,Alfa Romeo Racing
5,RAI,6,0,13,8,0,57,31.1,18.7,0.0,2.6,61.6,1006.2,51.0,M,5.0,Silverstone,Alfa Romeo Racing
6,RAI,7,0,13,8,0,57,31.3,18.8,0.0,2.1,61.5,1006.2,38.0,M,6.0,Silverstone,Alfa Romeo Racing
7,RAI,8,0,13,8,0,57,31.3,18.6,0.0,1.5,60.5,1006.4,23.0,M,7.0,Silverstone,Alfa Romeo Racing
8,RAI,9,0,13,8,0,58,31.2,18.7,0.0,1.1,60.1,1006.3,23.0,M,8.0,Silverstone,Alfa Romeo Racing
9,RAI,10,0,13,8,0,58,30.9,18.8,0.0,1.1,59.4,1006.3,45.0,M,9.0,Silverstone,Alfa Romeo Racing
10,RAI,11,0,13,8,0,58,31.2,19.0,0.0,1.5,59.0,1006.3,45.0,M,10.0,Silverstone,Alfa Romeo Racing
11,RAI,12,0,13,8,0,58,31.6,18.7,0.0,3.5,58.8,1006.4,38.0,M,11.0,Silverstone,Alfa Romeo Racing
12,RAI,13,0,12,8,0,57,31.8,18.6,0.0,2.0,59.9,1006.3,36.0,M,12.0,Silverstone,Alfa Romeo Racing
13,RAI,14,0,9,8,0,57,32.4,18.6,0.0,1.4,60.3,1006.3,52.0,M,13.0,Silverstone,Alfa Romeo Racing
14,RAI,15,0,9,8,0,58,33.9,19.3,0.0,2.0,59.1,1006.2,57.0,M,14.0,Silverstone,Alfa Romeo Racing
15,RAI,16,0,9,8,0,57,33.9,19.4,0.0,1.8,58.6,1006.3,23.0,M,15.0,Silverstone,Alfa Romeo Racing
16,RAI,17,0,9,8,0,57,34.3,19.4,0.0,1.4,59.4,1006.2,51.0,M,16.0,Silverstone,Alfa Romeo Racing
17,RAI,18,0,15,8,0,56,33.9,19.1,0.0,1.8,60.1,1006.3,34.0,H,0.0,Silverstone,Alfa Romeo Racing
18,RAI,19,0,15,8,0,59,33.4,19.2,0.0,1.1,60.0,1006.3,24.0,H,1.0,Silverstone,Alfa Romeo Racing
19,RAI,20,0,14,8,0,59,35.0,20.0,0.0,1.2,57.9,1006.2,296.0,H,2.0,Silverstone,Alfa Romeo Racing
20,RAI,21,0,15,8,0,57,35.2,20.0,0.0,0.7,58.3,1006.1,70.0,H,3.0,Silverstone,Alfa Romeo Racing
21,RAI,22,0,13,8,0,56,33.6,19.9,0.0,2.4,57.3,1006.1,48.0,H,4.0,Silverstone,Alfa Romeo Racing
22,RAI,23,0,13,8,0,55,34.0,20.0,0.0,1.6,58.2,1006.2,33.0,H,5.0,Silverstone,Alfa Romeo Racing
23,RAI,24,0,11,8,0,54,33.6,20.1,0.0,1.8,58.2,1006.1,45.0,H,6.0,Silverstone,Alfa Romeo Racing
24,RAI,25,0,11,8,0,54,33.3,20.1,0.0,1.3,57.7,1006.1,20.0,H,7.0,Silverstone,Alfa Romeo Racing
25,RAI,26,0,11,8,0,54,33.3,20.1,0.0,1.2,58.4,1006.1,51.0,H,8.0,Silverstone,Alfa Romeo Racing
26,RAI,27,0,11,8,0,55,34.2,20.2,0.0,1.4,58.2,1006.2,42.0,H,9.0,Silverstone,Alfa Romeo Racing
27,RAI,28,0,11,8,0,55,34.2,20.1,0.0,2.4,57.7,1006.1,29.0,H,10.0,Silverstone,Alfa Romeo Racing
28,RAI,29,0,11,8,0,55,31.4,19.6,0.0,2.4,59.1,1006.1,27.0,H,11.0,Silverstone,Alfa Romeo Racing
29,RAI,30,0,11,8,0,55,31.4,19.6,0.0,3.3,59.0,1006.1,39.0,H,12.0,Silverstone,Alfa Romeo Racing
30,RAI,31,0,11,8,0,55,30.7,19.5,0.0,2.0,59.3,1006.1,32.0,H,13.0,Silverstone,Alfa Romeo Racing
31,RAI,32,0,11,8,0,56,30.5,19.5,0.0,1.7,58.8,1006.2,42.0,H,14.0,Silverstone,Alfa Romeo Racing
32,RAI,33,0,11,8,0,56,30.4,19.5,0.0,2.2,58.2,1006.1,38.0,H,15.0,Silverstone,Alfa Romeo Racing
33,RAI,34,0,11,8,0,56,30.2,19.6,0.0,2.7,57.2,1006.3,348.0,H,16.0,Silverstone,Alfa Romeo Racing
34,RAI,35,0,11,8,0,56,29.6,19.7,0.0,1.2,57.8,1006.2,255.0,H,17.0,Silverstone,Alfa Romeo Racing
35,RAI,36,0,10,8,0,56,29.0,19.2,0.0,3.5,59.8,1006.3,40.0,H,18.0,Silverstone,Alfa Romeo Racing
36,RAI,37,0,10,8,0,56,28.7,19.0,0.0,3.8,60.4,1006.2,28.0,H,19.0,Silverstone,Alfa Romeo Racing
37,RAI,38,0,9,8,0,56,28.5,19.0,0.0,3.5,60.7,1006.2,44.0,H,20.0,Silverstone,Alfa Romeo Racing
38,RAI,39,0,9,8,0,56,28.2,19.0,0.0,2.7,61.3,1006.3,34.0,H,21.0,Silverstone,Alfa Romeo Racing
39,RAI,40,0,9,8,0,56,28.2,19.1,0.0,2.6,60.7,1006.3,48.0,H,22.0,Silverstone,Alfa Romeo Racing
40,RAI,41,0,9,8,0,56,28.2,19.0,0.0,3.8,61.5,1006.2,44.0,H,23.0,Silverstone,Alfa Romeo Racing
41,RAI,42,0,9,8,0,56,27.7,18.8,0.0,3.4,61.9,1006.2,43.0,H,24.0,Silverstone,Alfa Romeo Racing
42,RAI,43,0,8,8,0,56,27.6,18.7,0.0,2.9,62.7,1006.2,14.0,H,25.0,Silverstone,Alfa Romeo Racing
43,RAI,44,0,8,8,0,56,27.7,18.8,0.0,2.8,62.5,1006.3,22.0,H,26.0,Silverstone,Alfa Romeo Racing
44,RAI,45,0,8,8,0,56,27.7,18.8,0.0,2.3,62.7,1006.3,42.0,H,27.0,Silverstone,Alfa Romeo Racing
45,RAI,46,0,8,8,0,56,27.5,18.6,0.0,2.3,63.8,1006.3,46.0,H,28.0,Silverstone,Alfa Romeo Racing
46,RAI,47,0,8,8,0,56,27.5,18.7,0.0,1.7,63.6,1006.4,60.0,H,29.0,Silverstone,Alfa Romeo Racing
47,RAI,48,0,8,8,0,56,27.5,18.7,0.0,2.5,62.7,1006.4,35.0,H,30.0,Silverstone,Alfa Romeo Racing
48,RAI,49,0,8,8,0,56,27.6,18.7,0.0,2.8,62.3,1006.4,8.0,H,31.0,Silverstone,Alfa Romeo Racing
49,RAI,50,0,8,8,0,56,27.8,18.7,0.0,2.8,61.9,1006.3,20.0,H,32.0,Silverstone,Alfa Romeo Racing
50,RAI,51,0,8,8,0,56,28.0,19.0,0.0,2.8,61.1,1006.4,56.0,H,33.0,Silverstone,Alfa Romeo Racing
51,RAI,52,0,8,8,0,56,27.9,18.8,0.0,3.0,62.2,1006.4,48.0,H,34.0,Silverstone,Alfa Romeo Racing
0,SAI,1,0,11,6,0,43,32.5,18.9,0.0,2.6,64.6,1006.4,31.0,M,0.0,Silverstone,McLaren
1,SAI,2,0,11,6,0,58,32.2,19.0,0.0,1.6,63.2,1006.4,44.0,M,1.0,Silverstone,McLaren
2,SAI,3,0,11,6,0,59,32.1,19.0,0.0,1.4,64.1,1006.4,279.0,M,2.0,Silverstone,McLaren
3,SAI,4,0,11,6,0,56,31.7,19.1,0.0,1.3,62.3,1006.3,60.0,M,3.0,Silverstone,McLaren
4,SAI,5,0,11,6,0,54,31.7,19.0,0.0,0.9,62.3,1006.3,73.0,M,4.0,Silverstone,McLaren
5,SAI,6,0,11,6,0,52,31.5,19.3,0.0,1.5,61.5,1006.3,36.0,M,5.0,Silverstone,McLaren
6,SAI,7,0,11,6,0,51,31.5,19.0,0.0,3.1,60.4,1006.3,31.0,M,6.0,Silverstone,McLaren
7,SAI,8,0,11,6,0,51,31.3,19.0,0.0,1.9,59.7,1006.3,48.0,M,7.0,Silverstone,McLaren
8,SAI,9,0,11,6,0,50,31.0,18.8,0.0,2.7,59.2,1006.4,43.0,M,8.0,Silverstone,McLaren
9,SAI,10,0,11,6,0,49,31.3,18.8,0.0,2.1,61.5,1006.2,38.0,M,9.0,Silverstone,McLaren
10,SAI,11,0,11,6,0,49,31.2,18.7,0.0,1.1,60.1,1006.3,23.0,M,10.0,Silverstone,McLaren
11,SAI,12,0,11,6,0,49,31.2,19.0,0.0,1.5,59.0,1006.3,45.0,M,11.0,Silverstone,McLaren
12,SAI,13,0,9,6,0,48,31.6,18.7,0.0,3.5,58.8,1006.4,38.0,M,12.0,Silverstone,McLaren
13,SAI,14,0,6,6,0,48,33.9,19.3,0.0,2.0,59.1,1006.2,57.0,M,13.0,Silverstone,McLaren
14,SAI,15,0,6,6,0,49,33.9,19.3,0.0,2.7,59.6,1006.2,24.0,M,14.0,Silverstone,McLaren
15,SAI,16,0,6,6,0,49,33.9,19.4,0.0,1.8,58.6,1006.3,23.0,M,15.0,Silverstone,McLaren
16,SAI,17,0,6,6,0,49,34.2,19.3,0.0,2.0,59.2,1006.4,315.0,M,16.0,Silverstone,McLaren
17,SAI,18,0,6,6,0,49,34.3,19.4,0.0,1.4,59.4,1006.2,51.0,M,17.0,Silverstone,McLaren
18,SAI,19,0,6,6,0,51,33.9,19.2,0.0,2.4,59.2,1006.3,46.0,M,18.0,Silverstone,McLaren
19,SAI,20,0,6,6,0,53,33.9,19.1,0.0,1.8,60.1,1006.3,34.0,M,19.0,Silverstone,McLaren
20,SAI,21,0,7,6,0,54,33.4,19.2,0.0,1.1,60.0,1006.3,24.0,H,0.0,Silverstone,McLaren
21,SAI,22,0,7,6,0,53,34.5,19.8,0.0,0.5,58.1,1006.2,203.0,H,1.0,Silverstone,McLaren
22,SAI,23,0,7,6,0,52,35.0,20.0,0.0,1.2,57.9,1006.2,296.0,H,2.0,Silverstone,McLaren
23,SAI,24,0,7,6,0,51,33.6,19.9,0.0,2.4,57.3,1006.1,48.0,H,3.0,Silverstone,McLaren
24,SAI,25,0,7,6,0,51,33.6,19.9,0.0,1.7,58.5,1006.0,17.0,H,4.0,Silverstone,McLaren
25,SAI,26,0,7,6,0,52,33.3,20.1,0.0,1.2,58.4,1006.1,51.0,H,5.0,Silverstone,McLaren
26,SAI,27,0,7,6,0,52,34.2,20.1,0.0,2.4,57.7,1006.1,29.0,H,6.0,Silverstone,McLaren
27,SAI,28,0,7,6,0,53,32.9,19.9,0.0,2.5,58.4,1006.2,38.0,H,7.0,Silverstone,McLaren
28,SAI,29,0,7,6,0,53,32.2,19.7,0.0,3.3,58.9,1006.2,17.0,H,8.0,Silverstone,McLaren
29,SAI,30,0,7,6,0,53,31.4,19.6,0.0,2.4,59.1,1006.1,27.0,H,9.0,Silverstone,McLaren
30,SAI,31,0,7,6,0,54,30.8,19.5,0.0,2.3,58.9,1006.2,33.0,H,10.0,Silverstone,McLaren
31,SAI,32,0,7,6,0,54,30.7,19.5,0.0,2.0,59.3,1006.1,32.0,H,11.0,Silverstone,McLaren
32,SAI,33,0,7,6,0,54,30.5,19.5,0.0,2.4,57.8,1006.1,11.0,H,12.0,Silverstone,McLaren
33,SAI,34,0,7,6,0,54,30.2,19.6,0.0,2.7,57.2,1006.3,348.0,H,13.0,Silverstone,McLaren
34,SAI,35,0,7,6,0,54,29.8,19.5,0.0,1.6,57.8,1006.2,24.0,H,14.0,Silverstone,McLaren
35,SAI,36,0,7,6,0,54,29.8,19.6,0.0,0.8,57.9,1006.2,84.0,H,15.0,Silverstone,McLaren
36,SAI,37,0,7,6,0,55,29.6,19.7,0.0,1.2,57.8,1006.2,255.0,H,16.0,Silverstone,McLaren
37,SAI,38,0,6,6,0,55,29.6,19.8,0.0,1.6,57.2,1006.3,39.0,H,17.0,Silverstone,McLaren
38,SAI,39,0,6,6,0,55,29.6,19.6,0.0,2.9,58.0,1006.2,21.0,H,18.0,Silverstone,McLaren
39,SAI,40,0,6,6,0,55,29.1,19.4,0.0,2.4,58.6,1006.3,32.0,H,19.0,Silverstone,McLaren
40,SAI,41,0,6,6,0,55,29.0,19.2,0.0,3.5,59.8,1006.3,40.0,H,20.0,Silverstone,McLaren
41,SAI,42,0,6,6,0,56,28.2,19.1,0.0,2.6,60.7,1006.3,48.0,H,21.0,Silverstone,McLaren
42,SAI,43,0,6,6,0,56,27.7,18.8,0.0,3.4,61.9,1006.2,43.0,H,22.0,Silverstone,McLaren
43,SAI,44,0,6,6,0,56,27.6,18.7,0.0,2.9,62.7,1006.2,14.0,H,23.0,Silverstone,McLaren
44,SAI,45,0,6,6,0,56,27.5,18.6,0.0,2.3,63.8,1006.3,46.0,H,24.0,Silverstone,McLaren
45,SAI,46,0,6,6,0,56,27.5,18.6,0.0,2.5,63.8,1006.4,356.0,H,25.0,Silverstone,McLaren
46,SAI,47,0,6,6,0,56,27.5,18.7,0.0,2.5,62.7,1006.4,35.0,H,26.0,Silverstone,McLaren
47,SAI,48,0,6,6,0,56,27.6,18.7,0.0,2.8,62.3,1006.4,8.0,H,27.0,Silverstone,McLaren
48,SAI,49,0,6,6,0,56,27.8,18.7,0.0,2.8,61.9,1006.3,20.0,H,28.0,Silverstone,McLaren
49,SAI,50,0,6,6,0,56,28.0,19.0,0.0,2.8,61.1,1006.4,56.0,H,29.0,Silverstone,McLaren
50,SAI,51,0,6,6,0,56,27.9,18.8,0.0,2.9,61.7,1006.4,51.0,H,30.0,Silverstone,McLaren
51,SAI,52,0,6,6,0,56,27.9,18.8,0.0,3.0,62.2,1006.4,48.0,H,31.0,Silverstone,McLaren
0,GRO,1,0,19,19,0,34,32.5,18.9,0.0,2.6,64.6,1006.4,31.0,S,0.0,Silverstone,Haas F1 Team
1,GRO,2,0,19,19,0,42,31.2,19.0,0.0,1.5,59.0,1006.3,45.0,H,0.0,Silverstone,Haas F1 Team
2,GRO,3,0,19,19,0,42,31.6,18.7,0.0,3.5,58.8,1006.4,38.0,H,1.0,Silverstone,Haas F1 Team
3,GRO,4,0,19,19,0,44,32.4,18.6,0.0,1.4,60.3,1006.3,52.0,H,2.0,Silverstone,Haas F1 Team
4,GRO,5,0,19,19,0,43,33.9,19.4,0.0,1.8,58.6,1006.3,23.0,H,3.0,Silverstone,Haas F1 Team
5,GRO,6,0,19,19,0,42,31.4,19.6,0.0,2.4,59.1,1006.1,27.0,H,4.0,Silverstone,Haas F1 Team
6,GRO,7,0,19,19,0,42,30.5,19.5,0.0,1.7,58.8,1006.2,42.0,H,5.0,Silverstone,Haas F1 Team
7,GRO,8,0,19,19,0,43,28.2,19.0,0.0,3.8,61.5,1006.2,44.0,H,6.0,Silverstone,Haas F1 Team
8,GRO,9,0,19,19,1,42,27.8,18.7,0.0,2.8,61.9,1006.3,20.0,H,7.0,Silverstone,Haas F1 Team
0,PER,1,0,14,17,0,44,32.5,18.9,0.0,1.6,64.5,1006.4,27.0,M,0.0,Silverstone,Racing Point
1,PER,2,0,14,17,0,59,32.5,18.9,0.0,2.6,64.6,1006.4,31.0,M,1.0,Silverstone,Racing Point
2,PER,3,0,13,17,0,57,31.8,19.1,0.0,0.4,63.0,1006.3,47.0,M,2.0,Silverstone,Racing Point
3,PER,4,0,13,17,0,58,31.5,19.0,0.0,3.1,60.4,1006.3,31.0,M,3.0,Silverstone,Racing Point
4,PER,5,0,12,17,0,59,31.0,18.8,0.0,2.7,59.2,1006.4,43.0,M,4.0,Silverstone,Racing Point
5,PER,6,0,12,17,0,58,30.9,18.8,0.0,1.9,61.1,1006.3,30.0,M,5.0,Silverstone,Racing Point
6,PER,7,0,12,17,0,56,31.1,18.7,0.0,2.6,61.6,1006.2,51.0,M,6.0,Silverstone,Racing Point
7,PER,8,0,12,17,0,54,31.3,18.8,0.0,2.1,61.5,1006.2,38.0,M,7.0,Silverstone,Racing Point
8,PER,9,0,12,17,0,53,30.9,18.8,0.0,1.1,59.4,1006.3,45.0,M,8.0,Silverstone,Racing Point
9,PER,10,0,12,17,0,53,31.2,19.0,0.0,1.5,59.0,1006.3,45.0,M,9.0,Silverstone,Racing Point
10,PER,11,0,12,17,0,53,31.6,18.7,0.0,3.5,58.8,1006.4,38.0,M,10.0,Silverstone,Racing Point
11,PER,12,0,12,17,0,52,31.8,18.6,0.0,2.0,59.9,1006.3,36.0,M,11.0,Silverstone,Racing Point
12,PER,13,0,11,17,0,51,32.4,18.6,0.0,1.4,60.3,1006.3,52.0,M,12.0,Silverstone,Racing Point
13,PER,14,0,8,17,0,51,33.9,19.3,0.0,2.0,59.1,1006.2,57.0,M,13.0,Silverstone,Racing Point
14,PER,15,0,8,17,0,53,33.9,19.3,0.0,2.7,59.6,1006.2,24.0,M,14.0,Silverstone,Racing Point
15,PER,16,0,8,17,0,53,33.9,19.4,0.0,1.8,58.6,1006.3,23.0,M,15.0,Silverstone,Racing Point
16,PER,17,0,8,17,0,53,34.2,19.3,0.0,2.0,59.2,1006.4,315.0,M,16.0,Silverstone,Racing Point
17,PER,18,0,8,17,0,53,34.3,19.4,0.0,1.4,59.4,1006.2,51.0,M,17.0,Silverstone,Racing Point
18,PER,19,0,12,17,0,57,33.9,19.2,0.0,2.4,59.2,1006.3,46.0,H,0.0,Silverstone,Racing Point
19,PER,20,0,12,17,0,56,33.9,19.1,0.0,1.8,60.1,1006.3,34.0,H,1.0,Silverstone,Racing Point
20,PER,21,0,13,17,0,54,33.4,19.2,0.0,1.1,60.0,1006.3,24.0,H,2.0,Silverstone,Racing Point
21,PER,22,0,12,17,0,53,33.4,19.6,0.0,0.8,58.7,1006.2,166.0,H,3.0,Silverstone,Racing Point
22,PER,23,0,12,17,0,52,33.6,19.9,0.0,2.4,57.3,1006.1,48.0,H,4.0,Silverstone,Racing Point
23,PER,24,0,17,17,0,50,33.6,20.1,0.0,1.8,58.2,1006.1,45.0,H,5.0,Silverstone,Racing Point
24,PER,25,0,17,17,0,49,33.3,20.1,0.0,1.3,57.7,1006.1,20.0,S,0.0,Silverstone,Racing Point
25,PER,26,0,17,17,0,49,33.3,20.1,0.0,1.2,58.4,1006.1,51.0,S,1.0,Silverstone,Racing Point
26,PER,27,0,17,17,0,51,34.2,20.1,0.0,2.4,57.7,1006.1,29.0,S,2.0,Silverstone,Racing Point
27,PER,28,0,17,17,0,51,32.9,19.9,0.0,2.5,58.4,1006.2,38.0,S,3.0,Silverstone,Racing Point
28,PER,29,0,17,17,0,51,32.2,19.7,0.0,3.3,58.9,1006.2,17.0,S,4.0,Silverstone,Racing Point
29,PER,30,0,17,17,0,51,31.3,19.5,0.0,2.1,59.2,1006.1,27.0,S,5.0,Silverstone,Racing Point
30,PER,31,0,17,17,0,52,30.8,19.5,0.0,2.3,58.9,1006.2,33.0,S,6.0,Silverstone,Racing Point
31,PER,32,0,17,17,0,52,30.7,19.5,0.0,2.0,59.3,1006.1,32.0,S,7.0,Silverstone,Racing Point
32,PER,33,0,17,17,0,52,30.4,19.5,0.0,2.2,58.2,1006.1,38.0,S,8.0,Silverstone,Racing Point
33,PER,34,0,17,17,0,53,30.5,19.5,0.0,2.4,57.8,1006.1,11.0,S,9.0,Silverstone,Racing Point
34,PER,35,0,17,17,0,53,30.2,19.6,0.0,2.7,57.2,1006.3,348.0,S,10.0,Silverstone,Racing Point
35,PER,36,0,17,17,0,54,29.8,19.5,0.0,1.6,57.8,1006.2,24.0,S,11.0,Silverstone,Racing Point
36,PER,37,0,17,17,0,54,29.6,19.6,0.0,2.9,58.0,1006.2,21.0,S,12.0,Silverstone,Racing Point
37,PER,38,0,17,17,0,54,29.1,19.4,0.0,2.4,58.6,1006.3,32.0,S,13.0,Silverstone,Racing Point
38,PER,39,0,16,17,0,54,29.0,19.2,0.0,3.5,59.8,1006.3,40.0,S,14.0,Silverstone,Racing Point
39,PER,40,0,16,17,0,55,28.7,19.0,0.0,3.8,60.4,1006.2,28.0,S,15.0,Silverstone,Racing Point
40,PER,41,0,16,17,0,55,28.5,19.0,0.0,3.5,60.7,1006.2,44.0,S,16.0,Silverstone,Racing Point
41,PER,42,0,16,17,0,54,28.2,19.0,0.0,2.7,61.3,1006.3,34.0,S,17.0,Silverstone,Racing Point
42,PER,43,0,16,17,0,54,28.2,19.0,0.0,3.8,61.5,1006.2,44.0,S,18.0,Silverstone,Racing Point
43,PER,44,0,16,17,0,54,27.7,18.8,0.0,2.8,62.5,1006.3,22.0,S,19.0,Silverstone,Racing Point
44,PER,45,0,16,17,0,54,27.7,18.8,0.0,2.3,62.7,1006.3,42.0,S,20.0,Silverstone,Racing Point
45,PER,46,0,16,17,0,54,27.5,18.6,0.0,2.3,63.8,1006.3,46.0,S,21.0,Silverstone,Racing Point
46,PER,47,0,17,17,0,54,27.5,18.6,0.0,2.5,63.8,1006.4,356.0,S,3.0,Silverstone,Racing Point
47,PER,48,0,17,17,0,54,27.5,18.7,0.0,2.5,62.7,1006.4,35.0,S,4.0,Silverstone,Racing Point
48,PER,49,0,17,17,0,54,27.6,18.7,0.0,2.8,62.3,1006.4,8.0,S,5.0,Silverstone,Racing Point
49,PER,50,0,17,17,0,54,28.0,19.0,0.0,2.8,61.1,1006.4,56.0,S,6.0,Silverstone,Racing Point
50,PER,51,0,17,17,0,54,27.9,18.8,0.0,2.9,61.7,1006.4,51.0,S,7.0,Silverstone,Racing Point
0,MAG,1,0,20,20,0,30,31.8,19.1,0.0,0.4,63.0,1006.3,47.0,S,0.0,Silverstone,Haas F1 Team
1,MAG,2,0,20,20,0,31,34.2,19.3,0.0,2.0,59.2,1006.4,315.0,H,0.0,Silverstone,Haas F1 Team
2,MAG,3,0,20,20,0,30,33.6,19.9,0.0,2.4,57.3,1006.1,48.0,H,1.0,Silverstone,Haas F1 Team
3,MAG,4,0,20,20,0,32,34.2,20.2,0.0,1.4,58.2,1006.2,42.0,H,2.0,Silverstone,Haas F1 Team
4,MAG,5,0,20,20,0,33,30.8,19.5,0.0,2.3,58.9,1006.2,33.0,H,3.0,Silverstone,Haas F1 Team
5,MAG,6,0,20,20,1,32,30.7,19.5,0.0,2.0,59.3,1006.1,32.0,H,4.0,Silverstone,Haas F1 Team
0,KVY,1,0,16,9,0,53,32.1,19.0,0.0,1.4,64.1,1006.4,279.0,S,0.0,Silverstone,Toro Rosso
1,KVY,2,0,16,9,0,73,31.7,19.1,0.0,1.3,62.3,1006.3,60.0,S,1.0,Silverstone,Toro Rosso
2,KVY,3,0,16,9,0,71,31.7,19.0,0.0,0.9,62.3,1006.3,73.0,S,2.0,Silverstone,Toro Rosso
3,KVY,4,0,15,9,0,73,31.5,19.0,0.0,3.1,60.4,1006.3,31.0,S,3.0,Silverstone,Toro Rosso
4,KVY,5,0,15,9,0,74,31.3,19.0,0.0,1.9,59.7,1006.3,48.0,S,4.0,Silverstone,Toro Rosso
5,KVY,6,0,15,9,0,74,31.0,18.8,0.0,2.7,59.2,1006.4,43.0,S,5.0,Silverstone,Toro Rosso
6,KVY,7,0,15,9,0,73,30.9,18.8,0.0,1.9,61.1,1006.3,30.0,S,6.0,Silverstone,Toro Rosso
7,KVY,8,0,15,9,0,73,31.3,18.8,0.0,2.1,61.5,1006.2,38.0,S,7.0,Silverstone,Toro Rosso
8,KVY,9,0,15,9,0,73,31.2,18.7,0.0,1.1,60.1,1006.3,23.0,S,8.0,Silverstone,Toro Rosso
9,KVY,10,0,15,9,0,72,30.9,18.8,0.0,1.1,59.4,1006.3,45.0,S,9.0,Silverstone,Toro Rosso
10,KVY,11,0,15,9,0,71,31.2,19.0,0.0,1.5,59.0,1006.3,45.0,S,10.0,Silverstone,Toro Rosso
11,KVY,12,0,15,9,0,71,31.6,18.7,0.0,3.5,58.8,1006.4,38.0,S,11.0,Silverstone,Toro Rosso
12,KVY,13,0,18,9,0,70,33.1,18.9,0.0,0.5,59.9,1006.3,30.0,M,0.0,Silverstone,Toro Rosso
13,KVY,14,0,17,9,0,71,33.9,19.3,0.0,2.0,59.1,1006.2,57.0,M,1.0,Silverstone,Toro Rosso
14,KVY,15,0,17,9,0,72,33.9,19.4,0.0,1.8,58.6,1006.3,23.0,M,2.0,Silverstone,Toro Rosso
15,KVY,16,0,16,9,0,71,34.2,19.3,0.0,2.0,59.2,1006.4,315.0,M,3.0,Silverstone,Toro Rosso
16,KVY,17,0,16,9,0,71,34.3,19.4,0.0,1.4,59.4,1006.2,51.0,M,4.0,Silverstone,Toro Rosso
17,KVY,18,0,16,9,0,71,33.9,19.2,0.0,2.4,59.2,1006.3,46.0,M,5.0,Silverstone,Toro Rosso
18,KVY,19,0,13,9,0,73,33.4,19.2,0.0,1.1,60.0,1006.3,24.0,M,6.0,Silverstone,Toro Rosso
19,KVY,20,0,13,9,0,73,34.5,19.8,0.0,0.5,58.1,1006.2,203.0,M,7.0,Silverstone,Toro Rosso
20,KVY,21,0,12,9,0,73,35.6,19.9,0.0,0.6,57.9,1006.1,0.0,M,8.0,Silverstone,Toro Rosso
21,KVY,22,0,15,9,0,72,35.2,20.0,0.0,0.7,58.3,1006.1,70.0,H,0.0,Silverstone,Toro Rosso
22,KVY,23,0,15,9,0,73,33.6,19.9,0.0,2.4,57.3,1006.1,48.0,H,1.0,Silverstone,Toro Rosso
23,KVY,24,0,14,9,0,72,33.6,19.9,0.0,1.7,58.5,1006.0,17.0,H,2.0,Silverstone,Toro Rosso
24,KVY,25,0,14,9,0,72,33.3,20.1,0.0,1.2,58.4,1006.1,51.0,H,3.0,Silverstone,Toro Rosso
25,KVY,26,0,14,9,0,72,34.2,20.2,0.0,1.4,58.2,1006.2,42.0,H,4.0,Silverstone,Toro Rosso
26,KVY,27,0,14,9,0,73,32.9,19.9,0.0,2.5,58.4,1006.2,38.0,H,5.0,Silverstone,Toro Rosso
27,KVY,28,0,14,9,0,73,32.2,19.7,0.0,3.3,58.9,1006.2,17.0,H,6.0,Silverstone,Toro Rosso
28,KVY,29,0,14,9,0,73,31.4,19.6,0.0,3.3,59.0,1006.1,39.0,H,7.0,Silverstone,Toro Rosso
29,KVY,30,0,14,9,0,74,30.8,19.5,0.0,2.3,58.9,1006.2,33.0,H,8.0,Silverstone,Toro Rosso
30,KVY,31,0,14,9,0,74,30.7,19.5,0.0,2.0,59.3,1006.1,32.0,H,9.0,Silverstone,Toro Rosso
31,KVY,32,0,14,9,0,74,30.6,19.5,0.0,1.4,58.8,1006.2,39.0,H,10.0,Silverstone,Toro Rosso
32,KVY,33,0,14,9,0,74,30.4,19.5,0.0,2.2,58.2,1006.1,38.0,H,11.0,Silverstone,Toro Rosso
33,KVY,34,0,14,9,0,74,30.5,19.5,0.0,2.4,57.8,1006.1,11.0,H,12.0,Silverstone,Toro Rosso
34,KVY,35,0,14,9,0,75,29.8,19.6,0.0,0.8,57.9,1006.2,84.0,H,13.0,Silverstone,Toro Rosso
35,KVY,36,0,13,9,0,75,29.0,19.2,0.0,3.5,59.8,1006.3,40.0,H,14.0,Silverstone,Toro Rosso
36,KVY,37,0,13,9,0,75,28.7,19.0,0.0,3.8,60.4,1006.2,28.0,H,15.0,Silverstone,Toro Rosso
37,KVY,38,0,12,9,0,76,28.2,19.0,0.0,3.8,61.5,1006.2,44.0,H,16.0,Silverstone,Toro Rosso
38,KVY,39,0,11,9,0,76,28.1,19.0,0.0,2.9,61.8,1006.2,51.0,H,17.0,Silverstone,Toro Rosso
39,KVY,40,0,11,9,0,76,27.7,18.8,0.0,3.4,61.9,1006.2,43.0,H,18.0,Silverstone,Toro Rosso
40,KVY,41,0,11,9,0,76,27.7,18.7,0.0,3.5,62.3,1006.2,52.0,H,19.0,Silverstone,Toro Rosso
41,KVY,42,0,11,9,0,76,27.6,18.7,0.0,2.9,62.7,1006.2,14.0,H,20.0,Silverstone,Toro Rosso
42,KVY,43,0,10,9,0,76,27.7,18.8,0.0,2.8,62.5,1006.3,22.0,H,21.0,Silverstone,Toro Rosso
43,KVY,44,0,10,9,0,76,27.6,18.7,0.0,3.4,62.8,1006.3,44.0,H,22.0,Silverstone,Toro Rosso
44,KVY,45,0,9,9,0,77,27.5,18.6,0.0,2.3,63.8,1006.3,46.0,H,23.0,Silverstone,Toro Rosso
45,KVY,46,0,9,9,0,77,27.5,18.7,0.0,1.7,63.6,1006.4,60.0,H,24.0,Silverstone,Toro Rosso
46,KVY,47,0,9,9,0,77,27.5,18.7,0.0,2.5,62.7,1006.4,35.0,H,25.0,Silverstone,Toro Rosso
47,KVY,48,0,9,9,0,77,27.8,18.7,0.0,2.8,61.9,1006.3,20.0,H,26.0,Silverstone,Toro Rosso
48,KVY,49,0,9,9,0,77,27.9,19.0,0.0,1.1,61.4,1006.4,22.0,H,27.0,Silverstone,Toro Rosso
49,KVY,50,0,9,9,0,77,28.0,19.0,0.0,2.8,61.1,1006.4,56.0,H,28.0,Silverstone,Toro Rosso
50,KVY,51,0,9,9,0,77,27.9,18.8,0.0,2.9,61.7,1006.4,51.0,H,29.0,Silverstone,Toro Rosso
51,KVY,52,0,9,9,0,77,27.9,18.8,0.0,3.0,62.2,1006.4,48.0,H,30.0,Silverstone,Toro Rosso
0,STR,1,0,15,13,0,40,32.5,18.9,0.0,1.6,64.5,1006.4,27.0,M,0.0,Silverstone,Racing Point
1,STR,2,0,15,13,0,60,32.5,18.9,0.0,2.6,64.6,1006.4,31.0,M,1.0,Silverstone,Racing Point
2,STR,3,0,14,13,0,62,32.2,19.0,0.0,1.6,63.2,1006.4,44.0,M,2.0,Silverstone,Racing Point
3,STR,4,0,14,13,0,61,32.1,19.0,0.0,1.4,64.1,1006.4,279.0,M,3.0,Silverstone,Racing Point
4,STR,5,0,14,13,0,61,31.8,19.1,0.0,0.4,63.0,1006.3,47.0,M,4.0,Silverstone,Racing Point
5,STR,6,0,14,13,0,59,31.7,19.1,0.0,1.3,62.3,1006.3,60.0,M,5.0,Silverstone,Racing Point
6,STR,7,0,14,13,0,57,31.7,19.0,0.0,0.9,62.3,1006.3,73.0,M,6.0,Silverstone,Racing Point
7,STR,8,0,14,13,0,57,31.5,19.3,0.0,1.5,61.5,1006.3,36.0,M,7.0,Silverstone,Racing Point
8,STR,9,0,14,13,0,58,31.5,19.0,0.0,3.1,60.4,1006.3,31.0,M,8.0,Silverstone,Racing Point
9,STR,10,0,14,13,0,58,31.3,19.0,0.0,1.9,59.7,1006.3,48.0,M,9.0,Silverstone,Racing Point
10,STR,11,0,14,13,0,58,31.3,18.8,0.0,2.1,61.5,1006.2,38.0,M,10.0,Silverstone,Racing Point
11,STR,12,0,14,13,0,59,31.3,18.7,0.0,1.7,61.1,1006.3,24.0,M,11.0,Silverstone,Racing Point
12,STR,13,0,13,13,0,59,30.9,18.8,0.0,1.1,59.4,1006.3,45.0,M,12.0,Silverstone,Racing Point
13,STR,14,0,18,13,0,59,31.6,18.7,0.0,3.5,58.8,1006.4,38.0,H,0.0,Silverstone,Racing Point
14,STR,15,0,18,13,0,59,31.8,18.6,0.0,2.0,59.9,1006.3,36.0,H,1.0,Silverstone,Racing Point
15,STR,16,0,17,13,0,59,32.4,18.6,0.0,1.4,60.3,1006.3,52.0,H,2.0,Silverstone,Racing Point
16,STR,17,0,17,13,0,58,33.9,19.3,0.0,2.0,59.1,1006.2,57.0,H,3.0,Silverstone,Racing Point
17,STR,18,0,17,13,0,58,33.9,19.3,0.0,2.7,59.6,1006.2,24.0,H,4.0,Silverstone,Racing Point
18,STR,19,0,16,13,0,59,34.2,19.3,0.0,2.0,59.2,1006.4,315.0,H,5.0,Silverstone,Racing Point
19,STR,20,0,16,13,0,58,34.3,19.4,0.0,1.4,59.4,1006.2,51.0,H,6.0,Silverstone,Racing Point
20,STR,21,0,16,13,0,56,33.9,19.1,0.0,1.8,60.1,1006.3,34.0,H,7.0,Silverstone,Racing Point
21,STR,22,0,14,13,0,55,33.4,19.2,0.0,1.1,60.0,1006.3,24.0,H,8.0,Silverstone,Racing Point
22,STR,23,0,14,13,0,53,33.4,19.6,0.0,0.8,58.7,1006.2,166.0,H,9.0,Silverstone,Racing Point
23,STR,24,0,13,13,0,52,34.5,19.8,0.0,0.5,58.1,1006.2,203.0,H,10.0,Silverstone,Racing Point
24,STR,25,0,13,13,0,52,35.2,20.0,0.0,0.7,58.3,1006.1,70.0,H,11.0,Silverstone,Racing Point
25,STR,26,0,13,13,0,52,33.6,19.9,0.0,2.4,57.3,1006.1,48.0,H,12.0,Silverstone,Racing Point
26,STR,27,0,13,13,0,52,33.6,19.9,0.0,1.7,58.5,1006.0,17.0,H,13.0,Silverstone,Racing Point
27,STR,28,0,13,13,0,53,33.6,20.1,0.0,1.8,58.2,1006.1,45.0,H,14.0,Silverstone,Racing Point
28,STR,29,0,13,13,0,54,33.3,20.1,0.0,1.3,57.7,1006.1,20.0,H,15.0,Silverstone,Racing Point
29,STR,30,0,13,13,0,54,33.3,20.1,0.0,1.2,58.4,1006.1,51.0,H,16.0,Silverstone,Racing Point
30,STR,31,0,13,13,0,54,34.2,20.2,0.0,1.4,58.2,1006.2,42.0,H,17.0,Silverstone,Racing Point
31,STR,32,0,13,13,0,54,30.6,19.5,0.0,1.4,58.8,1006.2,39.0,H,18.0,Silverstone,Racing Point
32,STR,33,0,13,13,0,54,30.5,19.5,0.0,1.7,58.8,1006.2,42.0,H,19.0,Silverstone,Racing Point
33,STR,34,0,13,13,0,54,30.4,19.5,0.0,2.2,58.2,1006.1,38.0,H,20.0,Silverstone,Racing Point
34,STR,35,0,13,13,0,54,30.5,19.5,0.0,2.4,57.8,1006.1,11.0,H,21.0,Silverstone,Racing Point
35,STR,36,0,12,13,0,55,30.2,19.6,0.0,2.7,57.2,1006.3,348.0,H,22.0,Silverstone,Racing Point
36,STR,37,0,12,13,0,55,29.8,19.5,0.0,1.6,57.8,1006.2,24.0,H,23.0,Silverstone,Racing Point
37,STR,38,0,11,13,0,55,29.8,19.6,0.0,0.8,57.9,1006.2,84.0,H,24.0,Silverstone,Racing Point
38,STR,39,0,12,13,0,56,29.6,19.8,0.0,1.6,57.2,1006.3,39.0,H,25.0,Silverstone,Racing Point
39,STR,40,0,14,13,0,56,29.0,19.2,0.0,3.5,59.8,1006.3,40.0,S,0.0,Silverstone,Racing Point
40,STR,41,0,13,13,0,56,28.5,19.0,0.0,3.5,60.7,1006.2,44.0,S,1.0,Silverstone,Racing Point
41,STR,42,0,13,13,0,56,28.2,19.1,0.0,2.6,60.7,1006.3,48.0,S,2.0,Silverstone,Racing Point
42,STR,43,0,13,13,0,56,28.1,19.0,0.0,2.9,61.8,1006.2,51.0,S,3.0,Silverstone,Racing Point
43,STR,44,0,13,13,0,56,27.6,18.7,0.0,2.9,62.7,1006.2,14.0,S,4.0,Silverstone,Racing Point
44,STR,45,0,13,13,0,56,27.5,18.6,0.0,2.3,63.8,1006.3,46.0,S,5.0,Silverstone,Racing Point
45,STR,46,0,13,13,0,56,27.5,18.6,0.0,2.5,63.8,1006.4,356.0,S,6.0,Silverstone,Racing Point
46,STR,47,0,13,13,0,57,27.5,18.7,0.0,1.7,63.6,1006.4,60.0,S,7.0,Silverstone,Racing Point
47,STR,48,0,13,13,0,57,27.5,18.7,0.0,2.5,62.7,1006.4,35.0,S,8.0,Silverstone,Racing Point
48,STR,49,0,13,13,0,57,27.6,18.7,0.0,2.8,62.3,1006.4,8.0,S,9.0,Silverstone,Racing Point
49,STR,50,0,13,13,0,57,27.8,18.9,0.0,2.6,62.1,1006.4,12.0,S,10.0,Silverstone,Racing Point
50,STR,51,0,13,13,0,57,27.9,19.0,0.0,1.1,61.4,1006.4,22.0,S,11.0,Silverstone,Racing Point
51,STR,52,0,13,13,0,57,27.9,18.8,0.0,3.0,62.2,1006.4,48.0,S,12.0,Silverstone,Racing Point
0,RUS,1,0,17,14,0,39,32.5,18.9,0.0,1.6,64.5,1006.4,27.0,M,0.0,Silverstone,Williams
1,RUS,2,0,17,14,0,59,32.5,18.9,0.0,2.6,64.6,1006.4,31.0,M,1.0,Silverstone,Williams
2,RUS,3,0,17,14,0,62,32.1,19.0,0.0,1.4,64.1,1006.4,279.0,M,2.0,Silverstone,Williams
3,RUS,4,0,17,14,0,62,31.8,19.1,0.0,0.4,63.0,1006.3,47.0,M,3.0,Silverstone,Williams
4,RUS,5,0,17,14,0,61,31.7,19.1,0.0,1.3,62.3,1006.3,60.0,M,4.0,Silverstone,Williams
5,RUS,6,0,17,14,0,60,31.7,19.0,0.0,0.9,62.3,1006.3,73.0,M,5.0,Silverstone,Williams
6,RUS,7,0,17,14,0,58,31.5,19.3,0.0,1.5,61.5,1006.3,36.0,M,6.0,Silverstone,Williams
7,RUS,8,0,17,14,0,57,31.0,18.8,0.0,2.7,59.2,1006.4,43.0,M,7.0,Silverstone,Williams
8,RUS,9,0,17,14,0,55,31.3,18.8,0.0,2.1,61.5,1006.2,38.0,M,8.0,Silverstone,Williams
9,RUS,10,0,17,14,0,54,31.3,18.7,0.0,1.7,61.1,1006.3,24.0,M,9.0,Silverstone,Williams
10,RUS,11,0,17,14,0,53,31.2,18.7,0.0,1.1,60.1,1006.3,23.0,M,10.0,Silverstone,Williams
11,RUS,12,0,17,14,0,52,31.2,19.0,0.0,1.5,59.0,1006.3,45.0,M,11.0,Silverstone,Williams
12,RUS,13,0,16,14,0,52,31.8,18.6,0.0,2.0,59.9,1006.3,36.0,M,12.0,Silverstone,Williams
13,RUS,14,0,13,14,0,52,32.4,18.6,0.0,1.4,60.3,1006.3,52.0,M,13.0,Silverstone,Williams
14,RUS,15,0,14,14,0,53,33.1,18.9,0.0,0.5,59.9,1006.3,30.0,M,14.0,Silverstone,Williams
15,RUS,16,0,15,14,0,52,33.9,19.3,0.0,2.0,59.1,1006.2,57.0,M,15.0,Silverstone,Williams
16,RUS,17,0,15,14,0,52,33.9,19.4,0.0,1.8,58.6,1006.3,23.0,M,16.0,Silverstone,Williams
17,RUS,18,0,14,14,0,51,33.9,19.2,0.0,2.4,59.2,1006.3,46.0,M,17.0,Silverstone,Williams
18,RUS,19,0,14,14,0,55,33.9,19.1,0.0,1.8,60.1,1006.3,34.0,M,18.0,Silverstone,Williams
19,RUS,20,0,15,14,0,56,33.4,19.6,0.0,0.8,58.7,1006.2,166.0,M,19.0,Silverstone,Williams
20,RUS,21,0,14,14,0,55,35.0,20.0,0.0,1.2,57.9,1006.2,296.0,M,20.0,Silverstone,Williams
21,RUS,22,0,16,14,0,55,35.2,20.0,0.0,0.7,58.3,1006.1,70.0,H,0.0,Silverstone,Williams
22,RUS,23,0,16,14,0,56,33.6,19.9,0.0,2.4,57.3,1006.1,48.0,H,1.0,Silverstone,Williams
23,RUS,24,0,15,14,0,56,33.6,20.1,0.0,1.8,58.2,1006.1,45.0,H,2.0,Silverstone,Williams
24,RUS,25,0,15,14,0,56,33.3,20.1,0.0,1.3,57.7,1006.1,20.0,H,3.0,Silverstone,Williams
25,RUS,26,0,15,14,0,56,34.2,20.2,0.0,1.4,58.2,1006.2,42.0,H,4.0,Silverstone,Williams
26,RUS,27,0,15,14,0,57,32.9,19.9,0.0,2.5,58.4,1006.2,38.0,H,5.0,Silverstone,Williams
27,RUS,28,0,15,14,0,57,31.4,19.6,0.0,2.4,59.1,1006.1,27.0,H,6.0,Silverstone,Williams
28,RUS,29,0,15,14,0,57,31.4,19.6,0.0,3.3,59.0,1006.1,39.0,H,7.0,Silverstone,Williams
29,RUS,30,0,15,14,0,58,31.3,19.5,0.0,2.1,59.2,1006.1,27.0,H,8.0,Silverstone,Williams
30,RUS,31,0,15,14,0,58,30.7,19.5,0.0,2.0,59.3,1006.1,32.0,H,9.0,Silverstone,Williams
31,RUS,32,0,15,14,0,58,30.6,19.5,0.0,1.4,58.8,1006.2,39.0,H,10.0,Silverstone,Williams
32,RUS,33,0,15,14,0,58,30.2,19.6,0.0,2.7,57.2,1006.3,348.0,H,11.0,Silverstone,Williams
33,RUS,34,0,15,14,0,58,29.8,19.5,0.0,1.6,57.8,1006.2,24.0,H,12.0,Silverstone,Williams
34,RUS,35,0,15,14,0,59,29.8,19.6,0.0,0.8,57.9,1006.2,84.0,H,13.0,Silverstone,Williams
35,RUS,36,0,15,14,0,59,29.6,19.6,0.0,2.9,58.0,1006.2,21.0,H,14.0,Silverstone,Williams
36,RUS,37,0,15,14,0,59,29.1,19.4,0.0,2.4,58.6,1006.3,32.0,H,15.0,Silverstone,Williams
37,RUS,38,0,15,14,0,59,29.0,19.2,0.0,3.5,59.8,1006.3,40.0,H,16.0,Silverstone,Williams
38,RUS,39,0,14,14,0,59,28.7,19.0,0.0,3.8,60.4,1006.2,28.0,H,17.0,Silverstone,Williams
39,RUS,40,0,13,14,0,59,28.1,19.0,0.0,2.9,61.8,1006.2,51.0,H,18.0,Silverstone,Williams
40,RUS,41,0,14,14,0,59,27.7,18.8,0.0,3.4,61.9,1006.2,43.0,H,19.0,Silverstone,Williams
41,RUS,42,0,14,14,0,59,27.7,18.7,0.0,3.5,62.3,1006.2,52.0,H,20.0,Silverstone,Williams
42,RUS,43,0,14,14,0,59,27.6,18.7,0.0,2.9,62.7,1006.2,14.0,H,21.0,Silverstone,Williams
43,RUS,44,0,14,14,0,59,27.7,18.8,0.0,2.8,62.5,1006.3,22.0,H,22.0,Silverstone,Williams
44,RUS,45,0,14,14,0,59,27.7,18.8,0.0,2.3,62.7,1006.3,42.0,H,23.0,Silverstone,Williams
45,RUS,46,0,14,14,0,59,27.5,18.6,0.0,2.3,63.8,1006.3,46.0,H,24.0,Silverstone,Williams
46,RUS,47,0,14,14,0,59,27.5,18.6,0.0,2.5,63.8,1006.4,356.0,H,25.0,Silverstone,Williams
47,RUS,48,0,14,14,0,59,27.8,18.7,0.0,2.8,61.9,1006.3,20.0,H,26.0,Silverstone,Williams
48,RUS,49,0,14,14,0,59,27.8,18.9,0.0,2.6,62.1,1006.4,12.0,H,27.0,Silverstone,Williams
49,RUS,50,0,14,14,0,59,27.9,18.8,0.0,2.9,61.7,1006.4,51.0,H,28.0,Silverstone,Williams
50,RUS,51,0,14,14,0,59,27.9,18.8,0.0,3.0,62.2,1006.4,48.0,H,29.0,Silverstone,Williams
0,KUB,1,0,18,15,0,45,32.5,18.9,0.0,1.6,64.5,1006.4,27.0,M,0.0,Silverstone,Williams
1,KUB,2,0,18,15,0,60,32.5,18.9,0.0,2.6,64.6,1006.4,31.0,M,1.0,Silverstone,Williams
2,KUB,3,0,18,15,0,61,31.8,19.1,0.0,0.4,63.0,1006.3,47.0,M,2.0,Silverstone,Williams
3,KUB,4,0,18,15,0,61,31.7,19.1,0.0,1.3,62.3,1006.3,60.0,M,3.0,Silverstone,Williams
4,KUB,5,0,18,15,0,61,31.7,19.0,0.0,0.9,62.3,1006.3,73.0,M,4.0,Silverstone,Williams
5,KUB,6,0,18,15,0,60,31.5,19.0,0.0,3.1,60.4,1006.3,31.0,M,5.0,Silverstone,Williams
6,KUB,7,0,18,15,0,58,30.9,18.8,0.0,1.9,61.1,1006.3,30.0,M,6.0,Silverstone,Williams
7,KUB,8,0,18,15,0,58,31.2,18.7,0.0,1.1,60.1,1006.3,23.0,M,7.0,Silverstone,Williams
8,KUB,9,0,18,15,0,57,30.9,18.8,0.0,1.1,59.4,1006.3,45.0,M,8.0,Silverstone,Williams
9,KUB,10,0,18,15,0,57,31.2,19.0,0.0,1.5,59.0,1006.3,45.0,M,9.0,Silverstone,Williams
10,KUB,11,0,18,15,0,56,31.6,18.7,0.0,3.5,58.8,1006.4,38.0,M,10.0,Silverstone,Williams
11,KUB,12,0,18,15,0,55,31.8,18.6,0.0,2.0,59.9,1006.3,36.0,M,11.0,Silverstone,Williams
12,KUB,13,0,17,15,0,55,32.4,18.6,0.0,1.4,60.3,1006.3,52.0,M,12.0,Silverstone,Williams
13,KUB,14,0,16,15,0,55,33.1,18.9,0.0,0.5,59.9,1006.3,30.0,M,13.0,Silverstone,Williams
14,KUB,15,0,16,15,0,55,33.9,19.3,0.0,2.7,59.6,1006.2,24.0,M,14.0,Silverstone,Williams
15,KUB,16,0,18,15,0,55,33.9,19.4,0.0,1.8,58.6,1006.3,23.0,M,15.0,Silverstone,Williams
16,KUB,17,0,18,15,0,54,34.2,19.3,0.0,2.0,59.2,1006.4,315.0,M,16.0,Silverstone,Williams
17,KUB,18,0,18,15,0,54,34.3,19.4,0.0,1.4,59.4,1006.2,51.0,M,17.0,Silverstone,Williams
18,KUB,19,0,17,15,0,58,33.9,19.2,0.0,2.4,59.2,1006.3,46.0,M,18.0,Silverstone,Williams
19,KUB,20,0,17,15,0,58,33.4,19.2,0.0,1.1,60.0,1006.3,24.0,M,19.0,Silverstone,Williams
20,KUB,21,0,17,15,0,59,33.4,19.6,0.0,0.8,58.7,1006.2,166.0,H,0.0,Silverstone,Williams
21,KUB,22,0,17,15,0,58,34.5,19.8,0.0,0.5,58.1,1006.2,203.0,H,1.0,Silverstone,Williams
22,KUB,23,0,17,15,0,59,35.2,20.0,0.0,0.7,58.3,1006.1,70.0,H,2.0,Silverstone,Williams
23,KUB,24,0,16,15,0,58,34.0,20.0,0.0,1.6,58.2,1006.2,33.0,H,3.0,Silverstone,Williams
24,KUB,25,0,16,15,0,58,33.6,19.9,0.0,1.7,58.5,1006.0,17.0,H,4.0,Silverstone,Williams
25,KUB,26,0,16,15,0,58,33.6,20.1,0.0,1.8,58.2,1006.1,45.0,H,5.0,Silverstone,Williams
26,KUB,27,0,16,15,0,59,33.3,20.1,0.0,1.3,57.7,1006.1,20.0,H,6.0,Silverstone,Williams
27,KUB,28,0,16,15,0,60,33.3,20.1,0.0,1.2,58.4,1006.1,51.0,H,7.0,Silverstone,Williams
28,KUB,29,0,16,15,0,60,34.2,20.1,0.0,2.4,57.7,1006.1,29.0,H,8.0,Silverstone,Williams
29,KUB,30,0,16,15,0,60,32.9,19.9,0.0,2.5,58.4,1006.2,38.0,H,9.0,Silverstone,Williams
30,KUB,31,0,16,15,0,60,32.2,19.7,0.0,3.3,58.9,1006.2,17.0,H,10.0,Silverstone,Williams
31,KUB,32,0,16,15,0,60,31.4,19.6,0.0,2.4,59.1,1006.1,27.0,H,11.0,Silverstone,Williams
32,KUB,33,0,16,15,0,60,31.4,19.6,0.0,3.3,59.0,1006.1,39.0,H,12.0,Silverstone,Williams
33,KUB,34,0,16,15,0,60,31.3,19.5,0.0,2.1,59.2,1006.1,27.0,H,13.0,Silverstone,Williams
34,KUB,35,0,16,15,0,60,30.4,19.5,0.0,2.2,58.2,1006.1,38.0,H,14.0,Silverstone,Williams
35,KUB,36,0,16,15,0,60,29.8,19.5,0.0,1.6,57.8,1006.2,24.0,H,15.0,Silverstone,Williams
36,KUB,37,0,16,15,0,60,29.8,19.6,0.0,0.8,57.9,1006.2,84.0,H,16.0,Silverstone,Williams
37,KUB,38,0,16,15,0,61,29.6,19.7,0.0,1.2,57.8,1006.2,255.0,H,17.0,Silverstone,Williams
38,KUB,39,0,15,15,0,61,29.6,19.8,0.0,1.6,57.2,1006.3,39.0,H,18.0,Silverstone,Williams
39,KUB,40,0,15,15,0,61,29.6,19.6,0.0,2.9,58.0,1006.2,21.0,H,19.0,Silverstone,Williams
40,KUB,41,0,15,15,0,61,29.1,19.4,0.0,2.4,58.6,1006.3,32.0,H,20.0,Silverstone,Williams
41,KUB,42,0,15,15,0,60,28.7,19.0,0.0,3.8,60.4,1006.2,28.0,H,21.0,Silverstone,Williams
42,KUB,43,0,15,15,0,60,28.5,19.0,0.0,3.5,60.7,1006.2,44.0,H,22.0,Silverstone,Williams
43,KUB,44,0,15,15,0,60,28.1,19.0,0.0,2.9,61.8,1006.2,51.0,H,23.0,Silverstone,Williams
44,KUB,45,0,15,15,0,60,27.7,18.7,0.0,3.5,62.3,1006.2,52.0,H,24.0,Silverstone,Williams
45,KUB,46,0,15,15,0,60,27.6,18.7,0.0,2.9,62.7,1006.2,14.0,H,25.0,Silverstone,Williams
46,KUB,47,0,15,15,0,60,27.6,18.7,0.0,3.4,62.8,1006.3,44.0,H,26.0,Silverstone,Williams
47,KUB,48,0,15,15,0,60,27.5,18.6,0.0,2.3,63.8,1006.3,46.0,H,27.0,Silverstone,Williams
48,KUB,49,0,16,15,0,60,27.5,18.7,0.0,2.5,62.7,1006.4,35.0,H,28.0,Silverstone,Williams
49,KUB,50,0,16,15,0,61,27.8,18.7,0.0,2.8,61.9,1006.3,20.0,H,29.0,Silverstone,Williams
50,KUB,51,0,16,15,0,61,27.9,19.0,0.0,1.1,61.4,1006.4,22.0,H,30.0,Silverstone,Williams
