,idGP,driver,lap,trackStatus,position,targetPosition,grid,out,performance,trackTemp,airTemp,raining,windSpeed,humidity,pressure,windDir,tyre,tyreLap,track,team
0,56,HAM,1,2,1,1,1,0,78,28.6,25.4,0.0,1.0,66.0,1015.3,244.0,M,3,Sakhir,Mercedes
1,56,HAM,2,2,1,1,1,0,70,28.6,25.4,0.0,0.7,65.6,1015.4,356.0,M,4,Sakhir,Mercedes
2,56,HAM,3,2,1,1,1,0,65,28.6,25.4,0.0,1.0,63.8,1015.5,326.0,M,5,Sakhir,Mercedes
3,56,HAM,4,2,1,1,1,0,67,28.6,25.4,0.0,1.2,63.3,1015.4,340.0,M,6,Sakhir,Mercedes
4,56,HAM,5,2,1,1,1,0,65,28.6,25.4,0.0,0.8,63.2,1015.5,298.0,M,7,Sakhir,Mercedes
5,56,HAM,6,2,1,1,1,0,65,28.6,25.4,0.0,1.2,63.2,1015.6,305.0,M,8,Sakhir,Mercedes
6,56,HAM,7,2,1,1,1,0,64,28.6,25.4,0.0,1.3,63.1,1015.5,322.0,M,9,Sakhir,Mercedes
7,56,HAM,8,2,1,1,1,0,63,28.3,25.3,0.0,1.0,63.0,1015.7,318.0,M,10,Sakhir,Mercedes
8,56,HAM,9,0,1,1,1,0,63,28.3,25.2,0.0,1.0,62.9,1015.6,290.0,M,11,Sakhir,Mercedes
9,56,HAM,10,0,1,1,1,0,65,28.3,25.2,0.0,1.3,62.8,1015.6,325.0,M,12,Sakhir,Mercedes
10,56,HAM,11,0,1,1,1,0,66,28.3,25.2,0.0,0.9,62.9,1015.6,303.0,M,13,Sakhir,Mercedes
11,56,HAM,12,0,1,1,1,0,67,28.2,25.2,0.0,0.9,62.9,1015.7,342.0,M,14,Sakhir,Mercedes
12,56,HAM,13,1,1,1,1,0,68,28.2,25.2,0.0,0.9,62.8,1015.7,7.0,M,15,Sakhir,Mercedes
13,56,HAM,14,1,1,1,1,0,69,28.1,25.1,0.0,1.0,62.9,1015.7,267.0,M,16,Sakhir,Mercedes
14,56,HAM,15,0,1,1,1,0,69,28.1,25.1,0.0,1.1,62.9,1015.7,336.0,M,17,Sakhir,Mercedes
15,56,HAM,16,0,1,1,1,0,70,28.1,25.1,0.0,0.9,62.7,1015.8,319.0,M,18,Sakhir,Mercedes
16,56,HAM,17,0,1,1,1,0,71,28.1,25.1,0.0,0.9,62.6,1015.8,327.0,M,19,Sakhir,Mercedes
17,56,HAM,18,0,1,1,1,0,71,28.0,25.1,0.0,1.0,62.5,1015.9,302.0,M,20,Sakhir,Mercedes
18,56,HAM,19,0,1,1,1,0,72,27.9,25.0,0.0,0.9,62.9,1015.9,6.0,M,21,Sakhir,Mercedes
19,56,HAM,20,0,1,3,1,0,72,27.8,25.0,0.0,0.9,63.1,1015.9,328.0,M,2,Sakhir,Mercedes
20,56,HAM,21,0,3,1,1,0,73,27.8,25.0,0.0,1.0,63.1,1016.0,311.0,M,3,Sakhir,Mercedes
21,56,HAM,22,0,1,1,1,0,73,27.7,25.0,0.0,0.9,63.3,1015.9,355.0,M,4,Sakhir,Mercedes
22,56,HAM,23,0,1,1,1,0,73,27.6,24.9,0.0,1.2,63.6,1016.0,14.0,M,5,Sakhir,Mercedes
23,56,HAM,24,0,1,1,1,0,73,27.4,24.9,0.0,1.3,63.9,1016.0,301.0,M,6,Sakhir,Mercedes
24,56,HAM,25,0,1,1,1,0,74,27.2,24.9,0.0,1.1,66.0,1015.9,337.0,M,7,Sakhir,Mercedes
25,56,HAM,26,0,1,1,1,0,74,27.2,24.9,0.0,1.4,67.3,1015.8,331.0,M,8,Sakhir,Mercedes
26,56,HAM,27,0,1,1,1,0,74,27.4,25.0,0.0,1.1,68.4,1015.9,315.0,M,9,Sakhir,Mercedes
27,56,HAM,28,0,1,1,1,0,74,27.4,25.0,0.0,1.2,68.7,1015.9,320.0,M,10,Sakhir,Mercedes
28,56,HAM,29,0,1,1,1,0,75,27.4,25.0,0.0,1.1,69.1,1015.9,355.0,M,11,Sakhir,Mercedes
29,56,HAM,30,0,1,1,1,0,75,27.3,25.0,0.0,1.2,69.4,1015.9,345.0,M,12,Sakhir,Mercedes
30,56,HAM,31,0,1,1,1,0,75,27.3,25.0,0.0,1.2,70.3,1015.9,336.0,M,13,Sakhir,Mercedes
31,56,HAM,32,0,1,1,1,0,75,27.2,25.0,0.0,1.2,70.9,1015.9,288.0,M,14,Sakhir,Mercedes
32,56,HAM,33,0,1,1,1,0,75,27.2,25.1,0.0,1.0,73.1,1015.9,214.0,M,15,Sakhir,Mercedes
33,56,HAM,34,0,1,1,1,0,75,27.3,25.0,0.0,1.1,73.7,1015.9,318.0,M,16,Sakhir,Mercedes
34,56,HAM,35,0,1,1,1,0,75,27.3,25.0,0.0,1.0,74.1,1015.9,260.0,M,17,Sakhir,Mercedes
35,56,HAM,36,0,1,1,1,0,75,27.2,25.0,0.0,0.8,73.7,1016.0,318.0,H,0,Sakhir,Mercedes
36,56,HAM,37,0,1,1,1,0,75,27.3,25.0,0.0,0.8,72.7,1016.0,300.0,H,1,Sakhir,Mercedes
37,56,HAM,38,0,1,1,1,0,76,27.2,25.1,0.0,1.2,71.6,1016.0,331.0,H,2,Sakhir,Mercedes
38,56,HAM,39,0,1,1,1,0,76,27.0,24.9,0.0,0.8,71.3,1016.0,242.0,H,3,Sakhir,Mercedes
39,56,HAM,40,0,1,1,1,0,76,27.0,25.0,0.0,0.6,69.9,1016.1,218.0,H,4,Sakhir,Mercedes
40,56,HAM,41,0,1,1,1,0,76,26.6,24.9,0.0,0.9,71.0,1016.3,0.0,H,5,Sakhir,Mercedes
41,56,HAM,42,0,1,1,1,0,76,26.5,24.9,0.0,0.0,71.4,1016.2,219.0,H,6,Sakhir,Mercedes
42,56,HAM,43,0,1,1,1,0,75,26.4,24.9,0.0,0.6,72.3,1016.2,169.0,H,7,Sakhir,Mercedes
43,56,HAM,44,0,1,1,1,0,75,26.4,24.7,0.0,0.7,74.0,1016.3,284.0,H,8,Sakhir,Mercedes
44,56,HAM,45,0,1,1,1,0,74,26.4,24.6,0.0,0.6,73.3,1016.3,225.0,H,9,Sakhir,Mercedes
45,56,HAM,46,0,1,1,1,0,74,26.5,24.5,0.0,0.5,72.5,1016.4,197.0,H,10,Sakhir,Mercedes
46,56,HAM,47,0,1,1,1,0,73,26.5,24.7,0.0,0.6,71.3,1016.4,0.0,H,11,Sakhir,Mercedes
47,56,HAM,48,0,1,1,1,0,73,26.5,24.8,0.0,0.5,71.2,1016.6,206.0,H,12,Sakhir,Mercedes
48,56,HAM,49,0,1,1,1,0,73,26.6,24.8,0.0,0.7,71.2,1016.5,209.0,H,13,Sakhir,Mercedes
49,56,HAM,50,0,1,1,1,0,73,26.4,24.9,0.0,0.9,71.8,1016.5,183.0,H,14,Sakhir,Mercedes
50,56,HAM,51,0,1,1,1,0,73,26.3,24.7,0.0,1.2,73.5,1016.5,225.0,H,15,Sakhir,Mercedes
51,56,HAM,52,0,1,1,1,0,73,26.2,24.7,0.0,0.5,73.7,1016.4,231.0,H,16,Sakhir,Mercedes
52,56,HAM,53,0,1,1,1,0,73,26.5,24.7,0.0,0.7,74.2,1016.5,195.0,H,17,Sakhir,Mercedes
53,56,HAM,54,0,1,1,1,0,72,26.4,24.7,0.0,0.7,74.3,1016.5,225.0,H,18,Sakhir,Mercedes
54,56,HAM,55,2,1,1,1,0,72,26.0,24.5,0.0,0.6,75.3,1016.4,231.0,H,19,Sakhir,Mercedes
55,56,HAM,56,2,1,1,1,0,71,26.0,24.5,0.0,0.8,75.4,1016.4,0.0,H,20,Sakhir,Mercedes
56,56,HAM,57,2,1,1,1,0,70,26.0,24.4,0.0,0.5,75.5,1016.4,135.0,H,21,Sakhir,Mercedes
0,56,BOT,1,2,6,6,6,0,66,28.6,25.4,0.0,1.0,66.0,1015.3,244.0,M,3,Sakhir,Mercedes
1,56,BOT,2,2,6,4,6,0,71,28.6,25.4,0.0,0.7,65.6,1015.4,356.0,M,4,Sakhir,Mercedes
2,56,BOT,3,2,4,4,6,0,69,28.8,25.4,0.0,0.4,64.6,1015.4,274.0,M,5,Sakhir,Mercedes
3,56,BOT,4,2,4,5,6,0,70,28.7,25.4,0.0,0.9,63.9,1015.5,315.0,M,6,Sakhir,Mercedes
4,56,BOT,5,2,5,16,6,0,70,28.6,25.4,0.0,0.8,63.8,1015.5,293.0,H,0,Sakhir,Mercedes
5,56,BOT,6,2,16,16,6,0,70,28.6,25.4,0.0,1.2,63.3,1015.4,340.0,H,1,Sakhir,Mercedes
6,56,BOT,7,2,16,16,6,0,70,28.4,25.3,0.0,0.9,63.0,1015.5,287.0,H,2,Sakhir,Mercedes
7,56,BOT,8,2,16,16,6,0,69,28.4,25.3,0.0,0.8,63.1,1015.5,301.0,H,3,Sakhir,Mercedes
8,56,BOT,9,0,16,16,6,0,70,28.3,25.3,0.0,1.0,63.0,1015.7,318.0,H,4,Sakhir,Mercedes
9,56,BOT,10,0,16,16,6,0,70,28.3,25.2,0.0,1.0,62.9,1015.6,290.0,H,5,Sakhir,Mercedes
10,56,BOT,11,0,16,16,6,0,71,28.2,25.2,0.0,0.9,62.9,1015.7,342.0,H,6,Sakhir,Mercedes
11,56,BOT,12,0,16,15,6,0,72,28.2,25.2,0.0,0.9,62.8,1015.7,7.0,H,7,Sakhir,Mercedes
12,56,BOT,13,1,15,15,6,0,72,28.1,25.1,0.0,1.1,62.9,1015.7,336.0,H,8,Sakhir,Mercedes
13,56,BOT,14,1,15,14,6,0,73,28.0,25.1,0.0,1.1,62.3,1015.9,320.0,H,9,Sakhir,Mercedes
14,56,BOT,15,0,14,14,6,0,73,27.9,25.1,0.0,0.7,62.7,1016.0,297.0,H,10,Sakhir,Mercedes
15,56,BOT,16,0,14,14,6,0,73,27.9,25.0,0.0,1.0,63.1,1016.0,323.0,H,11,Sakhir,Mercedes
16,56,BOT,17,0,14,12,6,0,74,27.8,25.0,0.0,1.0,63.1,1016.0,311.0,H,12,Sakhir,Mercedes
17,56,BOT,18,0,12,10,6,0,74,27.7,25.0,0.0,0.8,63.2,1015.9,347.0,H,13,Sakhir,Mercedes
18,56,BOT,19,0,10,9,6,0,75,27.6,24.9,0.0,1.2,63.6,1016.0,14.0,H,14,Sakhir,Mercedes
19,56,BOT,20,0,9,8,6,0,75,27.5,24.9,0.0,1.0,64.0,1016.0,316.0,H,15,Sakhir,Mercedes
20,56,BOT,21,0,8,8,6,0,76,27.5,24.9,0.0,1.0,64.0,1016.0,302.0,H,16,Sakhir,Mercedes
21,56,BOT,22,0,8,7,6,0,76,27.5,24.9,0.0,1.0,63.9,1016.0,296.0,H,17,Sakhir,Mercedes
22,56,BOT,23,0,7,6,6,0,76,27.2,24.9,0.0,1.6,67.6,1015.9,325.0,H,18,Sakhir,Mercedes
23,56,BOT,24,0,6,6,6,0,76,27.3,24.9,0.0,1.2,67.9,1015.9,331.0,H,19,Sakhir,Mercedes
24,56,BOT,25,0,6,7,6,0,77,27.3,25.0,0.0,0.8,68.1,1015.9,329.0,H,20,Sakhir,Mercedes
25,56,BOT,26,0,7,13,6,0,77,27.4,25.0,0.0,1.1,68.4,1015.9,315.0,M,2,Sakhir,Mercedes
26,56,BOT,27,0,13,11,6,0,77,27.3,25.0,0.0,1.2,69.4,1015.9,345.0,M,3,Sakhir,Mercedes
27,56,BOT,28,0,11,11,6,0,77,27.3,25.0,0.0,1.3,69.8,1015.9,316.0,M,4,Sakhir,Mercedes
28,56,BOT,29,0,11,11,6,0,77,27.3,25.0,0.0,1.2,70.3,1015.9,336.0,M,5,Sakhir,Mercedes
29,56,BOT,30,0,11,11,6,0,77,27.2,25.0,0.0,1.0,71.7,1015.9,315.0,M,6,Sakhir,Mercedes
30,56,BOT,31,0,11,11,6,0,77,27.2,25.1,0.0,0.8,72.3,1015.9,357.0,M,7,Sakhir,Mercedes
31,56,BOT,32,0,11,10,6,0,77,27.3,24.9,0.0,0.6,73.1,1016.0,319.0,M,8,Sakhir,Mercedes
32,56,BOT,33,0,10,10,6,0,77,27.3,24.9,0.0,1.4,73.3,1016.0,219.0,M,9,Sakhir,Mercedes
33,56,BOT,34,0,10,9,6,0,77,27.3,25.0,0.0,0.0,72.7,1016.0,0.0,M,10,Sakhir,Mercedes
34,56,BOT,35,0,9,9,6,0,77,27.3,25.1,0.0,0.0,72.3,1016.0,352.0,M,11,Sakhir,Mercedes
35,56,BOT,36,0,9,8,6,0,77,27.1,25.0,0.0,1.1,72.5,1016.0,269.0,M,12,Sakhir,Mercedes
36,56,BOT,37,0,8,8,6,0,78,27.2,25.1,0.0,1.2,71.6,1016.0,331.0,M,13,Sakhir,Mercedes
37,56,BOT,38,0,8,8,6,0,78,27.2,25.0,0.0,1.1,71.4,1016.0,14.0,M,14,Sakhir,Mercedes
38,56,BOT,39,0,8,11,6,0,78,27.0,25.0,0.0,0.6,71.3,1016.0,0.0,M,15,Sakhir,Mercedes
39,56,BOT,40,0,11,11,6,0,78,27.0,25.0,0.0,0.5,70.8,1016.0,301.0,M,16,Sakhir,Mercedes
40,56,BOT,41,0,11,10,6,0,78,27.1,25.0,0.0,0.5,70.3,1016.0,201.0,M,17,Sakhir,Mercedes
41,56,BOT,42,0,10,10,6,0,77,27.1,25.0,0.0,0.0,70.2,1016.1,0.0,M,18,Sakhir,Mercedes
42,56,BOT,43,0,10,9,6,0,76,27.2,25.0,0.0,0.8,69.9,1016.1,183.0,M,19,Sakhir,Mercedes
43,56,BOT,44,0,9,9,6,0,76,26.7,25.0,0.0,0.7,70.2,1016.2,0.0,M,20,Sakhir,Mercedes
44,56,BOT,45,0,9,9,6,0,75,26.7,24.9,0.0,1.2,70.1,1016.2,246.0,M,21,Sakhir,Mercedes
45,56,BOT,46,0,9,9,6,0,75,26.4,24.7,0.0,0.7,74.3,1016.3,237.0,M,22,Sakhir,Mercedes
46,56,BOT,47,0,9,9,6,0,75,26.3,24.6,0.0,0.6,71.6,1016.4,205.0,M,23,Sakhir,Mercedes
47,56,BOT,48,0,9,9,6,0,74,26.4,24.6,0.0,0.8,71.2,1016.4,279.0,M,24,Sakhir,Mercedes
48,56,BOT,49,0,9,9,6,0,74,26.4,24.6,0.0,0.6,71.3,1016.4,205.0,M,25,Sakhir,Mercedes
49,56,BOT,50,0,9,9,6,0,74,26.7,24.8,0.0,0.6,70.9,1016.5,225.0,M,26,Sakhir,Mercedes
50,56,BOT,51,0,9,9,6,0,74,26.5,24.8,0.0,0.0,71.1,1016.4,0.0,M,27,Sakhir,Mercedes
51,56,BOT,52,0,9,9,6,0,74,26.6,24.9,0.0,0.8,71.4,1016.4,250.0,M,28,Sakhir,Mercedes
52,56,BOT,53,0,9,9,6,0,73,26.6,25.0,0.0,1.0,71.9,1016.5,280.0,M,29,Sakhir,Mercedes
53,56,BOT,54,0,9,8,6,0,73,26.4,24.9,0.0,0.6,72.3,1016.5,242.0,M,30,Sakhir,Mercedes
54,56,BOT,55,2,8,8,6,0,72,26.5,24.7,0.0,0.7,74.2,1016.5,195.0,M,31,Sakhir,Mercedes
55,56,BOT,56,2,8,8,6,0,72,26.4,24.6,0.0,0.5,75.2,1016.5,208.0,M,32,Sakhir,Mercedes
56,56,BOT,57,2,8,8,6,0,71,26.0,24.5,0.0,0.8,75.4,1016.4,0.0,M,33,Sakhir,Mercedes
0,56,VER,1,2,2,2,2,0,64,28.6,25.4,0.0,1.0,66.0,1015.3,244.0,M,3,Sakhir,Red Bull Racing
1,56,VER,2,2,2,2,2,0,70,28.7,25.4,0.0,0.9,63.9,1015.5,315.0,M,1,Sakhir,Red Bull Racing
2,56,VER,3,2,2,2,2,0,70,28.6,25.4,0.0,0.8,63.8,1015.5,293.0,M,2,Sakhir,Red Bull Racing
3,56,VER,4,2,2,2,2,0,70,28.6,25.4,0.0,1.0,63.8,1015.5,326.0,M,3,Sakhir,Red Bull Racing
4,56,VER,5,2,2,2,2,0,70,28.6,25.4,0.0,0.9,63.6,1015.4,302.0,M,4,Sakhir,Red Bull Racing
5,56,VER,6,2,2,2,2,0,70,28.6,25.4,0.0,1.2,63.2,1015.6,305.0,M,5,Sakhir,Red Bull Racing
6,56,VER,7,2,2,2,2,0,69,28.5,25.4,0.0,1.1,63.0,1015.6,301.0,M,6,Sakhir,Red Bull Racing
7,56,VER,8,2,2,2,2,0,68,28.3,25.2,0.0,1.0,62.9,1015.6,290.0,M,7,Sakhir,Red Bull Racing
8,56,VER,9,0,2,2,2,0,68,28.3,25.2,0.0,1.3,62.8,1015.6,325.0,M,8,Sakhir,Red Bull Racing
9,56,VER,10,0,2,2,2,0,69,28.3,25.2,0.0,0.9,62.9,1015.6,303.0,M,9,Sakhir,Red Bull Racing
10,56,VER,11,0,2,2,2,0,70,28.2,25.2,0.0,0.9,62.8,1015.7,7.0,M,10,Sakhir,Red Bull Racing
11,56,VER,12,0,2,2,2,0,70,28.1,25.1,0.0,1.0,62.9,1015.8,253.0,M,11,Sakhir,Red Bull Racing
12,56,VER,13,1,2,2,2,0,71,28.1,25.1,0.0,0.9,62.7,1015.8,319.0,M,12,Sakhir,Red Bull Racing
13,56,VER,14,1,2,2,2,0,71,28.1,25.1,0.0,0.9,62.6,1015.8,327.0,M,13,Sakhir,Red Bull Racing
14,56,VER,15,0,2,2,2,0,72,28.0,25.1,0.0,1.0,62.4,1015.9,15.0,M,14,Sakhir,Red Bull Racing
15,56,VER,16,0,2,2,2,0,73,27.8,25.0,0.0,0.8,63.0,1016.0,335.0,M,15,Sakhir,Red Bull Racing
16,56,VER,17,0,2,2,2,0,73,27.8,25.0,0.0,0.9,63.1,1015.9,328.0,M,16,Sakhir,Red Bull Racing
17,56,VER,18,0,2,2,2,0,74,27.8,25.0,0.0,1.0,63.1,1016.0,311.0,M,17,Sakhir,Red Bull Racing
18,56,VER,19,0,2,2,2,0,74,27.8,25.0,0.0,1.0,63.1,1016.0,318.0,M,18,Sakhir,Red Bull Racing
19,56,VER,20,0,2,1,2,0,74,27.7,25.0,0.0,0.9,63.4,1016.0,305.0,M,19,Sakhir,Red Bull Racing
20,56,VER,21,0,1,2,2,0,75,27.6,25.0,0.0,1.1,63.5,1016.0,302.0,H,0,Sakhir,Red Bull Racing
21,56,VER,22,0,2,2,2,0,75,27.5,24.9,0.0,1.0,64.0,1016.0,316.0,H,1,Sakhir,Red Bull Racing
22,56,VER,23,0,2,2,2,0,75,27.5,24.9,0.0,1.0,64.0,1016.0,302.0,H,2,Sakhir,Red Bull Racing
23,56,VER,24,0,2,2,2,0,76,27.5,24.9,0.0,1.0,63.9,1016.0,296.0,H,3,Sakhir,Red Bull Racing
24,56,VER,25,0,2,2,2,0,76,27.4,24.9,0.0,1.1,63.8,1016.0,330.0,H,4,Sakhir,Red Bull Racing
25,56,VER,26,0,2,2,2,0,76,27.3,24.9,0.0,1.1,65.4,1015.9,317.0,H,5,Sakhir,Red Bull Racing
26,56,VER,27,0,2,2,2,0,76,27.2,24.9,0.0,1.6,67.6,1015.9,325.0,H,6,Sakhir,Red Bull Racing
27,56,VER,28,0,2,2,2,0,76,27.4,25.0,0.0,1.1,69.1,1015.9,355.0,H,7,Sakhir,Red Bull Racing
28,56,VER,29,0,2,2,2,0,77,27.3,25.0,0.0,1.2,69.4,1015.9,345.0,H,8,Sakhir,Red Bull Racing
29,56,VER,30,0,2,2,2,0,77,27.2,25.0,0.0,1.2,70.9,1015.9,288.0,H,9,Sakhir,Red Bull Racing
30,56,VER,31,0,2,2,2,0,77,27.3,25.0,0.0,0.8,73.8,1015.9,329.0,H,10,Sakhir,Red Bull Racing
31,56,VER,32,0,2,2,2,0,77,27.2,25.0,0.0,1.0,73.7,1016.0,296.0,H,11,Sakhir,Red Bull Racing
32,56,VER,33,0,2,2,2,0,77,27.3,24.9,0.0,1.0,73.4,1016.0,226.0,H,12,Sakhir,Red Bull Racing
33,56,VER,34,0,2,2,2,0,77,27.3,24.9,0.0,1.4,73.3,1016.0,219.0,H,13,Sakhir,Red Bull Racing
34,56,VER,35,0,2,3,2,0,77,27.3,25.1,0.0,0.0,72.3,1016.0,352.0,H,0,Sakhir,Red Bull Racing
35,56,VER,36,0,3,2,2,0,77,27.2,25.0,0.0,0.7,72.0,1016.1,65.0,H,1,Sakhir,Red Bull Racing
36,56,VER,37,0,2,2,2,0,77,27.2,25.1,0.0,1.2,71.6,1016.0,331.0,H,2,Sakhir,Red Bull Racing
37,56,VER,38,0,2,2,2,0,78,27.2,25.0,0.0,1.1,71.4,1016.0,14.0,H,3,Sakhir,Red Bull Racing
38,56,VER,39,0,2,2,2,0,78,26.9,25.0,0.0,0.8,71.0,1016.0,94.0,H,4,Sakhir,Red Bull Racing
39,56,VER,40,0,2,2,2,0,78,27.2,25.0,0.0,1.1,70.8,1016.0,273.0,H,5,Sakhir,Red Bull Racing
40,56,VER,41,0,2,2,2,0,78,27.1,25.0,0.0,0.0,70.2,1016.1,0.0,H,6,Sakhir,Red Bull Racing
41,56,VER,42,0,2,2,2,0,78,27.2,25.0,0.0,0.8,69.9,1016.1,183.0,H,7,Sakhir,Red Bull Racing
42,56,VER,43,0,2,2,2,0,77,26.5,24.9,0.0,0.6,72.9,1016.3,188.0,H,8,Sakhir,Red Bull Racing
43,56,VER,44,0,2,2,2,0,77,26.3,24.7,0.0,0.6,73.4,1016.3,326.0,H,9,Sakhir,Red Bull Racing
44,56,VER,45,0,2,2,2,0,76,26.4,24.6,0.0,0.5,73.5,1016.3,0.0,H,10,Sakhir,Red Bull Racing
45,56,VER,46,0,2,2,2,0,76,26.4,24.5,0.0,0.4,72.8,1016.4,183.0,H,11,Sakhir,Red Bull Racing
46,56,VER,47,0,2,2,2,0,75,26.3,24.5,0.0,0.6,72.0,1016.4,232.0,M,4,Sakhir,Red Bull Racing
47,56,VER,48,0,2,2,2,0,75,26.3,24.6,0.0,0.6,71.6,1016.4,205.0,M,5,Sakhir,Red Bull Racing
48,56,VER,49,0,2,2,2,0,75,26.4,24.6,0.0,0.6,71.3,1016.4,205.0,M,6,Sakhir,Red Bull Racing
49,56,VER,50,0,2,2,2,0,75,26.5,24.7,0.0,0.6,71.3,1016.4,0.0,M,7,Sakhir,Red Bull Racing
50,56,VER,51,0,2,2,2,0,75,26.5,24.8,0.0,0.5,71.2,1016.5,252.0,M,8,Sakhir,Red Bull Racing
51,56,VER,52,0,2,2,2,0,74,26.4,24.9,0.0,0.9,71.8,1016.5,183.0,M,9,Sakhir,Red Bull Racing
52,56,VER,53,0,2,2,2,0,74,26.2,24.6,0.0,0.8,74.0,1016.5,231.0,M,10,Sakhir,Red Bull Racing
53,56,VER,54,0,2,2,2,0,74,26.3,24.7,0.0,1.0,74.1,1016.5,294.0,M,11,Sakhir,Red Bull Racing
54,56,VER,55,2,2,2,2,0,73,26.1,24.6,0.0,0.6,75.0,1016.5,299.0,M,12,Sakhir,Red Bull Racing
55,56,VER,56,2,2,2,2,0,73,26.3,24.6,0.0,0.6,74.9,1016.4,202.0,M,13,Sakhir,Red Bull Racing
56,56,VER,57,2,2,2,2,0,72,26.1,24.5,0.0,0.0,75.2,1016.4,248.0,M,14,Sakhir,Red Bull Racing
0,56,ALB,1,2,4,4,4,0,60,28.6,25.4,0.0,0.8,65.2,1015.3,335.0,M,3,Sakhir,Red Bull Racing
1,56,ALB,2,2,4,5,4,0,65,28.6,25.4,0.0,0.8,63.8,1015.5,293.0,M,1,Sakhir,Red Bull Racing
2,56,ALB,3,2,5,5,4,0,62,28.6,25.4,0.0,1.2,63.3,1015.4,340.0,M,2,Sakhir,Red Bull Racing
3,56,ALB,4,2,5,4,4,0,62,28.5,25.4,0.0,1.1,63.0,1015.6,301.0,M,3,Sakhir,Red Bull Racing
4,56,ALB,5,2,4,4,4,0,62,28.5,25.4,0.0,1.0,63.0,1015.6,297.0,M,4,Sakhir,Red Bull Racing
5,56,ALB,6,2,4,4,4,0,62,28.1,25.2,0.0,1.1,62.8,1015.7,324.0,M,5,Sakhir,Red Bull Racing
6,56,ALB,7,2,4,4,4,0,61,28.0,25.1,0.0,0.9,62.8,1015.8,302.0,M,6,Sakhir,Red Bull Racing
7,56,ALB,8,2,4,4,4,0,60,28.0,25.1,0.0,0.9,62.9,1015.8,350.0,M,7,Sakhir,Red Bull Racing
8,56,ALB,9,0,4,4,4,0,61,28.1,25.1,0.0,0.9,62.6,1015.8,327.0,M,8,Sakhir,Red Bull Racing
9,56,ALB,10,0,4,4,4,0,62,28.0,25.1,0.0,1.1,62.3,1015.9,320.0,M,9,Sakhir,Red Bull Racing
10,56,ALB,11,0,4,4,4,0,63,28.0,25.1,0.0,1.0,62.4,1015.9,15.0,M,10,Sakhir,Red Bull Racing
11,56,ALB,12,0,4,4,4,0,63,27.9,25.1,0.0,0.6,62.6,1015.9,281.0,M,11,Sakhir,Red Bull Racing
12,56,ALB,13,1,4,4,4,0,64,27.9,25.0,0.0,0.9,63.0,1015.9,319.0,M,12,Sakhir,Red Bull Racing
13,56,ALB,14,1,4,4,4,0,65,27.9,25.0,0.0,1.0,63.1,1016.0,323.0,M,13,Sakhir,Red Bull Racing
14,56,ALB,15,0,4,4,4,0,65,27.8,25.0,0.0,0.8,63.0,1016.0,335.0,M,14,Sakhir,Red Bull Racing
15,56,ALB,16,0,4,4,4,0,66,27.8,25.0,0.0,1.0,63.1,1016.0,311.0,M,15,Sakhir,Red Bull Racing
16,56,ALB,17,0,4,4,4,0,66,27.7,25.0,0.0,0.8,63.2,1015.9,347.0,M,16,Sakhir,Red Bull Racing
17,56,ALB,18,0,4,4,4,0,67,27.7,25.0,0.0,0.9,63.3,1015.9,355.0,M,17,Sakhir,Red Bull Racing
18,56,ALB,19,0,4,4,4,0,67,27.6,24.9,0.0,1.2,63.6,1016.0,14.0,M,18,Sakhir,Red Bull Racing
19,56,ALB,20,0,4,7,4,0,68,27.5,24.9,0.0,1.2,63.8,1016.0,326.0,M,4,Sakhir,Red Bull Racing
20,56,ALB,21,0,7,7,4,0,68,27.5,24.9,0.0,1.1,63.9,1016.0,342.0,M,5,Sakhir,Red Bull Racing
21,56,ALB,22,0,7,5,4,0,69,27.5,24.9,0.0,1.1,63.9,1016.0,320.0,M,6,Sakhir,Red Bull Racing
22,56,ALB,23,0,5,5,4,0,69,27.5,24.9,0.0,1.0,63.9,1016.0,296.0,M,7,Sakhir,Red Bull Racing
23,56,ALB,24,0,5,4,4,0,69,27.4,24.9,0.0,1.3,63.9,1016.0,301.0,M,8,Sakhir,Red Bull Racing
24,56,ALB,25,0,4,4,4,0,69,27.4,24.9,0.0,0.9,64.3,1016.0,350.0,M,9,Sakhir,Red Bull Racing
25,56,ALB,26,0,4,4,4,0,70,27.2,24.9,0.0,1.3,67.1,1015.8,318.0,M,10,Sakhir,Red Bull Racing
26,56,ALB,27,0,4,4,4,0,70,27.3,25.0,0.0,0.8,68.1,1015.9,329.0,M,11,Sakhir,Red Bull Racing
27,56,ALB,28,0,4,4,4,0,70,27.3,25.0,0.0,1.2,69.4,1015.9,345.0,M,12,Sakhir,Red Bull Racing
28,56,ALB,29,0,4,4,4,0,71,27.2,25.0,0.0,1.0,71.7,1015.9,315.0,M,13,Sakhir,Red Bull Racing
29,56,ALB,30,0,4,4,4,0,71,27.2,25.1,0.0,0.8,72.3,1015.9,357.0,M,14,Sakhir,Red Bull Racing
30,56,ALB,31,0,4,4,4,0,71,27.3,25.0,0.0,1.1,73.7,1015.9,318.0,M,15,Sakhir,Red Bull Racing
31,56,ALB,32,0,4,4,4,0,71,27.3,25.0,0.0,0.8,73.8,1015.9,329.0,M,16,Sakhir,Red Bull Racing
32,56,ALB,33,0,4,4,4,0,71,27.3,24.9,0.0,0.6,73.1,1016.0,319.0,M,17,Sakhir,Red Bull Racing
33,56,ALB,34,0,4,4,4,0,72,27.3,24.9,0.0,1.4,73.3,1016.0,219.0,M,18,Sakhir,Red Bull Racing
34,56,ALB,35,0,4,6,4,0,72,27.3,25.0,0.0,0.8,72.7,1016.0,300.0,H,0,Sakhir,Red Bull Racing
35,56,ALB,36,0,6,6,4,0,72,27.3,25.0,0.0,0.3,72.3,1016.0,272.0,H,1,Sakhir,Red Bull Racing
36,56,ALB,37,0,6,6,4,0,72,27.2,25.0,0.0,0.7,72.0,1016.1,65.0,H,2,Sakhir,Red Bull Racing
37,56,ALB,38,0,6,6,4,0,72,27.0,25.0,0.0,0.6,71.3,1016.0,0.0,H,3,Sakhir,Red Bull Racing
38,56,ALB,39,0,6,4,4,0,73,26.9,25.0,0.0,0.8,71.0,1016.0,94.0,H,4,Sakhir,Red Bull Racing
39,56,ALB,40,0,4,4,4,0,73,27.0,25.0,0.0,0.5,70.8,1016.0,301.0,H,5,Sakhir,Red Bull Racing
40,56,ALB,41,0,4,4,4,0,73,27.1,25.0,0.0,0.5,70.3,1016.0,201.0,H,6,Sakhir,Red Bull Racing
41,56,ALB,42,0,4,4,4,0,73,27.1,25.0,0.0,0.0,70.2,1016.1,0.0,H,7,Sakhir,Red Bull Racing
42,56,ALB,43,0,4,4,4,0,72,27.2,25.0,0.0,0.8,69.9,1016.1,183.0,H,8,Sakhir,Red Bull Racing
43,56,ALB,44,0,4,4,4,0,72,26.5,24.9,0.0,0.0,71.4,1016.2,219.0,H,9,Sakhir,Red Bull Racing
44,56,ALB,45,0,4,4,4,0,72,26.3,24.7,0.0,0.6,73.4,1016.3,326.0,H,10,Sakhir,Red Bull Racing
45,56,ALB,46,0,4,4,4,0,71,26.4,24.5,0.0,0.4,72.8,1016.4,183.0,H,11,Sakhir,Red Bull Racing
46,56,ALB,47,0,4,4,4,0,71,26.5,24.7,0.0,0.4,71.0,1016.4,247.0,H,12,Sakhir,Red Bull Racing
47,56,ALB,48,0,4,4,4,0,71,26.5,24.8,0.0,0.9,71.0,1016.5,191.0,H,13,Sakhir,Red Bull Racing
48,56,ALB,49,0,4,4,4,0,71,26.6,24.8,0.0,0.7,71.2,1016.5,209.0,H,14,Sakhir,Red Bull Racing
49,56,ALB,50,0,4,4,4,0,71,26.4,24.9,0.0,0.9,71.8,1016.5,183.0,H,15,Sakhir,Red Bull Racing
50,56,ALB,51,0,4,4,4,0,70,26.3,24.8,0.0,0.9,72.6,1016.4,296.0,H,16,Sakhir,Red Bull Racing
51,56,ALB,52,0,4,4,4,0,70,26.2,24.7,0.0,0.5,73.7,1016.4,231.0,H,17,Sakhir,Red Bull Racing
52,56,ALB,53,0,4,4,4,0,70,26.1,24.7,0.0,0.9,74.3,1016.5,187.0,H,18,Sakhir,Red Bull Racing
53,56,ALB,54,0,4,3,4,0,70,26.3,24.7,0.0,1.0,74.1,1016.5,294.0,H,19,Sakhir,Red Bull Racing
54,56,ALB,55,2,3,3,4,0,69,26.3,24.7,0.0,0.9,74.2,1016.5,260.0,H,20,Sakhir,Red Bull Racing
55,56,ALB,56,2,3,3,4,0,69,26.1,24.6,0.0,0.6,75.0,1016.5,299.0,H,21,Sakhir,Red Bull Racing
56,56,ALB,57,2,3,3,4,0,68,26.0,24.4,0.0,0.5,75.5,1016.4,135.0,H,22,Sakhir,Red Bull Racing
0,56,PER,1,2,3,3,3,0,63,28.7,25.5,0.0,1.4,65.9,1015.3,304.0,M,3,Sakhir,Racing Point
1,56,PER,2,2,3,3,3,0,61,28.6,25.4,0.0,1.0,66.0,1015.3,244.0,M,5,Sakhir,Racing Point
2,56,PER,3,2,3,3,3,0,58,28.6,25.4,0.0,0.8,65.2,1015.3,335.0,M,6,Sakhir,Racing Point
3,56,PER,4,2,3,3,3,0,60,28.6,25.4,0.0,0.9,63.6,1015.4,302.0,M,7,Sakhir,Racing Point
4,56,PER,5,2,3,3,3,0,60,28.4,25.3,0.0,0.8,63.1,1015.5,301.0,M,8,Sakhir,Racing Point
5,56,PER,6,2,3,3,3,0,60,28.3,25.3,0.0,1.0,63.0,1015.7,318.0,M,9,Sakhir,Racing Point
6,56,PER,7,2,3,3,3,0,60,28.3,25.2,0.0,0.9,62.9,1015.6,303.0,M,10,Sakhir,Racing Point
7,56,PER,8,2,3,3,3,0,59,28.0,25.1,0.0,0.9,62.8,1015.8,302.0,M,11,Sakhir,Racing Point
8,56,PER,9,0,3,3,3,0,59,28.2,25.1,0.0,0.8,62.8,1015.8,327.0,M,12,Sakhir,Racing Point
9,56,PER,10,0,3,3,3,0,60,28.0,25.1,0.0,1.1,62.3,1015.9,320.0,M,13,Sakhir,Racing Point
10,56,PER,11,0,3,3,3,0,61,27.9,25.1,0.0,0.7,62.7,1016.0,297.0,M,14,Sakhir,Racing Point
11,56,PER,12,0,3,3,3,0,62,27.8,25.0,0.0,0.8,63.0,1016.0,335.0,M,15,Sakhir,Racing Point
12,56,PER,13,1,3,3,3,0,63,27.8,25.0,0.0,0.9,63.1,1015.9,328.0,M,16,Sakhir,Racing Point
13,56,PER,14,1,3,3,3,0,63,27.7,25.0,0.0,0.8,63.1,1016.0,339.0,M,17,Sakhir,Racing Point
14,56,PER,15,0,3,3,3,0,64,27.6,25.0,0.0,1.1,63.5,1016.0,302.0,M,18,Sakhir,Racing Point
15,56,PER,16,0,3,3,3,0,64,27.5,24.9,0.0,1.3,63.9,1016.0,316.0,M,19,Sakhir,Racing Point
16,56,PER,17,0,3,3,3,0,65,27.5,24.9,0.0,1.0,63.9,1016.0,296.0,M,20,Sakhir,Racing Point
17,56,PER,18,0,3,3,3,0,65,27.4,24.9,0.0,1.3,63.9,1016.0,301.0,M,21,Sakhir,Racing Point
18,56,PER,19,0,3,3,3,0,66,27.4,24.9,0.0,1.1,63.8,1016.0,330.0,M,22,Sakhir,Racing Point
19,56,PER,20,0,3,2,3,0,66,27.3,24.9,0.0,1.1,65.4,1015.9,317.0,M,23,Sakhir,Racing Point
20,56,PER,21,0,2,5,3,0,66,27.2,24.9,0.0,1.4,67.3,1015.8,331.0,H,0,Sakhir,Racing Point
21,56,PER,22,0,5,4,3,0,67,27.3,25.0,0.0,0.8,68.1,1015.9,329.0,H,1,Sakhir,Racing Point
22,56,PER,23,0,4,3,3,0,67,27.4,25.0,0.0,1.1,69.1,1015.9,355.0,H,2,Sakhir,Racing Point
23,56,PER,24,0,3,3,3,0,67,27.3,25.0,0.0,1.2,69.4,1015.9,345.0,H,3,Sakhir,Racing Point
24,56,PER,25,0,3,3,3,0,67,27.3,25.0,0.0,1.2,70.3,1015.9,336.0,H,4,Sakhir,Racing Point
25,56,PER,26,0,3,3,3,0,67,27.2,25.0,0.0,1.2,70.9,1015.9,288.0,H,5,Sakhir,Racing Point
26,56,PER,27,0,3,3,3,0,68,27.2,25.1,0.0,0.8,72.3,1015.9,357.0,H,6,Sakhir,Racing Point
27,56,PER,28,0,3,3,3,0,68,27.3,25.0,0.0,1.0,73.5,1015.9,299.0,H,7,Sakhir,Racing Point
28,56,PER,29,0,3,3,3,0,68,27.3,25.0,0.0,1.1,73.7,1015.9,318.0,H,8,Sakhir,Racing Point
29,56,PER,30,0,3,3,3,0,68,27.3,25.0,0.0,0.8,73.8,1015.9,329.0,H,9,Sakhir,Racing Point
30,56,PER,31,0,3,3,3,0,68,27.2,25.0,0.0,0.8,73.7,1016.0,318.0,H,10,Sakhir,Racing Point
31,56,PER,32,0,3,3,3,0,68,27.3,24.9,0.0,1.1,73.4,1015.9,303.0,H,11,Sakhir,Racing Point
32,56,PER,33,0,3,3,3,0,68,27.3,24.9,0.0,1.4,73.3,1016.0,219.0,H,12,Sakhir,Racing Point
33,56,PER,34,0,3,3,3,0,69,27.3,25.0,0.0,1.1,72.8,1015.9,294.0,H,13,Sakhir,Racing Point
34,56,PER,35,0,3,2,3,0,69,27.2,25.1,0.0,1.2,71.6,1016.0,331.0,H,14,Sakhir,Racing Point
35,56,PER,36,0,2,3,3,0,69,27.0,24.9,0.0,0.8,71.3,1016.0,242.0,H,15,Sakhir,Racing Point
36,56,PER,37,0,3,5,3,0,69,27.1,25.0,0.0,0.5,70.0,1016.2,155.0,H,0,Sakhir,Racing Point
37,56,PER,38,0,5,3,3,0,69,26.7,24.9,0.0,1.2,70.1,1016.2,246.0,H,1,Sakhir,Racing Point
38,56,PER,39,0,3,3,3,0,69,26.7,24.9,0.0,1.0,70.3,1016.2,202.0,H,2,Sakhir,Racing Point
39,56,PER,40,0,3,3,3,0,69,26.5,24.9,0.0,0.0,71.4,1016.2,219.0,H,3,Sakhir,Racing Point
40,56,PER,41,0,3,3,3,0,69,26.4,24.6,0.0,0.6,73.3,1016.3,225.0,H,4,Sakhir,Racing Point
41,56,PER,42,0,3,3,3,0,69,26.5,24.7,0.0,0.6,71.3,1016.4,0.0,H,5,Sakhir,Racing Point
42,56,PER,43,0,3,3,3,0,68,26.7,24.8,0.0,0.6,70.9,1016.5,225.0,H,6,Sakhir,Racing Point
43,56,PER,44,0,3,3,3,0,68,26.5,24.8,0.0,0.5,71.2,1016.5,252.0,H,7,Sakhir,Racing Point
44,56,PER,45,0,3,3,3,0,68,26.6,24.9,0.0,0.8,71.4,1016.4,250.0,H,8,Sakhir,Racing Point
45,56,PER,46,0,3,3,3,0,68,26.4,24.9,0.0,0.9,71.8,1016.5,183.0,H,9,Sakhir,Racing Point
46,56,PER,47,0,3,3,3,0,68,26.3,24.7,0.0,1.2,73.5,1016.5,225.0,H,10,Sakhir,Racing Point
47,56,PER,48,0,3,3,3,0,67,26.3,24.7,0.0,1.0,74.1,1016.5,294.0,H,11,Sakhir,Racing Point
48,56,PER,49,0,3,3,3,0,67,26.5,24.7,0.0,0.7,74.2,1016.5,195.0,H,12,Sakhir,Racing Point
49,56,PER,50,0,3,3,3,0,67,26.1,24.6,0.0,0.6,75.0,1016.5,299.0,H,13,Sakhir,Racing Point
50,56,PER,51,0,3,3,3,0,67,26.4,24.6,0.0,0.5,75.2,1016.5,208.0,H,14,Sakhir,Racing Point
51,56,PER,52,0,3,3,3,0,67,26.3,24.6,0.0,0.7,74.9,1016.4,0.0,H,15,Sakhir,Racing Point
52,56,PER,53,0,3,3,3,0,67,26.0,24.5,0.0,0.6,75.3,1016.4,231.0,H,16,Sakhir,Racing Point
0,56,RIC,1,2,5,5,5,0,74,28.8,25.4,0.0,0.4,64.6,1015.4,274.0,M,3,Sakhir,Renault
1,56,RIC,2,2,5,6,5,0,80,28.7,25.5,0.0,0.7,64.2,1015.4,300.0,M,4,Sakhir,Renault
2,56,RIC,3,2,6,9,5,0,80,28.6,25.4,0.0,0.8,63.2,1015.5,298.0,M,5,Sakhir,Renault
3,56,RIC,4,2,9,9,5,0,79,28.5,25.4,0.0,1.1,63.0,1015.6,301.0,M,6,Sakhir,Renault
4,56,RIC,5,2,9,8,5,0,80,28.4,25.3,0.0,0.8,63.1,1015.5,301.0,M,7,Sakhir,Renault
5,56,RIC,6,2,8,8,5,0,81,28.2,25.2,0.0,0.9,62.8,1015.7,7.0,M,8,Sakhir,Renault
6,56,RIC,7,2,8,8,5,0,80,28.1,25.1,0.0,1.0,62.9,1015.7,267.0,M,9,Sakhir,Renault
7,56,RIC,8,2,8,8,5,0,80,28.1,25.1,0.0,0.9,62.6,1015.8,327.0,M,10,Sakhir,Renault
8,56,RIC,9,0,8,9,5,0,80,28.0,25.1,0.0,1.1,62.3,1015.9,320.0,M,11,Sakhir,Renault
9,56,RIC,10,0,9,9,5,0,80,27.9,25.0,0.0,1.0,63.1,1016.0,323.0,M,12,Sakhir,Renault
10,56,RIC,11,0,9,9,5,0,79,27.8,25.0,0.0,0.9,63.1,1015.9,328.0,M,13,Sakhir,Renault
11,56,RIC,12,0,9,8,5,0,79,27.8,25.0,0.0,1.0,63.1,1016.0,311.0,M,14,Sakhir,Renault
12,56,RIC,13,1,8,8,5,0,80,27.7,25.0,0.0,0.8,63.1,1016.0,339.0,M,15,Sakhir,Renault
13,56,RIC,14,1,8,8,5,0,80,27.7,25.0,0.0,0.8,63.2,1015.9,347.0,M,16,Sakhir,Renault
14,56,RIC,15,0,8,8,5,0,80,27.6,24.9,0.0,1.2,63.6,1016.0,14.0,M,17,Sakhir,Renault
15,56,RIC,16,0,8,9,5,0,80,27.5,24.9,0.0,1.0,64.0,1016.0,316.0,M,18,Sakhir,Renault
16,56,RIC,17,0,9,18,5,0,80,27.5,24.9,0.0,1.0,64.0,1016.0,302.0,H,0,Sakhir,Renault
17,56,RIC,18,0,18,15,5,0,80,27.5,24.9,0.0,1.3,63.9,1016.0,316.0,H,1,Sakhir,Renault
18,56,RIC,19,0,15,14,5,0,80,27.5,24.9,0.0,1.0,63.9,1016.0,296.0,H,2,Sakhir,Renault
19,56,RIC,20,0,14,12,5,0,80,27.2,24.9,0.0,1.1,66.0,1015.9,337.0,H,3,Sakhir,Renault
20,56,RIC,21,0,12,11,5,0,80,27.2,25.0,0.0,1.5,66.4,1015.9,347.0,H,4,Sakhir,Renault
21,56,RIC,22,0,11,10,5,0,80,27.2,24.9,0.0,1.6,67.6,1015.9,325.0,H,5,Sakhir,Renault
22,56,RIC,23,0,10,10,5,0,80,27.3,24.9,0.0,1.2,67.9,1015.9,331.0,H,6,Sakhir,Renault
23,56,RIC,24,0,10,9,5,0,80,27.4,25.0,0.0,1.1,68.4,1015.9,315.0,H,7,Sakhir,Renault
24,56,RIC,25,0,9,9,5,0,80,27.4,25.0,0.0,1.2,68.7,1015.9,320.0,H,8,Sakhir,Renault
25,56,RIC,26,0,9,8,5,0,80,27.4,25.0,0.0,1.1,69.1,1015.9,355.0,H,9,Sakhir,Renault
26,56,RIC,27,0,8,8,5,0,80,27.3,25.0,0.0,1.2,69.4,1015.9,345.0,H,10,Sakhir,Renault
27,56,RIC,28,0,8,8,5,0,80,27.3,25.0,0.0,1.3,69.8,1015.9,316.0,H,11,Sakhir,Renault
28,56,RIC,29,0,8,7,5,0,79,27.2,25.0,0.0,1.0,71.7,1015.9,315.0,H,12,Sakhir,Renault
29,56,RIC,30,0,7,7,5,0,79,27.3,25.0,0.0,1.0,73.5,1015.9,299.0,H,13,Sakhir,Renault
30,56,RIC,31,0,7,7,5,0,79,27.2,25.0,0.0,0.8,73.7,1016.0,318.0,H,14,Sakhir,Renault
31,56,RIC,32,0,7,7,5,0,79,27.3,24.9,0.0,1.1,73.4,1015.9,303.0,H,15,Sakhir,Renault
32,56,RIC,33,0,7,7,5,0,79,27.1,25.0,0.0,1.1,72.5,1016.0,269.0,H,16,Sakhir,Renault
33,56,RIC,34,0,7,7,5,0,79,27.2,25.1,0.0,1.2,71.6,1016.0,331.0,H,17,Sakhir,Renault
34,56,RIC,35,0,7,7,5,0,79,27.2,25.0,0.0,1.1,71.4,1016.0,14.0,H,18,Sakhir,Renault
35,56,RIC,36,0,7,9,5,0,79,27.0,24.9,0.0,0.8,71.3,1016.0,242.0,H,19,Sakhir,Renault
36,56,RIC,37,0,9,11,5,0,79,26.9,25.0,0.0,0.8,71.0,1016.0,94.0,H,0,Sakhir,Renault
37,56,RIC,38,0,11,10,5,0,79,27.0,25.0,0.0,0.5,70.8,1016.0,301.0,H,1,Sakhir,Renault
38,56,RIC,39,0,10,9,5,0,79,27.2,25.0,0.0,1.1,70.8,1016.0,273.0,H,2,Sakhir,Renault
39,56,RIC,40,0,9,9,5,0,79,27.1,25.0,0.0,0.0,70.2,1016.1,164.0,H,3,Sakhir,Renault
40,56,RIC,41,0,9,8,5,0,79,26.5,24.9,0.0,0.0,71.4,1016.2,219.0,H,4,Sakhir,Renault
41,56,RIC,42,0,8,8,5,0,79,26.5,24.9,0.0,0.6,72.9,1016.3,188.0,H,5,Sakhir,Renault
42,56,RIC,43,0,8,8,5,0,78,26.4,24.7,0.0,0.7,74.0,1016.3,284.0,H,6,Sakhir,Renault
43,56,RIC,44,0,8,8,5,0,78,26.4,24.7,0.0,0.7,74.3,1016.3,237.0,H,7,Sakhir,Renault
44,56,RIC,45,0,8,8,5,0,77,26.4,24.7,0.0,1.2,74.4,1016.3,258.0,H,8,Sakhir,Renault
45,56,RIC,46,0,8,8,5,0,77,26.4,24.6,0.0,0.6,74.3,1016.3,200.0,H,9,Sakhir,Renault
46,56,RIC,47,0,8,8,5,0,77,26.4,24.6,0.0,0.6,73.3,1016.3,225.0,H,10,Sakhir,Renault
47,56,RIC,48,0,8,8,5,0,76,26.4,24.5,0.0,0.4,72.8,1016.4,183.0,H,11,Sakhir,Renault
48,56,RIC,49,0,8,8,5,0,76,26.5,24.7,0.0,0.6,71.3,1016.4,0.0,H,12,Sakhir,Renault
49,56,RIC,50,0,8,8,5,0,76,26.5,24.7,0.0,0.4,71.0,1016.4,247.0,H,13,Sakhir,Renault
50,56,RIC,51,0,8,8,5,0,76,26.6,24.8,0.0,0.7,71.2,1016.5,209.0,H,14,Sakhir,Renault
51,56,RIC,52,0,8,8,5,0,76,26.6,25.0,0.0,1.0,71.9,1016.5,280.0,H,15,Sakhir,Renault
52,56,RIC,53,0,8,8,5,0,76,26.4,24.9,0.0,0.6,72.3,1016.5,242.0,H,16,Sakhir,Renault
53,56,RIC,54,0,8,7,5,0,75,26.1,24.7,0.0,0.9,74.3,1016.5,187.0,H,17,Sakhir,Renault
54,56,RIC,55,2,7,7,5,0,75,26.2,24.6,0.0,0.8,74.0,1016.5,231.0,H,18,Sakhir,Renault
55,56,RIC,56,2,7,7,5,0,75,26.0,24.5,0.0,0.8,75.4,1016.4,0.0,H,19,Sakhir,Renault
56,56,RIC,57,2,7,7,5,0,75,26.0,24.4,0.0,0.0,75.5,1016.4,252.0,H,20,Sakhir,Renault
0,56,OCO,1,2,8,8,8,0,64,28.6,25.4,0.0,1.0,66.0,1015.3,244.0,M,3,Sakhir,Renault
1,56,OCO,2,2,8,8,8,0,68,28.6,25.4,0.0,0.7,65.6,1015.4,356.0,M,4,Sakhir,Renault
2,56,OCO,3,2,8,7,8,0,67,28.6,25.4,0.0,0.8,65.2,1015.3,335.0,M,5,Sakhir,Renault
3,56,OCO,4,2,7,7,8,0,69,28.7,25.5,0.0,1.0,64.1,1015.4,12.0,M,6,Sakhir,Renault
4,56,OCO,5,2,7,6,8,0,69,28.6,25.4,0.0,0.8,63.8,1015.5,293.0,M,7,Sakhir,Renault
5,56,OCO,6,2,6,6,8,0,69,28.6,25.4,0.0,0.9,63.6,1015.4,302.0,M,8,Sakhir,Renault
6,56,OCO,7,2,6,6,8,0,69,28.6,25.4,0.0,1.2,63.3,1015.4,340.0,M,9,Sakhir,Renault
7,56,OCO,8,2,6,6,8,0,69,28.6,25.4,0.0,0.8,63.2,1015.5,298.0,M,10,Sakhir,Renault
8,56,OCO,9,0,6,6,8,0,68,28.6,25.4,0.0,1.2,63.2,1015.6,305.0,M,11,Sakhir,Renault
9,56,OCO,10,0,6,6,8,0,68,28.4,25.3,0.0,0.8,63.1,1015.5,301.0,M,12,Sakhir,Renault
10,56,OCO,11,0,6,6,8,0,69,28.0,25.1,0.0,0.9,62.8,1015.8,302.0,M,13,Sakhir,Renault
11,56,OCO,12,0,6,6,8,0,69,28.0,25.1,0.0,1.0,62.4,1015.9,15.0,M,14,Sakhir,Renault
12,56,OCO,13,1,6,6,8,0,69,27.7,25.0,0.0,0.9,63.4,1016.0,305.0,M,15,Sakhir,Renault
13,56,OCO,14,1,6,6,8,0,69,27.5,24.9,0.0,1.1,63.9,1016.0,342.0,M,16,Sakhir,Renault
14,56,OCO,15,0,6,6,8,0,70,27.5,24.9,0.0,1.0,64.0,1016.0,316.0,M,17,Sakhir,Renault
15,56,OCO,16,0,6,6,8,0,70,27.5,24.9,0.0,1.0,64.0,1016.0,302.0,M,18,Sakhir,Renault
16,56,OCO,17,0,6,7,8,0,70,27.4,24.9,0.0,0.9,64.0,1016.0,300.0,M,19,Sakhir,Renault
17,56,OCO,18,0,7,14,8,0,70,27.4,24.9,0.0,1.0,63.7,1016.0,303.0,M,20,Sakhir,Renault
18,56,OCO,19,0,14,13,8,0,70,27.4,24.9,0.0,1.0,64.0,1015.9,356.0,M,21,Sakhir,Renault
19,56,OCO,20,0,13,11,8,0,71,27.4,24.9,0.0,0.9,64.3,1016.0,350.0,M,22,Sakhir,Renault
20,56,OCO,21,0,11,10,8,0,71,27.2,24.9,0.0,1.3,67.1,1015.8,318.0,M,23,Sakhir,Renault
21,56,OCO,22,0,10,9,8,0,71,27.4,25.0,0.0,1.1,68.4,1015.9,315.0,M,24,Sakhir,Renault
22,56,OCO,23,0,9,9,8,0,71,27.3,25.0,0.0,1.2,70.3,1015.9,336.0,M,25,Sakhir,Renault
23,56,OCO,24,0,9,8,8,0,71,27.2,25.0,0.0,1.2,70.9,1015.9,288.0,M,26,Sakhir,Renault
24,56,OCO,25,0,8,8,8,0,71,27.2,25.1,0.0,0.8,72.3,1015.9,357.0,M,27,Sakhir,Renault
25,56,OCO,26,0,8,6,8,0,72,27.3,25.0,0.0,1.0,73.5,1015.9,299.0,M,28,Sakhir,Renault
26,56,OCO,27,0,6,7,8,0,72,27.2,25.0,0.0,1.0,73.7,1016.0,296.0,M,29,Sakhir,Renault
27,56,OCO,28,0,7,7,8,0,72,27.2,25.0,0.0,0.8,73.7,1016.0,318.0,M,30,Sakhir,Renault
28,56,OCO,29,0,7,8,8,0,72,27.3,24.9,0.0,1.0,73.4,1016.0,226.0,M,31,Sakhir,Renault
29,56,OCO,30,0,8,8,8,0,72,27.3,24.9,0.0,1.4,73.3,1016.0,219.0,M,32,Sakhir,Renault
30,56,OCO,31,0,8,8,8,0,72,27.3,25.0,0.0,0.8,72.7,1016.0,300.0,M,33,Sakhir,Renault
31,56,OCO,32,0,8,8,8,0,72,27.3,25.1,0.0,0.0,72.3,1016.0,352.0,M,34,Sakhir,Renault
32,56,OCO,33,0,8,8,8,0,72,27.3,25.0,0.0,0.3,72.3,1016.0,272.0,M,35,Sakhir,Renault
33,56,OCO,34,0,8,10,8,0,72,27.1,25.0,0.0,1.1,72.5,1016.0,269.0,M,36,Sakhir,Renault
34,56,OCO,35,0,10,12,8,0,72,27.0,25.0,0.0,0.6,71.3,1016.0,0.0,H,0,Sakhir,Renault
35,56,OCO,36,0,12,11,8,0,72,27.0,24.9,0.0,0.8,71.3,1016.0,242.0,H,1,Sakhir,Renault
36,56,OCO,37,0,11,10,8,0,72,27.0,25.0,0.0,0.5,70.8,1016.0,301.0,H,2,Sakhir,Renault
37,56,OCO,38,0,10,11,8,0,72,27.1,25.0,0.0,0.0,70.2,1016.1,164.0,H,3,Sakhir,Renault
38,56,OCO,39,0,11,10,8,0,73,27.1,25.1,0.0,0.6,69.7,1016.1,182.0,H,4,Sakhir,Renault
39,56,OCO,40,0,10,10,8,0,73,26.7,24.9,0.0,1.2,70.1,1016.2,246.0,H,5,Sakhir,Renault
40,56,OCO,41,0,10,9,8,0,73,26.7,24.9,0.0,1.0,70.3,1016.2,202.0,H,6,Sakhir,Renault
41,56,OCO,42,0,9,9,8,0,73,26.6,24.9,0.0,0.6,70.6,1016.2,181.0,H,7,Sakhir,Renault
42,56,OCO,43,0,9,10,8,0,72,26.6,24.9,0.0,0.9,71.0,1016.3,0.0,H,8,Sakhir,Renault
43,56,OCO,44,0,10,10,8,0,72,26.5,24.9,0.0,0.0,71.4,1016.2,219.0,H,9,Sakhir,Renault
44,56,OCO,45,0,10,10,8,0,72,26.4,24.9,0.0,0.6,72.3,1016.2,169.0,H,10,Sakhir,Renault
45,56,OCO,46,0,10,10,8,0,71,26.5,24.9,0.0,0.6,72.9,1016.3,188.0,H,11,Sakhir,Renault
46,56,OCO,47,0,10,10,8,0,71,26.5,24.7,0.0,0.6,73.9,1016.4,194.0,H,12,Sakhir,Renault
47,56,OCO,48,0,10,10,8,0,71,26.5,24.5,0.0,0.5,72.5,1016.4,197.0,H,13,Sakhir,Renault
48,56,OCO,49,0,10,10,8,0,71,26.3,24.6,0.0,0.5,71.6,1016.5,244.0,H,14,Sakhir,Renault
49,56,OCO,50,0,10,10,8,0,71,26.5,24.7,0.0,0.6,71.3,1016.4,0.0,H,15,Sakhir,Renault
50,56,OCO,51,0,10,10,8,0,71,26.5,24.7,0.0,0.4,71.0,1016.4,247.0,H,16,Sakhir,Renault
51,56,OCO,52,0,10,10,8,0,71,26.6,25.0,0.0,1.0,71.9,1016.5,280.0,H,17,Sakhir,Renault
52,56,OCO,53,0,10,10,8,0,71,26.2,24.7,0.0,0.5,73.7,1016.4,231.0,H,18,Sakhir,Renault
53,56,OCO,54,0,10,9,8,0,71,26.3,24.7,0.0,1.0,74.1,1016.5,294.0,H,19,Sakhir,Renault
54,56,OCO,55,2,9,9,8,0,71,26.4,24.7,0.0,0.7,74.3,1016.5,225.0,H,20,Sakhir,Renault
55,56,OCO,56,2,9,9,8,0,70,26.0,24.5,0.0,0.6,75.3,1016.4,231.0,H,21,Sakhir,Renault
56,56,OCO,57,2,9,9,8,0,70,26.0,24.5,0.0,0.8,75.4,1016.4,0.0,H,22,Sakhir,Renault
0,56,GAS,1,2,7,7,7,0,78,28.6,25.4,0.0,0.8,65.2,1015.3,335.0,M,3,Sakhir,AlphaTauri
1,56,GAS,2,2,7,9,7,0,80,28.9,25.4,0.0,0.7,64.6,1015.4,16.0,H,0,Sakhir,AlphaTauri
2,56,GAS,3,2,9,10,7,0,78,28.8,25.4,0.0,0.4,64.6,1015.4,274.0,H,1,Sakhir,AlphaTauri
3,56,GAS,4,2,10,10,7,0,80,28.6,25.4,0.0,0.8,63.8,1015.5,293.0,H,2,Sakhir,AlphaTauri
4,56,GAS,5,2,10,9,7,0,81,28.6,25.4,0.0,1.3,63.1,1015.5,322.0,H,3,Sakhir,AlphaTauri
5,56,GAS,6,2,9,9,7,0,81,28.4,25.3,0.0,0.9,63.0,1015.5,287.0,H,4,Sakhir,AlphaTauri
6,56,GAS,7,2,9,9,7,0,81,28.4,25.3,0.0,0.8,63.1,1015.5,301.0,H,5,Sakhir,AlphaTauri
7,56,GAS,8,2,9,9,7,0,81,28.2,25.2,0.0,0.9,62.9,1015.7,342.0,H,6,Sakhir,AlphaTauri
8,56,GAS,9,0,9,10,7,0,80,28.1,25.1,0.0,1.0,62.9,1015.8,253.0,H,7,Sakhir,AlphaTauri
9,56,GAS,10,0,10,10,7,0,81,28.0,25.1,0.0,0.9,62.8,1015.8,302.0,H,8,Sakhir,AlphaTauri
10,56,GAS,11,0,10,10,7,0,81,28.0,25.1,0.0,0.9,62.9,1015.8,350.0,H,9,Sakhir,AlphaTauri
11,56,GAS,12,0,10,10,7,0,82,28.1,25.1,0.0,0.9,62.7,1015.8,319.0,H,10,Sakhir,AlphaTauri
12,56,GAS,13,1,10,9,7,0,82,27.9,25.1,0.0,1.1,62.4,1015.8,323.0,H,11,Sakhir,AlphaTauri
13,56,GAS,14,1,9,9,7,0,83,28.0,25.1,0.0,1.1,62.3,1015.9,320.0,H,12,Sakhir,AlphaTauri
14,56,GAS,15,0,9,9,7,0,83,27.9,25.1,0.0,0.6,62.6,1015.9,281.0,H,13,Sakhir,AlphaTauri
15,56,GAS,16,0,9,8,7,0,83,27.9,25.0,0.0,0.9,62.9,1015.9,6.0,H,14,Sakhir,AlphaTauri
16,56,GAS,17,0,8,8,7,0,83,27.6,24.9,0.0,1.2,63.6,1016.0,14.0,H,15,Sakhir,AlphaTauri
17,56,GAS,18,0,8,7,7,0,83,27.5,24.9,0.0,1.0,64.0,1016.0,316.0,H,16,Sakhir,AlphaTauri
18,56,GAS,19,0,7,6,7,0,84,27.5,24.9,0.0,1.0,63.9,1016.0,296.0,H,17,Sakhir,AlphaTauri
19,56,GAS,20,0,6,5,7,0,84,27.4,24.9,0.0,0.9,64.0,1016.0,300.0,H,18,Sakhir,AlphaTauri
20,56,GAS,21,0,5,4,7,0,84,27.4,24.9,0.0,1.1,63.8,1016.0,330.0,H,19,Sakhir,AlphaTauri
21,56,GAS,22,0,4,3,7,0,84,27.4,24.9,0.0,1.0,64.0,1015.9,356.0,H,20,Sakhir,AlphaTauri
22,56,GAS,23,0,3,4,7,0,84,27.2,24.9,0.0,1.1,66.0,1015.9,337.0,H,21,Sakhir,AlphaTauri
23,56,GAS,24,0,4,5,7,0,84,27.3,25.0,0.0,0.8,68.1,1015.9,329.0,H,22,Sakhir,AlphaTauri
24,56,GAS,25,0,5,5,7,0,84,27.4,25.0,0.0,1.2,68.7,1015.9,320.0,H,23,Sakhir,AlphaTauri
25,56,GAS,26,0,5,9,7,0,84,27.4,25.0,0.0,1.1,69.1,1015.9,355.0,H,0,Sakhir,AlphaTauri
26,56,GAS,27,0,9,9,7,0,84,27.3,25.0,0.0,1.2,70.3,1015.9,336.0,H,1,Sakhir,AlphaTauri
27,56,GAS,28,0,9,9,7,0,84,27.2,25.0,0.0,1.0,71.7,1015.9,315.0,H,2,Sakhir,AlphaTauri
28,56,GAS,29,0,9,9,7,0,84,27.1,25.0,0.0,1.1,72.5,1016.0,269.0,H,3,Sakhir,AlphaTauri
29,56,GAS,30,0,9,9,7,0,84,27.2,25.0,0.0,0.7,72.0,1016.1,65.0,H,4,Sakhir,AlphaTauri
30,56,GAS,31,0,9,9,7,0,84,27.0,25.0,0.0,0.6,71.3,1016.0,0.0,H,5,Sakhir,AlphaTauri
31,56,GAS,32,0,9,9,7,0,84,26.9,25.0,0.0,0.8,71.0,1016.0,94.0,H,6,Sakhir,AlphaTauri
32,56,GAS,33,0,9,9,7,0,84,27.0,25.0,0.0,0.5,70.8,1016.0,301.0,H,7,Sakhir,AlphaTauri
33,56,GAS,34,0,9,8,7,0,84,27.2,25.0,0.0,1.1,70.8,1016.0,273.0,H,8,Sakhir,AlphaTauri
34,56,GAS,35,0,8,8,7,0,84,27.1,25.0,0.0,0.5,70.3,1016.0,201.0,H,9,Sakhir,AlphaTauri
35,56,GAS,36,0,8,7,7,0,84,27.1,25.0,0.0,0.0,70.2,1016.1,0.0,H,10,Sakhir,AlphaTauri
36,56,GAS,37,0,7,7,7,0,85,26.7,25.0,0.0,0.7,70.2,1016.2,0.0,H,11,Sakhir,AlphaTauri
37,56,GAS,38,0,7,7,7,0,85,26.6,24.9,0.0,0.6,70.6,1016.2,181.0,H,12,Sakhir,AlphaTauri
38,56,GAS,39,0,7,6,7,0,85,26.3,24.7,0.0,0.6,73.4,1016.3,326.0,H,13,Sakhir,AlphaTauri
39,56,GAS,40,0,6,5,7,0,86,26.4,24.7,0.0,0.7,74.3,1016.3,237.0,H,14,Sakhir,AlphaTauri
40,56,GAS,41,0,5,5,7,0,86,26.4,24.7,0.0,1.2,74.4,1016.3,258.0,H,15,Sakhir,AlphaTauri
41,56,GAS,42,0,5,5,7,0,86,26.5,24.6,0.0,1.0,74.1,1016.3,202.0,H,16,Sakhir,AlphaTauri
42,56,GAS,43,0,5,5,7,0,85,26.5,24.7,0.0,0.6,73.9,1016.4,194.0,H,17,Sakhir,AlphaTauri
43,56,GAS,44,0,5,6,7,0,85,26.4,24.5,0.0,0.4,72.8,1016.4,183.0,H,18,Sakhir,AlphaTauri
44,56,GAS,45,0,6,6,7,0,84,26.3,24.5,0.0,0.6,72.0,1016.4,232.0,H,19,Sakhir,AlphaTauri
45,56,GAS,46,0,6,6,7,0,84,26.3,24.6,0.0,0.6,71.6,1016.4,205.0,H,20,Sakhir,AlphaTauri
46,56,GAS,47,0,6,6,7,0,84,26.4,24.6,0.0,0.8,71.2,1016.4,279.0,H,21,Sakhir,AlphaTauri
47,56,GAS,48,0,6,6,7,0,84,26.5,24.8,0.0,0.0,71.1,1016.4,0.0,H,22,Sakhir,AlphaTauri
48,56,GAS,49,0,6,6,7,0,84,26.5,24.8,0.0,0.5,71.2,1016.6,206.0,H,23,Sakhir,AlphaTauri
49,56,GAS,50,0,6,6,7,0,84,26.6,25.0,0.0,1.0,71.9,1016.5,280.0,H,24,Sakhir,AlphaTauri
50,56,GAS,51,0,6,7,7,0,84,26.4,24.9,0.0,0.9,71.8,1016.5,183.0,H,25,Sakhir,AlphaTauri
51,56,GAS,52,0,7,7,7,0,83,26.1,24.7,0.0,0.8,73.2,1016.5,203.0,H,26,Sakhir,AlphaTauri
52,56,GAS,53,0,7,7,7,0,83,26.3,24.7,0.0,1.0,74.1,1016.5,294.0,H,27,Sakhir,AlphaTauri
53,56,GAS,54,0,7,6,7,0,83,26.4,24.7,0.0,0.7,74.3,1016.5,225.0,H,28,Sakhir,AlphaTauri
54,56,GAS,55,2,6,6,7,0,82,26.3,24.6,0.0,0.6,74.9,1016.4,202.0,H,29,Sakhir,AlphaTauri
55,56,GAS,56,2,6,6,7,0,82,26.4,24.6,0.0,0.9,75.1,1016.3,226.0,H,30,Sakhir,AlphaTauri
56,56,GAS,57,2,6,6,7,0,82,26.1,24.5,0.0,0.0,75.2,1016.4,248.0,H,31,Sakhir,AlphaTauri
0,56,NOR,1,2,9,9,9,0,52,28.6,25.4,0.0,1.0,66.0,1015.3,244.0,M,3,Sakhir,McLaren
1,56,NOR,2,2,9,7,9,0,61,28.6,25.4,0.0,0.7,65.6,1015.4,356.0,M,4,Sakhir,McLaren
2,56,NOR,3,2,7,6,9,0,62,28.9,25.4,0.0,0.7,64.6,1015.4,16.0,M,5,Sakhir,McLaren
3,56,NOR,4,2,6,6,9,0,64,28.8,25.4,0.0,0.4,64.6,1015.4,274.0,M,6,Sakhir,McLaren
4,56,NOR,5,2,6,5,9,0,65,28.7,25.5,0.0,1.0,64.1,1015.4,12.0,M,7,Sakhir,McLaren
5,56,NOR,6,2,5,5,9,0,65,28.7,25.4,0.0,0.9,63.9,1015.5,315.0,M,8,Sakhir,McLaren
6,56,NOR,7,2,5,5,9,0,65,28.6,25.4,0.0,1.0,63.8,1015.5,326.0,M,9,Sakhir,McLaren
7,56,NOR,8,2,5,5,9,0,66,28.6,25.4,0.0,0.9,63.6,1015.4,302.0,M,10,Sakhir,McLaren
8,56,NOR,9,0,5,5,9,0,66,28.6,25.4,0.0,0.8,63.2,1015.5,298.0,M,11,Sakhir,McLaren
9,56,NOR,10,0,5,5,9,0,66,28.5,25.4,0.0,1.1,63.0,1015.6,301.0,M,12,Sakhir,McLaren
10,56,NOR,11,0,5,5,9,0,67,28.4,25.3,0.0,0.8,63.1,1015.5,301.0,M,13,Sakhir,McLaren
11,56,NOR,12,0,5,5,9,0,67,28.3,25.2,0.0,1.0,62.9,1015.6,290.0,M,14,Sakhir,McLaren
12,56,NOR,13,1,5,5,9,0,68,28.0,25.1,0.0,0.9,62.9,1015.8,350.0,M,15,Sakhir,McLaren
13,56,NOR,14,1,5,5,9,0,68,28.1,25.1,0.0,0.9,62.7,1015.8,319.0,M,16,Sakhir,McLaren
14,56,NOR,15,0,5,5,9,0,69,27.9,25.1,0.0,1.1,62.4,1015.8,323.0,M,17,Sakhir,McLaren
15,56,NOR,16,0,5,5,9,0,69,28.0,25.1,0.0,1.1,62.3,1015.9,320.0,M,18,Sakhir,McLaren
16,56,NOR,17,0,5,5,9,0,69,27.8,25.0,0.0,0.9,63.1,1015.9,328.0,M,19,Sakhir,McLaren
17,56,NOR,18,0,5,5,9,0,70,27.7,25.0,0.0,0.9,63.3,1015.9,355.0,M,20,Sakhir,McLaren
18,56,NOR,19,0,5,10,9,0,70,27.6,24.9,0.0,1.2,63.6,1016.0,14.0,M,1,Sakhir,McLaren
19,56,NOR,20,0,10,10,9,0,70,27.5,24.9,0.0,1.1,63.9,1016.0,320.0,M,2,Sakhir,McLaren
20,56,NOR,21,0,10,9,9,0,70,27.4,24.9,0.0,1.3,63.9,1016.0,301.0,M,3,Sakhir,McLaren
21,56,NOR,22,0,9,8,9,0,70,27.2,24.9,0.0,1.3,67.1,1015.8,318.0,M,4,Sakhir,McLaren
22,56,NOR,23,0,8,8,9,0,70,27.2,24.9,0.0,1.4,67.3,1015.8,331.0,M,5,Sakhir,McLaren
23,56,NOR,24,0,8,7,9,0,70,27.2,24.9,0.0,1.6,67.6,1015.9,325.0,M,6,Sakhir,McLaren
24,56,NOR,25,0,7,6,9,0,70,27.3,24.9,0.0,1.2,67.9,1015.9,331.0,M,7,Sakhir,McLaren
25,56,NOR,26,0,6,5,9,0,70,27.4,25.0,0.0,1.1,68.4,1015.9,315.0,M,8,Sakhir,McLaren
26,56,NOR,27,0,5,5,9,0,71,27.3,25.0,0.0,1.0,73.5,1015.9,299.0,M,9,Sakhir,McLaren
27,56,NOR,28,0,5,5,9,0,71,27.3,24.9,0.0,1.1,73.4,1015.9,303.0,M,10,Sakhir,McLaren
28,56,NOR,29,0,5,5,9,0,71,27.3,25.0,0.0,0.0,72.7,1016.0,0.0,M,11,Sakhir,McLaren
29,56,NOR,30,0,5,5,9,0,71,27.3,25.1,0.0,0.0,72.3,1016.0,352.0,M,12,Sakhir,McLaren
30,56,NOR,31,0,5,5,9,0,71,27.3,25.0,0.0,0.3,72.3,1016.0,272.0,M,13,Sakhir,McLaren
31,56,NOR,32,0,5,5,9,0,71,27.2,25.1,0.0,1.2,71.6,1016.0,331.0,M,14,Sakhir,McLaren
32,56,NOR,33,0,5,5,9,0,71,27.0,25.0,0.0,0.6,71.3,1016.0,0.0,M,15,Sakhir,McLaren
33,56,NOR,34,0,5,5,9,0,71,27.1,25.0,0.0,0.0,70.2,1016.1,0.0,M,16,Sakhir,McLaren
34,56,NOR,35,0,5,4,9,0,71,27.1,25.0,0.0,0.0,70.2,1016.1,164.0,M,17,Sakhir,McLaren
35,56,NOR,36,0,4,4,9,0,71,26.8,25.0,0.0,0.8,70.0,1016.2,179.0,M,18,Sakhir,McLaren
36,56,NOR,37,0,4,3,9,0,71,26.7,24.9,0.0,1.2,70.1,1016.2,246.0,M,19,Sakhir,McLaren
37,56,NOR,38,0,3,4,9,0,72,26.5,24.9,0.0,0.0,71.4,1016.2,219.0,M,20,Sakhir,McLaren
38,56,NOR,39,0,4,7,9,0,74,26.5,24.7,0.0,0.6,73.9,1016.4,194.0,H,0,Sakhir,McLaren
39,56,NOR,40,0,7,6,9,0,77,26.4,24.6,0.0,0.5,73.5,1016.3,0.0,H,1,Sakhir,McLaren
40,56,NOR,41,0,6,6,9,0,79,26.3,24.6,0.0,0.6,71.6,1016.4,205.0,H,2,Sakhir,McLaren
41,56,NOR,42,0,6,6,9,0,80,26.4,24.6,0.0,0.8,71.2,1016.4,279.0,H,3,Sakhir,McLaren
42,56,NOR,43,0,6,6,9,0,80,26.4,24.6,0.0,0.6,71.3,1016.4,205.0,H,4,Sakhir,McLaren
43,56,NOR,44,0,6,5,9,0,80,26.5,24.8,0.0,0.9,71.0,1016.5,191.0,H,5,Sakhir,McLaren
44,56,NOR,45,0,5,5,9,0,81,26.7,24.8,0.0,0.6,70.9,1016.5,225.0,H,6,Sakhir,McLaren
45,56,NOR,46,0,5,5,9,0,83,26.5,24.7,0.0,0.6,71.1,1016.4,204.0,H,7,Sakhir,McLaren
46,56,NOR,47,0,5,5,9,0,85,26.5,24.8,0.0,0.5,71.2,1016.5,252.0,H,8,Sakhir,McLaren
47,56,NOR,48,0,5,5,9,0,86,26.5,24.8,0.0,0.5,71.2,1016.6,206.0,H,9,Sakhir,McLaren
48,56,NOR,49,0,5,5,9,0,88,26.6,25.0,0.0,1.0,71.9,1016.5,280.0,H,10,Sakhir,McLaren
49,56,NOR,50,0,5,5,9,0,89,26.1,24.7,0.0,0.8,73.2,1016.5,203.0,H,11,Sakhir,McLaren
50,56,NOR,51,0,5,5,9,0,90,26.2,24.7,0.0,0.5,73.7,1016.4,231.0,H,12,Sakhir,McLaren
51,56,NOR,52,0,5,5,9,0,91,26.1,24.6,0.0,0.6,75.0,1016.5,299.0,H,13,Sakhir,McLaren
52,56,NOR,53,0,5,5,9,0,91,26.3,24.6,0.0,0.6,74.9,1016.4,202.0,H,14,Sakhir,McLaren
53,56,NOR,54,0,5,4,9,0,91,26.4,24.6,0.0,0.7,74.9,1016.4,319.0,H,15,Sakhir,McLaren
54,56,NOR,55,2,4,4,9,0,91,26.0,24.5,0.0,0.6,75.3,1016.4,231.0,H,16,Sakhir,McLaren
55,56,NOR,56,2,4,4,9,0,90,26.0,24.5,0.0,0.8,75.4,1016.4,0.0,H,17,Sakhir,McLaren
56,56,NOR,57,2,4,4,9,0,90,26.0,24.4,0.0,0.0,75.5,1016.4,252.0,H,18,Sakhir,McLaren
0,56,KVY,1,2,19,19,19,0,72,28.6,25.4,0.0,0.7,65.6,1015.4,356.0,M,3,Sakhir,AlphaTauri
1,56,KVY,2,2,19,15,19,0,83,28.9,25.4,0.0,0.7,64.6,1015.4,16.0,S,3,Sakhir,AlphaTauri
2,56,KVY,3,2,15,12,19,0,85,28.7,25.5,0.0,0.7,64.2,1015.4,300.0,S,4,Sakhir,AlphaTauri
3,56,KVY,4,2,12,12,19,0,86,28.7,25.4,0.0,0.9,63.9,1015.5,315.0,S,5,Sakhir,AlphaTauri
4,56,KVY,5,2,12,11,19,0,86,28.6,25.4,0.0,1.2,63.3,1015.4,340.0,S,6,Sakhir,AlphaTauri
5,56,KVY,6,2,11,11,19,0,86,28.6,25.4,0.0,0.8,63.2,1015.5,298.0,S,7,Sakhir,AlphaTauri
6,56,KVY,7,2,11,11,19,0,87,28.5,25.4,0.0,1.1,63.0,1015.6,301.0,S,8,Sakhir,AlphaTauri
7,56,KVY,8,2,11,11,19,0,87,28.4,25.3,0.0,0.8,63.1,1015.5,301.0,S,9,Sakhir,AlphaTauri
8,56,KVY,9,0,11,11,19,0,87,28.2,25.2,0.0,0.9,62.9,1015.7,342.0,S,10,Sakhir,AlphaTauri
9,56,KVY,10,0,11,11,19,0,88,28.1,25.1,0.0,1.1,62.9,1015.7,336.0,S,11,Sakhir,AlphaTauri
10,56,KVY,11,0,11,11,19,0,89,28.0,25.1,0.0,0.9,62.9,1015.8,350.0,S,12,Sakhir,AlphaTauri
11,56,KVY,12,0,11,11,19,0,89,28.1,25.1,0.0,0.9,62.8,1015.9,313.0,S,13,Sakhir,AlphaTauri
12,56,KVY,13,1,11,11,19,0,90,28.1,25.1,0.0,0.9,62.6,1015.8,327.0,S,14,Sakhir,AlphaTauri
13,56,KVY,14,1,11,11,19,0,90,27.9,25.1,0.0,0.9,62.4,1015.9,296.0,S,15,Sakhir,AlphaTauri
14,56,KVY,15,0,11,11,19,0,90,28.0,25.1,0.0,1.1,62.3,1015.9,320.0,S,16,Sakhir,AlphaTauri
15,56,KVY,16,0,11,11,19,0,91,28.0,25.1,0.0,1.0,62.4,1015.9,15.0,S,17,Sakhir,AlphaTauri
16,56,KVY,17,0,11,10,19,0,91,27.9,25.0,0.0,0.9,62.9,1015.9,6.0,S,18,Sakhir,AlphaTauri
17,56,KVY,18,0,10,17,19,0,91,27.8,25.0,0.0,0.9,63.1,1015.9,328.0,H,0,Sakhir,AlphaTauri
18,56,KVY,19,0,17,17,19,0,91,27.8,25.0,0.0,1.0,63.1,1016.0,311.0,H,1,Sakhir,AlphaTauri
19,56,KVY,20,0,17,17,19,0,92,27.4,24.9,0.0,1.0,63.7,1016.0,303.0,H,2,Sakhir,AlphaTauri
20,56,KVY,21,0,17,15,19,0,92,27.3,24.9,0.0,1.1,65.4,1015.9,317.0,H,3,Sakhir,AlphaTauri
21,56,KVY,22,0,15,14,19,0,92,27.2,25.0,0.0,1.4,66.9,1015.8,332.0,H,4,Sakhir,AlphaTauri
22,56,KVY,23,0,14,14,19,0,92,27.2,24.9,0.0,1.3,67.1,1015.8,318.0,H,5,Sakhir,AlphaTauri
23,56,KVY,24,0,14,14,19,0,93,27.4,25.0,0.0,1.1,68.4,1015.9,315.0,H,6,Sakhir,AlphaTauri
24,56,KVY,25,0,14,14,19,0,93,27.3,25.0,0.0,1.2,69.4,1015.9,345.0,H,7,Sakhir,AlphaTauri
25,56,KVY,26,0,14,14,19,0,93,27.3,25.0,0.0,1.0,74.1,1015.9,260.0,H,8,Sakhir,AlphaTauri
26,56,KVY,27,0,14,13,19,0,93,27.2,25.0,0.0,0.8,73.7,1016.0,318.0,H,9,Sakhir,AlphaTauri
27,56,KVY,28,0,13,13,19,0,93,27.3,24.9,0.0,1.0,73.4,1016.0,226.0,H,10,Sakhir,AlphaTauri
28,56,KVY,29,0,13,13,19,0,93,27.3,24.9,0.0,1.1,73.4,1015.9,303.0,H,11,Sakhir,AlphaTauri
29,56,KVY,30,0,13,13,19,0,93,27.3,24.9,0.0,1.4,73.3,1016.0,219.0,H,12,Sakhir,AlphaTauri
30,56,KVY,31,0,13,13,19,0,93,27.3,25.0,0.0,1.1,72.8,1015.9,294.0,H,13,Sakhir,AlphaTauri
31,56,KVY,32,0,13,13,19,0,94,27.3,25.0,0.0,0.0,72.7,1016.0,0.0,H,14,Sakhir,AlphaTauri
32,56,KVY,33,0,13,14,19,0,94,27.3,25.0,0.0,0.3,72.3,1016.0,272.0,H,15,Sakhir,AlphaTauri
33,56,KVY,34,0,14,18,19,0,94,27.0,25.0,0.0,0.6,71.3,1016.0,0.0,H,0,Sakhir,AlphaTauri
34,56,KVY,35,0,18,17,19,0,94,27.0,25.0,0.0,0.5,70.8,1016.0,301.0,H,1,Sakhir,AlphaTauri
35,56,KVY,36,0,17,17,19,0,94,27.2,25.0,0.0,1.1,70.8,1016.0,273.0,H,2,Sakhir,AlphaTauri
36,56,KVY,37,0,17,17,19,0,94,27.1,25.0,0.0,0.0,70.2,1016.1,164.0,H,3,Sakhir,AlphaTauri
37,56,KVY,38,0,17,16,19,0,94,26.7,25.0,0.0,0.7,70.2,1016.2,0.0,H,4,Sakhir,AlphaTauri
38,56,KVY,39,0,16,16,19,0,94,26.8,25.0,0.0,0.8,70.0,1016.2,179.0,H,5,Sakhir,AlphaTauri
39,56,KVY,40,0,16,13,19,0,94,26.7,24.9,0.0,1.0,70.3,1016.2,202.0,H,6,Sakhir,AlphaTauri
40,56,KVY,41,0,13,13,19,0,94,26.6,24.9,0.0,0.6,70.6,1016.2,181.0,H,7,Sakhir,AlphaTauri
41,56,KVY,42,0,13,13,19,0,94,26.4,24.6,0.0,0.6,74.3,1016.3,200.0,H,8,Sakhir,AlphaTauri
42,56,KVY,43,0,13,13,19,0,92,26.5,24.6,0.0,1.0,74.1,1016.3,202.0,H,9,Sakhir,AlphaTauri
43,56,KVY,44,0,13,13,19,0,92,26.4,24.6,0.0,0.6,73.3,1016.3,225.0,H,10,Sakhir,AlphaTauri
44,56,KVY,45,0,13,13,19,0,91,26.5,24.5,0.0,0.5,72.5,1016.4,197.0,H,11,Sakhir,AlphaTauri
45,56,KVY,46,0,13,13,19,0,91,26.4,24.6,0.0,0.6,71.3,1016.4,205.0,H,12,Sakhir,AlphaTauri
46,56,KVY,47,0,13,12,19,0,91,26.5,24.7,0.0,0.6,71.3,1016.4,0.0,H,13,Sakhir,AlphaTauri
47,56,KVY,48,0,12,12,19,0,90,26.5,24.8,0.0,0.5,71.2,1016.5,252.0,H,14,Sakhir,AlphaTauri
48,56,KVY,49,0,12,12,19,0,90,26.6,24.9,0.0,0.8,71.4,1016.4,250.0,H,15,Sakhir,AlphaTauri
49,56,KVY,50,0,12,12,19,0,90,26.4,24.9,0.0,0.9,71.8,1016.5,183.0,H,16,Sakhir,AlphaTauri
50,56,KVY,51,0,12,12,19,0,90,26.2,24.7,0.0,0.5,73.7,1016.4,231.0,H,17,Sakhir,AlphaTauri
51,56,KVY,52,0,12,12,19,0,90,26.2,24.7,0.0,0.6,74.0,1016.6,0.0,H,18,Sakhir,AlphaTauri
52,56,KVY,53,0,12,12,19,0,89,26.4,24.7,0.0,0.7,74.3,1016.5,225.0,H,19,Sakhir,AlphaTauri
53,56,KVY,54,0,12,11,19,0,89,26.3,24.6,0.0,0.6,74.9,1016.4,202.0,H,20,Sakhir,AlphaTauri
54,56,KVY,55,2,11,11,19,0,88,26.3,24.6,0.0,0.7,74.9,1016.4,0.0,H,21,Sakhir,AlphaTauri
55,56,KVY,56,2,11,11,19,0,87,26.0,24.4,0.0,0.5,75.5,1016.4,135.0,H,22,Sakhir,AlphaTauri
0,56,VET,1,2,15,15,15,0,53,28.7,25.5,0.0,1.4,65.9,1015.3,304.0,M,2,Sakhir,Ferrari
1,56,VET,2,2,15,10,15,0,64,28.9,25.4,0.0,0.7,64.6,1015.4,16.0,H,0,Sakhir,Ferrari
2,56,VET,3,2,10,16,15,0,65,28.8,25.4,0.0,0.4,64.6,1015.4,274.0,H,1,Sakhir,Ferrari
3,56,VET,4,2,16,16,15,0,64,28.7,25.5,0.0,0.7,64.2,1015.4,300.0,H,2,Sakhir,Ferrari
4,56,VET,5,2,16,15,15,0,64,28.7,25.4,0.0,0.9,63.9,1015.5,315.0,H,3,Sakhir,Ferrari
5,56,VET,6,2,15,15,15,0,64,28.6,25.4,0.0,0.8,63.8,1015.5,293.0,H,4,Sakhir,Ferrari
6,56,VET,7,2,15,15,15,0,64,28.6,25.4,0.0,0.9,63.6,1015.4,302.0,H,5,Sakhir,Ferrari
7,56,VET,8,2,15,15,15,0,64,28.6,25.4,0.0,1.2,63.2,1015.6,305.0,H,6,Sakhir,Ferrari
8,56,VET,9,0,15,15,15,0,65,28.2,25.2,0.0,0.9,62.8,1015.7,7.0,H,7,Sakhir,Ferrari
9,56,VET,10,0,15,15,15,0,66,28.1,25.1,0.0,1.0,62.9,1015.8,253.0,H,8,Sakhir,Ferrari
10,56,VET,11,0,15,15,15,0,67,28.0,25.1,0.0,0.9,62.8,1015.8,302.0,H,9,Sakhir,Ferrari
11,56,VET,12,0,15,18,15,0,68,28.2,25.1,0.0,0.8,62.8,1015.8,327.0,H,10,Sakhir,Ferrari
12,56,VET,13,1,18,18,15,0,69,28.1,25.1,0.0,0.9,62.6,1015.8,327.0,H,11,Sakhir,Ferrari
13,56,VET,14,1,18,18,15,0,70,28.0,25.1,0.0,1.1,62.3,1015.9,320.0,H,12,Sakhir,Ferrari
14,56,VET,15,0,18,18,15,0,71,28.0,25.1,0.0,1.0,62.4,1015.9,15.0,H,13,Sakhir,Ferrari
15,56,VET,16,0,18,18,15,0,72,27.9,25.1,0.0,0.6,62.6,1015.9,281.0,H,14,Sakhir,Ferrari
16,56,VET,17,0,18,17,15,0,72,27.8,25.0,0.0,0.8,63.0,1016.0,335.0,H,15,Sakhir,Ferrari
17,56,VET,18,0,17,16,15,0,73,27.8,25.0,0.0,1.0,63.1,1016.0,318.0,H,16,Sakhir,Ferrari
18,56,VET,19,0,16,16,15,0,73,27.6,25.0,0.0,1.1,63.5,1016.0,302.0,H,17,Sakhir,Ferrari
19,56,VET,20,0,16,16,15,0,74,27.5,24.9,0.0,1.2,63.8,1016.0,326.0,H,18,Sakhir,Ferrari
20,56,VET,21,0,16,18,15,0,74,27.5,24.9,0.0,1.0,64.0,1016.0,316.0,M,3,Sakhir,Ferrari
21,56,VET,22,0,18,17,15,0,74,27.5,24.9,0.0,1.0,63.9,1016.0,296.0,M,4,Sakhir,Ferrari
22,56,VET,23,0,17,17,15,0,75,27.4,24.9,0.0,1.3,63.9,1016.0,301.0,M,5,Sakhir,Ferrari
23,56,VET,24,0,17,17,15,0,75,27.4,24.9,0.0,1.1,63.8,1016.0,330.0,M,6,Sakhir,Ferrari
24,56,VET,25,0,17,17,15,0,75,27.4,24.9,0.0,1.0,63.7,1016.0,303.0,M,7,Sakhir,Ferrari
25,56,VET,26,0,17,17,15,0,76,27.2,24.9,0.0,1.1,66.0,1015.9,337.0,M,8,Sakhir,Ferrari
26,56,VET,27,0,17,17,15,0,76,27.2,25.1,0.0,1.0,73.1,1015.9,214.0,M,9,Sakhir,Ferrari
27,56,VET,28,0,17,16,15,0,76,27.3,25.0,0.0,1.1,73.7,1015.9,318.0,M,10,Sakhir,Ferrari
28,56,VET,29,0,16,16,15,0,76,27.2,25.0,0.0,1.0,73.7,1016.0,296.0,M,11,Sakhir,Ferrari
29,56,VET,30,0,16,15,15,0,76,27.3,24.9,0.0,1.0,73.4,1016.0,226.0,M,12,Sakhir,Ferrari
30,56,VET,31,0,15,15,15,0,76,27.3,24.9,0.0,0.6,73.1,1016.0,319.0,M,13,Sakhir,Ferrari
31,56,VET,32,0,15,15,15,0,76,27.3,25.0,0.0,0.8,72.7,1016.0,300.0,M,14,Sakhir,Ferrari
32,56,VET,33,0,15,15,15,0,76,27.3,25.0,0.0,0.0,72.7,1016.0,0.0,M,15,Sakhir,Ferrari
33,56,VET,34,0,15,14,15,0,76,27.1,25.0,0.0,1.1,72.5,1016.0,269.0,M,16,Sakhir,Ferrari
34,56,VET,35,0,14,14,15,0,76,27.2,25.1,0.0,1.2,71.6,1016.0,331.0,M,17,Sakhir,Ferrari
35,56,VET,36,0,14,14,15,0,77,27.0,24.9,0.0,0.8,71.3,1016.0,242.0,M,18,Sakhir,Ferrari
36,56,VET,37,0,14,14,15,0,77,26.9,25.0,0.0,0.8,71.0,1016.0,94.0,M,19,Sakhir,Ferrari
37,56,VET,38,0,14,14,15,0,77,27.1,25.0,0.0,0.0,70.2,1016.1,164.0,M,20,Sakhir,Ferrari
38,56,VET,39,0,14,14,15,0,77,26.7,25.0,0.0,0.7,70.2,1016.2,0.0,M,21,Sakhir,Ferrari
39,56,VET,40,0,14,18,15,0,77,26.5,24.9,0.0,0.0,71.4,1016.2,219.0,H,0,Sakhir,Ferrari
40,56,VET,41,0,18,16,15,0,77,26.5,24.9,0.0,0.6,72.9,1016.3,188.0,H,1,Sakhir,Ferrari
41,56,VET,42,0,16,16,15,0,76,26.4,24.7,0.0,0.7,74.0,1016.3,284.0,H,2,Sakhir,Ferrari
42,56,VET,43,0,16,15,15,0,76,26.5,24.7,0.0,0.6,73.9,1016.4,194.0,H,3,Sakhir,Ferrari
43,56,VET,44,0,15,15,15,0,75,26.4,24.6,0.0,0.6,73.3,1016.3,225.0,H,4,Sakhir,Ferrari
44,56,VET,45,0,15,15,15,0,75,26.3,24.5,0.0,0.6,72.0,1016.4,232.0,H,5,Sakhir,Ferrari
45,56,VET,46,0,15,15,15,0,75,26.4,24.6,0.0,0.8,71.2,1016.4,279.0,H,6,Sakhir,Ferrari
46,56,VET,47,0,15,15,15,0,74,26.5,24.7,0.0,0.6,71.3,1016.4,0.0,H,7,Sakhir,Ferrari
47,56,VET,48,0,15,15,15,0,74,26.7,24.8,0.0,0.6,70.9,1016.5,225.0,H,8,Sakhir,Ferrari
48,56,VET,49,0,15,15,15,0,74,26.5,24.8,0.0,0.5,71.2,1016.6,206.0,H,9,Sakhir,Ferrari
49,56,VET,50,0,15,15,15,0,74,26.4,24.9,0.0,0.6,72.3,1016.5,242.0,H,10,Sakhir,Ferrari
50,56,VET,51,0,15,15,15,0,74,26.2,24.7,0.0,0.6,74.0,1016.6,0.0,H,11,Sakhir,Ferrari
51,56,VET,52,0,15,15,15,0,74,26.1,24.7,0.0,0.9,74.3,1016.5,187.0,H,12,Sakhir,Ferrari
52,56,VET,53,0,15,14,15,0,73,26.2,24.6,0.0,0.8,74.0,1016.5,231.0,H,13,Sakhir,Ferrari
53,56,VET,54,0,14,13,15,0,72,26.1,24.6,0.0,0.6,75.0,1016.5,299.0,H,14,Sakhir,Ferrari
54,56,VET,55,2,13,13,15,0,72,26.3,24.6,0.0,0.6,74.9,1016.4,202.0,H,15,Sakhir,Ferrari
55,56,VET,56,2,13,13,15,0,71,26.3,24.6,0.0,0.7,74.9,1016.4,0.0,H,16,Sakhir,Ferrari
0,56,LEC,1,2,10,10,10,0,52,28.6,25.4,0.0,0.6,65.9,1015.4,294.0,H,0,Sakhir,Ferrari
1,56,LEC,2,2,10,12,10,0,60,28.6,25.4,0.0,0.7,65.6,1015.4,356.0,M,2,Sakhir,Ferrari
2,56,LEC,3,2,12,8,10,0,60,28.7,25.5,0.0,0.7,64.2,1015.4,300.0,M,3,Sakhir,Ferrari
3,56,LEC,4,2,8,8,10,0,61,28.6,25.4,0.0,1.0,63.8,1015.5,326.0,M,4,Sakhir,Ferrari
4,56,LEC,5,2,8,7,10,0,63,28.6,25.4,0.0,1.3,63.1,1015.5,322.0,M,5,Sakhir,Ferrari
5,56,LEC,6,2,7,7,10,0,63,28.5,25.4,0.0,1.0,63.0,1015.6,297.0,M,6,Sakhir,Ferrari
6,56,LEC,7,2,7,7,10,0,63,28.3,25.2,0.0,0.9,62.9,1015.6,303.0,M,7,Sakhir,Ferrari
7,56,LEC,8,2,7,7,10,0,62,28.2,25.2,0.0,0.9,62.8,1015.7,7.0,M,8,Sakhir,Ferrari
8,56,LEC,9,0,7,7,10,0,62,28.1,25.1,0.0,1.0,62.9,1015.7,267.0,M,9,Sakhir,Ferrari
9,56,LEC,10,0,7,7,10,0,63,28.0,25.1,0.0,1.0,62.9,1015.8,281.0,M,10,Sakhir,Ferrari
10,56,LEC,11,0,7,7,10,0,64,28.0,25.1,0.0,0.9,62.8,1015.8,302.0,M,11,Sakhir,Ferrari
11,56,LEC,12,0,7,9,10,0,65,28.2,25.1,0.0,0.8,62.8,1015.8,327.0,M,12,Sakhir,Ferrari
12,56,LEC,13,1,9,10,10,0,66,27.9,25.0,0.0,1.0,63.1,1016.0,323.0,M,13,Sakhir,Ferrari
13,56,LEC,14,1,10,10,10,0,66,27.8,25.0,0.0,1.0,63.1,1016.0,318.0,M,14,Sakhir,Ferrari
14,56,LEC,15,0,10,10,10,0,67,27.5,24.9,0.0,1.2,63.8,1016.0,326.0,M,15,Sakhir,Ferrari
15,56,LEC,16,0,10,10,10,0,67,27.5,24.9,0.0,1.0,64.0,1016.0,302.0,M,16,Sakhir,Ferrari
16,56,LEC,17,0,10,9,10,0,68,27.5,24.9,0.0,1.1,63.9,1016.0,320.0,M,17,Sakhir,Ferrari
17,56,LEC,18,0,9,8,10,0,68,27.5,24.9,0.0,1.0,63.9,1016.0,296.0,M,18,Sakhir,Ferrari
18,56,LEC,19,0,8,7,10,0,69,27.4,24.9,0.0,0.9,64.0,1016.0,300.0,M,19,Sakhir,Ferrari
19,56,LEC,20,0,7,6,10,0,69,27.4,24.9,0.0,1.0,63.7,1016.0,303.0,M,20,Sakhir,Ferrari
20,56,LEC,21,0,6,6,10,0,70,27.4,24.9,0.0,0.9,64.3,1016.0,350.0,M,21,Sakhir,Ferrari
21,56,LEC,22,0,6,6,10,0,70,27.3,24.9,0.0,1.1,65.4,1015.9,317.0,M,22,Sakhir,Ferrari
22,56,LEC,23,0,6,7,10,0,70,27.2,24.9,0.0,1.1,66.0,1015.9,337.0,M,23,Sakhir,Ferrari
23,56,LEC,24,0,7,12,10,0,70,27.2,25.0,0.0,1.5,66.4,1015.9,347.0,H,0,Sakhir,Ferrari
24,56,LEC,25,0,12,11,10,0,71,27.4,25.0,0.0,1.1,68.4,1015.9,315.0,H,1,Sakhir,Ferrari
25,56,LEC,26,0,11,10,10,0,71,27.4,25.0,0.0,1.1,69.1,1015.9,355.0,H,2,Sakhir,Ferrari
26,56,LEC,27,0,10,10,10,0,71,27.3,25.0,0.0,1.3,69.8,1015.9,316.0,H,3,Sakhir,Ferrari
27,56,LEC,28,0,10,10,10,0,72,27.3,25.0,0.0,1.2,70.3,1015.9,336.0,H,4,Sakhir,Ferrari
28,56,LEC,29,0,10,10,10,0,72,27.2,25.0,0.0,0.7,72.0,1016.1,65.0,H,5,Sakhir,Ferrari
29,56,LEC,30,0,10,10,10,0,73,26.9,25.0,0.0,0.8,71.0,1016.0,94.0,H,6,Sakhir,Ferrari
30,56,LEC,31,0,10,10,10,0,74,27.1,25.0,0.0,0.5,70.0,1016.2,155.0,H,7,Sakhir,Ferrari
31,56,LEC,32,0,10,11,10,0,75,27.1,25.1,0.0,0.6,69.7,1016.1,182.0,H,8,Sakhir,Ferrari
32,56,LEC,33,0,11,11,10,0,76,26.7,24.9,0.0,1.2,70.1,1016.2,246.0,H,9,Sakhir,Ferrari
33,56,LEC,34,0,11,11,10,0,76,26.7,24.9,0.0,1.0,70.3,1016.2,202.0,H,10,Sakhir,Ferrari
34,56,LEC,35,0,11,10,10,0,76,26.6,24.9,0.0,0.9,71.0,1016.3,0.0,H,11,Sakhir,Ferrari
35,56,LEC,36,0,10,10,10,0,76,26.3,24.7,0.0,0.6,73.4,1016.3,326.0,H,12,Sakhir,Ferrari
36,56,LEC,37,0,10,9,10,0,76,26.4,24.7,0.0,0.7,74.3,1016.3,237.0,H,13,Sakhir,Ferrari
37,56,LEC,38,0,9,9,10,0,76,26.4,24.7,0.0,1.2,74.4,1016.3,258.0,H,14,Sakhir,Ferrari
38,56,LEC,39,0,9,8,10,0,76,26.5,24.7,0.0,0.6,73.9,1016.4,194.0,H,15,Sakhir,Ferrari
39,56,LEC,40,0,8,8,10,0,76,26.4,24.6,0.0,0.5,73.5,1016.3,0.0,H,16,Sakhir,Ferrari
40,56,LEC,41,0,8,12,10,0,76,26.4,24.6,0.0,0.6,73.3,1016.3,225.0,H,1,Sakhir,Ferrari
41,56,LEC,42,0,12,11,10,0,75,26.5,24.5,0.0,0.5,72.5,1016.4,197.0,H,2,Sakhir,Ferrari
42,56,LEC,43,0,11,11,10,0,74,26.3,24.5,0.0,0.6,72.0,1016.4,232.0,H,3,Sakhir,Ferrari
43,56,LEC,44,0,11,11,10,0,74,26.3,24.6,0.0,0.5,71.6,1016.5,244.0,H,4,Sakhir,Ferrari
44,56,LEC,45,0,11,11,10,0,74,26.4,24.6,0.0,0.8,71.2,1016.4,279.0,H,5,Sakhir,Ferrari
45,56,LEC,46,0,11,11,10,0,73,26.5,24.7,0.0,0.4,71.0,1016.4,247.0,H,6,Sakhir,Ferrari
46,56,LEC,47,0,11,11,10,0,73,26.7,24.8,0.0,0.6,70.9,1016.5,225.0,H,7,Sakhir,Ferrari
47,56,LEC,48,0,11,11,10,0,73,26.5,24.8,0.0,0.5,71.2,1016.6,206.0,H,8,Sakhir,Ferrari
48,56,LEC,49,0,11,11,10,0,73,26.6,24.9,0.0,0.8,71.4,1016.4,250.0,H,9,Sakhir,Ferrari
49,56,LEC,50,0,11,11,10,0,73,26.3,24.7,0.0,1.2,73.5,1016.5,225.0,H,10,Sakhir,Ferrari
50,56,LEC,51,0,11,11,10,0,72,26.2,24.7,0.0,0.6,74.0,1016.6,0.0,H,11,Sakhir,Ferrari
51,56,LEC,52,0,11,11,10,0,72,26.4,24.7,0.0,0.7,74.3,1016.5,225.0,H,12,Sakhir,Ferrari
52,56,LEC,53,0,11,11,10,0,72,26.2,24.7,0.0,0.7,74.7,1016.5,198.0,H,13,Sakhir,Ferrari
53,56,LEC,54,0,11,10,10,0,71,26.4,24.6,0.0,0.7,74.9,1016.4,319.0,H,14,Sakhir,Ferrari
54,56,LEC,55,2,10,10,10,0,71,26.1,24.5,0.0,0.0,75.2,1016.4,248.0,H,15,Sakhir,Ferrari
55,56,LEC,56,2,10,10,10,0,70,26.0,24.5,0.0,0.6,75.3,1016.4,231.0,H,16,Sakhir,Ferrari
0,56,STR,1,2,12,12,12,0,46,28.2,25.2,0.0,0.9,62.9,1015.7,342.0,M,3,Sakhir,Racing Point
1,56,STR,2,2,12,11,12,1,49,27.3,25.0,0.0,0.3,72.3,1016.0,272.0,M,5,Sakhir,Racing Point
0,56,RUS,1,2,18,18,18,0,52,28.6,25.4,0.0,0.8,65.2,1015.3,335.0,M,0,Sakhir,Williams
1,56,RUS,2,2,18,18,18,0,61,28.7,25.5,0.0,1.0,64.1,1015.4,12.0,M,0,Sakhir,Williams
2,56,RUS,3,2,18,15,18,0,64,28.7,25.4,0.0,0.9,63.9,1015.5,315.0,M,1,Sakhir,Williams
3,56,RUS,4,2,15,15,18,0,66,28.6,25.4,0.0,0.9,63.6,1015.4,302.0,M,2,Sakhir,Williams
4,56,RUS,5,2,15,14,18,0,66,28.6,25.4,0.0,1.2,63.2,1015.6,305.0,M,3,Sakhir,Williams
5,56,RUS,6,2,14,14,18,0,66,28.6,25.4,0.0,1.3,63.1,1015.5,322.0,M,4,Sakhir,Williams
6,56,RUS,7,2,14,14,18,0,67,28.4,25.3,0.0,0.9,63.0,1015.5,287.0,M,5,Sakhir,Williams
7,56,RUS,8,2,14,14,18,0,66,28.2,25.2,0.0,0.9,62.9,1015.7,342.0,M,6,Sakhir,Williams
8,56,RUS,9,0,14,13,18,0,67,28.1,25.1,0.0,1.0,62.9,1015.8,253.0,M,7,Sakhir,Williams
9,56,RUS,10,0,13,12,18,0,67,28.0,25.1,0.0,0.9,62.9,1015.8,350.0,M,8,Sakhir,Williams
10,56,RUS,11,0,12,12,18,0,68,28.1,25.1,0.0,0.9,62.8,1015.9,313.0,M,9,Sakhir,Williams
11,56,RUS,12,0,12,12,18,0,68,28.2,25.1,0.0,0.8,62.8,1015.8,327.0,M,10,Sakhir,Williams
12,56,RUS,13,1,12,12,18,0,69,28.0,25.1,0.0,1.0,62.5,1015.9,302.0,M,11,Sakhir,Williams
13,56,RUS,14,1,12,12,18,0,69,28.0,25.1,0.0,1.1,62.3,1015.9,320.0,M,12,Sakhir,Williams
14,56,RUS,15,0,12,12,18,0,69,28.0,25.1,0.0,1.0,62.4,1015.9,15.0,M,13,Sakhir,Williams
15,56,RUS,16,0,12,12,18,0,70,27.9,25.0,0.0,0.9,62.9,1015.9,6.0,M,14,Sakhir,Williams
16,56,RUS,17,0,12,11,18,0,70,27.8,25.0,0.0,1.0,63.1,1016.0,318.0,M,15,Sakhir,Williams
17,56,RUS,18,0,11,9,18,0,70,27.7,25.0,0.0,0.8,63.1,1016.0,339.0,M,16,Sakhir,Williams
18,56,RUS,19,0,9,8,18,0,70,27.7,25.0,0.0,0.9,63.3,1015.9,355.0,M,17,Sakhir,Williams
19,56,RUS,20,0,8,9,18,0,71,27.5,24.9,0.0,1.0,64.0,1016.0,302.0,M,18,Sakhir,Williams
20,56,RUS,21,0,9,14,18,0,71,27.5,24.9,0.0,1.3,63.9,1016.0,316.0,H,0,Sakhir,Williams
21,56,RUS,22,0,14,13,18,0,71,27.5,24.9,0.0,1.1,63.9,1016.0,320.0,H,1,Sakhir,Williams
22,56,RUS,23,0,13,13,18,0,71,27.4,24.9,0.0,1.3,63.9,1016.0,301.0,H,2,Sakhir,Williams
23,56,RUS,24,0,13,13,18,0,71,27.4,24.9,0.0,1.1,63.8,1016.0,330.0,H,3,Sakhir,Williams
24,56,RUS,25,0,13,13,18,0,71,27.2,24.9,0.0,1.1,66.0,1015.9,337.0,H,4,Sakhir,Williams
25,56,RUS,26,0,13,12,18,0,71,27.4,25.0,0.0,1.1,68.4,1015.9,315.0,H,5,Sakhir,Williams
26,56,RUS,27,0,12,12,18,0,71,27.4,25.0,0.0,1.2,68.7,1015.9,320.0,H,6,Sakhir,Williams
27,56,RUS,28,0,12,12,18,0,71,27.2,25.1,0.0,1.0,73.1,1015.9,214.0,H,7,Sakhir,Williams
28,56,RUS,29,0,12,12,18,0,71,27.3,25.0,0.0,1.0,74.1,1015.9,260.0,H,8,Sakhir,Williams
29,56,RUS,30,0,12,12,18,0,72,27.2,25.0,0.0,1.0,73.7,1016.0,296.0,H,9,Sakhir,Williams
30,56,RUS,31,0,12,12,18,0,72,27.3,24.9,0.0,0.6,73.1,1016.0,319.0,H,10,Sakhir,Williams
31,56,RUS,32,0,12,12,18,0,72,27.1,25.0,0.0,1.1,72.5,1016.0,269.0,H,11,Sakhir,Williams
32,56,RUS,33,0,12,12,18,0,72,27.2,25.1,0.0,1.2,71.6,1016.0,331.0,H,12,Sakhir,Williams
33,56,RUS,34,0,12,12,18,0,72,27.2,25.0,0.0,1.1,70.8,1016.0,273.0,H,13,Sakhir,Williams
34,56,RUS,35,0,12,11,18,0,72,27.1,25.0,0.0,0.0,70.2,1016.1,164.0,H,14,Sakhir,Williams
35,56,RUS,36,0,11,12,18,0,72,27.2,25.0,0.0,0.8,69.9,1016.1,183.0,H,15,Sakhir,Williams
36,56,RUS,37,0,12,12,18,0,72,26.7,25.0,0.0,0.7,70.2,1016.2,0.0,H,16,Sakhir,Williams
37,56,RUS,38,0,12,12,18,0,72,26.7,24.9,0.0,1.2,70.1,1016.2,246.0,H,17,Sakhir,Williams
38,56,RUS,39,0,12,13,18,0,72,26.6,24.9,0.0,0.6,70.6,1016.2,181.0,H,18,Sakhir,Williams
39,56,RUS,40,0,13,16,18,0,72,26.5,24.7,0.0,0.6,73.9,1016.4,194.0,M,1,Sakhir,Williams
40,56,RUS,41,0,16,15,18,0,72,26.4,24.5,0.0,0.4,72.8,1016.4,183.0,M,2,Sakhir,Williams
41,56,RUS,42,0,15,14,18,0,71,26.3,24.5,0.0,0.6,72.0,1016.4,232.0,M,3,Sakhir,Williams
42,56,RUS,43,0,14,14,18,0,71,26.3,24.6,0.0,0.5,71.6,1016.5,244.0,M,4,Sakhir,Williams
43,56,RUS,44,0,14,14,18,0,70,26.7,24.8,0.0,0.6,70.9,1016.5,225.0,M,5,Sakhir,Williams
44,56,RUS,45,0,14,14,18,0,70,26.5,24.8,0.0,0.5,71.2,1016.5,252.0,M,6,Sakhir,Williams
45,56,RUS,46,0,14,14,18,0,70,26.5,24.8,0.0,0.5,71.2,1016.6,206.0,M,7,Sakhir,Williams
46,56,RUS,47,0,14,14,18,0,70,26.6,24.9,0.0,0.8,71.4,1016.4,250.0,M,8,Sakhir,Williams
47,56,RUS,48,0,14,14,18,0,69,26.6,25.0,0.0,1.0,71.9,1016.5,280.0,M,9,Sakhir,Williams
48,56,RUS,49,0,14,14,18,0,69,26.3,24.7,0.0,1.2,73.5,1016.5,225.0,M,10,Sakhir,Williams
49,56,RUS,50,0,14,14,18,0,69,26.1,24.7,0.0,0.9,74.3,1016.5,187.0,M,11,Sakhir,Williams
50,56,RUS,51,0,14,14,18,0,69,26.2,24.6,0.0,0.8,74.0,1016.5,231.0,M,12,Sakhir,Williams
51,56,RUS,52,0,14,14,18,0,69,26.4,24.6,0.0,0.5,75.2,1016.5,208.0,M,13,Sakhir,Williams
52,56,RUS,53,0,14,13,18,0,69,26.3,24.6,0.0,0.6,74.9,1016.4,202.0,M,14,Sakhir,Williams
53,56,RUS,54,0,13,12,18,0,68,26.4,24.6,0.0,0.7,74.9,1016.4,319.0,M,15,Sakhir,Williams
54,56,RUS,55,2,12,12,18,0,68,26.0,24.4,0.0,0.0,75.5,1016.4,252.0,M,16,Sakhir,Williams
55,56,RUS,56,2,12,12,18,0,68,26.0,24.4,0.0,0.5,75.5,1016.4,135.0,M,17,Sakhir,Williams
0,56,SAI,1,2,13,13,13,0,50,28.6,25.4,0.0,0.7,65.6,1015.4,356.0,S,0,Sakhir,McLaren
1,56,SAI,2,2,13,13,13,0,55,28.9,25.4,0.0,0.7,64.6,1015.4,16.0,S,0,Sakhir,McLaren
2,56,SAI,3,2,13,11,13,0,54,28.7,25.5,0.0,0.7,64.2,1015.4,300.0,S,1,Sakhir,McLaren
3,56,SAI,4,2,11,11,13,0,54,28.7,25.4,0.0,0.9,63.9,1015.5,315.0,S,2,Sakhir,McLaren
4,56,SAI,5,2,11,10,13,0,55,28.6,25.4,0.0,0.8,63.8,1015.5,293.0,S,3,Sakhir,McLaren
5,56,SAI,6,2,10,10,13,0,56,28.5,25.4,0.0,1.0,63.0,1015.6,297.0,S,4,Sakhir,McLaren
6,56,SAI,7,2,10,10,13,0,56,28.4,25.3,0.0,0.8,63.1,1015.5,301.0,S,5,Sakhir,McLaren
7,56,SAI,8,2,10,10,13,0,56,28.3,25.2,0.0,1.3,62.8,1015.6,325.0,S,6,Sakhir,McLaren
8,56,SAI,9,0,10,8,13,0,57,28.2,25.2,0.0,0.9,62.8,1015.7,7.0,S,7,Sakhir,McLaren
9,56,SAI,10,0,8,8,13,0,58,28.1,25.1,0.0,1.0,62.9,1015.8,253.0,S,8,Sakhir,McLaren
10,56,SAI,11,0,8,8,13,0,59,28.1,25.1,0.0,0.9,62.6,1015.8,327.0,S,9,Sakhir,McLaren
11,56,SAI,12,0,8,7,13,0,60,28.0,25.1,0.0,1.0,62.5,1015.9,302.0,S,10,Sakhir,McLaren
12,56,SAI,13,1,7,7,13,0,61,27.9,25.1,0.0,0.9,62.4,1015.9,296.0,S,11,Sakhir,McLaren
13,56,SAI,14,1,7,7,13,0,62,27.9,25.1,0.0,1.1,62.4,1015.8,323.0,S,12,Sakhir,McLaren
14,56,SAI,15,0,7,7,13,0,62,27.8,25.0,0.0,0.9,63.1,1015.9,328.0,S,13,Sakhir,McLaren
15,56,SAI,16,0,7,7,13,0,63,27.6,24.9,0.0,1.2,63.6,1016.0,14.0,S,14,Sakhir,McLaren
16,56,SAI,17,0,7,6,13,0,64,27.4,24.9,0.0,1.3,63.9,1016.0,301.0,S,15,Sakhir,McLaren
17,56,SAI,18,0,6,6,13,0,64,27.4,24.9,0.0,1.0,63.7,1016.0,303.0,S,16,Sakhir,McLaren
18,56,SAI,19,0,6,5,13,0,65,27.4,24.9,0.0,0.9,64.3,1016.0,350.0,S,17,Sakhir,McLaren
19,56,SAI,20,0,5,4,13,0,65,27.3,24.9,0.0,1.1,65.4,1015.9,317.0,S,18,Sakhir,McLaren
20,56,SAI,21,0,4,3,13,0,65,27.2,24.9,0.0,1.1,66.0,1015.9,337.0,S,19,Sakhir,McLaren
21,56,SAI,22,0,3,11,13,0,66,27.2,24.8,0.0,1.8,67.5,1015.9,325.0,M,0,Sakhir,McLaren
22,56,SAI,23,0,11,11,13,0,66,27.2,24.9,0.0,1.6,67.6,1015.9,325.0,M,1,Sakhir,McLaren
23,56,SAI,24,0,11,10,13,0,66,27.4,25.0,0.0,1.1,68.4,1015.9,315.0,M,2,Sakhir,McLaren
24,56,SAI,25,0,10,10,13,0,66,27.4,25.0,0.0,1.2,68.7,1015.9,320.0,M,3,Sakhir,McLaren
25,56,SAI,26,0,10,7,13,0,66,27.4,25.0,0.0,1.1,69.1,1015.9,355.0,M,4,Sakhir,McLaren
26,56,SAI,27,0,7,6,13,0,67,27.3,25.0,0.0,1.2,70.3,1015.9,336.0,M,5,Sakhir,McLaren
27,56,SAI,28,0,6,6,13,0,67,27.2,25.0,0.0,1.0,71.7,1015.9,315.0,M,6,Sakhir,McLaren
28,56,SAI,29,0,6,6,13,0,67,27.3,25.0,0.0,0.8,73.8,1015.9,329.0,M,7,Sakhir,McLaren
29,56,SAI,30,0,6,6,13,0,67,27.2,25.0,0.0,0.8,73.7,1016.0,318.0,M,8,Sakhir,McLaren
30,56,SAI,31,0,6,6,13,0,67,27.3,24.9,0.0,1.1,73.4,1015.9,303.0,M,9,Sakhir,McLaren
31,56,SAI,32,0,6,6,13,0,67,27.3,25.0,0.0,1.1,72.8,1015.9,294.0,M,10,Sakhir,McLaren
32,56,SAI,33,0,6,6,13,0,68,27.3,25.1,0.0,0.0,72.3,1016.0,352.0,M,11,Sakhir,McLaren
33,56,SAI,34,0,6,6,13,0,68,27.3,25.0,0.0,0.3,72.3,1016.0,272.0,M,12,Sakhir,McLaren
34,56,SAI,35,0,6,5,13,0,68,27.2,25.0,0.0,1.1,70.8,1016.0,273.0,M,13,Sakhir,McLaren
35,56,SAI,36,0,5,5,13,0,68,27.1,25.0,0.0,0.0,70.2,1016.1,0.0,M,14,Sakhir,McLaren
36,56,SAI,37,0,5,4,13,0,68,27.1,25.0,0.0,0.5,70.0,1016.2,155.0,M,15,Sakhir,McLaren
37,56,SAI,38,0,4,5,13,0,68,26.7,25.0,0.0,0.7,70.2,1016.2,0.0,M,16,Sakhir,McLaren
38,56,SAI,39,0,5,5,13,0,68,26.7,24.9,0.0,1.0,70.3,1016.2,202.0,M,17,Sakhir,McLaren
39,56,SAI,40,0,5,7,13,0,68,26.6,24.9,0.0,0.9,71.0,1016.3,0.0,H,0,Sakhir,McLaren
40,56,SAI,41,0,7,7,13,0,68,26.4,24.7,0.0,0.7,74.3,1016.3,237.0,H,1,Sakhir,McLaren
41,56,SAI,42,0,7,7,13,0,68,26.4,24.6,0.0,0.6,74.3,1016.3,200.0,H,2,Sakhir,McLaren
42,56,SAI,43,0,7,7,13,0,68,26.5,24.5,0.0,0.5,72.5,1016.4,197.0,H,3,Sakhir,McLaren
43,56,SAI,44,0,7,7,13,0,68,26.5,24.7,0.0,0.4,71.0,1016.4,247.0,H,4,Sakhir,McLaren
44,56,SAI,45,0,7,7,13,0,67,26.5,24.8,0.0,0.9,71.0,1016.5,191.0,H,5,Sakhir,McLaren
45,56,SAI,46,0,7,7,13,0,67,26.5,24.8,0.0,0.5,71.2,1016.5,252.0,H,6,Sakhir,McLaren
46,56,SAI,47,0,7,7,13,0,67,26.4,24.9,0.0,0.9,71.8,1016.5,183.0,H,7,Sakhir,McLaren
47,56,SAI,48,0,7,7,13,0,67,26.1,24.7,0.0,0.8,73.2,1016.5,203.0,H,8,Sakhir,McLaren
48,56,SAI,49,0,7,7,13,0,67,26.3,24.7,0.0,1.2,73.5,1016.5,225.0,H,9,Sakhir,McLaren
49,56,SAI,50,0,7,7,13,0,67,26.2,24.7,0.0,0.5,73.7,1016.4,231.0,H,10,Sakhir,McLaren
50,56,SAI,51,0,7,6,13,0,67,26.2,24.7,0.0,0.6,74.0,1016.6,0.0,H,11,Sakhir,McLaren
51,56,SAI,52,0,6,6,13,0,67,26.4,24.6,0.0,0.5,75.2,1016.5,208.0,H,12,Sakhir,McLaren
52,56,SAI,53,0,6,6,13,0,67,26.3,24.6,0.0,0.6,74.9,1016.4,202.0,H,13,Sakhir,McLaren
53,56,SAI,54,0,6,5,13,0,67,26.4,24.6,0.0,0.7,74.9,1016.4,319.0,H,14,Sakhir,McLaren
54,56,SAI,55,2,5,5,13,0,66,26.1,24.5,0.0,0.0,75.2,1016.4,248.0,H,15,Sakhir,McLaren
55,56,SAI,56,2,5,5,13,0,66,26.0,24.5,0.0,0.6,75.3,1016.4,231.0,H,16,Sakhir,McLaren
56,56,SAI,57,2,5,5,13,0,65,26.0,24.4,0.0,0.0,75.5,1016.4,252.0,H,17,Sakhir,McLaren
0,56,GIO,1,2,11,11,11,0,46,28.6,25.4,0.0,0.6,65.9,1015.4,294.0,M,0,Sakhir,Alfa Romeo Racing
1,56,GIO,2,2,11,14,11,0,54,28.9,25.4,0.0,0.7,64.6,1015.4,16.0,M,0,Sakhir,Alfa Romeo Racing
2,56,GIO,3,2,14,17,11,0,56,28.7,25.5,0.0,0.7,64.2,1015.4,300.0,M,1,Sakhir,Alfa Romeo Racing
3,56,GIO,4,2,17,17,11,0,58,28.6,25.4,0.0,1.2,63.3,1015.4,340.0,M,2,Sakhir,Alfa Romeo Racing
4,56,GIO,5,2,17,17,11,0,59,28.6,25.4,0.0,1.3,63.1,1015.5,322.0,M,3,Sakhir,Alfa Romeo Racing
5,56,GIO,6,2,17,17,11,0,60,28.4,25.3,0.0,0.9,63.0,1015.5,287.0,M,4,Sakhir,Alfa Romeo Racing
6,56,GIO,7,2,17,17,11,0,60,28.4,25.3,0.0,0.8,63.1,1015.5,301.0,M,5,Sakhir,Alfa Romeo Racing
7,56,GIO,8,2,17,17,11,0,61,28.3,25.3,0.0,1.0,63.0,1015.7,318.0,M,6,Sakhir,Alfa Romeo Racing
8,56,GIO,9,0,17,17,11,0,62,28.3,25.2,0.0,1.3,62.8,1015.6,325.0,M,7,Sakhir,Alfa Romeo Racing
9,56,GIO,10,0,17,17,11,0,62,28.3,25.2,0.0,0.9,62.9,1015.6,303.0,M,8,Sakhir,Alfa Romeo Racing
10,56,GIO,11,0,17,17,11,0,63,28.2,25.2,0.0,0.9,62.8,1015.7,7.0,M,9,Sakhir,Alfa Romeo Racing
11,56,GIO,12,0,17,16,11,0,64,28.1,25.1,0.0,1.0,62.9,1015.8,253.0,M,10,Sakhir,Alfa Romeo Racing
12,56,GIO,13,1,16,16,11,0,65,28.0,25.1,0.0,1.0,62.9,1015.8,281.0,M,11,Sakhir,Alfa Romeo Racing
13,56,GIO,14,1,16,16,11,0,65,28.2,25.1,0.0,0.8,62.8,1015.8,327.0,M,12,Sakhir,Alfa Romeo Racing
14,56,GIO,15,0,16,16,11,0,66,28.1,25.1,0.0,0.9,62.6,1015.8,327.0,M,13,Sakhir,Alfa Romeo Racing
15,56,GIO,16,0,16,16,11,0,66,27.9,25.0,0.0,0.9,63.0,1015.9,319.0,M,14,Sakhir,Alfa Romeo Racing
16,56,GIO,17,0,16,15,11,0,67,27.9,25.0,0.0,1.0,63.1,1016.0,323.0,M,15,Sakhir,Alfa Romeo Racing
17,56,GIO,18,0,15,12,11,0,67,27.8,25.0,0.0,1.0,63.1,1016.0,311.0,M,16,Sakhir,Alfa Romeo Racing
18,56,GIO,19,0,12,12,11,0,68,27.8,25.0,0.0,1.0,63.1,1016.0,318.0,M,17,Sakhir,Alfa Romeo Racing
19,56,GIO,20,0,12,15,11,0,68,27.7,25.0,0.0,0.8,63.1,1016.0,339.0,M,18,Sakhir,Alfa Romeo Racing
20,56,GIO,21,0,15,17,11,0,68,27.7,25.0,0.0,0.9,63.4,1016.0,305.0,H,0,Sakhir,Alfa Romeo Racing
21,56,GIO,22,0,17,16,11,0,69,27.6,24.9,0.0,1.2,63.6,1016.0,14.0,H,1,Sakhir,Alfa Romeo Racing
22,56,GIO,23,0,16,16,11,0,69,27.5,24.9,0.0,1.2,63.8,1016.0,326.0,H,2,Sakhir,Alfa Romeo Racing
23,56,GIO,24,0,16,16,11,0,69,27.4,24.9,0.0,0.9,64.0,1016.0,300.0,H,3,Sakhir,Alfa Romeo Racing
24,56,GIO,25,0,16,16,11,0,69,27.4,24.9,0.0,1.0,64.0,1015.9,356.0,H,4,Sakhir,Alfa Romeo Racing
25,56,GIO,26,0,16,16,11,0,70,27.2,24.9,0.0,1.1,66.0,1015.9,337.0,H,5,Sakhir,Alfa Romeo Racing
26,56,GIO,27,0,16,16,11,0,70,27.2,25.0,0.0,1.4,66.9,1015.8,332.0,H,6,Sakhir,Alfa Romeo Racing
27,56,GIO,28,0,16,14,11,0,70,27.3,25.0,0.0,1.3,69.8,1015.9,316.0,H,7,Sakhir,Alfa Romeo Racing
28,56,GIO,29,0,14,14,11,0,71,27.2,25.1,0.0,0.8,72.3,1015.9,357.0,H,8,Sakhir,Alfa Romeo Racing
29,56,GIO,30,0,14,14,11,0,71,27.2,25.1,0.0,1.0,73.1,1015.9,214.0,H,9,Sakhir,Alfa Romeo Racing
30,56,GIO,31,0,14,14,11,0,71,27.3,25.0,0.0,1.0,74.1,1015.9,260.0,H,10,Sakhir,Alfa Romeo Racing
31,56,GIO,32,0,14,14,11,0,71,27.3,24.9,0.0,1.1,73.4,1015.9,303.0,H,11,Sakhir,Alfa Romeo Racing
32,56,GIO,33,0,14,13,11,0,71,27.3,24.9,0.0,0.6,73.1,1016.0,319.0,H,12,Sakhir,Alfa Romeo Racing
33,56,GIO,34,0,13,13,11,0,71,27.2,25.0,0.0,0.7,72.0,1016.1,65.0,H,13,Sakhir,Alfa Romeo Racing
34,56,GIO,35,0,13,13,11,0,71,27.0,25.0,0.0,0.6,71.3,1016.0,0.0,H,14,Sakhir,Alfa Romeo Racing
35,56,GIO,36,0,13,13,11,0,71,27.2,25.0,0.0,1.1,70.8,1016.0,273.0,H,15,Sakhir,Alfa Romeo Racing
36,56,GIO,37,0,13,13,11,0,71,27.1,25.0,0.0,0.0,70.2,1016.1,164.0,H,16,Sakhir,Alfa Romeo Racing
37,56,GIO,38,0,13,13,11,0,72,27.0,25.0,0.0,0.6,69.9,1016.1,218.0,H,17,Sakhir,Alfa Romeo Racing
38,56,GIO,39,0,13,12,11,0,72,26.7,25.0,0.0,0.7,70.2,1016.2,0.0,H,18,Sakhir,Alfa Romeo Racing
39,56,GIO,40,0,12,12,11,0,72,26.7,24.9,0.0,1.2,70.1,1016.2,246.0,H,19,Sakhir,Alfa Romeo Racing
40,56,GIO,41,0,12,11,11,0,72,26.5,24.9,0.0,0.6,72.9,1016.3,188.0,H,20,Sakhir,Alfa Romeo Racing
41,56,GIO,42,0,11,12,11,0,72,26.3,24.7,0.0,0.6,73.4,1016.3,326.0,H,21,Sakhir,Alfa Romeo Racing
42,56,GIO,43,0,12,12,11,0,71,26.4,24.7,0.0,0.7,74.3,1016.3,237.0,H,22,Sakhir,Alfa Romeo Racing
43,56,GIO,44,0,12,12,11,0,71,26.4,24.6,0.0,0.6,73.3,1016.3,225.0,H,23,Sakhir,Alfa Romeo Racing
44,56,GIO,45,0,12,12,11,0,70,26.4,24.6,0.0,0.6,71.3,1016.4,205.0,H,24,Sakhir,Alfa Romeo Racing
45,56,GIO,46,0,12,12,11,0,70,26.5,24.7,0.0,0.6,71.1,1016.4,204.0,H,25,Sakhir,Alfa Romeo Racing
46,56,GIO,47,0,12,13,11,0,70,26.3,24.8,0.0,0.9,72.6,1016.4,296.0,H,26,Sakhir,Alfa Romeo Racing
47,56,GIO,48,0,13,13,11,0,70,26.1,24.7,0.0,0.9,74.3,1016.5,187.0,H,27,Sakhir,Alfa Romeo Racing
48,56,GIO,49,0,13,13,11,0,70,26.2,24.6,0.0,0.8,74.0,1016.5,231.0,H,28,Sakhir,Alfa Romeo Racing
49,56,GIO,50,0,13,13,11,0,70,26.3,24.7,0.0,0.9,74.2,1016.5,260.0,H,29,Sakhir,Alfa Romeo Racing
50,56,GIO,51,0,13,13,11,0,70,26.5,24.7,0.0,0.7,74.2,1016.5,195.0,H,30,Sakhir,Alfa Romeo Racing
51,56,GIO,52,0,13,13,11,0,69,26.4,24.6,0.0,0.5,75.2,1016.5,208.0,H,31,Sakhir,Alfa Romeo Racing
52,56,GIO,53,0,13,15,11,0,69,26.4,24.6,0.0,0.9,75.1,1016.3,226.0,H,32,Sakhir,Alfa Romeo Racing
53,56,GIO,54,0,15,16,11,0,69,26.4,24.6,0.0,0.7,74.9,1016.4,319.0,S,0,Sakhir,Alfa Romeo Racing
54,56,GIO,55,2,16,16,11,0,68,26.0,24.4,0.0,0.0,75.5,1016.4,252.0,S,1,Sakhir,Alfa Romeo Racing
55,56,GIO,56,2,16,16,11,0,68,26.0,24.4,0.0,0.5,75.5,1016.4,135.0,S,2,Sakhir,Alfa Romeo Racing
0,56,RAI,1,2,17,17,17,0,46,28.6,25.4,0.0,1.0,66.0,1015.3,244.0,M,0,Sakhir,Alfa Romeo Racing
1,56,RAI,2,2,17,16,17,0,56,28.7,25.4,0.0,0.9,63.9,1015.5,315.0,M,0,Sakhir,Alfa Romeo Racing
2,56,RAI,3,2,16,13,17,0,59,28.6,25.4,0.0,0.8,63.8,1015.5,293.0,M,1,Sakhir,Alfa Romeo Racing
3,56,RAI,4,2,13,13,17,0,59,28.4,25.3,0.0,0.8,63.1,1015.5,301.0,M,2,Sakhir,Alfa Romeo Racing
4,56,RAI,5,2,13,12,17,0,59,28.3,25.2,0.0,1.0,62.9,1015.6,290.0,M,3,Sakhir,Alfa Romeo Racing
5,56,RAI,6,2,12,12,17,0,59,28.3,25.2,0.0,1.3,62.8,1015.6,325.0,M,4,Sakhir,Alfa Romeo Racing
6,56,RAI,7,2,12,12,17,0,58,28.3,25.2,0.0,0.9,62.9,1015.6,303.0,M,5,Sakhir,Alfa Romeo Racing
7,56,RAI,8,2,12,12,17,0,58,28.2,25.2,0.0,0.7,63.0,1015.6,5.0,M,6,Sakhir,Alfa Romeo Racing
8,56,RAI,9,0,12,12,17,0,59,28.1,25.1,0.0,1.0,62.9,1015.8,253.0,M,7,Sakhir,Alfa Romeo Racing
9,56,RAI,10,0,12,13,17,0,60,28.0,25.1,0.0,1.0,62.9,1015.8,281.0,M,8,Sakhir,Alfa Romeo Racing
10,56,RAI,11,0,13,13,17,0,61,28.0,25.1,0.0,0.9,62.8,1015.8,302.0,M,9,Sakhir,Alfa Romeo Racing
11,56,RAI,12,0,13,13,17,0,62,28.1,25.1,0.0,0.9,62.8,1015.9,313.0,M,10,Sakhir,Alfa Romeo Racing
12,56,RAI,13,1,13,13,17,0,63,28.2,25.1,0.0,0.8,62.8,1015.8,327.0,M,11,Sakhir,Alfa Romeo Racing
13,56,RAI,14,1,13,13,17,0,64,27.9,25.1,0.0,0.9,62.4,1015.9,296.0,M,12,Sakhir,Alfa Romeo Racing
14,56,RAI,15,0,13,13,17,0,64,27.9,25.1,0.0,1.1,62.4,1015.8,323.0,M,13,Sakhir,Alfa Romeo Racing
15,56,RAI,16,0,13,13,17,0,65,28.0,25.1,0.0,1.0,62.4,1015.9,15.0,M,14,Sakhir,Alfa Romeo Racing
16,56,RAI,17,0,13,13,17,0,66,27.9,25.1,0.0,0.7,62.7,1016.0,297.0,M,15,Sakhir,Alfa Romeo Racing
17,56,RAI,18,0,13,18,17,0,66,27.9,25.0,0.0,0.9,63.0,1015.9,319.0,H,0,Sakhir,Alfa Romeo Racing
18,56,RAI,19,0,18,18,17,0,66,27.8,25.0,0.0,0.8,63.0,1016.0,335.0,H,1,Sakhir,Alfa Romeo Racing
19,56,RAI,20,0,18,18,17,0,67,27.8,25.0,0.0,1.0,63.1,1016.0,311.0,H,2,Sakhir,Alfa Romeo Racing
20,56,RAI,21,0,18,16,17,0,67,27.6,25.0,0.0,1.1,63.5,1016.0,302.0,H,3,Sakhir,Alfa Romeo Racing
21,56,RAI,22,0,16,15,17,0,67,27.5,24.9,0.0,1.0,63.9,1016.0,296.0,H,4,Sakhir,Alfa Romeo Racing
22,56,RAI,23,0,15,15,17,0,68,27.4,24.9,0.0,1.1,63.8,1016.0,330.0,H,5,Sakhir,Alfa Romeo Racing
23,56,RAI,24,0,15,15,17,0,68,27.3,24.9,0.0,1.1,65.4,1015.9,317.0,H,6,Sakhir,Alfa Romeo Racing
24,56,RAI,25,0,15,15,17,0,68,27.2,25.0,0.0,1.5,66.4,1015.9,347.0,H,7,Sakhir,Alfa Romeo Racing
25,56,RAI,26,0,15,15,17,0,68,27.2,24.9,0.0,1.3,67.1,1015.8,318.0,H,8,Sakhir,Alfa Romeo Racing
26,56,RAI,27,0,15,15,17,0,69,27.2,24.9,0.0,1.4,67.3,1015.8,331.0,H,9,Sakhir,Alfa Romeo Racing
27,56,RAI,28,0,15,15,17,0,69,27.3,24.9,0.0,1.2,67.9,1015.9,331.0,H,10,Sakhir,Alfa Romeo Racing
28,56,RAI,29,0,15,15,17,0,69,27.3,25.0,0.0,0.8,68.1,1015.9,329.0,H,11,Sakhir,Alfa Romeo Racing
29,56,RAI,30,0,15,16,17,0,69,27.4,25.0,0.0,1.2,68.7,1015.9,320.0,H,12,Sakhir,Alfa Romeo Racing
30,56,RAI,31,0,16,16,17,0,69,27.2,25.0,0.0,1.0,71.7,1015.9,315.0,H,13,Sakhir,Alfa Romeo Racing
31,56,RAI,32,0,16,16,17,0,69,27.2,25.0,0.0,1.0,73.7,1016.0,296.0,H,14,Sakhir,Alfa Romeo Racing
32,56,RAI,33,0,16,16,17,0,69,27.2,25.0,0.0,0.8,73.7,1016.0,318.0,H,15,Sakhir,Alfa Romeo Racing
33,56,RAI,34,0,16,15,17,0,69,27.3,24.9,0.0,1.0,73.4,1016.0,226.0,H,16,Sakhir,Alfa Romeo Racing
34,56,RAI,35,0,15,15,17,0,70,27.3,24.9,0.0,0.6,73.1,1016.0,319.0,H,17,Sakhir,Alfa Romeo Racing
35,56,RAI,36,0,15,15,17,0,70,27.3,25.0,0.0,0.3,72.3,1016.0,272.0,H,18,Sakhir,Alfa Romeo Racing
36,56,RAI,37,0,15,15,17,0,70,27.2,25.0,0.0,1.1,71.4,1016.0,14.0,H,19,Sakhir,Alfa Romeo Racing
37,56,RAI,38,0,15,15,17,0,70,27.0,24.9,0.0,0.8,71.3,1016.0,242.0,H,20,Sakhir,Alfa Romeo Racing
38,56,RAI,39,0,15,15,17,0,70,27.1,25.0,0.0,0.5,70.3,1016.0,201.0,H,21,Sakhir,Alfa Romeo Racing
39,56,RAI,40,0,15,14,17,0,70,27.1,25.0,0.0,0.5,70.0,1016.2,155.0,H,22,Sakhir,Alfa Romeo Racing
40,56,RAI,41,0,14,18,17,0,70,26.7,24.9,0.0,1.2,70.1,1016.2,246.0,M,1,Sakhir,Alfa Romeo Racing
41,56,RAI,42,0,18,18,17,0,69,26.5,24.9,0.0,0.0,71.4,1016.2,219.0,M,2,Sakhir,Alfa Romeo Racing
42,56,RAI,43,0,18,18,17,0,69,26.4,24.9,0.0,0.6,72.3,1016.2,169.0,M,3,Sakhir,Alfa Romeo Racing
43,56,RAI,44,0,18,18,17,0,69,26.3,24.7,0.0,0.6,73.4,1016.3,326.0,M,4,Sakhir,Alfa Romeo Racing
44,56,RAI,45,0,18,17,17,0,69,26.4,24.6,0.0,0.5,73.5,1016.3,0.0,M,5,Sakhir,Alfa Romeo Racing
45,56,RAI,46,0,17,17,17,0,68,26.4,24.6,0.0,0.6,73.3,1016.3,225.0,M,6,Sakhir,Alfa Romeo Racing
46,56,RAI,47,0,17,17,17,0,68,26.3,24.5,0.0,0.6,72.0,1016.4,232.0,M,7,Sakhir,Alfa Romeo Racing
47,56,RAI,48,0,17,17,17,0,68,26.4,24.6,0.0,0.6,71.3,1016.4,205.0,M,8,Sakhir,Alfa Romeo Racing
48,56,RAI,49,0,17,17,17,0,68,26.5,24.7,0.0,0.4,71.0,1016.4,247.0,M,9,Sakhir,Alfa Romeo Racing
49,56,RAI,50,0,17,17,17,0,68,26.5,24.7,0.0,0.6,71.1,1016.4,204.0,M,10,Sakhir,Alfa Romeo Racing
50,56,RAI,51,0,17,17,17,0,68,26.5,24.8,0.0,0.5,71.2,1016.6,206.0,M,11,Sakhir,Alfa Romeo Racing
51,56,RAI,52,0,17,17,17,0,68,26.1,24.7,0.0,0.8,73.2,1016.5,203.0,M,12,Sakhir,Alfa Romeo Racing
52,56,RAI,53,0,17,17,17,0,67,26.3,24.7,0.0,1.2,73.5,1016.5,225.0,M,13,Sakhir,Alfa Romeo Racing
53,56,RAI,54,0,17,15,17,0,67,26.2,24.7,0.0,0.6,74.0,1016.6,0.0,M,14,Sakhir,Alfa Romeo Racing
54,56,RAI,55,2,15,15,17,0,66,26.3,24.7,0.0,1.0,74.1,1016.5,294.0,M,15,Sakhir,Alfa Romeo Racing
55,56,RAI,56,2,15,15,17,0,66,26.1,24.6,0.0,0.6,75.0,1016.5,299.0,M,16,Sakhir,Alfa Romeo Racing
0,56,MAG,1,2,14,14,14,0,42,28.6,25.4,0.0,0.6,65.9,1015.4,294.0,M,0,Sakhir,Haas F1 Team
1,56,MAG,2,2,14,17,14,0,50,28.8,25.4,0.0,0.4,64.6,1015.4,274.0,H,0,Sakhir,Haas F1 Team
2,56,MAG,3,2,17,18,14,0,53,28.7,25.5,0.0,1.0,64.1,1015.4,12.0,H,1,Sakhir,Haas F1 Team
3,56,MAG,4,2,18,18,14,0,54,28.7,25.4,0.0,0.9,63.9,1015.5,315.0,H,0,Sakhir,Haas F1 Team
4,56,MAG,5,2,18,18,14,0,56,28.6,25.4,0.0,0.9,63.6,1015.4,302.0,H,1,Sakhir,Haas F1 Team
5,56,MAG,6,2,18,18,14,0,55,28.6,25.4,0.0,1.2,63.2,1015.6,305.0,H,2,Sakhir,Haas F1 Team
6,56,MAG,7,2,18,18,14,0,55,28.4,25.3,0.0,0.9,63.0,1015.5,287.0,H,3,Sakhir,Haas F1 Team
7,56,MAG,8,2,18,18,14,0,54,28.1,25.2,0.0,1.1,62.8,1015.7,324.0,H,4,Sakhir,Haas F1 Team
8,56,MAG,9,0,18,18,14,0,55,28.1,25.1,0.0,1.0,62.9,1015.8,253.0,H,5,Sakhir,Haas F1 Team
9,56,MAG,10,0,18,18,14,0,56,28.0,25.1,0.0,0.9,62.8,1015.8,302.0,H,6,Sakhir,Haas F1 Team
10,56,MAG,11,0,18,18,14,0,57,28.2,25.1,0.0,0.8,62.8,1015.8,327.0,H,7,Sakhir,Haas F1 Team
11,56,MAG,12,0,18,17,14,0,58,27.9,25.1,0.0,1.1,62.4,1015.8,323.0,H,8,Sakhir,Haas F1 Team
12,56,MAG,13,1,17,17,14,0,59,27.9,25.0,0.0,0.9,62.9,1015.9,6.0,H,9,Sakhir,Haas F1 Team
13,56,MAG,14,1,17,17,14,0,59,27.9,25.0,0.0,1.0,63.1,1016.0,323.0,H,10,Sakhir,Haas F1 Team
14,56,MAG,15,0,17,17,14,0,60,27.8,25.0,0.0,0.8,63.0,1016.0,335.0,H,11,Sakhir,Haas F1 Team
15,56,MAG,16,0,17,17,14,0,61,27.8,25.0,0.0,1.0,63.1,1016.0,311.0,H,12,Sakhir,Haas F1 Team
16,56,MAG,17,0,17,16,14,0,61,27.7,25.0,0.0,0.8,63.2,1015.9,347.0,H,13,Sakhir,Haas F1 Team
17,56,MAG,18,0,16,13,14,0,61,27.6,25.0,0.0,1.1,63.5,1016.0,302.0,H,14,Sakhir,Haas F1 Team
18,56,MAG,19,0,13,15,14,0,62,27.5,24.9,0.0,1.3,63.9,1016.0,316.0,H,15,Sakhir,Haas F1 Team
19,56,MAG,20,0,15,14,14,0,62,27.5,24.9,0.0,1.1,63.9,1016.0,320.0,H,16,Sakhir,Haas F1 Team
20,56,MAG,21,0,14,12,14,0,63,27.4,24.9,0.0,1.0,63.7,1016.0,303.0,H,17,Sakhir,Haas F1 Team
21,56,MAG,22,0,12,12,14,0,63,27.4,24.9,0.0,1.0,64.0,1015.9,356.0,H,18,Sakhir,Haas F1 Team
22,56,MAG,23,0,12,12,14,0,63,27.2,25.0,0.0,1.5,66.4,1015.9,347.0,H,19,Sakhir,Haas F1 Team
23,56,MAG,24,0,12,11,14,0,64,27.2,24.9,0.0,1.4,67.3,1015.8,331.0,H,20,Sakhir,Haas F1 Team
24,56,MAG,25,0,11,12,14,0,64,27.3,25.0,0.0,1.3,69.8,1015.9,316.0,H,21,Sakhir,Haas F1 Team
25,56,MAG,26,0,12,11,14,0,64,27.3,25.0,0.0,1.2,70.3,1015.9,336.0,H,22,Sakhir,Haas F1 Team
26,56,MAG,27,0,11,14,14,0,64,27.2,25.0,0.0,1.2,70.9,1015.9,288.0,H,23,Sakhir,Haas F1 Team
27,56,MAG,28,0,14,18,14,0,64,27.3,24.9,0.0,1.0,73.4,1016.0,226.0,H,2,Sakhir,Haas F1 Team
28,56,MAG,29,0,18,18,14,0,65,27.3,24.9,0.0,1.1,73.4,1015.9,303.0,H,3,Sakhir,Haas F1 Team
29,56,MAG,30,0,18,18,14,0,65,27.3,24.9,0.0,0.6,73.1,1016.0,319.0,H,4,Sakhir,Haas F1 Team
30,56,MAG,31,0,18,18,14,0,65,27.1,25.0,0.0,1.1,72.5,1016.0,269.0,H,5,Sakhir,Haas F1 Team
31,56,MAG,32,0,18,18,14,0,65,27.2,25.1,0.0,1.2,71.6,1016.0,331.0,H,6,Sakhir,Haas F1 Team
32,56,MAG,33,0,18,18,14,0,66,27.2,25.0,0.0,1.1,71.4,1016.0,14.0,H,7,Sakhir,Haas F1 Team
33,56,MAG,34,0,18,17,14,0,66,27.2,25.0,0.0,0.8,69.9,1016.1,183.0,H,8,Sakhir,Haas F1 Team
34,56,MAG,35,0,17,18,14,0,68,27.1,25.1,0.0,0.6,69.7,1016.1,182.0,H,9,Sakhir,Haas F1 Team
35,56,MAG,36,0,18,18,14,0,71,26.8,25.0,0.0,0.8,70.0,1016.2,179.0,H,10,Sakhir,Haas F1 Team
36,56,MAG,37,0,18,18,14,0,73,26.6,24.9,0.0,0.6,70.6,1016.2,181.0,H,11,Sakhir,Haas F1 Team
37,56,MAG,38,0,18,17,14,0,75,26.4,24.9,0.0,0.6,72.3,1016.2,169.0,H,12,Sakhir,Haas F1 Team
38,56,MAG,39,0,17,17,14,0,77,26.5,24.9,0.0,0.6,72.9,1016.3,188.0,H,13,Sakhir,Haas F1 Team
39,56,MAG,40,0,17,15,14,0,79,26.4,24.7,0.0,0.7,74.0,1016.3,284.0,H,14,Sakhir,Haas F1 Team
40,56,MAG,41,0,15,14,14,0,81,26.4,24.7,0.0,0.7,74.3,1016.3,237.0,H,15,Sakhir,Haas F1 Team
41,56,MAG,42,0,14,15,14,0,82,26.5,24.6,0.0,1.0,74.1,1016.3,202.0,H,16,Sakhir,Haas F1 Team
42,56,MAG,43,0,15,16,14,0,82,26.5,24.7,0.0,0.6,73.9,1016.4,194.0,H,17,Sakhir,Haas F1 Team
43,56,MAG,44,0,16,17,14,0,83,26.4,24.6,0.0,0.6,73.3,1016.3,225.0,H,18,Sakhir,Haas F1 Team
44,56,MAG,45,0,17,18,14,0,84,26.3,24.6,0.0,0.6,71.6,1016.4,205.0,H,19,Sakhir,Haas F1 Team
45,56,MAG,46,0,18,18,14,0,84,26.4,24.6,0.0,0.6,71.3,1016.4,205.0,H,20,Sakhir,Haas F1 Team
46,56,MAG,47,0,18,18,14,0,84,26.7,24.8,0.0,0.6,70.9,1016.5,225.0,H,21,Sakhir,Haas F1 Team
47,56,MAG,48,0,18,18,14,0,85,26.5,24.8,0.0,0.5,71.2,1016.5,252.0,H,22,Sakhir,Haas F1 Team
48,56,MAG,49,0,18,18,14,0,85,26.6,24.8,0.0,0.7,71.2,1016.5,209.0,H,23,Sakhir,Haas F1 Team
49,56,MAG,50,0,18,18,14,0,85,26.6,25.0,0.0,1.0,71.9,1016.5,280.0,H,24,Sakhir,Haas F1 Team
50,56,MAG,51,0,18,18,14,0,86,26.2,24.7,0.0,0.5,73.7,1016.4,231.0,H,25,Sakhir,Haas F1 Team
51,56,MAG,52,0,18,18,14,0,86,26.2,24.7,0.0,0.6,74.0,1016.6,0.0,H,26,Sakhir,Haas F1 Team
52,56,MAG,53,0,18,18,14,0,87,26.2,24.6,0.0,0.8,74.0,1016.5,231.0,H,27,Sakhir,Haas F1 Team
53,56,MAG,54,0,18,17,14,0,87,26.4,24.6,0.0,0.5,75.2,1016.5,208.0,S,0,Sakhir,Haas F1 Team
54,56,MAG,55,2,17,17,14,0,88,26.4,24.6,0.0,0.7,74.9,1016.4,319.0,S,1,Sakhir,Haas F1 Team
55,56,MAG,56,2,17,17,14,0,89,26.0,24.4,0.0,0.0,75.5,1016.4,252.0,S,2,Sakhir,Haas F1 Team
0,56,LAT,1,2,16,16,16,0,52,28.6,25.4,0.0,1.0,66.0,1015.3,244.0,H,0,Sakhir,Williams
1,56,LAT,2,2,16,19,16,0,57,28.6,25.4,0.0,0.7,65.6,1015.4,356.0,M,0,Sakhir,Williams
2,56,LAT,3,2,19,14,16,0,59,28.6,25.4,0.0,0.8,65.2,1015.3,335.0,M,1,Sakhir,Williams
3,56,LAT,4,2,14,14,16,0,59,28.8,25.4,0.0,0.4,64.6,1015.4,274.0,M,2,Sakhir,Williams
4,56,LAT,5,2,14,13,16,0,61,28.7,25.5,0.0,0.7,64.2,1015.4,300.0,M,3,Sakhir,Williams
5,56,LAT,6,2,13,13,16,0,61,28.4,25.3,0.0,0.9,63.0,1015.5,287.0,M,4,Sakhir,Williams
6,56,LAT,7,2,13,13,16,0,61,28.3,25.3,0.0,1.0,63.0,1015.7,318.0,M,5,Sakhir,Williams
7,56,LAT,8,2,13,13,16,0,62,28.3,25.2,0.0,1.0,62.9,1015.6,290.0,M,6,Sakhir,Williams
8,56,LAT,9,0,13,14,16,0,62,28.3,25.2,0.0,0.9,62.9,1015.6,303.0,M,7,Sakhir,Williams
9,56,LAT,10,0,14,14,16,0,63,28.1,25.2,0.0,1.1,62.8,1015.7,324.0,M,8,Sakhir,Williams
10,56,LAT,11,0,14,14,16,0,64,28.1,25.1,0.0,1.0,62.9,1015.8,253.0,M,9,Sakhir,Williams
11,56,LAT,12,0,14,14,16,0,65,28.2,25.1,0.0,0.8,62.8,1015.8,327.0,M,10,Sakhir,Williams
12,56,LAT,13,1,14,14,16,0,65,28.1,25.1,0.0,0.9,62.6,1015.8,327.0,M,11,Sakhir,Williams
13,56,LAT,14,1,14,15,16,0,66,27.9,25.1,0.0,0.9,62.4,1015.9,296.0,M,12,Sakhir,Williams
14,56,LAT,15,0,15,15,16,0,66,27.9,25.1,0.0,1.1,62.4,1015.8,323.0,M,13,Sakhir,Williams
15,56,LAT,16,0,15,15,16,0,66,27.9,25.0,0.0,0.9,62.9,1015.9,6.0,M,14,Sakhir,Williams
16,56,LAT,17,0,15,14,16,0,67,27.9,25.0,0.0,0.9,63.0,1015.9,319.0,M,15,Sakhir,Williams
17,56,LAT,18,0,14,11,16,0,67,27.5,24.9,0.0,1.2,63.8,1016.0,326.0,M,16,Sakhir,Williams
18,56,LAT,19,0,11,11,16,0,68,27.5,24.9,0.0,1.0,64.0,1016.0,302.0,M,17,Sakhir,Williams
19,56,LAT,20,0,11,13,16,0,68,27.5,24.9,0.0,1.0,63.9,1016.0,296.0,M,18,Sakhir,Williams
20,56,LAT,21,0,13,13,16,0,68,27.4,24.9,0.0,1.3,63.9,1016.0,301.0,M,19,Sakhir,Williams
21,56,LAT,22,0,13,18,16,0,68,27.2,24.9,0.0,1.1,66.0,1015.9,337.0,M,0,Sakhir,Williams
22,56,LAT,23,0,18,18,16,0,69,27.2,25.0,0.0,1.5,66.4,1015.9,347.0,M,1,Sakhir,Williams
23,56,LAT,24,0,18,18,16,0,69,27.2,24.8,0.0,1.8,67.5,1015.9,325.0,M,2,Sakhir,Williams
24,56,LAT,25,0,18,18,16,0,69,27.3,25.0,0.0,0.8,68.1,1015.9,329.0,M,3,Sakhir,Williams
25,56,LAT,26,0,18,18,16,0,69,27.3,25.0,0.0,1.2,69.4,1015.9,345.0,M,4,Sakhir,Williams
26,56,LAT,27,0,18,18,16,0,70,27.3,25.0,0.0,1.3,69.8,1015.9,316.0,M,5,Sakhir,Williams
27,56,LAT,28,0,18,17,16,0,70,27.3,25.0,0.0,1.2,70.3,1015.9,336.0,M,6,Sakhir,Williams
28,56,LAT,29,0,17,17,16,0,70,27.2,25.1,0.0,0.8,72.3,1015.9,357.0,M,7,Sakhir,Williams
29,56,LAT,30,0,17,17,16,0,70,27.3,25.0,0.0,0.8,72.7,1016.0,300.0,M,8,Sakhir,Williams
30,56,LAT,31,0,17,17,16,0,70,27.2,25.0,0.0,0.7,72.0,1016.1,65.0,M,9,Sakhir,Williams
31,56,LAT,32,0,17,17,16,0,70,27.0,24.9,0.0,0.8,71.3,1016.0,242.0,M,10,Sakhir,Williams
32,56,LAT,33,0,17,17,16,0,71,27.1,25.0,0.0,0.0,70.2,1016.1,164.0,M,11,Sakhir,Williams
33,56,LAT,34,0,17,16,16,0,71,27.1,25.0,0.0,0.5,70.0,1016.2,155.0,M,12,Sakhir,Williams
34,56,LAT,35,0,16,16,16,0,71,27.2,25.0,0.0,0.8,69.9,1016.1,183.0,M,13,Sakhir,Williams
35,56,LAT,36,0,16,16,16,0,71,27.1,25.1,0.0,0.6,69.7,1016.1,182.0,M,14,Sakhir,Williams
36,56,LAT,37,0,16,16,16,0,71,27.0,25.0,0.0,0.6,69.9,1016.1,218.0,M,15,Sakhir,Williams
37,56,LAT,38,0,16,18,16,0,71,26.7,25.0,0.0,0.7,70.2,1016.2,0.0,H,1,Sakhir,Williams
38,56,LAT,39,0,18,18,16,0,72,26.4,24.9,0.0,0.6,72.3,1016.2,169.0,H,2,Sakhir,Williams
39,56,LAT,40,0,18,17,16,0,72,26.3,24.7,0.0,0.6,73.4,1016.3,326.0,H,3,Sakhir,Williams
40,56,LAT,41,0,17,17,16,0,72,26.4,24.7,0.0,1.2,74.4,1016.3,258.0,H,4,Sakhir,Williams
41,56,LAT,42,0,17,17,16,0,71,26.5,24.8,0.0,0.5,71.2,1016.5,252.0,H,5,Sakhir,Williams
42,56,LAT,43,0,17,17,16,0,71,26.5,24.8,0.0,0.5,71.2,1016.6,206.0,H,6,Sakhir,Williams
43,56,LAT,44,0,17,16,16,0,70,26.6,25.0,0.0,1.0,71.9,1016.5,280.0,H,7,Sakhir,Williams
44,56,LAT,45,0,16,16,16,0,70,26.4,24.9,0.0,0.6,72.3,1016.5,242.0,H,8,Sakhir,Williams
45,56,LAT,46,0,16,16,16,0,70,26.3,24.8,0.0,0.9,72.6,1016.4,296.0,H,9,Sakhir,Williams
46,56,LAT,47,0,16,16,16,0,69,26.1,24.7,0.0,0.8,73.2,1016.5,203.0,H,10,Sakhir,Williams
47,56,LAT,48,0,16,16,16,0,69,26.3,24.7,0.0,1.2,73.5,1016.5,225.0,H,11,Sakhir,Williams
48,56,LAT,49,0,16,16,16,0,69,26.2,24.7,0.0,0.6,74.0,1016.6,0.0,H,12,Sakhir,Williams
49,56,LAT,50,0,16,16,16,0,69,26.2,24.6,0.0,0.8,74.0,1016.5,231.0,H,13,Sakhir,Williams
50,56,LAT,51,0,16,16,16,0,69,26.5,24.7,0.0,0.7,74.2,1016.5,195.0,H,14,Sakhir,Williams
51,56,LAT,52,0,16,16,16,0,69,26.4,24.7,0.0,0.7,74.3,1016.5,225.0,H,15,Sakhir,Williams
52,56,LAT,53,0,16,16,16,0,69,26.1,24.6,0.0,0.6,75.0,1016.5,299.0,H,16,Sakhir,Williams
53,56,LAT,54,0,16,14,16,0,68,26.4,24.6,0.0,0.7,74.9,1016.4,319.0,H,17,Sakhir,Williams
54,56,LAT,55,2,14,14,16,0,68,26.0,24.5,0.0,0.6,75.3,1016.4,231.0,H,18,Sakhir,Williams
55,56,LAT,56,2,14,14,16,0,68,26.0,24.4,0.0,0.5,75.5,1016.4,135.0,H,19,Sakhir,Williams
