,idGP,driver,lap,trackStatus,position,targetPosition,grid,out,performance,trackTemp,airTemp,raining,windSpeed,humidity,pressure,windDir,tyre,tyreLap,track,team
0,46,BOT,1,1,1,1,1,0,54,42.9,24.4,0.0,3.4,61.1,1001.1,359.0,M,3,Silverstone,Mercedes
1,46,BOT,2,0,1,1,1,0,56,42.0,24.2,0.0,3.1,61.7,1001.1,27.0,M,4,Silverstone,Mercedes
2,46,BOT,3,0,1,1,1,0,59,42.6,24.5,0.0,3.7,61.2,1001.1,5.0,M,5,Silverstone,Mercedes
3,46,BOT,4,0,1,1,1,0,61,43.0,24.9,0.0,1.9,59.9,1001.1,66.0,M,6,Silverstone,Mercedes
4,46,BOT,5,0,1,1,1,0,64,43.1,24.9,0.0,2.0,59.4,1001.0,295.0,M,7,Silverstone,Mercedes
5,46,BOT,6,0,1,1,1,0,64,43.1,25.1,0.0,3.0,58.3,1001.0,6.0,M,8,Silverstone,Mercedes
6,46,BOT,7,0,1,1,1,0,62,43.8,25.5,0.0,2.1,58.3,1001.0,7.0,M,9,Silverstone,Mercedes
7,46,BOT,8,0,1,1,1,0,61,44.0,25.5,0.0,2.1,58.5,1000.9,22.0,M,10,Silverstone,Mercedes
8,46,BOT,9,0,1,1,1,0,60,44.0,25.7,0.0,3.0,57.3,1000.9,10.0,M,11,Silverstone,Mercedes
9,46,BOT,10,0,1,1,1,0,60,44.0,25.7,0.0,2.7,57.2,1000.9,30.0,M,12,Silverstone,Mercedes
10,46,BOT,11,0,1,1,1,0,60,43.5,25.7,0.0,1.3,56.8,1000.9,330.0,M,13,Silverstone,Mercedes
11,46,BOT,12,0,1,1,1,0,60,42.9,25.5,0.0,1.8,57.4,1000.9,343.0,M,14,Silverstone,Mercedes
12,46,BOT,13,0,1,1,1,0,61,42.9,25.4,0.0,1.5,57.9,1001.0,315.0,M,15,Silverstone,Mercedes
13,46,BOT,14,0,1,6,1,0,61,43.3,25.5,0.0,2.2,58.3,1000.7,28.0,H,0,Silverstone,Mercedes
14,46,BOT,15,0,6,4,1,0,61,43.5,25.4,0.0,2.3,58.4,1000.9,61.0,H,1,Silverstone,Mercedes
15,46,BOT,16,0,4,3,1,0,61,43.6,25.4,0.0,3.1,57.8,1000.9,296.0,H,2,Silverstone,Mercedes
16,46,BOT,17,0,3,3,1,0,60,43.6,25.4,0.0,2.1,58.5,1000.8,29.0,H,3,Silverstone,Mercedes
17,46,BOT,18,0,3,3,1,0,59,43.9,25.5,0.0,1.8,58.4,1000.9,6.0,H,4,Silverstone,Mercedes
18,46,BOT,19,0,3,2,1,0,58,43.6,25.5,0.0,2.5,57.8,1000.9,14.0,H,5,Silverstone,Mercedes
19,46,BOT,20,0,2,2,1,0,57,44.0,25.6,0.0,2.3,57.9,1000.8,22.0,H,6,Silverstone,Mercedes
20,46,BOT,21,0,2,2,1,0,57,44.0,25.9,0.0,2.5,56.8,1000.9,12.0,H,7,Silverstone,Mercedes
21,46,BOT,22,0,2,2,1,0,56,43.8,25.8,0.0,2.1,56.8,1001.0,13.0,H,8,Silverstone,Mercedes
22,46,BOT,23,0,2,2,1,0,55,43.8,25.9,0.0,1.0,56.5,1000.9,4.0,H,9,Silverstone,Mercedes
23,46,BOT,24,0,2,2,1,0,55,44.5,26.3,0.0,1.7,55.0,1000.9,320.0,H,10,Silverstone,Mercedes
24,46,BOT,25,0,2,2,1,0,54,44.6,26.5,0.0,1.8,54.6,1000.9,33.0,H,11,Silverstone,Mercedes
25,46,BOT,26,0,2,2,1,0,54,44.4,26.7,0.0,3.0,55.0,1000.9,9.0,H,12,Silverstone,Mercedes
26,46,BOT,27,0,2,2,1,0,54,43.2,26.2,0.0,3.3,56.5,1000.8,23.0,H,13,Silverstone,Mercedes
27,46,BOT,28,0,2,2,1,0,53,43.4,26.0,0.0,2.7,56.4,1000.9,0.0,H,14,Silverstone,Mercedes
28,46,BOT,29,0,2,2,1,0,53,43.6,25.9,0.0,1.1,56.8,1000.8,21.0,H,15,Silverstone,Mercedes
29,46,BOT,30,0,2,2,1,0,53,43.6,25.7,0.0,1.9,57.2,1000.8,14.0,H,16,Silverstone,Mercedes
30,46,BOT,31,1,2,2,1,0,54,43.6,25.8,0.0,2.0,57.1,1000.8,38.0,H,17,Silverstone,Mercedes
31,46,BOT,32,0,2,2,1,0,54,43.6,25.5,0.0,1.8,57.8,1000.8,22.0,H,18,Silverstone,Mercedes
32,46,BOT,33,0,2,3,1,0,54,43.2,25.6,0.0,2.0,58.2,1000.8,2.0,H,0,Silverstone,Mercedes
33,46,BOT,34,0,3,3,1,0,54,43.2,25.6,0.0,1.8,57.7,1000.8,14.0,H,1,Silverstone,Mercedes
34,46,BOT,35,0,3,3,1,0,53,43.5,25.7,0.0,1.8,57.6,1000.7,312.0,H,2,Silverstone,Mercedes
35,46,BOT,36,0,3,3,1,0,53,43.7,26.0,0.0,1.5,56.8,1000.7,11.0,H,3,Silverstone,Mercedes
36,46,BOT,37,0,3,3,1,0,52,45.1,26.5,0.0,2.4,54.8,1000.7,25.0,H,4,Silverstone,Mercedes
37,46,BOT,38,0,3,3,1,0,52,45.0,26.6,0.0,1.7,55.0,1000.8,16.0,H,5,Silverstone,Mercedes
38,46,BOT,39,0,3,3,1,0,52,44.0,26.6,0.0,3.4,54.9,1000.7,17.0,H,6,Silverstone,Mercedes
39,46,BOT,40,0,3,3,1,0,52,43.7,26.5,0.0,3.0,55.4,1000.7,16.0,H,7,Silverstone,Mercedes
40,46,BOT,41,0,3,3,1,0,52,43.7,26.4,0.0,1.5,55.3,1000.7,16.0,H,8,Silverstone,Mercedes
41,46,BOT,42,0,3,2,1,0,52,43.8,26.5,0.0,2.6,55.1,1000.6,17.0,H,9,Silverstone,Mercedes
42,46,BOT,43,0,2,2,1,0,52,43.6,26.2,0.0,1.7,56.2,1000.7,2.0,H,10,Silverstone,Mercedes
43,46,BOT,44,0,2,2,1,0,53,43.7,26.3,0.0,1.6,55.7,1000.7,4.0,H,11,Silverstone,Mercedes
44,46,BOT,45,0,2,2,1,0,53,44.3,26.4,0.0,2.0,55.2,1000.7,15.0,H,12,Silverstone,Mercedes
45,46,BOT,46,0,2,2,1,0,53,44.3,26.2,0.0,1.4,56.6,1000.8,20.0,H,13,Silverstone,Mercedes
46,46,BOT,47,0,2,2,1,0,54,43.7,26.1,0.0,2.9,57.0,1000.6,3.0,H,14,Silverstone,Mercedes
47,46,BOT,48,0,2,2,1,0,54,43.8,26.2,0.0,2.5,56.4,1000.8,357.0,H,15,Silverstone,Mercedes
48,46,BOT,49,0,2,2,1,0,54,43.6,26.0,0.0,2.2,56.5,1000.7,349.0,H,16,Silverstone,Mercedes
49,46,BOT,50,0,2,3,1,0,55,43.2,25.9,0.0,1.8,57.4,1000.7,15.0,H,17,Silverstone,Mercedes
50,46,BOT,51,0,3,3,1,0,54,43.4,26.0,0.0,1.0,57.2,1000.8,342.0,H,18,Silverstone,Mercedes
51,46,BOT,52,0,3,3,1,0,54,43.8,26.3,0.0,1.2,56.6,1000.7,32.0,H,19,Silverstone,Mercedes
0,46,HAM,1,1,2,2,2,0,62,42.9,24.2,0.0,3.2,61.2,1001.1,13.0,M,3,Silverstone,Mercedes
1,46,HAM,2,0,2,2,2,0,62,42.0,24.2,0.0,3.1,61.7,1001.1,27.0,M,4,Silverstone,Mercedes
2,46,HAM,3,0,2,2,2,0,62,42.6,24.5,0.0,3.7,61.2,1001.1,5.0,M,5,Silverstone,Mercedes
3,46,HAM,4,0,2,2,2,0,61,42.8,24.9,0.0,1.9,59.9,1001.2,19.0,M,6,Silverstone,Mercedes
4,46,HAM,5,0,2,2,2,0,61,43.0,24.9,0.0,1.9,59.8,1001.0,11.0,M,7,Silverstone,Mercedes
5,46,HAM,6,0,2,2,2,0,61,43.0,25.0,0.0,3.3,59.4,1001.0,8.0,M,8,Silverstone,Mercedes
6,46,HAM,7,0,2,2,2,0,61,43.3,25.1,0.0,2.4,58.7,1001.0,18.0,M,9,Silverstone,Mercedes
7,46,HAM,8,0,2,2,2,0,61,43.6,25.3,0.0,1.9,58.2,1000.9,28.0,M,10,Silverstone,Mercedes
8,46,HAM,9,0,2,2,2,0,61,43.4,25.4,0.0,2.3,57.8,1000.9,3.0,M,11,Silverstone,Mercedes
9,46,HAM,10,0,2,2,2,0,61,43.8,25.5,0.0,2.1,58.3,1001.0,7.0,M,12,Silverstone,Mercedes
10,46,HAM,11,0,2,2,2,0,62,43.8,25.4,0.0,1.9,58.1,1000.9,354.0,M,13,Silverstone,Mercedes
11,46,HAM,12,0,2,2,2,0,62,44.0,25.5,0.0,2.1,58.5,1000.9,22.0,M,14,Silverstone,Mercedes
12,46,HAM,13,0,2,2,2,0,62,44.0,25.7,0.0,3.0,57.3,1000.9,10.0,M,15,Silverstone,Mercedes
13,46,HAM,14,0,2,1,2,0,62,44.0,25.7,0.0,2.7,57.2,1000.9,30.0,M,16,Silverstone,Mercedes
14,46,HAM,15,0,1,5,2,0,62,43.5,25.7,0.0,1.3,56.8,1000.9,330.0,H,0,Silverstone,Mercedes
15,46,HAM,16,0,5,4,2,0,62,42.9,25.5,0.0,1.8,57.4,1000.9,343.0,H,1,Silverstone,Mercedes
16,46,HAM,17,0,4,4,2,0,63,43.3,25.5,0.0,2.2,58.3,1000.7,28.0,H,2,Silverstone,Mercedes
17,46,HAM,18,0,4,4,2,0,62,43.6,25.4,0.0,3.1,57.8,1000.9,296.0,H,3,Silverstone,Mercedes
18,46,HAM,19,0,4,3,2,0,62,43.6,25.4,0.0,2.1,58.5,1000.8,29.0,H,4,Silverstone,Mercedes
19,46,HAM,20,0,3,3,2,0,61,43.6,25.2,0.0,2.4,59.1,1001.0,1.0,H,5,Silverstone,Mercedes
20,46,HAM,21,0,3,3,2,0,61,44.0,25.4,0.0,1.4,58.3,1000.8,309.0,H,6,Silverstone,Mercedes
21,46,HAM,22,0,3,3,2,0,60,43.9,25.5,0.0,1.8,58.4,1000.9,6.0,H,7,Silverstone,Mercedes
22,46,HAM,23,0,3,3,2,0,59,43.6,25.4,0.0,2.2,58.9,1000.9,17.0,H,8,Silverstone,Mercedes
23,46,HAM,24,0,3,3,2,0,59,44.0,25.6,0.0,2.3,57.9,1000.8,22.0,H,9,Silverstone,Mercedes
24,46,HAM,25,0,3,3,2,0,58,43.8,25.8,0.0,2.1,56.8,1001.0,13.0,H,10,Silverstone,Mercedes
25,46,HAM,26,0,3,3,2,0,58,44.5,26.3,0.0,1.7,55.0,1000.9,320.0,H,11,Silverstone,Mercedes
26,46,HAM,27,0,3,3,2,0,57,44.6,26.5,0.0,1.8,54.6,1000.9,33.0,H,12,Silverstone,Mercedes
27,46,HAM,28,0,3,3,2,0,57,44.6,26.6,0.0,1.9,54.3,1000.9,7.0,H,13,Silverstone,Mercedes
28,46,HAM,29,0,3,3,2,0,56,44.8,26.6,0.0,1.4,54.5,1000.9,7.0,H,14,Silverstone,Mercedes
29,46,HAM,30,0,3,3,2,0,56,44.4,26.7,0.0,3.0,55.0,1000.9,9.0,H,15,Silverstone,Mercedes
30,46,HAM,31,1,3,3,2,0,56,43.7,26.4,0.0,2.6,55.4,1000.8,22.0,H,16,Silverstone,Mercedes
31,46,HAM,32,0,3,3,2,0,57,43.2,26.2,0.0,3.3,56.5,1000.8,23.0,H,17,Silverstone,Mercedes
32,46,HAM,33,0,3,1,2,0,57,43.6,25.9,0.0,1.1,56.8,1000.8,21.0,H,18,Silverstone,Mercedes
33,46,HAM,34,0,1,1,2,0,57,43.6,25.9,0.0,1.5,56.5,1000.9,14.0,H,19,Silverstone,Mercedes
34,46,HAM,35,0,1,1,2,0,57,43.6,25.8,0.0,2.0,57.1,1000.8,38.0,H,20,Silverstone,Mercedes
35,46,HAM,36,0,1,1,2,0,56,43.6,25.8,0.0,2.2,57.0,1000.7,23.0,H,21,Silverstone,Mercedes
36,46,HAM,37,0,1,1,2,0,56,43.6,25.5,0.0,1.8,57.8,1000.8,22.0,H,22,Silverstone,Mercedes
37,46,HAM,38,0,1,1,2,0,56,43.5,25.7,0.0,1.8,57.6,1000.7,312.0,H,23,Silverstone,Mercedes
38,46,HAM,39,0,1,1,2,0,55,45.0,26.6,0.0,1.7,55.0,1000.8,16.0,H,24,Silverstone,Mercedes
39,46,HAM,40,0,1,1,2,0,55,44.0,26.6,0.0,3.4,54.9,1000.7,17.0,H,25,Silverstone,Mercedes
40,46,HAM,41,0,1,1,2,0,55,43.7,26.5,0.0,3.0,55.4,1000.7,16.0,H,26,Silverstone,Mercedes
41,46,HAM,42,0,1,4,2,0,55,43.7,26.4,0.0,1.5,55.3,1000.7,16.0,H,0,Silverstone,Mercedes
42,46,HAM,43,0,4,4,2,0,56,43.7,26.3,0.0,1.6,55.7,1000.7,4.0,H,1,Silverstone,Mercedes
43,46,HAM,44,0,4,4,2,0,56,44.1,26.3,0.0,0.7,56.6,1000.6,7.0,H,2,Silverstone,Mercedes
44,46,HAM,45,0,4,3,2,0,53,44.1,26.4,0.0,1.4,55.9,1000.7,5.0,H,3,Silverstone,Mercedes
45,46,HAM,46,0,3,3,2,0,53,43.9,26.6,0.0,1.4,55.6,1000.7,28.0,H,4,Silverstone,Mercedes
46,46,HAM,47,0,3,3,2,0,53,43.7,26.3,0.0,3.1,56.0,1000.6,42.0,H,5,Silverstone,Mercedes
47,46,HAM,48,0,3,3,2,0,54,43.2,26.0,0.0,1.9,56.5,1000.7,21.0,H,6,Silverstone,Mercedes
48,46,HAM,49,0,3,3,2,0,54,43.3,26.0,0.0,1.5,57.4,1000.8,337.0,H,7,Silverstone,Mercedes
49,46,HAM,50,0,3,2,2,0,54,43.5,26.1,0.0,1.8,56.6,1000.7,33.0,H,8,Silverstone,Mercedes
50,46,HAM,51,0,2,2,2,0,55,43.5,25.9,0.0,1.5,57.3,1000.6,5.0,H,9,Silverstone,Mercedes
51,46,HAM,52,0,2,2,2,0,55,43.8,26.3,0.0,1.2,56.6,1000.7,32.0,H,10,Silverstone,Mercedes
0,46,HUL,1,1,4,4,4,0,40,42.9,24.4,0.0,3.4,61.1,1001.1,359.0,M,3,Silverstone,Racing Point
1,46,HUL,2,0,4,4,4,0,36,42.9,24.2,0.0,3.2,61.2,1001.1,13.0,M,4,Silverstone,Racing Point
2,46,HUL,3,0,4,4,4,0,36,42.0,24.2,0.0,3.1,61.7,1001.1,27.0,M,5,Silverstone,Racing Point
3,46,HUL,4,0,4,4,4,0,37,42.6,24.5,0.0,3.7,61.2,1001.1,5.0,M,6,Silverstone,Racing Point
4,46,HUL,5,0,4,4,4,0,40,42.8,24.9,0.0,1.9,59.9,1001.2,19.0,M,7,Silverstone,Racing Point
5,46,HUL,6,0,4,4,4,0,40,43.0,24.9,0.0,1.9,59.9,1001.1,66.0,M,8,Silverstone,Racing Point
6,46,HUL,7,0,4,4,4,0,37,43.1,24.9,0.0,2.0,59.4,1001.0,295.0,M,9,Silverstone,Racing Point
7,46,HUL,8,0,4,4,4,0,37,43.3,25.1,0.0,2.4,58.7,1001.0,18.0,M,10,Silverstone,Racing Point
8,46,HUL,9,0,4,4,4,0,36,43.1,25.2,0.0,3.5,58.7,1001.0,17.0,M,11,Silverstone,Racing Point
9,46,HUL,10,0,4,4,4,0,36,43.1,25.1,0.0,3.0,58.3,1001.0,6.0,M,12,Silverstone,Racing Point
10,46,HUL,11,0,4,4,4,0,36,43.1,25.1,0.0,3.0,58.4,1001.0,285.0,M,13,Silverstone,Racing Point
11,46,HUL,12,0,4,4,4,0,37,43.8,25.5,0.0,2.1,58.3,1001.0,7.0,M,14,Silverstone,Racing Point
12,46,HUL,13,0,4,4,4,0,40,44.0,25.5,0.0,2.1,58.5,1000.9,22.0,M,15,Silverstone,Racing Point
13,46,HUL,14,0,4,3,4,0,42,43.5,25.7,0.0,1.3,56.8,1000.9,330.0,M,16,Silverstone,Racing Point
14,46,HUL,15,0,3,2,4,0,44,43.3,25.5,0.0,2.2,58.3,1000.7,28.0,M,17,Silverstone,Racing Point
15,46,HUL,16,0,2,7,4,0,46,43.5,25.4,0.0,2.3,58.4,1000.9,61.0,H,0,Silverstone,Racing Point
16,46,HUL,17,0,7,7,4,0,47,43.6,25.4,0.0,2.1,58.5,1000.8,29.0,H,1,Silverstone,Racing Point
17,46,HUL,18,0,7,7,4,0,48,44.0,25.4,0.0,1.4,58.3,1000.8,309.0,H,2,Silverstone,Racing Point
18,46,HUL,19,0,7,5,4,0,50,43.9,25.5,0.0,1.8,58.4,1000.9,6.0,H,3,Silverstone,Racing Point
19,46,HUL,20,0,5,5,4,0,52,43.6,25.4,0.0,2.2,58.9,1000.9,17.0,H,4,Silverstone,Racing Point
20,46,HUL,21,0,5,5,4,0,53,43.6,25.5,0.0,2.5,57.8,1000.9,14.0,H,5,Silverstone,Racing Point
21,46,HUL,22,0,5,5,4,0,54,44.0,25.6,0.0,2.3,57.9,1000.8,22.0,H,6,Silverstone,Racing Point
22,46,HUL,23,0,5,4,4,0,54,44.6,26.4,0.0,1.0,54.7,1000.9,287.0,H,7,Silverstone,Racing Point
23,46,HUL,24,0,4,4,4,0,55,44.6,26.6,0.0,1.9,54.3,1000.9,7.0,H,8,Silverstone,Racing Point
24,46,HUL,25,0,4,4,4,0,55,44.8,26.6,0.0,1.4,54.5,1000.9,7.0,H,9,Silverstone,Racing Point
25,46,HUL,26,0,4,4,4,0,56,44.4,26.7,0.0,3.0,55.0,1000.9,9.0,H,10,Silverstone,Racing Point
26,46,HUL,27,0,4,4,4,0,57,43.2,26.2,0.0,3.3,56.5,1000.8,23.0,H,11,Silverstone,Racing Point
27,46,HUL,28,0,4,4,4,0,57,43.6,25.9,0.0,1.1,56.8,1000.8,21.0,H,12,Silverstone,Racing Point
28,46,HUL,29,0,4,4,4,0,58,43.6,25.9,0.0,1.5,56.5,1000.9,14.0,H,13,Silverstone,Racing Point
29,46,HUL,30,0,4,4,4,0,59,43.6,25.7,0.0,1.9,57.2,1000.8,14.0,H,14,Silverstone,Racing Point
30,46,HUL,31,1,4,6,4,0,59,43.6,25.8,0.0,2.2,57.0,1000.7,23.0,H,0,Silverstone,Racing Point
31,46,HUL,32,0,6,5,4,0,61,43.2,25.6,0.0,2.0,58.2,1000.8,2.0,H,1,Silverstone,Racing Point
32,46,HUL,33,0,5,5,4,0,62,43.5,25.7,0.0,1.8,57.6,1000.7,312.0,H,2,Silverstone,Racing Point
33,46,HUL,34,0,5,5,4,0,64,43.7,26.0,0.0,1.5,56.8,1000.7,11.0,H,3,Silverstone,Racing Point
34,46,HUL,35,0,5,5,4,0,65,45.0,26.6,0.0,1.7,55.0,1000.8,16.0,H,4,Silverstone,Racing Point
35,46,HUL,36,0,5,5,4,0,65,44.3,26.8,0.0,2.3,54.5,1000.8,17.0,H,5,Silverstone,Racing Point
36,46,HUL,37,0,5,5,4,0,65,43.7,26.5,0.0,3.0,55.4,1000.7,16.0,H,6,Silverstone,Racing Point
37,46,HUL,38,0,5,5,4,0,65,43.7,26.4,0.0,1.5,55.3,1000.7,16.0,H,7,Silverstone,Racing Point
38,46,HUL,39,0,5,5,4,0,65,43.8,26.5,0.0,2.6,55.1,1000.6,17.0,H,8,Silverstone,Racing Point
39,46,HUL,40,0,5,5,4,0,66,43.6,26.2,0.0,1.7,56.2,1000.7,2.0,H,9,Silverstone,Racing Point
40,46,HUL,41,0,5,5,4,0,67,43.9,26.4,0.0,1.8,55.4,1000.7,14.0,H,10,Silverstone,Racing Point
41,46,HUL,42,0,5,5,4,0,67,44.1,26.3,0.0,0.7,56.6,1000.6,7.0,H,11,Silverstone,Racing Point
42,46,HUL,43,0,5,5,4,0,67,44.3,26.4,0.0,2.0,55.2,1000.7,15.0,H,12,Silverstone,Racing Point
43,46,HUL,44,0,5,5,4,0,67,44.1,26.4,0.0,1.4,55.9,1000.7,5.0,H,13,Silverstone,Racing Point
44,46,HUL,45,0,5,7,4,0,66,43.9,26.6,0.0,1.4,55.6,1000.7,28.0,S,2,Silverstone,Racing Point
45,46,HUL,46,0,7,7,4,0,66,43.9,26.8,0.0,3.0,54.3,1000.7,357.0,S,3,Silverstone,Racing Point
46,46,HUL,47,0,7,7,4,0,66,43.2,26.0,0.0,1.9,56.5,1000.7,21.0,S,4,Silverstone,Racing Point
47,46,HUL,48,0,7,7,4,0,66,43.3,26.0,0.0,1.5,57.4,1000.8,337.0,S,5,Silverstone,Racing Point
48,46,HUL,49,0,7,7,4,0,66,43.5,26.1,0.0,1.8,56.6,1000.7,33.0,S,6,Silverstone,Racing Point
49,46,HUL,50,0,7,7,4,0,66,43.5,25.9,0.0,1.5,57.3,1000.6,5.0,S,7,Silverstone,Racing Point
50,46,HUL,51,0,7,7,4,0,66,43.4,26.0,0.0,1.0,57.2,1000.8,342.0,S,8,Silverstone,Racing Point
51,46,HUL,52,0,7,7,4,0,66,43.8,26.3,0.0,1.2,56.6,1000.7,32.0,S,9,Silverstone,Racing Point
0,46,VER,1,1,3,3,3,0,39,42.9,24.4,0.0,3.4,61.1,1001.1,359.0,H,3,Silverstone,Red Bull Racing
1,46,VER,2,0,3,3,3,0,43,42.9,24.2,0.0,3.2,61.2,1001.1,13.0,H,4,Silverstone,Red Bull Racing
2,46,VER,3,0,3,3,3,0,45,42.6,24.5,0.0,3.7,61.2,1001.1,5.0,H,5,Silverstone,Red Bull Racing
3,46,VER,4,0,3,3,3,0,46,43.0,24.9,0.0,1.9,59.9,1001.1,66.0,H,6,Silverstone,Red Bull Racing
4,46,VER,5,0,3,3,3,0,50,43.3,25.1,0.0,2.4,58.7,1001.0,18.0,H,7,Silverstone,Red Bull Racing
5,46,VER,6,0,3,3,3,0,51,43.6,25.3,0.0,1.9,58.2,1000.9,28.0,H,8,Silverstone,Red Bull Racing
6,46,VER,7,0,3,3,3,0,50,43.4,25.4,0.0,2.3,57.8,1000.9,3.0,H,9,Silverstone,Red Bull Racing
7,46,VER,8,0,3,3,3,0,50,43.8,25.5,0.0,2.1,58.3,1001.0,7.0,H,10,Silverstone,Red Bull Racing
8,46,VER,9,0,3,3,3,0,49,44.0,25.7,0.0,3.0,57.3,1000.9,10.0,H,11,Silverstone,Red Bull Racing
9,46,VER,10,0,3,3,3,0,49,42.9,25.5,0.0,1.8,57.4,1000.9,343.0,H,12,Silverstone,Red Bull Racing
10,46,VER,11,0,3,3,3,0,50,42.9,25.4,0.0,1.5,57.9,1001.0,315.0,H,13,Silverstone,Red Bull Racing
11,46,VER,12,0,3,3,3,0,50,43.5,25.4,0.0,2.3,58.4,1000.9,61.0,H,14,Silverstone,Red Bull Racing
12,46,VER,13,0,3,3,3,0,49,43.6,25.4,0.0,2.1,58.5,1000.8,29.0,H,15,Silverstone,Red Bull Racing
13,46,VER,14,0,3,2,3,0,48,43.6,25.2,0.0,2.4,59.1,1001.0,1.0,H,16,Silverstone,Red Bull Racing
14,46,VER,15,0,2,1,3,0,48,43.9,25.5,0.0,1.8,58.4,1000.9,6.0,H,17,Silverstone,Red Bull Racing
15,46,VER,16,0,1,1,3,0,49,43.6,25.4,0.0,2.2,58.9,1000.9,17.0,H,18,Silverstone,Red Bull Racing
16,46,VER,17,0,1,1,3,0,48,43.8,25.9,0.0,1.0,56.5,1000.9,4.0,H,19,Silverstone,Red Bull Racing
17,46,VER,18,0,1,1,3,0,48,44.6,26.6,0.0,1.9,54.3,1000.9,7.0,H,20,Silverstone,Red Bull Racing
18,46,VER,19,0,1,1,3,0,48,44.4,26.7,0.0,3.0,55.0,1000.9,9.0,H,21,Silverstone,Red Bull Racing
19,46,VER,20,0,1,1,3,0,48,43.7,26.4,0.0,2.6,55.4,1000.8,22.0,H,22,Silverstone,Red Bull Racing
20,46,VER,21,0,1,1,3,0,49,43.2,26.2,0.0,3.3,56.5,1000.8,23.0,H,23,Silverstone,Red Bull Racing
21,46,VER,22,0,1,1,3,0,49,43.6,25.9,0.0,1.1,56.8,1000.8,21.0,H,24,Silverstone,Red Bull Racing
22,46,VER,23,0,1,1,3,0,49,43.6,25.9,0.0,1.5,56.5,1000.9,14.0,H,25,Silverstone,Red Bull Racing
23,46,VER,24,0,1,1,3,0,49,43.6,25.7,0.0,1.9,57.2,1000.8,14.0,H,26,Silverstone,Red Bull Racing
24,46,VER,25,0,1,1,3,0,49,43.6,25.8,0.0,2.0,57.1,1000.8,38.0,H,27,Silverstone,Red Bull Racing
25,46,VER,26,0,1,1,3,0,49,43.6,25.8,0.0,2.2,57.0,1000.7,23.0,H,28,Silverstone,Red Bull Racing
26,46,VER,27,0,1,1,3,0,49,43.2,25.6,0.0,2.0,58.2,1000.8,2.0,M,0,Silverstone,Red Bull Racing
27,46,VER,28,0,1,1,3,0,49,43.2,25.6,0.0,1.8,57.7,1000.8,14.0,M,1,Silverstone,Red Bull Racing
28,46,VER,29,0,1,1,3,0,49,43.5,25.7,0.0,1.8,57.6,1000.7,312.0,M,2,Silverstone,Red Bull Racing
29,46,VER,30,0,1,1,3,0,49,43.7,26.0,0.0,1.5,56.8,1000.7,11.0,M,3,Silverstone,Red Bull Racing
30,46,VER,31,1,1,1,3,0,49,45.1,26.5,0.0,2.4,54.8,1000.7,25.0,M,4,Silverstone,Red Bull Racing
31,46,VER,32,0,1,1,3,0,49,45.0,26.6,0.0,1.7,55.0,1000.8,16.0,M,5,Silverstone,Red Bull Racing
32,46,VER,33,0,1,2,3,0,49,44.3,26.8,0.0,2.3,54.5,1000.8,17.0,H,0,Silverstone,Red Bull Racing
33,46,VER,34,0,2,2,3,0,49,44.0,26.6,0.0,3.4,54.9,1000.7,17.0,H,1,Silverstone,Red Bull Racing
34,46,VER,35,0,2,2,3,0,49,43.7,26.5,0.0,3.0,55.4,1000.7,16.0,H,2,Silverstone,Red Bull Racing
35,46,VER,36,0,2,2,3,0,48,43.7,26.4,0.0,1.5,55.3,1000.7,16.0,H,3,Silverstone,Red Bull Racing
36,46,VER,37,0,2,2,3,0,48,43.7,26.3,0.0,1.6,55.7,1000.7,4.0,H,4,Silverstone,Red Bull Racing
37,46,VER,38,0,2,2,3,0,48,43.9,26.4,0.0,1.8,55.4,1000.7,14.0,H,5,Silverstone,Red Bull Racing
38,46,VER,39,0,2,2,3,0,48,43.7,26.4,0.0,1.8,56.1,1000.7,48.0,H,6,Silverstone,Red Bull Racing
39,46,VER,40,0,2,2,3,0,48,44.1,26.2,0.0,2.4,56.5,1000.7,245.0,H,7,Silverstone,Red Bull Racing
40,46,VER,41,0,2,2,3,0,48,44.3,26.4,0.0,2.0,55.2,1000.7,15.0,H,8,Silverstone,Red Bull Racing
41,46,VER,42,0,2,1,3,0,48,44.1,26.4,0.0,1.4,55.9,1000.7,5.0,H,9,Silverstone,Red Bull Racing
42,46,VER,43,0,1,1,3,0,48,43.9,26.8,0.0,3.0,54.3,1000.7,357.0,H,10,Silverstone,Red Bull Racing
43,46,VER,44,0,1,1,3,0,48,43.7,26.3,0.0,3.1,56.0,1000.6,42.0,H,11,Silverstone,Red Bull Racing
44,46,VER,45,0,1,1,3,0,48,43.7,26.1,0.0,2.9,57.0,1000.6,3.0,H,12,Silverstone,Red Bull Racing
45,46,VER,46,0,1,1,3,0,49,43.8,26.2,0.0,2.5,56.4,1000.8,357.0,H,13,Silverstone,Red Bull Racing
46,46,VER,47,0,1,1,3,0,49,43.6,26.0,0.0,2.2,56.5,1000.7,349.0,H,14,Silverstone,Red Bull Racing
47,46,VER,48,0,1,1,3,0,49,43.3,26.0,0.0,1.5,57.4,1000.8,337.0,H,15,Silverstone,Red Bull Racing
48,46,VER,49,0,1,1,3,0,50,43.5,26.1,0.0,1.8,56.6,1000.7,33.0,H,16,Silverstone,Red Bull Racing
49,46,VER,50,0,1,1,3,0,50,43.5,25.9,0.0,1.5,57.3,1000.6,5.0,H,17,Silverstone,Red Bull Racing
50,46,VER,51,0,1,1,3,0,50,43.4,26.0,0.0,1.0,57.2,1000.8,342.0,H,18,Silverstone,Red Bull Racing
51,46,VER,52,0,1,1,3,0,50,43.8,26.3,0.0,1.2,56.6,1000.7,32.0,H,19,Silverstone,Red Bull Racing
0,46,RIC,1,1,6,6,6,0,39,42.9,24.4,0.0,3.4,61.1,1001.1,359.0,M,3,Silverstone,Renault
1,46,RIC,2,0,6,6,6,0,36,42.9,24.2,0.0,3.2,61.2,1001.1,13.0,M,4,Silverstone,Renault
2,46,RIC,3,0,6,6,6,0,36,42.0,24.2,0.0,3.1,61.7,1001.1,27.0,M,5,Silverstone,Renault
3,46,RIC,4,0,6,6,6,0,39,42.8,24.9,0.0,1.9,59.9,1001.2,19.0,M,6,Silverstone,Renault
4,46,RIC,5,0,6,6,6,0,43,43.0,24.9,0.0,1.9,59.9,1001.1,66.0,M,7,Silverstone,Renault
5,46,RIC,6,0,6,6,6,0,44,43.1,24.9,0.0,2.0,59.4,1001.0,295.0,M,8,Silverstone,Renault
6,46,RIC,7,0,6,6,6,0,43,43.0,24.9,0.0,1.9,59.8,1001.0,11.0,M,9,Silverstone,Renault
7,46,RIC,8,0,6,6,6,0,44,43.3,25.1,0.0,2.4,58.7,1001.0,18.0,M,10,Silverstone,Renault
8,46,RIC,9,0,6,6,6,0,43,43.1,25.2,0.0,3.5,58.7,1001.0,17.0,M,11,Silverstone,Renault
9,46,RIC,10,0,6,6,6,0,44,43.1,25.1,0.0,3.0,58.3,1001.0,6.0,M,12,Silverstone,Renault
10,46,RIC,11,0,6,6,6,0,45,43.6,25.3,0.0,1.9,58.2,1000.9,28.0,M,13,Silverstone,Renault
11,46,RIC,12,0,6,6,6,0,46,43.8,25.4,0.0,1.9,58.1,1000.9,354.0,M,14,Silverstone,Renault
12,46,RIC,13,0,6,6,6,0,46,44.0,25.5,0.0,2.1,58.5,1000.9,22.0,M,15,Silverstone,Renault
13,46,RIC,14,0,6,5,6,0,46,44.0,25.7,0.0,3.0,57.3,1000.9,10.0,M,16,Silverstone,Renault
14,46,RIC,15,0,5,10,6,0,46,44.0,25.7,0.0,2.7,57.2,1000.9,30.0,M,3,Silverstone,Renault
15,46,RIC,16,0,10,10,6,0,46,43.5,25.7,0.0,1.3,56.8,1000.9,330.0,M,4,Silverstone,Renault
16,46,RIC,17,0,10,10,6,0,46,42.9,25.4,0.0,1.5,57.9,1001.0,315.0,M,5,Silverstone,Renault
17,46,RIC,18,0,10,10,6,0,46,43.3,25.5,0.0,2.2,58.3,1000.7,28.0,M,6,Silverstone,Renault
18,46,RIC,19,0,10,9,6,0,46,43.6,25.4,0.0,3.1,57.8,1000.9,296.0,M,7,Silverstone,Renault
19,46,RIC,20,0,9,8,6,0,47,43.6,25.4,0.0,2.1,58.5,1000.8,29.0,M,8,Silverstone,Renault
20,46,RIC,21,0,8,8,6,0,47,44.0,25.4,0.0,1.4,58.3,1000.8,309.0,M,9,Silverstone,Renault
21,46,RIC,22,0,8,8,6,0,47,43.6,25.4,0.0,2.2,58.9,1000.9,17.0,M,10,Silverstone,Renault
22,46,RIC,23,0,8,6,6,0,48,44.0,25.9,0.0,2.5,56.8,1000.9,12.0,M,11,Silverstone,Renault
23,46,RIC,24,0,6,6,6,0,48,43.8,25.9,0.0,1.0,56.5,1000.9,4.0,M,12,Silverstone,Renault
24,46,RIC,25,0,6,6,6,0,48,44.4,26.7,0.0,3.0,55.0,1000.9,9.0,M,13,Silverstone,Renault
25,46,RIC,26,0,6,6,6,0,48,43.6,25.9,0.0,1.1,56.8,1000.8,21.0,M,14,Silverstone,Renault
26,46,RIC,27,0,6,11,6,0,48,43.6,25.9,0.0,1.5,56.5,1000.9,14.0,H,0,Silverstone,Renault
27,46,RIC,28,0,11,11,6,0,47,43.6,25.7,0.0,1.9,57.2,1000.8,14.0,H,1,Silverstone,Renault
28,46,RIC,29,0,11,11,6,0,47,43.6,25.8,0.0,2.2,57.0,1000.7,23.0,H,2,Silverstone,Renault
29,46,RIC,30,0,11,10,6,0,47,43.6,25.5,0.0,1.8,57.8,1000.8,22.0,H,3,Silverstone,Renault
30,46,RIC,31,1,10,12,6,0,47,43.2,25.6,0.0,2.0,58.2,1000.8,2.0,H,4,Silverstone,Renault
31,46,RIC,32,0,12,12,6,0,44,43.5,25.7,0.0,1.8,57.6,1000.7,312.0,H,5,Silverstone,Renault
32,46,RIC,33,0,12,12,6,0,44,45.1,26.5,0.0,2.4,54.8,1000.7,25.0,H,6,Silverstone,Renault
33,46,RIC,34,0,12,11,6,0,44,45.0,26.6,0.0,1.7,55.0,1000.8,16.0,H,7,Silverstone,Renault
34,46,RIC,35,0,11,10,6,0,44,44.3,26.8,0.0,2.3,54.5,1000.8,17.0,H,8,Silverstone,Renault
35,46,RIC,36,0,10,16,6,0,43,44.0,26.6,0.0,3.4,54.9,1000.7,17.0,M,2,Silverstone,Renault
36,46,RIC,37,0,16,16,6,0,43,43.7,26.5,0.0,3.0,55.4,1000.7,16.0,M,3,Silverstone,Renault
37,46,RIC,38,0,16,16,6,0,43,43.7,26.4,0.0,1.5,55.3,1000.7,16.0,M,4,Silverstone,Renault
38,46,RIC,39,0,16,14,6,0,43,43.6,26.2,0.0,1.7,56.2,1000.7,2.0,M,5,Silverstone,Renault
39,46,RIC,40,0,14,14,6,0,44,43.7,26.3,0.0,1.6,55.7,1000.7,4.0,M,6,Silverstone,Renault
40,46,RIC,41,0,14,14,6,0,44,43.9,26.4,0.0,1.8,55.4,1000.7,14.0,M,7,Silverstone,Renault
41,46,RIC,42,0,14,14,6,0,44,43.7,26.4,0.0,1.8,56.1,1000.7,48.0,M,8,Silverstone,Renault
42,46,RIC,43,0,14,14,6,0,44,44.3,26.4,0.0,2.0,55.2,1000.7,15.0,M,9,Silverstone,Renault
43,46,RIC,44,0,14,14,6,0,44,44.3,26.2,0.0,1.4,56.6,1000.8,20.0,M,10,Silverstone,Renault
44,46,RIC,45,0,14,14,6,0,45,44.1,26.4,0.0,1.4,55.9,1000.7,5.0,M,11,Silverstone,Renault
45,46,RIC,46,0,14,14,6,0,45,43.7,26.3,0.0,3.1,56.0,1000.6,42.0,M,12,Silverstone,Renault
46,46,RIC,47,0,14,14,6,0,45,43.2,26.0,0.0,1.9,56.5,1000.7,21.0,M,13,Silverstone,Renault
47,46,RIC,48,0,14,14,6,0,45,43.3,26.0,0.0,1.5,57.4,1000.8,337.0,M,14,Silverstone,Renault
48,46,RIC,49,0,14,14,6,0,46,43.5,26.1,0.0,1.8,56.6,1000.7,33.0,M,15,Silverstone,Renault
49,46,RIC,50,0,14,14,6,0,45,43.5,25.9,0.0,1.5,57.3,1000.6,5.0,M,16,Silverstone,Renault
50,46,RIC,51,0,14,14,6,0,45,43.8,26.3,0.0,1.2,56.6,1000.7,32.0,M,17,Silverstone,Renault
0,46,STR,1,1,5,5,5,0,33,42.9,24.4,0.0,3.4,61.1,1001.1,359.0,M,3,Silverstone,Racing Point
1,46,STR,2,0,5,5,5,0,29,42.9,24.2,0.0,3.2,61.2,1001.1,13.0,M,4,Silverstone,Racing Point
2,46,STR,3,0,5,5,5,0,28,43.1,24.9,0.0,2.0,59.4,1001.0,295.0,M,5,Silverstone,Racing Point
3,46,STR,4,0,5,5,5,0,30,43.0,24.9,0.0,1.9,59.8,1001.0,11.0,M,6,Silverstone,Racing Point
4,46,STR,5,0,5,5,5,0,33,43.0,25.0,0.0,3.3,59.4,1001.0,8.0,M,7,Silverstone,Racing Point
5,46,STR,6,0,5,5,5,0,33,43.3,25.1,0.0,2.4,58.7,1001.0,18.0,M,8,Silverstone,Racing Point
6,46,STR,7,0,5,5,5,0,31,43.1,25.1,0.0,3.0,58.3,1001.0,6.0,M,9,Silverstone,Racing Point
7,46,STR,8,0,5,5,5,0,31,43.8,25.5,0.0,2.1,58.3,1001.0,7.0,M,10,Silverstone,Racing Point
8,46,STR,9,0,5,5,5,0,30,44.0,25.5,0.0,2.1,58.5,1000.9,22.0,M,11,Silverstone,Racing Point
9,46,STR,10,0,5,5,5,0,31,43.5,25.7,0.0,1.3,56.8,1000.9,330.0,M,12,Silverstone,Racing Point
10,46,STR,11,0,5,5,5,0,31,42.9,25.4,0.0,1.5,57.9,1001.0,315.0,M,13,Silverstone,Racing Point
11,46,STR,12,0,5,5,5,0,32,43.3,25.5,0.0,2.2,58.3,1000.7,28.0,M,14,Silverstone,Racing Point
12,46,STR,13,0,5,5,5,0,32,43.5,25.4,0.0,2.3,58.4,1000.9,61.0,M,15,Silverstone,Racing Point
13,46,STR,14,0,5,4,5,0,32,43.6,25.4,0.0,3.1,57.8,1000.9,296.0,M,16,Silverstone,Racing Point
14,46,STR,15,0,4,3,5,0,32,43.6,25.4,0.0,2.1,58.5,1000.8,29.0,M,17,Silverstone,Racing Point
15,46,STR,16,0,3,2,5,0,33,44.0,25.4,0.0,1.4,58.3,1000.8,309.0,M,18,Silverstone,Racing Point
16,46,STR,17,0,2,2,5,0,33,43.9,25.5,0.0,1.8,58.4,1000.9,6.0,M,19,Silverstone,Racing Point
17,46,STR,18,0,2,2,5,0,33,43.6,25.5,0.0,2.5,57.8,1000.9,14.0,M,20,Silverstone,Racing Point
18,46,STR,19,0,2,6,5,0,32,44.0,25.6,0.0,2.3,57.9,1000.8,22.0,H,0,Silverstone,Racing Point
19,46,STR,20,0,6,6,5,0,32,44.0,25.9,0.0,2.5,56.8,1000.9,12.0,H,1,Silverstone,Racing Point
20,46,STR,21,0,6,6,5,0,32,43.8,25.9,0.0,1.0,56.5,1000.9,4.0,H,2,Silverstone,Racing Point
21,46,STR,22,0,6,6,5,0,32,44.6,26.4,0.0,1.0,54.7,1000.9,287.0,H,3,Silverstone,Racing Point
22,46,STR,23,0,6,5,5,0,32,44.6,26.5,0.0,1.8,54.6,1000.9,33.0,H,4,Silverstone,Racing Point
23,46,STR,24,0,5,5,5,0,32,44.6,26.6,0.0,1.9,54.3,1000.9,7.0,H,5,Silverstone,Racing Point
24,46,STR,25,0,5,5,5,0,32,44.8,26.6,0.0,1.4,54.5,1000.9,7.0,H,6,Silverstone,Racing Point
25,46,STR,26,0,5,5,5,0,32,44.4,26.7,0.0,3.0,55.0,1000.9,9.0,H,7,Silverstone,Racing Point
26,46,STR,27,0,5,5,5,0,32,43.2,26.2,0.0,3.3,56.5,1000.8,23.0,H,8,Silverstone,Racing Point
27,46,STR,28,0,5,5,5,0,32,43.6,25.9,0.0,1.1,56.8,1000.8,21.0,H,9,Silverstone,Racing Point
28,46,STR,29,0,5,5,5,0,33,43.6,25.9,0.0,1.5,56.5,1000.9,14.0,H,10,Silverstone,Racing Point
29,46,STR,30,0,5,5,5,0,33,43.6,25.7,0.0,1.9,57.2,1000.8,14.0,H,11,Silverstone,Racing Point
30,46,STR,31,1,5,4,5,0,33,43.6,25.8,0.0,2.0,57.1,1000.8,38.0,H,12,Silverstone,Racing Point
31,46,STR,32,0,4,6,5,0,33,43.6,25.5,0.0,1.8,57.8,1000.8,22.0,H,0,Silverstone,Racing Point
32,46,STR,33,0,6,6,5,0,33,43.2,25.6,0.0,1.8,57.7,1000.8,14.0,H,1,Silverstone,Racing Point
33,46,STR,34,0,6,6,5,0,34,43.5,25.7,0.0,1.8,57.6,1000.7,312.0,H,2,Silverstone,Racing Point
34,46,STR,35,0,6,6,5,0,34,43.7,26.5,0.0,3.0,55.4,1000.7,16.0,H,3,Silverstone,Racing Point
35,46,STR,36,0,6,6,5,0,34,43.8,26.5,0.0,2.6,55.1,1000.6,17.0,H,4,Silverstone,Racing Point
36,46,STR,37,0,6,6,5,0,33,43.6,26.2,0.0,1.7,56.2,1000.7,2.0,H,5,Silverstone,Racing Point
37,46,STR,38,0,6,6,5,0,33,43.7,26.3,0.0,1.6,55.7,1000.7,4.0,H,6,Silverstone,Racing Point
38,46,STR,39,0,6,6,5,0,33,43.7,26.4,0.0,1.8,56.1,1000.7,48.0,H,7,Silverstone,Racing Point
39,46,STR,40,0,6,6,5,0,33,44.1,26.2,0.0,2.4,56.5,1000.7,245.0,H,8,Silverstone,Racing Point
40,46,STR,41,0,6,6,5,0,34,44.1,26.3,0.0,0.7,56.6,1000.6,7.0,H,9,Silverstone,Racing Point
41,46,STR,42,0,6,6,5,0,34,43.9,26.6,0.0,1.4,55.6,1000.7,28.0,H,10,Silverstone,Racing Point
42,46,STR,43,0,6,6,5,0,34,43.9,26.8,0.0,3.0,54.3,1000.7,357.0,H,11,Silverstone,Racing Point
43,46,STR,44,0,6,6,5,0,34,43.7,26.3,0.0,3.1,56.0,1000.6,42.0,H,12,Silverstone,Racing Point
44,46,STR,45,0,6,5,5,0,34,43.7,26.1,0.0,2.9,57.0,1000.6,3.0,H,13,Silverstone,Racing Point
45,46,STR,46,0,5,5,5,0,34,43.6,26.0,0.0,2.2,56.5,1000.7,349.0,H,14,Silverstone,Racing Point
46,46,STR,47,0,5,5,5,0,35,43.2,26.0,0.0,1.9,56.5,1000.7,21.0,H,15,Silverstone,Racing Point
47,46,STR,48,0,5,5,5,0,35,43.2,25.9,0.0,1.8,57.4,1000.7,15.0,H,16,Silverstone,Racing Point
48,46,STR,49,0,5,5,5,0,35,43.3,26.0,0.0,1.5,57.4,1000.8,337.0,H,17,Silverstone,Racing Point
49,46,STR,50,0,5,6,5,0,35,43.5,25.9,0.0,1.5,57.3,1000.6,5.0,H,18,Silverstone,Racing Point
50,46,STR,51,0,6,6,5,0,35,43.4,26.0,0.0,1.0,57.2,1000.8,342.0,H,19,Silverstone,Racing Point
51,46,STR,52,0,6,6,5,0,35,43.8,26.3,0.0,1.2,56.6,1000.7,32.0,H,20,Silverstone,Racing Point
0,46,GAS,1,1,7,7,7,0,73,42.9,24.4,0.0,3.4,61.1,1001.1,359.0,M,3,Silverstone,AlphaTauri
1,46,GAS,2,0,7,7,7,0,73,42.0,24.2,0.0,3.1,61.7,1001.1,27.0,M,4,Silverstone,AlphaTauri
2,46,GAS,3,0,7,7,7,0,75,42.6,24.5,0.0,3.7,61.2,1001.1,5.0,M,5,Silverstone,AlphaTauri
3,46,GAS,4,0,7,7,7,0,80,43.0,24.9,0.0,1.9,59.8,1001.0,11.0,M,6,Silverstone,AlphaTauri
4,46,GAS,5,0,7,7,7,0,83,43.0,25.0,0.0,3.3,59.4,1001.0,8.0,M,7,Silverstone,AlphaTauri
5,46,GAS,6,0,7,7,7,0,84,43.1,25.2,0.0,3.5,58.7,1001.0,17.0,M,8,Silverstone,AlphaTauri
6,46,GAS,7,0,7,7,7,0,83,43.1,25.1,0.0,3.0,58.3,1001.0,6.0,M,9,Silverstone,AlphaTauri
7,46,GAS,8,0,7,18,7,0,83,43.6,25.3,0.0,1.9,58.2,1000.9,28.0,H,0,Silverstone,AlphaTauri
8,46,GAS,9,0,18,17,7,0,82,43.4,25.4,0.0,2.3,57.8,1000.9,3.0,H,1,Silverstone,AlphaTauri
9,46,GAS,10,0,17,14,7,0,82,43.8,25.4,0.0,1.9,58.1,1000.9,354.0,H,2,Silverstone,AlphaTauri
10,46,GAS,11,0,14,14,7,0,83,44.0,25.7,0.0,2.7,57.2,1000.9,30.0,H,3,Silverstone,AlphaTauri
11,46,GAS,12,0,14,14,7,0,83,43.5,25.7,0.0,1.3,56.8,1000.9,330.0,H,4,Silverstone,AlphaTauri
12,46,GAS,13,0,14,14,7,0,83,42.9,25.5,0.0,1.8,57.4,1000.9,343.0,H,5,Silverstone,AlphaTauri
13,46,GAS,14,0,14,14,7,0,83,42.9,25.4,0.0,1.5,57.9,1001.0,315.0,H,6,Silverstone,AlphaTauri
14,46,GAS,15,0,14,14,7,0,83,43.3,25.5,0.0,2.2,58.3,1000.7,28.0,H,7,Silverstone,AlphaTauri
15,46,GAS,16,0,14,14,7,0,78,43.5,25.4,0.0,2.3,58.4,1000.9,61.0,H,8,Silverstone,AlphaTauri
16,46,GAS,17,0,14,14,7,0,77,43.6,25.4,0.0,2.1,58.5,1000.8,29.0,H,9,Silverstone,AlphaTauri
17,46,GAS,18,0,14,13,7,0,78,44.0,25.4,0.0,1.4,58.3,1000.8,309.0,H,10,Silverstone,AlphaTauri
18,46,GAS,19,0,13,13,7,0,78,43.9,25.5,0.0,1.8,58.4,1000.9,6.0,H,11,Silverstone,AlphaTauri
19,46,GAS,20,0,13,12,7,0,78,43.6,25.4,0.0,2.2,58.9,1000.9,17.0,H,12,Silverstone,AlphaTauri
20,46,GAS,21,0,12,13,7,0,78,43.6,25.5,0.0,2.5,57.8,1000.9,14.0,H,13,Silverstone,AlphaTauri
21,46,GAS,22,0,13,13,7,0,78,44.0,25.6,0.0,2.3,57.9,1000.8,22.0,H,14,Silverstone,AlphaTauri
22,46,GAS,23,0,13,10,7,0,78,43.8,25.9,0.0,1.0,56.5,1000.9,4.0,H,15,Silverstone,AlphaTauri
23,46,GAS,24,0,10,19,7,0,78,44.5,26.3,0.0,1.7,55.0,1000.9,320.0,H,0,Silverstone,AlphaTauri
24,46,GAS,25,0,19,18,7,0,78,44.6,26.4,0.0,1.0,54.7,1000.9,287.0,H,1,Silverstone,AlphaTauri
25,46,GAS,26,0,18,18,7,0,78,44.6,26.6,0.0,1.9,54.3,1000.9,7.0,H,2,Silverstone,AlphaTauri
26,46,GAS,27,0,18,16,7,0,79,44.4,26.7,0.0,3.0,55.0,1000.9,9.0,H,3,Silverstone,AlphaTauri
27,46,GAS,28,0,16,16,7,0,79,43.4,26.0,0.0,2.7,56.4,1000.9,0.0,H,4,Silverstone,AlphaTauri
28,46,GAS,29,0,16,15,7,0,79,43.6,25.9,0.0,1.1,56.8,1000.8,21.0,H,5,Silverstone,AlphaTauri
29,46,GAS,30,0,15,14,7,0,79,43.6,25.9,0.0,1.5,56.5,1000.9,14.0,H,6,Silverstone,AlphaTauri
30,46,GAS,31,1,14,14,7,0,79,43.6,25.8,0.0,2.0,57.1,1000.8,38.0,H,7,Silverstone,AlphaTauri
31,46,GAS,32,0,14,14,7,0,79,43.6,25.5,0.0,1.8,57.8,1000.8,22.0,H,8,Silverstone,AlphaTauri
32,46,GAS,33,0,14,14,7,0,80,43.2,25.6,0.0,2.0,58.2,1000.8,2.0,H,9,Silverstone,AlphaTauri
33,46,GAS,34,0,14,13,7,0,80,43.2,25.6,0.0,1.8,57.7,1000.8,14.0,H,10,Silverstone,AlphaTauri
34,46,GAS,35,0,13,12,7,0,80,43.5,25.7,0.0,1.8,57.6,1000.7,312.0,H,11,Silverstone,AlphaTauri
35,46,GAS,36,0,12,11,7,0,80,43.7,26.0,0.0,1.5,56.8,1000.7,11.0,H,12,Silverstone,AlphaTauri
36,46,GAS,37,0,11,11,7,0,80,45.1,26.5,0.0,2.4,54.8,1000.7,25.0,H,13,Silverstone,AlphaTauri
37,46,GAS,38,0,11,11,7,0,80,44.3,26.8,0.0,2.3,54.5,1000.8,17.0,H,14,Silverstone,AlphaTauri
38,46,GAS,39,0,11,11,7,0,81,44.0,26.6,0.0,3.4,54.9,1000.7,17.0,H,15,Silverstone,AlphaTauri
39,46,GAS,40,0,11,11,7,0,81,43.7,26.4,0.0,1.5,55.3,1000.7,16.0,H,16,Silverstone,AlphaTauri
40,46,GAS,41,0,11,11,7,0,81,43.6,26.2,0.0,1.7,56.2,1000.7,2.0,H,17,Silverstone,AlphaTauri
41,46,GAS,42,0,11,11,7,0,82,44.1,26.2,0.0,2.4,56.5,1000.7,245.0,H,18,Silverstone,AlphaTauri
42,46,GAS,43,0,11,11,7,0,82,44.1,26.3,0.0,0.7,56.6,1000.6,7.0,H,19,Silverstone,AlphaTauri
43,46,GAS,44,0,11,11,7,0,83,44.3,26.2,0.0,1.4,56.6,1000.8,20.0,H,20,Silverstone,AlphaTauri
44,46,GAS,45,0,11,11,7,0,83,44.1,26.4,0.0,1.4,55.9,1000.7,5.0,H,21,Silverstone,AlphaTauri
45,46,GAS,46,0,11,11,7,0,84,43.9,26.6,0.0,1.4,55.6,1000.7,28.0,H,22,Silverstone,AlphaTauri
46,46,GAS,47,0,11,11,7,0,84,43.7,26.3,0.0,3.1,56.0,1000.6,42.0,H,23,Silverstone,AlphaTauri
47,46,GAS,48,0,11,11,7,0,84,43.7,26.1,0.0,2.9,57.0,1000.6,3.0,H,24,Silverstone,AlphaTauri
48,46,GAS,49,0,11,11,7,0,85,43.8,26.2,0.0,2.5,56.4,1000.8,357.0,H,25,Silverstone,AlphaTauri
49,46,GAS,50,0,11,11,7,0,85,43.3,26.0,0.0,1.5,57.4,1000.8,337.0,H,26,Silverstone,AlphaTauri
50,46,GAS,51,0,11,11,7,0,85,43.4,26.0,0.0,1.0,57.2,1000.8,342.0,H,27,Silverstone,AlphaTauri
51,46,GAS,52,0,11,11,7,0,86,43.8,26.3,0.0,1.2,56.6,1000.7,32.0,H,28,Silverstone,AlphaTauri
0,46,LEC,1,1,10,10,10,0,43,42.9,24.2,0.0,3.2,61.2,1001.1,13.0,M,3,Silverstone,Ferrari
1,46,LEC,2,0,10,10,10,0,43,42.6,24.5,0.0,3.7,61.2,1001.1,5.0,M,4,Silverstone,Ferrari
2,46,LEC,3,0,10,10,10,0,45,42.8,24.9,0.0,1.9,59.9,1001.2,19.0,M,5,Silverstone,Ferrari
3,46,LEC,4,0,10,10,10,0,47,43.0,24.9,0.0,1.9,59.9,1001.1,66.0,M,6,Silverstone,Ferrari
4,46,LEC,5,0,10,10,10,0,50,43.0,24.9,0.0,1.9,59.8,1001.0,11.0,M,7,Silverstone,Ferrari
5,46,LEC,6,0,10,10,10,0,50,43.0,25.0,0.0,3.3,59.4,1001.0,8.0,M,8,Silverstone,Ferrari
6,46,LEC,7,0,10,9,10,0,49,43.4,25.4,0.0,2.3,57.8,1000.9,3.0,M,9,Silverstone,Ferrari
7,46,LEC,8,0,9,8,10,0,51,43.8,25.5,0.0,2.1,58.3,1001.0,7.0,M,10,Silverstone,Ferrari
8,46,LEC,9,0,8,8,10,0,50,44.0,25.5,0.0,2.1,58.5,1000.9,22.0,M,11,Silverstone,Ferrari
9,46,LEC,10,0,8,8,10,0,51,42.9,25.5,0.0,1.8,57.4,1000.9,343.0,M,12,Silverstone,Ferrari
10,46,LEC,11,0,8,8,10,0,52,43.5,25.4,0.0,2.3,58.4,1000.9,61.0,M,13,Silverstone,Ferrari
11,46,LEC,12,0,8,8,10,0,53,43.6,25.4,0.0,3.1,57.8,1000.9,296.0,M,14,Silverstone,Ferrari
12,46,LEC,13,0,8,7,10,0,54,43.6,25.4,0.0,2.1,58.5,1000.8,29.0,M,15,Silverstone,Ferrari
13,46,LEC,14,0,7,7,10,0,55,44.0,25.4,0.0,1.4,58.3,1000.8,309.0,M,16,Silverstone,Ferrari
14,46,LEC,15,0,7,6,10,0,56,43.9,25.5,0.0,1.8,58.4,1000.9,6.0,M,17,Silverstone,Ferrari
15,46,LEC,16,0,6,5,10,0,57,43.6,25.4,0.0,2.2,58.9,1000.9,17.0,M,18,Silverstone,Ferrari
16,46,LEC,17,0,5,5,10,0,57,43.6,25.5,0.0,2.5,57.8,1000.9,14.0,M,19,Silverstone,Ferrari
17,46,LEC,18,0,5,5,10,0,57,44.0,25.6,0.0,2.3,57.9,1000.8,22.0,M,20,Silverstone,Ferrari
18,46,LEC,19,0,5,12,10,0,57,43.8,25.8,0.0,2.1,56.8,1001.0,13.0,H,0,Silverstone,Ferrari
19,46,LEC,20,0,12,10,10,0,57,43.8,25.9,0.0,1.0,56.5,1000.9,4.0,H,1,Silverstone,Ferrari
20,46,LEC,21,0,10,10,10,0,57,44.6,26.5,0.0,1.8,54.6,1000.9,33.0,H,2,Silverstone,Ferrari
21,46,LEC,22,0,10,10,10,0,57,44.6,26.6,0.0,1.9,54.3,1000.9,7.0,H,3,Silverstone,Ferrari
22,46,LEC,23,0,10,7,10,0,57,44.8,26.6,0.0,1.4,54.5,1000.9,7.0,H,4,Silverstone,Ferrari
23,46,LEC,24,0,7,7,10,0,57,44.4,26.7,0.0,3.0,55.0,1000.9,9.0,H,5,Silverstone,Ferrari
24,46,LEC,25,0,7,7,10,0,57,43.7,26.4,0.0,2.6,55.4,1000.8,22.0,H,6,Silverstone,Ferrari
25,46,LEC,26,0,7,7,10,0,57,43.6,25.9,0.0,1.1,56.8,1000.8,21.0,H,7,Silverstone,Ferrari
26,46,LEC,27,0,7,6,10,0,57,43.6,25.9,0.0,1.5,56.5,1000.9,14.0,H,8,Silverstone,Ferrari
27,46,LEC,28,0,6,6,10,0,57,43.6,25.7,0.0,1.9,57.2,1000.8,14.0,H,9,Silverstone,Ferrari
28,46,LEC,29,0,6,6,10,0,58,43.6,25.8,0.0,2.0,57.1,1000.8,38.0,H,10,Silverstone,Ferrari
29,46,LEC,30,0,6,6,10,0,58,43.6,25.5,0.0,1.8,57.8,1000.8,22.0,H,11,Silverstone,Ferrari
30,46,LEC,31,1,6,5,10,0,59,43.2,25.6,0.0,1.8,57.7,1000.8,14.0,H,12,Silverstone,Ferrari
31,46,LEC,32,0,5,4,10,0,59,43.5,25.7,0.0,1.8,57.6,1000.7,312.0,H,13,Silverstone,Ferrari
32,46,LEC,33,0,4,4,10,0,59,43.7,26.0,0.0,1.5,56.8,1000.7,11.0,H,14,Silverstone,Ferrari
33,46,LEC,34,0,4,4,10,0,59,45.0,26.6,0.0,1.7,55.0,1000.8,16.0,H,15,Silverstone,Ferrari
34,46,LEC,35,0,4,4,10,0,59,44.0,26.6,0.0,3.4,54.9,1000.7,17.0,H,16,Silverstone,Ferrari
35,46,LEC,36,0,4,4,10,0,59,43.7,26.5,0.0,3.0,55.4,1000.7,16.0,H,17,Silverstone,Ferrari
36,46,LEC,37,0,4,4,10,0,59,43.7,26.4,0.0,1.5,55.3,1000.7,16.0,H,18,Silverstone,Ferrari
37,46,LEC,38,0,4,4,10,0,59,43.8,26.5,0.0,2.6,55.1,1000.6,17.0,H,19,Silverstone,Ferrari
38,46,LEC,39,0,4,4,10,0,59,43.6,26.2,0.0,1.7,56.2,1000.7,2.0,H,20,Silverstone,Ferrari
39,46,LEC,40,0,4,4,10,0,59,43.7,26.3,0.0,1.6,55.7,1000.7,4.0,H,21,Silverstone,Ferrari
40,46,LEC,41,0,4,4,10,0,59,43.9,26.4,0.0,1.8,55.4,1000.7,14.0,H,22,Silverstone,Ferrari
41,46,LEC,42,0,4,3,10,0,59,43.7,26.4,0.0,1.8,56.1,1000.7,48.0,H,23,Silverstone,Ferrari
42,46,LEC,43,0,3,3,10,0,59,44.1,26.2,0.0,2.4,56.5,1000.7,245.0,H,24,Silverstone,Ferrari
43,46,LEC,44,0,3,3,10,0,59,44.1,26.3,0.0,0.7,56.6,1000.6,7.0,H,25,Silverstone,Ferrari
44,46,LEC,45,0,3,4,10,0,59,44.3,26.4,0.0,2.0,55.2,1000.7,15.0,H,26,Silverstone,Ferrari
45,46,LEC,46,0,4,4,10,0,59,44.3,26.2,0.0,1.4,56.6,1000.8,20.0,H,27,Silverstone,Ferrari
46,46,LEC,47,0,4,4,10,0,59,43.7,26.3,0.0,3.1,56.0,1000.6,42.0,H,28,Silverstone,Ferrari
47,46,LEC,48,0,4,4,10,0,59,43.8,26.2,0.0,2.5,56.4,1000.8,357.0,H,29,Silverstone,Ferrari
48,46,LEC,49,0,4,4,10,0,59,43.6,26.0,0.0,2.2,56.5,1000.7,349.0,H,30,Silverstone,Ferrari
49,46,LEC,50,0,4,4,10,0,59,43.2,25.9,0.0,1.8,57.4,1000.7,15.0,H,31,Silverstone,Ferrari
50,46,LEC,51,0,4,4,10,0,59,43.4,26.0,0.0,1.0,57.2,1000.8,342.0,H,32,Silverstone,Ferrari
51,46,LEC,52,0,4,4,10,0,58,43.8,26.3,0.0,1.2,56.6,1000.7,32.0,H,33,Silverstone,Ferrari
0,46,ALB,1,1,9,9,9,0,33,42.9,24.4,0.0,3.4,61.1,1001.1,359.0,M,3,Silverstone,Red Bull Racing
1,46,ALB,2,0,9,9,9,0,34,42.9,24.2,0.0,3.2,61.2,1001.1,13.0,M,4,Silverstone,Red Bull Racing
2,46,ALB,3,0,9,9,9,0,34,42.6,24.5,0.0,3.7,61.2,1001.1,5.0,M,5,Silverstone,Red Bull Racing
3,46,ALB,4,0,9,9,9,0,37,42.8,24.9,0.0,1.9,59.9,1001.2,19.0,M,6,Silverstone,Red Bull Racing
4,46,ALB,5,0,9,9,9,0,41,43.0,25.0,0.0,3.3,59.4,1001.0,8.0,M,7,Silverstone,Red Bull Racing
5,46,ALB,6,0,9,9,9,0,40,43.1,25.2,0.0,3.5,58.7,1001.0,17.0,M,8,Silverstone,Red Bull Racing
6,46,ALB,7,0,9,20,9,0,38,43.1,25.1,0.0,3.0,58.3,1001.0,6.0,H,0,Silverstone,Red Bull Racing
7,46,ALB,8,0,20,19,9,0,39,43.6,25.3,0.0,1.9,58.2,1000.9,28.0,H,1,Silverstone,Red Bull Racing
8,46,ALB,9,0,19,18,9,0,38,43.8,25.5,0.0,2.1,58.3,1001.0,7.0,H,2,Silverstone,Red Bull Racing
9,46,ALB,10,0,18,16,9,0,37,44.0,25.5,0.0,2.1,58.5,1000.9,22.0,H,3,Silverstone,Red Bull Racing
10,46,ALB,11,0,16,16,9,0,36,44.0,25.7,0.0,2.7,57.2,1000.9,30.0,H,4,Silverstone,Red Bull Racing
11,46,ALB,12,0,16,16,9,0,35,42.9,25.4,0.0,1.5,57.9,1001.0,315.0,H,5,Silverstone,Red Bull Racing
12,46,ALB,13,0,16,15,9,0,35,43.3,25.5,0.0,2.2,58.3,1000.7,28.0,H,6,Silverstone,Red Bull Racing
13,46,ALB,14,0,15,15,9,0,35,43.5,25.4,0.0,2.3,58.4,1000.9,61.0,H,7,Silverstone,Red Bull Racing
14,46,ALB,15,0,15,15,9,0,35,43.6,25.2,0.0,2.4,59.1,1001.0,1.0,H,8,Silverstone,Red Bull Racing
15,46,ALB,16,0,15,15,9,0,34,43.9,25.5,0.0,1.8,58.4,1000.9,6.0,H,9,Silverstone,Red Bull Racing
16,46,ALB,17,0,15,15,9,0,34,43.6,25.5,0.0,2.5,57.8,1000.9,14.0,H,10,Silverstone,Red Bull Racing
17,46,ALB,18,0,15,14,9,0,33,44.0,25.6,0.0,2.3,57.9,1000.8,22.0,H,11,Silverstone,Red Bull Racing
18,46,ALB,19,0,14,14,9,0,33,43.8,25.8,0.0,2.1,56.8,1001.0,13.0,H,12,Silverstone,Red Bull Racing
19,46,ALB,20,0,14,13,9,0,33,44.5,26.3,0.0,1.7,55.0,1000.9,320.0,H,13,Silverstone,Red Bull Racing
20,46,ALB,21,0,13,12,9,0,33,44.6,26.4,0.0,1.0,54.7,1000.9,287.0,H,14,Silverstone,Red Bull Racing
21,46,ALB,22,0,12,12,9,0,33,44.6,26.5,0.0,1.8,54.6,1000.9,33.0,H,15,Silverstone,Red Bull Racing
22,46,ALB,23,0,12,9,9,0,33,44.6,26.6,0.0,1.9,54.3,1000.9,7.0,H,16,Silverstone,Red Bull Racing
23,46,ALB,24,0,9,9,9,0,33,44.8,26.6,0.0,1.4,54.5,1000.9,7.0,H,17,Silverstone,Red Bull Racing
24,46,ALB,25,0,9,9,9,0,34,43.7,26.4,0.0,2.6,55.4,1000.8,22.0,H,18,Silverstone,Red Bull Racing
25,46,ALB,26,0,9,9,9,0,34,43.4,26.0,0.0,2.7,56.4,1000.9,0.0,H,19,Silverstone,Red Bull Racing
26,46,ALB,27,0,9,8,9,0,34,43.6,25.9,0.0,1.5,56.5,1000.9,14.0,H,20,Silverstone,Red Bull Racing
27,46,ALB,28,0,8,8,9,0,34,43.6,25.7,0.0,1.9,57.2,1000.8,14.0,H,21,Silverstone,Red Bull Racing
28,46,ALB,29,0,8,7,9,0,34,43.6,25.8,0.0,2.0,57.1,1000.8,38.0,H,22,Silverstone,Red Bull Racing
29,46,ALB,30,0,7,7,9,0,34,43.6,25.8,0.0,2.2,57.0,1000.7,23.0,H,23,Silverstone,Red Bull Racing
30,46,ALB,31,1,7,11,9,0,34,43.6,25.5,0.0,1.8,57.8,1000.8,22.0,H,0,Silverstone,Red Bull Racing
31,46,ALB,32,0,11,11,9,0,35,43.2,25.6,0.0,2.0,58.2,1000.8,2.0,H,1,Silverstone,Red Bull Racing
32,46,ALB,33,0,11,11,9,0,35,43.5,25.7,0.0,1.8,57.6,1000.7,312.0,H,2,Silverstone,Red Bull Racing
33,46,ALB,34,0,11,10,9,0,35,43.7,26.0,0.0,1.5,56.8,1000.7,11.0,H,3,Silverstone,Red Bull Racing
34,46,ALB,35,0,10,8,9,0,34,45.1,26.5,0.0,2.4,54.8,1000.7,25.0,H,4,Silverstone,Red Bull Racing
35,46,ALB,36,0,8,7,9,0,34,45.0,26.6,0.0,1.7,55.0,1000.8,16.0,H,5,Silverstone,Red Bull Racing
36,46,ALB,37,0,7,7,9,0,35,44.3,26.8,0.0,2.3,54.5,1000.8,17.0,H,6,Silverstone,Red Bull Racing
37,46,ALB,38,0,7,7,9,0,35,44.0,26.6,0.0,3.4,54.9,1000.7,17.0,H,7,Silverstone,Red Bull Racing
38,46,ALB,39,0,7,7,9,0,35,43.8,26.5,0.0,2.6,55.1,1000.6,17.0,H,8,Silverstone,Red Bull Racing
39,46,ALB,40,0,7,7,9,0,36,43.6,26.2,0.0,1.7,56.2,1000.7,2.0,H,9,Silverstone,Red Bull Racing
40,46,ALB,41,0,7,7,9,0,36,43.9,26.4,0.0,1.8,55.4,1000.7,14.0,H,10,Silverstone,Red Bull Racing
41,46,ALB,42,0,7,7,9,0,37,44.3,26.2,0.0,1.4,56.6,1000.8,20.0,H,11,Silverstone,Red Bull Racing
42,46,ALB,43,0,7,7,9,0,37,44.1,26.4,0.0,1.4,55.9,1000.7,5.0,H,12,Silverstone,Red Bull Racing
43,46,ALB,44,0,7,7,9,0,38,43.9,26.8,0.0,3.0,54.3,1000.7,357.0,H,13,Silverstone,Red Bull Racing
44,46,ALB,45,0,7,6,9,0,38,43.7,26.3,0.0,3.1,56.0,1000.6,42.0,H,14,Silverstone,Red Bull Racing
45,46,ALB,46,0,6,6,9,0,38,43.7,26.1,0.0,2.9,57.0,1000.6,3.0,H,15,Silverstone,Red Bull Racing
46,46,ALB,47,0,6,6,9,0,39,43.8,26.2,0.0,2.5,56.4,1000.8,357.0,H,16,Silverstone,Red Bull Racing
47,46,ALB,48,0,6,6,9,0,39,43.2,26.0,0.0,1.9,56.5,1000.7,21.0,H,17,Silverstone,Red Bull Racing
48,46,ALB,49,0,6,6,9,0,39,43.2,25.9,0.0,1.8,57.4,1000.7,15.0,H,18,Silverstone,Red Bull Racing
49,46,ALB,50,0,6,5,9,0,39,43.3,26.0,0.0,1.5,57.4,1000.8,337.0,H,19,Silverstone,Red Bull Racing
50,46,ALB,51,0,5,5,9,0,39,43.5,25.9,0.0,1.5,57.3,1000.6,5.0,H,20,Silverstone,Red Bull Racing
51,46,ALB,52,0,5,5,9,0,35,43.8,26.3,0.0,1.2,56.6,1000.7,32.0,H,21,Silverstone,Red Bull Racing
0,46,NOR,1,1,8,8,8,0,27,42.9,24.4,0.0,3.4,61.1,1001.1,359.0,M,3,Silverstone,McLaren
1,46,NOR,2,0,8,8,8,0,27,42.0,24.2,0.0,3.1,61.7,1001.1,27.0,M,4,Silverstone,McLaren
2,46,NOR,3,0,8,8,8,0,30,42.8,24.9,0.0,1.9,59.9,1001.2,19.0,M,5,Silverstone,McLaren
3,46,NOR,4,0,8,8,8,0,34,43.1,24.9,0.0,2.0,59.4,1001.0,295.0,M,6,Silverstone,McLaren
4,46,NOR,5,0,8,8,8,0,37,43.0,24.9,0.0,1.9,59.8,1001.0,11.0,M,7,Silverstone,McLaren
5,46,NOR,6,0,8,8,8,0,37,43.0,25.0,0.0,3.3,59.4,1001.0,8.0,M,8,Silverstone,McLaren
6,46,NOR,7,0,8,8,8,0,36,43.3,25.1,0.0,2.4,58.7,1001.0,18.0,M,9,Silverstone,McLaren
7,46,NOR,8,0,8,7,8,0,36,43.4,25.4,0.0,2.3,57.8,1000.9,3.0,M,10,Silverstone,McLaren
8,46,NOR,9,0,7,7,8,0,36,43.8,25.5,0.0,2.1,58.3,1001.0,7.0,M,11,Silverstone,McLaren
9,46,NOR,10,0,7,7,8,0,36,43.8,25.4,0.0,1.9,58.1,1000.9,354.0,M,12,Silverstone,McLaren
10,46,NOR,11,0,7,7,8,0,38,44.0,25.5,0.0,2.1,58.5,1000.9,22.0,M,13,Silverstone,McLaren
11,46,NOR,12,0,7,7,8,0,39,44.0,25.7,0.0,3.0,57.3,1000.9,10.0,M,14,Silverstone,McLaren
12,46,NOR,13,0,7,13,8,0,38,43.5,25.7,0.0,1.3,56.8,1000.9,330.0,H,0,Silverstone,McLaren
13,46,NOR,14,0,13,13,8,0,39,42.9,25.4,0.0,1.5,57.9,1001.0,315.0,H,1,Silverstone,McLaren
14,46,NOR,15,0,13,13,8,0,39,43.3,25.5,0.0,2.2,58.3,1000.7,28.0,H,2,Silverstone,McLaren
15,46,NOR,16,0,13,13,8,0,38,43.5,25.4,0.0,2.3,58.4,1000.9,61.0,H,3,Silverstone,McLaren
16,46,NOR,17,0,13,13,8,0,37,43.6,25.4,0.0,2.1,58.5,1000.8,29.0,H,4,Silverstone,McLaren
17,46,NOR,18,0,13,12,8,0,37,43.6,25.4,0.0,2.2,58.9,1000.9,17.0,H,5,Silverstone,McLaren
18,46,NOR,19,0,12,11,8,0,37,43.6,25.5,0.0,2.5,57.8,1000.9,14.0,H,6,Silverstone,McLaren
19,46,NOR,20,0,11,11,8,0,37,44.0,25.9,0.0,2.5,56.8,1000.9,12.0,H,7,Silverstone,McLaren
20,46,NOR,21,0,11,11,8,0,37,43.8,25.9,0.0,1.0,56.5,1000.9,4.0,H,8,Silverstone,McLaren
21,46,NOR,22,0,11,11,8,0,37,44.5,26.3,0.0,1.7,55.0,1000.9,320.0,H,9,Silverstone,McLaren
22,46,NOR,23,0,11,8,8,0,36,44.6,26.4,0.0,1.0,54.7,1000.9,287.0,H,10,Silverstone,McLaren
23,46,NOR,24,0,8,8,8,0,37,44.6,26.5,0.0,1.8,54.6,1000.9,33.0,H,11,Silverstone,McLaren
24,46,NOR,25,0,8,8,8,0,37,44.6,26.6,0.0,1.9,54.3,1000.9,7.0,H,12,Silverstone,McLaren
25,46,NOR,26,0,8,8,8,0,37,44.8,26.6,0.0,1.4,54.5,1000.9,7.0,H,13,Silverstone,McLaren
26,46,NOR,27,0,8,7,8,0,37,44.4,26.7,0.0,3.0,55.0,1000.9,9.0,H,14,Silverstone,McLaren
27,46,NOR,28,0,7,7,8,0,38,43.2,26.2,0.0,3.3,56.5,1000.8,23.0,H,15,Silverstone,McLaren
28,46,NOR,29,0,7,8,8,0,38,43.6,25.9,0.0,1.5,56.5,1000.9,14.0,H,16,Silverstone,McLaren
29,46,NOR,30,0,8,13,8,0,38,43.6,25.7,0.0,1.9,57.2,1000.8,14.0,H,0,Silverstone,McLaren
30,46,NOR,31,1,13,13,8,0,37,43.6,25.8,0.0,2.0,57.1,1000.8,38.0,H,1,Silverstone,McLaren
31,46,NOR,32,0,13,13,8,0,37,43.6,25.8,0.0,2.2,57.0,1000.7,23.0,H,2,Silverstone,McLaren
32,46,NOR,33,0,13,13,8,0,37,43.6,25.5,0.0,1.8,57.8,1000.8,22.0,H,3,Silverstone,McLaren
33,46,NOR,34,0,13,12,8,0,37,43.2,25.6,0.0,1.8,57.7,1000.8,14.0,H,4,Silverstone,McLaren
34,46,NOR,35,0,12,11,8,0,36,43.7,26.0,0.0,1.5,56.8,1000.7,11.0,H,5,Silverstone,McLaren
35,46,NOR,36,0,11,9,8,0,36,45.1,26.5,0.0,2.4,54.8,1000.7,25.0,H,6,Silverstone,McLaren
36,46,NOR,37,0,9,9,8,0,36,44.3,26.8,0.0,2.3,54.5,1000.8,17.0,H,7,Silverstone,McLaren
37,46,NOR,38,0,9,9,8,0,36,44.0,26.6,0.0,3.4,54.9,1000.7,17.0,H,8,Silverstone,McLaren
38,46,NOR,39,0,9,9,8,0,36,43.7,26.5,0.0,3.0,55.4,1000.7,16.0,H,9,Silverstone,McLaren
39,46,NOR,40,0,9,9,8,0,37,43.7,26.4,0.0,1.5,55.3,1000.7,16.0,H,10,Silverstone,McLaren
40,46,NOR,41,0,9,9,8,0,37,43.8,26.5,0.0,2.6,55.1,1000.6,17.0,H,11,Silverstone,McLaren
41,46,NOR,42,0,9,9,8,0,37,43.7,26.3,0.0,1.6,55.7,1000.7,4.0,H,12,Silverstone,McLaren
42,46,NOR,43,0,9,9,8,0,37,43.9,26.4,0.0,1.8,55.4,1000.7,14.0,H,13,Silverstone,McLaren
43,46,NOR,44,0,9,9,8,0,37,44.1,26.2,0.0,2.4,56.5,1000.7,245.0,H,14,Silverstone,McLaren
44,46,NOR,45,0,9,9,8,0,37,44.1,26.3,0.0,0.7,56.6,1000.6,7.0,H,15,Silverstone,McLaren
45,46,NOR,46,0,9,9,8,0,37,44.3,26.2,0.0,1.4,56.6,1000.8,20.0,H,16,Silverstone,McLaren
46,46,NOR,47,0,9,9,8,0,38,43.9,26.8,0.0,3.0,54.3,1000.7,357.0,H,17,Silverstone,McLaren
47,46,NOR,48,0,9,9,8,0,38,43.8,26.2,0.0,2.5,56.4,1000.8,357.0,H,18,Silverstone,McLaren
48,46,NOR,49,0,9,9,8,0,38,43.6,26.0,0.0,2.2,56.5,1000.7,349.0,H,19,Silverstone,McLaren
49,46,NOR,50,0,9,9,8,0,38,43.2,25.9,0.0,1.8,57.4,1000.7,15.0,H,20,Silverstone,McLaren
50,46,NOR,51,0,9,9,8,0,38,43.5,26.1,0.0,1.8,56.6,1000.7,33.0,H,21,Silverstone,McLaren
51,46,NOR,52,0,9,9,8,0,38,43.4,26.0,0.0,1.0,57.2,1000.8,342.0,H,22,Silverstone,McLaren
0,46,VET,1,1,20,20,20,0,28,42.9,24.4,0.0,3.4,61.1,1001.1,359.0,H,1,Silverstone,Ferrari
1,46,VET,2,0,20,19,20,0,34,42.6,24.5,0.0,3.7,61.2,1001.1,5.0,H,2,Silverstone,Ferrari
2,46,VET,3,0,19,19,20,0,39,42.8,24.9,0.0,1.9,59.9,1001.2,19.0,H,3,Silverstone,Ferrari
3,46,VET,4,0,19,18,20,0,39,43.0,24.9,0.0,1.9,59.9,1001.1,66.0,H,4,Silverstone,Ferrari
4,46,VET,5,0,18,18,20,0,36,43.0,24.9,0.0,1.9,59.8,1001.0,11.0,H,5,Silverstone,Ferrari
5,46,VET,6,0,18,18,20,0,38,43.0,25.0,0.0,3.3,59.4,1001.0,8.0,H,6,Silverstone,Ferrari
6,46,VET,7,0,18,17,20,0,38,43.1,25.2,0.0,3.5,58.7,1001.0,17.0,H,7,Silverstone,Ferrari
7,46,VET,8,0,17,15,20,0,39,43.1,25.1,0.0,3.0,58.3,1001.0,6.0,H,8,Silverstone,Ferrari
8,46,VET,9,0,15,14,20,0,40,43.1,25.1,0.0,3.0,58.4,1001.0,285.0,H,9,Silverstone,Ferrari
9,46,VET,10,0,14,13,20,0,41,43.4,25.4,0.0,2.3,57.8,1000.9,3.0,H,10,Silverstone,Ferrari
10,46,VET,11,0,13,13,20,0,43,43.8,25.5,0.0,2.1,58.3,1001.0,7.0,H,11,Silverstone,Ferrari
11,46,VET,12,0,13,13,20,0,43,43.8,25.4,0.0,1.9,58.1,1000.9,354.0,H,12,Silverstone,Ferrari
12,46,VET,13,0,13,12,20,0,43,44.0,25.5,0.0,2.1,58.5,1000.9,22.0,H,13,Silverstone,Ferrari
13,46,VET,14,0,12,12,20,0,45,43.5,25.7,0.0,1.3,56.8,1000.9,330.0,H,14,Silverstone,Ferrari
14,46,VET,15,0,12,12,20,0,46,42.9,25.5,0.0,1.8,57.4,1000.9,343.0,H,15,Silverstone,Ferrari
15,46,VET,16,0,12,12,20,0,47,43.3,25.5,0.0,2.2,58.3,1000.7,28.0,H,16,Silverstone,Ferrari
16,46,VET,17,0,12,11,20,0,47,43.6,25.4,0.0,3.1,57.8,1000.9,296.0,H,17,Silverstone,Ferrari
17,46,VET,18,0,11,11,20,0,47,43.6,25.4,0.0,2.1,58.5,1000.8,29.0,H,18,Silverstone,Ferrari
18,46,VET,19,0,11,10,20,0,48,43.6,25.2,0.0,2.4,59.1,1001.0,1.0,H,19,Silverstone,Ferrari
19,46,VET,20,0,10,9,20,0,48,44.0,25.4,0.0,1.4,58.3,1000.8,309.0,H,20,Silverstone,Ferrari
20,46,VET,21,0,9,9,20,0,49,43.6,25.4,0.0,2.2,58.9,1000.9,17.0,H,21,Silverstone,Ferrari
21,46,VET,22,0,9,9,20,0,49,43.6,25.5,0.0,2.5,57.8,1000.9,14.0,H,22,Silverstone,Ferrari
22,46,VET,23,0,9,15,20,0,49,44.0,25.9,0.0,2.5,56.8,1000.9,12.0,H,0,Silverstone,Ferrari
23,46,VET,24,0,15,13,20,0,48,43.8,25.8,0.0,2.1,56.8,1001.0,13.0,H,1,Silverstone,Ferrari
24,46,VET,25,0,13,13,20,0,45,44.5,26.3,0.0,1.7,55.0,1000.9,320.0,H,2,Silverstone,Ferrari
25,46,VET,26,0,13,13,20,0,45,44.6,26.4,0.0,1.0,54.7,1000.9,287.0,H,3,Silverstone,Ferrari
26,46,VET,27,0,13,13,20,0,46,44.6,26.6,0.0,1.9,54.3,1000.9,7.0,H,4,Silverstone,Ferrari
27,46,VET,28,0,13,13,20,0,46,44.8,26.6,0.0,1.4,54.5,1000.9,7.0,H,5,Silverstone,Ferrari
28,46,VET,29,0,13,13,20,0,46,43.7,26.4,0.0,2.6,55.4,1000.8,22.0,H,6,Silverstone,Ferrari
29,46,VET,30,0,13,12,20,0,46,43.4,26.0,0.0,2.7,56.4,1000.9,0.0,H,7,Silverstone,Ferrari
30,46,VET,31,1,12,10,20,0,46,43.6,25.7,0.0,1.9,57.2,1000.8,14.0,H,8,Silverstone,Ferrari
31,46,VET,32,0,10,10,20,0,46,43.6,25.8,0.0,2.2,57.0,1000.7,23.0,H,9,Silverstone,Ferrari
32,46,VET,33,0,10,10,20,0,47,43.6,25.5,0.0,1.8,57.8,1000.8,22.0,H,10,Silverstone,Ferrari
33,46,VET,34,0,10,14,20,0,47,43.5,25.7,0.0,1.8,57.6,1000.7,312.0,M,3,Silverstone,Ferrari
34,46,VET,35,0,14,13,20,0,47,43.7,26.0,0.0,1.5,56.8,1000.7,11.0,M,4,Silverstone,Ferrari
35,46,VET,36,0,13,12,20,0,47,45.1,26.5,0.0,2.4,54.8,1000.7,25.0,M,5,Silverstone,Ferrari
36,46,VET,37,0,12,12,20,0,47,45.0,26.6,0.0,1.7,55.0,1000.8,16.0,M,6,Silverstone,Ferrari
37,46,VET,38,0,12,12,20,0,47,44.3,26.8,0.0,2.3,54.5,1000.8,17.0,M,7,Silverstone,Ferrari
38,46,VET,39,0,12,12,20,0,47,43.7,26.5,0.0,3.0,55.4,1000.7,16.0,M,8,Silverstone,Ferrari
39,46,VET,40,0,12,12,20,0,45,43.8,26.5,0.0,2.6,55.1,1000.6,17.0,M,9,Silverstone,Ferrari
40,46,VET,41,0,12,12,20,0,45,43.7,26.4,0.0,1.8,56.1,1000.7,48.0,M,10,Silverstone,Ferrari
41,46,VET,42,0,12,12,20,0,45,44.3,26.4,0.0,2.0,55.2,1000.7,15.0,M,11,Silverstone,Ferrari
42,46,VET,43,0,12,12,20,0,46,43.9,26.6,0.0,1.4,55.6,1000.7,28.0,M,12,Silverstone,Ferrari
43,46,VET,44,0,12,12,20,0,46,43.9,26.8,0.0,3.0,54.3,1000.7,357.0,M,13,Silverstone,Ferrari
44,46,VET,45,0,12,12,20,0,47,43.7,26.3,0.0,3.1,56.0,1000.6,42.0,M,14,Silverstone,Ferrari
45,46,VET,46,0,12,12,20,0,47,43.7,26.1,0.0,2.9,57.0,1000.6,3.0,M,15,Silverstone,Ferrari
46,46,VET,47,0,12,12,20,0,47,43.6,26.0,0.0,2.2,56.5,1000.7,349.0,M,16,Silverstone,Ferrari
47,46,VET,48,0,12,12,20,0,47,43.2,26.0,0.0,1.9,56.5,1000.7,21.0,M,17,Silverstone,Ferrari
48,46,VET,49,0,12,12,20,0,48,43.3,26.0,0.0,1.5,57.4,1000.8,337.0,M,18,Silverstone,Ferrari
49,46,VET,50,0,12,12,20,0,46,43.5,26.1,0.0,1.8,56.6,1000.7,33.0,M,19,Silverstone,Ferrari
50,46,VET,51,0,12,12,20,0,45,43.4,26.0,0.0,1.0,57.2,1000.8,342.0,M,20,Silverstone,Ferrari
51,46,VET,52,0,12,12,20,0,46,43.8,26.3,0.0,1.2,56.6,1000.7,32.0,M,21,Silverstone,Ferrari
0,46,SAI,1,1,11,11,11,0,49,42.9,24.4,0.0,3.4,61.1,1001.1,359.0,H,0,Silverstone,McLaren
1,46,SAI,2,0,11,11,11,0,52,42.9,24.2,0.0,3.2,61.2,1001.1,13.0,H,1,Silverstone,McLaren
2,46,SAI,3,0,11,11,11,0,56,42.0,24.2,0.0,3.1,61.7,1001.1,27.0,H,2,Silverstone,McLaren
3,46,SAI,4,0,11,11,11,0,60,42.6,24.5,0.0,3.7,61.2,1001.1,5.0,H,3,Silverstone,McLaren
4,46,SAI,5,0,11,11,11,0,63,42.8,24.9,0.0,1.9,59.9,1001.2,19.0,H,4,Silverstone,McLaren
5,46,SAI,6,0,11,11,11,0,64,43.0,24.9,0.0,1.9,59.9,1001.1,66.0,H,5,Silverstone,McLaren
6,46,SAI,7,0,11,10,11,0,63,43.0,24.9,0.0,1.9,59.8,1001.0,11.0,H,6,Silverstone,McLaren
7,46,SAI,8,0,10,9,11,0,63,43.0,25.0,0.0,3.3,59.4,1001.0,8.0,H,7,Silverstone,McLaren
8,46,SAI,9,0,9,9,11,0,63,43.1,25.1,0.0,3.0,58.3,1001.0,6.0,H,8,Silverstone,McLaren
9,46,SAI,10,0,9,9,11,0,64,43.1,25.1,0.0,3.0,58.4,1001.0,285.0,H,9,Silverstone,McLaren
10,46,SAI,11,0,9,9,11,0,66,44.0,25.5,0.0,2.1,58.5,1000.9,22.0,H,10,Silverstone,McLaren
11,46,SAI,12,0,9,9,11,0,67,44.0,25.7,0.0,3.0,57.3,1000.9,10.0,H,11,Silverstone,McLaren
12,46,SAI,13,0,9,8,11,0,69,42.9,25.5,0.0,1.8,57.4,1000.9,343.0,H,12,Silverstone,McLaren
13,46,SAI,14,0,8,8,11,0,70,42.9,25.4,0.0,1.5,57.9,1001.0,315.0,H,13,Silverstone,McLaren
14,46,SAI,15,0,8,7,11,0,72,43.3,25.5,0.0,2.2,58.3,1000.7,28.0,H,14,Silverstone,McLaren
15,46,SAI,16,0,7,6,11,0,72,43.5,25.4,0.0,2.3,58.4,1000.9,61.0,H,15,Silverstone,McLaren
16,46,SAI,17,0,6,6,11,0,71,43.6,25.4,0.0,2.1,58.5,1000.8,29.0,H,16,Silverstone,McLaren
17,46,SAI,18,0,6,6,11,0,71,44.0,25.4,0.0,1.4,58.3,1000.8,309.0,H,17,Silverstone,McLaren
18,46,SAI,19,0,6,4,11,0,71,43.9,25.5,0.0,1.8,58.4,1000.9,6.0,H,18,Silverstone,McLaren
19,46,SAI,20,0,4,4,11,0,70,44.0,25.6,0.0,2.3,57.9,1000.8,22.0,H,19,Silverstone,McLaren
20,46,SAI,21,0,4,4,11,0,70,44.0,25.9,0.0,2.5,56.8,1000.9,12.0,H,20,Silverstone,McLaren
21,46,SAI,22,0,4,4,11,0,69,43.8,25.8,0.0,2.1,56.8,1001.0,13.0,H,21,Silverstone,McLaren
22,46,SAI,23,0,4,13,11,0,68,44.5,26.3,0.0,1.7,55.0,1000.9,320.0,M,3,Silverstone,McLaren
23,46,SAI,24,0,13,12,11,0,67,44.6,26.5,0.0,1.8,54.6,1000.9,33.0,M,4,Silverstone,McLaren
24,46,SAI,25,0,12,12,11,0,66,44.6,26.6,0.0,1.9,54.3,1000.9,7.0,M,5,Silverstone,McLaren
25,46,SAI,26,0,12,12,11,0,65,44.8,26.6,0.0,1.4,54.5,1000.9,7.0,M,6,Silverstone,McLaren
26,46,SAI,27,0,12,12,11,0,65,43.7,26.4,0.0,2.6,55.4,1000.8,22.0,M,7,Silverstone,McLaren
27,46,SAI,28,0,12,12,11,0,64,43.4,26.0,0.0,2.7,56.4,1000.9,0.0,M,8,Silverstone,McLaren
28,46,SAI,29,0,12,12,11,0,63,43.6,25.9,0.0,1.1,56.8,1000.8,21.0,M,9,Silverstone,McLaren
29,46,SAI,30,0,12,11,11,0,62,43.6,25.9,0.0,1.5,56.5,1000.9,14.0,M,10,Silverstone,McLaren
30,46,SAI,31,1,11,9,11,0,62,43.6,25.7,0.0,1.9,57.2,1000.8,14.0,M,11,Silverstone,McLaren
31,46,SAI,32,0,9,9,11,0,61,43.6,25.8,0.0,2.0,57.1,1000.8,38.0,M,12,Silverstone,McLaren
32,46,SAI,33,0,9,9,11,0,61,43.6,25.8,0.0,2.2,57.0,1000.7,23.0,M,13,Silverstone,McLaren
33,46,SAI,34,0,9,9,11,0,61,43.6,25.5,0.0,1.8,57.8,1000.8,22.0,M,14,Silverstone,McLaren
34,46,SAI,35,0,9,14,11,0,58,43.2,25.6,0.0,1.8,57.7,1000.8,14.0,H,0,Silverstone,McLaren
35,46,SAI,36,0,14,13,11,0,58,43.5,25.7,0.0,1.8,57.6,1000.7,312.0,H,1,Silverstone,McLaren
36,46,SAI,37,0,13,13,11,0,57,45.1,26.5,0.0,2.4,54.8,1000.7,25.0,H,2,Silverstone,McLaren
37,46,SAI,38,0,13,13,11,0,56,45.0,26.6,0.0,1.7,55.0,1000.8,16.0,H,3,Silverstone,McLaren
38,46,SAI,39,0,13,13,11,0,56,44.0,26.6,0.0,3.4,54.9,1000.7,17.0,H,4,Silverstone,McLaren
39,46,SAI,40,0,13,13,11,0,56,43.7,26.4,0.0,1.5,55.3,1000.7,16.0,H,5,Silverstone,McLaren
40,46,SAI,41,0,13,13,11,0,56,43.8,26.5,0.0,2.6,55.1,1000.6,17.0,H,6,Silverstone,McLaren
41,46,SAI,42,0,13,13,11,0,56,43.7,26.3,0.0,1.6,55.7,1000.7,4.0,H,7,Silverstone,McLaren
42,46,SAI,43,0,13,13,11,0,56,44.1,26.2,0.0,2.4,56.5,1000.7,245.0,H,8,Silverstone,McLaren
43,46,SAI,44,0,13,13,11,0,56,44.3,26.4,0.0,2.0,55.2,1000.7,15.0,H,9,Silverstone,McLaren
44,46,SAI,45,0,13,13,11,0,56,44.3,26.2,0.0,1.4,56.6,1000.8,20.0,H,10,Silverstone,McLaren
45,46,SAI,46,0,13,13,11,0,56,43.7,26.3,0.0,3.1,56.0,1000.6,42.0,H,11,Silverstone,McLaren
46,46,SAI,47,0,13,13,11,0,56,43.7,26.1,0.0,2.9,57.0,1000.6,3.0,H,12,Silverstone,McLaren
47,46,SAI,48,0,13,13,11,0,56,43.8,26.2,0.0,2.5,56.4,1000.8,357.0,H,13,Silverstone,McLaren
48,46,SAI,49,0,13,13,11,0,56,43.2,25.9,0.0,1.8,57.4,1000.7,15.0,H,14,Silverstone,McLaren
49,46,SAI,50,0,13,13,11,0,56,43.3,26.0,0.0,1.5,57.4,1000.8,337.0,H,15,Silverstone,McLaren
50,46,SAI,51,0,13,13,11,0,56,43.5,26.1,0.0,1.8,56.6,1000.7,33.0,H,16,Silverstone,McLaren
51,46,SAI,52,0,13,13,11,0,56,43.4,26.0,0.0,1.0,57.2,1000.8,342.0,H,17,Silverstone,McLaren
0,46,GRO,1,1,16,16,16,0,25,42.9,24.4,0.0,3.4,61.1,1001.1,359.0,M,3,Silverstone,Haas F1 Team
1,46,GRO,2,0,16,16,16,0,26,42.0,24.2,0.0,3.1,61.7,1001.1,27.0,M,4,Silverstone,Haas F1 Team
2,46,GRO,3,0,16,16,16,0,28,43.0,24.9,0.0,1.9,59.9,1001.1,66.0,M,5,Silverstone,Haas F1 Team
3,46,GRO,4,0,16,16,16,0,31,43.1,24.9,0.0,2.0,59.4,1001.0,295.0,M,6,Silverstone,Haas F1 Team
4,46,GRO,5,0,16,16,16,0,34,43.0,25.0,0.0,3.3,59.4,1001.0,8.0,M,7,Silverstone,Haas F1 Team
5,46,GRO,6,0,16,16,16,0,34,43.3,25.1,0.0,2.4,58.7,1001.0,18.0,M,8,Silverstone,Haas F1 Team
6,46,GRO,7,0,16,15,16,0,33,43.1,25.1,0.0,3.0,58.4,1001.0,285.0,M,9,Silverstone,Haas F1 Team
7,46,GRO,8,0,15,13,16,0,33,43.4,25.4,0.0,2.3,57.8,1000.9,3.0,M,10,Silverstone,Haas F1 Team
8,46,GRO,9,0,13,13,16,0,33,43.8,25.5,0.0,2.1,58.3,1001.0,7.0,M,11,Silverstone,Haas F1 Team
9,46,GRO,10,0,13,12,16,0,33,44.0,25.7,0.0,3.0,57.3,1000.9,10.0,M,12,Silverstone,Haas F1 Team
10,46,GRO,11,0,12,12,16,0,34,43.5,25.7,0.0,1.3,56.8,1000.9,330.0,M,13,Silverstone,Haas F1 Team
11,46,GRO,12,0,12,12,16,0,34,42.9,25.4,0.0,1.5,57.9,1001.0,315.0,M,14,Silverstone,Haas F1 Team
12,46,GRO,13,0,12,11,16,0,35,43.3,25.5,0.0,2.2,58.3,1000.7,28.0,M,15,Silverstone,Haas F1 Team
13,46,GRO,14,0,11,11,16,0,35,43.5,25.4,0.0,2.3,58.4,1000.9,61.0,M,16,Silverstone,Haas F1 Team
14,46,GRO,15,0,11,11,16,0,36,43.6,25.4,0.0,3.1,57.8,1000.9,296.0,M,17,Silverstone,Haas F1 Team
15,46,GRO,16,0,11,11,16,0,36,43.6,25.2,0.0,2.4,59.1,1001.0,1.0,M,18,Silverstone,Haas F1 Team
16,46,GRO,17,0,11,12,16,0,35,43.9,25.5,0.0,1.8,58.4,1000.9,6.0,M,19,Silverstone,Haas F1 Team
17,46,GRO,18,0,12,20,16,0,35,44.0,25.6,0.0,2.3,57.9,1000.8,22.0,H,1,Silverstone,Haas F1 Team
18,46,GRO,19,0,20,20,16,0,35,44.0,25.9,0.0,2.5,56.8,1000.9,12.0,H,2,Silverstone,Haas F1 Team
19,46,GRO,20,0,20,19,16,0,35,43.8,25.8,0.0,2.1,56.8,1001.0,13.0,H,3,Silverstone,Haas F1 Team
20,46,GRO,21,0,19,19,16,0,35,43.8,25.9,0.0,1.0,56.5,1000.9,4.0,H,4,Silverstone,Haas F1 Team
21,46,GRO,22,0,19,19,16,0,35,44.5,26.3,0.0,1.7,55.0,1000.9,320.0,H,5,Silverstone,Haas F1 Team
22,46,GRO,23,0,19,19,16,0,35,44.6,26.5,0.0,1.8,54.6,1000.9,33.0,H,6,Silverstone,Haas F1 Team
23,46,GRO,24,0,19,18,16,0,35,44.6,26.6,0.0,1.9,54.3,1000.9,7.0,H,7,Silverstone,Haas F1 Team
24,46,GRO,25,0,18,17,16,0,35,44.8,26.6,0.0,1.4,54.5,1000.9,7.0,H,8,Silverstone,Haas F1 Team
25,46,GRO,26,0,17,17,16,0,35,43.6,25.9,0.0,1.1,56.8,1000.8,21.0,H,9,Silverstone,Haas F1 Team
26,46,GRO,27,0,17,15,16,0,35,43.6,25.7,0.0,1.9,57.2,1000.8,14.0,H,10,Silverstone,Haas F1 Team
27,46,GRO,28,0,15,15,16,0,35,43.6,25.8,0.0,2.2,57.0,1000.7,23.0,H,11,Silverstone,Haas F1 Team
28,46,GRO,29,0,15,16,16,0,35,43.6,25.5,0.0,1.8,57.8,1000.8,22.0,H,12,Silverstone,Haas F1 Team
29,46,GRO,30,0,16,16,16,0,35,43.2,25.6,0.0,1.8,57.7,1000.8,14.0,H,13,Silverstone,Haas F1 Team
30,46,GRO,31,1,16,16,16,0,34,43.5,25.7,0.0,1.8,57.6,1000.7,312.0,H,14,Silverstone,Haas F1 Team
31,46,GRO,32,0,16,16,16,0,34,43.7,26.0,0.0,1.5,56.8,1000.7,11.0,H,15,Silverstone,Haas F1 Team
32,46,GRO,33,0,16,16,16,0,34,45.0,26.6,0.0,1.7,55.0,1000.8,16.0,H,16,Silverstone,Haas F1 Team
33,46,GRO,34,0,16,15,16,0,34,43.7,26.5,0.0,3.0,55.4,1000.7,16.0,H,17,Silverstone,Haas F1 Team
34,46,GRO,35,0,15,15,16,0,34,43.7,26.4,0.0,1.5,55.3,1000.7,16.0,H,18,Silverstone,Haas F1 Team
35,46,GRO,36,0,15,14,16,0,34,43.8,26.5,0.0,2.6,55.1,1000.6,17.0,H,19,Silverstone,Haas F1 Team
36,46,GRO,37,0,14,14,16,0,34,43.6,26.2,0.0,1.7,56.2,1000.7,2.0,H,20,Silverstone,Haas F1 Team
37,46,GRO,38,0,14,14,16,0,34,43.9,26.4,0.0,1.8,55.4,1000.7,14.0,H,21,Silverstone,Haas F1 Team
38,46,GRO,39,0,14,19,16,0,34,43.7,26.4,0.0,1.8,56.1,1000.7,48.0,H,0,Silverstone,Haas F1 Team
39,46,GRO,40,0,19,18,16,0,35,44.1,26.2,0.0,2.4,56.5,1000.7,245.0,H,1,Silverstone,Haas F1 Team
40,46,GRO,41,0,18,18,16,0,35,44.3,26.4,0.0,2.0,55.2,1000.7,15.0,H,2,Silverstone,Haas F1 Team
41,46,GRO,42,0,18,18,16,0,35,43.9,26.6,0.0,1.4,55.6,1000.7,28.0,H,3,Silverstone,Haas F1 Team
42,46,GRO,43,0,18,18,16,0,36,43.9,26.8,0.0,3.0,54.3,1000.7,357.0,H,4,Silverstone,Haas F1 Team
43,46,GRO,44,0,18,18,16,0,36,43.7,26.3,0.0,3.1,56.0,1000.6,42.0,H,5,Silverstone,Haas F1 Team
44,46,GRO,45,0,18,18,16,0,37,43.7,26.1,0.0,2.9,57.0,1000.6,3.0,H,6,Silverstone,Haas F1 Team
45,46,GRO,46,0,18,17,16,0,37,43.6,26.0,0.0,2.2,56.5,1000.7,349.0,H,7,Silverstone,Haas F1 Team
46,46,GRO,47,0,17,16,16,0,38,43.2,26.0,0.0,1.9,56.5,1000.7,21.0,H,8,Silverstone,Haas F1 Team
47,46,GRO,48,0,16,16,16,0,39,43.3,26.0,0.0,1.5,57.4,1000.8,337.0,H,9,Silverstone,Haas F1 Team
48,46,GRO,49,0,16,16,16,0,40,43.5,26.1,0.0,1.8,56.6,1000.7,33.0,H,10,Silverstone,Haas F1 Team
49,46,GRO,50,0,16,16,16,0,40,43.5,25.9,0.0,1.5,57.3,1000.6,5.0,H,11,Silverstone,Haas F1 Team
50,46,GRO,51,0,16,16,16,0,41,43.4,26.0,0.0,1.0,57.2,1000.8,342.0,H,12,Silverstone,Haas F1 Team
0,46,OCO,1,1,12,12,12,0,33,42.9,24.4,0.0,3.4,61.1,1001.1,359.0,M,0,Silverstone,Renault
1,46,OCO,2,0,12,12,12,0,28,42.9,24.2,0.0,3.2,61.2,1001.1,13.0,M,1,Silverstone,Renault
2,46,OCO,3,0,12,12,12,0,28,42.0,24.2,0.0,3.1,61.7,1001.1,27.0,M,2,Silverstone,Renault
3,46,OCO,4,0,12,12,12,0,32,42.6,24.5,0.0,3.7,61.2,1001.1,5.0,M,3,Silverstone,Renault
4,46,OCO,5,0,12,12,12,0,37,42.8,24.9,0.0,1.9,59.9,1001.2,19.0,M,4,Silverstone,Renault
5,46,OCO,6,0,12,12,12,0,37,43.0,24.9,0.0,1.9,59.8,1001.0,11.0,M,5,Silverstone,Renault
6,46,OCO,7,0,12,11,12,0,36,43.0,25.0,0.0,3.3,59.4,1001.0,8.0,M,6,Silverstone,Renault
7,46,OCO,8,0,11,10,12,0,36,43.3,25.1,0.0,2.4,58.7,1001.0,18.0,M,7,Silverstone,Renault
8,46,OCO,9,0,10,10,12,0,36,43.1,25.2,0.0,3.5,58.7,1001.0,17.0,M,8,Silverstone,Renault
9,46,OCO,10,0,10,10,12,0,36,43.1,25.1,0.0,3.0,58.4,1001.0,285.0,M,9,Silverstone,Renault
10,46,OCO,11,0,10,10,12,0,37,43.6,25.3,0.0,1.9,58.2,1000.9,28.0,M,10,Silverstone,Renault
11,46,OCO,12,0,10,10,12,0,37,43.4,25.4,0.0,2.3,57.8,1000.9,3.0,M,11,Silverstone,Renault
12,46,OCO,13,0,10,9,12,0,37,43.8,25.5,0.0,2.1,58.3,1001.0,7.0,M,12,Silverstone,Renault
13,46,OCO,14,0,9,9,12,0,38,43.8,25.4,0.0,1.9,58.1,1000.9,354.0,M,13,Silverstone,Renault
14,46,OCO,15,0,9,8,12,0,39,44.0,25.5,0.0,2.1,58.5,1000.9,22.0,M,14,Silverstone,Renault
15,46,OCO,16,0,8,8,12,0,39,43.5,25.7,0.0,1.3,56.8,1000.9,330.0,M,15,Silverstone,Renault
16,46,OCO,17,0,8,8,12,0,39,43.5,25.4,0.0,2.3,58.4,1000.9,61.0,M,16,Silverstone,Renault
17,46,OCO,18,0,8,8,12,0,39,43.6,25.4,0.0,3.1,57.8,1000.9,296.0,M,17,Silverstone,Renault
18,46,OCO,19,0,8,7,12,0,39,43.6,25.4,0.0,2.1,58.5,1000.8,29.0,M,18,Silverstone,Renault
19,46,OCO,20,0,7,7,12,0,39,44.0,25.4,0.0,1.4,58.3,1000.8,309.0,M,19,Silverstone,Renault
20,46,OCO,21,0,7,7,12,0,39,43.9,25.5,0.0,1.8,58.4,1000.9,6.0,M,20,Silverstone,Renault
21,46,OCO,22,0,7,7,12,0,40,43.6,25.5,0.0,2.5,57.8,1000.9,14.0,M,21,Silverstone,Renault
22,46,OCO,23,0,7,11,12,0,40,44.0,25.6,0.0,2.3,57.9,1000.8,22.0,H,0,Silverstone,Renault
23,46,OCO,24,0,11,10,12,0,40,44.0,25.9,0.0,2.5,56.8,1000.9,12.0,H,1,Silverstone,Renault
24,46,OCO,25,0,10,10,12,0,40,43.8,25.8,0.0,2.1,56.8,1001.0,13.0,H,2,Silverstone,Renault
25,46,OCO,26,0,10,10,12,0,40,43.8,25.9,0.0,1.0,56.5,1000.9,4.0,H,3,Silverstone,Renault
26,46,OCO,27,0,10,9,12,0,40,44.6,26.4,0.0,1.0,54.7,1000.9,287.0,H,4,Silverstone,Renault
27,46,OCO,28,0,9,9,12,0,40,44.8,26.6,0.0,1.4,54.5,1000.9,7.0,H,5,Silverstone,Renault
28,46,OCO,29,0,9,9,12,0,41,43.7,26.4,0.0,2.6,55.4,1000.8,22.0,H,6,Silverstone,Renault
29,46,OCO,30,0,9,8,12,0,41,43.6,25.8,0.0,2.2,57.0,1000.7,23.0,H,7,Silverstone,Renault
30,46,OCO,31,1,8,8,12,0,41,43.6,25.5,0.0,1.8,57.8,1000.8,22.0,H,8,Silverstone,Renault
31,46,OCO,32,0,8,8,12,0,41,43.2,25.6,0.0,2.0,58.2,1000.8,2.0,H,9,Silverstone,Renault
32,46,OCO,33,0,8,8,12,0,41,43.5,25.7,0.0,1.8,57.6,1000.7,312.0,H,10,Silverstone,Renault
33,46,OCO,34,0,8,8,12,0,41,43.7,26.0,0.0,1.5,56.8,1000.7,11.0,H,11,Silverstone,Renault
34,46,OCO,35,0,8,9,12,0,40,45.1,26.5,0.0,2.4,54.8,1000.7,25.0,H,12,Silverstone,Renault
35,46,OCO,36,0,9,8,12,0,40,45.0,26.6,0.0,1.7,55.0,1000.8,16.0,H,13,Silverstone,Renault
36,46,OCO,37,0,8,8,12,0,40,44.3,26.8,0.0,2.3,54.5,1000.8,17.0,H,14,Silverstone,Renault
37,46,OCO,38,0,8,8,12,0,40,44.0,26.6,0.0,3.4,54.9,1000.7,17.0,H,15,Silverstone,Renault
38,46,OCO,39,0,8,8,12,0,40,43.8,26.5,0.0,2.6,55.1,1000.6,17.0,H,16,Silverstone,Renault
39,46,OCO,40,0,8,8,12,0,40,43.9,26.4,0.0,1.8,55.4,1000.7,14.0,H,17,Silverstone,Renault
40,46,OCO,41,0,8,8,12,0,40,43.7,26.4,0.0,1.8,56.1,1000.7,48.0,H,18,Silverstone,Renault
41,46,OCO,42,0,8,8,12,0,40,44.1,26.2,0.0,2.4,56.5,1000.7,245.0,H,19,Silverstone,Renault
42,46,OCO,43,0,8,8,12,0,41,44.3,26.4,0.0,2.0,55.2,1000.7,15.0,H,20,Silverstone,Renault
43,46,OCO,44,0,8,8,12,0,41,44.3,26.2,0.0,1.4,56.6,1000.8,20.0,H,21,Silverstone,Renault
44,46,OCO,45,0,8,8,12,0,41,44.1,26.4,0.0,1.4,55.9,1000.7,5.0,H,22,Silverstone,Renault
45,46,OCO,46,0,8,8,12,0,41,43.7,26.1,0.0,2.9,57.0,1000.6,3.0,H,23,Silverstone,Renault
46,46,OCO,47,0,8,8,12,0,41,43.6,26.0,0.0,2.2,56.5,1000.7,349.0,H,24,Silverstone,Renault
47,46,OCO,48,0,8,8,12,0,41,43.2,26.0,0.0,1.9,56.5,1000.7,21.0,H,25,Silverstone,Renault
48,46,OCO,49,0,8,8,12,0,41,43.5,26.1,0.0,1.8,56.6,1000.7,33.0,H,26,Silverstone,Renault
49,46,OCO,50,0,8,8,12,0,41,43.5,25.9,0.0,1.5,57.3,1000.6,5.0,H,27,Silverstone,Renault
50,46,OCO,51,0,8,8,12,0,41,43.4,26.0,0.0,1.0,57.2,1000.8,342.0,H,28,Silverstone,Renault
51,46,OCO,52,0,8,8,12,0,41,43.8,26.3,0.0,1.2,56.6,1000.7,32.0,H,29,Silverstone,Renault
0,46,RUS,1,1,17,17,17,0,30,42.9,24.2,0.0,3.2,61.2,1001.1,13.0,M,0,Silverstone,Williams
1,46,RUS,2,0,17,17,17,0,32,42.6,24.5,0.0,3.7,61.2,1001.1,5.0,M,1,Silverstone,Williams
2,46,RUS,3,0,17,17,17,0,34,42.8,24.9,0.0,1.9,59.9,1001.2,19.0,M,2,Silverstone,Williams
3,46,RUS,4,0,17,17,17,0,38,43.1,24.9,0.0,2.0,59.4,1001.0,295.0,M,3,Silverstone,Williams
4,46,RUS,5,0,17,17,17,0,41,43.0,24.9,0.0,1.9,59.8,1001.0,11.0,M,4,Silverstone,Williams
5,46,RUS,6,0,17,17,17,0,41,43.0,25.0,0.0,3.3,59.4,1001.0,8.0,M,5,Silverstone,Williams
6,46,RUS,7,0,17,16,17,0,39,43.3,25.1,0.0,2.4,58.7,1001.0,18.0,M,6,Silverstone,Williams
7,46,RUS,8,0,16,14,17,0,39,43.1,25.1,0.0,3.0,58.4,1001.0,285.0,M,7,Silverstone,Williams
8,46,RUS,9,0,14,20,17,0,38,43.6,25.3,0.0,1.9,58.2,1000.9,28.0,H,0,Silverstone,Williams
9,46,RUS,10,0,20,18,17,0,40,43.4,25.4,0.0,2.3,57.8,1000.9,3.0,H,1,Silverstone,Williams
10,46,RUS,11,0,18,18,17,0,40,43.8,25.4,0.0,1.9,58.1,1000.9,354.0,H,2,Silverstone,Williams
11,46,RUS,12,0,18,18,17,0,40,44.0,25.5,0.0,2.1,58.5,1000.9,22.0,H,3,Silverstone,Williams
12,46,RUS,13,0,18,18,17,0,40,44.0,25.7,0.0,3.0,57.3,1000.9,10.0,H,4,Silverstone,Williams
13,46,RUS,14,0,18,18,17,0,40,44.0,25.7,0.0,2.7,57.2,1000.9,30.0,H,5,Silverstone,Williams
14,46,RUS,15,0,18,18,17,0,40,43.5,25.7,0.0,1.3,56.8,1000.9,330.0,H,6,Silverstone,Williams
15,46,RUS,16,0,18,18,17,0,39,42.9,25.4,0.0,1.5,57.9,1001.0,315.0,H,7,Silverstone,Williams
16,46,RUS,17,0,18,18,17,0,38,43.3,25.5,0.0,2.2,58.3,1000.7,28.0,H,8,Silverstone,Williams
17,46,RUS,18,0,18,17,17,0,38,43.6,25.4,0.0,3.1,57.8,1000.9,296.0,H,9,Silverstone,Williams
18,46,RUS,19,0,17,17,17,0,37,43.6,25.4,0.0,2.1,58.5,1000.8,29.0,H,10,Silverstone,Williams
19,46,RUS,20,0,17,17,17,0,38,43.6,25.2,0.0,2.4,59.1,1001.0,1.0,H,11,Silverstone,Williams
20,46,RUS,21,0,17,17,17,0,37,43.6,25.4,0.0,2.2,58.9,1000.9,17.0,H,12,Silverstone,Williams
21,46,RUS,22,0,17,17,17,0,37,44.0,25.6,0.0,2.3,57.9,1000.8,22.0,H,13,Silverstone,Williams
22,46,RUS,23,0,17,17,17,0,36,44.0,25.9,0.0,2.5,56.8,1000.9,12.0,H,14,Silverstone,Williams
23,46,RUS,24,0,17,15,17,0,36,43.8,25.9,0.0,1.0,56.5,1000.9,4.0,H,15,Silverstone,Williams
24,46,RUS,25,0,15,19,17,0,36,44.6,26.4,0.0,1.0,54.7,1000.9,287.0,H,0,Silverstone,Williams
25,46,RUS,26,0,19,19,17,0,36,44.6,26.6,0.0,1.9,54.3,1000.9,7.0,H,1,Silverstone,Williams
26,46,RUS,27,0,19,18,17,0,36,44.4,26.7,0.0,3.0,55.0,1000.9,9.0,H,2,Silverstone,Williams
27,46,RUS,28,0,18,18,17,0,36,43.2,26.2,0.0,3.3,56.5,1000.8,23.0,H,3,Silverstone,Williams
28,46,RUS,29,0,18,18,17,0,36,43.6,25.9,0.0,1.1,56.8,1000.8,21.0,H,4,Silverstone,Williams
29,46,RUS,30,0,18,18,17,0,36,43.6,25.7,0.0,1.9,57.2,1000.8,14.0,H,5,Silverstone,Williams
30,46,RUS,31,1,18,18,17,0,36,43.6,25.8,0.0,2.0,57.1,1000.8,38.0,H,6,Silverstone,Williams
31,46,RUS,32,0,18,18,17,0,36,43.6,25.5,0.0,1.8,57.8,1000.8,22.0,H,7,Silverstone,Williams
32,46,RUS,33,0,18,18,17,0,35,43.2,25.6,0.0,1.8,57.7,1000.8,14.0,H,8,Silverstone,Williams
33,46,RUS,34,0,18,17,17,0,35,43.7,26.0,0.0,1.5,56.8,1000.7,11.0,H,9,Silverstone,Williams
34,46,RUS,35,0,17,17,17,0,35,44.0,26.6,0.0,3.4,54.9,1000.7,17.0,H,10,Silverstone,Williams
35,46,RUS,36,0,17,17,17,0,34,43.6,26.2,0.0,1.7,56.2,1000.7,2.0,H,11,Silverstone,Williams
36,46,RUS,37,0,17,17,17,0,34,43.7,26.3,0.0,1.6,55.7,1000.7,4.0,H,12,Silverstone,Williams
37,46,RUS,38,0,17,17,17,0,34,43.9,26.4,0.0,1.8,55.4,1000.7,14.0,H,13,Silverstone,Williams
38,46,RUS,39,0,17,16,17,0,33,43.7,26.4,0.0,1.8,56.1,1000.7,48.0,H,14,Silverstone,Williams
39,46,RUS,40,0,16,19,17,0,34,44.1,26.2,0.0,2.4,56.5,1000.7,245.0,M,5,Silverstone,Williams
40,46,RUS,41,0,19,19,17,0,34,44.3,26.4,0.0,2.0,55.2,1000.7,15.0,M,6,Silverstone,Williams
41,46,RUS,42,0,19,19,17,0,34,44.3,26.2,0.0,1.4,56.6,1000.8,20.0,M,7,Silverstone,Williams
42,46,RUS,43,0,19,19,17,0,34,44.1,26.4,0.0,1.4,55.9,1000.7,5.0,M,8,Silverstone,Williams
43,46,RUS,44,0,19,19,17,0,34,43.9,26.6,0.0,1.4,55.6,1000.7,28.0,M,9,Silverstone,Williams
44,46,RUS,45,0,19,19,17,0,34,43.9,26.8,0.0,3.0,54.3,1000.7,357.0,M,10,Silverstone,Williams
45,46,RUS,46,0,19,19,17,0,35,43.7,26.3,0.0,3.1,56.0,1000.6,42.0,M,11,Silverstone,Williams
46,46,RUS,47,0,19,18,17,0,35,43.7,26.1,0.0,2.9,57.0,1000.6,3.0,M,12,Silverstone,Williams
47,46,RUS,48,0,18,18,17,0,34,43.8,26.2,0.0,2.5,56.4,1000.8,357.0,M,13,Silverstone,Williams
48,46,RUS,49,0,18,18,17,0,35,43.2,25.9,0.0,1.8,57.4,1000.7,15.0,M,14,Silverstone,Williams
49,46,RUS,50,0,18,18,17,0,35,43.3,26.0,0.0,1.5,57.4,1000.8,337.0,M,15,Silverstone,Williams
50,46,RUS,51,0,18,18,17,0,35,43.8,26.3,0.0,1.2,56.6,1000.7,32.0,M,16,Silverstone,Williams
0,46,KVY,1,1,14,14,14,0,39,42.0,24.2,0.0,3.1,61.7,1001.1,27.0,H,0,Silverstone,AlphaTauri
1,46,KVY,2,0,14,14,14,0,37,42.6,24.5,0.0,3.7,61.2,1001.1,5.0,H,1,Silverstone,AlphaTauri
2,46,KVY,3,0,14,13,14,0,40,43.0,24.9,0.0,1.9,59.9,1001.1,66.0,H,2,Silverstone,AlphaTauri
3,46,KVY,4,0,13,13,14,0,44,43.1,24.9,0.0,2.0,59.4,1001.0,295.0,H,3,Silverstone,AlphaTauri
4,46,KVY,5,0,13,13,14,0,47,43.0,24.9,0.0,1.9,59.8,1001.0,11.0,H,4,Silverstone,AlphaTauri
5,46,KVY,6,0,13,13,14,0,48,43.1,25.2,0.0,3.5,58.7,1001.0,17.0,H,5,Silverstone,AlphaTauri
6,46,KVY,7,0,13,12,14,0,47,43.1,25.1,0.0,3.0,58.3,1001.0,6.0,H,6,Silverstone,AlphaTauri
7,46,KVY,8,0,12,11,14,0,47,43.6,25.3,0.0,1.9,58.2,1000.9,28.0,H,7,Silverstone,AlphaTauri
8,46,KVY,9,0,11,11,14,0,46,43.4,25.4,0.0,2.3,57.8,1000.9,3.0,H,8,Silverstone,AlphaTauri
9,46,KVY,10,0,11,11,14,0,46,43.8,25.5,0.0,2.1,58.3,1001.0,7.0,H,9,Silverstone,AlphaTauri
10,46,KVY,11,0,11,11,14,0,47,43.8,25.4,0.0,1.9,58.1,1000.9,354.0,H,10,Silverstone,AlphaTauri
11,46,KVY,12,0,11,11,14,0,47,44.0,25.5,0.0,2.1,58.5,1000.9,22.0,H,11,Silverstone,AlphaTauri
12,46,KVY,13,0,11,10,14,0,47,44.0,25.7,0.0,3.0,57.3,1000.9,10.0,H,12,Silverstone,AlphaTauri
13,46,KVY,14,0,10,10,14,0,48,43.5,25.7,0.0,1.3,56.8,1000.9,330.0,H,13,Silverstone,AlphaTauri
14,46,KVY,15,0,10,9,14,0,48,42.9,25.5,0.0,1.8,57.4,1000.9,343.0,H,14,Silverstone,AlphaTauri
15,46,KVY,16,0,9,9,14,0,48,43.3,25.5,0.0,2.2,58.3,1000.7,28.0,H,15,Silverstone,AlphaTauri
16,46,KVY,17,0,9,9,14,0,47,43.5,25.4,0.0,2.3,58.4,1000.9,61.0,H,16,Silverstone,AlphaTauri
17,46,KVY,18,0,9,9,14,0,47,43.6,25.4,0.0,3.1,57.8,1000.9,296.0,H,17,Silverstone,AlphaTauri
18,46,KVY,19,0,9,8,14,0,47,43.9,25.5,0.0,1.8,58.4,1000.9,6.0,H,18,Silverstone,AlphaTauri
19,46,KVY,20,0,8,15,14,0,48,43.6,25.4,0.0,2.2,58.9,1000.9,17.0,H,0,Silverstone,AlphaTauri
20,46,KVY,21,0,15,15,14,0,48,43.6,25.5,0.0,2.5,57.8,1000.9,14.0,H,1,Silverstone,AlphaTauri
21,46,KVY,22,0,15,14,14,0,48,44.0,25.9,0.0,2.5,56.8,1000.9,12.0,H,2,Silverstone,AlphaTauri
22,46,KVY,23,0,14,12,14,0,48,43.8,25.9,0.0,1.0,56.5,1000.9,4.0,H,3,Silverstone,AlphaTauri
23,46,KVY,24,0,12,11,14,0,48,44.5,26.3,0.0,1.7,55.0,1000.9,320.0,H,4,Silverstone,AlphaTauri
24,46,KVY,25,0,11,11,14,0,48,44.6,26.4,0.0,1.0,54.7,1000.9,287.0,H,5,Silverstone,AlphaTauri
25,46,KVY,26,0,11,11,14,0,48,44.6,26.5,0.0,1.8,54.6,1000.9,33.0,H,6,Silverstone,AlphaTauri
26,46,KVY,27,0,11,10,14,0,48,44.6,26.6,0.0,1.9,54.3,1000.9,7.0,H,7,Silverstone,AlphaTauri
27,46,KVY,28,0,10,10,14,0,48,44.4,26.7,0.0,3.0,55.0,1000.9,9.0,H,8,Silverstone,AlphaTauri
28,46,KVY,29,0,10,10,14,0,48,43.7,26.4,0.0,2.6,55.4,1000.8,22.0,H,9,Silverstone,AlphaTauri
29,46,KVY,30,0,10,9,14,0,48,43.2,26.2,0.0,3.3,56.5,1000.8,23.0,H,10,Silverstone,AlphaTauri
30,46,KVY,31,1,9,7,14,0,48,43.6,25.9,0.0,1.1,56.8,1000.8,21.0,H,11,Silverstone,AlphaTauri
31,46,KVY,32,0,7,7,14,0,48,43.6,25.8,0.0,2.0,57.1,1000.8,38.0,H,12,Silverstone,AlphaTauri
32,46,KVY,33,0,7,7,14,0,48,43.6,25.8,0.0,2.2,57.0,1000.7,23.0,H,13,Silverstone,AlphaTauri
33,46,KVY,34,0,7,7,14,0,49,43.2,25.6,0.0,2.0,58.2,1000.8,2.0,H,14,Silverstone,AlphaTauri
34,46,KVY,35,0,7,7,14,0,49,43.2,25.6,0.0,1.8,57.7,1000.8,14.0,H,15,Silverstone,AlphaTauri
35,46,KVY,36,0,7,10,14,0,48,45.1,26.5,0.0,2.4,54.8,1000.7,25.0,M,0,Silverstone,AlphaTauri
36,46,KVY,37,0,10,10,14,0,48,44.3,26.8,0.0,2.3,54.5,1000.8,17.0,M,1,Silverstone,AlphaTauri
37,46,KVY,38,0,10,10,14,0,48,44.0,26.6,0.0,3.4,54.9,1000.7,17.0,M,2,Silverstone,AlphaTauri
38,46,KVY,39,0,10,10,14,0,48,43.7,26.5,0.0,3.0,55.4,1000.7,16.0,M,3,Silverstone,AlphaTauri
39,46,KVY,40,0,10,10,14,0,49,43.7,26.4,0.0,1.5,55.3,1000.7,16.0,M,4,Silverstone,AlphaTauri
40,46,KVY,41,0,10,10,14,0,49,43.8,26.5,0.0,2.6,55.1,1000.6,17.0,M,5,Silverstone,AlphaTauri
41,46,KVY,42,0,10,10,14,0,49,43.7,26.3,0.0,1.6,55.7,1000.7,4.0,M,6,Silverstone,AlphaTauri
42,46,KVY,43,0,10,10,14,0,49,44.1,26.2,0.0,2.4,56.5,1000.7,245.0,M,7,Silverstone,AlphaTauri
43,46,KVY,44,0,10,10,14,0,49,44.3,26.4,0.0,2.0,55.2,1000.7,15.0,M,8,Silverstone,AlphaTauri
44,46,KVY,45,0,10,10,14,0,49,44.3,26.2,0.0,1.4,56.6,1000.8,20.0,M,9,Silverstone,AlphaTauri
45,46,KVY,46,0,10,10,14,0,50,43.7,26.1,0.0,2.9,57.0,1000.6,3.0,M,10,Silverstone,AlphaTauri
46,46,KVY,47,0,10,10,14,0,50,43.8,26.2,0.0,2.5,56.4,1000.8,357.0,M,11,Silverstone,AlphaTauri
47,46,KVY,48,0,10,10,14,0,50,43.6,26.0,0.0,2.2,56.5,1000.7,349.0,M,12,Silverstone,AlphaTauri
48,46,KVY,49,0,10,10,14,0,50,43.2,25.9,0.0,1.8,57.4,1000.7,15.0,M,13,Silverstone,AlphaTauri
49,46,KVY,50,0,10,10,14,0,50,43.5,26.1,0.0,1.8,56.6,1000.7,33.0,M,14,Silverstone,AlphaTauri
50,46,KVY,51,0,10,10,14,0,50,43.5,25.9,0.0,1.5,57.3,1000.6,5.0,M,15,Silverstone,AlphaTauri
51,46,KVY,52,0,10,10,14,0,50,43.8,26.3,0.0,1.2,56.6,1000.7,32.0,M,16,Silverstone,AlphaTauri
0,46,MAG,1,1,13,13,13,0,27,42.9,24.4,0.0,3.4,61.1,1001.1,359.0,M,0,Silverstone,Haas F1 Team
1,46,MAG,2,0,13,13,13,0,25,42.9,24.2,0.0,3.2,61.2,1001.1,13.0,M,1,Silverstone,Haas F1 Team
2,46,MAG,3,0,13,14,13,0,26,42.6,24.5,0.0,3.7,61.2,1001.1,5.0,M,2,Silverstone,Haas F1 Team
3,46,MAG,4,0,14,14,13,0,29,42.8,24.9,0.0,1.9,59.9,1001.2,19.0,M,3,Silverstone,Haas F1 Team
4,46,MAG,5,0,14,14,13,0,34,43.0,24.9,0.0,1.9,59.8,1001.0,11.0,M,4,Silverstone,Haas F1 Team
5,46,MAG,6,0,14,14,13,0,34,43.0,25.0,0.0,3.3,59.4,1001.0,8.0,M,5,Silverstone,Haas F1 Team
6,46,MAG,7,0,14,13,13,0,34,43.3,25.1,0.0,2.4,58.7,1001.0,18.0,M,6,Silverstone,Haas F1 Team
7,46,MAG,8,0,13,12,13,0,34,43.1,25.2,0.0,3.5,58.7,1001.0,17.0,M,7,Silverstone,Haas F1 Team
8,46,MAG,9,0,12,12,13,0,34,43.1,25.1,0.0,3.0,58.3,1001.0,6.0,M,8,Silverstone,Haas F1 Team
9,46,MAG,10,0,12,19,13,0,33,43.1,25.1,0.0,3.0,58.4,1001.0,285.0,H,1,Silverstone,Haas F1 Team
10,46,MAG,11,0,19,19,13,0,34,43.4,25.4,0.0,2.3,57.8,1000.9,3.0,H,2,Silverstone,Haas F1 Team
11,46,MAG,12,0,19,19,13,0,34,43.8,25.5,0.0,2.1,58.3,1001.0,7.0,H,3,Silverstone,Haas F1 Team
12,46,MAG,13,0,19,19,13,0,33,44.0,25.5,0.0,2.1,58.5,1000.9,22.0,H,4,Silverstone,Haas F1 Team
13,46,MAG,14,0,19,19,13,0,33,44.0,25.7,0.0,3.0,57.3,1000.9,10.0,H,5,Silverstone,Haas F1 Team
14,46,MAG,15,0,19,19,13,0,33,44.0,25.7,0.0,2.7,57.2,1000.9,30.0,H,6,Silverstone,Haas F1 Team
15,46,MAG,16,0,19,19,13,0,33,43.5,25.7,0.0,1.3,56.8,1000.9,330.0,H,7,Silverstone,Haas F1 Team
16,46,MAG,17,0,19,19,13,0,33,43.6,25.4,0.0,3.1,57.8,1000.9,296.0,H,8,Silverstone,Haas F1 Team
17,46,MAG,18,0,19,18,13,0,34,44.0,25.4,0.0,1.4,58.3,1000.8,309.0,H,9,Silverstone,Haas F1 Team
18,46,MAG,19,0,18,18,13,0,35,43.9,25.5,0.0,1.8,58.4,1000.9,6.0,H,10,Silverstone,Haas F1 Team
19,46,MAG,20,0,18,20,13,0,37,43.6,25.4,0.0,2.2,58.9,1000.9,17.0,H,11,Silverstone,Haas F1 Team
20,46,MAG,21,0,20,20,13,0,37,44.0,25.6,0.0,2.3,57.9,1000.8,22.0,H,0,Silverstone,Haas F1 Team
21,46,MAG,22,0,20,20,13,0,38,44.0,25.9,0.0,2.5,56.8,1000.9,12.0,H,1,Silverstone,Haas F1 Team
22,46,MAG,23,0,20,20,13,0,38,44.5,26.3,0.0,1.7,55.0,1000.9,320.0,H,2,Silverstone,Haas F1 Team
23,46,MAG,24,0,20,20,13,0,39,44.6,26.4,0.0,1.0,54.7,1000.9,287.0,H,3,Silverstone,Haas F1 Team
24,46,MAG,25,0,20,20,13,0,40,43.6,25.7,0.0,1.9,57.2,1000.8,14.0,H,4,Silverstone,Haas F1 Team
25,46,MAG,26,0,20,20,13,0,41,43.6,25.8,0.0,2.0,57.1,1000.8,38.0,H,5,Silverstone,Haas F1 Team
26,46,MAG,27,0,20,20,13,0,42,43.6,25.8,0.0,2.2,57.0,1000.7,23.0,H,6,Silverstone,Haas F1 Team
27,46,MAG,28,0,20,20,13,0,42,43.6,25.5,0.0,1.8,57.8,1000.8,22.0,H,7,Silverstone,Haas F1 Team
28,46,MAG,29,0,20,20,13,0,42,43.2,25.6,0.0,2.0,58.2,1000.8,2.0,H,8,Silverstone,Haas F1 Team
29,46,MAG,30,0,20,20,13,0,42,45.0,26.6,0.0,1.7,55.0,1000.8,16.0,H,9,Silverstone,Haas F1 Team
30,46,MAG,31,1,20,20,13,0,42,44.3,26.8,0.0,2.3,54.5,1000.8,17.0,H,10,Silverstone,Haas F1 Team
31,46,MAG,32,0,20,20,13,0,42,44.0,26.6,0.0,3.4,54.9,1000.7,17.0,H,11,Silverstone,Haas F1 Team
32,46,MAG,33,0,20,20,13,0,43,43.7,26.5,0.0,3.0,55.4,1000.7,16.0,H,12,Silverstone,Haas F1 Team
33,46,MAG,34,0,20,20,13,0,44,43.6,26.2,0.0,1.7,56.2,1000.7,2.0,H,13,Silverstone,Haas F1 Team
34,46,MAG,35,0,20,20,13,0,43,44.1,26.2,0.0,2.4,56.5,1000.7,245.0,H,14,Silverstone,Haas F1 Team
35,46,MAG,36,0,20,20,13,0,43,44.3,26.2,0.0,1.4,56.6,1000.8,20.0,H,15,Silverstone,Haas F1 Team
36,46,MAG,37,0,20,20,13,0,44,43.9,26.6,0.0,1.4,55.6,1000.7,28.0,H,16,Silverstone,Haas F1 Team
37,46,MAG,38,0,20,20,13,0,44,43.9,26.8,0.0,3.0,54.3,1000.7,357.0,H,17,Silverstone,Haas F1 Team
38,46,MAG,39,0,20,20,13,0,45,43.7,26.1,0.0,2.9,57.0,1000.6,3.0,H,18,Silverstone,Haas F1 Team
39,46,MAG,40,0,20,20,13,0,47,43.8,26.2,0.0,2.5,56.4,1000.8,357.0,H,19,Silverstone,Haas F1 Team
40,46,MAG,41,0,20,20,13,0,47,43.5,26.1,0.0,1.8,56.6,1000.7,33.0,H,20,Silverstone,Haas F1 Team
41,46,MAG,42,0,20,20,13,0,48,43.5,25.9,0.0,1.5,57.3,1000.6,5.0,H,21,Silverstone,Haas F1 Team
42,46,MAG,43,0,20,20,13,1,48,43.4,26.0,0.0,1.0,57.2,1000.8,342.0,H,22,Silverstone,Haas F1 Team
0,46,LAT,1,1,18,18,18,0,34,42.9,24.4,0.0,3.4,61.1,1001.1,359.0,M,0,Silverstone,Williams
1,46,LAT,2,0,18,20,18,0,27,42.9,24.2,0.0,3.2,61.2,1001.1,13.0,M,1,Silverstone,Williams
2,46,LAT,3,0,20,20,18,0,28,42.8,24.9,0.0,1.9,59.9,1001.2,19.0,M,2,Silverstone,Williams
3,46,LAT,4,0,20,20,18,0,31,43.0,24.9,0.0,1.9,59.9,1001.1,66.0,M,3,Silverstone,Williams
4,46,LAT,5,0,20,20,18,0,34,43.3,25.1,0.0,2.4,58.7,1001.0,18.0,M,4,Silverstone,Williams
5,46,LAT,6,0,20,20,18,0,33,43.1,25.2,0.0,3.5,58.7,1001.0,17.0,M,5,Silverstone,Williams
6,46,LAT,7,0,20,19,18,0,30,43.1,25.1,0.0,3.0,58.3,1001.0,6.0,M,6,Silverstone,Williams
7,46,LAT,8,0,19,17,18,0,27,43.1,25.1,0.0,3.0,58.4,1001.0,285.0,M,7,Silverstone,Williams
8,46,LAT,9,0,17,15,18,0,27,43.6,25.3,0.0,1.9,58.2,1000.9,28.0,M,8,Silverstone,Williams
9,46,LAT,10,0,15,20,18,0,27,43.4,25.4,0.0,2.3,57.8,1000.9,3.0,H,0,Silverstone,Williams
10,46,LAT,11,0,20,20,18,0,28,43.8,25.5,0.0,2.1,58.3,1001.0,7.0,H,1,Silverstone,Williams
11,46,LAT,12,0,20,20,18,0,29,43.8,25.4,0.0,1.9,58.1,1000.9,354.0,H,2,Silverstone,Williams
12,46,LAT,13,0,20,20,18,0,28,44.0,25.5,0.0,2.1,58.5,1000.9,22.0,H,3,Silverstone,Williams
13,46,LAT,14,0,20,20,18,0,28,44.0,25.7,0.0,2.7,57.2,1000.9,30.0,H,4,Silverstone,Williams
14,46,LAT,15,0,20,20,18,0,28,42.9,25.4,0.0,1.5,57.9,1001.0,315.0,H,5,Silverstone,Williams
15,46,LAT,16,0,20,20,18,0,28,43.3,25.5,0.0,2.2,58.3,1000.7,28.0,H,6,Silverstone,Williams
16,46,LAT,17,0,20,20,18,0,28,43.6,25.4,0.0,3.1,57.8,1000.9,296.0,H,7,Silverstone,Williams
17,46,LAT,18,0,20,19,18,0,28,43.6,25.4,0.0,2.1,58.5,1000.8,29.0,H,8,Silverstone,Williams
18,46,LAT,19,0,19,19,18,0,27,43.6,25.2,0.0,2.4,59.1,1001.0,1.0,H,9,Silverstone,Williams
19,46,LAT,20,0,19,18,18,0,27,44.0,25.4,0.0,1.4,58.3,1000.8,309.0,H,10,Silverstone,Williams
20,46,LAT,21,0,18,18,18,0,27,43.9,25.5,0.0,1.8,58.4,1000.9,6.0,H,11,Silverstone,Williams
21,46,LAT,22,0,18,18,18,0,27,43.6,25.5,0.0,2.5,57.8,1000.9,14.0,H,12,Silverstone,Williams
22,46,LAT,23,0,18,18,18,0,27,44.0,25.9,0.0,2.5,56.8,1000.9,12.0,H,13,Silverstone,Williams
23,46,LAT,24,0,18,17,18,0,27,43.8,25.8,0.0,2.1,56.8,1001.0,13.0,H,14,Silverstone,Williams
24,46,LAT,25,0,17,16,18,0,27,43.8,25.9,0.0,1.0,56.5,1000.9,4.0,H,15,Silverstone,Williams
25,46,LAT,26,0,16,15,18,0,27,44.5,26.3,0.0,1.7,55.0,1000.9,320.0,H,16,Silverstone,Williams
26,46,LAT,27,0,15,19,18,0,28,44.6,26.5,0.0,1.8,54.6,1000.9,33.0,H,0,Silverstone,Williams
27,46,LAT,28,0,19,19,18,0,28,44.6,26.6,0.0,1.9,54.3,1000.9,7.0,H,1,Silverstone,Williams
28,46,LAT,29,0,19,19,18,0,28,43.7,26.4,0.0,2.6,55.4,1000.8,22.0,H,2,Silverstone,Williams
29,46,LAT,30,0,19,19,18,0,28,43.4,26.0,0.0,2.7,56.4,1000.9,0.0,H,3,Silverstone,Williams
30,46,LAT,31,1,19,19,18,0,29,43.6,25.8,0.0,2.0,57.1,1000.8,38.0,H,4,Silverstone,Williams
31,46,LAT,32,0,19,19,18,0,29,43.6,25.8,0.0,2.2,57.0,1000.7,23.0,H,5,Silverstone,Williams
32,46,LAT,33,0,19,19,18,0,29,43.2,25.6,0.0,1.8,57.7,1000.8,14.0,H,6,Silverstone,Williams
33,46,LAT,34,0,19,18,18,0,28,43.5,25.7,0.0,1.8,57.6,1000.7,312.0,H,7,Silverstone,Williams
34,46,LAT,35,0,18,18,18,0,28,43.7,26.0,0.0,1.5,56.8,1000.7,11.0,H,8,Silverstone,Williams
35,46,LAT,36,0,18,18,18,0,28,45.1,26.5,0.0,2.4,54.8,1000.7,25.0,H,9,Silverstone,Williams
36,46,LAT,37,0,18,18,18,0,28,45.0,26.6,0.0,1.7,55.0,1000.8,16.0,H,10,Silverstone,Williams
37,46,LAT,38,0,18,18,18,0,27,44.3,26.8,0.0,2.3,54.5,1000.8,17.0,H,11,Silverstone,Williams
38,46,LAT,39,0,18,17,18,0,27,44.0,26.6,0.0,3.4,54.9,1000.7,17.0,H,12,Silverstone,Williams
39,46,LAT,40,0,17,16,18,0,27,43.8,26.5,0.0,2.6,55.1,1000.6,17.0,H,13,Silverstone,Williams
40,46,LAT,41,0,16,16,18,0,27,43.7,26.3,0.0,1.6,55.7,1000.7,4.0,H,14,Silverstone,Williams
41,46,LAT,42,0,16,16,18,0,27,43.7,26.4,0.0,1.8,56.1,1000.7,48.0,H,15,Silverstone,Williams
42,46,LAT,43,0,16,16,18,0,27,44.1,26.3,0.0,0.7,56.6,1000.6,7.0,H,16,Silverstone,Williams
43,46,LAT,44,0,16,16,18,0,27,44.1,26.4,0.0,1.4,55.9,1000.7,5.0,H,17,Silverstone,Williams
44,46,LAT,45,0,16,16,18,0,27,43.7,26.3,0.0,3.1,56.0,1000.6,42.0,H,18,Silverstone,Williams
45,46,LAT,46,0,16,16,18,0,27,43.7,26.1,0.0,2.9,57.0,1000.6,3.0,H,19,Silverstone,Williams
46,46,LAT,47,0,16,19,18,0,28,43.2,25.9,0.0,1.8,57.4,1000.7,15.0,M,0,Silverstone,Williams
47,46,LAT,48,0,19,19,18,0,28,43.3,26.0,0.0,1.5,57.4,1000.8,337.0,M,1,Silverstone,Williams
48,46,LAT,49,0,19,19,18,0,28,43.5,26.1,0.0,1.8,56.6,1000.7,33.0,M,2,Silverstone,Williams
49,46,LAT,50,0,19,19,18,0,29,43.5,25.9,0.0,1.5,57.3,1000.6,5.0,M,3,Silverstone,Williams
50,46,LAT,51,0,19,19,18,0,29,43.4,26.0,0.0,1.0,57.2,1000.8,342.0,M,4,Silverstone,Williams
0,46,GIO,1,1,15,15,15,0,30,42.9,24.2,0.0,3.2,61.2,1001.1,13.0,M,0,Silverstone,Alfa Romeo Racing
1,46,GIO,2,0,15,15,15,0,33,42.0,24.2,0.0,3.1,61.7,1001.1,27.0,M,1,Silverstone,Alfa Romeo Racing
2,46,GIO,3,0,15,15,15,0,37,42.6,24.5,0.0,3.7,61.2,1001.1,5.0,M,2,Silverstone,Alfa Romeo Racing
3,46,GIO,4,0,15,15,15,0,41,43.0,24.9,0.0,1.9,59.9,1001.1,66.0,M,3,Silverstone,Alfa Romeo Racing
4,46,GIO,5,0,15,15,15,0,45,43.1,24.9,0.0,2.0,59.4,1001.0,295.0,M,4,Silverstone,Alfa Romeo Racing
5,46,GIO,6,0,15,15,15,0,45,43.0,24.9,0.0,1.9,59.8,1001.0,11.0,M,5,Silverstone,Alfa Romeo Racing
6,46,GIO,7,0,15,14,15,0,44,43.0,25.0,0.0,3.3,59.4,1001.0,8.0,M,6,Silverstone,Alfa Romeo Racing
7,46,GIO,8,0,14,20,15,0,43,43.3,25.1,0.0,2.4,58.7,1001.0,18.0,H,0,Silverstone,Alfa Romeo Racing
8,46,GIO,9,0,20,19,15,0,44,43.1,25.1,0.0,3.0,58.3,1001.0,6.0,H,1,Silverstone,Alfa Romeo Racing
9,46,GIO,10,0,19,17,15,0,45,43.8,25.5,0.0,2.1,58.3,1001.0,7.0,H,2,Silverstone,Alfa Romeo Racing
10,46,GIO,11,0,17,17,15,0,46,44.0,25.5,0.0,2.1,58.5,1000.9,22.0,H,3,Silverstone,Alfa Romeo Racing
11,46,GIO,12,0,17,17,15,0,47,44.0,25.7,0.0,3.0,57.3,1000.9,10.0,H,4,Silverstone,Alfa Romeo Racing
12,46,GIO,13,0,17,17,15,0,47,42.9,25.5,0.0,1.8,57.4,1000.9,343.0,H,5,Silverstone,Alfa Romeo Racing
13,46,GIO,14,0,17,17,15,0,47,43.3,25.5,0.0,2.2,58.3,1000.7,28.0,H,6,Silverstone,Alfa Romeo Racing
14,46,GIO,15,0,17,17,15,0,48,43.6,25.4,0.0,2.1,58.5,1000.8,29.0,H,7,Silverstone,Alfa Romeo Racing
15,46,GIO,16,0,17,17,15,0,49,44.0,25.4,0.0,1.4,58.3,1000.8,309.0,H,8,Silverstone,Alfa Romeo Racing
16,46,GIO,17,0,17,17,15,0,48,43.9,25.5,0.0,1.8,58.4,1000.9,6.0,H,9,Silverstone,Alfa Romeo Racing
17,46,GIO,18,0,17,16,15,0,48,43.6,25.5,0.0,2.5,57.8,1000.9,14.0,H,10,Silverstone,Alfa Romeo Racing
18,46,GIO,19,0,16,16,15,0,48,44.0,25.6,0.0,2.3,57.9,1000.8,22.0,H,11,Silverstone,Alfa Romeo Racing
19,46,GIO,20,0,16,16,15,0,48,44.0,25.9,0.0,2.5,56.8,1000.9,12.0,H,12,Silverstone,Alfa Romeo Racing
20,46,GIO,21,0,16,16,15,0,48,43.8,25.8,0.0,2.1,56.8,1001.0,13.0,H,13,Silverstone,Alfa Romeo Racing
21,46,GIO,22,0,16,16,15,0,48,43.8,25.9,0.0,1.0,56.5,1000.9,4.0,H,14,Silverstone,Alfa Romeo Racing
22,46,GIO,23,0,16,16,15,0,48,44.5,26.3,0.0,1.7,55.0,1000.9,320.0,H,15,Silverstone,Alfa Romeo Racing
23,46,GIO,24,0,16,16,15,0,48,44.6,26.4,0.0,1.0,54.7,1000.9,287.0,H,16,Silverstone,Alfa Romeo Racing
24,46,GIO,25,0,16,15,15,0,48,44.6,26.6,0.0,1.9,54.3,1000.9,7.0,H,17,Silverstone,Alfa Romeo Racing
25,46,GIO,26,0,15,16,15,0,48,44.8,26.6,0.0,1.4,54.5,1000.9,7.0,H,18,Silverstone,Alfa Romeo Racing
26,46,GIO,27,0,16,14,15,0,48,44.4,26.7,0.0,3.0,55.0,1000.9,9.0,H,19,Silverstone,Alfa Romeo Racing
27,46,GIO,28,0,14,14,15,0,48,43.2,26.2,0.0,3.3,56.5,1000.8,23.0,H,20,Silverstone,Alfa Romeo Racing
28,46,GIO,29,0,14,14,15,0,48,43.6,25.9,0.0,1.5,56.5,1000.9,14.0,H,21,Silverstone,Alfa Romeo Racing
29,46,GIO,30,0,14,15,15,0,48,43.6,25.8,0.0,2.0,57.1,1000.8,38.0,H,22,Silverstone,Alfa Romeo Racing
30,46,GIO,31,1,15,15,15,0,47,43.6,25.5,0.0,1.8,57.8,1000.8,22.0,H,23,Silverstone,Alfa Romeo Racing
31,46,GIO,32,0,15,15,15,0,47,43.2,25.6,0.0,2.0,58.2,1000.8,2.0,H,24,Silverstone,Alfa Romeo Racing
32,46,GIO,33,0,15,15,15,0,47,43.2,25.6,0.0,1.8,57.7,1000.8,14.0,H,25,Silverstone,Alfa Romeo Racing
33,46,GIO,34,0,15,19,15,0,46,43.5,25.7,0.0,1.8,57.6,1000.7,312.0,M,0,Silverstone,Alfa Romeo Racing
34,46,GIO,35,0,19,19,15,0,46,43.7,26.0,0.0,1.5,56.8,1000.7,11.0,M,1,Silverstone,Alfa Romeo Racing
35,46,GIO,36,0,19,19,15,0,46,44.3,26.8,0.0,2.3,54.5,1000.8,17.0,M,2,Silverstone,Alfa Romeo Racing
36,46,GIO,37,0,19,19,15,0,46,43.7,26.4,0.0,1.5,55.3,1000.7,16.0,M,3,Silverstone,Alfa Romeo Racing
37,46,GIO,38,0,19,19,15,0,46,43.6,26.2,0.0,1.7,56.2,1000.7,2.0,M,4,Silverstone,Alfa Romeo Racing
38,46,GIO,39,0,19,18,15,0,46,43.7,26.4,0.0,1.8,56.1,1000.7,48.0,M,5,Silverstone,Alfa Romeo Racing
39,46,GIO,40,0,18,17,15,0,46,44.3,26.4,0.0,2.0,55.2,1000.7,15.0,M,6,Silverstone,Alfa Romeo Racing
40,46,GIO,41,0,17,17,15,0,46,44.3,26.2,0.0,1.4,56.6,1000.8,20.0,M,7,Silverstone,Alfa Romeo Racing
41,46,GIO,42,0,17,17,15,0,46,44.1,26.4,0.0,1.4,55.9,1000.7,5.0,M,8,Silverstone,Alfa Romeo Racing
42,46,GIO,43,0,17,17,15,0,46,43.9,26.8,0.0,3.0,54.3,1000.7,357.0,M,9,Silverstone,Alfa Romeo Racing
43,46,GIO,44,0,17,17,15,0,46,43.7,26.3,0.0,3.1,56.0,1000.6,42.0,M,10,Silverstone,Alfa Romeo Racing
44,46,GIO,45,0,17,17,15,0,46,43.7,26.1,0.0,2.9,57.0,1000.6,3.0,M,11,Silverstone,Alfa Romeo Racing
45,46,GIO,46,0,17,18,15,0,46,43.8,26.2,0.0,2.5,56.4,1000.8,357.0,M,12,Silverstone,Alfa Romeo Racing
46,46,GIO,47,0,18,17,15,0,46,43.6,26.0,0.0,2.2,56.5,1000.7,349.0,M,13,Silverstone,Alfa Romeo Racing
47,46,GIO,48,0,17,17,15,0,46,43.2,25.9,0.0,1.8,57.4,1000.7,15.0,M,14,Silverstone,Alfa Romeo Racing
48,46,GIO,49,0,17,17,15,0,46,43.5,26.1,0.0,1.8,56.6,1000.7,33.0,M,15,Silverstone,Alfa Romeo Racing
49,46,GIO,50,0,17,17,15,0,46,43.4,26.0,0.0,1.0,57.2,1000.8,342.0,M,16,Silverstone,Alfa Romeo Racing
50,46,GIO,51,0,17,17,15,0,47,43.8,26.3,0.0,1.2,56.6,1000.7,32.0,M,17,Silverstone,Alfa Romeo Racing
0,46,RAI,1,1,19,19,19,0,29,42.9,24.4,0.0,3.4,61.1,1001.1,359.0,H,0,Silverstone,Alfa Romeo Racing
1,46,RAI,2,0,19,18,19,0,27,42.9,24.2,0.0,3.2,61.2,1001.1,13.0,H,1,Silverstone,Alfa Romeo Racing
2,46,RAI,3,0,18,18,19,0,28,42.0,24.2,0.0,3.1,61.7,1001.1,27.0,H,2,Silverstone,Alfa Romeo Racing
3,46,RAI,4,0,18,19,19,0,30,43.1,24.9,0.0,2.0,59.4,1001.0,295.0,H,3,Silverstone,Alfa Romeo Racing
4,46,RAI,5,0,19,19,19,0,34,43.0,24.9,0.0,1.9,59.8,1001.0,11.0,H,4,Silverstone,Alfa Romeo Racing
5,46,RAI,6,0,19,19,19,0,33,43.3,25.1,0.0,2.4,58.7,1001.0,18.0,H,5,Silverstone,Alfa Romeo Racing
6,46,RAI,7,0,19,18,19,0,32,43.1,25.2,0.0,3.5,58.7,1001.0,17.0,H,6,Silverstone,Alfa Romeo Racing
7,46,RAI,8,0,18,16,19,0,32,43.6,25.3,0.0,1.9,58.2,1000.9,28.0,H,7,Silverstone,Alfa Romeo Racing
8,46,RAI,9,0,16,16,19,0,32,43.4,25.4,0.0,2.3,57.8,1000.9,3.0,H,8,Silverstone,Alfa Romeo Racing
9,46,RAI,10,0,16,15,19,0,33,44.0,25.5,0.0,2.1,58.5,1000.9,22.0,H,9,Silverstone,Alfa Romeo Racing
10,46,RAI,11,0,15,15,19,0,33,44.0,25.7,0.0,3.0,57.3,1000.9,10.0,H,10,Silverstone,Alfa Romeo Racing
11,46,RAI,12,0,15,15,19,0,33,44.0,25.7,0.0,2.7,57.2,1000.9,30.0,H,11,Silverstone,Alfa Romeo Racing
12,46,RAI,13,0,15,16,19,0,34,43.5,25.7,0.0,1.3,56.8,1000.9,330.0,H,12,Silverstone,Alfa Romeo Racing
13,46,RAI,14,0,16,16,19,0,33,42.9,25.5,0.0,1.8,57.4,1000.9,343.0,H,13,Silverstone,Alfa Romeo Racing
14,46,RAI,15,0,16,16,19,0,34,43.5,25.4,0.0,2.3,58.4,1000.9,61.0,H,14,Silverstone,Alfa Romeo Racing
15,46,RAI,16,0,16,16,19,0,34,43.6,25.4,0.0,2.1,58.5,1000.8,29.0,H,15,Silverstone,Alfa Romeo Racing
16,46,RAI,17,0,16,16,19,0,35,43.6,25.4,0.0,2.2,58.9,1000.9,17.0,H,16,Silverstone,Alfa Romeo Racing
17,46,RAI,18,0,16,15,19,0,35,43.6,25.5,0.0,2.5,57.8,1000.9,14.0,H,17,Silverstone,Alfa Romeo Racing
18,46,RAI,19,0,15,15,19,0,36,44.0,25.6,0.0,2.3,57.9,1000.8,22.0,H,18,Silverstone,Alfa Romeo Racing
19,46,RAI,20,0,15,14,19,0,36,44.0,25.9,0.0,2.5,56.8,1000.9,12.0,H,19,Silverstone,Alfa Romeo Racing
20,46,RAI,21,0,14,14,19,0,37,43.8,25.8,0.0,2.1,56.8,1001.0,13.0,H,20,Silverstone,Alfa Romeo Racing
21,46,RAI,22,0,14,15,19,0,37,44.5,26.3,0.0,1.7,55.0,1000.9,320.0,H,21,Silverstone,Alfa Romeo Racing
22,46,RAI,23,0,15,14,19,0,37,44.6,26.4,0.0,1.0,54.7,1000.9,287.0,H,22,Silverstone,Alfa Romeo Racing
23,46,RAI,24,0,14,14,19,0,37,44.6,26.5,0.0,1.8,54.6,1000.9,33.0,H,23,Silverstone,Alfa Romeo Racing
24,46,RAI,25,0,14,14,19,0,37,44.6,26.6,0.0,1.9,54.3,1000.9,7.0,H,24,Silverstone,Alfa Romeo Racing
25,46,RAI,26,0,14,14,19,0,37,43.7,26.4,0.0,2.6,55.4,1000.8,22.0,H,25,Silverstone,Alfa Romeo Racing
26,46,RAI,27,0,14,17,19,0,36,43.4,26.0,0.0,2.7,56.4,1000.9,0.0,M,0,Silverstone,Alfa Romeo Racing
27,46,RAI,28,0,17,17,19,0,36,43.6,25.9,0.0,1.1,56.8,1000.8,21.0,M,1,Silverstone,Alfa Romeo Racing
28,46,RAI,29,0,17,17,19,0,36,43.6,25.9,0.0,1.5,56.5,1000.9,14.0,M,2,Silverstone,Alfa Romeo Racing
29,46,RAI,30,0,17,17,19,0,37,43.6,25.8,0.0,2.2,57.0,1000.7,23.0,M,3,Silverstone,Alfa Romeo Racing
30,46,RAI,31,1,17,17,19,0,37,43.6,25.5,0.0,1.8,57.8,1000.8,22.0,M,4,Silverstone,Alfa Romeo Racing
31,46,RAI,32,0,17,17,19,0,37,43.2,25.6,0.0,1.8,57.7,1000.8,14.0,M,5,Silverstone,Alfa Romeo Racing
32,46,RAI,33,0,17,17,19,0,37,45.1,26.5,0.0,2.4,54.8,1000.7,25.0,M,6,Silverstone,Alfa Romeo Racing
33,46,RAI,34,0,17,16,19,0,37,45.0,26.6,0.0,1.7,55.0,1000.8,16.0,M,7,Silverstone,Alfa Romeo Racing
34,46,RAI,35,0,16,16,19,0,37,44.3,26.8,0.0,2.3,54.5,1000.8,17.0,M,8,Silverstone,Alfa Romeo Racing
35,46,RAI,36,0,16,15,19,0,37,44.0,26.6,0.0,3.4,54.9,1000.7,17.0,M,9,Silverstone,Alfa Romeo Racing
36,46,RAI,37,0,15,15,19,0,37,43.6,26.2,0.0,1.7,56.2,1000.7,2.0,M,10,Silverstone,Alfa Romeo Racing
37,46,RAI,38,0,15,15,19,0,37,43.7,26.3,0.0,1.6,55.7,1000.7,4.0,M,11,Silverstone,Alfa Romeo Racing
38,46,RAI,39,0,15,15,19,0,37,43.9,26.4,0.0,1.8,55.4,1000.7,14.0,M,12,Silverstone,Alfa Romeo Racing
39,46,RAI,40,0,15,15,19,0,38,44.3,26.4,0.0,2.0,55.2,1000.7,15.0,M,13,Silverstone,Alfa Romeo Racing
40,46,RAI,41,0,15,15,19,0,38,44.1,26.4,0.0,1.4,55.9,1000.7,5.0,M,14,Silverstone,Alfa Romeo Racing
41,46,RAI,42,0,15,15,19,0,38,43.9,26.6,0.0,1.4,55.6,1000.7,28.0,M,15,Silverstone,Alfa Romeo Racing
42,46,RAI,43,0,15,15,19,0,38,43.9,26.8,0.0,3.0,54.3,1000.7,357.0,M,16,Silverstone,Alfa Romeo Racing
43,46,RAI,44,0,15,15,19,0,38,43.7,26.3,0.0,3.1,56.0,1000.6,42.0,M,17,Silverstone,Alfa Romeo Racing
44,46,RAI,45,0,15,15,19,0,38,43.8,26.2,0.0,2.5,56.4,1000.8,357.0,M,18,Silverstone,Alfa Romeo Racing
45,46,RAI,46,0,15,15,19,0,39,43.6,26.0,0.0,2.2,56.5,1000.7,349.0,M,19,Silverstone,Alfa Romeo Racing
46,46,RAI,47,0,15,15,19,0,38,43.2,25.9,0.0,1.8,57.4,1000.7,15.0,M,20,Silverstone,Alfa Romeo Racing
47,46,RAI,48,0,15,15,19,0,39,43.3,26.0,0.0,1.5,57.4,1000.8,337.0,M,21,Silverstone,Alfa Romeo Racing
48,46,RAI,49,0,15,15,19,0,39,43.5,26.1,0.0,1.8,56.6,1000.7,33.0,M,22,Silverstone,Alfa Romeo Racing
49,46,RAI,50,0,15,15,19,0,39,43.5,25.9,0.0,1.5,57.3,1000.6,5.0,M,23,Silverstone,Alfa Romeo Racing
50,46,RAI,51,0,15,15,19,0,39,43.8,26.3,0.0,1.2,56.6,1000.7,32.0,M,24,Silverstone,Alfa Romeo Racing
