,idGP,driver,lap,trackStatus,position,targetPosition,grid,out,performance,trackTemp,airTemp,raining,windSpeed,humidity,pressure,windDir,tyre,tyreLap,track,team
0,45,HAM,1,0,1,1,1,0,54,42.3,21.0,0.0,4.3,44.0,998.7,222.0,M,3,Silverstone,Mercedes
1,45,HAM,2,2,1,1,1,0,56,41.9,20.9,0.0,4.1,43.1,998.7,241.0,M,4,Silverstone,Mercedes
2,45,HAM,3,2,1,1,1,0,47,42.3,21.0,0.0,3.0,43.5,998.7,227.0,M,5,Silverstone,Mercedes
3,45,HAM,4,2,1,1,1,0,38,42.3,21.0,0.0,4.6,43.1,998.7,202.0,M,6,Silverstone,Mercedes
4,45,HAM,5,2,1,1,1,0,33,42.4,20.8,0.0,2.8,43.0,998.6,223.0,M,7,Silverstone,Mercedes
5,45,HAM,6,0,1,1,1,0,36,42.5,20.9,0.0,2.9,42.8,998.6,200.0,M,8,Silverstone,Mercedes
6,45,HAM,7,0,1,1,1,0,39,42.8,21.0,0.0,3.0,43.6,998.6,247.0,M,9,Silverstone,Mercedes
7,45,HAM,8,0,1,1,1,0,44,41.3,21.1,0.0,2.7,44.5,998.5,236.0,M,10,Silverstone,Mercedes
8,45,HAM,9,0,1,1,1,0,46,40.9,21.1,0.0,2.7,44.5,998.5,239.0,M,11,Silverstone,Mercedes
9,45,HAM,10,0,1,1,1,0,50,41.3,21.2,0.0,3.1,44.4,998.6,256.0,M,12,Silverstone,Mercedes
10,45,HAM,11,0,1,1,1,0,56,41.7,21.2,0.0,4.3,44.3,998.5,255.0,M,13,Silverstone,Mercedes
11,45,HAM,12,1,1,1,1,0,58,42.3,21.4,0.0,3.8,44.7,998.6,204.0,M,14,Silverstone,Mercedes
12,45,HAM,13,2,1,1,1,0,58,42.0,21.3,0.0,4.3,43.7,998.5,240.0,M,15,Silverstone,Mercedes
13,45,HAM,14,2,1,1,1,0,58,42.1,21.1,0.0,2.6,43.8,998.4,197.0,H,0,Silverstone,Mercedes
14,45,HAM,15,2,1,1,1,0,57,41.7,21.3,0.0,2.7,44.4,998.4,192.0,H,1,Silverstone,Mercedes
15,45,HAM,16,2,1,1,1,0,55,41.7,21.3,0.0,3.4,44.2,998.4,208.0,H,2,Silverstone,Mercedes
16,45,HAM,17,2,1,1,1,0,53,41.7,21.4,0.0,4.0,43.3,998.4,239.0,H,3,Silverstone,Mercedes
17,45,HAM,18,2,1,1,1,0,52,41.8,21.3,0.0,3.0,42.8,998.4,237.0,H,4,Silverstone,Mercedes
18,45,HAM,19,0,1,1,1,0,52,42.5,21.6,0.0,3.1,42.6,998.3,248.0,H,5,Silverstone,Mercedes
19,45,HAM,20,0,1,1,1,0,53,42.4,21.4,0.0,4.4,42.7,998.4,214.0,H,6,Silverstone,Mercedes
20,45,HAM,21,0,1,1,1,0,54,39.8,21.1,0.0,3.6,44.3,998.3,239.0,H,7,Silverstone,Mercedes
21,45,HAM,22,0,1,1,1,0,55,39.6,21.3,0.0,2.8,43.7,998.4,241.0,H,8,Silverstone,Mercedes
22,45,HAM,23,0,1,1,1,0,55,38.8,21.1,0.0,2.7,44.9,998.3,195.0,H,9,Silverstone,Mercedes
23,45,HAM,24,0,1,1,1,0,56,38.5,21.0,0.0,2.5,45.3,998.3,230.0,H,10,Silverstone,Mercedes
24,45,HAM,25,0,1,1,1,0,56,41.0,21.3,0.0,3.1,45.0,998.3,198.0,H,11,Silverstone,Mercedes
25,45,HAM,26,0,1,1,1,0,57,41.0,21.4,0.0,2.7,45.2,998.3,228.0,H,12,Silverstone,Mercedes
26,45,HAM,27,0,1,1,1,0,57,41.6,22.1,0.0,4.3,44.6,998.2,220.0,H,13,Silverstone,Mercedes
27,45,HAM,28,0,1,1,1,0,57,38.7,21.1,0.0,3.6,44.8,998.2,216.0,H,14,Silverstone,Mercedes
28,45,HAM,29,0,1,1,1,0,54,37.8,20.9,0.0,2.2,44.7,998.3,184.0,H,15,Silverstone,Mercedes
29,45,HAM,30,0,1,1,1,0,55,39.1,21.0,0.0,2.5,45.2,998.3,228.0,H,16,Silverstone,Mercedes
30,45,HAM,31,0,1,1,1,0,55,38.3,21.1,0.0,1.8,45.3,998.3,223.0,H,17,Silverstone,Mercedes
31,45,HAM,32,0,1,1,1,0,55,38.3,21.2,0.0,2.6,44.8,998.2,211.0,H,18,Silverstone,Mercedes
32,45,HAM,33,0,1,1,1,0,55,40.5,21.5,0.0,2.6,44.7,998.1,192.0,H,19,Silverstone,Mercedes
33,45,HAM,34,0,1,1,1,0,54,40.5,21.4,0.0,3.2,44.2,998.2,193.0,H,20,Silverstone,Mercedes
34,45,HAM,35,0,1,1,1,0,54,41.8,21.7,0.0,4.0,43.4,998.3,218.0,H,21,Silverstone,Mercedes
35,45,HAM,36,0,1,1,1,0,54,41.8,21.9,0.0,4.0,43.5,998.3,203.0,H,22,Silverstone,Mercedes
36,45,HAM,37,0,1,1,1,0,54,41.0,21.8,0.0,4.5,42.6,998.2,191.0,H,23,Silverstone,Mercedes
37,45,HAM,38,0,1,1,1,0,55,40.7,21.5,0.0,4.6,43.8,998.3,199.0,H,24,Silverstone,Mercedes
38,45,HAM,39,0,1,1,1,0,57,40.2,21.3,0.0,4.3,44.1,998.3,209.0,H,25,Silverstone,Mercedes
39,45,HAM,40,0,1,1,1,0,58,38.5,21.2,0.0,4.0,44.8,998.4,198.0,H,26,Silverstone,Mercedes
40,45,HAM,41,0,1,1,1,0,57,39.7,21.1,0.0,2.3,43.1,998.3,234.0,H,27,Silverstone,Mercedes
41,45,HAM,42,0,1,1,1,0,58,39.9,21.3,0.0,4.0,43.8,998.3,211.0,H,28,Silverstone,Mercedes
42,45,HAM,43,0,1,1,1,0,57,40.2,21.6,0.0,3.3,42.7,998.3,216.0,H,29,Silverstone,Mercedes
43,45,HAM,44,0,1,1,1,0,57,39.1,21.8,0.0,2.9,43.3,998.2,221.0,H,30,Silverstone,Mercedes
44,45,HAM,45,0,1,1,1,0,55,39.0,22.1,0.0,2.8,42.1,998.2,236.0,H,31,Silverstone,Mercedes
45,45,HAM,46,0,1,1,1,0,52,37.9,21.9,0.0,3.3,44.3,998.2,233.0,H,32,Silverstone,Mercedes
46,45,HAM,47,0,1,1,1,0,51,37.6,21.6,0.0,3.2,45.1,998.1,219.0,H,33,Silverstone,Mercedes
47,45,HAM,48,1,1,1,1,0,51,37.3,21.4,0.0,3.6,45.3,998.2,227.0,H,34,Silverstone,Mercedes
48,45,HAM,49,0,1,1,1,0,51,37.3,21.4,0.0,2.8,45.3,998.1,230.0,H,35,Silverstone,Mercedes
49,45,HAM,50,0,1,1,1,0,51,39.1,21.7,0.0,3.4,44.0,998.2,185.0,H,36,Silverstone,Mercedes
50,45,HAM,51,0,1,1,1,0,51,38.2,21.6,0.0,3.6,44.0,998.2,250.0,H,37,Silverstone,Mercedes
51,45,HAM,52,0,1,1,1,0,51,37.0,21.3,0.0,1.9,44.3,998.2,199.0,H,38,Silverstone,Mercedes
0,45,BOT,1,0,2,2,2,0,53,42.3,21.0,0.0,4.3,44.0,998.7,222.0,M,3,Silverstone,Mercedes
1,45,BOT,2,2,2,2,2,0,56,42.3,21.0,0.0,3.5,43.8,998.6,208.0,M,4,Silverstone,Mercedes
2,45,BOT,3,2,2,2,2,0,46,42.3,21.0,0.0,4.6,43.1,998.7,202.0,M,5,Silverstone,Mercedes
3,45,BOT,4,2,2,2,2,0,39,42.3,20.9,0.0,4.7,43.8,998.6,179.0,M,6,Silverstone,Mercedes
4,45,BOT,5,2,2,2,2,0,37,42.4,20.8,0.0,2.8,43.0,998.6,223.0,M,7,Silverstone,Mercedes
5,45,BOT,6,0,2,2,2,0,39,42.5,20.9,0.0,2.9,42.8,998.6,200.0,M,8,Silverstone,Mercedes
6,45,BOT,7,0,2,2,2,0,42,42.8,21.0,0.0,3.0,43.6,998.6,247.0,M,9,Silverstone,Mercedes
7,45,BOT,8,0,2,2,2,0,46,41.3,21.0,0.0,4.0,43.8,998.4,228.0,M,10,Silverstone,Mercedes
8,45,BOT,9,0,2,2,2,0,48,41.3,21.1,0.0,3.7,43.3,998.4,246.0,M,11,Silverstone,Mercedes
9,45,BOT,10,0,2,2,2,0,52,40.9,21.3,0.0,3.7,43.1,998.6,217.0,M,12,Silverstone,Mercedes
10,45,BOT,11,0,2,2,2,0,57,40.9,21.1,0.0,2.7,44.5,998.5,239.0,M,13,Silverstone,Mercedes
11,45,BOT,12,1,2,2,2,0,59,42.0,21.3,0.0,4.3,43.7,998.5,240.0,M,14,Silverstone,Mercedes
12,45,BOT,13,2,2,2,2,0,59,42.2,21.1,0.0,3.4,44.6,998.6,192.0,M,15,Silverstone,Mercedes
13,45,BOT,14,2,2,2,2,0,59,42.1,21.1,0.0,2.6,43.8,998.4,197.0,H,0,Silverstone,Mercedes
14,45,BOT,15,2,2,2,2,0,59,41.7,21.3,0.0,2.7,44.4,998.4,192.0,H,1,Silverstone,Mercedes
15,45,BOT,16,2,2,2,2,0,57,41.7,21.3,0.0,3.4,44.2,998.4,208.0,H,2,Silverstone,Mercedes
16,45,BOT,17,2,2,2,2,0,56,41.8,21.3,0.0,3.0,42.8,998.4,237.0,H,3,Silverstone,Mercedes
17,45,BOT,18,2,2,2,2,0,55,42.0,21.6,0.0,4.1,42.6,998.3,198.0,H,4,Silverstone,Mercedes
18,45,BOT,19,0,2,2,2,0,55,42.5,21.6,0.0,3.1,42.6,998.3,248.0,H,5,Silverstone,Mercedes
19,45,BOT,20,0,2,2,2,0,56,39.6,21.3,0.0,2.8,43.7,998.4,241.0,H,6,Silverstone,Mercedes
20,45,BOT,21,0,2,2,2,0,57,41.0,21.3,0.0,3.1,45.0,998.3,198.0,H,7,Silverstone,Mercedes
21,45,BOT,22,0,2,2,2,0,58,41.0,21.4,0.0,2.7,45.2,998.3,228.0,H,8,Silverstone,Mercedes
22,45,BOT,23,0,2,2,2,0,58,40.0,21.3,0.0,1.3,45.9,998.3,286.0,H,9,Silverstone,Mercedes
23,45,BOT,24,0,2,2,2,0,59,41.6,21.9,0.0,1.8,44.7,998.2,223.0,H,10,Silverstone,Mercedes
24,45,BOT,25,0,2,2,2,0,59,41.6,22.1,0.0,4.3,44.6,998.2,220.0,H,11,Silverstone,Mercedes
25,45,BOT,26,0,2,2,2,0,59,39.9,21.5,0.0,3.8,45.4,998.3,201.0,H,12,Silverstone,Mercedes
26,45,BOT,27,0,2,2,2,0,60,39.5,21.3,0.0,3.2,45.6,998.2,213.0,H,13,Silverstone,Mercedes
27,45,BOT,28,0,2,2,2,0,60,39.3,21.1,0.0,2.9,45.7,998.3,207.0,H,14,Silverstone,Mercedes
28,45,BOT,29,0,2,2,2,0,60,37.8,20.9,0.0,2.2,44.7,998.3,184.0,H,15,Silverstone,Mercedes
29,45,BOT,30,0,2,2,2,0,60,37.9,20.9,0.0,2.0,45.5,998.3,203.0,H,16,Silverstone,Mercedes
30,45,BOT,31,0,2,2,2,0,60,39.1,21.0,0.0,2.5,45.2,998.3,228.0,H,17,Silverstone,Mercedes
31,45,BOT,32,0,2,2,2,0,61,39.1,21.3,0.0,1.9,45.0,998.2,231.0,H,18,Silverstone,Mercedes
32,45,BOT,33,0,2,2,2,0,61,40.4,21.4,0.0,2.9,44.5,998.2,211.0,H,19,Silverstone,Mercedes
33,45,BOT,34,0,2,2,2,0,61,40.5,21.5,0.0,2.6,44.7,998.1,192.0,H,20,Silverstone,Mercedes
34,45,BOT,35,0,2,2,2,0,61,40.5,21.4,0.0,3.2,44.2,998.2,193.0,H,21,Silverstone,Mercedes
35,45,BOT,36,0,2,2,2,0,61,40.7,21.2,0.0,2.1,45.2,998.2,181.0,H,22,Silverstone,Mercedes
36,45,BOT,37,0,2,2,2,0,61,41.3,21.3,0.0,3.5,44.1,998.2,222.0,H,23,Silverstone,Mercedes
37,45,BOT,38,0,2,2,2,0,61,41.8,21.7,0.0,4.0,43.4,998.3,218.0,H,24,Silverstone,Mercedes
38,45,BOT,39,0,2,2,2,0,61,40.2,21.3,0.0,4.3,44.1,998.3,209.0,H,25,Silverstone,Mercedes
39,45,BOT,40,0,2,2,2,0,61,40.2,21.3,0.0,4.3,44.1,998.3,209.0,H,26,Silverstone,Mercedes
40,45,BOT,41,0,2,2,2,0,61,38.5,21.2,0.0,4.0,44.8,998.4,198.0,H,27,Silverstone,Mercedes
41,45,BOT,42,0,2,2,2,0,62,38.5,21.2,0.0,4.0,44.8,998.4,198.0,H,28,Silverstone,Mercedes
42,45,BOT,43,0,2,2,2,0,62,40.2,21.6,0.0,3.3,42.7,998.3,216.0,H,29,Silverstone,Mercedes
43,45,BOT,44,0,2,2,2,0,62,39.2,21.7,0.0,2.4,42.6,998.1,198.0,H,30,Silverstone,Mercedes
44,45,BOT,45,0,2,2,2,0,62,39.4,22.0,0.0,3.2,41.4,998.3,225.0,H,31,Silverstone,Mercedes
45,45,BOT,46,0,2,2,2,0,62,37.9,21.9,0.0,3.3,44.3,998.2,233.0,H,32,Silverstone,Mercedes
46,45,BOT,47,0,2,2,2,0,62,37.6,21.6,0.0,3.2,45.1,998.1,219.0,H,33,Silverstone,Mercedes
47,45,BOT,48,1,2,2,2,0,62,37.3,21.4,0.0,3.6,45.3,998.2,227.0,H,34,Silverstone,Mercedes
48,45,BOT,49,0,2,2,2,0,62,39.1,21.7,0.0,3.4,44.0,998.2,185.0,H,35,Silverstone,Mercedes
49,45,BOT,50,0,2,4,2,0,62,38.4,21.8,0.0,3.1,43.9,998.2,235.0,H,36,Silverstone,Mercedes
50,45,BOT,51,0,4,12,2,0,61,38.2,21.6,0.0,3.6,44.0,998.2,250.0,S,3,Silverstone,Mercedes
51,45,BOT,52,0,12,11,2,0,61,37.0,21.3,0.0,1.9,44.3,998.2,199.0,S,4,Silverstone,Mercedes
0,45,VER,1,0,3,3,3,0,31,42.3,21.0,0.0,4.3,44.0,998.7,222.0,M,3,Silverstone,Red Bull Racing
1,45,VER,2,2,3,3,3,0,49,41.9,20.9,0.0,4.1,43.1,998.7,241.0,M,4,Silverstone,Red Bull Racing
2,45,VER,3,2,3,3,3,0,43,42.3,21.0,0.0,3.0,43.5,998.7,227.0,M,5,Silverstone,Red Bull Racing
3,45,VER,4,2,3,3,3,0,42,42.3,21.0,0.0,3.5,43.8,998.6,208.0,M,6,Silverstone,Red Bull Racing
4,45,VER,5,2,3,3,3,0,43,42.3,20.9,0.0,4.7,43.8,998.6,179.0,M,7,Silverstone,Red Bull Racing
5,45,VER,6,0,3,3,3,0,46,42.4,20.8,0.0,2.8,43.0,998.6,223.0,M,8,Silverstone,Red Bull Racing
6,45,VER,7,0,3,3,3,0,48,42.5,20.9,0.0,2.9,42.8,998.6,200.0,M,9,Silverstone,Red Bull Racing
7,45,VER,8,0,3,3,3,0,51,41.3,21.0,0.0,4.0,43.8,998.4,228.0,M,10,Silverstone,Red Bull Racing
8,45,VER,9,0,3,3,3,0,52,40.9,21.1,0.0,2.7,44.5,998.5,239.0,M,11,Silverstone,Red Bull Racing
9,45,VER,10,0,3,3,3,0,55,41.3,21.2,0.0,3.1,44.4,998.6,256.0,M,12,Silverstone,Red Bull Racing
10,45,VER,11,0,3,3,3,0,58,42.3,21.4,0.0,3.8,44.7,998.6,204.0,M,13,Silverstone,Red Bull Racing
11,45,VER,12,1,3,3,3,0,59,42.1,21.1,0.0,2.6,43.8,998.4,197.0,M,14,Silverstone,Red Bull Racing
12,45,VER,13,2,3,3,3,0,59,41.7,21.0,0.0,2.4,44.6,998.4,222.0,M,15,Silverstone,Red Bull Racing
13,45,VER,14,2,3,3,3,0,58,41.8,21.5,0.0,3.8,43.6,998.4,203.0,H,0,Silverstone,Red Bull Racing
14,45,VER,15,2,3,3,3,0,57,41.7,21.3,0.0,3.4,44.2,998.4,208.0,H,1,Silverstone,Red Bull Racing
15,45,VER,16,2,3,3,3,0,56,41.7,21.4,0.0,4.0,43.3,998.4,239.0,H,2,Silverstone,Red Bull Racing
16,45,VER,17,2,3,3,3,0,55,42.4,21.4,0.0,4.4,42.7,998.4,214.0,H,3,Silverstone,Red Bull Racing
17,45,VER,18,2,3,3,3,0,54,40.5,21.1,0.0,2.5,43.7,998.3,209.0,H,4,Silverstone,Red Bull Racing
18,45,VER,19,0,3,3,3,0,54,39.6,21.3,0.0,2.8,43.7,998.4,241.0,H,5,Silverstone,Red Bull Racing
19,45,VER,20,0,3,3,3,0,55,38.8,21.1,0.0,2.7,44.9,998.3,195.0,H,6,Silverstone,Red Bull Racing
20,45,VER,21,0,3,3,3,0,55,41.0,21.3,0.0,3.1,45.0,998.3,198.0,H,7,Silverstone,Red Bull Racing
21,45,VER,22,0,3,3,3,0,56,41.6,21.9,0.0,1.8,44.7,998.2,223.0,H,8,Silverstone,Red Bull Racing
22,45,VER,23,0,3,3,3,0,57,41.6,22.1,0.0,4.3,44.6,998.2,220.0,H,9,Silverstone,Red Bull Racing
23,45,VER,24,0,3,3,3,0,57,39.5,21.3,0.0,3.2,45.6,998.2,213.0,H,10,Silverstone,Red Bull Racing
24,45,VER,25,0,3,3,3,0,57,39.5,21.3,0.0,3.2,45.6,998.2,213.0,H,11,Silverstone,Red Bull Racing
25,45,VER,26,0,3,3,3,0,57,39.3,21.1,0.0,2.9,45.7,998.3,207.0,H,12,Silverstone,Red Bull Racing
26,45,VER,27,0,3,3,3,0,58,38.7,21.1,0.0,3.6,44.8,998.2,216.0,H,13,Silverstone,Red Bull Racing
27,45,VER,28,0,3,3,3,0,58,37.8,20.9,0.0,2.2,44.7,998.3,184.0,H,14,Silverstone,Red Bull Racing
28,45,VER,29,0,3,3,3,0,58,39.1,21.0,0.0,2.5,45.2,998.3,228.0,H,15,Silverstone,Red Bull Racing
29,45,VER,30,0,3,3,3,0,58,38.3,21.1,0.0,1.8,45.3,998.3,223.0,H,16,Silverstone,Red Bull Racing
30,45,VER,31,0,3,3,3,0,58,39.1,21.3,0.0,1.9,45.0,998.2,231.0,H,17,Silverstone,Red Bull Racing
31,45,VER,32,0,3,3,3,0,59,40.4,21.4,0.0,2.9,44.5,998.2,211.0,H,18,Silverstone,Red Bull Racing
32,45,VER,33,0,3,3,3,0,59,41.8,21.7,0.0,4.0,43.4,998.3,218.0,H,19,Silverstone,Red Bull Racing
33,45,VER,34,0,3,3,3,0,59,41.8,21.9,0.0,4.0,43.5,998.3,203.0,H,20,Silverstone,Red Bull Racing
34,45,VER,35,0,3,3,3,0,59,41.0,21.8,0.0,4.5,42.6,998.2,191.0,H,21,Silverstone,Red Bull Racing
35,45,VER,36,0,3,3,3,0,59,40.7,21.5,0.0,4.6,43.8,998.3,199.0,H,22,Silverstone,Red Bull Racing
36,45,VER,37,0,3,3,3,0,59,40.2,21.3,0.0,4.3,44.1,998.3,209.0,H,23,Silverstone,Red Bull Racing
37,45,VER,38,0,3,3,3,0,59,38.5,21.2,0.0,4.0,44.8,998.4,198.0,H,24,Silverstone,Red Bull Racing
38,45,VER,39,0,3,3,3,0,59,38.5,21.2,0.0,4.0,44.8,998.4,198.0,H,25,Silverstone,Red Bull Racing
39,45,VER,40,0,3,3,3,0,60,39.7,21.1,0.0,2.3,43.1,998.3,234.0,H,26,Silverstone,Red Bull Racing
40,45,VER,41,0,3,3,3,0,60,40.2,21.6,0.0,3.3,42.7,998.3,216.0,H,27,Silverstone,Red Bull Racing
41,45,VER,42,0,3,3,3,0,60,40.2,21.8,0.0,1.8,43.2,998.3,346.0,H,28,Silverstone,Red Bull Racing
42,45,VER,43,0,3,3,3,0,60,39.2,21.7,0.0,2.4,42.6,998.1,198.0,H,29,Silverstone,Red Bull Racing
43,45,VER,44,0,3,3,3,0,60,39.1,21.8,0.0,2.9,43.3,998.2,221.0,H,30,Silverstone,Red Bull Racing
44,45,VER,45,0,3,3,3,0,60,39.0,22.1,0.0,2.8,42.1,998.2,236.0,H,31,Silverstone,Red Bull Racing
45,45,VER,46,0,3,3,3,0,60,37.6,21.6,0.0,1.9,44.9,998.2,221.0,H,32,Silverstone,Red Bull Racing
46,45,VER,47,0,3,3,3,0,60,37.6,21.6,0.0,3.0,44.7,998.2,201.0,H,33,Silverstone,Red Bull Racing
47,45,VER,48,1,3,3,3,0,60,37.3,21.4,0.0,3.6,45.3,998.2,227.0,H,34,Silverstone,Red Bull Racing
48,45,VER,49,0,3,3,3,0,61,38.6,21.4,0.0,2.1,45.8,998.1,218.0,H,35,Silverstone,Red Bull Racing
49,45,VER,50,0,3,2,3,0,61,39.1,21.7,0.0,3.4,44.0,998.2,185.0,H,36,Silverstone,Red Bull Racing
50,45,VER,51,0,2,2,3,0,60,38.2,21.6,0.0,3.6,44.0,998.2,250.0,S,3,Silverstone,Red Bull Racing
51,45,VER,52,0,2,2,3,0,61,36.9,21.1,0.0,2.6,45.3,998.2,211.0,S,4,Silverstone,Red Bull Racing
0,45,LEC,1,0,4,4,4,0,54,42.3,21.0,0.0,3.0,43.5,998.7,227.0,M,3,Silverstone,Ferrari
1,45,LEC,2,2,4,4,4,0,63,41.3,21.0,0.0,4.0,43.8,998.4,228.0,M,4,Silverstone,Ferrari
2,45,LEC,3,2,4,4,4,0,52,41.3,21.1,0.0,3.7,43.3,998.4,246.0,M,5,Silverstone,Ferrari
3,45,LEC,4,2,4,4,4,0,51,41.3,21.1,0.0,2.7,44.5,998.5,236.0,M,6,Silverstone,Ferrari
4,45,LEC,5,2,4,4,4,0,52,42.0,21.3,0.0,3.4,43.3,998.7,209.0,M,7,Silverstone,Ferrari
5,45,LEC,6,0,4,4,4,0,52,40.9,21.1,0.0,2.7,44.5,998.5,239.0,M,8,Silverstone,Ferrari
6,45,LEC,7,0,4,4,4,0,53,41.3,21.2,0.0,3.1,44.4,998.6,256.0,M,9,Silverstone,Ferrari
7,45,LEC,8,0,4,4,4,0,55,41.7,21.2,0.0,4.3,44.3,998.5,255.0,M,10,Silverstone,Ferrari
8,45,LEC,9,0,4,4,4,0,55,42.3,21.4,0.0,3.8,44.7,998.6,204.0,M,11,Silverstone,Ferrari
9,45,LEC,10,0,4,4,4,0,59,42.2,21.1,0.0,3.4,44.6,998.6,192.0,M,12,Silverstone,Ferrari
10,45,LEC,11,0,4,4,4,0,62,42.1,21.1,0.0,2.6,43.8,998.4,197.0,M,13,Silverstone,Ferrari
11,45,LEC,12,1,4,4,4,0,62,41.7,21.0,0.0,2.4,44.6,998.4,222.0,M,14,Silverstone,Ferrari
12,45,LEC,13,2,4,4,4,0,62,41.7,21.3,0.0,2.7,44.4,998.4,192.0,M,15,Silverstone,Ferrari
13,45,LEC,14,2,4,4,4,0,62,41.8,21.5,0.0,3.8,43.6,998.4,203.0,H,0,Silverstone,Ferrari
14,45,LEC,15,2,4,4,4,0,61,41.7,21.3,0.0,3.4,44.2,998.4,208.0,H,1,Silverstone,Ferrari
15,45,LEC,16,2,4,4,4,0,60,41.8,21.3,0.0,3.0,42.8,998.4,237.0,H,2,Silverstone,Ferrari
16,45,LEC,17,2,4,4,4,0,59,42.0,21.6,0.0,4.1,42.6,998.3,198.0,H,3,Silverstone,Ferrari
17,45,LEC,18,2,4,4,4,0,58,39.8,21.1,0.0,3.6,44.3,998.3,239.0,H,4,Silverstone,Ferrari
18,45,LEC,19,0,4,4,4,0,57,39.6,21.3,0.0,2.8,43.7,998.4,241.0,H,5,Silverstone,Ferrari
19,45,LEC,20,0,4,4,4,0,58,38.5,21.0,0.0,2.5,45.3,998.3,230.0,H,6,Silverstone,Ferrari
20,45,LEC,21,0,4,4,4,0,59,38.8,21.2,0.0,1.5,46.2,998.4,216.0,H,7,Silverstone,Ferrari
21,45,LEC,22,0,4,4,4,0,59,41.0,21.4,0.0,2.7,45.2,998.3,228.0,H,8,Silverstone,Ferrari
22,45,LEC,23,0,4,4,4,0,60,41.6,21.9,0.0,1.8,44.7,998.2,223.0,H,9,Silverstone,Ferrari
23,45,LEC,24,0,4,4,4,0,60,39.9,21.5,0.0,3.8,45.4,998.3,201.0,H,10,Silverstone,Ferrari
24,45,LEC,25,0,4,4,4,0,60,39.5,21.3,0.0,3.2,45.6,998.2,213.0,H,11,Silverstone,Ferrari
25,45,LEC,26,0,4,4,4,0,60,39.3,21.1,0.0,2.9,45.7,998.3,207.0,H,12,Silverstone,Ferrari
26,45,LEC,27,0,4,4,4,0,60,38.7,21.1,0.0,3.6,44.8,998.2,216.0,H,13,Silverstone,Ferrari
27,45,LEC,28,0,4,4,4,0,60,37.9,20.9,0.0,2.0,45.5,998.3,203.0,H,14,Silverstone,Ferrari
28,45,LEC,29,0,4,4,4,0,61,38.3,21.1,0.0,1.8,45.3,998.3,223.0,H,15,Silverstone,Ferrari
29,45,LEC,30,0,4,4,4,0,61,40.4,21.4,0.0,2.9,44.5,998.2,211.0,H,16,Silverstone,Ferrari
30,45,LEC,31,0,4,4,4,0,61,40.5,21.4,0.0,3.2,44.2,998.2,193.0,H,17,Silverstone,Ferrari
31,45,LEC,32,0,4,4,4,0,61,40.7,21.2,0.0,2.1,45.2,998.2,181.0,H,18,Silverstone,Ferrari
32,45,LEC,33,0,4,4,4,0,61,41.3,21.3,0.0,3.5,44.1,998.2,222.0,H,19,Silverstone,Ferrari
33,45,LEC,34,0,4,4,4,0,61,41.8,21.9,0.0,4.0,43.5,998.3,203.0,H,20,Silverstone,Ferrari
34,45,LEC,35,0,4,4,4,0,61,41.0,21.8,0.0,4.5,42.6,998.2,191.0,H,21,Silverstone,Ferrari
35,45,LEC,36,0,4,4,4,0,61,40.7,21.5,0.0,4.6,43.8,998.3,199.0,H,22,Silverstone,Ferrari
36,45,LEC,37,0,4,4,4,0,61,40.2,21.3,0.0,4.3,44.1,998.3,209.0,H,23,Silverstone,Ferrari
37,45,LEC,38,0,4,4,4,0,61,40.2,21.3,0.0,4.3,44.1,998.3,209.0,H,24,Silverstone,Ferrari
38,45,LEC,39,0,4,4,4,0,61,38.5,21.2,0.0,4.0,44.8,998.4,198.0,H,25,Silverstone,Ferrari
39,45,LEC,40,0,4,4,4,0,61,38.8,20.9,0.0,2.7,44.4,998.2,210.0,H,26,Silverstone,Ferrari
40,45,LEC,41,0,4,4,4,0,61,39.7,21.1,0.0,2.3,43.1,998.3,234.0,H,27,Silverstone,Ferrari
41,45,LEC,42,0,4,4,4,0,61,40.2,21.6,0.0,3.3,42.7,998.3,216.0,H,28,Silverstone,Ferrari
42,45,LEC,43,0,4,4,4,0,61,38.7,22.1,0.0,2.7,43.3,998.1,228.0,H,29,Silverstone,Ferrari
43,45,LEC,44,0,4,4,4,0,60,37.9,21.9,0.0,3.3,44.3,998.2,233.0,H,30,Silverstone,Ferrari
44,45,LEC,45,0,4,4,4,0,59,37.6,21.6,0.0,3.2,45.1,998.1,219.0,H,31,Silverstone,Ferrari
45,45,LEC,46,0,4,4,4,0,59,37.6,21.6,0.0,3.0,44.7,998.2,201.0,H,32,Silverstone,Ferrari
46,45,LEC,47,0,4,4,4,0,59,37.3,21.4,0.0,3.6,45.3,998.2,227.0,H,33,Silverstone,Ferrari
47,45,LEC,48,1,4,4,4,0,59,37.3,21.4,0.0,2.8,45.3,998.1,230.0,H,34,Silverstone,Ferrari
48,45,LEC,49,0,4,4,4,0,59,38.6,21.4,0.0,2.1,45.8,998.1,218.0,H,35,Silverstone,Ferrari
49,45,LEC,50,0,4,3,4,0,59,39.1,21.6,0.0,2.6,43.2,998.1,203.0,H,36,Silverstone,Ferrari
50,45,LEC,51,0,3,3,4,0,59,38.6,21.6,0.0,2.8,43.9,998.1,213.0,H,37,Silverstone,Ferrari
51,45,LEC,52,0,3,3,4,0,59,38.2,21.6,0.0,3.6,44.0,998.2,250.0,H,38,Silverstone,Ferrari
0,45,NOR,1,0,7,7,7,0,30,42.3,21.0,0.0,3.0,43.5,998.7,227.0,S,3,Silverstone,McLaren
1,45,NOR,2,2,7,7,7,0,46,42.3,21.0,0.0,3.5,43.8,998.6,208.0,S,4,Silverstone,McLaren
2,45,NOR,3,2,7,7,7,0,43,42.3,21.0,0.0,4.6,43.1,998.7,202.0,S,5,Silverstone,McLaren
3,45,NOR,4,2,7,7,7,0,45,42.3,20.9,0.0,4.7,43.8,998.6,179.0,S,6,Silverstone,McLaren
4,45,NOR,5,2,7,7,7,0,46,42.4,20.8,0.0,2.8,43.0,998.6,223.0,S,7,Silverstone,McLaren
5,45,NOR,6,0,7,7,7,0,49,42.5,20.9,0.0,2.9,42.8,998.6,200.0,S,8,Silverstone,McLaren
6,45,NOR,7,0,7,7,7,0,49,42.8,21.0,0.0,3.0,43.6,998.6,247.0,S,9,Silverstone,McLaren
7,45,NOR,8,0,7,7,7,0,51,41.3,21.1,0.0,2.7,44.5,998.5,236.0,S,10,Silverstone,McLaren
8,45,NOR,9,0,7,7,7,0,51,42.0,21.3,0.0,3.4,43.3,998.7,209.0,S,11,Silverstone,McLaren
9,45,NOR,10,0,7,7,7,0,55,40.9,21.3,0.0,3.7,43.1,998.6,217.0,S,12,Silverstone,McLaren
10,45,NOR,11,0,7,7,7,0,58,42.3,21.4,0.0,3.8,44.7,998.6,204.0,S,13,Silverstone,McLaren
11,45,NOR,12,1,7,7,7,0,59,42.0,21.3,0.0,4.3,43.7,998.5,240.0,S,14,Silverstone,McLaren
12,45,NOR,13,2,7,9,7,0,58,41.7,21.0,0.0,2.4,44.6,998.4,222.0,H,0,Silverstone,McLaren
13,45,NOR,14,2,9,8,7,0,59,41.7,21.3,0.0,2.7,44.4,998.4,192.0,H,1,Silverstone,McLaren
14,45,NOR,15,2,8,8,7,0,58,41.7,21.3,0.0,3.4,44.2,998.4,208.0,H,2,Silverstone,McLaren
15,45,NOR,16,2,8,8,7,0,57,41.8,21.3,0.0,3.0,42.8,998.4,237.0,H,3,Silverstone,McLaren
16,45,NOR,17,2,8,8,7,0,56,42.0,21.4,0.0,3.4,43.0,998.3,203.0,H,4,Silverstone,McLaren
17,45,NOR,18,2,8,8,7,0,55,42.0,21.6,0.0,4.1,42.6,998.3,198.0,H,5,Silverstone,McLaren
18,45,NOR,19,0,8,7,7,0,56,42.5,21.6,0.0,3.1,42.6,998.3,248.0,H,6,Silverstone,McLaren
19,45,NOR,20,0,7,7,7,0,57,40.5,21.1,0.0,2.5,43.7,998.3,209.0,H,7,Silverstone,McLaren
20,45,NOR,21,0,7,7,7,0,57,39.6,21.3,0.0,2.8,43.7,998.4,241.0,H,8,Silverstone,McLaren
21,45,NOR,22,0,7,7,7,0,58,38.5,21.0,0.0,2.5,45.3,998.3,230.0,H,9,Silverstone,McLaren
22,45,NOR,23,0,7,7,7,0,58,41.0,21.3,0.0,3.1,45.0,998.3,198.0,H,10,Silverstone,McLaren
23,45,NOR,24,0,7,6,7,0,58,41.0,21.4,0.0,2.7,45.2,998.3,228.0,H,11,Silverstone,McLaren
24,45,NOR,25,0,6,6,7,0,59,40.0,21.3,0.0,1.3,45.9,998.3,286.0,H,12,Silverstone,McLaren
25,45,NOR,26,0,6,6,7,0,59,40.0,21.3,0.0,1.1,45.8,998.2,244.0,H,13,Silverstone,McLaren
26,45,NOR,27,0,6,6,7,0,59,40.7,21.4,0.0,1.6,45.2,998.2,257.0,H,14,Silverstone,McLaren
27,45,NOR,28,0,6,6,7,0,59,41.6,21.8,0.0,1.5,45.1,998.2,195.0,H,15,Silverstone,McLaren
28,45,NOR,29,0,6,6,7,0,59,41.6,21.9,0.0,1.8,44.7,998.2,223.0,H,16,Silverstone,McLaren
29,45,NOR,30,0,6,6,7,0,59,39.9,21.5,0.0,3.8,45.4,998.3,201.0,H,17,Silverstone,McLaren
30,45,NOR,31,0,6,6,7,0,60,39.5,21.3,0.0,3.2,45.6,998.2,213.0,H,18,Silverstone,McLaren
31,45,NOR,32,0,6,6,7,0,60,37.8,20.9,0.0,2.2,44.7,998.3,184.0,H,19,Silverstone,McLaren
32,45,NOR,33,0,6,6,7,0,60,37.9,20.9,0.0,2.0,45.5,998.3,203.0,H,20,Silverstone,McLaren
33,45,NOR,34,0,6,6,7,0,60,38.3,21.1,0.0,1.8,45.3,998.3,223.0,H,21,Silverstone,McLaren
34,45,NOR,35,0,6,6,7,0,60,39.1,21.3,0.0,1.9,45.0,998.2,231.0,H,22,Silverstone,McLaren
35,45,NOR,36,0,6,6,7,0,60,40.5,21.5,0.0,2.6,44.7,998.1,192.0,H,23,Silverstone,McLaren
36,45,NOR,37,0,6,6,7,0,60,40.7,21.2,0.0,2.1,45.2,998.2,181.0,H,24,Silverstone,McLaren
37,45,NOR,38,0,6,6,7,0,60,41.1,21.1,0.0,2.5,44.0,998.2,225.0,H,25,Silverstone,McLaren
38,45,NOR,39,0,6,6,7,0,60,41.0,21.8,0.0,4.5,42.6,998.2,191.0,H,26,Silverstone,McLaren
39,45,NOR,40,0,6,6,7,0,60,40.2,21.3,0.0,4.3,44.1,998.3,209.0,H,27,Silverstone,McLaren
40,45,NOR,41,0,6,6,7,0,60,39.9,21.3,0.0,4.0,43.8,998.3,211.0,H,28,Silverstone,McLaren
41,45,NOR,42,0,6,6,7,0,60,40.2,21.6,0.0,3.3,42.7,998.3,216.0,H,29,Silverstone,McLaren
42,45,NOR,43,0,6,6,7,0,60,39.2,21.7,0.0,2.4,42.6,998.1,198.0,H,30,Silverstone,McLaren
43,45,NOR,44,0,6,6,7,0,61,39.1,21.8,0.0,2.9,43.3,998.2,221.0,H,31,Silverstone,McLaren
44,45,NOR,45,0,6,6,7,0,61,39.0,22.1,0.0,2.8,42.1,998.2,236.0,H,32,Silverstone,McLaren
45,45,NOR,46,0,6,6,7,0,61,38.7,22.1,0.0,2.7,43.3,998.1,228.0,H,33,Silverstone,McLaren
46,45,NOR,47,0,6,6,7,0,61,37.9,21.9,0.0,3.3,44.3,998.2,233.0,H,34,Silverstone,McLaren
47,45,NOR,48,1,6,6,7,0,61,37.6,21.6,0.0,1.9,44.9,998.2,221.0,H,35,Silverstone,McLaren
48,45,NOR,49,0,6,7,7,0,61,37.3,21.4,0.0,3.6,45.3,998.2,227.0,H,36,Silverstone,McLaren
49,45,NOR,50,0,7,7,7,0,61,37.3,21.4,0.0,2.8,45.3,998.1,230.0,H,37,Silverstone,McLaren
50,45,NOR,51,0,7,5,7,0,61,39.1,21.6,0.0,2.6,43.2,998.1,203.0,H,38,Silverstone,McLaren
51,45,NOR,52,0,5,5,7,0,61,38.2,21.6,0.0,3.6,44.0,998.2,250.0,H,39,Silverstone,McLaren
0,45,STR,1,0,8,8,8,0,33,42.3,21.0,0.0,4.3,44.0,998.7,222.0,M,3,Silverstone,Racing Point
1,45,STR,2,2,8,8,8,0,40,41.9,20.9,0.0,4.1,43.1,998.7,241.0,M,4,Silverstone,Racing Point
2,45,STR,3,2,8,8,8,0,41,42.3,21.0,0.0,3.0,43.5,998.7,227.0,M,5,Silverstone,Racing Point
3,45,STR,4,2,8,8,8,0,42,42.3,21.0,0.0,3.5,43.8,998.6,208.0,M,6,Silverstone,Racing Point
4,45,STR,5,2,8,8,8,0,43,42.3,21.0,0.0,4.6,43.1,998.7,202.0,M,7,Silverstone,Racing Point
5,45,STR,6,0,8,8,8,0,44,42.3,20.9,0.0,4.7,43.8,998.6,179.0,M,8,Silverstone,Racing Point
6,45,STR,7,0,8,8,8,0,45,42.4,20.8,0.0,2.8,43.0,998.6,223.0,M,9,Silverstone,Racing Point
7,45,STR,8,0,8,8,8,0,47,42.8,21.0,0.0,3.0,43.6,998.6,247.0,M,10,Silverstone,Racing Point
8,45,STR,9,0,8,8,8,0,46,41.3,21.1,0.0,3.7,43.3,998.4,246.0,M,11,Silverstone,Racing Point
9,45,STR,10,0,8,8,8,0,48,41.3,21.1,0.0,2.7,44.5,998.5,236.0,M,12,Silverstone,Racing Point
10,45,STR,11,0,8,8,8,0,52,40.9,21.3,0.0,3.7,43.1,998.6,217.0,M,13,Silverstone,Racing Point
11,45,STR,12,1,8,8,8,0,54,40.9,21.1,0.0,2.7,44.5,998.5,239.0,M,14,Silverstone,Racing Point
12,45,STR,13,2,8,6,8,0,53,41.3,21.2,0.0,3.1,44.4,998.6,256.0,M,15,Silverstone,Racing Point
13,45,STR,14,2,6,9,8,0,54,42.3,21.4,0.0,3.8,44.7,998.6,204.0,H,0,Silverstone,Racing Point
14,45,STR,15,2,9,9,8,0,54,42.1,21.1,0.0,2.6,43.8,998.4,197.0,H,1,Silverstone,Racing Point
15,45,STR,16,2,9,9,8,0,53,41.8,21.5,0.0,3.8,43.6,998.4,203.0,H,2,Silverstone,Racing Point
16,45,STR,17,2,9,9,8,0,52,41.8,21.3,0.0,3.0,42.8,998.4,237.0,H,3,Silverstone,Racing Point
17,45,STR,18,2,9,9,8,0,52,39.8,21.1,0.0,3.6,44.3,998.3,239.0,H,4,Silverstone,Racing Point
18,45,STR,19,0,9,9,8,0,52,38.5,21.0,0.0,2.5,45.3,998.3,230.0,H,5,Silverstone,Racing Point
19,45,STR,20,0,9,9,8,0,52,38.8,21.2,0.0,1.5,46.2,998.4,216.0,H,6,Silverstone,Racing Point
20,45,STR,21,0,9,9,8,0,53,41.0,21.4,0.0,2.7,45.2,998.3,228.0,H,7,Silverstone,Racing Point
21,45,STR,22,0,9,9,8,0,53,40.0,21.3,0.0,1.1,45.8,998.2,244.0,H,8,Silverstone,Racing Point
22,45,STR,23,0,9,9,8,0,53,41.6,21.8,0.0,1.5,45.1,998.2,195.0,H,9,Silverstone,Racing Point
23,45,STR,24,0,9,9,8,0,53,41.6,22.1,0.0,4.3,44.6,998.2,220.0,H,10,Silverstone,Racing Point
24,45,STR,25,0,9,9,8,0,53,39.9,21.5,0.0,3.8,45.4,998.3,201.0,H,11,Silverstone,Racing Point
25,45,STR,26,0,9,9,8,0,54,38.7,21.1,0.0,3.6,44.8,998.2,216.0,H,12,Silverstone,Racing Point
26,45,STR,27,0,9,9,8,0,54,37.9,20.9,0.0,2.0,45.5,998.3,203.0,H,13,Silverstone,Racing Point
27,45,STR,28,0,9,9,8,0,54,39.1,21.0,0.0,2.5,45.2,998.3,228.0,H,14,Silverstone,Racing Point
28,45,STR,29,0,9,9,8,0,54,39.1,21.3,0.0,1.9,45.0,998.2,231.0,H,15,Silverstone,Racing Point
29,45,STR,30,0,9,9,8,0,54,40.4,21.4,0.0,2.9,44.5,998.2,211.0,H,16,Silverstone,Racing Point
30,45,STR,31,0,9,9,8,0,54,40.5,21.5,0.0,2.6,44.7,998.1,192.0,H,17,Silverstone,Racing Point
31,45,STR,32,0,9,9,8,0,54,40.5,21.4,0.0,3.2,44.2,998.2,193.0,H,18,Silverstone,Racing Point
32,45,STR,33,0,9,9,8,0,54,41.3,21.3,0.0,3.5,44.1,998.2,222.0,H,19,Silverstone,Racing Point
33,45,STR,34,0,9,9,8,0,54,41.8,21.7,0.0,4.0,43.4,998.3,218.0,H,20,Silverstone,Racing Point
34,45,STR,35,0,9,9,8,0,54,41.8,21.9,0.0,4.0,43.5,998.3,203.0,H,21,Silverstone,Racing Point
35,45,STR,36,0,9,8,8,0,54,40.2,21.3,0.0,4.3,44.1,998.3,209.0,H,22,Silverstone,Racing Point
36,45,STR,37,0,8,8,8,0,54,38.5,21.2,0.0,4.0,44.8,998.4,198.0,H,23,Silverstone,Racing Point
37,45,STR,38,0,8,8,8,0,54,38.5,21.2,0.0,4.0,44.8,998.4,198.0,H,24,Silverstone,Racing Point
38,45,STR,39,0,8,8,8,0,54,38.8,20.9,0.0,2.7,44.4,998.2,210.0,H,25,Silverstone,Racing Point
39,45,STR,40,0,8,8,8,0,54,39.7,21.1,0.0,2.3,43.1,998.3,234.0,H,26,Silverstone,Racing Point
40,45,STR,41,0,8,8,8,0,54,40.2,21.6,0.0,3.3,42.7,998.3,216.0,H,27,Silverstone,Racing Point
41,45,STR,42,0,8,8,8,0,54,40.2,21.8,0.0,1.8,43.2,998.3,346.0,H,28,Silverstone,Racing Point
42,45,STR,43,0,8,8,8,0,54,39.2,21.7,0.0,2.4,42.6,998.1,198.0,H,29,Silverstone,Racing Point
43,45,STR,44,0,8,8,8,0,55,39.4,22.0,0.0,3.2,41.4,998.3,225.0,H,30,Silverstone,Racing Point
44,45,STR,45,0,8,8,8,0,55,38.7,22.1,0.0,2.7,43.3,998.1,228.0,H,31,Silverstone,Racing Point
45,45,STR,46,0,8,9,8,0,55,37.6,21.6,0.0,1.9,44.9,998.2,221.0,H,32,Silverstone,Racing Point
46,45,STR,47,0,9,9,8,0,55,37.6,21.6,0.0,3.0,44.7,998.2,201.0,H,33,Silverstone,Racing Point
47,45,STR,48,1,9,9,8,0,55,37.3,21.4,0.0,3.6,45.3,998.2,227.0,H,34,Silverstone,Racing Point
48,45,STR,49,0,9,10,8,0,55,37.3,21.4,0.0,2.8,45.3,998.1,230.0,H,35,Silverstone,Racing Point
49,45,STR,50,0,10,10,8,0,55,39.1,21.7,0.0,3.4,44.0,998.2,185.0,H,36,Silverstone,Racing Point
50,45,STR,51,0,10,10,8,0,55,39.1,21.6,0.0,2.6,43.2,998.1,203.0,H,37,Silverstone,Racing Point
51,45,STR,52,0,10,9,8,0,55,38.6,21.6,0.0,2.8,43.9,998.1,213.0,H,38,Silverstone,Racing Point
0,45,SAI,1,0,5,5,5,0,32,41.9,20.9,0.0,4.1,43.1,998.7,241.0,S,3,Silverstone,McLaren
1,45,SAI,2,2,5,5,5,0,50,42.3,21.0,0.0,3.5,43.8,998.6,208.0,S,4,Silverstone,McLaren
2,45,SAI,3,2,5,5,5,0,54,42.3,21.0,0.0,4.6,43.1,998.7,202.0,S,5,Silverstone,McLaren
3,45,SAI,4,2,5,5,5,0,50,41.3,21.0,0.0,4.0,43.8,998.4,228.0,S,6,Silverstone,McLaren
4,45,SAI,5,2,5,5,5,0,45,41.3,21.1,0.0,3.7,43.3,998.4,246.0,S,7,Silverstone,McLaren
5,45,SAI,6,0,5,5,5,0,45,41.3,21.1,0.0,2.7,44.5,998.5,236.0,S,8,Silverstone,McLaren
6,45,SAI,7,0,5,5,5,0,50,42.0,21.3,0.0,3.4,43.3,998.7,209.0,S,9,Silverstone,McLaren
7,45,SAI,8,0,5,5,5,0,40,40.9,21.3,0.0,3.7,43.1,998.6,217.0,S,10,Silverstone,McLaren
8,45,SAI,9,0,5,5,5,0,40,40.9,21.1,0.0,2.7,44.5,998.5,239.0,S,11,Silverstone,McLaren
9,45,SAI,10,0,5,5,5,0,42,41.3,21.2,0.0,3.1,44.4,998.6,256.0,S,12,Silverstone,McLaren
10,45,SAI,11,0,5,5,5,0,43,42.0,21.3,0.0,4.3,43.7,998.5,240.0,S,13,Silverstone,McLaren
11,45,SAI,12,1,5,6,5,0,43,42.2,21.1,0.0,3.4,44.6,998.6,192.0,S,14,Silverstone,McLaren
12,45,SAI,13,2,6,5,5,0,44,41.7,21.0,0.0,2.4,44.6,998.4,222.0,S,15,Silverstone,McLaren
13,45,SAI,14,2,5,6,5,0,44,41.7,21.3,0.0,2.7,44.4,998.4,192.0,H,0,Silverstone,McLaren
14,45,SAI,15,2,6,6,5,0,45,41.7,21.4,0.0,4.0,43.3,998.4,239.0,H,1,Silverstone,McLaren
15,45,SAI,16,2,6,6,5,0,45,42.0,21.6,0.0,4.1,42.6,998.3,198.0,H,2,Silverstone,McLaren
16,45,SAI,17,2,6,6,5,0,44,42.4,21.4,0.0,4.4,42.7,998.4,214.0,H,3,Silverstone,McLaren
17,45,SAI,18,2,6,6,5,0,43,38.8,21.1,0.0,2.7,44.9,998.3,195.0,H,4,Silverstone,McLaren
18,45,SAI,19,0,6,6,5,0,43,38.5,21.0,0.0,2.5,45.3,998.3,230.0,H,5,Silverstone,McLaren
19,45,SAI,20,0,6,6,5,0,44,41.0,21.3,0.0,3.1,45.0,998.3,198.0,H,6,Silverstone,McLaren
20,45,SAI,21,0,6,6,5,0,45,41.0,21.4,0.0,2.7,45.2,998.3,228.0,H,7,Silverstone,McLaren
21,45,SAI,22,0,6,5,5,0,46,40.0,21.3,0.0,1.1,45.8,998.2,244.0,H,8,Silverstone,McLaren
22,45,SAI,23,0,5,5,5,0,46,41.6,21.8,0.0,1.5,45.1,998.2,195.0,H,9,Silverstone,McLaren
23,45,SAI,24,0,5,5,5,0,46,41.6,22.1,0.0,4.3,44.6,998.2,220.0,H,10,Silverstone,McLaren
24,45,SAI,25,0,5,5,5,0,46,41.6,21.8,0.0,3.8,45.1,998.2,223.0,H,11,Silverstone,McLaren
25,45,SAI,26,0,5,5,5,0,47,39.9,21.5,0.0,3.8,45.4,998.3,201.0,H,12,Silverstone,McLaren
26,45,SAI,27,0,5,5,5,0,47,39.5,21.3,0.0,3.2,45.6,998.2,213.0,H,13,Silverstone,McLaren
27,45,SAI,28,0,5,5,5,0,47,37.8,20.9,0.0,2.2,44.7,998.3,184.0,H,14,Silverstone,McLaren
28,45,SAI,29,0,5,5,5,0,47,39.1,21.0,0.0,2.5,45.2,998.3,228.0,H,15,Silverstone,McLaren
29,45,SAI,30,0,5,5,5,0,47,38.3,21.1,0.0,1.8,45.3,998.3,223.0,H,16,Silverstone,McLaren
30,45,SAI,31,0,5,5,5,0,47,40.4,21.4,0.0,2.9,44.5,998.2,211.0,H,17,Silverstone,McLaren
31,45,SAI,32,0,5,5,5,0,47,40.5,21.5,0.0,2.6,44.7,998.1,192.0,H,18,Silverstone,McLaren
32,45,SAI,33,0,5,5,5,0,47,40.5,21.4,0.0,3.2,44.2,998.2,193.0,H,19,Silverstone,McLaren
33,45,SAI,34,0,5,5,5,0,48,40.7,21.2,0.0,2.1,45.2,998.2,181.0,H,20,Silverstone,McLaren
34,45,SAI,35,0,5,5,5,0,48,40.7,21.5,0.0,4.6,43.8,998.3,199.0,H,21,Silverstone,McLaren
35,45,SAI,36,0,5,5,5,0,48,40.2,21.3,0.0,4.3,44.1,998.3,209.0,H,22,Silverstone,McLaren
36,45,SAI,37,0,5,5,5,0,48,40.2,21.3,0.0,4.3,44.1,998.3,209.0,H,23,Silverstone,McLaren
37,45,SAI,38,0,5,5,5,0,48,38.5,21.2,0.0,4.0,44.8,998.4,198.0,H,24,Silverstone,McLaren
38,45,SAI,39,0,5,5,5,0,48,38.5,21.2,0.0,4.0,44.8,998.4,198.0,H,25,Silverstone,McLaren
39,45,SAI,40,0,5,5,5,0,48,39.7,21.1,0.0,2.3,43.1,998.3,234.0,H,26,Silverstone,McLaren
40,45,SAI,41,0,5,5,5,0,48,39.9,21.3,0.0,4.0,43.8,998.3,211.0,H,27,Silverstone,McLaren
41,45,SAI,42,0,5,5,5,0,48,40.2,21.6,0.0,3.3,42.7,998.3,216.0,H,28,Silverstone,McLaren
42,45,SAI,43,0,5,5,5,0,48,39.2,21.7,0.0,2.4,42.6,998.1,198.0,H,29,Silverstone,McLaren
43,45,SAI,44,0,5,5,5,0,48,39.4,22.0,0.0,3.2,41.4,998.3,225.0,H,30,Silverstone,McLaren
44,45,SAI,45,0,5,5,5,0,48,39.0,22.1,0.0,2.8,42.1,998.2,236.0,H,31,Silverstone,McLaren
45,45,SAI,46,0,5,5,5,0,49,37.6,21.6,0.0,3.2,45.1,998.1,219.0,H,32,Silverstone,McLaren
46,45,SAI,47,0,5,5,5,0,49,37.6,21.6,0.0,1.9,44.9,998.2,221.0,H,33,Silverstone,McLaren
47,45,SAI,48,1,5,5,5,0,49,37.6,21.6,0.0,3.0,44.7,998.2,201.0,H,34,Silverstone,McLaren
48,45,SAI,49,0,5,5,5,0,49,37.3,21.4,0.0,3.6,45.3,998.2,227.0,H,35,Silverstone,McLaren
49,45,SAI,50,0,5,5,5,0,49,39.1,21.7,0.0,3.4,44.0,998.2,185.0,H,36,Silverstone,McLaren
50,45,SAI,51,0,5,6,5,0,49,38.6,21.6,0.0,2.8,43.9,998.1,213.0,H,37,Silverstone,McLaren
51,45,SAI,52,0,6,13,5,0,49,38.2,21.6,0.0,3.6,44.0,998.2,250.0,M,0,Silverstone,McLaren
0,45,RIC,1,0,6,6,6,0,40,42.3,21.0,0.0,4.3,44.0,998.7,222.0,S,3,Silverstone,Renault
1,45,RIC,2,2,6,6,6,0,50,42.3,21.0,0.0,4.6,43.1,998.7,202.0,S,4,Silverstone,Renault
2,45,RIC,3,2,6,6,6,0,49,42.3,20.9,0.0,4.7,43.8,998.6,179.0,S,5,Silverstone,Renault
3,45,RIC,4,2,6,6,6,0,54,42.4,20.8,0.0,2.8,43.0,998.6,223.0,S,6,Silverstone,Renault
4,45,RIC,5,2,6,6,6,0,57,42.5,20.9,0.0,2.9,42.8,998.6,200.0,S,7,Silverstone,Renault
5,45,RIC,6,0,6,6,6,0,59,41.3,21.0,0.0,4.0,43.8,998.4,228.0,S,8,Silverstone,Renault
6,45,RIC,7,0,6,6,6,0,60,41.3,21.1,0.0,3.7,43.3,998.4,246.0,S,9,Silverstone,Renault
7,45,RIC,8,0,6,6,6,0,61,41.3,21.1,0.0,2.7,44.5,998.5,236.0,S,10,Silverstone,Renault
8,45,RIC,9,0,6,6,6,0,61,40.9,21.3,0.0,3.7,43.1,998.6,217.0,S,11,Silverstone,Renault
9,45,RIC,10,0,6,6,6,0,62,42.3,21.4,0.0,3.8,44.7,998.6,204.0,S,12,Silverstone,Renault
10,45,RIC,11,0,6,6,6,0,62,42.2,21.2,0.0,3.4,44.5,998.6,197.0,S,13,Silverstone,Renault
11,45,RIC,12,1,6,5,6,0,62,42.2,21.1,0.0,3.4,44.6,998.6,192.0,S,14,Silverstone,Renault
12,45,RIC,13,2,5,8,6,0,62,42.1,21.1,0.0,2.6,43.8,998.4,197.0,H,0,Silverstone,Renault
13,45,RIC,14,2,8,7,6,0,62,41.7,21.3,0.0,2.7,44.4,998.4,192.0,H,1,Silverstone,Renault
14,45,RIC,15,2,7,7,6,0,62,41.7,21.3,0.0,3.4,44.2,998.4,208.0,H,2,Silverstone,Renault
15,45,RIC,16,2,7,7,6,0,62,41.7,21.4,0.0,4.0,43.3,998.4,239.0,H,3,Silverstone,Renault
16,45,RIC,17,2,7,7,6,0,60,42.0,21.6,0.0,4.1,42.6,998.3,198.0,H,4,Silverstone,Renault
17,45,RIC,18,2,7,7,6,0,60,42.4,21.4,0.0,4.4,42.7,998.4,214.0,H,5,Silverstone,Renault
18,45,RIC,19,0,7,8,6,0,60,40.5,21.1,0.0,2.5,43.7,998.3,209.0,H,6,Silverstone,Renault
19,45,RIC,20,0,8,8,6,0,60,39.8,21.1,0.0,3.6,44.3,998.3,239.0,H,7,Silverstone,Renault
20,45,RIC,21,0,8,8,6,0,61,39.6,21.3,0.0,2.8,43.7,998.4,241.0,H,8,Silverstone,Renault
21,45,RIC,22,0,8,8,6,0,61,38.8,21.1,0.0,2.7,44.9,998.3,195.0,H,9,Silverstone,Renault
22,45,RIC,23,0,8,8,6,0,61,38.8,21.2,0.0,1.5,46.2,998.4,216.0,H,10,Silverstone,Renault
23,45,RIC,24,0,8,8,6,0,62,41.0,21.4,0.0,2.7,45.2,998.3,228.0,H,11,Silverstone,Renault
24,45,RIC,25,0,8,8,6,0,62,40.0,21.3,0.0,1.3,45.9,998.3,286.0,H,12,Silverstone,Renault
25,45,RIC,26,0,8,8,6,0,62,40.0,21.3,0.0,1.1,45.8,998.2,244.0,H,13,Silverstone,Renault
26,45,RIC,27,0,8,8,6,0,62,40.7,21.4,0.0,1.6,45.2,998.2,257.0,H,14,Silverstone,Renault
27,45,RIC,28,0,8,8,6,0,62,41.6,22.1,0.0,4.3,44.6,998.2,220.0,H,15,Silverstone,Renault
28,45,RIC,29,0,8,8,6,0,62,39.9,21.5,0.0,3.8,45.4,998.3,201.0,H,16,Silverstone,Renault
29,45,RIC,30,0,8,8,6,0,62,39.5,21.3,0.0,3.2,45.6,998.2,213.0,H,17,Silverstone,Renault
30,45,RIC,31,0,8,8,6,0,62,39.3,21.1,0.0,2.9,45.7,998.3,207.0,H,18,Silverstone,Renault
31,45,RIC,32,0,8,8,6,0,62,38.7,21.1,0.0,3.6,44.8,998.2,216.0,H,19,Silverstone,Renault
32,45,RIC,33,0,8,8,6,0,62,37.8,20.9,0.0,2.2,44.7,998.3,184.0,H,20,Silverstone,Renault
33,45,RIC,34,0,8,8,6,0,62,37.9,20.9,0.0,2.0,45.5,998.3,203.0,H,21,Silverstone,Renault
34,45,RIC,35,0,8,8,6,0,62,39.1,21.0,0.0,2.5,45.2,998.3,228.0,H,22,Silverstone,Renault
35,45,RIC,36,0,8,7,6,0,63,38.3,21.1,0.0,1.8,45.3,998.3,223.0,H,23,Silverstone,Renault
36,45,RIC,37,0,7,7,6,0,63,40.4,21.4,0.0,2.9,44.5,998.2,211.0,H,24,Silverstone,Renault
37,45,RIC,38,0,7,7,6,0,63,40.5,21.5,0.0,2.6,44.7,998.1,192.0,H,25,Silverstone,Renault
38,45,RIC,39,0,7,7,6,0,63,40.5,21.4,0.0,3.2,44.2,998.2,193.0,H,26,Silverstone,Renault
39,45,RIC,40,0,7,7,6,0,63,41.3,21.3,0.0,3.5,44.1,998.2,222.0,H,27,Silverstone,Renault
40,45,RIC,41,0,7,7,6,0,63,41.8,21.7,0.0,4.0,43.4,998.3,218.0,H,28,Silverstone,Renault
41,45,RIC,42,0,7,7,6,0,63,40.7,21.5,0.0,4.6,43.8,998.3,199.0,H,29,Silverstone,Renault
42,45,RIC,43,0,7,7,6,0,63,40.2,21.3,0.0,4.3,44.1,998.3,209.0,H,30,Silverstone,Renault
43,45,RIC,44,0,7,7,6,0,63,40.2,21.3,0.0,4.3,44.1,998.3,209.0,H,31,Silverstone,Renault
44,45,RIC,45,0,7,7,6,0,63,38.5,21.2,0.0,4.0,44.8,998.4,198.0,H,32,Silverstone,Renault
45,45,RIC,46,0,7,7,6,0,63,39.7,21.1,0.0,2.3,43.1,998.3,234.0,H,33,Silverstone,Renault
46,45,RIC,47,0,7,7,6,0,64,39.9,21.3,0.0,4.0,43.8,998.3,211.0,H,34,Silverstone,Renault
47,45,RIC,48,1,7,7,6,0,64,39.1,21.8,0.0,2.9,43.3,998.2,221.0,H,35,Silverstone,Renault
48,45,RIC,49,0,7,6,6,0,64,39.4,22.0,0.0,3.2,41.4,998.3,225.0,H,36,Silverstone,Renault
49,45,RIC,50,0,6,6,6,0,64,37.6,21.6,0.0,1.9,44.9,998.2,221.0,H,37,Silverstone,Renault
50,45,RIC,51,0,6,4,6,0,64,37.3,21.4,0.0,3.6,45.3,998.2,227.0,H,38,Silverstone,Renault
51,45,RIC,52,0,4,4,6,0,65,37.3,21.4,0.0,2.8,45.3,998.1,230.0,H,39,Silverstone,Renault
0,45,OCO,1,0,9,9,9,0,36,42.3,21.0,0.0,3.0,43.5,998.7,227.0,S,3,Silverstone,Renault
1,45,OCO,2,2,9,9,9,0,46,42.3,21.0,0.0,3.5,43.8,998.6,208.0,S,4,Silverstone,Renault
2,45,OCO,3,2,9,9,9,0,48,42.3,21.0,0.0,4.6,43.1,998.7,202.0,S,5,Silverstone,Renault
3,45,OCO,4,2,9,9,9,0,48,42.3,20.9,0.0,4.7,43.8,998.6,179.0,S,6,Silverstone,Renault
4,45,OCO,5,2,9,9,9,0,49,42.4,20.8,0.0,2.8,43.0,998.6,223.0,S,7,Silverstone,Renault
5,45,OCO,6,0,9,9,9,0,50,42.5,20.9,0.0,2.9,42.8,998.6,200.0,S,8,Silverstone,Renault
6,45,OCO,7,0,9,9,9,0,50,42.0,21.3,0.0,3.4,43.3,998.7,209.0,S,9,Silverstone,Renault
7,45,OCO,8,0,9,9,9,0,52,42.3,21.4,0.0,3.8,44.7,998.6,204.0,S,10,Silverstone,Renault
8,45,OCO,9,0,9,9,9,0,51,42.2,21.2,0.0,3.4,44.5,998.6,197.0,S,11,Silverstone,Renault
9,45,OCO,10,0,9,9,9,0,56,42.2,21.1,0.0,3.4,44.6,998.6,192.0,S,12,Silverstone,Renault
10,45,OCO,11,0,9,9,9,0,59,42.1,21.1,0.0,2.6,43.8,998.4,197.0,S,13,Silverstone,Renault
11,45,OCO,12,1,9,9,9,0,60,41.7,21.0,0.0,2.4,44.6,998.4,222.0,S,14,Silverstone,Renault
12,45,OCO,13,2,9,11,9,0,60,41.7,21.4,0.0,4.0,43.3,998.4,239.0,H,0,Silverstone,Renault
13,45,OCO,14,2,11,11,9,0,60,41.8,21.3,0.0,3.0,42.8,998.4,237.0,H,1,Silverstone,Renault
14,45,OCO,15,2,11,11,9,0,60,42.5,21.6,0.0,3.1,42.6,998.3,248.0,H,2,Silverstone,Renault
15,45,OCO,16,2,11,11,9,0,59,40.5,21.1,0.0,2.5,43.7,998.3,209.0,H,3,Silverstone,Renault
16,45,OCO,17,2,11,11,9,0,58,39.8,21.1,0.0,3.6,44.3,998.3,239.0,H,4,Silverstone,Renault
17,45,OCO,18,2,11,11,9,0,57,38.8,21.1,0.0,2.7,44.9,998.3,195.0,H,5,Silverstone,Renault
18,45,OCO,19,0,11,10,9,0,57,38.5,21.0,0.0,2.5,45.3,998.3,230.0,H,6,Silverstone,Renault
19,45,OCO,20,0,10,10,9,0,58,38.8,21.2,0.0,1.5,46.2,998.4,216.0,H,7,Silverstone,Renault
20,45,OCO,21,0,10,10,9,0,58,41.0,21.3,0.0,3.1,45.0,998.3,198.0,H,8,Silverstone,Renault
21,45,OCO,22,0,10,10,9,0,58,40.0,21.3,0.0,1.1,45.8,998.2,244.0,H,9,Silverstone,Renault
22,45,OCO,23,0,10,10,9,0,58,41.6,21.9,0.0,1.8,44.7,998.2,223.0,H,10,Silverstone,Renault
23,45,OCO,24,0,10,10,9,0,58,39.5,21.3,0.0,3.2,45.6,998.2,213.0,H,11,Silverstone,Renault
24,45,OCO,25,0,10,10,9,0,58,38.7,21.1,0.0,3.6,44.8,998.2,216.0,H,12,Silverstone,Renault
25,45,OCO,26,0,10,10,9,0,58,37.8,20.9,0.0,2.2,44.7,998.3,184.0,H,13,Silverstone,Renault
26,45,OCO,27,0,10,10,9,0,59,37.9,20.9,0.0,2.0,45.5,998.3,203.0,H,14,Silverstone,Renault
27,45,OCO,28,0,10,10,9,0,59,39.1,21.0,0.0,2.5,45.2,998.3,228.0,H,15,Silverstone,Renault
28,45,OCO,29,0,10,10,9,0,59,38.3,21.1,0.0,1.8,45.3,998.3,223.0,H,16,Silverstone,Renault
29,45,OCO,30,0,10,10,9,0,59,39.1,21.3,0.0,1.9,45.0,998.2,231.0,H,17,Silverstone,Renault
30,45,OCO,31,0,10,10,9,0,59,40.4,21.4,0.0,2.9,44.5,998.2,211.0,H,18,Silverstone,Renault
31,45,OCO,32,0,10,10,9,0,59,40.5,21.5,0.0,2.6,44.7,998.1,192.0,H,19,Silverstone,Renault
32,45,OCO,33,0,10,10,9,0,59,40.7,21.2,0.0,2.1,45.2,998.2,181.0,H,20,Silverstone,Renault
33,45,OCO,34,0,10,10,9,0,59,41.1,21.1,0.0,2.5,44.0,998.2,225.0,H,21,Silverstone,Renault
34,45,OCO,35,0,10,10,9,0,59,41.3,21.3,0.0,3.5,44.1,998.2,222.0,H,22,Silverstone,Renault
35,45,OCO,36,0,10,10,9,0,59,41.8,21.7,0.0,4.0,43.4,998.3,218.0,H,23,Silverstone,Renault
36,45,OCO,37,0,10,9,9,0,59,41.8,21.9,0.0,4.0,43.5,998.3,203.0,H,24,Silverstone,Renault
37,45,OCO,38,0,9,9,9,0,59,41.0,21.8,0.0,4.5,42.6,998.2,191.0,H,25,Silverstone,Renault
38,45,OCO,39,0,9,9,9,0,59,40.7,21.5,0.0,4.6,43.8,998.3,199.0,H,26,Silverstone,Renault
39,45,OCO,40,0,9,9,9,0,59,38.5,21.2,0.0,4.0,44.8,998.4,198.0,H,27,Silverstone,Renault
40,45,OCO,41,0,9,9,9,0,59,39.7,21.1,0.0,2.3,43.1,998.3,234.0,H,28,Silverstone,Renault
41,45,OCO,42,0,9,9,9,0,59,39.9,21.3,0.0,4.0,43.8,998.3,211.0,H,29,Silverstone,Renault
42,45,OCO,43,0,9,9,9,0,59,40.2,21.6,0.0,3.3,42.7,998.3,216.0,H,30,Silverstone,Renault
43,45,OCO,44,0,9,9,9,0,59,40.2,21.8,0.0,1.8,43.2,998.3,346.0,H,31,Silverstone,Renault
44,45,OCO,45,0,9,9,9,0,59,39.2,21.7,0.0,2.4,42.6,998.1,198.0,H,32,Silverstone,Renault
45,45,OCO,46,0,9,8,9,0,59,39.1,21.8,0.0,2.9,43.3,998.2,221.0,H,33,Silverstone,Renault
46,45,OCO,47,0,8,8,9,0,59,39.0,22.1,0.0,2.8,42.1,998.2,236.0,H,34,Silverstone,Renault
47,45,OCO,48,1,8,8,9,0,59,37.9,21.9,0.0,3.3,44.3,998.2,233.0,H,35,Silverstone,Renault
48,45,OCO,49,0,8,8,9,0,59,37.6,21.6,0.0,3.0,44.7,998.2,201.0,H,36,Silverstone,Renault
49,45,OCO,50,0,8,8,9,0,59,38.6,21.6,0.0,2.8,43.9,998.1,213.0,H,37,Silverstone,Renault
50,45,OCO,51,0,8,7,9,0,59,38.2,21.6,0.0,3.6,44.0,998.2,250.0,H,38,Silverstone,Renault
51,45,OCO,52,0,7,6,9,0,59,36.9,21.1,0.0,2.6,45.3,998.2,211.0,H,39,Silverstone,Renault
0,45,VET,1,0,10,10,10,0,38,42.3,21.0,0.0,4.3,44.0,998.7,222.0,S,3,Silverstone,Ferrari
1,45,VET,2,2,10,10,10,0,48,42.3,21.0,0.0,4.6,43.1,998.7,202.0,S,4,Silverstone,Ferrari
2,45,VET,3,2,10,10,10,0,46,42.3,20.9,0.0,4.7,43.8,998.6,179.0,S,5,Silverstone,Ferrari
3,45,VET,4,2,10,10,10,0,49,42.5,20.9,0.0,2.9,42.8,998.6,200.0,S,6,Silverstone,Ferrari
4,45,VET,5,2,10,10,10,0,50,41.3,21.0,0.0,4.0,43.8,998.4,228.0,S,7,Silverstone,Ferrari
5,45,VET,6,0,10,10,10,0,50,42.0,21.3,0.0,3.4,43.3,998.7,209.0,S,8,Silverstone,Ferrari
6,45,VET,7,0,10,10,10,0,50,40.9,21.3,0.0,3.7,43.1,998.6,217.0,S,9,Silverstone,Ferrari
7,45,VET,8,0,10,10,10,0,53,40.9,21.1,0.0,2.7,44.5,998.5,239.0,S,10,Silverstone,Ferrari
8,45,VET,9,0,10,10,10,0,52,41.7,21.2,0.0,4.3,44.3,998.5,255.0,S,11,Silverstone,Ferrari
9,45,VET,10,0,10,10,10,0,57,42.2,21.2,0.0,3.4,44.5,998.6,197.0,S,12,Silverstone,Ferrari
10,45,VET,11,0,10,10,10,0,60,42.0,21.3,0.0,4.3,43.7,998.5,240.0,S,13,Silverstone,Ferrari
11,45,VET,12,1,10,10,10,0,61,42.1,21.1,0.0,2.6,43.8,998.4,197.0,S,14,Silverstone,Ferrari
12,45,VET,13,2,10,10,10,0,61,41.7,21.0,0.0,2.4,44.6,998.4,222.0,H,0,Silverstone,Ferrari
13,45,VET,14,2,10,10,10,0,62,41.7,21.3,0.0,2.7,44.4,998.4,192.0,H,1,Silverstone,Ferrari
14,45,VET,15,2,10,10,10,0,61,41.7,21.4,0.0,4.0,43.3,998.4,239.0,H,2,Silverstone,Ferrari
15,45,VET,16,2,10,10,10,0,61,41.8,21.3,0.0,3.0,42.8,998.4,237.0,H,3,Silverstone,Ferrari
16,45,VET,17,2,10,10,10,0,60,42.0,21.6,0.0,4.1,42.6,998.3,198.0,H,4,Silverstone,Ferrari
17,45,VET,18,2,10,10,10,0,59,42.4,21.4,0.0,4.4,42.7,998.4,214.0,H,5,Silverstone,Ferrari
18,45,VET,19,0,10,11,10,0,59,40.5,21.1,0.0,2.5,43.7,998.3,209.0,H,6,Silverstone,Ferrari
19,45,VET,20,0,11,11,10,0,60,39.6,21.3,0.0,2.8,43.7,998.4,241.0,H,7,Silverstone,Ferrari
20,45,VET,21,0,11,11,10,0,61,38.8,21.1,0.0,2.7,44.9,998.3,195.0,H,8,Silverstone,Ferrari
21,45,VET,22,0,11,11,10,0,61,41.0,21.4,0.0,2.7,45.2,998.3,228.0,H,9,Silverstone,Ferrari
22,45,VET,23,0,11,11,10,0,61,40.0,21.3,0.0,1.1,45.8,998.2,244.0,H,10,Silverstone,Ferrari
23,45,VET,24,0,11,11,10,0,62,40.7,21.4,0.0,1.6,45.2,998.2,257.0,H,11,Silverstone,Ferrari
24,45,VET,25,0,11,11,10,0,62,41.6,21.8,0.0,1.5,45.1,998.2,195.0,H,12,Silverstone,Ferrari
25,45,VET,26,0,11,11,10,0,62,41.6,21.9,0.0,1.8,44.7,998.2,223.0,H,13,Silverstone,Ferrari
26,45,VET,27,0,11,11,10,0,62,38.7,21.1,0.0,3.6,44.8,998.2,216.0,H,14,Silverstone,Ferrari
27,45,VET,28,0,11,11,10,0,62,39.1,21.0,0.0,2.5,45.2,998.3,228.0,H,15,Silverstone,Ferrari
28,45,VET,29,0,11,11,10,0,62,38.3,21.1,0.0,1.8,45.3,998.3,223.0,H,16,Silverstone,Ferrari
29,45,VET,30,0,11,11,10,0,62,39.1,21.3,0.0,1.9,45.0,998.2,231.0,H,17,Silverstone,Ferrari
30,45,VET,31,0,11,11,10,0,63,40.4,21.4,0.0,2.9,44.5,998.2,211.0,H,18,Silverstone,Ferrari
31,45,VET,32,0,11,11,10,0,63,40.7,21.2,0.0,2.1,45.2,998.2,181.0,H,19,Silverstone,Ferrari
32,45,VET,33,0,11,11,10,0,63,41.3,21.3,0.0,3.5,44.1,998.2,222.0,H,20,Silverstone,Ferrari
33,45,VET,34,0,11,11,10,0,63,41.8,21.9,0.0,4.0,43.5,998.3,203.0,H,21,Silverstone,Ferrari
34,45,VET,35,0,11,11,10,0,63,40.7,21.5,0.0,4.6,43.8,998.3,199.0,H,22,Silverstone,Ferrari
35,45,VET,36,0,11,11,10,0,63,40.2,21.3,0.0,4.3,44.1,998.3,209.0,H,23,Silverstone,Ferrari
36,45,VET,37,0,11,11,10,0,63,38.5,21.2,0.0,4.0,44.8,998.4,198.0,H,24,Silverstone,Ferrari
37,45,VET,38,0,11,11,10,0,63,39.9,21.3,0.0,4.0,43.8,998.3,211.0,H,25,Silverstone,Ferrari
38,45,VET,39,0,11,11,10,0,63,40.2,21.6,0.0,3.3,42.7,998.3,216.0,H,26,Silverstone,Ferrari
39,45,VET,40,0,11,11,10,0,63,40.2,21.8,0.0,1.8,43.2,998.3,346.0,H,27,Silverstone,Ferrari
40,45,VET,41,0,11,11,10,0,63,39.1,21.8,0.0,2.9,43.3,998.2,221.0,H,28,Silverstone,Ferrari
41,45,VET,42,0,11,11,10,0,63,39.0,22.1,0.0,2.8,42.1,998.2,236.0,H,29,Silverstone,Ferrari
42,45,VET,43,0,11,11,10,0,63,37.9,21.9,0.0,3.3,44.3,998.2,233.0,H,30,Silverstone,Ferrari
43,45,VET,44,0,11,11,10,0,63,37.6,21.6,0.0,3.2,45.1,998.1,219.0,H,31,Silverstone,Ferrari
44,45,VET,45,0,11,11,10,0,63,37.6,21.6,0.0,3.0,44.7,998.2,201.0,H,32,Silverstone,Ferrari
45,45,VET,46,0,11,11,10,0,63,37.3,21.4,0.0,3.6,45.3,998.2,227.0,H,33,Silverstone,Ferrari
46,45,VET,47,0,11,11,10,0,63,37.3,21.4,0.0,2.8,45.3,998.1,230.0,H,34,Silverstone,Ferrari
47,45,VET,48,1,11,11,10,0,63,38.6,21.4,0.0,2.1,45.8,998.1,218.0,H,35,Silverstone,Ferrari
48,45,VET,49,0,11,12,10,0,63,39.1,21.7,0.0,3.4,44.0,998.2,185.0,H,36,Silverstone,Ferrari
49,45,VET,50,0,12,12,10,0,63,39.1,21.6,0.0,2.6,43.2,998.1,203.0,H,37,Silverstone,Ferrari
50,45,VET,51,0,12,11,10,0,63,38.2,21.6,0.0,3.6,44.0,998.2,250.0,H,38,Silverstone,Ferrari
51,45,VET,52,0,11,10,10,0,63,36.9,21.1,0.0,2.6,45.3,998.2,211.0,H,39,Silverstone,Ferrari
0,45,GAS,1,0,11,11,11,0,48,41.9,20.9,0.0,4.1,43.1,998.7,241.0,M,0,Silverstone,AlphaTauri
1,45,GAS,2,2,11,11,11,0,59,42.5,20.9,0.0,2.9,42.8,998.6,200.0,M,1,Silverstone,AlphaTauri
2,45,GAS,3,2,11,11,11,0,58,41.3,21.1,0.0,2.7,44.5,998.5,236.0,M,2,Silverstone,AlphaTauri
3,45,GAS,4,2,11,11,11,0,59,42.0,21.3,0.0,3.4,43.3,998.7,209.0,M,3,Silverstone,AlphaTauri
4,45,GAS,5,2,11,11,11,0,59,42.3,21.4,0.0,3.8,44.7,998.6,204.0,M,4,Silverstone,AlphaTauri
5,45,GAS,6,0,11,11,11,0,59,42.2,21.2,0.0,3.4,44.5,998.6,197.0,M,5,Silverstone,AlphaTauri
6,45,GAS,7,0,11,11,11,0,58,42.2,21.1,0.0,3.4,44.6,998.6,192.0,M,6,Silverstone,AlphaTauri
7,45,GAS,8,0,11,11,11,0,60,42.1,21.1,0.0,2.6,43.8,998.4,197.0,M,7,Silverstone,AlphaTauri
8,45,GAS,9,0,11,11,11,0,61,41.7,21.3,0.0,2.7,44.4,998.4,192.0,M,8,Silverstone,AlphaTauri
9,45,GAS,10,0,11,11,11,0,65,42.0,21.4,0.0,3.4,43.0,998.3,203.0,M,9,Silverstone,AlphaTauri
10,45,GAS,11,0,11,11,11,0,68,42.5,21.6,0.0,3.1,42.6,998.3,248.0,M,10,Silverstone,AlphaTauri
11,45,GAS,12,1,11,11,11,0,70,42.4,21.4,0.0,4.4,42.7,998.4,214.0,M,11,Silverstone,AlphaTauri
12,45,GAS,13,2,11,13,11,0,70,39.6,21.3,0.0,2.8,43.7,998.4,241.0,H,0,Silverstone,AlphaTauri
13,45,GAS,14,2,13,13,11,0,72,38.5,21.0,0.0,2.5,45.3,998.3,230.0,H,1,Silverstone,AlphaTauri
14,45,GAS,15,2,13,13,11,0,72,41.0,21.4,0.0,2.7,45.2,998.3,228.0,H,2,Silverstone,AlphaTauri
15,45,GAS,16,2,13,13,11,0,72,40.0,21.3,0.0,1.3,45.9,998.3,286.0,H,3,Silverstone,AlphaTauri
16,45,GAS,17,2,13,13,11,0,73,40.0,21.3,0.0,1.1,45.8,998.2,244.0,H,4,Silverstone,AlphaTauri
17,45,GAS,18,2,13,13,11,0,73,41.6,22.1,0.0,4.3,44.6,998.2,220.0,H,5,Silverstone,AlphaTauri
18,45,GAS,19,0,13,13,11,0,74,39.9,21.5,0.0,3.8,45.4,998.3,201.0,H,6,Silverstone,AlphaTauri
19,45,GAS,20,0,13,13,11,0,75,39.5,21.3,0.0,3.2,45.6,998.2,213.0,H,7,Silverstone,AlphaTauri
20,45,GAS,21,0,13,13,11,0,76,39.5,21.3,0.0,3.2,45.6,998.2,213.0,H,8,Silverstone,AlphaTauri
21,45,GAS,22,0,13,13,11,0,77,39.3,21.1,0.0,2.9,45.7,998.3,207.0,H,9,Silverstone,AlphaTauri
22,45,GAS,23,0,13,13,11,0,78,37.8,20.9,0.0,2.2,44.7,998.3,184.0,H,10,Silverstone,AlphaTauri
23,45,GAS,24,0,13,13,11,0,78,37.9,20.9,0.0,2.0,45.5,998.3,203.0,H,11,Silverstone,AlphaTauri
24,45,GAS,25,0,13,13,11,0,78,38.3,21.1,0.0,1.8,45.3,998.3,223.0,H,12,Silverstone,AlphaTauri
25,45,GAS,26,0,13,13,11,0,78,38.3,21.2,0.0,2.6,44.8,998.2,211.0,H,13,Silverstone,AlphaTauri
26,45,GAS,27,0,13,13,11,0,79,39.1,21.3,0.0,1.9,45.0,998.2,231.0,H,14,Silverstone,AlphaTauri
27,45,GAS,28,0,13,13,11,0,79,40.5,21.5,0.0,2.6,44.7,998.1,192.0,H,15,Silverstone,AlphaTauri
28,45,GAS,29,0,13,13,11,0,79,40.7,21.2,0.0,2.1,45.2,998.2,181.0,H,16,Silverstone,AlphaTauri
29,45,GAS,30,0,13,12,11,0,79,41.1,21.1,0.0,2.5,44.0,998.2,225.0,H,17,Silverstone,AlphaTauri
30,45,GAS,31,0,12,12,11,0,79,41.3,21.3,0.0,3.5,44.1,998.2,222.0,H,18,Silverstone,AlphaTauri
31,45,GAS,32,0,12,12,11,0,79,41.8,21.7,0.0,4.0,43.4,998.3,218.0,H,19,Silverstone,AlphaTauri
32,45,GAS,33,0,12,12,11,0,80,41.8,21.9,0.0,4.0,43.5,998.3,203.0,H,20,Silverstone,AlphaTauri
33,45,GAS,34,0,12,12,11,0,81,41.0,21.8,0.0,4.5,42.6,998.2,191.0,H,21,Silverstone,AlphaTauri
34,45,GAS,35,0,12,12,11,0,83,40.2,21.3,0.0,4.3,44.1,998.3,209.0,H,22,Silverstone,AlphaTauri
35,45,GAS,36,0,12,12,11,0,84,40.2,21.3,0.0,4.3,44.1,998.3,209.0,H,23,Silverstone,AlphaTauri
36,45,GAS,37,0,12,10,11,0,85,38.5,21.2,0.0,4.0,44.8,998.4,198.0,H,24,Silverstone,AlphaTauri
37,45,GAS,38,0,10,10,11,0,86,39.2,21.7,0.0,2.4,42.6,998.1,198.0,H,25,Silverstone,AlphaTauri
38,45,GAS,39,0,10,10,11,0,87,39.1,21.8,0.0,2.9,43.3,998.2,221.0,H,26,Silverstone,AlphaTauri
39,45,GAS,40,0,10,10,11,0,87,39.4,22.0,0.0,3.2,41.4,998.3,225.0,H,27,Silverstone,AlphaTauri
40,45,GAS,41,0,10,10,11,0,87,39.0,22.1,0.0,2.8,42.1,998.2,236.0,H,28,Silverstone,AlphaTauri
41,45,GAS,42,0,10,10,11,0,87,38.7,22.1,0.0,2.7,43.3,998.1,228.0,H,29,Silverstone,AlphaTauri
42,45,GAS,43,0,10,10,11,0,87,37.6,21.6,0.0,1.9,44.9,998.2,221.0,H,30,Silverstone,AlphaTauri
43,45,GAS,44,0,10,10,11,0,87,37.6,21.6,0.0,3.0,44.7,998.2,201.0,H,31,Silverstone,AlphaTauri
44,45,GAS,45,0,10,10,11,0,87,37.3,21.4,0.0,2.8,45.3,998.1,230.0,H,32,Silverstone,AlphaTauri
45,45,GAS,46,0,10,10,11,0,87,39.1,21.7,0.0,3.4,44.0,998.2,185.0,H,33,Silverstone,AlphaTauri
46,45,GAS,47,0,10,10,11,0,87,39.1,21.6,0.0,2.6,43.2,998.1,203.0,H,34,Silverstone,AlphaTauri
47,45,GAS,48,1,10,10,11,0,87,38.6,21.6,0.0,2.8,43.9,998.1,213.0,H,35,Silverstone,AlphaTauri
48,45,GAS,49,0,10,9,11,0,87,38.4,21.8,0.0,3.1,43.9,998.2,235.0,H,36,Silverstone,AlphaTauri
49,45,GAS,50,0,9,9,11,0,87,38.2,21.6,0.0,3.6,44.0,998.2,250.0,H,37,Silverstone,AlphaTauri
50,45,GAS,51,0,9,8,11,0,87,37.0,21.3,0.0,1.9,44.3,998.2,199.0,H,38,Silverstone,AlphaTauri
51,45,GAS,52,0,8,7,11,0,87,36.9,21.1,0.0,2.6,45.3,998.2,211.0,H,39,Silverstone,AlphaTauri
0,45,ALB,1,0,12,12,12,0,58,42.3,21.0,0.0,4.3,44.0,998.7,222.0,M,0,Silverstone,Red Bull Racing
1,45,ALB,2,2,12,12,12,0,74,41.9,20.9,0.0,4.1,43.1,998.7,241.0,M,1,Silverstone,Red Bull Racing
2,45,ALB,3,2,12,12,12,0,72,42.3,21.0,0.0,3.0,43.5,998.7,227.0,M,2,Silverstone,Red Bull Racing
3,45,ALB,4,2,12,12,12,0,71,42.3,21.0,0.0,3.5,43.8,998.6,208.0,M,3,Silverstone,Red Bull Racing
4,45,ALB,5,2,12,12,12,0,70,42.3,21.0,0.0,4.6,43.1,998.7,202.0,M,4,Silverstone,Red Bull Racing
5,45,ALB,6,0,12,13,12,0,75,42.3,20.9,0.0,4.7,43.8,998.6,179.0,M,5,Silverstone,Red Bull Racing
6,45,ALB,7,0,13,18,12,0,76,42.4,20.8,0.0,2.8,43.0,998.6,223.0,H,0,Silverstone,Red Bull Racing
7,45,ALB,8,0,18,18,12,0,81,42.8,21.0,0.0,3.0,43.6,998.6,247.0,H,1,Silverstone,Red Bull Racing
8,45,ALB,9,0,18,18,12,0,80,41.3,21.0,0.0,4.0,43.8,998.4,228.0,H,2,Silverstone,Red Bull Racing
9,45,ALB,10,0,18,18,12,0,88,41.3,21.1,0.0,3.7,43.3,998.4,246.0,H,3,Silverstone,Red Bull Racing
10,45,ALB,11,0,18,18,12,0,91,42.0,21.3,0.0,3.4,43.3,998.7,209.0,H,4,Silverstone,Red Bull Racing
11,45,ALB,12,1,18,17,12,0,91,40.9,21.1,0.0,2.7,44.5,998.5,239.0,H,5,Silverstone,Red Bull Racing
12,45,ALB,13,2,17,14,12,0,91,41.7,21.2,0.0,4.3,44.3,998.5,255.0,H,6,Silverstone,Red Bull Racing
13,45,ALB,14,2,14,14,12,0,91,42.3,21.4,0.0,3.8,44.7,998.6,204.0,H,7,Silverstone,Red Bull Racing
14,45,ALB,15,2,14,14,12,0,90,42.2,21.2,0.0,3.4,44.5,998.6,197.0,H,8,Silverstone,Red Bull Racing
15,45,ALB,16,2,14,14,12,0,89,42.1,21.1,0.0,2.6,43.8,998.4,197.0,H,9,Silverstone,Red Bull Racing
16,45,ALB,17,2,14,14,12,0,87,41.7,21.0,0.0,2.4,44.6,998.4,222.0,H,10,Silverstone,Red Bull Racing
17,45,ALB,18,2,14,14,12,0,86,41.7,21.4,0.0,4.0,43.3,998.4,239.0,H,11,Silverstone,Red Bull Racing
18,45,ALB,19,0,14,14,12,0,87,41.8,21.3,0.0,3.0,42.8,998.4,237.0,H,12,Silverstone,Red Bull Racing
19,45,ALB,20,0,14,14,12,0,87,42.0,21.6,0.0,4.1,42.6,998.3,198.0,H,13,Silverstone,Red Bull Racing
20,45,ALB,21,0,14,14,12,0,88,42.5,21.6,0.0,3.1,42.6,998.3,248.0,H,14,Silverstone,Red Bull Racing
21,45,ALB,22,0,14,14,12,0,88,42.4,21.4,0.0,4.4,42.7,998.4,214.0,H,15,Silverstone,Red Bull Racing
22,45,ALB,23,0,14,14,12,0,88,40.5,21.1,0.0,2.5,43.7,998.3,209.0,H,16,Silverstone,Red Bull Racing
23,45,ALB,24,0,14,14,12,0,88,40.0,21.3,0.0,1.3,45.9,998.3,286.0,H,17,Silverstone,Red Bull Racing
24,45,ALB,25,0,14,14,12,0,87,40.0,21.3,0.0,1.1,45.8,998.2,244.0,H,18,Silverstone,Red Bull Racing
25,45,ALB,26,0,14,14,12,0,87,40.7,21.4,0.0,1.6,45.2,998.2,257.0,H,19,Silverstone,Red Bull Racing
26,45,ALB,27,0,14,14,12,0,87,41.6,21.9,0.0,1.8,44.7,998.2,223.0,H,20,Silverstone,Red Bull Racing
27,45,ALB,28,0,14,14,12,0,87,41.6,22.1,0.0,4.3,44.6,998.2,220.0,H,21,Silverstone,Red Bull Racing
28,45,ALB,29,0,14,14,12,0,86,41.6,21.8,0.0,3.8,45.1,998.2,223.0,H,22,Silverstone,Red Bull Racing
29,45,ALB,30,0,14,13,12,0,86,39.3,21.1,0.0,2.9,45.7,998.3,207.0,H,23,Silverstone,Red Bull Racing
30,45,ALB,31,0,13,17,12,0,86,38.7,21.1,0.0,3.6,44.8,998.2,216.0,M,3,Silverstone,Red Bull Racing
31,45,ALB,32,0,17,17,12,0,85,37.8,20.9,0.0,2.2,44.7,998.3,184.0,M,4,Silverstone,Red Bull Racing
32,45,ALB,33,0,17,17,12,0,85,38.3,21.1,0.0,1.8,45.3,998.3,223.0,M,5,Silverstone,Red Bull Racing
33,45,ALB,34,0,17,17,12,0,85,40.4,21.4,0.0,2.9,44.5,998.2,211.0,M,6,Silverstone,Red Bull Racing
34,45,ALB,35,0,17,17,12,0,85,40.5,21.5,0.0,2.6,44.7,998.1,192.0,M,7,Silverstone,Red Bull Racing
35,45,ALB,36,0,17,17,12,0,85,41.1,21.1,0.0,2.5,44.0,998.2,225.0,M,8,Silverstone,Red Bull Racing
36,45,ALB,37,0,17,16,12,0,85,41.3,21.3,0.0,3.5,44.1,998.2,222.0,M,9,Silverstone,Red Bull Racing
37,45,ALB,38,0,16,16,12,0,84,41.8,21.7,0.0,4.0,43.4,998.3,218.0,M,10,Silverstone,Red Bull Racing
38,45,ALB,39,0,16,15,12,0,84,41.8,21.9,0.0,4.0,43.5,998.3,203.0,M,11,Silverstone,Red Bull Racing
39,45,ALB,40,0,15,15,12,0,84,41.0,21.8,0.0,4.5,42.6,998.2,191.0,M,12,Silverstone,Red Bull Racing
40,45,ALB,41,0,15,14,12,0,84,40.2,21.3,0.0,4.3,44.1,998.3,209.0,M,13,Silverstone,Red Bull Racing
41,45,ALB,42,0,14,14,12,0,84,38.5,21.2,0.0,4.0,44.8,998.4,198.0,M,14,Silverstone,Red Bull Racing
42,45,ALB,43,0,14,14,12,0,84,39.9,21.3,0.0,4.0,43.8,998.3,211.0,M,15,Silverstone,Red Bull Racing
43,45,ALB,44,0,14,14,12,0,84,40.2,21.8,0.0,1.8,43.2,998.3,346.0,M,16,Silverstone,Red Bull Racing
44,45,ALB,45,0,14,12,12,0,83,39.1,21.8,0.0,2.9,43.3,998.2,221.0,M,17,Silverstone,Red Bull Racing
45,45,ALB,46,0,12,12,12,0,83,37.6,21.6,0.0,3.2,45.1,998.1,219.0,M,18,Silverstone,Red Bull Racing
46,45,ALB,47,0,12,12,12,0,83,37.6,21.6,0.0,1.9,44.9,998.2,221.0,M,19,Silverstone,Red Bull Racing
47,45,ALB,48,1,12,12,12,0,83,37.6,21.6,0.0,3.0,44.7,998.2,201.0,M,20,Silverstone,Red Bull Racing
48,45,ALB,49,0,12,11,12,0,83,37.3,21.4,0.0,3.6,45.3,998.2,227.0,M,21,Silverstone,Red Bull Racing
49,45,ALB,50,0,11,11,12,0,83,37.3,21.4,0.0,2.8,45.3,998.1,230.0,M,22,Silverstone,Red Bull Racing
50,45,ALB,51,0,11,9,12,0,83,39.1,21.6,0.0,2.6,43.2,998.1,203.0,M,23,Silverstone,Red Bull Racing
51,45,ALB,52,0,9,8,12,0,82,37.0,21.3,0.0,1.9,44.3,998.2,199.0,M,24,Silverstone,Red Bull Racing
0,45,MAG,1,0,19,19,19,1,11,41.8,21.7,0.0,4.0,43.4,998.3,218.0,M,0,Silverstone,Haas F1 Team
0,45,GIO,1,0,13,13,13,0,38,42.3,21.0,0.0,4.3,44.0,998.7,222.0,M,0,Silverstone,Alfa Romeo Racing
1,45,GIO,2,2,13,13,13,0,47,42.3,21.0,0.0,3.0,43.5,998.7,227.0,M,1,Silverstone,Alfa Romeo Racing
2,45,GIO,3,2,13,13,13,0,48,42.5,20.9,0.0,2.9,42.8,998.6,200.0,M,2,Silverstone,Alfa Romeo Racing
3,45,GIO,4,2,13,13,13,0,50,42.8,21.0,0.0,3.0,43.6,998.6,247.0,M,3,Silverstone,Alfa Romeo Racing
4,45,GIO,5,2,13,13,13,0,52,42.0,21.3,0.0,3.4,43.3,998.7,209.0,M,4,Silverstone,Alfa Romeo Racing
5,45,GIO,6,0,13,12,13,0,54,40.9,21.3,0.0,3.7,43.1,998.6,217.0,M,5,Silverstone,Alfa Romeo Racing
6,45,GIO,7,0,12,12,13,0,54,41.3,21.2,0.0,3.1,44.4,998.6,256.0,M,6,Silverstone,Alfa Romeo Racing
7,45,GIO,8,0,12,12,13,0,56,42.3,21.4,0.0,3.8,44.7,998.6,204.0,M,7,Silverstone,Alfa Romeo Racing
8,45,GIO,9,0,12,12,13,0,55,42.2,21.2,0.0,3.4,44.5,998.6,197.0,M,8,Silverstone,Alfa Romeo Racing
9,45,GIO,10,0,12,12,13,0,59,42.2,21.1,0.0,3.4,44.6,998.6,192.0,M,9,Silverstone,Alfa Romeo Racing
10,45,GIO,11,0,12,13,13,0,60,42.1,21.1,0.0,2.6,43.8,998.4,197.0,M,10,Silverstone,Alfa Romeo Racing
11,45,GIO,12,1,13,12,13,0,61,41.7,21.3,0.0,2.7,44.4,998.4,192.0,M,11,Silverstone,Alfa Romeo Racing
12,45,GIO,13,2,12,12,13,0,61,41.8,21.5,0.0,3.8,43.6,998.4,203.0,H,0,Silverstone,Alfa Romeo Racing
13,45,GIO,14,2,12,12,13,0,61,41.7,21.3,0.0,3.4,44.2,998.4,208.0,H,1,Silverstone,Alfa Romeo Racing
14,45,GIO,15,2,12,12,13,0,61,41.7,21.4,0.0,4.0,43.3,998.4,239.0,H,2,Silverstone,Alfa Romeo Racing
15,45,GIO,16,2,12,12,13,0,60,42.0,21.4,0.0,3.4,43.0,998.3,203.0,H,3,Silverstone,Alfa Romeo Racing
16,45,GIO,17,2,12,12,13,0,58,42.0,21.6,0.0,4.1,42.6,998.3,198.0,H,4,Silverstone,Alfa Romeo Racing
17,45,GIO,18,2,12,12,13,0,57,42.5,21.6,0.0,3.1,42.6,998.3,248.0,H,5,Silverstone,Alfa Romeo Racing
18,45,GIO,19,0,12,12,13,0,58,42.4,21.4,0.0,4.4,42.7,998.4,214.0,H,6,Silverstone,Alfa Romeo Racing
19,45,GIO,20,0,12,12,13,0,58,39.6,21.3,0.0,2.8,43.7,998.4,241.0,H,7,Silverstone,Alfa Romeo Racing
20,45,GIO,21,0,12,12,13,0,59,38.8,21.1,0.0,2.7,44.9,998.3,195.0,H,8,Silverstone,Alfa Romeo Racing
21,45,GIO,22,0,12,12,13,0,59,38.8,21.2,0.0,1.5,46.2,998.4,216.0,H,9,Silverstone,Alfa Romeo Racing
22,45,GIO,23,0,12,12,13,0,59,41.0,21.4,0.0,2.7,45.2,998.3,228.0,H,10,Silverstone,Alfa Romeo Racing
23,45,GIO,24,0,12,12,13,0,59,41.6,21.8,0.0,3.8,45.1,998.2,223.0,H,11,Silverstone,Alfa Romeo Racing
24,45,GIO,25,0,12,12,13,0,59,39.5,21.3,0.0,3.2,45.6,998.2,213.0,H,12,Silverstone,Alfa Romeo Racing
25,45,GIO,26,0,12,12,13,0,59,39.5,21.3,0.0,3.2,45.6,998.2,213.0,H,13,Silverstone,Alfa Romeo Racing
26,45,GIO,27,0,12,12,13,0,60,39.3,21.1,0.0,2.9,45.7,998.3,207.0,H,14,Silverstone,Alfa Romeo Racing
27,45,GIO,28,0,12,12,13,0,60,38.7,21.1,0.0,3.6,44.8,998.2,216.0,H,15,Silverstone,Alfa Romeo Racing
28,45,GIO,29,0,12,12,13,0,60,37.8,20.9,0.0,2.2,44.7,998.3,184.0,H,16,Silverstone,Alfa Romeo Racing
29,45,GIO,30,0,12,14,13,0,60,39.1,21.3,0.0,1.9,45.0,998.2,231.0,H,17,Silverstone,Alfa Romeo Racing
30,45,GIO,31,0,14,13,13,0,60,40.5,21.5,0.0,2.6,44.7,998.1,192.0,H,18,Silverstone,Alfa Romeo Racing
31,45,GIO,32,0,13,13,13,0,60,40.5,21.4,0.0,3.2,44.2,998.2,193.0,H,19,Silverstone,Alfa Romeo Racing
32,45,GIO,33,0,13,13,13,0,60,41.8,21.7,0.0,4.0,43.4,998.3,218.0,H,20,Silverstone,Alfa Romeo Racing
33,45,GIO,34,0,13,13,13,0,60,41.8,21.9,0.0,4.0,43.5,998.3,203.0,H,21,Silverstone,Alfa Romeo Racing
34,45,GIO,35,0,13,13,13,0,60,41.0,21.8,0.0,4.5,42.6,998.2,191.0,H,22,Silverstone,Alfa Romeo Racing
35,45,GIO,36,0,13,13,13,0,60,39.7,21.1,0.0,2.3,43.1,998.3,234.0,H,23,Silverstone,Alfa Romeo Racing
36,45,GIO,37,0,13,12,13,0,60,39.9,21.3,0.0,4.0,43.8,998.3,211.0,H,24,Silverstone,Alfa Romeo Racing
37,45,GIO,38,0,12,12,13,0,60,40.2,21.8,0.0,1.8,43.2,998.3,346.0,H,25,Silverstone,Alfa Romeo Racing
38,45,GIO,39,0,12,12,13,0,60,39.2,21.7,0.0,2.4,42.6,998.1,198.0,H,26,Silverstone,Alfa Romeo Racing
39,45,GIO,40,0,12,12,13,0,60,39.4,22.0,0.0,3.2,41.4,998.3,225.0,H,27,Silverstone,Alfa Romeo Racing
40,45,GIO,41,0,12,12,13,0,60,39.0,22.1,0.0,2.8,42.1,998.2,236.0,H,28,Silverstone,Alfa Romeo Racing
41,45,GIO,42,0,12,12,13,0,60,38.7,22.1,0.0,2.7,43.3,998.1,228.0,H,29,Silverstone,Alfa Romeo Racing
42,45,GIO,43,0,12,12,13,0,60,37.9,21.9,0.0,3.3,44.3,998.2,233.0,H,30,Silverstone,Alfa Romeo Racing
43,45,GIO,44,0,12,12,13,0,60,37.6,21.6,0.0,1.9,44.9,998.2,221.0,H,31,Silverstone,Alfa Romeo Racing
44,45,GIO,45,0,12,13,13,0,60,37.6,21.6,0.0,3.0,44.7,998.2,201.0,H,32,Silverstone,Alfa Romeo Racing
45,45,GIO,46,0,13,13,13,0,60,37.3,21.4,0.0,2.8,45.3,998.1,230.0,H,33,Silverstone,Alfa Romeo Racing
46,45,GIO,47,0,13,13,13,0,60,38.6,21.4,0.0,2.1,45.8,998.1,218.0,H,34,Silverstone,Alfa Romeo Racing
47,45,GIO,48,1,13,13,13,0,60,39.1,21.7,0.0,3.4,44.0,998.2,185.0,H,35,Silverstone,Alfa Romeo Racing
48,45,GIO,49,0,13,13,13,0,60,38.6,21.6,0.0,2.8,43.9,998.1,213.0,H,36,Silverstone,Alfa Romeo Racing
49,45,GIO,50,0,13,13,13,0,60,38.4,21.8,0.0,3.1,43.9,998.2,235.0,H,37,Silverstone,Alfa Romeo Racing
50,45,GIO,51,0,13,13,13,0,60,38.2,21.6,0.0,3.6,44.0,998.2,250.0,H,38,Silverstone,Alfa Romeo Racing
51,45,GIO,52,0,13,12,13,0,60,36.9,21.1,0.0,2.6,45.3,998.2,211.0,H,39,Silverstone,Alfa Romeo Racing
0,45,RAI,1,0,16,16,16,0,36,42.3,21.0,0.0,4.3,44.0,998.7,222.0,M,0,Silverstone,Alfa Romeo Racing
1,45,RAI,2,2,16,16,16,0,43,42.3,21.0,0.0,3.0,43.5,998.7,227.0,M,1,Silverstone,Alfa Romeo Racing
2,45,RAI,3,2,16,16,16,0,42,42.3,20.9,0.0,4.7,43.8,998.6,179.0,M,2,Silverstone,Alfa Romeo Racing
3,45,RAI,4,2,16,16,16,0,42,42.5,20.9,0.0,2.9,42.8,998.6,200.0,M,3,Silverstone,Alfa Romeo Racing
4,45,RAI,5,2,16,16,16,0,43,42.8,21.0,0.0,3.0,43.6,998.6,247.0,M,4,Silverstone,Alfa Romeo Racing
5,45,RAI,6,0,16,16,16,0,45,41.3,21.1,0.0,3.7,43.3,998.4,246.0,M,5,Silverstone,Alfa Romeo Racing
6,45,RAI,7,0,16,15,16,0,45,42.0,21.3,0.0,3.4,43.3,998.7,209.0,M,6,Silverstone,Alfa Romeo Racing
7,45,RAI,8,0,15,15,16,0,48,41.7,21.2,0.0,4.3,44.3,998.5,255.0,M,7,Silverstone,Alfa Romeo Racing
8,45,RAI,9,0,15,15,16,0,47,42.3,21.4,0.0,3.8,44.7,998.6,204.0,M,8,Silverstone,Alfa Romeo Racing
9,45,RAI,10,0,15,15,16,0,53,42.0,21.3,0.0,4.3,43.7,998.5,240.0,M,9,Silverstone,Alfa Romeo Racing
10,45,RAI,11,0,15,15,16,0,56,42.2,21.1,0.0,3.4,44.6,998.6,192.0,M,10,Silverstone,Alfa Romeo Racing
11,45,RAI,12,1,15,13,16,0,57,41.7,21.0,0.0,2.4,44.6,998.4,222.0,M,11,Silverstone,Alfa Romeo Racing
12,45,RAI,13,2,13,16,16,0,57,41.7,21.3,0.0,2.7,44.4,998.4,192.0,H,0,Silverstone,Alfa Romeo Racing
13,45,RAI,14,2,16,16,16,0,58,41.8,21.5,0.0,3.8,43.6,998.4,203.0,H,1,Silverstone,Alfa Romeo Racing
14,45,RAI,15,2,16,16,16,0,57,41.7,21.3,0.0,3.4,44.2,998.4,208.0,H,2,Silverstone,Alfa Romeo Racing
15,45,RAI,16,2,16,16,16,0,56,42.0,21.6,0.0,4.1,42.6,998.3,198.0,H,3,Silverstone,Alfa Romeo Racing
16,45,RAI,17,2,16,16,16,0,55,42.5,21.6,0.0,3.1,42.6,998.3,248.0,H,4,Silverstone,Alfa Romeo Racing
17,45,RAI,18,2,16,16,16,0,54,42.4,21.4,0.0,4.4,42.7,998.4,214.0,H,5,Silverstone,Alfa Romeo Racing
18,45,RAI,19,0,16,15,16,0,54,39.6,21.3,0.0,2.8,43.7,998.4,241.0,H,6,Silverstone,Alfa Romeo Racing
19,45,RAI,20,0,15,15,16,0,55,38.5,21.0,0.0,2.5,45.3,998.3,230.0,H,7,Silverstone,Alfa Romeo Racing
20,45,RAI,21,0,15,15,16,0,55,41.0,21.3,0.0,3.1,45.0,998.3,198.0,H,8,Silverstone,Alfa Romeo Racing
21,45,RAI,22,0,15,15,16,0,55,40.0,21.3,0.0,1.1,45.8,998.2,244.0,H,9,Silverstone,Alfa Romeo Racing
22,45,RAI,23,0,15,15,16,0,55,40.7,21.4,0.0,1.6,45.2,998.2,257.0,H,10,Silverstone,Alfa Romeo Racing
23,45,RAI,24,0,15,15,16,0,56,41.6,21.8,0.0,1.5,45.1,998.2,195.0,H,11,Silverstone,Alfa Romeo Racing
24,45,RAI,25,0,15,15,16,0,56,41.6,22.1,0.0,4.3,44.6,998.2,220.0,H,12,Silverstone,Alfa Romeo Racing
25,45,RAI,26,0,15,15,16,0,56,38.7,21.1,0.0,3.6,44.8,998.2,216.0,H,13,Silverstone,Alfa Romeo Racing
26,45,RAI,27,0,15,16,16,0,56,38.3,21.1,0.0,1.8,45.3,998.3,223.0,H,14,Silverstone,Alfa Romeo Racing
27,45,RAI,28,0,16,16,16,0,56,38.3,21.2,0.0,2.6,44.8,998.2,211.0,H,15,Silverstone,Alfa Romeo Racing
28,45,RAI,29,0,16,16,16,0,56,40.4,21.4,0.0,2.9,44.5,998.2,211.0,H,16,Silverstone,Alfa Romeo Racing
29,45,RAI,30,0,16,16,16,0,56,40.5,21.4,0.0,3.2,44.2,998.2,193.0,H,17,Silverstone,Alfa Romeo Racing
30,45,RAI,31,0,16,15,16,0,56,40.7,21.2,0.0,2.1,45.2,998.2,181.0,H,18,Silverstone,Alfa Romeo Racing
31,45,RAI,32,0,15,16,16,0,57,41.8,21.7,0.0,4.0,43.4,998.3,218.0,H,19,Silverstone,Alfa Romeo Racing
32,45,RAI,33,0,16,16,16,0,57,41.8,21.9,0.0,4.0,43.5,998.3,203.0,H,20,Silverstone,Alfa Romeo Racing
33,45,RAI,34,0,16,16,16,0,57,38.5,21.2,0.0,4.0,44.8,998.4,198.0,H,21,Silverstone,Alfa Romeo Racing
34,45,RAI,35,0,16,16,16,0,57,38.5,21.2,0.0,4.0,44.8,998.4,198.0,H,22,Silverstone,Alfa Romeo Racing
35,45,RAI,36,0,16,16,16,0,57,38.8,20.9,0.0,2.7,44.4,998.2,210.0,H,23,Silverstone,Alfa Romeo Racing
36,45,RAI,37,0,16,15,16,0,57,39.7,21.1,0.0,2.3,43.1,998.3,234.0,H,24,Silverstone,Alfa Romeo Racing
37,45,RAI,38,0,15,15,16,0,57,39.9,21.3,0.0,4.0,43.8,998.3,211.0,H,25,Silverstone,Alfa Romeo Racing
38,45,RAI,39,0,15,16,16,0,57,39.2,21.7,0.0,2.4,42.6,998.1,198.0,H,26,Silverstone,Alfa Romeo Racing
39,45,RAI,40,0,16,16,16,0,57,39.4,22.0,0.0,3.2,41.4,998.3,225.0,H,27,Silverstone,Alfa Romeo Racing
40,45,RAI,41,0,16,16,16,0,57,38.7,22.1,0.0,2.7,43.3,998.1,228.0,H,28,Silverstone,Alfa Romeo Racing
41,45,RAI,42,0,16,16,16,0,57,37.6,21.6,0.0,3.2,45.1,998.1,219.0,H,29,Silverstone,Alfa Romeo Racing
42,45,RAI,43,0,16,16,16,0,57,37.6,21.6,0.0,3.0,44.7,998.2,201.0,H,30,Silverstone,Alfa Romeo Racing
43,45,RAI,44,0,16,17,16,0,57,37.3,21.4,0.0,3.6,45.3,998.2,227.0,H,31,Silverstone,Alfa Romeo Racing
44,45,RAI,45,0,17,17,16,0,57,38.6,21.4,0.0,2.1,45.8,998.1,218.0,H,32,Silverstone,Alfa Romeo Racing
45,45,RAI,46,0,17,17,16,0,57,39.1,21.7,0.0,3.4,44.0,998.2,185.0,H,33,Silverstone,Alfa Romeo Racing
46,45,RAI,47,0,17,17,16,0,56,39.1,21.6,0.0,2.6,43.2,998.1,203.0,H,34,Silverstone,Alfa Romeo Racing
47,45,RAI,48,1,17,17,16,0,56,38.6,21.6,0.0,2.8,43.9,998.1,213.0,S,0,Silverstone,Alfa Romeo Racing
48,45,RAI,49,0,17,17,16,0,56,38.4,21.8,0.0,3.1,43.9,998.2,235.0,S,1,Silverstone,Alfa Romeo Racing
49,45,RAI,50,0,17,17,16,0,56,37.0,21.3,0.0,1.9,44.3,998.2,199.0,S,2,Silverstone,Alfa Romeo Racing
50,45,RAI,51,0,17,17,16,0,56,36.9,21.1,0.0,2.6,45.3,998.2,211.0,S,3,Silverstone,Alfa Romeo Racing
0,45,GRO,1,0,15,15,15,0,24,42.3,21.0,0.0,4.3,44.0,998.7,222.0,M,0,Silverstone,Haas F1 Team
1,45,GRO,2,2,15,15,15,0,38,42.3,21.0,0.0,3.0,43.5,998.7,227.0,M,1,Silverstone,Haas F1 Team
2,45,GRO,3,2,15,15,15,0,39,42.3,21.0,0.0,3.5,43.8,998.6,208.0,M,2,Silverstone,Haas F1 Team
3,45,GRO,4,2,15,15,15,0,41,42.3,21.0,0.0,4.6,43.1,998.7,202.0,M,3,Silverstone,Haas F1 Team
4,45,GRO,5,2,15,15,15,0,39,42.3,20.9,0.0,4.7,43.8,998.6,179.0,M,4,Silverstone,Haas F1 Team
5,45,GRO,6,0,15,15,15,0,43,42.4,20.8,0.0,2.8,43.0,998.6,223.0,M,5,Silverstone,Haas F1 Team
6,45,GRO,7,0,15,14,15,0,45,42.5,20.9,0.0,2.9,42.8,998.6,200.0,M,6,Silverstone,Haas F1 Team
7,45,GRO,8,0,14,14,15,0,48,42.8,21.0,0.0,3.0,43.6,998.6,247.0,M,7,Silverstone,Haas F1 Team
8,45,GRO,9,0,14,14,15,0,48,41.3,21.1,0.0,2.7,44.5,998.5,236.0,M,8,Silverstone,Haas F1 Team
9,45,GRO,10,0,14,14,15,0,53,42.0,21.3,0.0,3.4,43.3,998.7,209.0,M,9,Silverstone,Haas F1 Team
10,45,GRO,11,0,14,14,15,0,55,41.3,21.2,0.0,3.1,44.4,998.6,256.0,M,10,Silverstone,Haas F1 Team
11,45,GRO,12,1,14,14,15,0,56,41.7,21.2,0.0,4.3,44.3,998.5,255.0,M,11,Silverstone,Haas F1 Team
12,45,GRO,13,2,14,7,15,0,55,41.7,21.0,0.0,2.4,44.6,998.4,222.0,M,12,Silverstone,Haas F1 Team
13,45,GRO,14,2,7,5,15,0,55,41.8,21.5,0.0,3.8,43.6,998.4,203.0,M,13,Silverstone,Haas F1 Team
14,45,GRO,15,2,5,5,15,0,54,41.7,21.3,0.0,3.4,44.2,998.4,208.0,M,14,Silverstone,Haas F1 Team
15,45,GRO,16,2,5,5,15,0,53,42.0,21.4,0.0,3.4,43.0,998.3,203.0,M,15,Silverstone,Haas F1 Team
16,45,GRO,17,2,5,5,15,0,52,42.0,21.6,0.0,4.1,42.6,998.3,198.0,M,16,Silverstone,Haas F1 Team
17,45,GRO,18,2,5,5,15,0,51,40.5,21.1,0.0,2.5,43.7,998.3,209.0,M,17,Silverstone,Haas F1 Team
18,45,GRO,19,0,5,5,15,0,51,39.8,21.1,0.0,3.6,44.3,998.3,239.0,M,18,Silverstone,Haas F1 Team
19,45,GRO,20,0,5,5,15,0,51,39.6,21.3,0.0,2.8,43.7,998.4,241.0,M,19,Silverstone,Haas F1 Team
20,45,GRO,21,0,5,5,15,0,52,38.8,21.1,0.0,2.7,44.9,998.3,195.0,M,20,Silverstone,Haas F1 Team
21,45,GRO,22,0,5,6,15,0,53,38.5,21.0,0.0,2.5,45.3,998.3,230.0,M,21,Silverstone,Haas F1 Team
22,45,GRO,23,0,6,6,15,0,53,41.0,21.4,0.0,2.7,45.2,998.3,228.0,M,22,Silverstone,Haas F1 Team
23,45,GRO,24,0,6,7,15,0,53,40.0,21.3,0.0,1.3,45.9,998.3,286.0,M,23,Silverstone,Haas F1 Team
24,45,GRO,25,0,7,7,15,0,54,40.7,21.4,0.0,1.6,45.2,998.2,257.0,M,24,Silverstone,Haas F1 Team
25,45,GRO,26,0,7,7,15,0,54,41.6,21.8,0.0,1.5,45.1,998.2,195.0,M,25,Silverstone,Haas F1 Team
26,45,GRO,27,0,7,7,15,0,54,41.6,22.1,0.0,4.3,44.6,998.2,220.0,M,26,Silverstone,Haas F1 Team
27,45,GRO,28,0,7,7,15,0,54,41.6,21.8,0.0,3.8,45.1,998.2,223.0,M,27,Silverstone,Haas F1 Team
28,45,GRO,29,0,7,7,15,0,55,37.8,20.9,0.0,2.2,44.7,998.3,184.0,M,28,Silverstone,Haas F1 Team
29,45,GRO,30,0,7,7,15,0,55,37.9,20.9,0.0,2.0,45.5,998.3,203.0,M,29,Silverstone,Haas F1 Team
30,45,GRO,31,0,7,7,15,0,55,38.3,21.1,0.0,1.8,45.3,998.3,223.0,M,30,Silverstone,Haas F1 Team
31,45,GRO,32,0,7,7,15,0,55,38.3,21.2,0.0,2.6,44.8,998.2,211.0,M,31,Silverstone,Haas F1 Team
32,45,GRO,33,0,7,7,15,0,55,40.7,21.2,0.0,2.1,45.2,998.2,181.0,M,32,Silverstone,Haas F1 Team
33,45,GRO,34,0,7,7,15,0,55,41.3,21.3,0.0,3.5,44.1,998.2,222.0,M,33,Silverstone,Haas F1 Team
34,45,GRO,35,0,7,7,15,0,55,41.8,21.7,0.0,4.0,43.4,998.3,218.0,M,34,Silverstone,Haas F1 Team
35,45,GRO,36,0,7,9,15,0,55,40.2,21.3,0.0,4.3,44.1,998.3,209.0,M,35,Silverstone,Haas F1 Team
36,45,GRO,37,0,9,17,15,0,55,40.2,21.3,0.0,4.3,44.1,998.3,209.0,H,0,Silverstone,Haas F1 Team
37,45,GRO,38,0,17,17,15,0,55,38.5,21.2,0.0,4.0,44.8,998.4,198.0,H,1,Silverstone,Haas F1 Team
38,45,GRO,39,0,17,17,15,0,56,38.8,20.9,0.0,2.7,44.4,998.2,210.0,H,2,Silverstone,Haas F1 Team
39,45,GRO,40,0,17,17,15,0,56,40.2,21.8,0.0,1.8,43.2,998.3,346.0,H,3,Silverstone,Haas F1 Team
40,45,GRO,41,0,17,17,15,0,56,39.1,21.8,0.0,2.9,43.3,998.2,221.0,H,4,Silverstone,Haas F1 Team
41,45,GRO,42,0,17,17,15,0,56,39.4,22.0,0.0,3.2,41.4,998.3,225.0,H,5,Silverstone,Haas F1 Team
42,45,GRO,43,0,17,17,15,0,56,38.7,22.1,0.0,2.7,43.3,998.1,228.0,H,6,Silverstone,Haas F1 Team
43,45,GRO,44,0,17,16,15,0,56,37.9,21.9,0.0,3.3,44.3,998.2,233.0,H,7,Silverstone,Haas F1 Team
44,45,GRO,45,0,16,16,15,0,56,37.6,21.6,0.0,3.0,44.7,998.2,201.0,H,8,Silverstone,Haas F1 Team
45,45,GRO,46,0,16,16,15,0,56,37.3,21.4,0.0,3.6,45.3,998.2,227.0,H,9,Silverstone,Haas F1 Team
46,45,GRO,47,0,16,16,15,0,56,37.3,21.4,0.0,2.8,45.3,998.1,230.0,H,10,Silverstone,Haas F1 Team
47,45,GRO,48,1,16,16,15,0,56,39.1,21.7,0.0,3.4,44.0,998.2,185.0,H,11,Silverstone,Haas F1 Team
48,45,GRO,49,0,16,16,15,0,56,38.6,21.6,0.0,2.8,43.9,998.1,213.0,H,12,Silverstone,Haas F1 Team
49,45,GRO,50,0,16,16,15,0,56,38.4,21.8,0.0,3.1,43.9,998.2,235.0,H,13,Silverstone,Haas F1 Team
50,45,GRO,51,0,16,16,15,0,57,38.2,21.6,0.0,3.6,44.0,998.2,250.0,H,14,Silverstone,Haas F1 Team
51,45,GRO,52,0,16,16,15,0,57,36.9,21.1,0.0,2.6,45.3,998.2,211.0,H,15,Silverstone,Haas F1 Team
0,45,LAT,1,0,18,18,18,0,31,41.9,20.9,0.0,4.1,43.1,998.7,241.0,M,0,Silverstone,Williams
1,45,LAT,2,2,18,18,18,0,44,42.3,21.0,0.0,3.0,43.5,998.7,227.0,M,1,Silverstone,Williams
2,45,LAT,3,2,18,18,18,0,48,42.3,21.0,0.0,4.6,43.1,998.7,202.0,M,2,Silverstone,Williams
3,45,LAT,4,2,18,18,18,0,49,41.3,21.1,0.0,2.7,44.5,998.5,236.0,M,3,Silverstone,Williams
4,45,LAT,5,2,18,18,18,0,49,40.9,21.1,0.0,2.7,44.5,998.5,239.0,M,4,Silverstone,Williams
5,45,LAT,6,0,18,18,18,0,52,42.3,21.4,0.0,3.8,44.7,998.6,204.0,M,5,Silverstone,Williams
6,45,LAT,7,0,18,17,18,0,52,41.7,21.3,0.0,2.7,44.4,998.4,192.0,M,6,Silverstone,Williams
7,45,LAT,8,0,17,17,18,0,54,41.8,21.5,0.0,3.8,43.6,998.4,203.0,M,7,Silverstone,Williams
8,45,LAT,9,0,17,17,18,0,53,41.7,21.3,0.0,3.4,44.2,998.4,208.0,M,8,Silverstone,Williams
9,45,LAT,10,0,17,17,18,0,57,41.8,21.3,0.0,3.0,42.8,998.4,237.0,M,9,Silverstone,Williams
10,45,LAT,11,0,17,17,18,0,60,42.0,21.4,0.0,3.4,43.0,998.3,203.0,M,10,Silverstone,Williams
11,45,LAT,12,1,17,16,18,0,61,42.5,21.6,0.0,3.1,42.6,998.3,248.0,M,11,Silverstone,Williams
12,45,LAT,13,2,16,17,18,0,61,39.8,21.1,0.0,3.6,44.3,998.3,239.0,H,0,Silverstone,Williams
13,45,LAT,14,2,17,17,18,0,62,39.6,21.3,0.0,2.8,43.7,998.4,241.0,H,1,Silverstone,Williams
14,45,LAT,15,2,17,17,18,0,62,38.8,21.1,0.0,2.7,44.9,998.3,195.0,H,2,Silverstone,Williams
15,45,LAT,16,2,17,17,18,0,61,38.5,21.0,0.0,2.5,45.3,998.3,230.0,H,3,Silverstone,Williams
16,45,LAT,17,2,17,17,18,0,60,38.8,21.2,0.0,1.5,46.2,998.4,216.0,H,4,Silverstone,Williams
17,45,LAT,18,2,17,17,18,0,59,40.0,21.3,0.0,1.3,45.9,998.3,286.0,H,5,Silverstone,Williams
18,45,LAT,19,0,17,17,18,0,60,41.6,21.8,0.0,1.5,45.1,998.2,195.0,H,6,Silverstone,Williams
19,45,LAT,20,0,17,17,18,0,60,41.6,21.9,0.0,1.8,44.7,998.2,223.0,H,7,Silverstone,Williams
20,45,LAT,21,0,17,17,18,0,61,41.6,22.1,0.0,4.3,44.6,998.2,220.0,H,8,Silverstone,Williams
21,45,LAT,22,0,17,17,18,0,61,39.9,21.5,0.0,3.8,45.4,998.3,201.0,H,9,Silverstone,Williams
22,45,LAT,23,0,17,17,18,0,62,39.5,21.3,0.0,3.2,45.6,998.2,213.0,H,10,Silverstone,Williams
23,45,LAT,24,0,17,17,18,0,62,39.3,21.1,0.0,2.9,45.7,998.3,207.0,H,11,Silverstone,Williams
24,45,LAT,25,0,17,17,18,0,62,37.9,20.9,0.0,2.0,45.5,998.3,203.0,H,12,Silverstone,Williams
25,45,LAT,26,0,17,17,18,0,62,39.1,21.0,0.0,2.5,45.2,998.3,228.0,H,13,Silverstone,Williams
26,45,LAT,27,0,17,17,18,0,62,38.3,21.1,0.0,1.8,45.3,998.3,223.0,H,14,Silverstone,Williams
27,45,LAT,28,0,17,17,18,0,62,39.1,21.3,0.0,1.9,45.0,998.2,231.0,H,15,Silverstone,Williams
28,45,LAT,29,0,17,17,18,0,62,40.4,21.4,0.0,2.9,44.5,998.2,211.0,H,16,Silverstone,Williams
29,45,LAT,30,0,17,17,18,0,62,41.1,21.1,0.0,2.5,44.0,998.2,225.0,H,17,Silverstone,Williams
30,45,LAT,31,0,17,16,18,0,62,41.3,21.3,0.0,3.5,44.1,998.2,222.0,H,18,Silverstone,Williams
31,45,LAT,32,0,16,15,18,0,62,41.8,21.7,0.0,4.0,43.4,998.3,218.0,H,19,Silverstone,Williams
32,45,LAT,33,0,15,15,18,0,62,41.0,21.8,0.0,4.5,42.6,998.2,191.0,H,20,Silverstone,Williams
33,45,LAT,34,0,15,15,18,0,62,40.2,21.3,0.0,4.3,44.1,998.3,209.0,H,21,Silverstone,Williams
34,45,LAT,35,0,15,15,18,0,62,38.5,21.2,0.0,4.0,44.8,998.4,198.0,H,22,Silverstone,Williams
35,45,LAT,36,0,15,15,18,0,62,38.5,21.2,0.0,4.0,44.8,998.4,198.0,H,23,Silverstone,Williams
36,45,LAT,37,0,15,14,18,0,62,38.8,20.9,0.0,2.7,44.4,998.2,210.0,H,24,Silverstone,Williams
37,45,LAT,38,0,14,14,18,0,62,39.7,21.1,0.0,2.3,43.1,998.3,234.0,H,25,Silverstone,Williams
38,45,LAT,39,0,14,14,18,0,62,39.9,21.3,0.0,4.0,43.8,998.3,211.0,H,26,Silverstone,Williams
39,45,LAT,40,0,14,14,18,0,62,40.2,21.6,0.0,3.3,42.7,998.3,216.0,H,27,Silverstone,Williams
40,45,LAT,41,0,14,15,18,0,62,40.2,21.8,0.0,1.8,43.2,998.3,346.0,H,28,Silverstone,Williams
41,45,LAT,42,0,15,15,18,0,62,39.2,21.7,0.0,2.4,42.6,998.1,198.0,H,29,Silverstone,Williams
42,45,LAT,43,0,15,15,18,0,62,39.1,21.8,0.0,2.9,43.3,998.2,221.0,H,30,Silverstone,Williams
43,45,LAT,44,0,15,15,18,0,62,39.4,22.0,0.0,3.2,41.4,998.3,225.0,H,31,Silverstone,Williams
44,45,LAT,45,0,15,15,18,0,61,39.0,22.1,0.0,2.8,42.1,998.2,236.0,H,32,Silverstone,Williams
45,45,LAT,46,0,15,15,18,0,61,38.7,22.1,0.0,2.7,43.3,998.1,228.0,H,33,Silverstone,Williams
46,45,LAT,47,0,15,15,18,0,61,37.6,21.6,0.0,3.2,45.1,998.1,219.0,H,34,Silverstone,Williams
47,45,LAT,48,1,15,15,18,0,61,37.3,21.4,0.0,2.8,45.3,998.1,230.0,H,35,Silverstone,Williams
48,45,LAT,49,0,15,15,18,0,61,38.6,21.4,0.0,2.1,45.8,998.1,218.0,H,36,Silverstone,Williams
49,45,LAT,50,0,15,15,18,0,61,39.1,21.6,0.0,2.6,43.2,998.1,203.0,H,37,Silverstone,Williams
50,45,LAT,51,0,15,15,18,0,60,38.4,21.8,0.0,3.1,43.9,998.2,235.0,H,38,Silverstone,Williams
51,45,LAT,52,0,15,15,18,0,60,37.0,21.3,0.0,1.9,44.3,998.2,199.0,H,39,Silverstone,Williams
0,45,KVY,1,0,14,14,14,0,67,42.3,21.0,0.0,4.6,43.1,998.7,202.0,M,0,Silverstone,AlphaTauri
1,45,KVY,2,2,14,14,14,0,66,42.2,21.2,0.0,3.4,44.5,998.6,197.0,M,1,Silverstone,AlphaTauri
2,45,KVY,3,2,14,14,14,0,61,40.0,21.3,0.0,1.1,45.8,998.2,244.0,M,2,Silverstone,AlphaTauri
3,45,KVY,4,2,14,14,14,0,67,40.7,21.4,0.0,1.6,45.2,998.2,257.0,M,3,Silverstone,AlphaTauri
4,45,KVY,5,2,14,14,14,0,70,41.6,21.8,0.0,1.5,45.1,998.2,195.0,M,4,Silverstone,AlphaTauri
5,45,KVY,6,0,14,14,14,0,72,37.9,20.9,0.0,2.0,45.5,998.3,203.0,M,5,Silverstone,AlphaTauri
6,45,KVY,7,0,14,13,14,0,71,40.5,21.5,0.0,2.6,44.7,998.1,192.0,M,6,Silverstone,AlphaTauri
7,45,KVY,8,0,13,13,14,0,72,41.8,21.7,0.0,4.0,43.4,998.3,218.0,M,7,Silverstone,AlphaTauri
8,45,KVY,9,0,13,13,14,0,72,39.2,21.7,0.0,2.4,42.6,998.1,198.0,M,8,Silverstone,AlphaTauri
9,45,KVY,10,0,13,13,14,0,73,37.6,21.6,0.0,3.2,45.1,998.1,219.0,M,9,Silverstone,AlphaTauri
10,45,KVY,11,0,13,12,14,1,75,37.3,21.4,0.0,3.6,45.3,998.2,227.0,M,10,Silverstone,AlphaTauri
0,45,RUS,1,0,17,17,17,0,24,42.3,21.0,0.0,4.3,44.0,998.7,222.0,M,0,Silverstone,Williams
1,45,RUS,2,2,17,17,17,0,41,41.9,20.9,0.0,4.1,43.1,998.7,241.0,M,1,Silverstone,Williams
2,45,RUS,3,2,17,17,17,0,44,42.3,21.0,0.0,3.0,43.5,998.7,227.0,M,2,Silverstone,Williams
3,45,RUS,4,2,17,17,17,0,48,42.3,21.0,0.0,4.6,43.1,998.7,202.0,M,3,Silverstone,Williams
4,45,RUS,5,2,17,17,17,0,50,42.4,20.8,0.0,2.8,43.0,998.6,223.0,M,4,Silverstone,Williams
5,45,RUS,6,0,17,17,17,0,52,42.5,20.9,0.0,2.9,42.8,998.6,200.0,M,5,Silverstone,Williams
6,45,RUS,7,0,17,16,17,0,52,41.3,21.0,0.0,4.0,43.8,998.4,228.0,M,6,Silverstone,Williams
7,45,RUS,8,0,16,16,17,0,54,41.3,21.1,0.0,3.7,43.3,998.4,246.0,M,7,Silverstone,Williams
8,45,RUS,9,0,16,16,17,0,54,41.3,21.1,0.0,2.7,44.5,998.5,236.0,M,8,Silverstone,Williams
9,45,RUS,10,0,16,16,17,0,57,40.9,21.3,0.0,3.7,43.1,998.6,217.0,M,9,Silverstone,Williams
10,45,RUS,11,0,16,16,17,0,59,40.9,21.1,0.0,2.7,44.5,998.5,239.0,M,10,Silverstone,Williams
11,45,RUS,12,1,16,15,17,0,59,41.3,21.2,0.0,3.1,44.4,998.6,256.0,M,11,Silverstone,Williams
12,45,RUS,13,2,15,15,17,0,59,42.2,21.2,0.0,3.4,44.5,998.6,197.0,H,0,Silverstone,Williams
13,45,RUS,14,2,15,15,17,0,60,42.0,21.3,0.0,4.3,43.7,998.5,240.0,H,1,Silverstone,Williams
14,45,RUS,15,2,15,15,17,0,59,42.2,21.1,0.0,3.4,44.6,998.6,192.0,H,2,Silverstone,Williams
15,45,RUS,16,2,15,15,17,0,57,42.1,21.1,0.0,2.6,43.8,998.4,197.0,H,3,Silverstone,Williams
16,45,RUS,17,2,15,15,17,0,55,41.7,21.0,0.0,2.4,44.6,998.4,222.0,H,4,Silverstone,Williams
17,45,RUS,18,2,15,15,17,0,54,41.7,21.3,0.0,2.7,44.4,998.4,192.0,H,5,Silverstone,Williams
18,45,RUS,19,0,15,16,17,0,55,41.8,21.5,0.0,3.8,43.6,998.4,203.0,H,6,Silverstone,Williams
19,45,RUS,20,0,16,16,17,0,55,42.5,21.6,0.0,3.1,42.6,998.3,248.0,H,7,Silverstone,Williams
20,45,RUS,21,0,16,16,17,0,56,42.4,21.4,0.0,4.4,42.7,998.4,214.0,H,8,Silverstone,Williams
21,45,RUS,22,0,16,16,17,0,56,39.6,21.3,0.0,2.8,43.7,998.4,241.0,H,9,Silverstone,Williams
22,45,RUS,23,0,16,16,17,0,56,38.8,21.1,0.0,2.7,44.9,998.3,195.0,H,10,Silverstone,Williams
23,45,RUS,24,0,16,16,17,0,56,41.0,21.3,0.0,3.1,45.0,998.3,198.0,H,11,Silverstone,Williams
24,45,RUS,25,0,16,16,17,0,56,41.0,21.4,0.0,2.7,45.2,998.3,228.0,H,12,Silverstone,Williams
25,45,RUS,26,0,16,16,17,0,56,40.0,21.3,0.0,1.1,45.8,998.2,244.0,H,13,Silverstone,Williams
26,45,RUS,27,0,16,15,17,0,57,40.7,21.4,0.0,1.6,45.2,998.2,257.0,H,14,Silverstone,Williams
27,45,RUS,28,0,15,15,17,0,57,41.6,22.1,0.0,4.3,44.6,998.2,220.0,H,15,Silverstone,Williams
28,45,RUS,29,0,15,15,17,0,57,41.6,21.8,0.0,3.8,45.1,998.2,223.0,H,16,Silverstone,Williams
29,45,RUS,30,0,15,15,17,0,57,39.3,21.1,0.0,2.9,45.7,998.3,207.0,H,17,Silverstone,Williams
30,45,RUS,31,0,15,14,17,0,57,38.7,21.1,0.0,3.6,44.8,998.2,216.0,H,18,Silverstone,Williams
31,45,RUS,32,0,14,14,17,0,57,37.8,20.9,0.0,2.2,44.7,998.3,184.0,H,19,Silverstone,Williams
32,45,RUS,33,0,14,14,17,0,57,37.9,20.9,0.0,2.0,45.5,998.3,203.0,H,20,Silverstone,Williams
33,45,RUS,34,0,14,14,17,0,57,39.1,21.0,0.0,2.5,45.2,998.3,228.0,H,21,Silverstone,Williams
34,45,RUS,35,0,14,14,17,0,57,40.5,21.5,0.0,2.6,44.7,998.1,192.0,H,22,Silverstone,Williams
35,45,RUS,36,0,14,14,17,0,57,40.5,21.4,0.0,3.2,44.2,998.2,193.0,H,23,Silverstone,Williams
36,45,RUS,37,0,14,13,17,0,57,41.1,21.1,0.0,2.5,44.0,998.2,225.0,H,24,Silverstone,Williams
37,45,RUS,38,0,13,13,17,0,55,41.8,21.7,0.0,4.0,43.4,998.3,218.0,H,25,Silverstone,Williams
38,45,RUS,39,0,13,13,17,0,55,41.0,21.8,0.0,4.5,42.6,998.2,191.0,H,26,Silverstone,Williams
39,45,RUS,40,0,13,13,17,0,55,40.7,21.5,0.0,4.6,43.8,998.3,199.0,H,27,Silverstone,Williams
40,45,RUS,41,0,13,13,17,0,55,40.2,21.3,0.0,4.3,44.1,998.3,209.0,H,28,Silverstone,Williams
41,45,RUS,42,0,13,13,17,0,55,38.5,21.2,0.0,4.0,44.8,998.4,198.0,H,29,Silverstone,Williams
42,45,RUS,43,0,13,13,17,0,55,39.7,21.1,0.0,2.3,43.1,998.3,234.0,H,30,Silverstone,Williams
43,45,RUS,44,0,13,13,17,0,54,40.2,21.8,0.0,1.8,43.2,998.3,346.0,H,31,Silverstone,Williams
44,45,RUS,45,0,13,14,17,0,54,39.2,21.7,0.0,2.4,42.6,998.1,198.0,H,32,Silverstone,Williams
45,45,RUS,46,0,14,14,17,0,54,38.7,22.1,0.0,2.7,43.3,998.1,228.0,H,33,Silverstone,Williams
46,45,RUS,47,0,14,14,17,0,54,37.9,21.9,0.0,3.3,44.3,998.2,233.0,H,34,Silverstone,Williams
47,45,RUS,48,1,14,14,17,0,54,37.6,21.6,0.0,3.0,44.7,998.2,201.0,H,35,Silverstone,Williams
48,45,RUS,49,0,14,14,17,0,54,39.1,21.6,0.0,2.6,43.2,998.1,203.0,H,36,Silverstone,Williams
49,45,RUS,50,0,14,14,17,0,54,38.6,21.6,0.0,2.8,43.9,998.1,213.0,H,37,Silverstone,Williams
50,45,RUS,51,0,14,14,17,0,54,38.4,21.8,0.0,3.1,43.9,998.2,235.0,H,38,Silverstone,Williams
51,45,RUS,52,0,14,12,17,0,55,37.0,21.3,0.0,1.9,44.3,998.2,199.0,H,39,Silverstone,Williams
