,driver,lap,trackStatus,position,grid,out,performance,trackTemp,airTemp,raining,windSpeed,humidity,pressure,windDir,tyre,tyreLap,track,team
0,HAM,1,0,2,1,0,62,45.5,30.1,0.0,2.0,38.9,993.6,31.0,S,3.0,Mugello,Mercedes
1,HAM,2,0,2,1,0,51,45.5,30.2,0.0,2.5,38.6,993.6,349.0,S,4.0,Mugello,Mercedes
2,HAM,3,0,2,1,0,44,45.1,30.2,0.0,3.2,39.3,993.5,1.0,S,5.0,Mugello,Mercedes
3,HAM,4,0,2,1,0,42,45.1,30.1,0.0,3.4,39.0,993.6,8.0,S,6.0,Mugello,Mercedes
4,HAM,5,0,2,1,0,42,45.2,30.4,0.0,2.0,38.6,993.7,357.0,S,7.0,Mugello,Mercedes
5,HAM,6,0,2,1,0,42,45.2,30.4,0.0,2.3,38.1,993.6,348.0,S,8.0,Mugello,Mercedes
6,HAM,7,0,2,1,0,45,45.1,30.3,0.0,2.0,38.9,993.6,347.0,S,9.0,Mugello,Mercedes
7,HAM,8,0,2,1,0,47,45.1,30.3,0.0,2.6,38.8,993.5,7.0,S,10.0,Mugello,Mercedes
8,HAM,9,0,2,1,0,46,45.4,30.4,0.0,1.9,39.5,993.5,1.0,M,0.0,Mugello,Mercedes
9,HAM,10,0,1,1,0,46,44.3,30.2,0.0,2.9,39.3,993.6,28.0,M,1.0,Mugello,Mercedes
10,HAM,11,0,1,1,0,48,44.2,30.1,0.0,2.1,39.8,993.6,6.0,M,2.0,Mugello,Mercedes
11,HAM,12,0,1,1,0,50,44.4,30.2,0.0,2.1,39.3,993.5,3.0,M,3.0,Mugello,Mercedes
12,HAM,13,0,1,1,0,51,44.4,30.4,0.0,2.8,39.3,993.5,24.0,M,4.0,Mugello,Mercedes
13,HAM,14,0,1,1,0,52,44.3,30.2,0.0,3.1,39.6,993.6,30.0,M,5.0,Mugello,Mercedes
14,HAM,15,0,1,1,0,53,44.3,30.3,0.0,2.6,39.9,993.6,19.0,M,6.0,Mugello,Mercedes
15,HAM,16,0,1,1,0,54,44.1,30.0,0.0,2.9,40.8,993.6,15.0,M,7.0,Mugello,Mercedes
16,HAM,17,0,1,1,0,55,44.1,30.1,0.0,3.3,40.4,993.6,11.0,M,8.0,Mugello,Mercedes
17,HAM,18,0,1,1,0,56,44.1,30.2,0.0,2.9,40.3,993.7,16.0,M,9.0,Mugello,Mercedes
18,HAM,19,0,1,1,0,57,43.6,30.1,0.0,3.8,41.0,993.6,16.0,M,10.0,Mugello,Mercedes
19,HAM,20,0,1,1,0,57,43.9,30.3,0.0,2.2,39.6,993.7,348.0,M,11.0,Mugello,Mercedes
20,HAM,21,0,1,1,0,58,43.5,30.1,0.0,1.6,40.8,993.6,16.0,M,12.0,Mugello,Mercedes
21,HAM,22,0,1,1,0,58,44.3,30.4,0.0,2.8,40.0,993.5,26.0,M,13.0,Mugello,Mercedes
22,HAM,23,0,1,1,0,59,44.3,30.2,0.0,2.7,39.7,993.5,51.0,M,14.0,Mugello,Mercedes
23,HAM,24,0,1,1,0,59,43.3,30.2,0.0,2.6,40.2,993.7,0.0,M,15.0,Mugello,Mercedes
24,HAM,25,0,1,1,0,60,44.0,30.3,0.0,1.8,40.1,993.7,9.0,M,16.0,Mugello,Mercedes
25,HAM,26,0,1,1,0,61,44.0,30.4,0.0,2.5,40.1,993.6,10.0,M,17.0,Mugello,Mercedes
26,HAM,27,0,1,1,0,61,43.7,30.4,0.0,3.2,40.0,993.6,23.0,M,18.0,Mugello,Mercedes
27,HAM,28,0,1,1,0,61,43.5,30.4,0.0,1.1,39.5,993.6,321.0,M,19.0,Mugello,Mercedes
28,HAM,29,0,1,1,0,62,43.3,30.4,0.0,2.6,39.8,993.6,19.0,M,20.0,Mugello,Mercedes
29,HAM,30,0,1,1,0,62,42.2,30.0,0.0,2.5,41.3,993.5,22.0,M,21.0,Mugello,Mercedes
30,HAM,31,0,1,1,0,62,42.5,30.2,0.0,2.0,40.6,993.5,17.0,M,22.0,Mugello,Mercedes
31,HAM,32,0,1,1,0,62,42.5,30.3,0.0,1.8,39.7,993.7,4.0,M,23.0,Mugello,Mercedes
32,HAM,33,0,1,1,0,63,42.5,30.2,0.0,2.3,40.4,993.6,22.0,H,0.0,Mugello,Mercedes
33,HAM,34,0,1,1,0,63,42.3,30.3,0.0,2.8,40.2,993.5,358.0,H,1.0,Mugello,Mercedes
34,HAM,35,0,1,1,0,63,41.7,30.0,0.0,2.0,40.9,993.6,358.0,H,2.0,Mugello,Mercedes
35,HAM,36,0,1,1,0,63,41.9,30.0,0.0,1.8,41.2,993.6,321.0,H,3.0,Mugello,Mercedes
36,HAM,37,0,1,1,0,63,42.4,30.4,0.0,1.3,40.2,993.6,321.0,H,4.0,Mugello,Mercedes
37,HAM,38,0,1,1,0,63,42.4,30.5,0.0,1.6,40.1,993.6,327.0,H,5.0,Mugello,Mercedes
38,HAM,39,0,1,1,0,64,41.6,30.3,0.0,1.6,39.7,993.7,7.0,H,6.0,Mugello,Mercedes
39,HAM,40,0,1,1,0,64,41.6,30.4,0.0,2.2,39.4,993.7,8.0,H,7.0,Mugello,Mercedes
40,HAM,41,0,1,1,0,64,41.5,30.1,0.0,2.0,40.0,993.6,344.0,H,8.0,Mugello,Mercedes
41,HAM,42,0,1,1,0,64,41.7,29.9,0.0,2.3,40.8,993.6,359.0,H,9.0,Mugello,Mercedes
42,HAM,43,0,1,1,0,64,40.6,29.9,0.0,2.2,41.2,993.7,11.0,H,10.0,Mugello,Mercedes
43,HAM,44,0,1,1,0,64,40.7,30.0,0.0,2.5,41.5,993.7,357.0,H,11.0,Mugello,Mercedes
44,HAM,45,0,1,1,0,64,40.5,29.8,0.0,2.6,41.0,993.6,10.0,M,0.0,Mugello,Mercedes
45,HAM,46,0,1,1,0,63,40.4,30.0,0.0,2.0,40.6,993.6,15.0,S,3.0,Mugello,Mercedes
46,HAM,47,0,1,1,0,62,40.5,30.0,0.0,2.7,40.9,993.7,29.0,S,4.0,Mugello,Mercedes
47,HAM,48,0,1,1,0,62,40.5,30.0,0.0,2.2,40.5,993.7,9.0,S,5.0,Mugello,Mercedes
48,HAM,49,0,1,1,0,63,40.2,30.0,0.0,2.9,40.8,993.6,17.0,S,6.0,Mugello,Mercedes
49,HAM,50,0,1,1,0,63,39.9,29.9,0.0,2.6,41.3,993.7,6.0,S,7.0,Mugello,Mercedes
50,HAM,51,0,1,1,0,63,39.7,29.9,0.0,1.8,41.5,993.7,340.0,S,8.0,Mugello,Mercedes
51,HAM,52,0,1,1,0,63,39.5,29.9,0.0,1.4,40.9,993.6,346.0,S,9.0,Mugello,Mercedes
52,HAM,53,0,1,1,0,63,39.2,30.0,0.0,2.2,40.6,993.6,358.0,S,10.0,Mugello,Mercedes
53,HAM,54,0,1,1,0,64,39.5,29.9,0.0,2.1,40.7,993.6,346.0,S,11.0,Mugello,Mercedes
54,HAM,55,0,1,1,0,64,39.2,29.8,0.0,1.1,41.4,993.6,358.0,S,12.0,Mugello,Mercedes
55,HAM,56,0,1,1,0,64,39.4,29.9,0.0,2.2,41.2,993.7,44.0,S,13.0,Mugello,Mercedes
56,HAM,57,0,1,1,0,64,39.2,30.0,0.0,1.5,41.2,993.7,353.0,S,14.0,Mugello,Mercedes
57,HAM,58,0,1,1,0,64,39.2,30.0,0.0,0.9,40.9,993.7,352.0,S,15.0,Mugello,Mercedes
58,HAM,59,0,1,1,0,65,38.8,30.1,0.0,1.1,40.8,993.6,12.0,S,16.0,Mugello,Mercedes
0,BOT,1,0,1,2,0,69,44.9,30.0,0.0,2.0,39.3,993.5,357.0,S,3.0,Mugello,Mercedes
1,BOT,2,0,1,2,0,57,45.6,30.3,0.0,2.4,39.3,993.5,16.0,S,4.0,Mugello,Mercedes
2,BOT,3,0,1,2,0,51,45.1,30.1,0.0,3.4,39.0,993.6,8.0,S,5.0,Mugello,Mercedes
3,BOT,4,0,1,2,0,50,45.3,30.1,0.0,2.7,39.5,993.6,1.0,S,6.0,Mugello,Mercedes
4,BOT,5,0,1,2,0,50,45.3,30.3,0.0,2.3,39.1,993.6,351.0,S,7.0,Mugello,Mercedes
5,BOT,6,0,1,2,0,50,45.1,30.3,0.0,2.0,38.9,993.6,347.0,S,8.0,Mugello,Mercedes
6,BOT,7,0,1,2,0,54,45.1,30.3,0.0,2.6,38.8,993.5,7.0,S,9.0,Mugello,Mercedes
7,BOT,8,0,1,2,0,56,45.5,30.4,0.0,2.4,38.2,993.5,333.0,S,10.0,Mugello,Mercedes
8,BOT,9,0,1,2,0,55,45.5,30.6,0.0,2.8,38.5,993.6,357.0,M,0.0,Mugello,Mercedes
9,BOT,10,0,2,2,0,54,44.4,30.0,0.0,2.0,39.6,993.6,12.0,M,1.0,Mugello,Mercedes
10,BOT,11,0,2,2,0,57,44.2,30.1,0.0,2.1,39.8,993.6,6.0,M,2.0,Mugello,Mercedes
11,BOT,12,0,2,2,0,59,44.2,30.1,0.0,2.1,39.8,993.6,6.0,M,3.0,Mugello,Mercedes
12,BOT,13,0,2,2,0,60,44.3,30.2,0.0,3.1,39.6,993.6,30.0,M,4.0,Mugello,Mercedes
13,BOT,14,0,2,2,0,61,43.9,30.1,0.0,4.4,39.6,993.5,351.0,M,5.0,Mugello,Mercedes
14,BOT,15,0,2,2,0,61,44.1,29.8,0.0,2.5,41.1,993.5,45.0,M,6.0,Mugello,Mercedes
15,BOT,16,0,2,2,0,62,44.1,30.1,0.0,3.3,40.4,993.6,11.0,M,7.0,Mugello,Mercedes
16,BOT,17,0,2,2,0,63,43.6,30.1,0.0,3.8,41.0,993.6,16.0,M,8.0,Mugello,Mercedes
17,BOT,18,0,2,2,0,63,43.6,30.1,0.0,2.4,40.2,993.7,26.0,M,9.0,Mugello,Mercedes
18,BOT,19,0,2,2,0,64,43.9,30.3,0.0,2.3,40.3,993.7,14.0,M,10.0,Mugello,Mercedes
19,BOT,20,0,2,2,0,64,43.9,30.3,0.0,2.2,39.6,993.7,348.0,M,11.0,Mugello,Mercedes
20,BOT,21,0,2,2,0,64,43.8,30.0,0.0,2.3,40.4,993.6,14.0,M,12.0,Mugello,Mercedes
21,BOT,22,0,2,2,0,64,43.4,30.1,0.0,1.9,40.4,993.6,38.0,M,13.0,Mugello,Mercedes
22,BOT,23,0,2,2,0,65,43.5,30.1,0.0,1.6,40.8,993.6,16.0,M,14.0,Mugello,Mercedes
23,BOT,24,0,2,2,0,65,44.3,30.4,0.0,2.8,40.0,993.5,26.0,M,15.0,Mugello,Mercedes
24,BOT,25,0,2,2,0,65,43.7,30.4,0.0,3.2,40.0,993.6,23.0,M,16.0,Mugello,Mercedes
25,BOT,26,0,2,2,0,66,43.0,30.4,0.0,2.8,40.0,993.6,23.0,M,17.0,Mugello,Mercedes
26,BOT,27,0,2,2,0,66,43.3,30.4,0.0,2.6,39.8,993.6,19.0,M,18.0,Mugello,Mercedes
27,BOT,28,0,2,2,0,66,43.0,30.3,0.0,3.4,40.2,993.6,29.0,M,19.0,Mugello,Mercedes
28,BOT,29,0,2,2,0,67,42.2,30.0,0.0,2.5,41.3,993.5,22.0,M,20.0,Mugello,Mercedes
29,BOT,30,0,2,2,0,67,42.6,30.0,0.0,3.6,40.3,993.6,25.0,M,21.0,Mugello,Mercedes
30,BOT,31,0,3,2,0,67,42.5,30.2,0.0,2.3,40.4,993.6,22.0,M,22.0,Mugello,Mercedes
31,BOT,32,0,2,2,0,67,41.7,30.0,0.0,2.3,40.8,993.5,4.0,H,0.0,Mugello,Mercedes
32,BOT,33,0,2,2,0,67,41.7,30.0,0.0,2.0,40.9,993.6,358.0,H,1.0,Mugello,Mercedes
33,BOT,34,0,2,2,0,68,41.9,30.0,0.0,1.8,41.2,993.6,321.0,H,2.0,Mugello,Mercedes
34,BOT,35,0,2,2,0,68,42.4,30.5,0.0,1.6,40.1,993.6,327.0,H,3.0,Mugello,Mercedes
35,BOT,36,0,2,2,0,68,42.3,30.5,0.0,2.6,40.5,993.5,353.0,H,4.0,Mugello,Mercedes
36,BOT,37,0,2,2,0,68,41.9,30.1,0.0,2.3,40.6,993.6,343.0,H,5.0,Mugello,Mercedes
37,BOT,38,0,2,2,0,68,41.8,30.1,0.0,1.6,40.3,993.6,347.0,H,6.0,Mugello,Mercedes
38,BOT,39,0,2,2,0,68,41.5,30.1,0.0,2.0,40.0,993.6,344.0,H,7.0,Mugello,Mercedes
39,BOT,40,0,2,2,0,68,41.7,29.9,0.0,2.3,40.8,993.6,359.0,H,8.0,Mugello,Mercedes
40,BOT,41,0,2,2,0,69,40.6,29.9,0.0,2.2,41.2,993.7,11.0,H,9.0,Mugello,Mercedes
41,BOT,42,0,2,2,0,69,40.7,30.0,0.0,2.3,40.7,993.6,3.0,H,10.0,Mugello,Mercedes
42,BOT,43,0,2,2,0,69,40.5,29.8,0.0,2.6,41.0,993.6,10.0,H,11.0,Mugello,Mercedes
43,BOT,44,0,2,2,0,69,40.7,29.8,0.0,2.3,41.8,993.7,23.0,M,0.0,Mugello,Mercedes
44,BOT,45,0,2,2,0,68,40.7,29.9,0.0,2.0,41.4,993.6,21.0,M,1.0,Mugello,Mercedes
45,BOT,46,0,3,2,0,68,40.5,29.9,0.0,2.3,41.1,993.6,17.0,S,2.0,Mugello,Mercedes
46,BOT,47,0,3,2,0,67,40.5,30.0,0.0,2.7,40.9,993.7,29.0,S,3.0,Mugello,Mercedes
47,BOT,48,0,2,2,0,68,40.5,30.0,0.0,2.2,40.5,993.7,9.0,S,4.0,Mugello,Mercedes
48,BOT,49,0,2,2,0,68,39.8,29.7,0.0,3.2,41.3,993.6,4.0,S,5.0,Mugello,Mercedes
49,BOT,50,0,2,2,0,68,40.0,29.7,0.0,2.1,41.7,993.7,16.0,S,6.0,Mugello,Mercedes
50,BOT,51,0,2,2,0,68,39.9,29.9,0.0,2.9,41.7,993.6,19.0,S,7.0,Mugello,Mercedes
51,BOT,52,0,2,2,0,68,39.5,30.0,0.0,1.5,40.5,993.7,8.0,S,8.0,Mugello,Mercedes
52,BOT,53,0,2,2,0,68,39.5,29.9,0.0,1.4,40.9,993.6,346.0,S,9.0,Mugello,Mercedes
53,BOT,54,0,2,2,0,69,39.5,29.9,0.0,2.1,40.7,993.6,346.0,S,10.0,Mugello,Mercedes
54,BOT,55,0,2,2,0,69,39.2,29.8,0.0,1.1,41.4,993.6,358.0,S,11.0,Mugello,Mercedes
55,BOT,56,0,2,2,0,69,38.9,29.9,0.0,1.8,41.3,993.6,29.0,S,12.0,Mugello,Mercedes
56,BOT,57,0,2,2,0,69,39.4,29.9,0.0,2.2,41.2,993.7,44.0,S,13.0,Mugello,Mercedes
57,BOT,58,0,2,2,0,69,39.2,30.0,0.0,1.5,41.2,993.7,353.0,S,14.0,Mugello,Mercedes
58,BOT,59,0,2,2,0,69,39.2,30.0,0.0,0.9,40.9,993.7,352.0,S,15.0,Mugello,Mercedes
0,ALB,1,0,4,19,0,46,44.9,30.0,0.0,2.0,39.3,993.5,357.0,,0.0,Mugello,Red Bull Racing
1,ALB,2,0,4,19,0,50,45.5,30.2,0.0,2.5,38.6,993.6,349.0,,0.0,Mugello,Red Bull Racing
2,ALB,3,0,4,19,0,47,45.5,30.3,0.0,3.4,39.4,993.6,355.0,,0.0,Mugello,Red Bull Racing
3,ALB,4,0,4,19,0,45,45.6,30.3,0.0,2.4,39.3,993.5,16.0,,0.0,Mugello,Red Bull Racing
4,ALB,5,0,4,19,0,44,45.1,30.2,0.0,3.2,39.3,993.5,1.0,,0.0,Mugello,Red Bull Racing
5,ALB,6,0,4,19,0,41,45.1,30.1,0.0,3.4,39.0,993.6,8.0,,0.0,Mugello,Red Bull Racing
6,ALB,7,0,4,19,0,44,45.2,30.4,0.0,2.3,38.1,993.6,348.0,,0.0,Mugello,Red Bull Racing
7,ALB,8,0,4,19,0,46,45.5,30.4,0.0,2.4,38.2,993.5,333.0,,0.0,Mugello,Red Bull Racing
8,ALB,9,0,5,19,0,46,45.5,30.2,0.0,1.9,38.1,993.6,2.0,,0.0,Mugello,Red Bull Racing
9,ALB,10,0,7,19,0,45,45.5,30.7,0.0,2.1,39.5,993.6,2.0,,0.0,Mugello,Red Bull Racing
10,ALB,11,0,7,19,0,47,45.5,30.6,0.0,2.8,38.5,993.6,357.0,,0.0,Mugello,Red Bull Racing
11,ALB,12,0,7,19,0,49,45.1,30.3,0.0,3.0,37.9,993.6,10.0,,0.0,Mugello,Red Bull Racing
12,ALB,13,0,7,19,0,51,45.1,30.0,0.0,2.5,38.8,993.6,38.0,,0.0,Mugello,Red Bull Racing
13,ALB,14,0,7,19,0,52,44.5,30.1,0.0,3.4,38.7,993.5,30.0,,0.0,Mugello,Red Bull Racing
14,ALB,15,0,7,19,0,53,44.4,30.0,0.0,2.0,39.6,993.6,12.0,,0.0,Mugello,Red Bull Racing
15,ALB,16,0,7,19,0,54,44.3,30.2,0.0,2.8,38.6,993.7,1.0,,0.0,Mugello,Red Bull Racing
16,ALB,17,0,7,19,0,54,44.2,30.1,0.0,2.1,39.8,993.6,6.0,,0.0,Mugello,Red Bull Racing
17,ALB,18,0,6,19,0,55,44.3,30.4,0.0,2.6,39.8,993.6,41.0,,0.0,Mugello,Red Bull Racing
18,ALB,19,0,6,19,0,56,44.3,30.2,0.0,3.1,39.6,993.6,30.0,,0.0,Mugello,Red Bull Racing
19,ALB,20,0,5,19,0,56,43.9,30.1,0.0,4.4,39.6,993.5,351.0,,0.0,Mugello,Red Bull Racing
20,ALB,21,0,5,19,0,56,44.1,30.0,0.0,2.9,40.8,993.6,15.0,,0.0,Mugello,Red Bull Racing
21,ALB,22,0,5,19,0,56,43.6,30.1,0.0,3.8,41.0,993.6,16.0,,0.0,Mugello,Red Bull Racing
22,ALB,23,0,5,19,0,56,43.9,30.3,0.0,2.2,39.6,993.7,348.0,,0.0,Mugello,Red Bull Racing
23,ALB,24,0,5,19,0,57,43.4,30.1,0.0,1.9,40.4,993.6,38.0,,0.0,Mugello,Red Bull Racing
24,ALB,25,0,5,19,0,57,43.8,30.2,0.0,2.9,40.2,993.7,350.0,,0.0,Mugello,Red Bull Racing
25,ALB,26,0,5,19,0,57,43.7,30.4,0.0,3.2,40.0,993.6,23.0,,0.0,Mugello,Red Bull Racing
26,ALB,27,0,4,19,0,58,43.6,30.4,0.0,1.2,39.5,993.6,47.0,,0.0,Mugello,Red Bull Racing
27,ALB,28,0,4,19,0,58,43.5,30.4,0.0,1.1,39.5,993.6,321.0,,0.0,Mugello,Red Bull Racing
28,ALB,29,0,4,19,0,58,42.5,30.1,0.0,2.3,40.2,993.6,19.0,,0.0,Mugello,Red Bull Racing
29,ALB,30,0,3,19,0,59,42.2,30.0,0.0,2.5,41.3,993.5,22.0,,0.0,Mugello,Red Bull Racing
30,ALB,31,0,2,19,0,59,42.2,29.9,0.0,2.6,40.8,993.6,9.0,,0.0,Mugello,Red Bull Racing
31,ALB,32,0,4,19,0,59,42.5,30.2,0.0,2.3,40.4,993.6,22.0,,0.0,Mugello,Red Bull Racing
32,ALB,33,0,5,19,0,59,42.3,30.3,0.0,2.8,40.2,993.5,358.0,,0.0,Mugello,Red Bull Racing
33,ALB,34,0,5,19,0,59,41.7,30.0,0.0,2.3,40.8,993.5,4.0,,0.0,Mugello,Red Bull Racing
34,ALB,35,0,5,19,0,59,41.9,30.0,0.0,1.8,41.2,993.6,321.0,,0.0,Mugello,Red Bull Racing
35,ALB,36,0,5,19,0,59,42.4,30.4,0.0,1.3,40.2,993.6,321.0,,0.0,Mugello,Red Bull Racing
36,ALB,37,0,5,19,0,60,42.0,30.2,0.0,1.7,40.2,993.5,357.0,,0.0,Mugello,Red Bull Racing
37,ALB,38,0,5,19,0,60,41.9,30.1,0.0,2.5,41.1,993.6,343.0,,0.0,Mugello,Red Bull Racing
38,ALB,39,0,5,19,0,60,41.6,30.3,0.0,1.6,39.7,993.7,7.0,,0.0,Mugello,Red Bull Racing
39,ALB,40,0,5,19,0,60,41.5,30.3,0.0,2.4,39.7,993.7,13.0,,0.0,Mugello,Red Bull Racing
40,ALB,41,0,5,19,0,60,41.5,30.1,0.0,2.0,40.0,993.6,344.0,,0.0,Mugello,Red Bull Racing
41,ALB,42,0,5,19,0,61,41.5,30.0,0.0,2.5,40.7,993.7,355.0,,0.0,Mugello,Red Bull Racing
42,ALB,43,0,4,19,0,61,40.6,29.9,0.0,1.8,41.3,993.7,6.0,,0.0,Mugello,Red Bull Racing
43,ALB,44,0,4,19,0,61,40.5,29.8,0.0,2.6,41.0,993.6,10.0,,0.0,Mugello,Red Bull Racing
44,ALB,45,0,4,19,0,60,40.7,29.8,0.0,2.3,41.8,993.7,23.0,,0.0,Mugello,Red Bull Racing
45,ALB,46,0,4,19,0,60,40.2,30.0,0.0,2.9,40.8,993.6,17.0,,0.0,Mugello,Red Bull Racing
46,ALB,47,0,4,19,0,59,40.0,29.8,0.0,2.4,41.2,993.7,9.0,,0.0,Mugello,Red Bull Racing
47,ALB,48,0,4,19,0,59,39.9,29.9,0.0,2.6,41.3,993.7,6.0,,0.0,Mugello,Red Bull Racing
48,ALB,49,0,4,19,0,60,39.9,29.9,0.0,1.6,40.7,993.7,339.0,,0.0,Mugello,Red Bull Racing
49,ALB,50,0,4,19,0,60,39.7,30.0,0.0,1.2,40.5,993.7,306.0,,0.0,Mugello,Red Bull Racing
50,ALB,51,0,3,19,0,60,39.8,30.2,0.0,1.9,40.0,993.6,4.0,,0.0,Mugello,Red Bull Racing
51,ALB,52,0,3,19,0,61,39.5,30.0,0.0,1.5,40.5,993.7,8.0,,0.0,Mugello,Red Bull Racing
52,ALB,53,0,3,19,0,61,39.5,29.9,0.0,2.1,40.7,993.6,346.0,,0.0,Mugello,Red Bull Racing
53,ALB,54,0,3,19,0,61,39.2,29.8,0.0,1.1,41.4,993.6,358.0,,0.0,Mugello,Red Bull Racing
54,ALB,55,0,3,19,0,61,38.9,29.9,0.0,1.8,41.3,993.6,29.0,,0.0,Mugello,Red Bull Racing
55,ALB,56,0,3,19,0,61,39.3,29.9,0.0,1.3,41.1,993.7,295.0,,0.0,Mugello,Red Bull Racing
56,ALB,57,0,3,19,0,61,39.2,30.0,0.0,1.5,41.2,993.7,353.0,,0.0,Mugello,Red Bull Racing
57,ALB,58,0,3,19,0,61,39.2,30.0,0.0,0.9,40.9,993.7,352.0,,0.0,Mugello,Red Bull Racing
58,ALB,59,0,3,19,1,61,38.8,30.1,0.0,1.1,40.8,993.6,12.0,,0.0,Mugello,Red Bull Racing
0,LEC,1,0,3,3,0,54,45.5,30.1,0.0,2.0,38.9,993.6,31.0,S,3.0,Mugello,Ferrari
1,LEC,2,0,3,3,0,56,45.5,30.3,0.0,3.4,39.4,993.6,355.0,S,4.0,Mugello,Ferrari
2,LEC,3,0,3,3,0,53,45.6,30.3,0.0,2.4,39.3,993.5,16.0,S,5.0,Mugello,Ferrari
3,LEC,4,0,3,3,0,51,45.1,30.2,0.0,3.2,39.3,993.5,1.0,S,6.0,Mugello,Ferrari
4,LEC,5,0,3,3,0,49,45.3,30.3,0.0,2.3,39.1,993.6,351.0,S,7.0,Mugello,Ferrari
5,LEC,6,0,3,3,0,47,45.2,30.4,0.0,2.3,38.1,993.6,348.0,S,8.0,Mugello,Ferrari
6,LEC,7,0,3,3,0,52,45.5,30.2,0.0,1.9,38.1,993.6,2.0,S,9.0,Mugello,Ferrari
7,LEC,8,0,3,3,0,53,45.4,30.4,0.0,1.9,39.5,993.5,1.0,S,10.0,Mugello,Ferrari
8,LEC,9,0,3,3,0,52,45.5,30.7,0.0,2.1,39.5,993.6,2.0,S,2.0,Mugello,Ferrari
9,LEC,10,0,3,3,0,51,45.5,30.6,0.0,2.8,38.5,993.6,357.0,S,3.0,Mugello,Ferrari
10,LEC,11,0,3,3,0,53,45.2,30.4,0.0,2.7,39.3,993.7,15.0,S,4.0,Mugello,Ferrari
11,LEC,12,0,3,3,0,54,45.1,30.0,0.0,3.0,40.0,993.6,10.0,S,5.0,Mugello,Ferrari
12,LEC,13,0,3,3,0,55,44.5,30.1,0.0,3.4,38.7,993.5,30.0,S,6.0,Mugello,Ferrari
13,LEC,14,0,3,3,0,56,44.4,30.0,0.0,2.0,39.6,993.6,12.0,S,7.0,Mugello,Ferrari
14,LEC,15,0,3,3,0,56,44.3,30.2,0.0,2.8,38.6,993.7,1.0,S,8.0,Mugello,Ferrari
15,LEC,16,0,3,3,0,57,44.2,30.1,0.0,2.1,39.8,993.6,6.0,S,9.0,Mugello,Ferrari
16,LEC,17,0,3,3,0,58,44.2,30.1,0.0,2.1,39.8,993.6,6.0,S,10.0,Mugello,Ferrari
17,LEC,18,0,4,3,0,58,44.2,30.1,0.0,2.1,39.8,993.6,6.0,S,11.0,Mugello,Ferrari
18,LEC,19,0,5,3,0,59,44.3,30.2,0.0,3.1,39.6,993.6,30.0,S,12.0,Mugello,Ferrari
19,LEC,20,0,6,3,0,59,43.9,30.1,0.0,4.4,39.6,993.5,351.0,S,13.0,Mugello,Ferrari
20,LEC,21,0,12,3,0,59,44.1,30.1,0.0,3.3,40.4,993.6,11.0,S,14.0,Mugello,Ferrari
21,LEC,22,0,13,3,0,59,44.1,30.2,0.0,2.9,40.3,993.7,16.0,S,15.0,Mugello,Ferrari
22,LEC,23,0,13,3,0,59,43.9,30.3,0.0,2.2,39.6,993.7,348.0,S,16.0,Mugello,Ferrari
23,LEC,24,0,13,3,0,59,43.8,30.0,0.0,2.3,40.4,993.6,14.0,S,17.0,Mugello,Ferrari
24,LEC,25,0,13,3,0,60,44.0,30.4,0.0,2.5,40.1,993.6,10.0,S,18.0,Mugello,Ferrari
25,LEC,26,0,12,3,0,60,43.7,30.4,0.0,3.2,40.0,993.6,23.0,S,19.0,Mugello,Ferrari
26,LEC,27,0,11,3,0,60,43.6,30.4,0.0,1.2,39.5,993.6,47.0,S,20.0,Mugello,Ferrari
27,LEC,28,0,10,3,0,61,43.0,30.3,0.0,3.4,40.2,993.6,29.0,S,21.0,Mugello,Ferrari
28,LEC,29,0,7,3,0,61,42.5,30.1,0.0,2.3,40.2,993.6,19.0,S,22.0,Mugello,Ferrari
29,LEC,30,0,7,3,0,61,42.3,29.9,0.0,3.1,40.8,993.6,16.0,S,23.0,Mugello,Ferrari
30,LEC,31,0,7,3,0,61,42.2,30.2,0.0,2.6,41.1,993.6,10.0,S,24.0,Mugello,Ferrari
31,LEC,32,0,7,3,0,62,42.5,30.2,0.0,2.0,40.6,993.5,17.0,S,25.0,Mugello,Ferrari
32,LEC,33,0,8,3,0,62,42.5,30.3,0.0,1.8,39.7,993.7,4.0,M,0.0,Mugello,Ferrari
33,LEC,34,0,8,3,0,62,41.7,30.0,0.0,2.3,40.8,993.5,4.0,M,1.0,Mugello,Ferrari
34,LEC,35,0,8,3,0,62,42.0,30.2,0.0,1.7,40.2,993.5,357.0,M,2.0,Mugello,Ferrari
35,LEC,36,0,8,3,0,63,41.9,30.1,0.0,2.3,40.6,993.6,343.0,M,3.0,Mugello,Ferrari
36,LEC,37,0,11,3,0,63,41.9,30.1,0.0,2.5,41.1,993.6,343.0,M,4.0,Mugello,Ferrari
37,LEC,38,0,11,3,0,64,41.9,30.4,0.0,1.5,39.7,993.7,352.0,M,5.0,Mugello,Ferrari
38,LEC,39,0,11,3,0,64,41.5,30.3,0.0,2.4,39.7,993.7,13.0,M,6.0,Mugello,Ferrari
39,LEC,40,0,11,3,0,64,41.5,30.1,0.0,2.0,40.0,993.6,344.0,M,7.0,Mugello,Ferrari
40,LEC,41,0,11,3,0,64,41.1,29.9,0.0,3.1,41.2,993.7,45.0,M,8.0,Mugello,Ferrari
41,LEC,42,0,11,3,0,65,40.6,29.9,0.0,1.8,41.3,993.7,6.0,M,9.0,Mugello,Ferrari
42,LEC,43,0,8,3,0,65,40.6,29.9,0.0,2.2,41.2,993.7,11.0,M,10.0,Mugello,Ferrari
43,LEC,44,0,8,3,0,64,40.7,30.0,0.0,2.3,40.7,993.6,3.0,S,3.0,Mugello,Ferrari
44,LEC,45,0,10,3,0,64,40.7,29.8,0.0,2.3,41.8,993.7,23.0,S,4.0,Mugello,Ferrari
45,LEC,46,0,8,3,0,64,40.5,29.9,0.0,2.3,41.1,993.6,17.0,S,5.0,Mugello,Ferrari
46,LEC,47,0,10,3,0,63,40.4,30.0,0.0,2.1,40.9,993.6,11.0,S,6.0,Mugello,Ferrari
47,LEC,48,0,10,3,0,63,40.5,30.0,0.0,2.2,40.5,993.7,9.0,S,7.0,Mugello,Ferrari
48,LEC,49,0,9,3,0,64,40.2,30.0,0.0,2.9,40.8,993.6,17.0,S,8.0,Mugello,Ferrari
49,LEC,50,0,9,3,0,64,39.9,29.9,0.0,2.6,41.3,993.7,6.0,S,9.0,Mugello,Ferrari
50,LEC,51,0,9,3,0,64,39.9,30.0,0.0,2.4,40.9,993.7,6.0,S,10.0,Mugello,Ferrari
51,LEC,52,0,9,3,0,64,39.9,29.9,0.0,1.6,40.7,993.7,339.0,S,11.0,Mugello,Ferrari
52,LEC,53,0,9,3,0,65,39.7,30.2,0.0,0.8,40.5,993.7,347.0,S,12.0,Mugello,Ferrari
53,LEC,54,0,9,3,0,65,39.2,30.0,0.0,2.2,40.6,993.6,358.0,S,13.0,Mugello,Ferrari
54,LEC,55,0,9,3,0,65,39.2,29.8,0.0,1.1,41.4,993.6,358.0,S,14.0,Mugello,Ferrari
55,LEC,56,0,9,3,0,65,39.4,29.9,0.0,2.2,41.2,993.7,44.0,S,15.0,Mugello,Ferrari
56,LEC,57,0,9,3,0,65,39.2,30.0,0.0,1.5,41.2,993.7,353.0,S,16.0,Mugello,Ferrari
57,LEC,58,0,9,3,0,66,39.2,30.0,0.0,0.9,40.9,993.7,352.0,S,17.0,Mugello,Ferrari
58,LEC,59,0,8,3,0,66,38.8,30.1,0.0,1.1,40.8,993.6,12.0,S,18.0,Mugello,Ferrari
0,STR,1,0,5,8,0,43,45.2,30.1,0.0,3.0,39.3,993.6,346.0,S,3.0,Mugello,Racing Point
1,STR,2,0,5,8,0,48,45.1,30.2,0.0,3.2,39.3,993.5,1.0,S,4.0,Mugello,Racing Point
2,STR,3,0,5,8,0,45,45.3,30.1,0.0,2.7,39.5,993.6,1.0,S,5.0,Mugello,Racing Point
3,STR,4,0,5,8,0,45,45.3,30.3,0.0,2.3,39.1,993.6,351.0,S,6.0,Mugello,Racing Point
4,STR,5,0,5,8,0,44,45.2,30.4,0.0,2.3,38.1,993.6,348.0,S,7.0,Mugello,Racing Point
5,STR,6,0,5,8,0,42,45.3,30.4,0.0,1.9,38.6,993.6,25.0,S,8.0,Mugello,Racing Point
6,STR,7,0,5,8,0,46,45.5,30.2,0.0,1.9,38.1,993.6,2.0,S,9.0,Mugello,Racing Point
7,STR,8,0,5,8,0,46,45.4,30.4,0.0,1.9,39.5,993.5,1.0,S,10.0,Mugello,Racing Point
8,STR,9,0,4,8,0,47,45.1,30.0,0.0,2.5,38.8,993.6,38.0,S,3.0,Mugello,Racing Point
9,STR,10,0,4,8,0,49,44.5,30.1,0.0,3.4,38.7,993.5,30.0,S,4.0,Mugello,Racing Point
10,STR,11,0,4,8,0,51,44.2,30.1,0.0,2.1,39.8,993.6,6.0,S,5.0,Mugello,Racing Point
11,STR,12,0,4,8,0,52,44.2,30.1,0.0,2.1,39.8,993.6,6.0,S,6.0,Mugello,Racing Point
12,STR,13,0,4,8,0,53,44.4,30.4,0.0,2.8,39.3,993.5,24.0,S,7.0,Mugello,Racing Point
13,STR,14,0,4,8,0,55,44.3,30.2,0.0,3.1,39.6,993.6,30.0,S,8.0,Mugello,Racing Point
14,STR,15,0,4,8,0,55,44.2,30.4,0.0,2.6,39.0,993.6,9.0,S,9.0,Mugello,Racing Point
15,STR,16,0,4,8,0,56,43.9,30.1,0.0,4.4,39.6,993.5,351.0,S,10.0,Mugello,Racing Point
16,STR,17,0,4,8,0,56,44.1,30.0,0.0,2.9,40.8,993.6,15.0,S,11.0,Mugello,Racing Point
17,STR,18,0,3,8,0,57,44.1,30.1,0.0,3.3,40.4,993.6,11.0,S,12.0,Mugello,Racing Point
18,STR,19,0,3,8,0,57,43.9,30.3,0.0,2.3,40.3,993.7,14.0,S,13.0,Mugello,Racing Point
19,STR,20,0,3,8,0,57,43.8,30.0,0.0,2.3,40.4,993.6,14.0,S,14.0,Mugello,Racing Point
20,STR,21,0,3,8,0,57,43.8,30.2,0.0,2.9,40.2,993.7,350.0,S,15.0,Mugello,Racing Point
21,STR,22,0,3,8,0,57,44.3,30.2,0.0,2.7,39.7,993.5,51.0,H,0.0,Mugello,Racing Point
22,STR,23,0,3,8,0,57,43.6,30.4,0.0,1.2,39.5,993.6,47.0,H,1.0,Mugello,Racing Point
23,STR,24,0,3,8,0,58,43.0,30.3,0.0,3.4,40.2,993.6,29.0,H,2.0,Mugello,Racing Point
24,STR,25,0,3,8,0,58,42.5,30.1,0.0,2.3,40.2,993.6,19.0,H,3.0,Mugello,Racing Point
25,STR,26,0,3,8,0,58,42.5,30.3,0.0,1.8,39.7,993.7,4.0,H,4.0,Mugello,Racing Point
26,STR,27,0,3,8,0,59,42.3,30.3,0.0,2.8,40.2,993.5,358.0,H,5.0,Mugello,Racing Point
27,STR,28,0,3,8,0,59,41.7,30.0,0.0,2.0,40.9,993.6,358.0,H,6.0,Mugello,Racing Point
28,STR,29,0,3,8,0,59,42.3,30.2,0.0,0.8,40.8,993.5,253.0,H,7.0,Mugello,Racing Point
29,STR,30,0,4,8,0,60,41.6,30.3,0.0,1.6,39.7,993.7,7.0,H,8.0,Mugello,Racing Point
30,STR,31,0,5,8,0,60,41.7,30.1,0.0,2.9,40.3,993.7,2.0,H,9.0,Mugello,Racing Point
31,STR,32,0,5,8,0,60,41.1,29.9,0.0,3.1,41.2,993.7,45.0,H,10.0,Mugello,Racing Point
32,STR,33,0,4,8,0,60,40.6,29.9,0.0,1.8,41.3,993.7,6.0,H,11.0,Mugello,Racing Point
33,STR,34,0,4,8,0,60,40.6,29.9,0.0,2.2,41.2,993.7,11.0,H,12.0,Mugello,Racing Point
34,STR,35,0,4,8,0,60,40.7,30.0,0.0,2.3,40.7,993.6,3.0,H,13.0,Mugello,Racing Point
35,STR,36,0,4,8,0,60,40.4,30.0,0.0,2.0,40.6,993.6,15.0,H,14.0,Mugello,Racing Point
36,STR,37,0,4,8,0,60,40.5,30.0,0.0,2.7,40.9,993.7,29.0,H,15.0,Mugello,Racing Point
37,STR,38,0,4,8,0,60,39.8,29.7,0.0,3.2,41.3,993.6,4.0,M,0.0,Mugello,Racing Point
38,STR,39,0,4,8,0,60,39.5,30.0,0.0,1.5,40.5,993.7,8.0,M,1.0,Mugello,Racing Point
39,STR,40,0,4,8,0,60,39.2,29.8,0.0,1.1,41.4,993.6,358.0,M,2.0,Mugello,Racing Point
40,STR,41,0,4,8,0,61,39.2,30.0,0.0,0.9,40.9,993.7,352.0,M,3.0,Mugello,Racing Point
41,STR,42,0,4,8,0,61,38.8,30.1,0.0,1.1,40.8,993.6,12.0,M,4.0,Mugello,Racing Point
0,PER,1,0,7,13,0,40,44.9,30.0,0.0,2.0,39.3,993.5,357.0,S,3.0,Mugello,Racing Point
1,PER,2,0,7,13,0,41,45.3,30.2,0.0,2.8,38.8,993.6,26.0,S,4.0,Mugello,Racing Point
2,PER,3,0,7,13,0,37,45.2,30.4,0.0,2.3,38.1,993.6,348.0,S,5.0,Mugello,Racing Point
3,PER,4,0,7,13,0,38,45.1,30.3,0.0,2.0,38.9,993.6,347.0,S,6.0,Mugello,Racing Point
4,PER,5,0,7,13,0,38,45.5,30.4,0.0,2.4,38.2,993.5,333.0,S,7.0,Mugello,Racing Point
5,PER,6,0,7,13,0,37,45.5,30.7,0.0,2.1,39.5,993.6,2.0,S,8.0,Mugello,Racing Point
6,PER,7,0,7,13,0,40,45.5,30.6,0.0,2.8,38.5,993.6,357.0,S,9.0,Mugello,Racing Point
7,PER,8,0,7,13,0,39,45.2,30.4,0.0,2.7,39.3,993.7,15.0,S,10.0,Mugello,Racing Point
8,PER,9,0,7,13,0,39,45.1,30.3,0.0,3.0,37.9,993.6,10.0,S,2.0,Mugello,Racing Point
9,PER,10,0,5,13,0,39,44.5,30.1,0.0,3.4,38.7,993.5,30.0,S,3.0,Mugello,Racing Point
10,PER,11,0,5,13,0,42,44.4,30.0,0.0,2.0,39.6,993.6,12.0,S,4.0,Mugello,Racing Point
11,PER,12,0,5,13,0,43,44.3,30.2,0.0,2.9,39.3,993.6,28.0,S,5.0,Mugello,Racing Point
12,PER,13,0,5,13,0,45,44.3,30.2,0.0,2.8,38.6,993.7,1.0,S,6.0,Mugello,Racing Point
13,PER,14,0,5,13,0,46,44.2,30.1,0.0,2.1,39.8,993.6,6.0,S,7.0,Mugello,Racing Point
14,PER,15,0,6,13,0,47,44.4,30.2,0.0,2.1,39.3,993.5,3.0,S,8.0,Mugello,Racing Point
15,PER,16,0,6,13,0,48,44.3,30.4,0.0,2.6,39.8,993.6,41.0,S,9.0,Mugello,Racing Point
16,PER,17,0,6,13,0,49,43.9,30.1,0.0,4.4,39.6,993.5,351.0,S,10.0,Mugello,Racing Point
17,PER,18,0,7,13,0,50,44.1,30.0,0.0,2.9,40.8,993.6,15.0,S,11.0,Mugello,Racing Point
18,PER,19,0,7,13,0,50,43.6,30.1,0.0,2.4,40.2,993.7,26.0,S,12.0,Mugello,Racing Point
19,PER,20,0,7,13,0,51,43.9,30.3,0.0,2.3,40.3,993.7,14.0,S,13.0,Mugello,Racing Point
20,PER,21,0,6,13,0,51,43.4,30.1,0.0,1.9,40.4,993.6,38.0,S,14.0,Mugello,Racing Point
21,PER,22,0,6,13,0,52,44.3,30.4,0.0,2.8,40.0,993.5,26.0,S,15.0,Mugello,Racing Point
22,PER,23,0,6,13,0,52,44.3,30.2,0.0,2.7,39.7,993.5,51.0,S,16.0,Mugello,Racing Point
23,PER,24,0,6,13,0,52,43.7,30.2,0.0,1.4,39.9,993.6,324.0,S,17.0,Mugello,Racing Point
24,PER,25,0,6,13,0,53,44.0,30.3,0.0,1.8,40.1,993.7,9.0,S,18.0,Mugello,Racing Point
25,PER,26,0,6,13,0,53,44.0,30.4,0.0,2.5,40.1,993.6,10.0,S,19.0,Mugello,Racing Point
26,PER,27,0,5,13,0,53,43.0,30.4,0.0,2.8,40.0,993.6,23.0,S,20.0,Mugello,Racing Point
27,PER,28,0,9,13,0,53,43.0,30.3,0.0,2.3,40.5,993.6,7.0,S,21.0,Mugello,Racing Point
28,PER,29,0,8,13,0,54,43.3,30.4,0.0,2.6,39.8,993.6,19.0,S,22.0,Mugello,Racing Point
29,PER,30,0,6,13,0,54,43.0,30.3,0.0,3.4,40.2,993.6,29.0,S,23.0,Mugello,Racing Point
30,PER,31,0,6,13,0,54,42.5,30.1,0.0,2.3,40.2,993.6,19.0,M,0.0,Mugello,Racing Point
31,PER,32,0,6,13,0,54,42.2,30.0,0.0,2.5,41.3,993.5,22.0,M,1.0,Mugello,Racing Point
32,PER,33,0,6,13,0,54,42.2,29.9,0.0,2.6,40.8,993.6,9.0,M,2.0,Mugello,Racing Point
33,PER,34,0,6,13,0,55,42.2,30.2,0.0,2.6,41.1,993.6,10.0,M,3.0,Mugello,Racing Point
34,PER,35,0,6,13,0,55,42.5,30.2,0.0,2.0,40.6,993.5,17.0,M,4.0,Mugello,Racing Point
35,PER,36,0,6,13,0,55,42.5,30.3,0.0,1.8,39.7,993.7,4.0,M,5.0,Mugello,Racing Point
36,PER,37,0,6,13,0,55,42.5,30.2,0.0,2.3,40.4,993.6,22.0,M,6.0,Mugello,Racing Point
37,PER,38,0,6,13,0,55,42.6,30.3,0.0,2.6,40.4,993.6,333.0,M,7.0,Mugello,Racing Point
38,PER,39,0,6,13,0,56,41.7,30.0,0.0,2.3,40.8,993.5,4.0,M,8.0,Mugello,Racing Point
39,PER,40,0,6,13,0,56,41.9,30.0,0.0,1.8,41.2,993.6,321.0,M,9.0,Mugello,Racing Point
40,PER,41,0,6,13,0,56,41.9,30.4,0.0,1.5,39.7,993.7,352.0,M,10.0,Mugello,Racing Point
41,PER,42,0,6,13,0,56,41.5,30.0,0.0,2.5,40.7,993.7,355.0,M,11.0,Mugello,Racing Point
42,PER,43,0,5,13,0,56,41.1,29.9,0.0,2.3,40.2,993.6,359.0,,0.0,Mugello,Racing Point
43,PER,44,0,5,13,0,56,40.6,29.9,0.0,1.8,41.3,993.7,6.0,,0.0,Mugello,Racing Point
44,PER,45,0,5,13,0,55,40.7,30.0,0.0,2.3,40.7,993.6,3.0,,0.0,Mugello,Racing Point
45,PER,46,0,5,13,0,55,40.7,29.8,0.0,2.3,41.8,993.7,23.0,,0.0,Mugello,Racing Point
46,PER,47,0,5,13,0,55,40.4,30.0,0.0,2.0,40.6,993.6,15.0,,0.0,Mugello,Racing Point
47,PER,48,0,5,13,0,55,40.4,30.0,0.0,2.1,40.9,993.6,11.0,,0.0,Mugello,Racing Point
48,PER,49,0,5,13,0,55,39.8,29.7,0.0,3.2,41.3,993.6,4.0,,0.0,Mugello,Racing Point
49,PER,50,0,5,13,0,55,40.0,29.7,0.0,2.1,41.7,993.7,16.0,,0.0,Mugello,Racing Point
50,PER,51,0,5,13,0,55,40.0,29.8,0.0,2.4,41.2,993.7,9.0,,0.0,Mugello,Racing Point
51,PER,52,0,5,13,0,56,39.9,29.9,0.0,2.6,41.3,993.7,6.0,,0.0,Mugello,Racing Point
52,PER,53,0,5,13,0,56,39.7,29.9,0.0,1.8,41.5,993.7,340.0,,0.0,Mugello,Racing Point
53,PER,54,0,5,13,0,56,39.8,30.2,0.0,1.9,40.0,993.6,4.0,,0.0,Mugello,Racing Point
54,PER,55,0,5,13,0,56,39.4,29.9,0.0,2.2,41.2,993.7,44.0,,0.0,Mugello,Racing Point
55,PER,56,0,5,13,0,56,39.3,29.9,0.0,1.3,41.1,993.7,295.0,,0.0,Mugello,Racing Point
56,PER,57,0,5,13,0,56,39.2,30.0,0.0,1.5,41.2,993.7,353.0,,0.0,Mugello,Racing Point
57,PER,58,0,5,13,0,56,39.2,30.0,0.0,0.9,40.9,993.7,352.0,,0.0,Mugello,Racing Point
58,PER,59,0,5,13,1,57,38.8,30.1,0.0,1.1,40.8,993.6,12.0,,0.0,Mugello,Racing Point
0,RIC,1,0,6,5,0,55,44.9,30.0,0.0,2.0,39.3,993.5,357.0,S,3.0,Mugello,Renault
1,RIC,2,0,6,5,0,61,45.5,30.1,0.0,2.0,38.9,993.6,31.0,S,4.0,Mugello,Renault
2,RIC,3,0,6,5,0,63,45.6,30.3,0.0,2.4,39.3,993.5,16.0,S,5.0,Mugello,Renault
3,RIC,4,0,6,5,0,66,45.2,30.1,0.0,3.0,39.3,993.6,346.0,S,6.0,Mugello,Renault
4,RIC,5,0,6,5,0,69,45.1,30.1,0.0,3.4,39.0,993.6,8.0,S,7.0,Mugello,Renault
5,RIC,6,0,6,5,0,71,45.2,30.4,0.0,2.3,38.1,993.6,348.0,S,8.0,Mugello,Renault
6,RIC,7,0,6,5,0,76,45.2,30.4,0.0,3.0,38.8,993.7,4.0,S,9.0,Mugello,Renault
7,RIC,8,0,6,5,0,76,45.1,30.3,0.0,2.0,38.9,993.6,347.0,S,10.0,Mugello,Renault
8,RIC,9,0,6,5,0,76,45.1,30.3,0.0,2.6,38.8,993.5,7.0,S,3.0,Mugello,Renault
9,RIC,10,0,6,5,0,75,45.5,30.4,0.0,2.4,38.2,993.5,333.0,S,4.0,Mugello,Renault
10,RIC,11,0,6,5,0,76,45.5,30.7,0.0,2.1,39.5,993.6,2.0,S,5.0,Mugello,Renault
11,RIC,12,0,6,5,0,76,45.1,30.3,0.0,3.0,37.9,993.6,10.0,S,6.0,Mugello,Renault
12,RIC,13,0,6,5,0,76,45.1,30.0,0.0,2.5,38.8,993.6,38.0,S,7.0,Mugello,Renault
13,RIC,14,0,6,5,0,76,44.5,30.1,0.0,3.4,38.7,993.5,30.0,S,8.0,Mugello,Renault
14,RIC,15,0,5,5,0,76,44.3,30.2,0.0,2.8,38.6,993.7,1.0,S,9.0,Mugello,Renault
15,RIC,16,0,5,5,0,76,44.2,30.1,0.0,2.1,39.8,993.6,6.0,S,10.0,Mugello,Renault
16,RIC,17,0,5,5,0,76,44.2,30.1,0.0,2.1,39.8,993.6,6.0,S,11.0,Mugello,Renault
17,RIC,18,0,5,5,0,76,44.4,30.2,0.0,2.1,39.3,993.5,3.0,S,12.0,Mugello,Renault
18,RIC,19,0,4,5,0,76,44.3,30.4,0.0,2.6,39.8,993.6,41.0,S,13.0,Mugello,Renault
19,RIC,20,0,4,5,0,76,44.2,30.4,0.0,2.6,39.0,993.6,9.0,S,14.0,Mugello,Renault
20,RIC,21,0,4,5,0,75,44.1,29.8,0.0,2.5,41.1,993.5,45.0,S,15.0,Mugello,Renault
21,RIC,22,0,4,5,0,75,44.1,30.1,0.0,3.3,40.4,993.6,11.0,S,16.0,Mugello,Renault
22,RIC,23,0,4,5,0,75,44.1,30.2,0.0,2.9,40.3,993.7,16.0,S,17.0,Mugello,Renault
23,RIC,24,0,4,5,0,75,43.6,30.1,0.0,2.4,40.2,993.7,26.0,S,18.0,Mugello,Renault
24,RIC,25,0,4,5,0,75,43.9,30.3,0.0,2.2,39.6,993.7,348.0,S,19.0,Mugello,Renault
25,RIC,26,0,4,5,0,75,43.5,30.1,0.0,1.6,40.8,993.6,16.0,S,20.0,Mugello,Renault
26,RIC,27,0,8,5,0,75,43.3,30.2,0.0,2.6,40.2,993.7,0.0,S,21.0,Mugello,Renault
27,RIC,28,0,7,5,0,75,44.0,30.4,0.0,2.5,40.1,993.6,10.0,S,22.0,Mugello,Renault
28,RIC,29,0,5,5,0,75,43.7,30.4,0.0,3.2,40.0,993.6,23.0,M,0.0,Mugello,Renault
29,RIC,30,0,5,5,0,75,43.6,30.4,0.0,1.2,39.5,993.6,47.0,M,1.0,Mugello,Renault
30,RIC,31,0,4,5,0,75,43.0,30.4,0.0,2.8,40.0,993.6,23.0,M,2.0,Mugello,Renault
31,RIC,32,0,3,5,0,75,43.3,30.4,0.0,2.6,39.8,993.6,19.0,M,3.0,Mugello,Renault
32,RIC,33,0,3,5,0,75,43.0,30.3,0.0,3.4,40.2,993.6,29.0,M,4.0,Mugello,Renault
33,RIC,34,0,3,5,0,75,42.5,30.1,0.0,2.3,40.2,993.6,19.0,M,5.0,Mugello,Renault
34,RIC,35,0,3,5,0,75,42.2,30.0,0.0,2.5,41.3,993.5,22.0,M,6.0,Mugello,Renault
35,RIC,36,0,3,5,0,75,42.6,30.0,0.0,3.6,40.3,993.6,25.0,M,7.0,Mugello,Renault
36,RIC,37,0,3,5,0,75,42.2,30.2,0.0,2.6,41.1,993.6,10.0,M,8.0,Mugello,Renault
37,RIC,38,0,3,5,0,75,42.5,30.2,0.0,2.0,40.6,993.5,17.0,M,9.0,Mugello,Renault
38,RIC,39,0,3,5,0,75,42.5,30.2,0.0,2.3,40.4,993.6,22.0,M,10.0,Mugello,Renault
39,RIC,40,0,3,5,0,75,42.3,30.2,0.0,0.8,40.8,993.5,253.0,M,11.0,Mugello,Renault
40,RIC,41,0,3,5,0,75,41.9,30.1,0.0,2.3,40.6,993.6,343.0,M,12.0,Mugello,Renault
41,RIC,42,0,3,5,0,75,41.7,29.9,0.0,2.3,40.8,993.6,359.0,M,13.0,Mugello,Renault
42,RIC,43,0,3,5,0,75,41.0,29.9,0.0,2.5,41.4,993.5,20.0,M,14.0,Mugello,Renault
43,RIC,44,0,3,5,0,75,41.1,29.9,0.0,2.6,40.6,993.7,20.0,S,3.0,Mugello,Renault
44,RIC,45,0,3,5,0,74,40.6,29.9,0.0,1.8,41.3,993.7,6.0,S,4.0,Mugello,Renault
45,RIC,46,0,2,5,0,74,40.7,30.0,0.0,2.3,40.7,993.6,3.0,S,3.0,Mugello,Renault
46,RIC,47,0,2,5,0,74,40.7,30.0,0.0,2.5,41.5,993.7,357.0,S,4.0,Mugello,Renault
47,RIC,48,0,3,5,0,74,40.5,29.8,0.0,2.6,41.0,993.6,10.0,S,5.0,Mugello,Renault
48,RIC,49,0,3,5,0,74,40.7,29.8,0.0,2.3,41.8,993.7,23.0,S,6.0,Mugello,Renault
49,RIC,50,0,3,5,0,74,40.7,29.9,0.0,2.0,41.4,993.6,21.0,S,7.0,Mugello,Renault
50,RIC,51,0,4,5,0,74,40.4,30.0,0.0,2.1,40.9,993.6,11.0,S,8.0,Mugello,Renault
51,RIC,52,0,4,5,0,74,39.8,29.7,0.0,3.2,41.3,993.6,4.0,S,9.0,Mugello,Renault
52,RIC,53,0,4,5,0,74,40.0,29.7,0.0,2.1,41.7,993.7,16.0,S,10.0,Mugello,Renault
53,RIC,54,0,4,5,0,74,40.0,29.8,0.0,2.4,41.2,993.7,9.0,S,11.0,Mugello,Renault
54,RIC,55,0,4,5,0,74,39.9,29.9,0.0,2.6,41.3,993.7,6.0,S,12.0,Mugello,Renault
55,RIC,56,0,4,5,0,74,39.8,30.2,0.0,1.9,40.0,993.6,4.0,S,13.0,Mugello,Renault
56,RIC,57,0,4,5,0,74,39.2,30.0,0.0,2.2,40.6,993.6,358.0,S,14.0,Mugello,Renault
57,RIC,58,0,4,5,0,74,39.5,29.9,0.0,2.1,40.7,993.6,346.0,S,15.0,Mugello,Renault
58,RIC,59,0,4,5,0,74,38.9,29.9,0.0,1.8,41.3,993.6,29.0,S,16.0,Mugello,Renault
0,SAI,1,0,15,4,0,39,44.5,30.1,0.0,3.4,38.7,993.5,30.0,S,3.0,Mugello,McLaren
1,SAI,2,0,15,4,0,37,42.4,30.4,0.0,1.3,40.2,993.6,321.0,S,4.0,Mugello,McLaren
2,SAI,3,0,15,4,0,35,40.5,30.0,0.0,2.7,40.9,993.7,29.0,S,5.0,Mugello,McLaren
3,SAI,4,0,15,4,0,36,39.5,30.0,0.0,1.5,40.5,993.7,8.0,S,6.0,Mugello,McLaren
4,SAI,5,0,15,4,0,39,39.2,30.0,0.0,1.5,41.2,993.7,353.0,S,7.0,Mugello,McLaren
0,OCO,1,0,10,18,0,44,45.3,30.1,0.0,2.7,39.5,993.6,1.0,S,3.0,Mugello,Renault
1,OCO,2,0,10,18,0,51,43.9,30.1,0.0,4.4,39.6,993.5,351.0,S,4.0,Mugello,Renault
2,OCO,3,0,10,18,0,50,44.1,30.2,0.0,2.9,40.3,993.7,16.0,S,5.0,Mugello,Renault
3,OCO,4,0,10,18,0,48,43.5,30.4,0.0,1.1,39.5,993.6,321.0,S,6.0,Mugello,Renault
4,OCO,5,0,10,18,0,47,41.5,30.3,0.0,2.4,39.7,993.7,13.0,S,7.0,Mugello,Renault
5,OCO,6,0,10,18,0,45,41.1,29.9,0.0,2.6,40.6,993.7,20.0,,0.0,Mugello,Renault
6,OCO,7,0,10,18,1,49,39.9,30.0,0.0,2.4,40.9,993.7,6.0,,0.0,Mugello,Renault
0,NOR,1,0,8,14,0,38,45.6,30.3,0.0,2.4,39.3,993.5,16.0,S,3.0,Mugello,McLaren
1,NOR,2,0,8,14,0,46,45.2,30.1,0.0,3.0,39.3,993.6,346.0,S,4.0,Mugello,McLaren
2,NOR,3,0,8,14,0,47,45.1,30.3,0.0,2.6,38.8,993.5,7.0,S,5.0,Mugello,McLaren
3,NOR,4,0,8,14,0,46,45.3,30.4,0.0,1.9,38.6,993.6,25.0,S,6.0,Mugello,McLaren
4,NOR,5,0,8,14,0,45,45.5,30.4,0.0,2.4,38.2,993.5,333.0,S,7.0,Mugello,McLaren
5,NOR,6,0,8,14,0,45,45.5,30.2,0.0,1.9,38.1,993.6,2.0,S,8.0,Mugello,McLaren
6,NOR,7,0,8,14,0,49,45.4,30.4,0.0,1.9,39.5,993.5,1.0,S,9.0,Mugello,McLaren
7,NOR,8,0,8,14,0,49,45.2,30.4,0.0,2.7,39.3,993.7,15.0,,0.0,Mugello,McLaren
8,NOR,9,0,8,14,0,49,45.1,30.3,0.0,3.0,37.9,993.6,10.0,,0.0,Mugello,McLaren
9,NOR,10,0,8,14,0,47,45.1,30.0,0.0,2.5,38.8,993.6,38.0,,0.0,Mugello,McLaren
10,NOR,11,0,8,14,0,49,45.1,30.0,0.0,3.0,40.0,993.6,10.0,,0.0,Mugello,McLaren
11,NOR,12,0,8,14,0,50,44.4,30.0,0.0,2.0,39.6,993.6,12.0,,0.0,Mugello,McLaren
12,NOR,13,0,8,14,0,52,44.2,30.1,0.0,2.1,39.8,993.6,6.0,,0.0,Mugello,McLaren
13,NOR,14,0,8,14,0,53,44.2,30.1,0.0,2.1,39.8,993.6,6.0,,0.0,Mugello,McLaren
14,NOR,15,0,8,14,0,54,44.2,30.1,0.0,2.1,39.8,993.6,6.0,,0.0,Mugello,McLaren
15,NOR,16,0,8,14,0,54,44.5,30.4,0.0,3.3,39.2,993.6,11.0,,0.0,Mugello,McLaren
16,NOR,17,0,8,14,0,55,44.3,30.3,0.0,2.6,39.9,993.6,19.0,,0.0,Mugello,McLaren
17,NOR,18,0,8,14,0,55,44.1,29.8,0.0,2.5,41.1,993.5,45.0,,0.0,Mugello,McLaren
18,NOR,19,0,8,14,0,56,44.1,30.0,0.0,2.9,40.8,993.6,15.0,,0.0,Mugello,McLaren
19,NOR,20,0,8,14,0,55,44.1,30.2,0.0,2.9,40.3,993.7,16.0,,0.0,Mugello,McLaren
20,NOR,21,0,7,14,0,55,43.6,30.1,0.0,2.4,40.2,993.7,26.0,,0.0,Mugello,McLaren
21,NOR,22,0,7,14,0,55,43.9,30.3,0.0,2.3,40.3,993.7,14.0,,0.0,Mugello,McLaren
22,NOR,23,0,7,14,0,56,43.8,30.2,0.0,2.9,40.2,993.7,350.0,,0.0,Mugello,McLaren
23,NOR,24,0,7,14,0,56,44.3,30.4,0.0,2.8,40.0,993.5,26.0,,0.0,Mugello,McLaren
24,NOR,25,0,7,14,0,57,43.3,30.2,0.0,2.6,40.2,993.7,0.0,,0.0,Mugello,McLaren
25,NOR,26,0,7,14,0,57,43.6,30.4,0.0,1.2,39.5,993.6,47.0,,0.0,Mugello,McLaren
26,NOR,27,0,6,14,0,58,43.5,30.4,0.0,1.1,39.5,993.6,321.0,,0.0,Mugello,McLaren
27,NOR,28,0,5,14,0,58,42.3,29.9,0.0,3.1,40.8,993.6,16.0,,0.0,Mugello,McLaren
28,NOR,29,0,6,14,0,58,42.2,30.0,0.0,2.5,41.3,993.5,22.0,,0.0,Mugello,McLaren
29,NOR,30,0,8,14,0,59,42.6,30.0,0.0,3.6,40.3,993.6,25.0,,0.0,Mugello,McLaren
30,NOR,31,0,8,14,0,59,42.2,29.9,0.0,2.6,40.8,993.6,9.0,,0.0,Mugello,McLaren
31,NOR,32,0,8,14,0,59,42.2,30.2,0.0,2.6,41.1,993.6,10.0,,0.0,Mugello,McLaren
32,NOR,33,0,7,14,0,59,42.5,30.3,0.0,1.8,39.7,993.7,4.0,,0.0,Mugello,McLaren
33,NOR,34,0,7,14,0,59,42.5,30.2,0.0,2.3,40.4,993.6,22.0,,0.0,Mugello,McLaren
34,NOR,35,0,7,14,0,59,42.6,30.3,0.0,2.6,40.4,993.6,333.0,,0.0,Mugello,McLaren
35,NOR,36,0,7,14,0,59,41.7,30.0,0.0,2.0,40.9,993.6,358.0,,0.0,Mugello,McLaren
36,NOR,37,0,7,14,0,60,42.4,30.4,0.0,1.3,40.2,993.6,321.0,,0.0,Mugello,McLaren
37,NOR,38,0,7,14,0,60,42.4,30.5,0.0,1.6,40.1,993.6,327.0,,0.0,Mugello,McLaren
38,NOR,39,0,7,14,0,60,42.3,30.5,0.0,2.6,40.5,993.5,353.0,,0.0,Mugello,McLaren
39,NOR,40,0,7,14,0,60,41.9,30.1,0.0,2.3,40.6,993.6,343.0,,0.0,Mugello,McLaren
40,NOR,41,0,7,14,0,60,41.9,30.1,0.0,2.5,41.1,993.6,343.0,,0.0,Mugello,McLaren
41,NOR,42,0,7,14,0,60,42.1,30.3,0.0,1.3,39.9,993.7,325.0,,0.0,Mugello,McLaren
42,NOR,43,0,6,14,0,60,41.6,30.3,0.0,1.6,39.7,993.7,7.0,,0.0,Mugello,McLaren
43,NOR,44,0,6,14,0,60,41.5,30.3,0.0,2.4,39.7,993.7,13.0,,0.0,Mugello,McLaren
44,NOR,45,0,6,14,0,60,41.5,30.0,0.0,2.5,40.7,993.7,355.0,,0.0,Mugello,McLaren
45,NOR,46,0,6,14,0,60,41.1,29.9,0.0,3.1,41.2,993.7,45.0,,0.0,Mugello,McLaren
46,NOR,47,0,6,14,0,60,40.6,29.9,0.0,1.8,41.3,993.7,6.0,,0.0,Mugello,McLaren
47,NOR,48,0,6,14,0,60,40.7,30.0,0.0,2.5,41.5,993.7,357.0,,0.0,Mugello,McLaren
48,NOR,49,0,6,14,0,60,40.5,29.8,0.0,2.6,41.0,993.6,10.0,,0.0,Mugello,McLaren
49,NOR,50,0,6,14,0,60,40.7,29.8,0.0,2.3,41.8,993.7,23.0,,0.0,Mugello,McLaren
50,NOR,51,0,6,14,0,60,40.7,29.9,0.0,2.0,41.4,993.6,21.0,,0.0,Mugello,McLaren
51,NOR,52,0,6,14,0,60,40.5,29.9,0.0,2.3,41.1,993.6,17.0,,0.0,Mugello,McLaren
52,NOR,53,0,6,14,0,61,39.8,29.7,0.0,3.2,41.3,993.6,4.0,,0.0,Mugello,McLaren
53,NOR,54,0,6,14,0,61,39.8,29.6,0.0,2.6,42.6,993.6,26.0,,0.0,Mugello,McLaren
54,NOR,55,0,6,14,0,61,39.9,29.9,0.0,2.9,41.7,993.6,19.0,,0.0,Mugello,McLaren
55,NOR,56,0,6,14,0,61,39.9,29.9,0.0,2.6,41.3,993.7,6.0,,0.0,Mugello,McLaren
56,NOR,57,0,6,14,0,61,39.7,30.0,0.0,1.2,40.5,993.7,306.0,,0.0,Mugello,McLaren
57,NOR,58,0,6,14,0,61,39.7,30.2,0.0,0.8,40.5,993.7,347.0,,0.0,Mugello,McLaren
58,NOR,59,0,6,14,1,61,39.2,29.8,0.0,1.1,41.4,993.6,358.0,,0.0,Mugello,McLaren
0,KVY,1,0,9,6,0,49,44.9,30.0,0.0,2.0,39.3,993.5,357.0,S,0.0,Mugello,AlphaTauri
1,KVY,2,0,9,6,0,54,45.5,30.1,0.0,2.0,38.9,993.6,31.0,S,1.0,Mugello,AlphaTauri
2,KVY,3,0,9,6,0,55,45.5,30.3,0.0,3.4,39.4,993.6,355.0,S,2.0,Mugello,AlphaTauri
3,KVY,4,0,9,6,0,55,45.6,30.3,0.0,2.4,39.3,993.5,16.0,S,3.0,Mugello,AlphaTauri
4,KVY,5,0,9,6,0,55,45.2,30.1,0.0,3.0,39.3,993.6,346.0,S,4.0,Mugello,AlphaTauri
5,KVY,6,0,9,6,0,56,45.1,30.2,0.0,3.2,39.3,993.5,1.0,S,5.0,Mugello,AlphaTauri
6,KVY,7,0,9,6,0,59,45.1,30.1,0.0,3.4,39.0,993.6,8.0,S,6.0,Mugello,AlphaTauri
7,KVY,8,0,9,6,0,59,45.3,30.2,0.0,2.8,38.8,993.6,26.0,S,7.0,Mugello,AlphaTauri
8,KVY,9,0,9,6,0,58,45.3,30.3,0.0,2.3,39.1,993.6,351.0,S,3.0,Mugello,AlphaTauri
9,KVY,10,0,9,6,0,57,45.2,30.4,0.0,2.0,38.6,993.7,357.0,S,4.0,Mugello,AlphaTauri
10,KVY,11,0,9,6,0,59,45.2,30.4,0.0,2.3,38.1,993.6,348.0,S,5.0,Mugello,AlphaTauri
11,KVY,12,0,9,6,0,60,45.1,30.3,0.0,2.0,38.9,993.6,347.0,S,6.0,Mugello,AlphaTauri
12,KVY,13,0,9,6,0,61,45.3,30.4,0.0,1.9,38.6,993.6,25.0,S,7.0,Mugello,AlphaTauri
13,KVY,14,0,9,6,0,61,45.4,30.4,0.0,1.9,39.5,993.5,1.0,S,8.0,Mugello,AlphaTauri
14,KVY,15,0,9,6,0,62,45.5,30.7,0.0,2.1,39.5,993.6,2.0,S,9.0,Mugello,AlphaTauri
15,KVY,16,0,9,6,0,62,45.1,30.3,0.0,3.0,37.9,993.6,10.0,S,10.0,Mugello,AlphaTauri
16,KVY,17,0,9,6,0,63,45.1,30.0,0.0,2.5,38.8,993.6,38.0,S,11.0,Mugello,AlphaTauri
17,KVY,18,0,9,6,0,63,44.5,30.1,0.0,3.4,38.7,993.5,30.0,S,12.0,Mugello,AlphaTauri
18,KVY,19,0,9,6,0,63,44.2,30.1,0.0,2.1,39.8,993.6,6.0,S,13.0,Mugello,AlphaTauri
19,KVY,20,0,9,6,0,63,44.2,30.1,0.0,2.1,39.8,993.6,6.0,S,14.0,Mugello,AlphaTauri
20,KVY,21,0,8,6,0,63,44.3,30.4,0.0,2.8,39.5,993.6,356.0,S,15.0,Mugello,AlphaTauri
21,KVY,22,0,8,6,0,63,43.9,30.1,0.0,4.4,39.6,993.5,351.0,S,16.0,Mugello,AlphaTauri
22,KVY,23,0,8,6,0,63,44.1,29.8,0.0,2.5,41.1,993.5,45.0,S,17.0,Mugello,AlphaTauri
23,KVY,24,0,8,6,0,63,44.1,30.0,0.0,2.9,40.8,993.6,15.0,S,18.0,Mugello,AlphaTauri
24,KVY,25,0,8,6,0,64,44.1,30.1,0.0,3.3,40.4,993.6,11.0,S,19.0,Mugello,AlphaTauri
25,KVY,26,0,8,6,0,64,43.6,30.1,0.0,2.4,40.2,993.7,26.0,S,20.0,Mugello,AlphaTauri
26,KVY,27,0,7,6,0,64,43.8,30.0,0.0,2.3,40.4,993.6,14.0,S,21.0,Mugello,AlphaTauri
27,KVY,28,0,6,6,0,64,43.5,30.1,0.0,1.6,40.8,993.6,16.0,S,22.0,Mugello,AlphaTauri
28,KVY,29,0,9,6,0,64,43.7,30.2,0.0,1.4,39.9,993.6,324.0,S,23.0,Mugello,AlphaTauri
29,KVY,30,0,9,6,0,64,44.0,30.3,0.0,1.8,40.1,993.7,9.0,M,0.0,Mugello,AlphaTauri
30,KVY,31,0,9,6,0,64,43.6,30.4,0.0,1.2,39.5,993.6,47.0,M,1.0,Mugello,AlphaTauri
31,KVY,32,0,9,6,0,64,43.5,30.4,0.0,1.1,39.5,993.6,321.0,M,2.0,Mugello,AlphaTauri
32,KVY,33,0,9,6,0,64,43.6,30.5,0.0,2.1,39.8,993.6,25.0,M,3.0,Mugello,AlphaTauri
33,KVY,34,0,9,6,0,65,42.8,30.0,0.0,3.8,40.3,993.4,9.0,M,4.0,Mugello,AlphaTauri
34,KVY,35,0,9,6,0,65,42.3,29.9,0.0,3.1,40.8,993.6,16.0,M,5.0,Mugello,AlphaTauri
35,KVY,36,0,9,6,0,65,42.6,30.0,0.0,3.6,40.3,993.6,25.0,M,6.0,Mugello,AlphaTauri
36,KVY,37,0,8,6,0,65,42.2,29.9,0.0,2.6,40.8,993.6,9.0,M,7.0,Mugello,AlphaTauri
37,KVY,38,0,8,6,0,65,42.5,30.2,0.0,2.3,40.4,993.6,22.0,M,8.0,Mugello,AlphaTauri
38,KVY,39,0,8,6,0,65,42.3,30.3,0.0,2.8,40.2,993.5,358.0,M,9.0,Mugello,AlphaTauri
39,KVY,40,0,8,6,0,66,42.4,30.5,0.0,1.6,40.1,993.6,327.0,M,10.0,Mugello,AlphaTauri
40,KVY,41,0,8,6,0,66,41.9,30.1,0.0,2.3,40.6,993.6,343.0,M,11.0,Mugello,AlphaTauri
41,KVY,42,0,8,6,0,66,41.8,30.1,0.0,1.6,40.3,993.6,347.0,M,12.0,Mugello,AlphaTauri
42,KVY,43,0,7,6,0,66,41.6,30.3,0.0,1.6,39.7,993.7,7.0,M,13.0,Mugello,AlphaTauri
43,KVY,44,0,7,6,0,65,41.6,30.4,0.0,2.2,39.4,993.7,8.0,S,3.0,Mugello,AlphaTauri
44,KVY,45,0,7,6,0,65,41.5,30.1,0.0,2.0,40.0,993.6,344.0,S,4.0,Mugello,AlphaTauri
45,KVY,46,0,7,6,0,65,40.6,29.9,0.0,2.2,41.2,993.7,11.0,S,3.0,Mugello,AlphaTauri
46,KVY,47,0,7,6,0,65,40.7,29.8,0.0,2.3,41.8,993.7,23.0,S,4.0,Mugello,AlphaTauri
47,KVY,48,0,7,6,0,65,40.5,29.9,0.0,2.3,41.1,993.6,17.0,S,5.0,Mugello,AlphaTauri
48,KVY,49,0,7,6,0,65,40.4,30.0,0.0,2.0,40.6,993.6,15.0,S,6.0,Mugello,AlphaTauri
49,KVY,50,0,7,6,0,65,40.4,30.0,0.0,2.1,40.9,993.6,11.0,S,7.0,Mugello,AlphaTauri
50,KVY,51,0,7,6,0,65,40.5,30.0,0.0,2.7,40.9,993.7,29.0,S,8.0,Mugello,AlphaTauri
51,KVY,52,0,7,6,0,66,40.2,30.0,0.0,2.9,40.8,993.6,17.0,S,9.0,Mugello,AlphaTauri
52,KVY,53,0,7,6,0,66,39.8,29.6,0.0,2.6,42.6,993.6,26.0,S,10.0,Mugello,AlphaTauri
53,KVY,54,0,7,6,0,66,40.0,29.8,0.0,2.4,41.2,993.7,9.0,S,11.0,Mugello,AlphaTauri
54,KVY,55,0,7,6,0,66,39.9,29.9,0.0,2.6,41.3,993.7,6.0,S,12.0,Mugello,AlphaTauri
55,KVY,56,0,7,6,0,66,39.5,30.0,0.0,1.5,40.5,993.7,8.0,S,13.0,Mugello,AlphaTauri
56,KVY,57,0,7,6,0,66,39.5,29.9,0.0,2.1,40.7,993.6,346.0,S,14.0,Mugello,AlphaTauri
57,KVY,58,0,7,6,0,66,38.9,29.9,0.0,1.8,41.3,993.6,29.0,S,15.0,Mugello,AlphaTauri
58,KVY,59,0,7,6,0,66,39.4,29.9,0.0,2.2,41.2,993.7,44.0,S,16.0,Mugello,AlphaTauri
0,RAI,1,0,16,7,0,31,45.5,30.1,0.0,2.0,38.9,993.6,31.0,M,0.0,Mugello,Alfa Romeo Racing
1,RAI,2,0,17,7,0,37,45.5,30.2,0.0,2.5,38.6,993.6,349.0,M,1.0,Mugello,Alfa Romeo Racing
2,RAI,3,0,17,7,0,38,45.5,30.3,0.0,3.4,39.4,993.6,355.0,M,2.0,Mugello,Alfa Romeo Racing
3,RAI,4,0,17,7,0,37,45.3,30.1,0.0,2.7,39.5,993.6,1.0,M,3.0,Mugello,Alfa Romeo Racing
4,RAI,5,0,17,7,0,37,45.3,30.3,0.0,2.3,39.1,993.6,351.0,M,4.0,Mugello,Alfa Romeo Racing
5,RAI,6,0,13,7,0,37,45.2,30.4,0.0,2.3,38.1,993.6,348.0,M,5.0,Mugello,Alfa Romeo Racing
6,RAI,7,0,12,7,0,40,45.2,30.4,0.0,3.0,38.8,993.7,4.0,M,6.0,Mugello,Alfa Romeo Racing
7,RAI,8,0,11,7,0,41,45.1,30.3,0.0,2.6,38.8,993.5,7.0,M,7.0,Mugello,Alfa Romeo Racing
8,RAI,9,0,11,7,0,42,45.5,30.4,0.0,2.4,38.2,993.5,333.0,S,0.0,Mugello,Alfa Romeo Racing
9,RAI,10,0,10,7,0,43,45.1,30.0,0.0,2.5,38.8,993.6,38.0,S,1.0,Mugello,Alfa Romeo Racing
10,RAI,11,0,11,7,0,45,44.5,30.1,0.0,3.4,38.7,993.5,30.0,S,2.0,Mugello,Alfa Romeo Racing
11,RAI,12,0,11,7,0,46,44.3,30.2,0.0,2.9,39.3,993.6,28.0,S,3.0,Mugello,Alfa Romeo Racing
12,RAI,13,0,11,7,0,47,44.2,30.1,0.0,2.1,39.8,993.6,6.0,S,4.0,Mugello,Alfa Romeo Racing
13,RAI,14,0,11,7,0,49,44.2,30.1,0.0,2.1,39.8,993.6,6.0,S,5.0,Mugello,Alfa Romeo Racing
14,RAI,15,0,11,7,0,50,44.3,30.2,0.0,3.1,39.6,993.6,30.0,S,6.0,Mugello,Alfa Romeo Racing
15,RAI,16,0,12,7,0,50,44.2,30.4,0.0,2.6,39.0,993.6,9.0,S,7.0,Mugello,Alfa Romeo Racing
16,RAI,17,0,12,7,0,51,43.9,30.1,0.0,4.4,39.6,993.5,351.0,S,8.0,Mugello,Alfa Romeo Racing
17,RAI,18,0,12,7,0,52,44.1,29.8,0.0,2.5,41.1,993.5,45.0,S,9.0,Mugello,Alfa Romeo Racing
18,RAI,19,0,12,7,0,53,44.1,30.0,0.0,2.9,40.8,993.6,15.0,S,10.0,Mugello,Alfa Romeo Racing
19,RAI,20,0,12,7,0,52,43.6,30.1,0.0,3.8,41.0,993.6,16.0,S,11.0,Mugello,Alfa Romeo Racing
20,RAI,21,0,11,7,0,53,43.6,30.1,0.0,2.4,40.2,993.7,26.0,S,12.0,Mugello,Alfa Romeo Racing
21,RAI,22,0,11,7,0,53,43.8,30.2,0.0,2.9,40.2,993.7,350.0,S,13.0,Mugello,Alfa Romeo Racing
22,RAI,23,0,11,7,0,54,43.3,30.2,0.0,2.6,40.2,993.7,0.0,S,14.0,Mugello,Alfa Romeo Racing
23,RAI,24,0,11,7,0,54,44.0,30.3,0.0,1.8,40.1,993.7,9.0,S,15.0,Mugello,Alfa Romeo Racing
24,RAI,25,0,11,7,0,55,43.5,30.4,0.0,1.1,39.5,993.6,321.0,S,16.0,Mugello,Alfa Romeo Racing
25,RAI,26,0,11,7,0,55,43.6,30.5,0.0,2.1,39.8,993.6,25.0,S,17.0,Mugello,Alfa Romeo Racing
26,RAI,27,0,13,7,0,55,43.0,30.4,0.0,2.8,40.0,993.6,23.0,S,18.0,Mugello,Alfa Romeo Racing
27,RAI,28,0,13,7,0,55,43.3,30.3,0.0,1.7,40.7,993.6,1.0,S,19.0,Mugello,Alfa Romeo Racing
28,RAI,29,0,13,7,0,56,43.0,30.3,0.0,3.4,40.2,993.6,29.0,S,20.0,Mugello,Alfa Romeo Racing
29,RAI,30,0,13,7,0,56,42.8,30.0,0.0,3.8,40.3,993.4,9.0,M,8.0,Mugello,Alfa Romeo Racing
30,RAI,31,0,13,7,0,56,42.2,30.0,0.0,2.5,41.3,993.5,22.0,M,9.0,Mugello,Alfa Romeo Racing
31,RAI,32,0,13,7,0,56,42.2,30.2,0.0,2.6,41.1,993.6,10.0,M,10.0,Mugello,Alfa Romeo Racing
32,RAI,33,0,13,7,0,56,42.5,30.2,0.0,2.0,40.6,993.5,17.0,M,11.0,Mugello,Alfa Romeo Racing
33,RAI,34,0,12,7,0,57,42.5,30.3,0.0,1.8,39.7,993.7,4.0,M,12.0,Mugello,Alfa Romeo Racing
34,RAI,35,0,12,7,0,57,42.3,30.3,0.0,2.8,40.2,993.5,358.0,M,13.0,Mugello,Alfa Romeo Racing
35,RAI,36,0,12,7,0,57,41.7,30.0,0.0,2.3,40.8,993.5,4.0,M,14.0,Mugello,Alfa Romeo Racing
36,RAI,37,0,12,7,0,57,42.4,30.4,0.0,1.3,40.2,993.6,321.0,M,15.0,Mugello,Alfa Romeo Racing
37,RAI,38,0,12,7,0,57,42.4,30.5,0.0,1.6,40.1,993.6,327.0,M,16.0,Mugello,Alfa Romeo Racing
38,RAI,39,0,12,7,0,58,42.3,30.5,0.0,2.6,40.5,993.5,353.0,M,17.0,Mugello,Alfa Romeo Racing
39,RAI,40,0,12,7,0,58,41.8,30.1,0.0,1.6,40.3,993.6,347.0,M,18.0,Mugello,Alfa Romeo Racing
40,RAI,41,0,12,7,0,58,41.9,30.4,0.0,1.5,39.7,993.7,352.0,M,19.0,Mugello,Alfa Romeo Racing
41,RAI,42,0,12,7,0,58,41.6,30.3,0.0,1.6,39.7,993.7,7.0,M,20.0,Mugello,Alfa Romeo Racing
42,RAI,43,0,11,7,0,58,41.5,30.1,0.0,2.0,40.0,993.6,344.0,M,21.0,Mugello,Alfa Romeo Racing
43,RAI,44,0,12,7,0,57,41.7,30.1,0.0,2.9,40.3,993.7,2.0,S,2.0,Mugello,Alfa Romeo Racing
44,RAI,45,0,8,7,0,57,41.7,29.9,0.0,2.3,40.8,993.6,359.0,S,3.0,Mugello,Alfa Romeo Racing
45,RAI,46,0,9,7,0,56,41.5,30.0,0.0,2.5,40.7,993.7,355.0,S,4.0,Mugello,Alfa Romeo Racing
46,RAI,47,0,8,7,0,56,41.1,29.9,0.0,3.1,41.2,993.7,45.0,S,5.0,Mugello,Alfa Romeo Racing
47,RAI,48,0,8,7,0,56,41.0,29.9,0.0,2.5,41.4,993.5,20.0,S,6.0,Mugello,Alfa Romeo Racing
48,RAI,49,0,8,7,0,57,41.1,29.9,0.0,2.3,40.2,993.6,359.0,S,7.0,Mugello,Alfa Romeo Racing
49,RAI,50,0,8,7,0,57,40.7,29.9,0.0,2.0,41.4,993.6,21.0,S,8.0,Mugello,Alfa Romeo Racing
50,RAI,51,0,8,7,0,57,40.5,30.0,0.0,2.2,40.5,993.7,9.0,S,9.0,Mugello,Alfa Romeo Racing
51,RAI,52,0,8,7,0,57,40.2,30.0,0.0,2.9,40.8,993.6,17.0,S,10.0,Mugello,Alfa Romeo Racing
52,RAI,53,0,8,7,0,57,39.8,29.7,0.0,3.2,41.3,993.6,4.0,S,11.0,Mugello,Alfa Romeo Racing
53,RAI,54,0,8,7,0,58,39.8,29.6,0.0,2.6,42.6,993.6,26.0,S,12.0,Mugello,Alfa Romeo Racing
54,RAI,55,0,8,7,0,58,40.0,29.7,0.0,2.1,41.7,993.7,16.0,S,13.0,Mugello,Alfa Romeo Racing
55,RAI,56,0,8,7,0,58,39.7,30.0,0.0,1.2,40.5,993.7,306.0,S,14.0,Mugello,Alfa Romeo Racing
56,RAI,57,0,8,7,0,58,39.5,29.9,0.0,2.1,40.7,993.6,346.0,S,15.0,Mugello,Alfa Romeo Racing
57,RAI,58,0,8,7,0,58,38.9,29.9,0.0,1.8,41.3,993.6,29.0,S,16.0,Mugello,Alfa Romeo Racing
58,RAI,59,0,8,7,0,59,39.3,29.9,0.0,1.3,41.1,993.7,295.0,S,17.0,Mugello,Alfa Romeo Racing
0,VET,1,0,18,9,0,45,44.9,30.0,0.0,2.0,39.3,993.5,357.0,M,0.0,Mugello,Ferrari
1,VET,2,0,18,9,0,43,45.5,30.2,0.0,2.5,38.6,993.6,349.0,M,0.0,Mugello,Ferrari
2,VET,3,0,18,9,0,43,45.2,30.1,0.0,3.0,39.3,993.6,346.0,M,1.0,Mugello,Ferrari
3,VET,4,0,18,9,0,42,45.1,30.2,0.0,3.2,39.3,993.5,1.0,M,2.0,Mugello,Ferrari
4,VET,5,0,18,9,0,42,45.1,30.1,0.0,3.4,39.0,993.6,8.0,M,3.0,Mugello,Ferrari
5,VET,6,0,14,9,0,42,45.2,30.4,0.0,2.0,38.6,993.7,357.0,M,4.0,Mugello,Ferrari
6,VET,7,0,13,9,0,45,45.1,30.3,0.0,2.6,38.8,993.5,7.0,M,5.0,Mugello,Ferrari
7,VET,8,0,12,9,0,44,45.3,30.4,0.0,1.9,38.6,993.6,25.0,M,6.0,Mugello,Ferrari
8,VET,9,0,12,9,0,44,45.5,30.2,0.0,1.9,38.1,993.6,2.0,M,7.0,Mugello,Ferrari
9,VET,10,0,13,9,0,45,45.2,30.4,0.0,2.7,39.3,993.7,15.0,M,8.0,Mugello,Ferrari
10,VET,11,0,12,9,0,47,45.1,30.0,0.0,2.5,38.8,993.6,38.0,M,9.0,Mugello,Ferrari
11,VET,12,0,12,9,0,49,44.4,30.0,0.0,2.0,39.6,993.6,12.0,M,10.0,Mugello,Ferrari
12,VET,13,0,12,9,0,50,44.3,30.2,0.0,2.9,39.3,993.6,28.0,M,11.0,Mugello,Ferrari
13,VET,14,0,12,9,0,51,44.3,30.2,0.0,2.8,38.6,993.7,1.0,M,12.0,Mugello,Ferrari
14,VET,15,0,12,9,0,52,44.2,30.1,0.0,2.1,39.8,993.6,6.0,M,13.0,Mugello,Ferrari
15,VET,16,0,11,9,0,53,44.2,30.1,0.0,2.1,39.8,993.6,6.0,M,14.0,Mugello,Ferrari
16,VET,17,0,11,9,0,54,44.5,30.4,0.0,3.3,39.2,993.6,11.0,M,15.0,Mugello,Ferrari
17,VET,18,0,11,9,0,55,44.3,30.4,0.0,2.6,39.8,993.6,41.0,M,16.0,Mugello,Ferrari
18,VET,19,0,11,9,0,55,44.2,30.4,0.0,2.6,39.0,993.6,9.0,M,17.0,Mugello,Ferrari
19,VET,20,0,11,9,0,55,43.9,30.1,0.0,4.4,39.6,993.5,351.0,M,18.0,Mugello,Ferrari
20,VET,21,0,10,9,0,55,44.1,30.1,0.0,3.3,40.4,993.6,11.0,M,19.0,Mugello,Ferrari
21,VET,22,0,10,9,0,56,43.9,30.3,0.0,2.2,39.6,993.7,348.0,M,20.0,Mugello,Ferrari
22,VET,23,0,10,9,0,56,43.8,30.0,0.0,2.3,40.4,993.6,14.0,M,21.0,Mugello,Ferrari
23,VET,24,0,10,9,0,56,43.8,30.2,0.0,2.9,40.2,993.7,350.0,M,22.0,Mugello,Ferrari
24,VET,25,0,10,9,0,57,44.3,30.4,0.0,2.8,40.0,993.5,26.0,M,23.0,Mugello,Ferrari
25,VET,26,0,10,9,0,57,44.3,30.2,0.0,2.7,39.7,993.5,51.0,M,24.0,Mugello,Ferrari
26,VET,27,0,10,9,0,57,43.3,30.2,0.0,2.6,40.2,993.7,0.0,M,25.0,Mugello,Ferrari
27,VET,28,0,11,9,0,58,43.7,30.4,0.0,3.2,40.0,993.6,23.0,H,0.0,Mugello,Ferrari
28,VET,29,0,11,9,0,58,43.6,30.4,0.0,1.2,39.5,993.6,47.0,H,1.0,Mugello,Ferrari
29,VET,30,0,11,9,0,58,43.0,30.4,0.0,2.8,40.0,993.6,23.0,H,2.0,Mugello,Ferrari
30,VET,31,0,11,9,0,58,43.0,30.3,0.0,2.3,40.5,993.6,7.0,H,3.0,Mugello,Ferrari
31,VET,32,0,11,9,0,59,42.8,30.0,0.0,3.8,40.3,993.4,9.0,H,4.0,Mugello,Ferrari
32,VET,33,0,11,9,0,59,42.2,30.0,0.0,2.5,41.3,993.5,22.0,H,5.0,Mugello,Ferrari
33,VET,34,0,11,9,0,59,42.2,29.9,0.0,2.6,40.8,993.6,9.0,H,6.0,Mugello,Ferrari
34,VET,35,0,11,9,0,60,42.5,30.2,0.0,2.0,40.6,993.5,17.0,H,7.0,Mugello,Ferrari
35,VET,36,0,11,9,0,60,41.8,30.1,0.0,1.6,40.3,993.6,347.0,H,8.0,Mugello,Ferrari
36,VET,37,0,10,9,0,60,42.1,30.3,0.0,1.3,39.9,993.7,325.0,H,9.0,Mugello,Ferrari
37,VET,38,0,10,9,0,61,41.6,30.3,0.0,1.6,39.7,993.7,7.0,H,10.0,Mugello,Ferrari
38,VET,39,0,10,9,0,61,41.6,30.4,0.0,2.2,39.4,993.7,8.0,H,11.0,Mugello,Ferrari
39,VET,40,0,10,9,0,61,41.5,30.3,0.0,2.4,39.7,993.7,13.0,H,12.0,Mugello,Ferrari
40,VET,41,0,10,9,0,61,41.7,30.1,0.0,2.9,40.3,993.7,2.0,H,13.0,Mugello,Ferrari
41,VET,42,0,10,9,0,61,41.7,29.9,0.0,2.3,40.8,993.6,359.0,H,14.0,Mugello,Ferrari
42,VET,43,0,10,9,0,61,41.1,29.9,0.0,2.3,40.2,993.6,359.0,S,0.0,Mugello,Ferrari
43,VET,44,0,10,9,0,61,40.7,30.0,0.0,2.3,40.7,993.6,3.0,S,1.0,Mugello,Ferrari
44,VET,45,0,12,9,0,61,40.7,29.8,0.0,2.3,41.8,993.7,23.0,S,2.0,Mugello,Ferrari
45,VET,46,0,10,9,0,61,40.4,30.0,0.0,2.0,40.6,993.6,15.0,S,3.0,Mugello,Ferrari
46,VET,47,0,11,9,0,60,40.4,30.0,0.0,2.1,40.9,993.6,11.0,S,4.0,Mugello,Ferrari
47,VET,48,0,11,9,0,61,40.5,30.0,0.0,2.7,40.9,993.7,29.0,S,5.0,Mugello,Ferrari
48,VET,49,0,11,9,0,61,40.5,30.0,0.0,2.2,40.5,993.7,9.0,S,6.0,Mugello,Ferrari
49,VET,50,0,11,9,0,61,39.8,29.6,0.0,2.6,42.6,993.6,26.0,S,7.0,Mugello,Ferrari
50,VET,51,0,10,9,0,62,40.0,29.7,0.0,2.1,41.7,993.7,16.0,S,8.0,Mugello,Ferrari
51,VET,52,0,10,9,0,62,39.9,29.9,0.0,2.6,41.3,993.7,6.0,S,9.0,Mugello,Ferrari
52,VET,53,0,10,9,0,62,39.9,29.9,0.0,1.6,40.7,993.7,339.0,S,10.0,Mugello,Ferrari
53,VET,54,0,10,9,0,62,39.7,29.9,0.0,1.2,40.8,993.7,350.0,S,11.0,Mugello,Ferrari
54,VET,55,0,10,9,0,63,39.5,29.9,0.0,1.4,40.9,993.6,346.0,S,12.0,Mugello,Ferrari
55,VET,56,0,10,9,0,63,39.2,30.0,0.0,2.2,40.6,993.6,358.0,S,13.0,Mugello,Ferrari
56,VET,57,0,10,9,0,63,39.4,29.9,0.0,2.2,41.2,993.7,44.0,S,14.0,Mugello,Ferrari
57,VET,58,0,10,9,0,63,39.3,29.9,0.0,1.3,41.1,993.7,295.0,S,15.0,Mugello,Ferrari
58,VET,59,0,10,9,0,64,39.2,30.0,0.0,1.5,41.2,993.7,353.0,S,16.0,Mugello,Ferrari
0,GRO,1,0,17,10,0,36,45.5,30.2,0.0,2.5,38.6,993.6,349.0,S,0.0,Mugello,Haas F1 Team
1,GRO,2,0,16,10,0,41,45.5,30.3,0.0,3.4,39.4,993.6,355.0,M,0.0,Mugello,Haas F1 Team
2,GRO,3,0,16,10,0,37,45.6,30.3,0.0,2.4,39.3,993.5,16.0,M,1.0,Mugello,Haas F1 Team
3,GRO,4,0,16,10,0,33,45.1,30.2,0.0,3.2,39.3,993.5,1.0,M,2.0,Mugello,Haas F1 Team
4,GRO,5,0,16,10,0,33,45.1,30.1,0.0,3.4,39.0,993.6,8.0,M,3.0,Mugello,Haas F1 Team
5,GRO,6,0,15,10,0,32,45.3,30.2,0.0,2.8,38.8,993.6,26.0,M,4.0,Mugello,Haas F1 Team
6,GRO,7,0,14,10,0,37,45.3,30.3,0.0,2.3,39.1,993.6,351.0,M,5.0,Mugello,Haas F1 Team
7,GRO,8,0,13,10,0,37,45.2,30.4,0.0,2.3,38.1,993.6,348.0,M,6.0,Mugello,Haas F1 Team
8,GRO,9,0,13,10,0,37,45.5,30.4,0.0,2.4,38.2,993.5,333.0,S,3.0,Mugello,Haas F1 Team
9,GRO,10,0,12,10,0,36,45.5,30.2,0.0,1.9,38.1,993.6,2.0,S,4.0,Mugello,Haas F1 Team
10,GRO,11,0,13,10,0,38,45.1,30.0,0.0,2.5,38.8,993.6,38.0,S,5.0,Mugello,Haas F1 Team
11,GRO,12,0,13,10,0,40,44.2,30.1,0.0,2.1,39.8,993.6,6.0,S,6.0,Mugello,Haas F1 Team
12,GRO,13,0,13,10,0,42,44.2,30.1,0.0,2.1,39.8,993.6,6.0,S,7.0,Mugello,Haas F1 Team
13,GRO,14,0,13,10,0,43,44.3,30.2,0.0,3.1,39.6,993.6,30.0,S,8.0,Mugello,Haas F1 Team
14,GRO,15,0,13,10,0,44,44.3,30.3,0.0,2.6,39.9,993.6,19.0,S,9.0,Mugello,Haas F1 Team
15,GRO,16,0,13,10,0,45,43.9,30.1,0.0,4.4,39.6,993.5,351.0,S,10.0,Mugello,Haas F1 Team
16,GRO,17,0,13,10,0,46,44.1,30.0,0.0,2.9,40.8,993.6,15.0,S,11.0,Mugello,Haas F1 Team
17,GRO,18,0,13,10,0,46,43.6,30.1,0.0,3.8,41.0,993.6,16.0,S,12.0,Mugello,Haas F1 Team
18,GRO,19,0,13,10,0,47,43.9,30.3,0.0,2.2,39.6,993.7,348.0,S,13.0,Mugello,Haas F1 Team
19,GRO,20,0,13,10,0,46,44.3,30.2,0.0,2.7,39.7,993.5,51.0,S,14.0,Mugello,Haas F1 Team
20,GRO,21,0,13,10,0,47,43.3,30.2,0.0,2.6,40.2,993.7,0.0,S,15.0,Mugello,Haas F1 Team
21,GRO,22,0,12,10,0,47,44.0,30.4,0.0,2.5,40.1,993.6,10.0,S,16.0,Mugello,Haas F1 Team
22,GRO,23,0,12,10,0,48,43.7,30.4,0.0,3.2,40.0,993.6,23.0,S,17.0,Mugello,Haas F1 Team
23,GRO,24,0,12,10,0,48,43.6,30.5,0.0,2.1,39.8,993.6,25.0,S,18.0,Mugello,Haas F1 Team
24,GRO,25,0,12,10,0,49,43.0,30.4,0.0,2.8,40.0,993.6,23.0,S,19.0,Mugello,Haas F1 Team
25,GRO,26,0,13,10,0,49,43.3,30.4,0.0,2.6,39.8,993.6,19.0,S,20.0,Mugello,Haas F1 Team
26,GRO,27,0,12,10,0,50,42.2,30.0,0.0,2.5,41.3,993.5,22.0,S,21.0,Mugello,Haas F1 Team
27,GRO,28,0,12,10,0,50,42.2,29.9,0.0,2.6,40.8,993.6,9.0,S,22.0,Mugello,Haas F1 Team
28,GRO,29,0,12,10,0,50,42.2,30.2,0.0,2.6,41.1,993.6,10.0,H,0.0,Mugello,Haas F1 Team
29,GRO,30,0,12,10,0,51,42.5,30.3,0.0,1.8,39.7,993.7,4.0,H,1.0,Mugello,Haas F1 Team
30,GRO,31,0,12,10,0,51,42.5,30.2,0.0,2.3,40.4,993.6,22.0,H,2.0,Mugello,Haas F1 Team
31,GRO,32,0,12,10,0,52,42.3,30.3,0.0,2.8,40.2,993.5,358.0,H,3.0,Mugello,Haas F1 Team
32,GRO,33,0,12,10,0,52,42.4,30.4,0.0,1.3,40.2,993.6,321.0,H,4.0,Mugello,Haas F1 Team
33,GRO,34,0,13,10,0,52,42.3,30.5,0.0,2.6,40.5,993.5,353.0,H,5.0,Mugello,Haas F1 Team
34,GRO,35,0,13,10,0,53,42.0,30.2,0.0,1.7,40.2,993.5,357.0,H,6.0,Mugello,Haas F1 Team
35,GRO,36,0,13,10,0,53,41.9,30.1,0.0,2.3,40.6,993.6,343.0,H,7.0,Mugello,Haas F1 Team
36,GRO,37,0,13,10,0,53,41.9,30.1,0.0,2.5,41.1,993.6,343.0,H,8.0,Mugello,Haas F1 Team
37,GRO,38,0,13,10,0,53,42.1,30.3,0.0,1.3,39.9,993.7,325.0,H,9.0,Mugello,Haas F1 Team
38,GRO,39,0,13,10,0,54,41.9,30.4,0.0,1.5,39.7,993.7,352.0,H,10.0,Mugello,Haas F1 Team
39,GRO,40,0,13,10,0,54,41.6,30.3,0.0,1.6,39.7,993.7,7.0,H,11.0,Mugello,Haas F1 Team
40,GRO,41,0,13,10,0,54,41.6,30.4,0.0,2.2,39.4,993.7,8.0,H,12.0,Mugello,Haas F1 Team
41,GRO,42,0,13,10,0,54,41.5,30.3,0.0,2.4,39.7,993.7,13.0,H,13.0,Mugello,Haas F1 Team
42,GRO,43,0,12,10,0,54,41.7,29.9,0.0,2.3,40.8,993.6,359.0,H,14.0,Mugello,Haas F1 Team
43,GRO,44,0,11,10,0,54,41.5,30.0,0.0,2.5,40.7,993.7,355.0,S,3.0,Mugello,Haas F1 Team
44,GRO,45,0,9,10,0,53,41.0,29.9,0.0,2.5,41.4,993.5,20.0,S,4.0,Mugello,Haas F1 Team
45,GRO,46,0,12,10,0,53,41.1,29.9,0.0,2.6,40.6,993.7,20.0,S,3.0,Mugello,Haas F1 Team
46,GRO,47,0,9,10,0,52,40.6,29.9,0.0,1.8,41.3,993.7,6.0,S,4.0,Mugello,Haas F1 Team
47,GRO,48,0,9,10,0,52,40.7,30.0,0.0,2.3,40.7,993.6,3.0,S,5.0,Mugello,Haas F1 Team
48,GRO,49,0,10,10,0,53,40.7,30.0,0.0,2.5,41.5,993.7,357.0,S,6.0,Mugello,Haas F1 Team
49,GRO,50,0,10,10,0,53,40.7,29.8,0.0,2.3,41.8,993.7,23.0,S,7.0,Mugello,Haas F1 Team
50,GRO,51,0,12,10,0,53,40.7,29.9,0.0,2.0,41.4,993.6,21.0,S,8.0,Mugello,Haas F1 Team
51,GRO,52,0,12,10,0,53,40.5,29.9,0.0,2.3,41.1,993.6,17.0,S,9.0,Mugello,Haas F1 Team
52,GRO,53,0,12,10,0,54,40.4,30.0,0.0,2.1,40.9,993.6,11.0,S,10.0,Mugello,Haas F1 Team
53,GRO,54,0,12,10,0,54,40.5,30.0,0.0,2.2,40.5,993.7,9.0,S,11.0,Mugello,Haas F1 Team
54,GRO,55,0,12,10,0,54,40.2,30.0,0.0,2.9,40.8,993.6,17.0,S,12.0,Mugello,Haas F1 Team
55,GRO,56,0,12,10,0,54,40.0,29.8,0.0,2.4,41.2,993.7,9.0,S,13.0,Mugello,Haas F1 Team
56,GRO,57,0,12,10,0,54,39.7,29.9,0.0,1.8,41.5,993.7,340.0,S,14.0,Mugello,Haas F1 Team
57,GRO,58,0,12,10,0,54,39.5,30.0,0.0,1.5,40.5,993.7,8.0,S,15.0,Mugello,Haas F1 Team
58,GRO,59,0,12,10,0,55,38.8,30.1,0.0,1.1,40.8,993.6,12.0,S,16.0,Mugello,Haas F1 Team
0,GIO,1,0,14,12,0,31,45.1,30.3,0.0,2.6,38.8,993.5,7.0,M,0.0,Mugello,Alfa Romeo Racing
1,GIO,2,0,14,12,0,39,42.5,30.1,0.0,2.3,40.2,993.6,19.0,M,1.0,Mugello,Alfa Romeo Racing
2,GIO,3,0,14,12,0,38,42.2,30.0,0.0,2.5,41.3,993.5,22.0,M,2.0,Mugello,Alfa Romeo Racing
3,GIO,4,0,14,12,0,38,41.1,29.9,0.0,2.3,40.2,993.6,359.0,M,3.0,Mugello,Alfa Romeo Racing
4,GIO,5,0,14,12,0,38,39.5,29.9,0.0,2.1,40.7,993.6,346.0,M,4.0,Mugello,Alfa Romeo Racing
0,RUS,1,0,11,20,0,45,45.5,30.2,0.0,2.5,38.6,993.6,349.0,,0.0,Mugello,Williams
1,RUS,2,0,11,20,0,54,45.5,30.3,0.0,3.4,39.4,993.6,355.0,,0.0,Mugello,Williams
2,RUS,3,0,11,20,0,50,45.3,30.2,0.0,2.8,38.8,993.6,26.0,,0.0,Mugello,Williams
3,RUS,4,0,11,20,0,48,45.5,30.4,0.0,2.4,38.2,993.5,333.0,,0.0,Mugello,Williams
4,RUS,5,0,11,20,0,47,45.5,30.2,0.0,1.9,38.1,993.6,2.0,,0.0,Mugello,Williams
5,RUS,6,0,11,20,0,45,45.4,30.4,0.0,1.9,39.5,993.5,1.0,,0.0,Mugello,Williams
6,RUS,7,0,11,20,0,49,45.2,30.4,0.0,2.7,39.3,993.7,15.0,,0.0,Mugello,Williams
7,RUS,8,0,10,20,0,50,45.1,30.3,0.0,3.0,37.9,993.6,10.0,,0.0,Mugello,Williams
8,RUS,9,0,10,20,0,50,44.2,30.1,0.0,2.1,39.8,993.6,6.0,,0.0,Mugello,Williams
9,RUS,10,0,11,20,0,51,44.5,30.4,0.0,3.3,39.2,993.6,11.0,,0.0,Mugello,Williams
10,RUS,11,0,10,20,0,58,44.4,30.4,0.0,2.8,39.3,993.5,24.0,,0.0,Mugello,Williams
11,RUS,12,0,10,20,0,61,44.3,30.4,0.0,2.8,39.5,993.6,356.0,,0.0,Mugello,Williams
12,RUS,13,0,10,20,0,60,44.3,30.3,0.0,2.6,39.9,993.6,19.0,,0.0,Mugello,Williams
13,RUS,14,0,10,20,0,60,43.9,30.1,0.0,4.4,39.6,993.5,351.0,,0.0,Mugello,Williams
14,RUS,15,0,10,20,0,61,44.1,29.8,0.0,2.5,41.1,993.5,45.0,,0.0,Mugello,Williams
15,RUS,16,0,10,20,0,63,43.5,30.1,0.0,1.6,40.8,993.6,16.0,,0.0,Mugello,Williams
16,RUS,17,0,10,20,0,59,44.3,30.4,0.0,2.8,40.0,993.5,26.0,,0.0,Mugello,Williams
17,RUS,18,0,10,20,0,60,44.3,30.2,0.0,2.7,39.7,993.5,51.0,,0.0,Mugello,Williams
18,RUS,19,0,10,20,0,51,43.3,30.2,0.0,2.6,40.2,993.7,0.0,,0.0,Mugello,Williams
19,RUS,20,0,10,20,0,50,43.7,30.4,0.0,3.2,40.0,993.6,23.0,,0.0,Mugello,Williams
20,RUS,21,0,9,20,0,50,43.5,30.4,0.0,1.1,39.5,993.6,321.0,,0.0,Mugello,Williams
21,RUS,22,0,9,20,0,51,43.6,30.5,0.0,2.1,39.8,993.6,25.0,,0.0,Mugello,Williams
22,RUS,23,0,9,20,0,51,43.3,30.3,0.0,1.7,40.7,993.6,1.0,,0.0,Mugello,Williams
23,RUS,24,0,9,20,0,51,43.3,30.4,0.0,2.6,39.8,993.6,19.0,,0.0,Mugello,Williams
24,RUS,25,0,9,20,0,52,42.3,29.9,0.0,3.1,40.8,993.6,16.0,,0.0,Mugello,Williams
25,RUS,26,0,9,20,0,52,42.2,30.2,0.0,2.6,41.1,993.6,10.0,,0.0,Mugello,Williams
26,RUS,27,0,9,20,0,52,42.5,30.2,0.0,2.0,40.6,993.5,17.0,,0.0,Mugello,Williams
27,RUS,28,0,8,20,0,53,42.5,30.3,0.0,1.8,39.7,993.7,4.0,,0.0,Mugello,Williams
28,RUS,29,0,10,20,0,53,42.5,30.2,0.0,2.3,40.4,993.6,22.0,,0.0,Mugello,Williams
29,RUS,30,0,10,20,0,54,41.7,30.0,0.0,2.3,40.8,993.5,4.0,,0.0,Mugello,Williams
30,RUS,31,0,10,20,0,54,42.3,30.2,0.0,0.8,40.8,993.5,253.0,,0.0,Mugello,Williams
31,RUS,32,0,10,20,0,55,42.4,30.4,0.0,1.3,40.2,993.6,321.0,,0.0,Mugello,Williams
32,RUS,33,0,10,20,0,55,42.3,30.5,0.0,2.6,40.5,993.5,353.0,,0.0,Mugello,Williams
33,RUS,34,0,10,20,0,56,42.0,30.2,0.0,1.7,40.2,993.5,357.0,,0.0,Mugello,Williams
34,RUS,35,0,10,20,0,56,41.9,30.1,0.0,2.3,40.6,993.6,343.0,,0.0,Mugello,Williams
35,RUS,36,0,10,20,0,56,41.9,30.1,0.0,2.5,41.1,993.6,343.0,,0.0,Mugello,Williams
36,RUS,37,0,9,20,0,57,41.9,30.4,0.0,1.5,39.7,993.7,352.0,,0.0,Mugello,Williams
37,RUS,38,0,9,20,0,57,41.6,30.3,0.0,1.6,39.7,993.7,7.0,,0.0,Mugello,Williams
38,RUS,39,0,9,20,0,57,41.7,30.1,0.0,2.9,40.3,993.7,2.0,,0.0,Mugello,Williams
39,RUS,40,0,9,20,0,58,41.5,30.0,0.0,2.5,40.7,993.7,355.0,,0.0,Mugello,Williams
40,RUS,41,0,9,20,0,58,41.1,29.9,0.0,2.6,40.6,993.7,20.0,,0.0,Mugello,Williams
41,RUS,42,0,9,20,0,58,40.6,29.9,0.0,2.2,41.2,993.7,11.0,,0.0,Mugello,Williams
42,RUS,43,0,9,20,0,59,40.7,29.8,0.0,2.3,41.8,993.7,23.0,,0.0,Mugello,Williams
43,RUS,44,0,9,20,0,59,40.5,30.0,0.0,2.7,40.9,993.7,29.0,,0.0,Mugello,Williams
44,RUS,45,0,11,20,0,59,40.5,30.0,0.0,2.2,40.5,993.7,9.0,,0.0,Mugello,Williams
45,RUS,46,0,11,20,0,60,39.8,29.7,0.0,3.2,41.3,993.6,4.0,,0.0,Mugello,Williams
46,RUS,47,0,12,20,0,60,40.0,29.7,0.0,2.1,41.7,993.7,16.0,,0.0,Mugello,Williams
47,RUS,48,0,12,20,0,60,39.9,29.9,0.0,2.9,41.7,993.6,19.0,,0.0,Mugello,Williams
48,RUS,49,0,12,20,0,61,39.9,29.9,0.0,2.6,41.3,993.7,6.0,,0.0,Mugello,Williams
49,RUS,50,0,12,20,0,61,39.9,29.9,0.0,1.6,40.7,993.7,339.0,,0.0,Mugello,Williams
50,RUS,51,0,11,20,0,61,39.7,29.9,0.0,1.8,41.5,993.7,340.0,,0.0,Mugello,Williams
51,RUS,52,0,11,20,0,61,39.7,30.0,0.0,1.2,40.5,993.7,306.0,,0.0,Mugello,Williams
52,RUS,53,0,11,20,0,62,39.7,30.2,0.0,0.8,40.5,993.7,347.0,,0.0,Mugello,Williams
53,RUS,54,0,11,20,0,62,39.8,30.2,0.0,1.9,40.0,993.6,4.0,,0.0,Mugello,Williams
54,RUS,55,0,11,20,0,63,39.5,30.0,0.0,1.5,40.5,993.7,8.0,,0.0,Mugello,Williams
55,RUS,56,0,11,20,0,63,38.9,29.9,0.0,1.8,41.3,993.6,29.0,,0.0,Mugello,Williams
56,RUS,57,0,11,20,0,63,39.3,29.9,0.0,1.3,41.1,993.7,295.0,,0.0,Mugello,Williams
57,RUS,58,0,11,20,0,63,39.2,30.0,0.0,0.9,40.9,993.7,352.0,,0.0,Mugello,Williams
58,RUS,59,0,11,20,1,63,38.8,30.1,0.0,1.1,40.8,993.6,12.0,,0.0,Mugello,Williams
0,LAT,1,0,13,17,0,49,45.1,30.2,0.0,3.2,39.3,993.5,1.0,S,0.0,Mugello,Williams
1,LAT,2,0,13,17,0,57,44.2,30.1,0.0,2.1,39.8,993.6,6.0,S,1.0,Mugello,Williams
2,LAT,3,0,13,17,0,56,43.5,30.4,0.0,1.1,39.5,993.6,321.0,S,2.0,Mugello,Williams
3,LAT,4,0,13,17,0,58,43.3,30.4,0.0,2.6,39.8,993.6,19.0,S,3.0,Mugello,Williams
4,LAT,5,0,13,17,0,57,41.7,30.0,0.0,2.3,40.8,993.5,4.0,S,4.0,Mugello,Williams
5,LAT,6,0,12,17,1,55,41.9,30.1,0.0,2.3,40.6,993.6,343.0,,0.0,Mugello,Williams
0,MAG,1,0,12,11,0,31,45.5,30.7,0.0,2.1,39.5,993.6,2.0,M,0.0,Mugello,Haas F1 Team
1,MAG,2,0,12,11,0,40,43.6,30.1,0.0,3.8,41.0,993.6,16.0,M,1.0,Mugello,Haas F1 Team
2,MAG,3,0,12,11,0,33,43.6,30.5,0.0,2.1,39.8,993.6,25.0,M,2.0,Mugello,Haas F1 Team
3,MAG,4,0,12,11,0,31,40.6,29.9,0.0,1.8,41.3,993.7,6.0,M,3.0,Mugello,Haas F1 Team
4,MAG,5,0,12,11,0,31,40.7,30.0,0.0,2.5,41.5,993.7,357.0,M,4.0,Mugello,Haas F1 Team
