,driver,lap,trackStatus,position,grid,out,performance,trackTemp,airTemp,raining,windSpeed,humidity,pressure,windDir,tyre,tyreLap,track,team
0,STR,1,0,1,9,0,57,15.8,12.7,0.0,1.2,83.0,1008.7,242.0,W,2.0,Istanbul,Racing Point
1,STR,2,0,1,9,0,58,15.8,12.9,0.0,1.2,83.1,1008.7,237.0,W,3.0,Istanbul,Racing Point
2,STR,3,0,1,9,0,56,15.7,13.0,0.0,1.2,82.7,1008.6,207.0,W,4.0,Istanbul,Racing Point
3,STR,4,0,1,9,0,55,15.7,13.1,0.0,1.2,82.4,1008.6,217.0,W,5.0,Istanbul,Racing Point
4,STR,5,0,1,9,0,54,15.6,13.0,0.0,1.1,81.8,1008.6,0.0,W,6.0,Istanbul,Racing Point
5,STR,6,0,1,9,0,53,15.6,13.0,0.0,1.1,81.6,1008.6,233.0,W,7.0,Istanbul,Racing Point
6,STR,7,0,1,9,0,52,15.6,13.0,0.0,1.7,81.3,1008.6,245.0,W,8.0,Istanbul,Racing Point
7,STR,8,0,1,9,0,50,15.6,13.0,0.0,0.8,81.3,1008.6,213.0,W,9.0,Istanbul,Racing Point
8,STR,9,0,1,9,0,49,15.9,13.2,0.0,1.1,81.2,1008.6,258.0,W,10.0,Istanbul,Racing Point
9,STR,10,0,4,9,0,48,15.7,13.1,0.0,1.6,81.2,1008.5,254.0,I,0.0,Istanbul,Racing Point
10,STR,11,0,3,9,0,48,15.7,13.1,0.0,1.6,81.1,1008.6,238.0,I,1.0,Istanbul,Racing Point
11,STR,12,0,2,9,0,48,16.1,13.2,0.0,1.2,81.9,1008.6,0.0,I,2.0,Istanbul,Racing Point
12,STR,13,0,1,9,0,48,16.1,13.2,0.0,1.1,81.6,1008.5,243.0,I,3.0,Istanbul,Racing Point
13,STR,14,0,1,9,0,47,15.9,13.2,0.0,1.2,80.0,1008.4,201.0,I,4.0,Istanbul,Racing Point
14,STR,15,0,1,9,0,46,15.9,13.2,0.0,0.9,80.1,1008.5,212.0,I,5.0,Istanbul,Racing Point
15,STR,16,0,1,9,0,47,16.1,13.3,0.0,1.4,79.7,1008.5,243.0,I,6.0,Istanbul,Racing Point
16,STR,17,0,1,9,0,47,16.1,13.3,0.0,0.9,79.0,1008.4,237.0,I,7.0,Istanbul,Racing Point
17,STR,18,0,1,9,0,47,16.2,13.4,0.0,1.2,79.0,1008.5,250.0,I,8.0,Istanbul,Racing Point
18,STR,19,0,1,9,0,47,16.6,13.5,0.0,1.1,78.4,1008.4,196.0,I,9.0,Istanbul,Racing Point
19,STR,20,0,1,9,0,47,16.8,13.4,0.0,1.1,77.5,1008.4,189.0,I,10.0,Istanbul,Racing Point
20,STR,21,0,1,9,0,47,16.9,13.5,0.0,0.8,77.3,1008.4,0.0,I,11.0,Istanbul,Racing Point
21,STR,22,0,1,9,0,47,16.5,13.6,0.0,0.4,77.6,1008.4,274.0,I,12.0,Istanbul,Racing Point
22,STR,23,0,1,9,0,47,16.3,13.7,0.0,0.6,78.0,1008.5,205.0,I,13.0,Istanbul,Racing Point
23,STR,24,0,1,9,0,47,16.1,13.6,0.0,0.7,78.5,1008.5,196.0,I,14.0,Istanbul,Racing Point
24,STR,25,0,1,9,0,47,16.1,13.5,0.0,1.3,78.4,1008.4,249.0,I,15.0,Istanbul,Racing Point
25,STR,26,0,1,9,0,48,15.6,13.6,0.0,1.0,76.1,1008.4,229.0,I,16.0,Istanbul,Racing Point
26,STR,27,0,1,9,0,48,15.5,13.6,0.0,0.7,75.6,1008.4,224.0,I,17.0,Istanbul,Racing Point
27,STR,28,0,1,9,0,48,15.5,13.6,0.0,0.8,76.0,1008.3,219.0,I,18.0,Istanbul,Racing Point
28,STR,29,0,1,9,0,48,15.6,13.6,0.0,0.8,75.8,1008.3,243.0,I,19.0,Istanbul,Racing Point
29,STR,30,0,1,9,0,49,15.6,13.6,0.0,1.0,75.9,1008.3,223.0,I,20.0,Istanbul,Racing Point
30,STR,31,0,1,9,0,50,15.6,13.6,0.0,1.0,75.9,1008.3,173.0,I,21.0,Istanbul,Racing Point
31,STR,32,0,1,9,0,50,15.3,13.6,0.0,0.8,75.4,1008.3,201.0,I,22.0,Istanbul,Racing Point
32,STR,33,0,1,9,0,50,15.3,13.6,0.0,1.0,75.5,1008.3,256.0,I,23.0,Istanbul,Racing Point
33,STR,34,0,1,9,0,51,15.3,13.7,0.0,1.6,75.7,1008.3,221.0,I,24.0,Istanbul,Racing Point
34,STR,35,0,1,9,0,51,15.3,13.7,0.0,1.9,75.3,1008.3,245.0,I,25.0,Istanbul,Racing Point
35,STR,36,0,2,9,0,51,14.8,13.8,0.0,2.1,76.2,1008.3,231.0,I,26.0,Istanbul,Racing Point
36,STR,37,0,4,9,0,51,14.8,13.7,0.0,2.0,76.5,1008.3,249.0,I,0.0,Istanbul,Racing Point
37,STR,38,0,4,9,0,51,14.6,13.6,0.0,2.0,76.8,1008.4,183.0,I,1.0,Istanbul,Racing Point
38,STR,39,0,6,9,0,52,14.5,13.6,0.0,2.5,76.9,1008.4,191.0,I,2.0,Istanbul,Racing Point
39,STR,40,0,7,9,0,52,14.5,13.5,0.0,1.8,77.8,1008.3,251.0,I,3.0,Istanbul,Racing Point
40,STR,41,0,8,9,0,52,14.4,13.5,0.0,0.6,78.1,1008.3,0.0,I,4.0,Istanbul,Racing Point
41,STR,42,0,8,9,0,52,14.3,13.4,0.0,1.5,78.2,1008.2,207.0,I,5.0,Istanbul,Racing Point
42,STR,43,0,8,9,0,52,14.3,13.4,0.0,1.5,78.2,1008.2,207.0,I,6.0,Istanbul,Racing Point
43,STR,44,0,8,9,0,52,14.1,13.3,0.0,0.5,78.2,1008.3,216.0,I,7.0,Istanbul,Racing Point
44,STR,45,0,8,9,0,52,14.1,13.3,0.0,0.5,78.2,1008.3,216.0,I,8.0,Istanbul,Racing Point
45,STR,46,0,8,9,0,52,14.1,13.3,0.0,0.7,78.2,1008.3,230.0,I,9.0,Istanbul,Racing Point
46,STR,47,0,8,9,0,52,14.0,13.2,0.0,2.1,78.1,1008.4,232.0,I,10.0,Istanbul,Racing Point
47,STR,48,0,8,9,0,53,13.9,13.2,0.0,1.8,79.0,1008.3,199.0,I,11.0,Istanbul,Racing Point
48,STR,49,0,8,9,0,53,13.8,13.2,0.0,1.7,79.2,1008.3,251.0,I,12.0,Istanbul,Racing Point
49,STR,50,0,8,9,0,53,13.9,13.2,0.0,1.6,79.1,1008.3,215.0,I,13.0,Istanbul,Racing Point
50,STR,51,0,8,9,0,53,13.9,13.2,0.0,1.6,79.1,1008.3,215.0,I,14.0,Istanbul,Racing Point
51,STR,52,0,8,9,0,53,13.9,13.1,0.0,1.0,79.4,1008.3,158.0,I,15.0,Istanbul,Racing Point
52,STR,53,0,8,9,0,54,13.9,13.1,0.0,0.6,79.4,1008.4,144.0,I,16.0,Istanbul,Racing Point
53,STR,54,0,8,9,0,54,13.9,13.1,0.0,0.3,79.7,1008.3,246.0,I,17.0,Istanbul,Racing Point
54,STR,55,0,8,9,0,54,13.9,13.1,0.0,0.9,79.6,1008.2,239.0,I,18.0,Istanbul,Racing Point
55,STR,56,0,9,9,0,54,13.9,13.0,0.0,1.4,79.4,1008.3,229.0,I,19.0,Istanbul,Racing Point
56,STR,57,0,9,9,0,54,13.8,13.0,0.0,1.2,79.2,1008.3,237.0,I,20.0,Istanbul,Racing Point
57,STR,58,0,9,9,0,54,13.9,13.0,0.0,1.2,79.3,1008.3,217.0,I,21.0,Istanbul,Racing Point
0,VER,1,0,4,6,0,53,15.8,12.9,0.0,1.2,83.1,1008.7,237.0,W,14.0,Istanbul,Red Bull Racing
1,VER,2,0,4,6,0,59,15.7,13.0,0.0,1.5,81.9,1008.7,283.0,W,15.0,Istanbul,Red Bull Racing
2,VER,3,0,4,6,0,59,15.6,13.0,0.0,1.1,81.6,1008.6,233.0,W,16.0,Istanbul,Red Bull Racing
3,VER,4,0,4,6,0,58,15.6,13.0,0.0,1.7,81.3,1008.6,245.0,W,17.0,Istanbul,Red Bull Racing
4,VER,5,0,4,6,0,57,15.8,13.1,0.0,1.4,81.6,1008.6,258.0,W,18.0,Istanbul,Red Bull Racing
5,VER,6,0,4,6,0,58,15.9,13.2,0.0,1.1,81.2,1008.6,258.0,W,19.0,Istanbul,Red Bull Racing
6,VER,7,0,4,6,0,57,15.7,13.1,0.0,1.6,81.1,1008.6,238.0,W,20.0,Istanbul,Red Bull Racing
7,VER,8,0,4,6,0,57,15.9,13.2,0.0,1.6,81.9,1008.5,246.0,W,21.0,Istanbul,Red Bull Racing
8,VER,9,0,3,6,0,57,16.1,13.2,0.0,1.1,81.6,1008.5,243.0,W,22.0,Istanbul,Red Bull Racing
9,VER,10,0,2,6,0,58,16.0,13.2,0.0,1.2,81.6,1008.6,188.0,W,23.0,Istanbul,Red Bull Racing
10,VER,11,0,1,6,0,59,15.9,13.1,0.0,0.9,80.7,1008.5,209.0,W,24.0,Istanbul,Red Bull Racing
11,VER,12,0,4,6,0,59,15.9,13.2,0.0,0.6,80.5,1008.5,216.0,I,0.0,Istanbul,Red Bull Racing
12,VER,13,0,3,6,0,59,15.9,13.2,0.0,1.2,80.0,1008.4,201.0,I,1.0,Istanbul,Red Bull Racing
13,VER,14,0,3,6,0,59,15.9,13.2,0.0,0.9,80.1,1008.5,212.0,I,2.0,Istanbul,Red Bull Racing
14,VER,15,0,3,6,0,59,16.0,13.2,0.0,1.1,79.8,1008.5,248.0,I,3.0,Istanbul,Red Bull Racing
15,VER,16,0,3,6,0,60,16.1,13.3,0.0,0.9,79.0,1008.4,237.0,I,4.0,Istanbul,Red Bull Racing
16,VER,17,0,3,6,0,60,16.2,13.4,0.0,1.2,79.0,1008.5,250.0,I,5.0,Istanbul,Red Bull Racing
17,VER,18,0,6,6,0,60,16.4,13.4,0.0,0.8,78.8,1008.5,263.0,I,6.0,Istanbul,Red Bull Racing
18,VER,19,0,8,6,0,59,16.5,13.6,0.0,0.4,77.6,1008.4,274.0,I,8.0,Istanbul,Red Bull Racing
19,VER,20,0,8,6,0,60,16.4,13.7,0.0,0.8,77.7,1008.4,213.0,I,9.0,Istanbul,Red Bull Racing
20,VER,21,0,8,6,0,61,16.3,13.7,0.0,0.6,78.0,1008.5,205.0,I,10.0,Istanbul,Red Bull Racing
21,VER,22,0,8,6,0,61,16.1,13.6,0.0,0.9,77.7,1008.4,240.0,I,11.0,Istanbul,Red Bull Racing
22,VER,23,0,8,6,0,62,16.1,13.6,0.0,0.7,78.5,1008.5,196.0,I,12.0,Istanbul,Red Bull Racing
23,VER,24,0,8,6,0,62,15.9,13.5,0.0,1.0,78.5,1008.4,235.0,I,13.0,Istanbul,Red Bull Racing
24,VER,25,0,8,6,0,62,15.9,13.5,0.0,1.3,77.8,1008.4,253.0,I,14.0,Istanbul,Red Bull Racing
25,VER,26,0,8,6,0,62,15.8,13.5,0.0,1.0,77.3,1008.4,194.0,I,15.0,Istanbul,Red Bull Racing
26,VER,27,0,8,6,0,63,15.7,13.5,0.0,0.8,75.9,1008.4,210.0,I,16.0,Istanbul,Red Bull Racing
27,VER,28,0,8,6,0,63,15.6,13.6,0.0,0.7,76.4,1008.4,254.0,I,17.0,Istanbul,Red Bull Racing
28,VER,29,0,8,6,0,63,15.6,13.6,0.0,1.0,76.1,1008.4,229.0,I,18.0,Istanbul,Red Bull Racing
29,VER,30,0,8,6,0,64,15.5,13.6,0.0,0.8,76.0,1008.3,219.0,I,19.0,Istanbul,Red Bull Racing
30,VER,31,0,8,6,0,64,15.6,13.6,0.0,0.8,75.8,1008.3,243.0,I,20.0,Istanbul,Red Bull Racing
31,VER,32,0,7,6,0,64,15.6,13.6,0.0,1.0,75.9,1008.3,173.0,I,21.0,Istanbul,Red Bull Racing
32,VER,33,0,7,6,0,64,15.3,13.6,0.0,0.8,75.4,1008.3,201.0,I,22.0,Istanbul,Red Bull Racing
33,VER,34,0,5,6,0,65,15.3,13.6,0.0,1.0,75.5,1008.3,256.0,I,23.0,Istanbul,Red Bull Racing
34,VER,35,0,4,6,0,66,14.8,13.7,0.0,2.0,76.5,1008.3,249.0,I,24.0,Istanbul,Red Bull Racing
35,VER,36,0,4,6,0,66,14.5,13.6,0.0,2.5,76.9,1008.4,191.0,I,25.0,Istanbul,Red Bull Racing
36,VER,37,0,3,6,0,66,14.5,13.5,0.0,1.2,77.7,1008.3,210.0,I,26.0,Istanbul,Red Bull Racing
37,VER,38,0,3,6,0,66,14.4,13.5,0.0,0.6,78.1,1008.3,0.0,I,27.0,Istanbul,Red Bull Racing
38,VER,39,0,3,6,0,67,14.3,13.4,0.0,1.5,78.2,1008.2,207.0,I,28.0,Istanbul,Red Bull Racing
39,VER,40,0,3,6,0,67,14.3,13.4,0.0,1.5,78.2,1008.2,207.0,I,29.0,Istanbul,Red Bull Racing
40,VER,41,0,3,6,0,68,14.1,13.3,0.0,0.5,78.2,1008.3,216.0,I,30.0,Istanbul,Red Bull Racing
41,VER,42,0,3,6,0,68,14.0,13.2,0.0,2.0,78.3,1008.3,222.0,I,31.0,Istanbul,Red Bull Racing
42,VER,43,0,4,6,0,68,14.0,13.2,0.0,2.1,78.1,1008.4,232.0,I,32.0,Istanbul,Red Bull Racing
43,VER,44,0,7,6,0,68,13.9,13.2,0.0,2.7,77.9,1008.3,233.0,I,0.0,Istanbul,Red Bull Racing
44,VER,45,0,7,6,0,68,13.9,13.2,0.0,1.7,77.7,1008.3,252.0,I,1.0,Istanbul,Red Bull Racing
45,VER,46,0,7,6,0,68,13.9,13.2,0.0,1.9,77.9,1008.3,200.0,I,2.0,Istanbul,Red Bull Racing
46,VER,47,0,7,6,0,68,13.9,13.2,0.0,2.0,78.2,1008.3,254.0,I,3.0,Istanbul,Red Bull Racing
47,VER,48,0,7,6,0,68,13.9,13.2,0.0,1.3,78.5,1008.3,202.0,I,4.0,Istanbul,Red Bull Racing
48,VER,49,0,7,6,0,68,13.8,13.2,0.0,1.7,79.2,1008.3,251.0,I,5.0,Istanbul,Red Bull Racing
49,VER,50,0,7,6,0,68,13.9,13.2,0.0,1.6,79.1,1008.3,215.0,I,6.0,Istanbul,Red Bull Racing
50,VER,51,0,7,6,0,68,13.9,13.1,0.0,1.0,79.4,1008.3,158.0,I,7.0,Istanbul,Red Bull Racing
51,VER,52,0,6,6,0,68,13.9,13.1,0.0,0.5,79.8,1008.3,208.0,I,8.0,Istanbul,Red Bull Racing
52,VER,53,0,6,6,0,68,13.9,13.1,0.0,0.9,79.6,1008.2,239.0,I,9.0,Istanbul,Red Bull Racing
53,VER,54,0,6,6,0,68,13.9,13.0,0.0,1.4,79.4,1008.3,229.0,I,10.0,Istanbul,Red Bull Racing
54,VER,55,0,6,6,0,68,13.8,13.0,0.0,1.2,79.2,1008.3,237.0,I,11.0,Istanbul,Red Bull Racing
55,VER,56,0,6,6,0,68,13.8,13.0,0.0,1.1,79.3,1008.3,184.0,I,12.0,Istanbul,Red Bull Racing
56,VER,57,0,6,6,0,68,13.9,13.0,0.0,1.2,79.3,1008.3,217.0,I,13.0,Istanbul,Red Bull Racing
57,VER,58,0,6,6,0,68,13.9,13.0,0.0,1.0,79.3,1008.3,258.0,I,14.0,Istanbul,Red Bull Racing
0,PER,1,0,2,2,0,46,15.7,12.9,0.0,1.8,82.9,1008.6,215.0,W,1.0,Istanbul,Racing Point
1,PER,2,0,2,2,0,48,15.7,13.0,0.0,1.2,82.7,1008.6,207.0,W,2.0,Istanbul,Racing Point
2,PER,3,0,2,2,0,47,15.7,13.0,0.0,1.2,81.7,1008.6,247.0,W,3.0,Istanbul,Racing Point
3,PER,4,0,2,2,0,46,15.7,13.0,0.0,1.5,81.9,1008.7,283.0,W,4.0,Istanbul,Racing Point
4,PER,5,0,2,2,0,46,15.7,13.1,0.0,1.2,82.4,1008.6,217.0,W,5.0,Istanbul,Racing Point
5,PER,6,0,2,2,0,46,15.6,13.0,0.0,1.1,81.8,1008.6,0.0,W,6.0,Istanbul,Racing Point
6,PER,7,0,2,2,0,47,15.6,13.0,0.0,1.1,81.6,1008.6,233.0,W,7.0,Istanbul,Racing Point
7,PER,8,0,2,2,0,46,15.6,13.0,0.0,1.7,81.3,1008.6,245.0,W,8.0,Istanbul,Racing Point
8,PER,9,0,2,2,0,45,15.6,13.0,0.0,0.8,81.3,1008.6,213.0,W,9.0,Istanbul,Racing Point
9,PER,10,0,1,2,0,46,15.7,13.1,0.0,1.0,81.2,1008.6,262.0,W,10.0,Istanbul,Racing Point
10,PER,11,0,4,2,0,45,15.9,13.2,0.0,1.1,81.2,1008.6,258.0,I,0.0,Istanbul,Racing Point
11,PER,12,0,3,2,0,44,15.9,13.2,0.0,1.3,81.8,1008.6,223.0,I,1.0,Istanbul,Racing Point
12,PER,13,0,2,2,0,45,15.7,13.1,0.0,1.6,81.1,1008.6,238.0,I,2.0,Istanbul,Racing Point
13,PER,14,0,2,2,0,44,15.9,13.2,0.0,1.6,81.9,1008.5,246.0,I,3.0,Istanbul,Racing Point
14,PER,15,0,2,2,0,42,16.1,13.2,0.0,1.2,81.9,1008.6,0.0,I,4.0,Istanbul,Racing Point
15,PER,16,0,2,2,0,43,16.0,13.2,0.0,1.2,81.6,1008.6,188.0,I,5.0,Istanbul,Racing Point
16,PER,17,0,2,2,0,43,15.9,13.1,0.0,0.9,80.7,1008.5,209.0,I,6.0,Istanbul,Racing Point
17,PER,18,0,2,2,0,44,16.0,13.2,0.0,1.1,79.8,1008.5,248.0,I,7.0,Istanbul,Racing Point
18,PER,19,0,2,2,0,44,16.0,13.3,0.0,0.8,79.6,1008.4,266.0,I,8.0,Istanbul,Racing Point
19,PER,20,0,2,2,0,44,16.1,13.3,0.0,1.4,79.7,1008.5,243.0,I,9.0,Istanbul,Racing Point
20,PER,21,0,2,2,0,45,16.1,13.3,0.0,0.9,79.0,1008.4,237.0,I,10.0,Istanbul,Racing Point
21,PER,22,0,2,2,0,45,16.2,13.4,0.0,1.2,79.0,1008.5,250.0,I,11.0,Istanbul,Racing Point
22,PER,23,0,2,2,0,46,16.6,13.5,0.0,1.1,78.4,1008.4,196.0,I,12.0,Istanbul,Racing Point
23,PER,24,0,2,2,0,46,16.5,13.7,0.0,0.6,78.1,1008.4,251.0,I,13.0,Istanbul,Racing Point
24,PER,25,0,2,2,0,46,16.4,13.7,0.0,0.8,77.7,1008.4,213.0,I,14.0,Istanbul,Racing Point
25,PER,26,0,2,2,0,46,16.3,13.7,0.0,0.6,78.0,1008.5,205.0,I,15.0,Istanbul,Racing Point
26,PER,27,0,2,2,0,47,16.1,13.5,0.0,1.3,78.4,1008.4,249.0,I,16.0,Istanbul,Racing Point
27,PER,28,0,2,2,0,47,15.9,13.5,0.0,1.0,78.5,1008.4,235.0,I,17.0,Istanbul,Racing Point
28,PER,29,0,2,2,0,47,15.9,13.5,0.0,1.3,77.8,1008.4,253.0,I,18.0,Istanbul,Racing Point
29,PER,30,0,2,2,0,47,15.7,13.5,0.0,0.8,75.9,1008.4,210.0,I,19.0,Istanbul,Racing Point
30,PER,31,0,2,2,0,48,15.6,13.6,0.0,1.0,76.1,1008.4,229.0,I,20.0,Istanbul,Racing Point
31,PER,32,0,2,2,0,48,15.6,13.6,0.0,0.8,75.9,1008.3,186.0,I,21.0,Istanbul,Racing Point
32,PER,33,0,2,2,0,48,15.6,13.6,0.0,0.8,75.8,1008.3,243.0,I,22.0,Istanbul,Racing Point
33,PER,34,0,2,2,0,49,15.6,13.6,0.0,1.0,75.9,1008.3,173.0,I,23.0,Istanbul,Racing Point
34,PER,35,0,2,2,0,49,15.3,13.6,0.0,0.8,75.4,1008.3,201.0,I,24.0,Istanbul,Racing Point
35,PER,36,0,1,2,0,49,15.3,13.6,0.0,1.0,75.5,1008.3,256.0,I,25.0,Istanbul,Racing Point
36,PER,37,0,2,2,0,49,14.8,13.7,0.0,2.0,76.5,1008.3,249.0,I,26.0,Istanbul,Racing Point
37,PER,38,0,2,2,0,49,14.6,13.6,0.0,2.0,76.8,1008.4,183.0,I,27.0,Istanbul,Racing Point
38,PER,39,0,2,2,0,50,14.5,13.5,0.0,1.2,77.7,1008.3,210.0,I,28.0,Istanbul,Racing Point
39,PER,40,0,2,2,0,50,14.5,13.5,0.0,1.8,77.8,1008.3,251.0,I,29.0,Istanbul,Racing Point
40,PER,41,0,2,2,0,50,14.5,13.5,0.0,1.8,77.8,1008.3,251.0,I,30.0,Istanbul,Racing Point
41,PER,42,0,2,2,0,50,14.4,13.5,0.0,0.6,78.1,1008.3,0.0,I,31.0,Istanbul,Racing Point
42,PER,43,0,2,2,0,51,14.3,13.4,0.0,1.7,78.0,1008.3,190.0,I,32.0,Istanbul,Racing Point
43,PER,44,0,2,2,0,51,14.1,13.3,0.0,0.5,78.2,1008.3,216.0,I,33.0,Istanbul,Racing Point
44,PER,45,0,2,2,0,51,14.1,13.3,0.0,0.7,78.2,1008.3,230.0,I,34.0,Istanbul,Racing Point
45,PER,46,0,2,2,0,51,14.0,13.2,0.0,2.0,78.3,1008.3,222.0,I,35.0,Istanbul,Racing Point
46,PER,47,0,2,2,0,52,14.0,13.2,0.0,2.1,78.1,1008.4,232.0,I,36.0,Istanbul,Racing Point
47,PER,48,0,2,2,0,52,13.9,13.2,0.0,2.0,78.2,1008.3,254.0,I,37.0,Istanbul,Racing Point
48,PER,49,0,2,2,0,52,13.8,13.1,0.0,1.8,78.7,1008.2,247.0,I,38.0,Istanbul,Racing Point
49,PER,50,0,2,2,0,52,13.9,13.2,0.0,1.8,79.0,1008.3,199.0,I,39.0,Istanbul,Racing Point
50,PER,51,0,2,2,0,52,13.8,13.2,0.0,1.7,79.2,1008.3,251.0,I,40.0,Istanbul,Racing Point
51,PER,52,0,2,2,0,52,13.9,13.2,0.0,1.6,79.1,1008.3,215.0,I,41.0,Istanbul,Racing Point
52,PER,53,0,2,2,0,53,13.9,13.1,0.0,1.2,79.1,1008.3,201.0,I,42.0,Istanbul,Racing Point
53,PER,54,0,2,2,0,53,13.9,13.1,0.0,0.6,79.4,1008.4,144.0,I,43.0,Istanbul,Racing Point
54,PER,55,0,2,2,0,53,13.9,13.1,0.0,0.5,79.8,1008.3,208.0,I,44.0,Istanbul,Racing Point
55,PER,56,0,2,2,0,53,13.9,13.1,0.0,0.9,79.6,1008.2,239.0,I,45.0,Istanbul,Racing Point
56,PER,57,0,2,2,0,53,13.8,13.0,0.0,1.2,79.2,1008.3,237.0,I,46.0,Istanbul,Racing Point
57,PER,58,0,2,2,0,53,13.9,13.0,0.0,1.0,79.3,1008.3,258.0,I,47.0,Istanbul,Racing Point
0,ALB,1,0,5,7,0,37,15.8,12.9,0.0,1.2,83.1,1008.7,237.0,W,0.0,Istanbul,Red Bull Racing
1,ALB,2,0,5,7,0,37,15.7,12.9,0.0,1.8,82.9,1008.6,215.0,W,1.0,Istanbul,Red Bull Racing
2,ALB,3,0,5,7,0,35,15.7,13.0,0.0,1.5,81.9,1008.7,283.0,W,2.0,Istanbul,Red Bull Racing
3,ALB,4,0,5,7,0,34,15.7,13.1,0.0,1.2,82.4,1008.6,217.0,W,3.0,Istanbul,Red Bull Racing
4,ALB,5,0,5,7,0,33,15.6,13.0,0.0,0.8,81.3,1008.6,213.0,W,4.0,Istanbul,Red Bull Racing
5,ALB,6,0,5,7,0,33,15.7,13.1,0.0,1.0,81.2,1008.6,262.0,W,5.0,Istanbul,Red Bull Racing
6,ALB,7,0,5,7,0,33,15.9,13.2,0.0,1.3,81.8,1008.6,223.0,W,6.0,Istanbul,Red Bull Racing
7,ALB,8,0,5,7,0,33,15.7,13.1,0.0,1.6,81.2,1008.5,254.0,W,7.0,Istanbul,Red Bull Racing
8,ALB,9,0,4,7,0,34,15.7,13.1,0.0,1.6,81.1,1008.6,238.0,W,8.0,Istanbul,Red Bull Racing
9,ALB,10,0,3,7,0,34,16.1,13.3,0.0,1.1,81.9,1008.5,181.0,W,9.0,Istanbul,Red Bull Racing
10,ALB,11,0,2,7,0,35,15.9,13.1,0.0,0.9,80.7,1008.5,209.0,W,10.0,Istanbul,Red Bull Racing
11,ALB,12,0,1,7,0,36,15.8,13.1,0.0,1.0,80.2,1008.4,252.0,W,11.0,Istanbul,Red Bull Racing
12,ALB,13,0,6,7,0,35,15.9,13.2,0.0,0.6,80.5,1008.5,216.0,I,0.0,Istanbul,Red Bull Racing
13,ALB,14,0,6,7,0,36,15.9,13.2,0.0,1.2,80.0,1008.4,201.0,I,1.0,Istanbul,Red Bull Racing
14,ALB,15,0,5,7,0,36,15.9,13.2,0.0,0.9,80.1,1008.5,212.0,I,2.0,Istanbul,Red Bull Racing
15,ALB,16,0,4,7,0,37,16.1,13.3,0.0,1.4,79.7,1008.5,243.0,I,3.0,Istanbul,Red Bull Racing
16,ALB,17,0,4,7,0,37,16.1,13.3,0.0,0.9,79.0,1008.4,237.0,I,4.0,Istanbul,Red Bull Racing
17,ALB,18,0,3,7,0,38,16.2,13.4,0.0,1.2,79.0,1008.5,250.0,I,5.0,Istanbul,Red Bull Racing
18,ALB,19,0,3,7,0,38,16.3,13.4,0.0,1.2,78.7,1008.5,242.0,I,6.0,Istanbul,Red Bull Racing
19,ALB,20,0,3,7,0,39,16.8,13.4,0.0,1.1,77.5,1008.4,189.0,I,7.0,Istanbul,Red Bull Racing
20,ALB,21,0,3,7,0,40,16.5,13.6,0.0,0.4,77.6,1008.4,274.0,I,8.0,Istanbul,Red Bull Racing
21,ALB,22,0,3,7,0,41,16.5,13.7,0.0,0.6,78.1,1008.4,251.0,I,9.0,Istanbul,Red Bull Racing
22,ALB,23,0,3,7,0,41,16.4,13.8,0.0,0.9,78.5,1008.5,203.0,I,10.0,Istanbul,Red Bull Racing
23,ALB,24,0,3,7,0,41,16.1,13.6,0.0,0.9,77.7,1008.4,240.0,I,11.0,Istanbul,Red Bull Racing
24,ALB,25,0,3,7,0,42,16.1,13.6,0.0,0.7,78.5,1008.5,196.0,I,12.0,Istanbul,Red Bull Racing
25,ALB,26,0,3,7,0,42,16.1,13.5,0.0,1.3,78.4,1008.4,249.0,I,13.0,Istanbul,Red Bull Racing
26,ALB,27,0,3,7,0,42,15.9,13.5,0.0,1.0,78.5,1008.4,235.0,I,14.0,Istanbul,Red Bull Racing
27,ALB,28,0,3,7,0,42,15.7,13.6,0.0,0.8,76.2,1008.3,268.0,I,15.0,Istanbul,Red Bull Racing
28,ALB,29,0,3,7,0,42,15.6,13.6,0.0,0.7,76.4,1008.4,254.0,I,16.0,Istanbul,Red Bull Racing
29,ALB,30,0,3,7,0,43,15.5,13.6,0.0,0.7,75.6,1008.4,224.0,I,17.0,Istanbul,Red Bull Racing
30,ALB,31,0,3,7,0,43,15.6,13.6,0.0,0.8,75.8,1008.3,243.0,I,18.0,Istanbul,Red Bull Racing
31,ALB,32,0,3,7,0,43,15.6,13.6,0.0,1.0,75.9,1008.3,173.0,I,19.0,Istanbul,Red Bull Racing
32,ALB,33,0,3,7,0,44,15.3,13.6,0.0,0.8,75.4,1008.3,201.0,I,20.0,Istanbul,Red Bull Racing
33,ALB,34,0,4,7,0,44,15.3,13.7,0.0,1.9,75.3,1008.3,245.0,I,21.0,Istanbul,Red Bull Racing
34,ALB,35,0,6,7,0,44,14.6,13.6,0.0,2.0,76.8,1008.4,183.0,I,0.0,Istanbul,Red Bull Racing
35,ALB,36,0,6,7,0,44,14.5,13.5,0.0,1.2,77.7,1008.3,210.0,I,1.0,Istanbul,Red Bull Racing
36,ALB,37,0,6,7,0,45,14.5,13.5,0.0,1.8,77.8,1008.3,251.0,I,2.0,Istanbul,Red Bull Racing
37,ALB,38,0,6,7,0,45,14.4,13.5,0.0,0.6,78.1,1008.3,0.0,I,3.0,Istanbul,Red Bull Racing
38,ALB,39,0,7,7,0,45,14.3,13.4,0.0,1.7,78.0,1008.3,190.0,I,4.0,Istanbul,Red Bull Racing
39,ALB,40,0,6,7,0,45,14.1,13.3,0.0,0.5,78.2,1008.3,216.0,I,5.0,Istanbul,Red Bull Racing
40,ALB,41,0,6,7,0,45,14.1,13.3,0.0,0.5,78.2,1008.3,216.0,I,6.0,Istanbul,Red Bull Racing
41,ALB,42,0,6,7,0,46,14.1,13.3,0.0,0.7,78.2,1008.3,230.0,I,7.0,Istanbul,Red Bull Racing
42,ALB,43,0,6,7,0,46,14.1,13.3,0.0,0.7,78.2,1008.3,230.0,I,8.0,Istanbul,Red Bull Racing
43,ALB,44,0,6,7,0,47,13.9,13.2,0.0,1.7,77.7,1008.3,252.0,I,9.0,Istanbul,Red Bull Racing
44,ALB,45,0,6,7,0,47,13.9,13.2,0.0,1.9,77.9,1008.3,200.0,I,10.0,Istanbul,Red Bull Racing
45,ALB,46,0,6,7,0,47,13.9,13.2,0.0,2.0,78.2,1008.3,254.0,I,11.0,Istanbul,Red Bull Racing
46,ALB,47,0,6,7,0,47,13.9,13.2,0.0,1.8,79.0,1008.3,199.0,I,12.0,Istanbul,Red Bull Racing
47,ALB,48,0,6,7,0,48,13.8,13.2,0.0,1.7,79.2,1008.3,251.0,I,13.0,Istanbul,Red Bull Racing
48,ALB,49,0,6,7,0,48,13.9,13.1,0.0,1.2,79.1,1008.3,201.0,I,14.0,Istanbul,Red Bull Racing
49,ALB,50,0,6,7,0,48,13.9,13.1,0.0,1.0,79.4,1008.3,158.0,I,15.0,Istanbul,Red Bull Racing
50,ALB,51,0,6,7,0,48,13.9,13.1,0.0,0.6,79.4,1008.4,144.0,I,16.0,Istanbul,Red Bull Racing
51,ALB,52,0,7,7,0,48,13.9,13.1,0.0,0.3,79.7,1008.3,246.0,I,17.0,Istanbul,Red Bull Racing
52,ALB,53,0,7,7,0,48,13.9,13.1,0.0,0.9,79.6,1008.2,239.0,I,18.0,Istanbul,Red Bull Racing
53,ALB,54,0,7,7,0,49,13.9,13.0,0.0,1.4,79.4,1008.3,229.0,I,19.0,Istanbul,Red Bull Racing
54,ALB,55,0,7,7,0,49,13.8,13.0,0.0,1.2,79.2,1008.3,237.0,I,20.0,Istanbul,Red Bull Racing
55,ALB,56,0,7,7,0,49,13.9,13.0,0.0,1.2,79.3,1008.3,217.0,I,21.0,Istanbul,Red Bull Racing
56,ALB,57,0,7,7,0,49,13.9,13.0,0.0,1.0,79.3,1008.3,258.0,I,22.0,Istanbul,Red Bull Racing
57,ALB,58,0,7,7,0,49,14.0,13.0,0.0,1.2,79.3,1008.3,232.0,I,23.0,Istanbul,Red Bull Racing
0,RIC,1,0,7,10,0,59,15.8,12.7,0.0,1.2,83.0,1008.7,242.0,W,11.0,Istanbul,Renault
1,RIC,2,0,7,10,0,57,15.6,13.0,0.0,1.1,81.8,1008.6,0.0,W,12.0,Istanbul,Renault
2,RIC,3,0,7,10,0,57,15.6,13.0,0.0,0.9,81.8,1008.7,192.0,W,13.0,Istanbul,Renault
3,RIC,4,0,7,10,0,57,15.6,13.0,0.0,0.8,81.3,1008.6,213.0,W,14.0,Istanbul,Renault
4,RIC,5,0,7,10,0,57,15.7,13.1,0.0,1.0,81.2,1008.6,262.0,W,15.0,Istanbul,Renault
5,RIC,6,0,7,10,0,58,15.8,13.1,0.0,1.4,81.6,1008.6,258.0,W,16.0,Istanbul,Renault
6,RIC,7,0,7,10,0,58,15.9,13.2,0.0,1.1,81.2,1008.6,258.0,W,17.0,Istanbul,Renault
7,RIC,8,0,7,10,0,59,15.9,13.2,0.0,1.3,81.8,1008.6,223.0,W,18.0,Istanbul,Renault
8,RIC,9,0,5,10,0,59,16.1,13.2,0.0,1.2,81.9,1008.6,0.0,W,19.0,Istanbul,Renault
9,RIC,10,0,5,10,0,59,16.0,13.2,0.0,1.2,81.6,1008.6,188.0,W,20.0,Istanbul,Renault
10,RIC,11,0,7,10,0,59,15.9,13.1,0.0,0.9,80.7,1008.5,209.0,I,0.0,Istanbul,Renault
11,RIC,12,0,7,10,0,59,15.8,13.1,0.0,1.0,80.2,1008.4,252.0,I,1.0,Istanbul,Renault
12,RIC,13,0,7,10,0,60,15.9,13.2,0.0,1.2,80.0,1008.4,201.0,I,2.0,Istanbul,Renault
13,RIC,14,0,7,10,0,60,16.1,13.3,0.0,0.9,79.0,1008.4,237.0,I,3.0,Istanbul,Renault
14,RIC,15,0,7,10,0,60,16.2,13.4,0.0,1.2,79.0,1008.5,250.0,I,4.0,Istanbul,Renault
15,RIC,16,0,7,10,0,61,16.3,13.4,0.0,1.2,78.7,1008.5,242.0,I,5.0,Istanbul,Renault
16,RIC,17,0,7,10,0,61,16.6,13.5,0.0,1.1,78.4,1008.4,196.0,I,6.0,Istanbul,Renault
17,RIC,18,0,7,10,0,61,16.8,13.4,0.0,1.1,77.5,1008.4,189.0,I,7.0,Istanbul,Renault
18,RIC,19,0,6,10,0,61,16.9,13.5,0.0,0.9,77.5,1008.5,0.0,I,8.0,Istanbul,Renault
19,RIC,20,0,6,10,0,62,16.5,13.7,0.0,0.6,78.1,1008.4,251.0,I,9.0,Istanbul,Renault
20,RIC,21,0,6,10,0,62,16.4,13.7,0.0,0.8,77.7,1008.4,213.0,I,10.0,Istanbul,Renault
21,RIC,22,0,6,10,0,63,16.4,13.8,0.0,0.9,78.5,1008.5,203.0,I,11.0,Istanbul,Renault
22,RIC,23,0,6,10,0,63,16.3,13.7,0.0,0.6,78.0,1008.5,205.0,I,12.0,Istanbul,Renault
23,RIC,24,0,6,10,0,64,16.1,13.6,0.0,0.7,78.5,1008.5,196.0,I,13.0,Istanbul,Renault
24,RIC,25,0,6,10,0,64,16.1,13.5,0.0,1.3,78.4,1008.4,249.0,I,14.0,Istanbul,Renault
25,RIC,26,0,6,10,0,64,15.9,13.5,0.0,1.0,78.5,1008.4,235.0,I,15.0,Istanbul,Renault
26,RIC,27,0,6,10,0,65,15.9,13.5,0.0,1.3,77.8,1008.4,253.0,I,16.0,Istanbul,Renault
27,RIC,28,0,6,10,0,65,15.7,13.6,0.0,0.8,76.2,1008.3,268.0,I,17.0,Istanbul,Renault
28,RIC,29,0,6,10,0,65,15.6,13.6,0.0,0.7,76.4,1008.4,254.0,I,18.0,Istanbul,Renault
29,RIC,30,0,6,10,0,65,15.5,13.6,0.0,0.8,76.0,1008.3,219.0,I,19.0,Istanbul,Renault
30,RIC,31,0,6,10,0,65,15.6,13.6,0.0,0.8,75.9,1008.3,186.0,I,20.0,Istanbul,Renault
31,RIC,32,0,8,10,0,65,15.6,13.6,0.0,0.8,75.8,1008.3,243.0,I,21.0,Istanbul,Renault
32,RIC,33,0,9,10,0,65,15.6,13.6,0.0,1.0,75.9,1008.3,223.0,I,0.0,Istanbul,Renault
33,RIC,34,0,9,10,0,65,15.6,13.6,0.0,1.0,75.9,1008.3,173.0,I,1.0,Istanbul,Renault
34,RIC,35,0,9,10,0,65,15.3,13.6,0.0,0.8,75.4,1008.3,201.0,I,2.0,Istanbul,Renault
35,RIC,36,0,9,10,0,65,15.3,13.7,0.0,1.6,75.7,1008.3,221.0,I,3.0,Istanbul,Renault
36,RIC,37,0,9,10,0,65,15.3,13.7,0.0,1.9,75.3,1008.3,245.0,I,4.0,Istanbul,Renault
37,RIC,38,0,9,10,0,65,14.8,13.7,0.0,2.0,76.5,1008.3,249.0,I,5.0,Istanbul,Renault
38,RIC,39,0,9,10,0,65,14.6,13.6,0.0,2.0,76.8,1008.4,183.0,I,6.0,Istanbul,Renault
39,RIC,40,0,9,10,0,65,14.5,13.6,0.0,2.5,76.9,1008.4,191.0,I,7.0,Istanbul,Renault
40,RIC,41,0,9,10,0,65,14.5,13.5,0.0,1.8,77.8,1008.3,251.0,I,8.0,Istanbul,Renault
41,RIC,42,0,9,10,0,65,14.4,13.5,0.0,0.6,78.1,1008.3,0.0,I,9.0,Istanbul,Renault
42,RIC,43,0,9,10,0,65,14.3,13.4,0.0,1.5,78.2,1008.2,207.0,I,10.0,Istanbul,Renault
43,RIC,44,0,9,10,0,65,14.3,13.4,0.0,1.5,78.2,1008.2,207.0,I,11.0,Istanbul,Renault
44,RIC,45,0,9,10,0,65,14.3,13.4,0.0,1.7,78.0,1008.3,190.0,I,12.0,Istanbul,Renault
45,RIC,46,0,9,10,0,65,14.1,13.3,0.0,0.7,78.2,1008.3,230.0,I,13.0,Istanbul,Renault
46,RIC,47,0,9,10,0,65,14.0,13.2,0.0,2.1,78.1,1008.4,232.0,I,14.0,Istanbul,Renault
47,RIC,48,0,10,10,0,65,13.9,13.2,0.0,1.7,77.7,1008.3,252.0,I,15.0,Istanbul,Renault
48,RIC,49,0,10,10,0,65,13.9,13.2,0.0,1.9,77.9,1008.3,200.0,I,16.0,Istanbul,Renault
49,RIC,50,0,10,10,0,65,13.9,13.2,0.0,2.0,78.2,1008.3,254.0,I,17.0,Istanbul,Renault
50,RIC,51,0,10,10,0,65,13.8,13.2,0.0,1.7,79.2,1008.3,251.0,I,18.0,Istanbul,Renault
51,RIC,52,0,10,10,0,65,13.9,13.2,0.0,1.6,79.1,1008.3,215.0,I,19.0,Istanbul,Renault
52,RIC,53,0,10,10,0,65,13.9,13.1,0.0,1.0,79.4,1008.3,158.0,I,20.0,Istanbul,Renault
53,RIC,54,0,10,10,0,65,13.9,13.1,0.0,0.5,79.8,1008.3,208.0,I,21.0,Istanbul,Renault
54,RIC,55,0,10,10,0,65,13.9,13.1,0.0,0.9,79.6,1008.2,239.0,I,22.0,Istanbul,Renault
55,RIC,56,0,10,10,0,65,13.9,13.0,0.0,1.4,79.4,1008.3,229.0,I,23.0,Istanbul,Renault
56,RIC,57,0,10,10,0,65,13.8,13.0,0.0,1.1,79.3,1008.3,184.0,I,24.0,Istanbul,Renault
57,RIC,58,0,10,10,0,65,13.9,13.0,0.0,1.2,79.3,1008.3,217.0,I,25.0,Istanbul,Renault
0,HAM,1,0,6,1,0,64,15.8,12.9,0.0,1.2,83.1,1008.7,237.0,W,0.0,Istanbul,Mercedes
1,HAM,2,0,6,1,0,60,15.7,13.0,0.0,1.2,81.7,1008.6,247.0,W,1.0,Istanbul,Mercedes
2,HAM,3,0,6,1,0,57,15.7,13.0,0.0,1.5,81.9,1008.7,283.0,W,2.0,Istanbul,Mercedes
3,HAM,4,0,6,1,0,57,15.6,13.0,0.0,1.1,81.8,1008.6,0.0,W,3.0,Istanbul,Mercedes
4,HAM,5,0,6,1,0,57,15.6,13.0,0.0,0.9,81.8,1008.7,192.0,W,4.0,Istanbul,Mercedes
5,HAM,6,0,6,1,0,58,15.6,13.0,0.0,1.1,81.6,1008.6,233.0,W,5.0,Istanbul,Mercedes
6,HAM,7,0,6,1,0,59,15.6,13.0,0.0,1.7,81.3,1008.6,245.0,W,6.0,Istanbul,Mercedes
7,HAM,8,0,6,1,0,59,15.6,13.0,0.0,0.8,81.3,1008.6,213.0,W,7.0,Istanbul,Mercedes
8,HAM,9,0,8,1,0,59,15.8,13.1,0.0,1.4,81.6,1008.6,258.0,I,3.0,Istanbul,Mercedes
9,HAM,10,0,8,1,0,60,15.9,13.2,0.0,1.1,81.2,1008.6,258.0,I,4.0,Istanbul,Mercedes
10,HAM,11,0,6,1,0,61,15.9,13.2,0.0,1.3,81.8,1008.6,223.0,I,5.0,Istanbul,Mercedes
11,HAM,12,0,6,1,0,61,15.7,13.1,0.0,1.6,81.2,1008.5,254.0,I,6.0,Istanbul,Mercedes
12,HAM,13,0,5,1,0,62,15.7,13.1,0.0,1.6,81.1,1008.6,238.0,I,7.0,Istanbul,Mercedes
13,HAM,14,0,5,1,0,61,15.9,13.2,0.0,1.6,81.9,1008.5,246.0,I,8.0,Istanbul,Mercedes
14,HAM,15,0,6,1,0,60,16.1,13.2,0.0,1.2,81.9,1008.6,0.0,I,9.0,Istanbul,Mercedes
15,HAM,16,0,6,1,0,60,15.9,13.1,0.0,0.9,80.7,1008.5,209.0,I,10.0,Istanbul,Mercedes
16,HAM,17,0,6,1,0,60,16.0,13.2,0.0,1.1,79.8,1008.5,248.0,I,11.0,Istanbul,Mercedes
17,HAM,18,0,5,1,0,59,16.0,13.3,0.0,0.8,79.6,1008.4,266.0,I,12.0,Istanbul,Mercedes
18,HAM,19,0,5,1,0,59,16.1,13.3,0.0,0.9,79.0,1008.4,237.0,I,13.0,Istanbul,Mercedes
19,HAM,20,0,5,1,0,59,16.2,13.4,0.0,1.2,79.0,1008.5,250.0,I,14.0,Istanbul,Mercedes
20,HAM,21,0,5,1,0,60,16.3,13.4,0.0,1.2,78.7,1008.5,242.0,I,15.0,Istanbul,Mercedes
21,HAM,22,0,5,1,0,60,16.4,13.4,0.0,0.8,78.8,1008.5,263.0,I,16.0,Istanbul,Mercedes
22,HAM,23,0,5,1,0,60,16.9,13.5,0.0,0.8,77.3,1008.4,0.0,I,17.0,Istanbul,Mercedes
23,HAM,24,0,5,1,0,60,16.9,13.5,0.0,0.9,77.5,1008.5,0.0,I,18.0,Istanbul,Mercedes
24,HAM,25,0,5,1,0,61,16.5,13.6,0.0,0.4,77.6,1008.4,274.0,I,19.0,Istanbul,Mercedes
25,HAM,26,0,5,1,0,61,16.5,13.7,0.0,0.6,78.1,1008.4,251.0,I,20.0,Istanbul,Mercedes
26,HAM,27,0,5,1,0,62,16.4,13.7,0.0,0.8,77.7,1008.4,213.0,I,21.0,Istanbul,Mercedes
27,HAM,28,0,5,1,0,62,16.1,13.6,0.0,0.7,78.5,1008.5,196.0,I,22.0,Istanbul,Mercedes
28,HAM,29,0,5,1,0,63,16.1,13.5,0.0,1.3,78.4,1008.4,249.0,I,23.0,Istanbul,Mercedes
29,HAM,30,0,5,1,0,63,15.9,13.5,0.0,1.0,78.5,1008.4,235.0,I,24.0,Istanbul,Mercedes
30,HAM,31,0,5,1,0,64,15.8,13.5,0.0,1.0,77.3,1008.4,194.0,I,25.0,Istanbul,Mercedes
31,HAM,32,0,5,1,0,64,15.7,13.5,0.0,1.8,76.5,1008.4,225.0,I,26.0,Istanbul,Mercedes
32,HAM,33,0,4,1,0,64,15.7,13.6,0.0,0.8,76.2,1008.3,268.0,I,27.0,Istanbul,Mercedes
33,HAM,34,0,3,1,0,65,15.6,13.6,0.0,0.7,76.4,1008.4,254.0,I,28.0,Istanbul,Mercedes
34,HAM,35,0,3,1,0,65,15.5,13.6,0.0,0.8,76.0,1008.3,219.0,I,29.0,Istanbul,Mercedes
35,HAM,36,0,3,1,0,66,15.6,13.6,0.0,0.8,75.9,1008.3,186.0,I,30.0,Istanbul,Mercedes
36,HAM,37,0,1,1,0,66,15.6,13.6,0.0,1.0,75.9,1008.3,223.0,I,31.0,Istanbul,Mercedes
37,HAM,38,0,1,1,0,66,15.6,13.6,0.0,1.0,75.9,1008.3,173.0,I,32.0,Istanbul,Mercedes
38,HAM,39,0,1,1,0,66,15.3,13.7,0.0,1.9,75.3,1008.3,245.0,I,33.0,Istanbul,Mercedes
39,HAM,40,0,1,1,0,66,14.8,13.8,0.0,2.1,76.2,1008.3,231.0,I,34.0,Istanbul,Mercedes
40,HAM,41,0,1,1,0,67,14.8,13.7,0.0,2.0,76.5,1008.3,249.0,I,35.0,Istanbul,Mercedes
41,HAM,42,0,1,1,0,67,14.5,13.5,0.0,1.2,77.7,1008.3,210.0,I,36.0,Istanbul,Mercedes
42,HAM,43,0,1,1,0,67,14.5,13.5,0.0,1.8,77.8,1008.3,251.0,I,37.0,Istanbul,Mercedes
43,HAM,44,0,1,1,0,68,14.3,13.4,0.0,1.5,78.2,1008.2,207.0,I,38.0,Istanbul,Mercedes
44,HAM,45,0,1,1,0,68,14.3,13.4,0.0,1.7,78.0,1008.3,190.0,I,39.0,Istanbul,Mercedes
45,HAM,46,0,1,1,0,68,14.0,13.2,0.0,2.1,78.1,1008.4,232.0,I,40.0,Istanbul,Mercedes
46,HAM,47,0,1,1,0,68,13.9,13.2,0.0,1.7,77.7,1008.3,252.0,I,41.0,Istanbul,Mercedes
47,HAM,48,0,1,1,0,68,13.9,13.2,0.0,2.0,78.2,1008.3,254.0,I,42.0,Istanbul,Mercedes
48,HAM,49,0,1,1,0,68,13.9,13.2,0.0,1.8,79.0,1008.3,199.0,I,43.0,Istanbul,Mercedes
49,HAM,50,0,1,1,0,69,13.8,13.2,0.0,1.7,79.2,1008.3,251.0,I,44.0,Istanbul,Mercedes
50,HAM,51,0,1,1,0,69,13.9,13.2,0.0,1.6,79.1,1008.3,215.0,I,45.0,Istanbul,Mercedes
51,HAM,52,0,1,1,0,69,13.9,13.2,0.0,1.6,79.1,1008.3,215.0,I,46.0,Istanbul,Mercedes
52,HAM,53,0,1,1,0,69,13.9,13.1,0.0,0.6,79.4,1008.4,144.0,I,47.0,Istanbul,Mercedes
53,HAM,54,0,1,1,0,69,13.9,13.1,0.0,0.9,79.6,1008.2,239.0,I,48.0,Istanbul,Mercedes
54,HAM,55,0,1,1,0,68,13.8,13.0,0.0,1.1,79.3,1008.3,184.0,I,49.0,Istanbul,Mercedes
55,HAM,56,0,1,1,0,68,13.9,13.0,0.0,1.2,79.3,1008.3,217.0,I,50.0,Istanbul,Mercedes
56,HAM,57,0,1,1,0,68,13.9,13.0,0.0,1.0,79.3,1008.3,258.0,I,51.0,Istanbul,Mercedes
57,HAM,58,0,1,1,0,68,14.0,13.0,0.0,1.2,79.3,1008.3,232.0,I,52.0,Istanbul,Mercedes
0,OCO,1,0,19,11,0,59,15.8,12.9,0.0,1.2,83.1,1008.7,237.0,W,9.0,Istanbul,Renault
1,OCO,2,0,20,11,0,45,15.7,12.9,0.0,1.8,82.9,1008.6,215.0,W,10.0,Istanbul,Renault
2,OCO,3,0,19,11,0,46,15.7,13.0,0.0,1.2,82.7,1008.6,207.0,W,11.0,Istanbul,Renault
3,OCO,4,0,19,11,0,48,15.7,13.0,0.0,1.2,81.7,1008.6,247.0,W,12.0,Istanbul,Renault
4,OCO,5,0,19,11,0,49,15.6,13.0,0.0,1.1,81.8,1008.6,0.0,W,13.0,Istanbul,Renault
5,OCO,6,0,19,11,0,49,15.6,13.0,0.0,0.9,81.8,1008.7,192.0,W,14.0,Istanbul,Renault
6,OCO,7,0,18,11,0,48,15.6,13.0,0.0,1.1,81.6,1008.6,233.0,W,15.0,Istanbul,Renault
7,OCO,8,0,18,11,0,47,15.6,13.0,0.0,1.7,81.3,1008.6,245.0,W,16.0,Istanbul,Renault
8,OCO,9,0,15,11,0,47,15.8,13.1,0.0,1.4,81.6,1008.6,258.0,W,17.0,Istanbul,Renault
9,OCO,10,0,16,11,0,47,15.9,13.2,0.0,1.1,81.2,1008.6,258.0,W,18.0,Istanbul,Renault
10,OCO,11,0,19,11,0,46,15.9,13.2,0.0,1.6,81.9,1008.5,246.0,I,0.0,Istanbul,Renault
11,OCO,12,0,18,11,0,46,16.0,13.2,0.0,1.2,81.6,1008.6,188.0,I,1.0,Istanbul,Renault
12,OCO,13,0,18,11,0,46,15.8,13.1,0.0,1.0,80.2,1008.4,252.0,I,2.0,Istanbul,Renault
13,OCO,14,0,17,11,0,46,15.9,13.2,0.0,0.9,80.1,1008.5,212.0,I,3.0,Istanbul,Renault
14,OCO,15,0,17,11,0,47,16.1,13.3,0.0,0.9,79.0,1008.4,237.0,I,4.0,Istanbul,Renault
15,OCO,16,0,17,11,0,47,16.2,13.4,0.0,1.2,79.0,1008.5,250.0,I,5.0,Istanbul,Renault
16,OCO,17,0,16,11,0,47,16.9,13.5,0.0,0.9,77.5,1008.5,0.0,I,6.0,Istanbul,Renault
17,OCO,18,0,16,11,0,47,16.5,13.6,0.0,0.4,77.6,1008.4,274.0,I,7.0,Istanbul,Renault
18,OCO,19,0,16,11,0,48,16.4,13.7,0.0,0.8,77.7,1008.4,213.0,I,8.0,Istanbul,Renault
19,OCO,20,0,16,11,0,48,16.4,13.8,0.0,0.9,78.5,1008.5,203.0,I,9.0,Istanbul,Renault
20,OCO,21,0,15,11,0,49,16.3,13.7,0.0,0.6,78.0,1008.5,205.0,I,10.0,Istanbul,Renault
21,OCO,22,0,15,11,0,49,16.1,13.5,0.0,1.0,77.8,1008.4,278.0,I,11.0,Istanbul,Renault
22,OCO,23,0,15,11,0,50,16.1,13.6,0.0,0.7,78.5,1008.5,196.0,I,12.0,Istanbul,Renault
23,OCO,24,0,15,11,0,51,15.9,13.5,0.0,1.0,78.5,1008.4,235.0,I,13.0,Istanbul,Renault
24,OCO,25,0,15,11,0,51,15.9,13.5,0.0,1.3,77.8,1008.4,253.0,I,14.0,Istanbul,Renault
25,OCO,26,0,15,11,0,51,15.7,13.5,0.0,0.8,75.9,1008.4,210.0,I,15.0,Istanbul,Renault
26,OCO,27,0,15,11,0,52,15.7,13.6,0.0,0.8,76.2,1008.3,268.0,I,16.0,Istanbul,Renault
27,OCO,28,0,15,11,0,52,15.5,13.6,0.0,0.7,75.6,1008.4,224.0,I,17.0,Istanbul,Renault
28,OCO,29,0,15,11,0,53,15.6,13.6,0.0,1.0,75.9,1008.3,223.0,I,18.0,Istanbul,Renault
29,OCO,30,0,15,11,0,53,15.3,13.6,0.0,0.8,75.4,1008.3,201.0,I,19.0,Istanbul,Renault
30,OCO,31,0,14,11,0,53,15.3,13.6,0.0,1.0,75.5,1008.3,256.0,I,20.0,Istanbul,Renault
31,OCO,32,0,14,11,0,54,15.3,13.7,0.0,1.6,75.7,1008.3,221.0,I,21.0,Istanbul,Renault
32,OCO,33,0,13,11,0,55,14.8,13.7,0.0,2.0,76.5,1008.3,249.0,I,22.0,Istanbul,Renault
33,OCO,34,0,12,11,0,55,14.5,13.6,0.0,2.5,76.9,1008.4,191.0,I,23.0,Istanbul,Renault
34,OCO,35,0,11,11,0,55,14.5,13.5,0.0,1.2,77.7,1008.3,210.0,I,24.0,Istanbul,Renault
35,OCO,36,0,11,11,0,56,14.5,13.5,0.0,1.2,77.7,1008.3,210.0,I,25.0,Istanbul,Renault
36,OCO,37,0,11,11,0,56,14.5,13.5,0.0,1.8,77.8,1008.3,251.0,I,26.0,Istanbul,Renault
37,OCO,38,0,11,11,0,56,14.3,13.4,0.0,1.5,78.2,1008.2,207.0,I,27.0,Istanbul,Renault
38,OCO,39,0,11,11,0,56,14.3,13.4,0.0,1.5,78.2,1008.2,207.0,I,28.0,Istanbul,Renault
39,OCO,40,0,11,11,0,57,14.3,13.4,0.0,1.7,78.0,1008.3,190.0,I,29.0,Istanbul,Renault
40,OCO,41,0,11,11,0,57,14.1,13.3,0.0,0.5,78.2,1008.3,216.0,I,30.0,Istanbul,Renault
41,OCO,42,0,11,11,0,57,14.1,13.3,0.0,0.7,78.2,1008.3,230.0,I,31.0,Istanbul,Renault
42,OCO,43,0,11,11,0,58,14.1,13.3,0.0,0.7,78.2,1008.3,230.0,I,32.0,Istanbul,Renault
43,OCO,44,0,11,11,0,58,14.0,13.2,0.0,2.0,78.3,1008.3,222.0,I,33.0,Istanbul,Renault
44,OCO,45,0,11,11,0,58,13.9,13.2,0.0,2.7,77.9,1008.3,233.0,I,34.0,Istanbul,Renault
45,OCO,46,0,11,11,0,58,13.9,13.2,0.0,1.7,77.7,1008.3,252.0,I,35.0,Istanbul,Renault
46,OCO,47,0,11,11,0,58,13.9,13.2,0.0,1.9,77.9,1008.3,200.0,I,36.0,Istanbul,Renault
47,OCO,48,0,11,11,0,59,13.9,13.2,0.0,2.0,78.2,1008.3,254.0,I,37.0,Istanbul,Renault
48,OCO,49,0,11,11,0,59,13.8,13.1,0.0,1.8,78.7,1008.2,247.0,I,38.0,Istanbul,Renault
49,OCO,50,0,11,11,0,59,13.9,13.2,0.0,1.6,79.1,1008.3,215.0,I,39.0,Istanbul,Renault
50,OCO,51,0,11,11,0,59,13.9,13.2,0.0,1.6,79.1,1008.3,215.0,I,40.0,Istanbul,Renault
51,OCO,52,0,11,11,0,59,13.9,13.1,0.0,1.2,79.1,1008.3,201.0,I,41.0,Istanbul,Renault
52,OCO,53,0,11,11,0,59,13.9,13.1,0.0,0.6,79.4,1008.4,144.0,I,42.0,Istanbul,Renault
53,OCO,54,0,11,11,0,59,13.9,13.1,0.0,0.9,79.6,1008.2,239.0,I,43.0,Istanbul,Renault
54,OCO,55,0,11,11,0,59,13.9,13.0,0.0,1.4,79.4,1008.3,229.0,I,44.0,Istanbul,Renault
55,OCO,56,0,11,11,0,59,13.8,13.0,0.0,1.2,79.2,1008.3,237.0,I,45.0,Istanbul,Renault
56,OCO,57,0,11,11,0,59,13.9,13.0,0.0,1.2,79.3,1008.3,217.0,I,46.0,Istanbul,Renault
0,RAI,1,0,8,15,0,40,15.8,12.9,0.0,1.2,83.1,1008.7,237.0,W,9.0,Istanbul,Alfa Romeo Racing
1,RAI,2,0,8,15,0,41,15.7,12.9,0.0,1.8,82.9,1008.6,215.0,W,10.0,Istanbul,Alfa Romeo Racing
2,RAI,3,0,8,15,0,39,15.7,13.0,0.0,1.2,82.7,1008.6,207.0,W,11.0,Istanbul,Alfa Romeo Racing
3,RAI,4,0,8,15,0,39,15.7,13.0,0.0,1.5,81.9,1008.7,283.0,W,12.0,Istanbul,Alfa Romeo Racing
4,RAI,5,0,9,15,0,38,15.6,13.0,0.0,1.1,81.8,1008.6,0.0,W,13.0,Istanbul,Alfa Romeo Racing
5,RAI,6,0,9,15,0,37,15.6,13.0,0.0,0.9,81.8,1008.7,192.0,W,14.0,Istanbul,Alfa Romeo Racing
6,RAI,7,0,9,15,0,38,15.6,13.0,0.0,1.1,81.6,1008.6,233.0,W,15.0,Istanbul,Alfa Romeo Racing
7,RAI,8,0,9,15,0,38,15.6,13.0,0.0,0.8,81.3,1008.6,213.0,W,16.0,Istanbul,Alfa Romeo Racing
8,RAI,9,0,12,15,0,38,15.7,13.1,0.0,1.0,81.2,1008.6,262.0,I,0.0,Istanbul,Alfa Romeo Racing
9,RAI,10,0,11,15,0,38,15.9,13.2,0.0,1.3,81.8,1008.6,223.0,I,1.0,Istanbul,Alfa Romeo Racing
10,RAI,11,0,11,15,0,38,15.9,13.2,0.0,1.6,81.9,1008.5,246.0,I,2.0,Istanbul,Alfa Romeo Racing
11,RAI,12,0,13,15,0,38,16.1,13.2,0.0,1.2,81.9,1008.6,0.0,I,3.0,Istanbul,Alfa Romeo Racing
12,RAI,13,0,13,15,0,38,15.9,13.2,0.0,0.6,80.5,1008.5,216.0,I,4.0,Istanbul,Alfa Romeo Racing
13,RAI,14,0,13,15,0,38,15.9,13.2,0.0,1.2,80.0,1008.4,201.0,I,5.0,Istanbul,Alfa Romeo Racing
14,RAI,15,0,12,15,0,38,16.0,13.2,0.0,1.1,79.8,1008.5,248.0,I,6.0,Istanbul,Alfa Romeo Racing
15,RAI,16,0,13,15,0,38,16.0,13.3,0.0,0.8,79.6,1008.4,266.0,I,7.0,Istanbul,Alfa Romeo Racing
16,RAI,17,0,13,15,0,38,16.1,13.3,0.0,1.4,79.7,1008.5,243.0,I,8.0,Istanbul,Alfa Romeo Racing
17,RAI,18,0,13,15,0,37,16.6,13.5,0.0,1.1,78.4,1008.4,196.0,I,9.0,Istanbul,Alfa Romeo Racing
18,RAI,19,0,13,15,0,37,16.9,13.5,0.0,0.8,77.3,1008.4,0.0,I,10.0,Istanbul,Alfa Romeo Racing
19,RAI,20,0,13,15,0,38,16.9,13.5,0.0,0.9,77.5,1008.5,0.0,I,11.0,Istanbul,Alfa Romeo Racing
20,RAI,21,0,13,15,0,38,16.5,13.6,0.0,0.4,77.6,1008.4,274.0,I,12.0,Istanbul,Alfa Romeo Racing
21,RAI,22,0,13,15,0,39,16.5,13.7,0.0,0.6,78.1,1008.4,251.0,I,13.0,Istanbul,Alfa Romeo Racing
22,RAI,23,0,13,15,0,40,16.4,13.7,0.0,0.8,77.7,1008.4,213.0,I,14.0,Istanbul,Alfa Romeo Racing
23,RAI,24,0,13,15,0,40,16.4,13.8,0.0,0.9,78.5,1008.5,203.0,I,15.0,Istanbul,Alfa Romeo Racing
24,RAI,25,0,13,15,0,41,16.3,13.7,0.0,0.6,78.0,1008.5,205.0,I,16.0,Istanbul,Alfa Romeo Racing
25,RAI,26,0,13,15,0,42,16.1,13.6,0.0,0.9,77.7,1008.4,240.0,I,17.0,Istanbul,Alfa Romeo Racing
26,RAI,27,0,13,15,0,42,15.7,13.5,0.0,1.8,76.5,1008.4,225.0,I,18.0,Istanbul,Alfa Romeo Racing
27,RAI,28,0,13,15,0,43,15.6,13.6,0.0,0.7,76.4,1008.4,254.0,I,19.0,Istanbul,Alfa Romeo Racing
28,RAI,29,0,14,15,0,43,15.6,13.6,0.0,1.0,76.1,1008.4,229.0,I,20.0,Istanbul,Alfa Romeo Racing
29,RAI,30,0,14,15,0,44,15.5,13.6,0.0,0.8,76.0,1008.3,219.0,I,21.0,Istanbul,Alfa Romeo Racing
30,RAI,31,0,17,15,0,44,15.6,13.6,0.0,0.8,75.9,1008.3,186.0,I,3.0,Istanbul,Alfa Romeo Racing
31,RAI,32,0,17,15,0,45,15.6,13.6,0.0,1.0,75.9,1008.3,223.0,I,4.0,Istanbul,Alfa Romeo Racing
32,RAI,33,0,17,15,0,45,15.3,13.6,0.0,0.8,75.4,1008.3,201.0,I,5.0,Istanbul,Alfa Romeo Racing
33,RAI,34,0,17,15,0,46,15.3,13.7,0.0,1.9,75.3,1008.3,245.0,I,6.0,Istanbul,Alfa Romeo Racing
34,RAI,35,0,16,15,0,46,14.8,13.8,0.0,2.1,76.2,1008.3,231.0,I,7.0,Istanbul,Alfa Romeo Racing
35,RAI,36,0,16,15,0,46,14.8,13.7,0.0,2.0,76.5,1008.3,249.0,I,8.0,Istanbul,Alfa Romeo Racing
36,RAI,37,0,16,15,0,47,14.6,13.6,0.0,2.0,76.8,1008.4,183.0,I,9.0,Istanbul,Alfa Romeo Racing
37,RAI,38,0,16,15,0,47,14.5,13.6,0.0,2.5,76.9,1008.4,191.0,I,10.0,Istanbul,Alfa Romeo Racing
38,RAI,39,0,15,15,0,48,14.5,13.5,0.0,1.2,77.7,1008.3,210.0,I,11.0,Istanbul,Alfa Romeo Racing
39,RAI,40,0,15,15,0,48,14.5,13.5,0.0,1.2,77.7,1008.3,210.0,I,12.0,Istanbul,Alfa Romeo Racing
40,RAI,41,0,15,15,0,48,14.5,13.5,0.0,1.8,77.8,1008.3,251.0,I,13.0,Istanbul,Alfa Romeo Racing
41,RAI,42,0,15,15,0,49,14.3,13.4,0.0,1.5,78.2,1008.2,207.0,I,14.0,Istanbul,Alfa Romeo Racing
42,RAI,43,0,15,15,0,49,14.3,13.4,0.0,1.7,78.0,1008.3,190.0,I,15.0,Istanbul,Alfa Romeo Racing
43,RAI,44,0,15,15,0,50,14.1,13.3,0.0,0.5,78.2,1008.3,216.0,I,16.0,Istanbul,Alfa Romeo Racing
44,RAI,45,0,15,15,0,50,14.0,13.2,0.0,2.0,78.3,1008.3,222.0,I,17.0,Istanbul,Alfa Romeo Racing
45,RAI,46,0,15,15,0,50,13.9,13.2,0.0,2.7,77.9,1008.3,233.0,I,18.0,Istanbul,Alfa Romeo Racing
46,RAI,47,0,14,15,0,51,13.9,13.2,0.0,1.7,77.7,1008.3,252.0,I,19.0,Istanbul,Alfa Romeo Racing
47,RAI,48,0,14,15,0,51,13.9,13.2,0.0,2.0,78.2,1008.3,254.0,I,20.0,Istanbul,Alfa Romeo Racing
48,RAI,49,0,15,15,0,51,13.9,13.2,0.0,1.8,79.0,1008.3,199.0,I,21.0,Istanbul,Alfa Romeo Racing
49,RAI,50,0,15,15,0,51,13.9,13.1,0.0,1.2,79.1,1008.3,201.0,I,22.0,Istanbul,Alfa Romeo Racing
50,RAI,51,0,15,15,0,51,13.9,13.1,0.0,1.0,79.4,1008.3,158.0,I,0.0,Istanbul,Alfa Romeo Racing
51,RAI,52,0,15,15,0,51,13.9,13.1,0.0,0.6,79.4,1008.4,144.0,I,1.0,Istanbul,Alfa Romeo Racing
52,RAI,53,0,15,15,0,51,13.9,13.1,0.0,0.3,79.7,1008.3,246.0,I,2.0,Istanbul,Alfa Romeo Racing
53,RAI,54,0,15,15,0,51,13.9,13.1,0.0,0.9,79.6,1008.2,239.0,I,3.0,Istanbul,Alfa Romeo Racing
54,RAI,55,0,15,15,0,51,13.9,13.0,0.0,1.4,79.4,1008.3,229.0,I,4.0,Istanbul,Alfa Romeo Racing
55,RAI,56,0,15,15,0,51,13.8,13.0,0.0,1.1,79.3,1008.3,184.0,I,5.0,Istanbul,Alfa Romeo Racing
56,RAI,57,0,15,15,0,51,13.9,13.0,0.0,1.2,79.3,1008.3,217.0,I,6.0,Istanbul,Alfa Romeo Racing
0,BOT,1,0,18,14,0,64,15.8,12.7,0.0,1.2,83.0,1008.7,242.0,W,0.0,Istanbul,Mercedes
1,BOT,2,0,17,14,0,64,15.8,12.9,0.0,1.2,83.1,1008.7,237.0,W,1.0,Istanbul,Mercedes
2,BOT,3,0,16,14,0,59,15.7,12.9,0.0,1.8,82.9,1008.6,215.0,W,2.0,Istanbul,Mercedes
3,BOT,4,0,16,14,0,59,15.7,13.0,0.0,1.5,81.9,1008.7,283.0,W,3.0,Istanbul,Mercedes
4,BOT,5,0,16,14,0,58,15.7,13.1,0.0,1.2,82.4,1008.6,217.0,W,4.0,Istanbul,Mercedes
5,BOT,6,0,16,14,0,57,15.6,13.0,0.0,0.9,81.8,1008.7,192.0,W,5.0,Istanbul,Mercedes
6,BOT,7,0,15,14,0,57,15.6,13.0,0.0,1.1,81.6,1008.6,233.0,W,6.0,Istanbul,Mercedes
7,BOT,8,0,19,14,0,57,15.6,13.0,0.0,0.8,81.3,1008.6,213.0,I,3.0,Istanbul,Mercedes
8,BOT,9,0,16,14,0,59,15.9,13.2,0.0,1.1,81.2,1008.6,258.0,I,4.0,Istanbul,Mercedes
9,BOT,10,0,14,14,0,59,15.7,13.1,0.0,1.6,81.1,1008.6,238.0,I,5.0,Istanbul,Mercedes
10,BOT,11,0,13,14,0,60,16.1,13.2,0.0,1.2,81.9,1008.6,0.0,I,6.0,Istanbul,Mercedes
11,BOT,12,0,12,14,0,60,16.1,13.2,0.0,1.1,81.6,1008.5,243.0,I,7.0,Istanbul,Mercedes
12,BOT,13,0,12,14,0,61,16.0,13.2,0.0,1.2,81.6,1008.6,188.0,I,8.0,Istanbul,Mercedes
13,BOT,14,0,12,14,0,62,15.9,13.1,0.0,0.9,80.7,1008.5,209.0,I,9.0,Istanbul,Mercedes
14,BOT,15,0,14,14,0,63,15.8,13.1,0.0,1.0,80.2,1008.4,252.0,I,10.0,Istanbul,Mercedes
15,BOT,16,0,15,14,0,63,15.9,13.2,0.0,1.2,80.0,1008.4,201.0,I,11.0,Istanbul,Mercedes
16,BOT,17,0,15,14,0,64,16.0,13.2,0.0,1.1,79.8,1008.5,248.0,I,12.0,Istanbul,Mercedes
17,BOT,18,0,15,14,0,64,16.0,13.3,0.0,0.8,79.6,1008.4,266.0,I,13.0,Istanbul,Mercedes
18,BOT,19,0,15,14,0,64,16.1,13.3,0.0,1.4,79.7,1008.5,243.0,I,14.0,Istanbul,Mercedes
19,BOT,20,0,15,14,0,65,16.1,13.3,0.0,0.9,79.0,1008.4,237.0,I,15.0,Istanbul,Mercedes
20,BOT,21,0,17,14,0,65,16.2,13.4,0.0,1.2,79.0,1008.5,250.0,I,16.0,Istanbul,Mercedes
21,BOT,22,0,17,14,0,65,16.3,13.4,0.0,1.2,78.7,1008.5,242.0,I,17.0,Istanbul,Mercedes
22,BOT,23,0,17,14,0,66,16.6,13.5,0.0,1.1,78.4,1008.4,196.0,I,18.0,Istanbul,Mercedes
23,BOT,24,0,17,14,0,66,16.9,13.5,0.0,0.9,77.5,1008.5,0.0,I,19.0,Istanbul,Mercedes
24,BOT,25,0,17,14,0,67,16.5,13.6,0.0,0.4,77.6,1008.4,274.0,I,20.0,Istanbul,Mercedes
25,BOT,26,0,17,14,0,67,16.4,13.7,0.0,0.8,77.7,1008.4,213.0,I,21.0,Istanbul,Mercedes
26,BOT,27,0,17,14,0,67,16.4,13.8,0.0,0.9,78.5,1008.5,203.0,I,22.0,Istanbul,Mercedes
27,BOT,28,0,17,14,0,67,16.1,13.5,0.0,1.0,77.8,1008.4,278.0,I,23.0,Istanbul,Mercedes
28,BOT,29,0,17,14,0,67,16.1,13.6,0.0,0.7,78.5,1008.5,196.0,I,24.0,Istanbul,Mercedes
29,BOT,30,0,17,14,0,68,15.9,13.5,0.0,1.0,78.5,1008.4,235.0,I,25.0,Istanbul,Mercedes
30,BOT,31,0,16,14,0,68,15.8,13.5,0.0,1.0,77.3,1008.4,194.0,I,26.0,Istanbul,Mercedes
31,BOT,32,0,16,14,0,69,15.7,13.5,0.0,1.8,76.5,1008.4,225.0,I,27.0,Istanbul,Mercedes
32,BOT,33,0,15,14,0,69,15.6,13.6,0.0,0.7,76.4,1008.4,254.0,I,28.0,Istanbul,Mercedes
33,BOT,34,0,14,14,0,69,15.6,13.6,0.0,1.0,75.9,1008.3,223.0,I,29.0,Istanbul,Mercedes
34,BOT,35,0,13,14,0,70,15.3,13.6,0.0,0.8,75.4,1008.3,201.0,I,30.0,Istanbul,Mercedes
35,BOT,36,0,13,14,0,70,14.6,13.6,0.0,2.0,76.8,1008.4,183.0,I,31.0,Istanbul,Mercedes
36,BOT,37,0,13,14,0,70,14.5,13.5,0.0,1.2,77.7,1008.3,210.0,I,32.0,Istanbul,Mercedes
37,BOT,38,0,13,14,0,70,14.5,13.5,0.0,1.8,77.8,1008.3,251.0,I,33.0,Istanbul,Mercedes
38,BOT,39,0,13,14,0,70,14.5,13.5,0.0,1.8,77.8,1008.3,251.0,I,34.0,Istanbul,Mercedes
39,BOT,40,0,13,14,0,70,14.4,13.5,0.0,0.6,78.1,1008.3,0.0,I,35.0,Istanbul,Mercedes
40,BOT,41,0,13,14,0,71,14.3,13.4,0.0,1.5,78.2,1008.2,207.0,I,36.0,Istanbul,Mercedes
41,BOT,42,0,13,14,0,71,14.1,13.3,0.0,0.7,78.2,1008.3,230.0,I,37.0,Istanbul,Mercedes
42,BOT,43,0,13,14,0,71,14.1,13.3,0.0,0.7,78.2,1008.3,230.0,I,38.0,Istanbul,Mercedes
43,BOT,44,0,13,14,0,72,14.0,13.2,0.0,2.1,78.1,1008.4,232.0,I,39.0,Istanbul,Mercedes
44,BOT,45,0,13,14,0,72,13.9,13.2,0.0,2.7,77.9,1008.3,233.0,I,40.0,Istanbul,Mercedes
45,BOT,46,0,14,14,0,72,13.9,13.2,0.0,1.7,77.7,1008.3,252.0,I,41.0,Istanbul,Mercedes
46,BOT,47,0,15,14,0,71,13.9,13.2,0.0,2.0,78.2,1008.3,254.0,I,0.0,Istanbul,Mercedes
47,BOT,48,0,15,14,0,71,13.9,13.2,0.0,1.3,78.5,1008.3,202.0,I,1.0,Istanbul,Mercedes
48,BOT,49,0,14,14,0,71,13.9,13.2,0.0,1.8,79.0,1008.3,199.0,I,2.0,Istanbul,Mercedes
49,BOT,50,0,14,14,0,71,13.9,13.2,0.0,1.6,79.1,1008.3,215.0,I,3.0,Istanbul,Mercedes
50,BOT,51,0,14,14,0,71,13.9,13.2,0.0,1.6,79.1,1008.3,215.0,I,4.0,Istanbul,Mercedes
51,BOT,52,0,14,14,0,71,13.9,13.1,0.0,1.0,79.4,1008.3,158.0,I,5.0,Istanbul,Mercedes
52,BOT,53,0,14,14,0,71,13.9,13.1,0.0,0.6,79.4,1008.4,144.0,I,6.0,Istanbul,Mercedes
53,BOT,54,0,14,14,0,70,13.8,13.0,0.0,1.2,79.2,1008.3,237.0,I,7.0,Istanbul,Mercedes
54,BOT,55,0,14,14,0,70,13.9,13.0,0.0,1.2,79.3,1008.3,217.0,I,8.0,Istanbul,Mercedes
55,BOT,56,0,14,14,0,70,13.9,13.0,0.0,1.0,79.3,1008.3,258.0,I,9.0,Istanbul,Mercedes
56,BOT,57,0,14,14,0,70,14.0,13.0,0.0,1.2,79.3,1008.3,232.0,I,10.0,Istanbul,Mercedes
0,GIO,1,0,11,20,0,37,15.7,12.9,0.0,1.8,82.9,1008.6,215.0,W,11.0,Istanbul,Alfa Romeo Racing
1,GIO,2,0,11,20,0,37,15.6,13.0,0.0,0.9,81.8,1008.7,192.0,W,12.0,Istanbul,Alfa Romeo Racing
2,GIO,3,0,11,20,0,34,15.6,13.0,0.0,0.8,81.3,1008.6,213.0,W,13.0,Istanbul,Alfa Romeo Racing
3,GIO,4,0,11,20,0,33,15.8,13.1,0.0,1.4,81.6,1008.6,258.0,W,14.0,Istanbul,Alfa Romeo Racing
4,GIO,5,0,11,20,0,34,16.0,13.2,0.0,1.2,81.6,1008.6,188.0,W,15.0,Istanbul,Alfa Romeo Racing
5,GIO,6,0,11,20,0,35,15.9,13.1,0.0,0.9,80.7,1008.5,209.0,W,16.0,Istanbul,Alfa Romeo Racing
6,GIO,7,0,11,20,0,35,15.9,13.5,0.0,1.3,77.8,1008.4,253.0,W,17.0,Istanbul,Alfa Romeo Racing
7,GIO,8,0,11,20,0,34,15.3,13.7,0.0,1.9,75.3,1008.3,245.0,W,18.0,Istanbul,Alfa Romeo Racing
8,GIO,9,0,17,20,0,35,14.6,13.6,0.0,2.0,76.8,1008.4,183.0,I,0.0,Istanbul,Alfa Romeo Racing
9,GIO,10,0,17,20,0,35,14.1,13.3,0.0,0.5,78.2,1008.3,216.0,I,1.0,Istanbul,Alfa Romeo Racing
10,GIO,11,0,16,20,1,35,14.0,13.2,0.0,2.1,78.1,1008.4,232.0,I,2.0,Istanbul,Alfa Romeo Racing
0,VET,1,0,3,3,0,52,15.8,12.9,0.0,1.2,83.1,1008.7,237.0,W,2.0,Istanbul,Ferrari
1,VET,2,0,3,3,0,56,15.7,13.0,0.0,1.2,82.7,1008.6,207.0,W,3.0,Istanbul,Ferrari
2,VET,3,0,3,3,0,57,15.7,13.0,0.0,1.2,81.7,1008.6,247.0,W,4.0,Istanbul,Ferrari
3,VET,4,0,3,3,0,56,15.7,13.0,0.0,1.5,81.9,1008.7,283.0,W,5.0,Istanbul,Ferrari
4,VET,5,0,3,3,0,56,15.7,13.1,0.0,1.2,82.4,1008.6,217.0,W,6.0,Istanbul,Ferrari
5,VET,6,0,3,3,0,56,15.6,13.0,0.0,1.1,81.6,1008.6,233.0,W,7.0,Istanbul,Ferrari
6,VET,7,0,3,3,0,57,15.6,13.0,0.0,1.7,81.3,1008.6,245.0,W,8.0,Istanbul,Ferrari
7,VET,8,0,3,3,0,57,15.8,13.1,0.0,1.4,81.6,1008.6,258.0,W,9.0,Istanbul,Ferrari
8,VET,9,0,7,3,0,57,15.9,13.2,0.0,1.3,81.8,1008.6,223.0,I,0.0,Istanbul,Ferrari
9,VET,10,0,7,3,0,58,15.7,13.1,0.0,1.6,81.2,1008.5,254.0,I,1.0,Istanbul,Ferrari
10,VET,11,0,5,3,0,59,15.7,13.1,0.0,1.6,81.1,1008.6,238.0,I,2.0,Istanbul,Ferrari
11,VET,12,0,5,3,0,59,15.9,13.2,0.0,1.6,81.9,1008.5,246.0,I,3.0,Istanbul,Ferrari
12,VET,13,0,4,3,0,59,16.1,13.2,0.0,1.2,81.9,1008.6,0.0,I,4.0,Istanbul,Ferrari
13,VET,14,0,4,3,0,58,16.1,13.2,0.0,1.1,81.6,1008.5,243.0,I,5.0,Istanbul,Ferrari
14,VET,15,0,4,3,0,57,16.1,13.3,0.0,1.1,81.9,1008.5,181.0,I,6.0,Istanbul,Ferrari
15,VET,16,0,5,3,0,57,16.0,13.2,0.0,1.2,81.6,1008.6,188.0,I,7.0,Istanbul,Ferrari
16,VET,17,0,5,3,0,57,15.9,13.1,0.0,0.9,80.7,1008.5,209.0,I,8.0,Istanbul,Ferrari
17,VET,18,0,4,3,0,57,15.8,13.1,0.0,1.0,80.2,1008.4,252.0,I,9.0,Istanbul,Ferrari
18,VET,19,0,4,3,0,57,15.9,13.2,0.0,0.6,80.5,1008.5,216.0,I,10.0,Istanbul,Ferrari
19,VET,20,0,4,3,0,57,15.9,13.2,0.0,1.2,80.0,1008.4,201.0,I,11.0,Istanbul,Ferrari
20,VET,21,0,4,3,0,58,16.0,13.2,0.0,1.1,79.8,1008.5,248.0,I,12.0,Istanbul,Ferrari
21,VET,22,0,4,3,0,58,16.0,13.3,0.0,0.8,79.6,1008.4,266.0,I,13.0,Istanbul,Ferrari
22,VET,23,0,4,3,0,58,16.2,13.4,0.0,1.2,79.0,1008.5,250.0,I,14.0,Istanbul,Ferrari
23,VET,24,0,4,3,0,59,16.3,13.4,0.0,1.2,78.7,1008.5,242.0,I,15.0,Istanbul,Ferrari
24,VET,25,0,4,3,0,59,16.9,13.5,0.0,0.8,77.3,1008.4,0.0,I,16.0,Istanbul,Ferrari
25,VET,26,0,4,3,0,59,16.9,13.5,0.0,0.9,77.5,1008.5,0.0,I,17.0,Istanbul,Ferrari
26,VET,27,0,4,3,0,59,16.5,13.6,0.0,0.4,77.6,1008.4,274.0,I,18.0,Istanbul,Ferrari
27,VET,28,0,4,3,0,60,16.5,13.7,0.0,0.6,78.1,1008.4,251.0,I,19.0,Istanbul,Ferrari
28,VET,29,0,4,3,0,60,16.4,13.7,0.0,0.8,77.7,1008.4,213.0,I,20.0,Istanbul,Ferrari
29,VET,30,0,4,3,0,60,16.4,13.8,0.0,0.9,78.5,1008.5,203.0,I,21.0,Istanbul,Ferrari
30,VET,31,0,4,3,0,60,16.1,13.6,0.0,0.9,77.7,1008.4,240.0,I,22.0,Istanbul,Ferrari
31,VET,32,0,4,3,0,60,16.1,13.6,0.0,0.7,78.5,1008.5,196.0,I,23.0,Istanbul,Ferrari
32,VET,33,0,5,3,0,61,16.1,13.5,0.0,1.3,78.4,1008.4,249.0,I,24.0,Istanbul,Ferrari
33,VET,34,0,6,3,0,61,15.8,13.5,0.0,1.0,77.3,1008.4,194.0,I,0.0,Istanbul,Ferrari
34,VET,35,0,5,3,0,61,15.7,13.5,0.0,1.8,76.5,1008.4,225.0,I,1.0,Istanbul,Ferrari
35,VET,36,0,5,3,0,61,15.7,13.6,0.0,0.8,76.2,1008.3,268.0,I,2.0,Istanbul,Ferrari
36,VET,37,0,5,3,0,61,15.6,13.6,0.0,0.8,75.9,1008.3,186.0,I,3.0,Istanbul,Ferrari
37,VET,38,0,5,3,0,61,15.6,13.6,0.0,1.0,75.9,1008.3,173.0,I,4.0,Istanbul,Ferrari
38,VET,39,0,4,3,0,61,15.3,13.7,0.0,1.6,75.7,1008.3,221.0,I,5.0,Istanbul,Ferrari
39,VET,40,0,5,3,0,61,15.3,13.7,0.0,1.9,75.3,1008.3,245.0,I,6.0,Istanbul,Ferrari
40,VET,41,0,5,3,0,61,14.8,13.7,0.0,2.0,76.5,1008.3,249.0,I,7.0,Istanbul,Ferrari
41,VET,42,0,5,3,0,62,14.5,13.6,0.0,2.5,76.9,1008.4,191.0,I,8.0,Istanbul,Ferrari
42,VET,43,0,5,3,0,62,14.5,13.5,0.0,1.2,77.7,1008.3,210.0,I,9.0,Istanbul,Ferrari
43,VET,44,0,4,3,0,62,14.1,13.3,0.0,0.5,78.2,1008.3,216.0,I,10.0,Istanbul,Ferrari
44,VET,45,0,4,3,0,62,14.0,13.2,0.0,2.0,78.3,1008.3,222.0,I,11.0,Istanbul,Ferrari
45,VET,46,0,4,3,0,62,13.9,13.2,0.0,1.7,77.7,1008.3,252.0,I,12.0,Istanbul,Ferrari
46,VET,47,0,4,3,0,62,13.9,13.2,0.0,1.3,78.5,1008.3,202.0,I,13.0,Istanbul,Ferrari
47,VET,48,0,4,3,0,63,13.9,13.2,0.0,1.8,79.0,1008.3,199.0,I,14.0,Istanbul,Ferrari
48,VET,49,0,4,3,0,63,13.9,13.2,0.0,1.8,79.0,1008.3,199.0,I,15.0,Istanbul,Ferrari
49,VET,50,0,4,3,0,63,13.8,13.2,0.0,1.7,79.2,1008.3,251.0,I,16.0,Istanbul,Ferrari
50,VET,51,0,4,3,0,63,13.9,13.2,0.0,1.6,79.1,1008.3,215.0,I,17.0,Istanbul,Ferrari
51,VET,52,0,4,3,0,63,13.9,13.1,0.0,1.0,79.4,1008.3,158.0,I,18.0,Istanbul,Ferrari
52,VET,53,0,4,3,0,63,13.9,13.1,0.0,0.6,79.4,1008.4,144.0,I,19.0,Istanbul,Ferrari
53,VET,54,0,4,3,0,63,13.9,13.1,0.0,0.3,79.7,1008.3,246.0,I,20.0,Istanbul,Ferrari
54,VET,55,0,4,3,0,63,13.9,13.1,0.0,0.5,79.8,1008.3,208.0,I,21.0,Istanbul,Ferrari
55,VET,56,0,4,3,0,63,13.9,13.0,0.0,1.4,79.4,1008.3,229.0,I,22.0,Istanbul,Ferrari
56,VET,57,0,4,3,0,63,13.9,13.0,0.0,1.0,79.3,1008.3,258.0,I,23.0,Istanbul,Ferrari
57,VET,58,0,3,3,0,63,14.0,13.0,0.0,1.2,79.3,1008.3,232.0,I,24.0,Istanbul,Ferrari
0,LEC,1,0,14,4,0,38,15.7,13.0,0.0,1.2,82.7,1008.6,207.0,W,2.0,Istanbul,Ferrari
1,LEC,2,0,14,4,0,40,15.7,13.0,0.0,1.5,81.9,1008.7,283.0,W,3.0,Istanbul,Ferrari
2,LEC,3,0,14,4,0,38,15.7,13.1,0.0,1.2,82.4,1008.6,217.0,W,4.0,Istanbul,Ferrari
3,LEC,4,0,14,4,0,38,15.6,13.0,0.0,0.9,81.8,1008.7,192.0,W,5.0,Istanbul,Ferrari
4,LEC,5,0,14,4,0,38,15.6,13.0,0.0,1.1,81.6,1008.6,233.0,W,6.0,Istanbul,Ferrari
5,LEC,6,0,14,4,0,40,15.6,13.0,0.0,1.7,81.3,1008.6,245.0,W,7.0,Istanbul,Ferrari
6,LEC,7,0,19,4,0,40,15.9,13.2,0.0,1.1,81.2,1008.6,258.0,I,0.0,Istanbul,Ferrari
7,LEC,8,0,17,4,0,42,15.7,13.1,0.0,1.6,81.2,1008.5,254.0,I,1.0,Istanbul,Ferrari
8,LEC,9,0,13,4,0,44,15.7,13.1,0.0,1.6,81.1,1008.6,238.0,I,2.0,Istanbul,Ferrari
9,LEC,10,0,12,4,0,45,16.1,13.2,0.0,1.2,81.9,1008.6,0.0,I,3.0,Istanbul,Ferrari
10,LEC,11,0,10,4,0,46,16.0,13.2,0.0,1.2,81.6,1008.6,188.0,I,4.0,Istanbul,Ferrari
11,LEC,12,0,10,4,0,48,15.9,13.1,0.0,0.9,80.7,1008.5,209.0,I,5.0,Istanbul,Ferrari
12,LEC,13,0,9,4,0,49,15.8,13.1,0.0,1.0,80.2,1008.4,252.0,I,6.0,Istanbul,Ferrari
13,LEC,14,0,9,4,0,48,15.9,13.2,0.0,0.6,80.5,1008.5,216.0,I,7.0,Istanbul,Ferrari
14,LEC,15,0,9,4,0,49,15.9,13.2,0.0,1.2,80.0,1008.4,201.0,I,8.0,Istanbul,Ferrari
15,LEC,16,0,9,4,0,50,15.9,13.2,0.0,0.9,80.1,1008.5,212.0,I,9.0,Istanbul,Ferrari
16,LEC,17,0,9,4,0,51,16.2,13.4,0.0,1.2,79.0,1008.5,250.0,I,10.0,Istanbul,Ferrari
17,LEC,18,0,9,4,0,51,16.4,13.4,0.0,0.8,78.8,1008.5,263.0,I,11.0,Istanbul,Ferrari
18,LEC,19,0,9,4,0,52,16.6,13.5,0.0,1.1,78.4,1008.4,196.0,I,12.0,Istanbul,Ferrari
19,LEC,20,0,9,4,0,54,16.8,13.4,0.0,1.1,77.5,1008.4,189.0,I,13.0,Istanbul,Ferrari
20,LEC,21,0,9,4,0,55,16.9,13.5,0.0,0.8,77.3,1008.4,0.0,I,14.0,Istanbul,Ferrari
21,LEC,22,0,9,4,0,56,16.9,13.5,0.0,0.9,77.5,1008.5,0.0,I,15.0,Istanbul,Ferrari
22,LEC,23,0,9,4,0,56,16.4,13.7,0.0,0.8,77.7,1008.4,213.0,I,16.0,Istanbul,Ferrari
23,LEC,24,0,9,4,0,57,16.3,13.7,0.0,0.6,78.0,1008.5,205.0,I,17.0,Istanbul,Ferrari
24,LEC,25,0,9,4,0,58,16.1,13.6,0.0,0.9,77.7,1008.4,240.0,I,18.0,Istanbul,Ferrari
25,LEC,26,0,9,4,0,58,16.1,13.5,0.0,1.3,78.4,1008.4,249.0,I,19.0,Istanbul,Ferrari
26,LEC,27,0,9,4,0,59,15.9,13.5,0.0,1.3,77.8,1008.4,253.0,I,20.0,Istanbul,Ferrari
27,LEC,28,0,9,4,0,59,15.7,13.5,0.0,1.8,76.5,1008.4,225.0,I,21.0,Istanbul,Ferrari
28,LEC,29,0,9,4,0,60,15.7,13.5,0.0,0.8,75.9,1008.4,210.0,I,22.0,Istanbul,Ferrari
29,LEC,30,0,9,4,0,61,15.7,13.6,0.0,0.8,76.2,1008.3,268.0,I,23.0,Istanbul,Ferrari
30,LEC,31,0,9,4,0,61,15.6,13.6,0.0,1.0,76.1,1008.4,229.0,I,0.0,Istanbul,Ferrari
31,LEC,32,0,9,4,0,62,15.5,13.6,0.0,0.7,75.6,1008.4,224.0,I,1.0,Istanbul,Ferrari
32,LEC,33,0,8,4,0,62,15.6,13.6,0.0,0.8,75.8,1008.3,243.0,I,2.0,Istanbul,Ferrari
33,LEC,34,0,7,4,0,63,15.6,13.6,0.0,1.0,75.9,1008.3,173.0,I,3.0,Istanbul,Ferrari
34,LEC,35,0,7,4,0,63,14.8,13.7,0.0,2.0,76.5,1008.3,249.0,I,4.0,Istanbul,Ferrari
35,LEC,36,0,7,4,0,63,14.6,13.6,0.0,2.0,76.8,1008.4,183.0,I,5.0,Istanbul,Ferrari
36,LEC,37,0,7,4,0,63,14.5,13.6,0.0,2.5,76.9,1008.4,191.0,I,6.0,Istanbul,Ferrari
37,LEC,38,0,7,4,0,63,14.5,13.5,0.0,1.2,77.7,1008.3,210.0,I,7.0,Istanbul,Ferrari
38,LEC,39,0,5,4,0,63,14.5,13.5,0.0,1.2,77.7,1008.3,210.0,I,8.0,Istanbul,Ferrari
39,LEC,40,0,4,4,0,63,14.5,13.5,0.0,1.8,77.8,1008.3,251.0,I,9.0,Istanbul,Ferrari
40,LEC,41,0,4,4,0,64,14.5,13.5,0.0,1.8,77.8,1008.3,251.0,I,10.0,Istanbul,Ferrari
41,LEC,42,0,4,4,0,64,14.3,13.4,0.0,1.5,78.2,1008.2,207.0,I,11.0,Istanbul,Ferrari
42,LEC,43,0,3,4,0,65,14.1,13.3,0.0,0.7,78.2,1008.3,230.0,I,12.0,Istanbul,Ferrari
43,LEC,44,0,3,4,0,65,14.0,13.2,0.0,2.1,78.1,1008.4,232.0,I,13.0,Istanbul,Ferrari
44,LEC,45,0,3,4,0,65,13.9,13.2,0.0,2.7,77.9,1008.3,233.0,I,14.0,Istanbul,Ferrari
45,LEC,46,0,3,4,0,65,13.9,13.2,0.0,1.9,77.9,1008.3,200.0,I,15.0,Istanbul,Ferrari
46,LEC,47,0,3,4,0,65,13.9,13.2,0.0,2.0,78.2,1008.3,254.0,I,16.0,Istanbul,Ferrari
47,LEC,48,0,3,4,0,65,13.8,13.1,0.0,1.8,78.7,1008.2,247.0,I,17.0,Istanbul,Ferrari
48,LEC,49,0,3,4,0,66,13.9,13.2,0.0,1.8,79.0,1008.3,199.0,I,18.0,Istanbul,Ferrari
49,LEC,50,0,3,4,0,65,13.9,13.2,0.0,1.8,79.0,1008.3,199.0,I,19.0,Istanbul,Ferrari
50,LEC,51,0,3,4,0,65,13.9,13.2,0.0,1.6,79.1,1008.3,215.0,I,20.0,Istanbul,Ferrari
51,LEC,52,0,3,4,0,65,13.9,13.1,0.0,0.6,79.4,1008.4,144.0,I,21.0,Istanbul,Ferrari
52,LEC,53,0,3,4,0,65,13.9,13.1,0.0,0.3,79.7,1008.3,246.0,I,22.0,Istanbul,Ferrari
53,LEC,54,0,3,4,0,65,13.9,13.0,0.0,1.4,79.4,1008.3,229.0,I,23.0,Istanbul,Ferrari
54,LEC,55,0,3,4,0,65,13.8,13.0,0.0,1.1,79.3,1008.3,184.0,I,24.0,Istanbul,Ferrari
55,LEC,56,0,3,4,0,65,13.9,13.0,0.0,1.2,79.3,1008.3,217.0,I,25.0,Istanbul,Ferrari
56,LEC,57,0,3,4,0,65,13.9,13.0,0.0,1.0,79.3,1008.3,258.0,I,26.0,Istanbul,Ferrari
57,LEC,58,0,4,4,0,65,14.0,13.0,0.0,1.2,79.3,1008.3,232.0,I,27.0,Istanbul,Ferrari
0,MAG,1,0,10,17,0,31,15.8,12.7,0.0,1.2,83.0,1008.7,242.0,W,2.0,Istanbul,Haas F1 Team
1,MAG,2,0,10,17,0,32,15.8,12.9,0.0,1.2,83.1,1008.7,237.0,W,3.0,Istanbul,Haas F1 Team
2,MAG,3,0,10,17,0,31,15.7,12.9,0.0,1.8,82.9,1008.6,215.0,W,4.0,Istanbul,Haas F1 Team
3,MAG,4,0,10,17,0,31,15.7,13.0,0.0,1.2,82.7,1008.6,207.0,W,5.0,Istanbul,Haas F1 Team
4,MAG,5,0,10,17,0,31,15.6,13.0,0.0,1.1,81.8,1008.6,0.0,W,6.0,Istanbul,Haas F1 Team
5,MAG,6,0,10,17,0,32,15.6,13.0,0.0,0.9,81.8,1008.7,192.0,W,7.0,Istanbul,Haas F1 Team
6,MAG,7,0,10,17,0,32,15.9,13.2,0.0,1.6,81.9,1008.5,246.0,W,8.0,Istanbul,Haas F1 Team
7,MAG,8,0,10,17,0,31,16.1,13.2,0.0,1.1,81.6,1008.5,243.0,W,9.0,Istanbul,Haas F1 Team
8,MAG,9,0,11,17,0,31,16.1,13.3,0.0,1.1,81.9,1008.5,181.0,I,0.0,Istanbul,Haas F1 Team
9,MAG,10,0,10,17,0,31,16.0,13.2,0.0,1.2,81.6,1008.6,188.0,I,1.0,Istanbul,Haas F1 Team
10,MAG,11,0,9,17,0,31,15.9,13.1,0.0,0.9,80.7,1008.5,209.0,I,2.0,Istanbul,Haas F1 Team
11,MAG,12,0,9,17,0,31,15.8,13.1,0.0,1.0,80.2,1008.4,252.0,I,3.0,Istanbul,Haas F1 Team
12,MAG,13,0,10,17,0,30,15.9,13.2,0.0,0.6,80.5,1008.5,216.0,I,4.0,Istanbul,Haas F1 Team
13,MAG,14,0,10,17,0,29,15.9,13.2,0.0,1.2,80.0,1008.4,201.0,I,5.0,Istanbul,Haas F1 Team
14,MAG,15,0,10,17,0,29,15.9,13.2,0.0,0.9,80.1,1008.5,212.0,I,6.0,Istanbul,Haas F1 Team
15,MAG,16,0,10,17,0,29,16.0,13.3,0.0,0.8,79.6,1008.4,266.0,I,7.0,Istanbul,Haas F1 Team
16,MAG,17,0,10,17,0,28,16.2,13.4,0.0,1.2,79.0,1008.5,250.0,I,8.0,Istanbul,Haas F1 Team
17,MAG,18,0,10,17,0,29,16.3,13.4,0.0,1.2,78.7,1008.5,242.0,I,9.0,Istanbul,Haas F1 Team
18,MAG,19,0,10,17,0,29,16.6,13.5,0.0,1.1,78.4,1008.4,196.0,I,10.0,Istanbul,Haas F1 Team
19,MAG,20,0,10,17,0,30,16.4,13.7,0.0,0.8,77.7,1008.4,213.0,I,11.0,Istanbul,Haas F1 Team
20,MAG,21,0,10,17,0,31,16.4,13.8,0.0,0.9,78.5,1008.5,203.0,I,12.0,Istanbul,Haas F1 Team
21,MAG,22,0,10,17,0,32,16.3,13.7,0.0,0.6,78.0,1008.5,205.0,I,13.0,Istanbul,Haas F1 Team
22,MAG,23,0,10,17,0,33,16.1,13.6,0.0,0.9,77.7,1008.4,240.0,I,14.0,Istanbul,Haas F1 Team
23,MAG,24,0,10,17,0,34,16.1,13.6,0.0,0.7,78.5,1008.5,196.0,I,15.0,Istanbul,Haas F1 Team
24,MAG,25,0,10,17,0,34,16.1,13.5,0.0,1.3,78.4,1008.4,249.0,I,16.0,Istanbul,Haas F1 Team
25,MAG,26,0,10,17,0,35,15.8,13.5,0.0,1.0,77.3,1008.4,194.0,I,17.0,Istanbul,Haas F1 Team
26,MAG,27,0,11,17,0,36,15.7,13.5,0.0,1.8,76.5,1008.4,225.0,I,18.0,Istanbul,Haas F1 Team
27,MAG,28,0,11,17,0,36,15.7,13.6,0.0,0.8,76.2,1008.3,268.0,I,19.0,Istanbul,Haas F1 Team
28,MAG,29,0,11,17,0,37,15.6,13.6,0.0,0.7,76.4,1008.4,254.0,I,20.0,Istanbul,Haas F1 Team
29,MAG,30,0,11,17,0,37,15.5,13.6,0.0,0.8,76.0,1008.3,219.0,I,21.0,Istanbul,Haas F1 Team
30,MAG,31,0,11,17,0,38,15.6,13.6,0.0,1.0,75.9,1008.3,223.0,I,22.0,Istanbul,Haas F1 Team
31,MAG,32,0,11,17,0,38,15.6,13.6,0.0,1.0,75.9,1008.3,173.0,I,23.0,Istanbul,Haas F1 Team
32,MAG,33,0,11,17,0,39,15.3,13.6,0.0,0.8,75.4,1008.3,201.0,I,24.0,Istanbul,Haas F1 Team
33,MAG,34,0,11,17,0,40,15.3,13.7,0.0,1.6,75.7,1008.3,221.0,I,25.0,Istanbul,Haas F1 Team
34,MAG,35,0,18,17,0,39,15.3,13.7,0.0,1.9,75.3,1008.3,245.0,I,1.0,Istanbul,Haas F1 Team
35,MAG,36,0,18,17,0,39,14.6,13.6,0.0,2.0,76.8,1008.4,183.0,I,2.0,Istanbul,Haas F1 Team
36,MAG,37,0,18,17,0,39,14.5,13.5,0.0,1.2,77.7,1008.3,210.0,I,3.0,Istanbul,Haas F1 Team
37,MAG,38,0,18,17,0,40,14.3,13.4,0.0,1.5,78.2,1008.2,207.0,I,4.0,Istanbul,Haas F1 Team
38,MAG,39,0,18,17,0,40,14.3,13.4,0.0,1.7,78.0,1008.3,190.0,I,5.0,Istanbul,Haas F1 Team
39,MAG,40,0,18,17,0,41,14.1,13.3,0.0,0.5,78.2,1008.3,216.0,I,6.0,Istanbul,Haas F1 Team
40,MAG,41,0,18,17,0,41,14.1,13.3,0.0,0.7,78.2,1008.3,230.0,I,7.0,Istanbul,Haas F1 Team
41,MAG,42,0,18,17,0,42,14.1,13.3,0.0,0.7,78.2,1008.3,230.0,I,8.0,Istanbul,Haas F1 Team
42,MAG,43,0,18,17,0,42,13.9,13.2,0.0,2.7,77.9,1008.3,233.0,I,9.0,Istanbul,Haas F1 Team
43,MAG,44,0,18,17,0,42,13.9,13.2,0.0,2.0,78.2,1008.3,254.0,I,10.0,Istanbul,Haas F1 Team
44,MAG,45,0,18,17,0,42,13.9,13.2,0.0,1.3,78.5,1008.3,202.0,I,11.0,Istanbul,Haas F1 Team
45,MAG,46,0,18,17,0,43,13.8,13.1,0.0,1.8,78.7,1008.2,247.0,I,12.0,Istanbul,Haas F1 Team
46,MAG,47,0,18,17,0,43,13.8,13.2,0.0,1.7,79.2,1008.3,251.0,I,13.0,Istanbul,Haas F1 Team
47,MAG,48,0,18,17,0,43,13.9,13.1,0.0,1.2,79.1,1008.3,201.0,I,14.0,Istanbul,Haas F1 Team
48,MAG,49,0,18,17,0,44,13.9,13.1,0.0,0.6,79.4,1008.4,144.0,I,15.0,Istanbul,Haas F1 Team
49,MAG,50,0,17,17,0,44,13.9,13.1,0.0,0.3,79.7,1008.3,246.0,I,16.0,Istanbul,Haas F1 Team
50,MAG,51,0,17,17,0,45,13.9,13.1,0.0,0.9,79.6,1008.2,239.0,I,17.0,Istanbul,Haas F1 Team
51,MAG,52,0,17,17,0,45,13.9,13.0,0.0,1.4,79.4,1008.3,229.0,I,18.0,Istanbul,Haas F1 Team
52,MAG,53,0,17,17,0,45,13.8,13.0,0.0,1.2,79.2,1008.3,237.0,I,19.0,Istanbul,Haas F1 Team
53,MAG,54,0,17,17,0,46,13.9,13.0,0.0,1.0,79.3,1008.3,258.0,I,20.0,Istanbul,Haas F1 Team
54,MAG,55,0,17,17,0,46,14.0,13.0,0.0,1.2,79.3,1008.3,232.0,I,21.0,Istanbul,Haas F1 Team
0,NOR,1,0,15,8,0,37,15.8,12.7,0.0,1.2,83.0,1008.7,242.0,W,1.0,Istanbul,McLaren
1,NOR,2,0,15,8,0,41,15.8,12.9,0.0,1.2,83.1,1008.7,237.0,W,2.0,Istanbul,McLaren
2,NOR,3,0,15,8,0,39,15.7,13.0,0.0,1.2,82.7,1008.6,207.0,W,3.0,Istanbul,McLaren
3,NOR,4,0,15,8,0,39,15.7,13.0,0.0,1.2,81.7,1008.6,247.0,W,4.0,Istanbul,McLaren
4,NOR,5,0,15,8,0,39,15.7,13.0,0.0,1.5,81.9,1008.7,283.0,W,5.0,Istanbul,McLaren
5,NOR,6,0,15,8,0,39,15.7,13.1,0.0,1.2,82.4,1008.6,217.0,W,6.0,Istanbul,McLaren
6,NOR,7,0,14,8,0,39,15.6,13.0,0.0,1.1,81.8,1008.6,0.0,W,7.0,Istanbul,McLaren
7,NOR,8,0,13,8,0,38,15.6,13.0,0.0,1.1,81.6,1008.6,233.0,W,8.0,Istanbul,McLaren
8,NOR,9,0,10,8,0,38,15.6,13.0,0.0,1.7,81.3,1008.6,245.0,W,9.0,Istanbul,McLaren
9,NOR,10,0,15,8,0,39,15.6,13.0,0.0,0.8,81.3,1008.6,213.0,I,0.0,Istanbul,McLaren
10,NOR,11,0,14,8,0,39,16.1,13.2,0.0,1.1,81.6,1008.5,243.0,I,1.0,Istanbul,McLaren
11,NOR,12,0,14,8,0,40,15.9,13.2,0.0,0.6,80.5,1008.5,216.0,I,2.0,Istanbul,McLaren
12,NOR,13,0,14,8,0,40,16.0,13.2,0.0,1.1,79.8,1008.5,248.0,I,3.0,Istanbul,McLaren
13,NOR,14,0,14,8,0,42,16.1,13.3,0.0,1.4,79.7,1008.5,243.0,I,4.0,Istanbul,McLaren
14,NOR,15,0,13,8,0,42,16.1,13.3,0.0,0.9,79.0,1008.4,237.0,I,5.0,Istanbul,McLaren
15,NOR,16,0,12,8,0,43,16.4,13.4,0.0,0.8,78.8,1008.5,263.0,I,6.0,Istanbul,McLaren
16,NOR,17,0,12,8,0,42,16.9,13.5,0.0,0.8,77.3,1008.4,0.0,I,7.0,Istanbul,McLaren
17,NOR,18,0,12,8,0,42,16.9,13.5,0.0,0.9,77.5,1008.5,0.0,I,8.0,Istanbul,McLaren
18,NOR,19,0,12,8,0,42,16.5,13.6,0.0,0.4,77.6,1008.4,274.0,I,9.0,Istanbul,McLaren
19,NOR,20,0,12,8,0,43,16.1,13.6,0.0,0.9,77.7,1008.4,240.0,I,10.0,Istanbul,McLaren
20,NOR,21,0,12,8,0,43,16.1,13.6,0.0,0.7,78.5,1008.5,196.0,I,11.0,Istanbul,McLaren
21,NOR,22,0,12,8,0,44,16.1,13.5,0.0,1.3,78.4,1008.4,249.0,I,12.0,Istanbul,McLaren
22,NOR,23,0,12,8,0,44,15.8,13.5,0.0,1.0,77.3,1008.4,194.0,I,13.0,Istanbul,McLaren
23,NOR,24,0,11,8,0,45,15.7,13.5,0.0,0.8,75.9,1008.4,210.0,I,14.0,Istanbul,McLaren
24,NOR,25,0,11,8,0,46,15.6,13.6,0.0,1.0,76.1,1008.4,229.0,I,15.0,Istanbul,McLaren
25,NOR,26,0,11,8,0,46,15.5,13.6,0.0,0.7,75.6,1008.4,224.0,I,16.0,Istanbul,McLaren
26,NOR,27,0,10,8,0,47,15.5,13.6,0.0,0.8,76.0,1008.3,219.0,I,17.0,Istanbul,McLaren
27,NOR,28,0,10,8,0,48,15.6,13.6,0.0,0.8,75.8,1008.3,243.0,I,18.0,Istanbul,McLaren
28,NOR,29,0,10,8,0,48,15.6,13.6,0.0,1.0,75.9,1008.3,223.0,I,19.0,Istanbul,McLaren
29,NOR,30,0,10,8,0,49,15.6,13.6,0.0,1.0,75.9,1008.3,173.0,I,20.0,Istanbul,McLaren
30,NOR,31,0,10,8,0,50,15.3,13.6,0.0,0.8,75.4,1008.3,201.0,I,21.0,Istanbul,McLaren
31,NOR,32,0,10,8,0,50,15.3,13.7,0.0,1.9,75.3,1008.3,245.0,I,22.0,Istanbul,McLaren
32,NOR,33,0,10,8,0,51,14.8,13.8,0.0,2.1,76.2,1008.3,231.0,I,23.0,Istanbul,McLaren
33,NOR,34,0,10,8,0,53,14.8,13.7,0.0,2.0,76.5,1008.3,249.0,I,24.0,Istanbul,McLaren
34,NOR,35,0,10,8,0,53,14.6,13.6,0.0,2.0,76.8,1008.4,183.0,I,25.0,Istanbul,McLaren
35,NOR,36,0,10,8,0,54,14.5,13.5,0.0,1.8,77.8,1008.3,251.0,I,26.0,Istanbul,McLaren
36,NOR,37,0,10,8,0,54,14.3,13.4,0.0,1.5,78.2,1008.2,207.0,I,0.0,Istanbul,McLaren
37,NOR,38,0,10,8,0,54,14.3,13.4,0.0,1.7,78.0,1008.3,190.0,I,1.0,Istanbul,McLaren
38,NOR,39,0,10,8,0,55,14.1,13.3,0.0,0.5,78.2,1008.3,216.0,I,2.0,Istanbul,McLaren
39,NOR,40,0,10,8,0,55,14.1,13.3,0.0,0.5,78.2,1008.3,216.0,I,3.0,Istanbul,McLaren
40,NOR,41,0,10,8,0,55,14.1,13.3,0.0,0.7,78.2,1008.3,230.0,I,4.0,Istanbul,McLaren
41,NOR,42,0,10,8,0,56,14.1,13.3,0.0,0.7,78.2,1008.3,230.0,I,5.0,Istanbul,McLaren
42,NOR,43,0,10,8,0,56,14.0,13.2,0.0,2.0,78.3,1008.3,222.0,I,6.0,Istanbul,McLaren
43,NOR,44,0,10,8,0,56,14.0,13.2,0.0,2.1,78.1,1008.4,232.0,I,7.0,Istanbul,McLaren
44,NOR,45,0,10,8,0,56,13.9,13.2,0.0,1.9,77.9,1008.3,200.0,I,8.0,Istanbul,McLaren
45,NOR,46,0,10,8,0,56,13.9,13.2,0.0,2.0,78.2,1008.3,254.0,I,9.0,Istanbul,McLaren
46,NOR,47,0,10,8,0,57,13.8,13.1,0.0,1.8,78.7,1008.2,247.0,I,10.0,Istanbul,McLaren
47,NOR,48,0,9,8,0,57,13.9,13.2,0.0,1.8,79.0,1008.3,199.0,I,11.0,Istanbul,McLaren
48,NOR,49,0,9,8,0,57,13.8,13.2,0.0,1.7,79.2,1008.3,251.0,I,12.0,Istanbul,McLaren
49,NOR,50,0,9,8,0,57,13.9,13.2,0.0,1.6,79.1,1008.3,215.0,I,13.0,Istanbul,McLaren
50,NOR,51,0,9,8,0,57,13.9,13.1,0.0,1.0,79.4,1008.3,158.0,I,14.0,Istanbul,McLaren
51,NOR,52,0,9,8,0,58,13.9,13.1,0.0,0.6,79.4,1008.4,144.0,I,15.0,Istanbul,McLaren
52,NOR,53,0,9,8,0,58,13.9,13.1,0.0,0.3,79.7,1008.3,246.0,I,16.0,Istanbul,McLaren
53,NOR,54,0,9,8,0,58,13.9,13.1,0.0,0.5,79.8,1008.3,208.0,I,17.0,Istanbul,McLaren
54,NOR,55,0,9,8,0,58,13.9,13.0,0.0,1.4,79.4,1008.3,229.0,I,18.0,Istanbul,McLaren
55,NOR,56,0,8,8,0,59,13.8,13.0,0.0,1.2,79.2,1008.3,237.0,I,19.0,Istanbul,McLaren
56,NOR,57,0,8,8,0,59,13.9,13.0,0.0,1.2,79.3,1008.3,217.0,I,20.0,Istanbul,McLaren
57,NOR,58,0,8,8,0,59,14.0,13.0,0.0,1.2,79.3,1008.3,232.0,I,21.0,Istanbul,McLaren
0,SAI,1,0,9,5,0,33,15.7,13.0,0.0,1.2,81.7,1008.6,247.0,W,6.0,Istanbul,McLaren
1,SAI,2,0,9,5,0,38,15.7,13.0,0.0,1.5,81.9,1008.7,283.0,W,7.0,Istanbul,McLaren
2,SAI,3,0,9,5,0,38,15.6,13.0,0.0,1.1,81.8,1008.6,0.0,W,8.0,Istanbul,McLaren
3,SAI,4,0,9,5,0,39,15.6,13.0,0.0,1.1,81.6,1008.6,233.0,W,9.0,Istanbul,McLaren
4,SAI,5,0,8,5,0,40,15.7,13.1,0.0,1.0,81.2,1008.6,262.0,W,10.0,Istanbul,McLaren
5,SAI,6,0,8,5,0,41,15.9,13.2,0.0,1.1,81.2,1008.6,258.0,W,11.0,Istanbul,McLaren
6,SAI,7,0,8,5,0,42,15.9,13.2,0.0,1.3,81.8,1008.6,223.0,W,12.0,Istanbul,McLaren
7,SAI,8,0,8,5,0,42,15.9,13.2,0.0,1.6,81.9,1008.5,246.0,W,13.0,Istanbul,McLaren
8,SAI,9,0,6,5,0,43,16.1,13.3,0.0,1.1,81.9,1008.5,181.0,W,14.0,Istanbul,McLaren
9,SAI,10,0,6,5,0,44,16.0,13.2,0.0,1.2,81.6,1008.6,188.0,W,15.0,Istanbul,McLaren
10,SAI,11,0,8,5,0,44,15.9,13.1,0.0,0.9,80.7,1008.5,209.0,I,0.0,Istanbul,McLaren
11,SAI,12,0,8,5,0,45,15.8,13.1,0.0,1.0,80.2,1008.4,252.0,I,1.0,Istanbul,McLaren
12,SAI,13,0,8,5,0,45,15.9,13.2,0.0,1.2,80.0,1008.4,201.0,I,2.0,Istanbul,McLaren
13,SAI,14,0,8,5,0,43,16.0,13.2,0.0,1.1,79.8,1008.5,248.0,I,3.0,Istanbul,McLaren
14,SAI,15,0,8,5,0,42,16.0,13.3,0.0,0.8,79.6,1008.4,266.0,I,4.0,Istanbul,McLaren
15,SAI,16,0,8,5,0,43,16.1,13.3,0.0,1.4,79.7,1008.5,243.0,I,5.0,Istanbul,McLaren
16,SAI,17,0,8,5,0,42,16.1,13.3,0.0,0.9,79.0,1008.4,237.0,I,6.0,Istanbul,McLaren
17,SAI,18,0,8,5,0,42,16.2,13.4,0.0,1.2,79.0,1008.5,250.0,I,7.0,Istanbul,McLaren
18,SAI,19,0,7,5,0,42,16.3,13.4,0.0,1.2,78.7,1008.5,242.0,I,8.0,Istanbul,McLaren
19,SAI,20,0,7,5,0,42,16.6,13.5,0.0,1.1,78.4,1008.4,196.0,I,9.0,Istanbul,McLaren
20,SAI,21,0,7,5,0,43,16.8,13.4,0.0,1.1,77.5,1008.4,189.0,I,10.0,Istanbul,McLaren
21,SAI,22,0,7,5,0,43,16.9,13.5,0.0,0.8,77.3,1008.4,0.0,I,11.0,Istanbul,McLaren
22,SAI,23,0,7,5,0,44,16.9,13.5,0.0,0.9,77.5,1008.5,0.0,I,12.0,Istanbul,McLaren
23,SAI,24,0,7,5,0,44,16.5,13.6,0.0,0.4,77.6,1008.4,274.0,I,13.0,Istanbul,McLaren
24,SAI,25,0,7,5,0,44,16.5,13.7,0.0,0.6,78.1,1008.4,251.0,I,14.0,Istanbul,McLaren
25,SAI,26,0,7,5,0,45,16.4,13.8,0.0,0.9,78.5,1008.5,203.0,I,15.0,Istanbul,McLaren
26,SAI,27,0,7,5,0,45,16.1,13.6,0.0,0.7,78.5,1008.5,196.0,I,16.0,Istanbul,McLaren
27,SAI,28,0,7,5,0,46,15.8,13.5,0.0,1.0,77.3,1008.4,194.0,I,17.0,Istanbul,McLaren
28,SAI,29,0,7,5,0,46,15.7,13.5,0.0,1.8,76.5,1008.4,225.0,I,18.0,Istanbul,McLaren
29,SAI,30,0,7,5,0,46,15.7,13.6,0.0,0.8,76.2,1008.3,268.0,I,19.0,Istanbul,McLaren
30,SAI,31,0,7,5,0,47,15.6,13.6,0.0,1.0,76.1,1008.4,229.0,I,20.0,Istanbul,McLaren
31,SAI,32,0,6,5,0,47,15.5,13.6,0.0,0.7,75.6,1008.4,224.0,I,21.0,Istanbul,McLaren
32,SAI,33,0,6,5,0,47,15.6,13.6,0.0,1.0,75.9,1008.3,173.0,I,22.0,Istanbul,McLaren
33,SAI,34,0,8,5,0,48,15.3,13.6,0.0,0.8,75.4,1008.3,201.0,I,0.0,Istanbul,McLaren
34,SAI,35,0,8,5,0,48,15.3,13.6,0.0,1.0,75.5,1008.3,256.0,I,1.0,Istanbul,McLaren
35,SAI,36,0,8,5,0,48,15.3,13.7,0.0,1.6,75.7,1008.3,221.0,I,2.0,Istanbul,McLaren
36,SAI,37,0,8,5,0,48,15.3,13.7,0.0,1.9,75.3,1008.3,245.0,I,3.0,Istanbul,McLaren
37,SAI,38,0,8,5,0,48,14.8,13.7,0.0,2.0,76.5,1008.3,249.0,I,4.0,Istanbul,McLaren
38,SAI,39,0,8,5,0,48,14.6,13.6,0.0,2.0,76.8,1008.4,183.0,I,5.0,Istanbul,McLaren
39,SAI,40,0,8,5,0,49,14.5,13.5,0.0,1.2,77.7,1008.3,210.0,I,6.0,Istanbul,McLaren
40,SAI,41,0,7,5,0,49,14.5,13.5,0.0,1.8,77.8,1008.3,251.0,I,7.0,Istanbul,McLaren
41,SAI,42,0,7,5,0,49,14.5,13.5,0.0,1.8,77.8,1008.3,251.0,I,8.0,Istanbul,McLaren
42,SAI,43,0,7,5,0,49,14.1,13.3,0.0,0.5,78.2,1008.3,216.0,I,9.0,Istanbul,McLaren
43,SAI,44,0,5,5,0,50,14.1,13.3,0.0,0.7,78.2,1008.3,230.0,I,10.0,Istanbul,McLaren
44,SAI,45,0,5,5,0,50,14.0,13.2,0.0,2.0,78.3,1008.3,222.0,I,11.0,Istanbul,McLaren
45,SAI,46,0,5,5,0,50,14.0,13.2,0.0,2.1,78.1,1008.4,232.0,I,12.0,Istanbul,McLaren
46,SAI,47,0,5,5,0,51,13.9,13.2,0.0,1.9,77.9,1008.3,200.0,I,13.0,Istanbul,McLaren
47,SAI,48,0,5,5,0,51,13.9,13.2,0.0,2.0,78.2,1008.3,254.0,I,14.0,Istanbul,McLaren
48,SAI,49,0,5,5,0,51,13.9,13.2,0.0,1.6,79.1,1008.3,215.0,I,15.0,Istanbul,McLaren
49,SAI,50,0,5,5,0,51,13.9,13.2,0.0,1.6,79.1,1008.3,215.0,I,16.0,Istanbul,McLaren
50,SAI,51,0,5,5,0,51,13.9,13.1,0.0,1.0,79.4,1008.3,158.0,I,17.0,Istanbul,McLaren
51,SAI,52,0,5,5,0,51,13.9,13.1,0.0,0.3,79.7,1008.3,246.0,I,18.0,Istanbul,McLaren
52,SAI,53,0,5,5,0,52,13.9,13.1,0.0,0.9,79.6,1008.2,239.0,I,19.0,Istanbul,McLaren
53,SAI,54,0,5,5,0,52,13.9,13.0,0.0,1.4,79.4,1008.3,229.0,I,20.0,Istanbul,McLaren
54,SAI,55,0,5,5,0,52,13.8,13.0,0.0,1.2,79.2,1008.3,237.0,I,21.0,Istanbul,McLaren
55,SAI,56,0,5,5,0,52,13.8,13.0,0.0,1.1,79.3,1008.3,184.0,I,22.0,Istanbul,McLaren
56,SAI,57,0,5,5,0,52,13.9,13.0,0.0,1.0,79.3,1008.3,258.0,I,23.0,Istanbul,McLaren
57,SAI,58,0,5,5,0,52,14.0,13.0,0.0,1.2,79.3,1008.3,232.0,I,24.0,Istanbul,McLaren
0,KVY,1,0,12,12,0,48,15.8,12.7,0.0,1.2,83.0,1008.7,242.0,W,1.0,Istanbul,AlphaTauri
1,KVY,2,0,12,12,0,42,15.8,12.9,0.0,1.2,83.1,1008.7,237.0,W,2.0,Istanbul,AlphaTauri
2,KVY,3,0,12,12,0,41,15.7,12.9,0.0,1.8,82.9,1008.6,215.0,W,3.0,Istanbul,AlphaTauri
3,KVY,4,0,12,12,0,40,15.7,13.0,0.0,1.2,82.7,1008.6,207.0,W,4.0,Istanbul,AlphaTauri
4,KVY,5,0,12,12,0,41,15.7,13.0,0.0,1.2,81.7,1008.6,247.0,W,5.0,Istanbul,AlphaTauri
5,KVY,6,0,12,12,0,41,15.7,13.0,0.0,1.5,81.9,1008.7,283.0,W,6.0,Istanbul,AlphaTauri
6,KVY,7,0,12,12,0,41,15.6,13.0,0.0,1.1,81.6,1008.6,233.0,W,7.0,Istanbul,AlphaTauri
7,KVY,8,0,14,12,0,41,15.7,13.1,0.0,1.6,81.1,1008.6,238.0,W,8.0,Istanbul,AlphaTauri
8,KVY,9,0,18,12,0,42,16.0,13.2,0.0,1.2,81.6,1008.6,188.0,I,0.0,Istanbul,AlphaTauri
9,KVY,10,0,18,12,0,42,15.9,13.2,0.0,1.2,80.0,1008.4,201.0,I,1.0,Istanbul,AlphaTauri
10,KVY,11,0,17,12,0,42,16.0,13.2,0.0,1.1,79.8,1008.5,248.0,I,2.0,Istanbul,AlphaTauri
11,KVY,12,0,16,12,0,42,16.1,13.3,0.0,1.4,79.7,1008.5,243.0,I,3.0,Istanbul,AlphaTauri
12,KVY,13,0,16,12,0,43,16.2,13.4,0.0,1.2,79.0,1008.5,250.0,I,4.0,Istanbul,AlphaTauri
13,KVY,14,0,16,12,0,44,16.6,13.5,0.0,1.1,78.4,1008.4,196.0,I,5.0,Istanbul,AlphaTauri
14,KVY,15,0,16,12,0,44,16.9,13.5,0.0,0.8,77.3,1008.4,0.0,I,6.0,Istanbul,AlphaTauri
15,KVY,16,0,16,12,0,45,16.5,13.7,0.0,0.6,78.1,1008.4,251.0,I,7.0,Istanbul,AlphaTauri
16,KVY,17,0,17,12,0,44,16.4,13.7,0.0,0.8,77.7,1008.4,213.0,I,8.0,Istanbul,AlphaTauri
17,KVY,18,0,17,12,0,44,16.3,13.7,0.0,0.6,78.0,1008.5,205.0,I,9.0,Istanbul,AlphaTauri
18,KVY,19,0,17,12,0,44,16.1,13.6,0.0,0.9,77.7,1008.4,240.0,I,10.0,Istanbul,AlphaTauri
19,KVY,20,0,17,12,0,45,16.1,13.5,0.0,1.0,77.8,1008.4,278.0,I,11.0,Istanbul,AlphaTauri
20,KVY,21,0,16,12,0,46,16.1,13.6,0.0,0.7,78.5,1008.5,196.0,I,12.0,Istanbul,AlphaTauri
21,KVY,22,0,16,12,0,47,16.1,13.5,0.0,1.3,78.4,1008.4,249.0,I,13.0,Istanbul,AlphaTauri
22,KVY,23,0,16,12,0,48,15.9,13.5,0.0,1.0,78.5,1008.4,235.0,I,14.0,Istanbul,AlphaTauri
23,KVY,24,0,16,12,0,49,15.9,13.5,0.0,1.3,77.8,1008.4,253.0,I,15.0,Istanbul,AlphaTauri
24,KVY,25,0,16,12,0,50,15.7,13.5,0.0,1.8,76.5,1008.4,225.0,I,16.0,Istanbul,AlphaTauri
25,KVY,26,0,16,12,0,50,15.7,13.5,0.0,0.8,75.9,1008.4,210.0,I,17.0,Istanbul,AlphaTauri
26,KVY,27,0,16,12,0,51,15.6,13.6,0.0,0.7,76.4,1008.4,254.0,I,18.0,Istanbul,AlphaTauri
27,KVY,28,0,16,12,0,51,15.6,13.6,0.0,1.0,76.1,1008.4,229.0,I,19.0,Istanbul,AlphaTauri
28,KVY,29,0,16,12,0,52,15.5,13.6,0.0,0.7,75.6,1008.4,224.0,I,20.0,Istanbul,AlphaTauri
29,KVY,30,0,16,12,0,52,15.6,13.6,0.0,1.0,75.9,1008.3,223.0,I,21.0,Istanbul,AlphaTauri
30,KVY,31,0,15,12,0,53,15.3,13.6,0.0,0.8,75.4,1008.3,201.0,I,22.0,Istanbul,AlphaTauri
31,KVY,32,0,15,12,0,53,15.3,13.6,0.0,1.0,75.5,1008.3,256.0,I,23.0,Istanbul,AlphaTauri
32,KVY,33,0,14,12,0,54,15.3,13.7,0.0,1.6,75.7,1008.3,221.0,I,24.0,Istanbul,AlphaTauri
33,KVY,34,0,13,12,0,54,14.8,13.8,0.0,2.1,76.2,1008.3,231.0,I,25.0,Istanbul,AlphaTauri
34,KVY,35,0,12,12,0,55,14.8,13.7,0.0,2.0,76.5,1008.3,249.0,I,26.0,Istanbul,AlphaTauri
35,KVY,36,0,12,12,0,55,14.6,13.6,0.0,2.0,76.8,1008.4,183.0,I,27.0,Istanbul,AlphaTauri
36,KVY,37,0,12,12,0,55,14.5,13.6,0.0,2.5,76.9,1008.4,191.0,I,28.0,Istanbul,AlphaTauri
37,KVY,38,0,12,12,0,56,14.5,13.5,0.0,1.2,77.7,1008.3,210.0,I,29.0,Istanbul,AlphaTauri
38,KVY,39,0,12,12,0,56,14.5,13.5,0.0,1.2,77.7,1008.3,210.0,I,30.0,Istanbul,AlphaTauri
39,KVY,40,0,12,12,0,56,14.3,13.4,0.0,1.5,78.2,1008.2,207.0,I,31.0,Istanbul,AlphaTauri
40,KVY,41,0,12,12,0,57,14.3,13.4,0.0,1.7,78.0,1008.3,190.0,I,32.0,Istanbul,AlphaTauri
41,KVY,42,0,12,12,0,57,14.1,13.3,0.0,0.7,78.2,1008.3,230.0,I,33.0,Istanbul,AlphaTauri
42,KVY,43,0,12,12,0,58,14.0,13.2,0.0,2.0,78.3,1008.3,222.0,I,34.0,Istanbul,AlphaTauri
43,KVY,44,0,12,12,0,58,13.9,13.2,0.0,2.7,77.9,1008.3,233.0,I,35.0,Istanbul,AlphaTauri
44,KVY,45,0,12,12,0,58,13.9,13.2,0.0,1.9,77.9,1008.3,200.0,I,36.0,Istanbul,AlphaTauri
45,KVY,46,0,12,12,0,59,13.9,13.2,0.0,2.0,78.2,1008.3,254.0,I,37.0,Istanbul,AlphaTauri
46,KVY,47,0,12,12,0,59,13.9,13.2,0.0,1.8,79.0,1008.3,199.0,I,38.0,Istanbul,AlphaTauri
47,KVY,48,0,12,12,0,59,13.9,13.2,0.0,1.8,79.0,1008.3,199.0,I,39.0,Istanbul,AlphaTauri
48,KVY,49,0,12,12,0,59,13.9,13.2,0.0,1.6,79.1,1008.3,215.0,I,40.0,Istanbul,AlphaTauri
49,KVY,50,0,12,12,0,59,13.9,13.2,0.0,1.6,79.1,1008.3,215.0,I,41.0,Istanbul,AlphaTauri
50,KVY,51,0,12,12,0,59,13.9,13.1,0.0,1.2,79.1,1008.3,201.0,I,42.0,Istanbul,AlphaTauri
51,KVY,52,0,12,12,0,59,13.9,13.1,0.0,1.0,79.4,1008.3,158.0,I,43.0,Istanbul,AlphaTauri
52,KVY,53,0,12,12,0,59,13.9,13.1,0.0,0.5,79.8,1008.3,208.0,I,44.0,Istanbul,AlphaTauri
53,KVY,54,0,12,12,0,59,13.8,13.0,0.0,1.2,79.2,1008.3,237.0,I,45.0,Istanbul,AlphaTauri
54,KVY,55,0,12,12,0,59,13.8,13.0,0.0,1.1,79.3,1008.3,184.0,I,46.0,Istanbul,AlphaTauri
55,KVY,56,0,12,12,0,59,13.9,13.0,0.0,1.2,79.3,1008.3,217.0,I,47.0,Istanbul,AlphaTauri
56,KVY,57,0,12,12,0,59,14.0,13.0,0.0,1.2,79.3,1008.3,232.0,I,48.0,Istanbul,AlphaTauri
0,GRO,1,0,16,18,0,34,15.7,12.9,0.0,1.8,82.9,1008.6,215.0,W,1.0,Istanbul,Haas F1 Team
1,GRO,2,0,16,18,0,31,15.7,13.0,0.0,1.2,82.7,1008.6,207.0,W,2.0,Istanbul,Haas F1 Team
2,GRO,3,0,17,18,0,27,15.7,13.0,0.0,1.2,81.7,1008.6,247.0,W,3.0,Istanbul,Haas F1 Team
3,GRO,4,0,17,18,0,28,15.7,13.0,0.0,1.5,81.9,1008.7,283.0,W,4.0,Istanbul,Haas F1 Team
4,GRO,5,0,17,18,0,29,15.6,13.0,0.0,1.1,81.8,1008.6,0.0,W,5.0,Istanbul,Haas F1 Team
5,GRO,6,0,17,18,0,31,15.6,13.0,0.0,1.1,81.6,1008.6,233.0,W,6.0,Istanbul,Haas F1 Team
6,GRO,7,0,16,18,0,32,15.8,13.1,0.0,1.4,81.6,1008.6,258.0,W,7.0,Istanbul,Haas F1 Team
7,GRO,8,0,15,18,0,32,15.9,13.2,0.0,1.1,81.2,1008.6,258.0,W,8.0,Istanbul,Haas F1 Team
8,GRO,9,0,19,18,0,33,15.7,13.1,0.0,1.6,81.2,1008.5,254.0,I,0.0,Istanbul,Haas F1 Team
9,GRO,10,0,19,18,0,33,15.7,13.1,0.0,1.6,81.1,1008.6,238.0,I,1.0,Istanbul,Haas F1 Team
10,GRO,11,0,18,18,0,34,15.9,13.2,0.0,1.6,81.9,1008.5,246.0,I,2.0,Istanbul,Haas F1 Team
11,GRO,12,0,17,18,0,34,16.1,13.2,0.0,1.2,81.9,1008.6,0.0,I,3.0,Istanbul,Haas F1 Team
12,GRO,13,0,17,18,0,34,16.0,13.2,0.0,1.2,81.6,1008.6,188.0,I,4.0,Istanbul,Haas F1 Team
13,GRO,14,0,18,18,0,33,15.8,13.1,0.0,1.0,80.2,1008.4,252.0,I,5.0,Istanbul,Haas F1 Team
14,GRO,15,0,18,18,0,33,15.9,13.2,0.0,0.6,80.5,1008.5,216.0,I,6.0,Istanbul,Haas F1 Team
15,GRO,16,0,18,18,0,33,16.3,13.4,0.0,1.2,78.7,1008.5,242.0,I,7.0,Istanbul,Haas F1 Team
16,GRO,17,0,18,18,0,33,16.8,13.4,0.0,1.1,77.5,1008.4,189.0,I,8.0,Istanbul,Haas F1 Team
17,GRO,18,0,18,18,0,33,16.9,13.5,0.0,0.9,77.5,1008.5,0.0,I,9.0,Istanbul,Haas F1 Team
18,GRO,19,0,18,18,0,34,16.5,13.6,0.0,0.4,77.6,1008.4,274.0,I,10.0,Istanbul,Haas F1 Team
19,GRO,20,0,18,18,0,34,16.5,13.7,0.0,0.6,78.1,1008.4,251.0,I,11.0,Istanbul,Haas F1 Team
20,GRO,21,0,18,18,0,35,16.4,13.7,0.0,0.8,77.7,1008.4,213.0,I,12.0,Istanbul,Haas F1 Team
21,GRO,22,0,18,18,0,36,16.3,13.7,0.0,0.6,78.0,1008.5,205.0,I,13.0,Istanbul,Haas F1 Team
22,GRO,23,0,18,18,0,36,16.1,13.6,0.0,0.9,77.7,1008.4,240.0,I,14.0,Istanbul,Haas F1 Team
23,GRO,24,0,18,18,0,37,16.1,13.5,0.0,1.0,77.8,1008.4,278.0,I,15.0,Istanbul,Haas F1 Team
24,GRO,25,0,18,18,0,38,15.7,13.5,0.0,1.8,76.5,1008.4,225.0,I,16.0,Istanbul,Haas F1 Team
25,GRO,26,0,18,18,0,39,15.7,13.6,0.0,0.8,76.2,1008.3,268.0,I,17.0,Istanbul,Haas F1 Team
26,GRO,27,0,18,18,0,39,15.6,13.6,0.0,0.7,76.4,1008.4,254.0,I,18.0,Istanbul,Haas F1 Team
27,GRO,28,0,18,18,0,39,15.6,13.6,0.0,1.0,76.1,1008.4,229.0,I,19.0,Istanbul,Haas F1 Team
28,GRO,29,0,18,18,0,39,15.5,13.6,0.0,0.8,76.0,1008.3,219.0,I,20.0,Istanbul,Haas F1 Team
29,GRO,30,0,18,18,0,40,15.6,13.6,0.0,0.8,75.9,1008.3,186.0,I,21.0,Istanbul,Haas F1 Team
30,GRO,31,0,18,18,0,40,15.6,13.6,0.0,0.8,75.8,1008.3,243.0,I,22.0,Istanbul,Haas F1 Team
31,GRO,32,0,18,18,0,41,15.3,13.6,0.0,1.0,75.5,1008.3,256.0,I,23.0,Istanbul,Haas F1 Team
32,GRO,33,0,18,18,0,42,15.3,13.7,0.0,1.6,75.7,1008.3,221.0,I,24.0,Istanbul,Haas F1 Team
33,GRO,34,0,18,18,0,43,15.3,13.7,0.0,1.9,75.3,1008.3,245.0,I,25.0,Istanbul,Haas F1 Team
34,GRO,35,0,17,18,0,43,14.6,13.6,0.0,2.0,76.8,1008.4,183.0,I,26.0,Istanbul,Haas F1 Team
35,GRO,36,0,17,18,0,43,14.5,13.5,0.0,1.8,77.8,1008.3,251.0,I,27.0,Istanbul,Haas F1 Team
36,GRO,37,0,17,18,0,43,14.1,13.3,0.0,0.5,78.2,1008.3,216.0,I,0.0,Istanbul,Haas F1 Team
37,GRO,38,0,17,18,0,43,14.1,13.3,0.0,0.5,78.2,1008.3,216.0,I,1.0,Istanbul,Haas F1 Team
38,GRO,39,0,17,18,0,44,14.1,13.3,0.0,0.7,78.2,1008.3,230.0,I,2.0,Istanbul,Haas F1 Team
39,GRO,40,0,17,18,0,44,14.0,13.2,0.0,2.1,78.1,1008.4,232.0,I,3.0,Istanbul,Haas F1 Team
40,GRO,41,0,17,18,0,44,13.9,13.2,0.0,1.9,77.9,1008.3,200.0,I,4.0,Istanbul,Haas F1 Team
41,GRO,42,0,17,18,0,44,13.9,13.2,0.0,2.0,78.2,1008.3,254.0,I,5.0,Istanbul,Haas F1 Team
42,GRO,43,0,17,18,0,45,13.8,13.1,0.0,1.8,78.7,1008.2,247.0,I,6.0,Istanbul,Haas F1 Team
43,GRO,44,0,17,18,0,45,13.8,13.2,0.0,1.7,79.2,1008.3,251.0,I,7.0,Istanbul,Haas F1 Team
44,GRO,45,0,17,18,0,45,13.9,13.2,0.0,1.6,79.1,1008.3,215.0,I,8.0,Istanbul,Haas F1 Team
45,GRO,46,0,17,18,0,45,13.9,13.1,0.0,0.6,79.4,1008.4,144.0,I,9.0,Istanbul,Haas F1 Team
46,GRO,47,0,17,18,0,44,13.9,13.1,0.0,0.9,79.6,1008.2,239.0,I,10.0,Istanbul,Haas F1 Team
47,GRO,48,0,17,18,0,44,13.8,13.0,0.0,1.2,79.2,1008.3,237.0,I,11.0,Istanbul,Haas F1 Team
48,GRO,49,0,17,18,1,44,13.9,13.0,0.0,1.0,79.3,1008.3,258.0,I,12.0,Istanbul,Haas F1 Team
0,LAT,1,0,20,19,0,49,15.8,12.9,0.0,1.2,83.1,1008.7,237.0,I,0.0,Istanbul,Williams
1,LAT,2,0,19,19,0,44,15.7,13.0,0.0,1.2,81.7,1008.6,247.0,I,1.0,Istanbul,Williams
2,LAT,3,0,20,19,0,39,15.7,13.0,0.0,1.5,81.9,1008.7,283.0,I,2.0,Istanbul,Williams
3,LAT,4,0,20,19,0,37,15.6,13.0,0.0,1.1,81.8,1008.6,0.0,I,3.0,Istanbul,Williams
4,LAT,5,0,20,19,0,37,15.6,13.0,0.0,0.9,81.8,1008.7,192.0,I,4.0,Istanbul,Williams
5,LAT,6,0,20,19,0,36,15.6,13.0,0.0,0.8,81.3,1008.6,213.0,I,5.0,Istanbul,Williams
6,LAT,7,0,20,19,0,35,15.7,13.1,0.0,1.0,81.2,1008.6,262.0,I,6.0,Istanbul,Williams
7,LAT,8,0,20,19,0,35,15.8,13.1,0.0,1.4,81.6,1008.6,258.0,I,7.0,Istanbul,Williams
8,LAT,9,0,20,19,0,35,15.9,13.2,0.0,1.3,81.8,1008.6,223.0,I,0.0,Istanbul,Williams
9,LAT,10,0,20,19,0,34,15.7,13.1,0.0,1.6,81.2,1008.5,254.0,I,1.0,Istanbul,Williams
10,LAT,11,0,20,19,0,34,15.7,13.1,0.0,1.6,81.1,1008.6,238.0,I,2.0,Istanbul,Williams
11,LAT,12,0,19,19,0,34,15.9,13.2,0.0,1.6,81.9,1008.5,246.0,I,3.0,Istanbul,Williams
12,LAT,13,0,19,19,0,35,16.1,13.3,0.0,1.1,81.9,1008.5,181.0,I,4.0,Istanbul,Williams
13,LAT,14,0,19,19,0,37,16.0,13.2,0.0,1.2,81.6,1008.6,188.0,I,5.0,Istanbul,Williams
14,LAT,15,0,19,19,0,37,15.8,13.1,0.0,1.0,80.2,1008.4,252.0,I,6.0,Istanbul,Williams
15,LAT,16,0,19,19,0,37,15.9,13.2,0.0,1.2,80.0,1008.4,201.0,I,7.0,Istanbul,Williams
16,LAT,17,0,19,19,0,35,16.0,13.3,0.0,0.8,79.6,1008.4,266.0,I,8.0,Istanbul,Williams
17,LAT,18,0,19,19,0,35,16.1,13.3,0.0,1.4,79.7,1008.5,243.0,I,9.0,Istanbul,Williams
18,LAT,19,0,19,19,0,36,16.1,13.3,0.0,0.9,79.0,1008.4,237.0,I,10.0,Istanbul,Williams
19,LAT,20,0,19,19,0,37,16.9,13.5,0.0,0.9,77.5,1008.5,0.0,I,11.0,Istanbul,Williams
20,LAT,21,0,19,19,0,39,16.5,13.7,0.0,0.6,78.1,1008.4,251.0,I,12.0,Istanbul,Williams
21,LAT,22,0,19,19,0,40,15.9,13.5,0.0,1.0,78.5,1008.4,235.0,I,13.0,Istanbul,Williams
22,LAT,23,0,19,19,0,40,15.7,13.5,0.0,1.8,76.5,1008.4,225.0,I,14.0,Istanbul,Williams
23,LAT,24,0,19,19,0,41,15.7,13.5,0.0,0.8,75.9,1008.4,210.0,I,15.0,Istanbul,Williams
24,LAT,25,0,19,19,0,42,15.7,13.6,0.0,0.8,76.2,1008.3,268.0,I,16.0,Istanbul,Williams
25,LAT,26,0,19,19,0,43,15.6,13.6,0.0,1.0,76.1,1008.4,229.0,I,17.0,Istanbul,Williams
26,LAT,27,0,19,19,0,44,14.8,13.8,0.0,2.1,76.2,1008.3,231.0,I,18.0,Istanbul,Williams
27,LAT,28,0,19,19,0,44,14.5,13.5,0.0,1.2,77.7,1008.3,210.0,I,19.0,Istanbul,Williams
28,LAT,29,0,19,19,0,45,14.4,13.5,0.0,0.6,78.1,1008.3,0.0,I,20.0,Istanbul,Williams
29,LAT,30,0,19,19,0,46,14.1,13.3,0.0,0.5,78.2,1008.3,216.0,I,21.0,Istanbul,Williams
30,LAT,31,0,19,19,0,47,14.1,13.3,0.0,0.7,78.2,1008.3,230.0,I,22.0,Istanbul,Williams
31,LAT,32,0,19,19,0,48,14.1,13.3,0.0,0.7,78.2,1008.3,230.0,I,23.0,Istanbul,Williams
32,LAT,33,0,19,19,0,49,13.9,13.2,0.0,1.9,77.9,1008.3,200.0,I,24.0,Istanbul,Williams
33,LAT,34,0,19,19,0,49,13.9,13.1,0.0,1.0,79.4,1008.3,158.0,I,25.0,Istanbul,Williams
34,LAT,35,0,19,19,0,50,13.9,13.0,0.0,1.4,79.4,1008.3,229.0,I,26.0,Istanbul,Williams
35,LAT,36,0,19,19,0,50,13.8,13.0,0.0,1.1,79.3,1008.3,184.0,I,27.0,Istanbul,Williams
36,LAT,37,0,19,19,0,51,13.9,13.0,0.0,1.2,79.3,1008.3,217.0,I,28.0,Istanbul,Williams
37,LAT,38,0,19,19,0,51,13.9,13.0,0.0,1.0,79.3,1008.3,258.0,I,29.0,Istanbul,Williams
38,LAT,39,0,19,19,1,51,14.0,13.0,0.0,1.2,79.3,1008.3,232.0,I,0.0,Istanbul,Williams
0,GAS,1,0,13,13,0,66,15.8,12.7,0.0,1.2,83.0,1008.7,242.0,W,4.0,Istanbul,AlphaTauri
1,GAS,2,0,13,13,0,68,15.8,12.9,0.0,1.2,83.1,1008.7,237.0,W,5.0,Istanbul,AlphaTauri
2,GAS,3,0,13,13,0,68,15.7,13.0,0.0,1.2,82.7,1008.6,207.0,W,6.0,Istanbul,AlphaTauri
3,GAS,4,0,13,13,0,68,15.7,13.0,0.0,1.2,81.7,1008.6,247.0,W,7.0,Istanbul,AlphaTauri
4,GAS,5,0,13,13,0,67,15.7,13.1,0.0,1.2,82.4,1008.6,217.0,W,8.0,Istanbul,AlphaTauri
5,GAS,6,0,13,13,0,67,15.6,13.0,0.0,1.1,81.6,1008.6,233.0,W,9.0,Istanbul,AlphaTauri
6,GAS,7,0,13,13,0,67,15.9,13.2,0.0,1.6,81.9,1008.5,246.0,W,10.0,Istanbul,AlphaTauri
7,GAS,8,0,12,13,0,67,16.1,13.2,0.0,1.2,81.9,1008.6,0.0,W,11.0,Istanbul,AlphaTauri
8,GAS,9,0,9,13,0,68,16.1,13.2,0.0,1.1,81.6,1008.5,243.0,W,12.0,Istanbul,AlphaTauri
9,GAS,10,0,9,13,0,68,16.1,13.3,0.0,1.1,81.9,1008.5,181.0,W,13.0,Istanbul,AlphaTauri
10,GAS,11,0,15,13,0,69,16.0,13.2,0.0,1.2,81.6,1008.6,188.0,I,0.0,Istanbul,AlphaTauri
11,GAS,12,0,15,13,0,69,15.8,13.1,0.0,1.0,80.2,1008.4,252.0,I,1.0,Istanbul,AlphaTauri
12,GAS,13,0,15,13,0,70,16.0,13.2,0.0,1.1,79.8,1008.5,248.0,I,2.0,Istanbul,AlphaTauri
13,GAS,14,0,15,13,0,70,16.0,13.3,0.0,0.8,79.6,1008.4,266.0,I,3.0,Istanbul,AlphaTauri
14,GAS,15,0,15,13,0,69,16.3,13.4,0.0,1.2,78.7,1008.5,242.0,I,4.0,Istanbul,AlphaTauri
15,GAS,16,0,14,13,0,69,16.4,13.4,0.0,0.8,78.8,1008.5,263.0,I,5.0,Istanbul,AlphaTauri
16,GAS,17,0,14,13,0,69,16.8,13.4,0.0,1.1,77.5,1008.4,189.0,I,6.0,Istanbul,AlphaTauri
17,GAS,18,0,14,13,0,69,16.9,13.5,0.0,0.8,77.3,1008.4,0.0,I,7.0,Istanbul,AlphaTauri
18,GAS,19,0,14,13,0,69,16.5,13.6,0.0,0.4,77.6,1008.4,274.0,I,8.0,Istanbul,AlphaTauri
19,GAS,20,0,14,13,0,69,16.4,13.7,0.0,0.8,77.7,1008.4,213.0,I,9.0,Istanbul,AlphaTauri
20,GAS,21,0,14,13,0,69,16.4,13.8,0.0,0.9,78.5,1008.5,203.0,I,10.0,Istanbul,AlphaTauri
21,GAS,22,0,14,13,0,70,16.3,13.7,0.0,0.6,78.0,1008.5,205.0,I,11.0,Istanbul,AlphaTauri
22,GAS,23,0,14,13,0,70,16.1,13.6,0.0,0.9,77.7,1008.4,240.0,I,12.0,Istanbul,AlphaTauri
23,GAS,24,0,14,13,0,70,16.1,13.6,0.0,0.7,78.5,1008.5,196.0,I,13.0,Istanbul,AlphaTauri
24,GAS,25,0,14,13,0,71,15.9,13.5,0.0,1.3,77.8,1008.4,253.0,I,14.0,Istanbul,AlphaTauri
25,GAS,26,0,14,13,0,71,15.8,13.5,0.0,1.0,77.3,1008.4,194.0,I,15.0,Istanbul,AlphaTauri
26,GAS,27,0,14,13,0,72,15.7,13.5,0.0,1.8,76.5,1008.4,225.0,I,16.0,Istanbul,AlphaTauri
27,GAS,28,0,14,13,0,72,15.7,13.5,0.0,0.8,75.9,1008.4,210.0,I,17.0,Istanbul,AlphaTauri
28,GAS,29,0,13,13,0,73,15.7,13.6,0.0,0.8,76.2,1008.3,268.0,I,18.0,Istanbul,AlphaTauri
29,GAS,30,0,13,13,0,74,15.6,13.6,0.0,1.0,76.1,1008.4,229.0,I,19.0,Istanbul,AlphaTauri
30,GAS,31,0,13,13,0,74,15.5,13.6,0.0,0.8,76.0,1008.3,219.0,I,20.0,Istanbul,AlphaTauri
31,GAS,32,0,12,13,0,75,15.6,13.6,0.0,1.0,75.9,1008.3,223.0,I,21.0,Istanbul,AlphaTauri
32,GAS,33,0,12,13,0,76,15.3,13.6,0.0,0.8,75.4,1008.3,201.0,I,22.0,Istanbul,AlphaTauri
33,GAS,34,0,16,13,0,76,15.3,13.6,0.0,1.0,75.5,1008.3,256.0,I,0.0,Istanbul,AlphaTauri
34,GAS,35,0,15,13,0,76,15.3,13.7,0.0,1.6,75.7,1008.3,221.0,I,1.0,Istanbul,AlphaTauri
35,GAS,36,0,14,13,0,77,14.8,13.7,0.0,2.0,76.5,1008.3,249.0,I,2.0,Istanbul,AlphaTauri
36,GAS,37,0,14,13,0,77,14.6,13.6,0.0,2.0,76.8,1008.4,183.0,I,3.0,Istanbul,AlphaTauri
37,GAS,38,0,14,13,0,77,14.5,13.6,0.0,2.5,76.9,1008.4,191.0,I,4.0,Istanbul,AlphaTauri
38,GAS,39,0,14,13,0,78,14.5,13.5,0.0,1.2,77.7,1008.3,210.0,I,5.0,Istanbul,AlphaTauri
39,GAS,40,0,14,13,0,78,14.5,13.5,0.0,1.8,77.8,1008.3,251.0,I,6.0,Istanbul,AlphaTauri
40,GAS,41,0,14,13,0,78,14.5,13.5,0.0,1.8,77.8,1008.3,251.0,I,7.0,Istanbul,AlphaTauri
41,GAS,42,0,14,13,0,79,14.4,13.5,0.0,0.6,78.1,1008.3,0.0,I,8.0,Istanbul,AlphaTauri
42,GAS,43,0,14,13,0,79,14.3,13.4,0.0,1.5,78.2,1008.2,207.0,I,9.0,Istanbul,AlphaTauri
43,GAS,44,0,14,13,0,80,14.3,13.4,0.0,1.5,78.2,1008.2,207.0,I,10.0,Istanbul,AlphaTauri
44,GAS,45,0,14,13,0,80,14.1,13.3,0.0,0.5,78.2,1008.3,216.0,I,11.0,Istanbul,AlphaTauri
45,GAS,46,0,13,13,0,80,14.0,13.2,0.0,2.0,78.3,1008.3,222.0,I,12.0,Istanbul,AlphaTauri
46,GAS,47,0,13,13,0,81,14.0,13.2,0.0,2.1,78.1,1008.4,232.0,I,13.0,Istanbul,AlphaTauri
47,GAS,48,0,13,13,0,81,13.9,13.2,0.0,2.7,77.9,1008.3,233.0,I,14.0,Istanbul,AlphaTauri
48,GAS,49,0,13,13,0,81,13.9,13.2,0.0,1.9,77.9,1008.3,200.0,I,15.0,Istanbul,AlphaTauri
49,GAS,50,0,13,13,0,81,13.9,13.2,0.0,2.0,78.2,1008.3,254.0,I,16.0,Istanbul,AlphaTauri
50,GAS,51,0,13,13,0,81,13.8,13.1,0.0,1.8,78.7,1008.2,247.0,I,17.0,Istanbul,AlphaTauri
51,GAS,52,0,13,13,0,81,13.9,13.1,0.0,0.6,79.4,1008.4,144.0,I,18.0,Istanbul,AlphaTauri
52,GAS,53,0,13,13,0,81,13.9,13.1,0.0,0.9,79.6,1008.2,239.0,I,19.0,Istanbul,AlphaTauri
53,GAS,54,0,13,13,0,82,13.9,13.0,0.0,1.4,79.4,1008.3,229.0,I,20.0,Istanbul,AlphaTauri
54,GAS,55,0,13,13,0,81,13.8,13.0,0.0,1.1,79.3,1008.3,184.0,I,21.0,Istanbul,AlphaTauri
55,GAS,56,0,13,13,0,82,13.9,13.0,0.0,1.2,79.3,1008.3,217.0,I,22.0,Istanbul,AlphaTauri
56,GAS,57,0,13,13,0,82,14.0,13.0,0.0,1.2,79.3,1008.3,232.0,I,23.0,Istanbul,AlphaTauri
0,RUS,1,0,17,16,0,33,15.8,12.7,0.0,1.2,83.0,1008.7,242.0,I,0.0,Istanbul,Williams
1,RUS,2,0,18,16,0,35,15.7,13.0,0.0,1.2,81.7,1008.6,247.0,I,1.0,Istanbul,Williams
2,RUS,3,0,18,16,0,33,15.7,13.1,0.0,1.2,82.4,1008.6,217.0,I,2.0,Istanbul,Williams
3,RUS,4,0,18,16,0,35,15.6,13.0,0.0,1.1,81.6,1008.6,233.0,I,3.0,Istanbul,Williams
4,RUS,5,0,18,16,0,37,15.6,13.0,0.0,1.7,81.3,1008.6,245.0,I,4.0,Istanbul,Williams
5,RUS,6,0,18,16,0,38,15.6,13.0,0.0,0.8,81.3,1008.6,213.0,I,5.0,Istanbul,Williams
6,RUS,7,0,17,16,0,39,15.7,13.1,0.0,1.0,81.2,1008.6,262.0,I,6.0,Istanbul,Williams
7,RUS,8,0,16,16,0,40,15.9,13.2,0.0,1.1,81.2,1008.6,258.0,I,7.0,Istanbul,Williams
8,RUS,9,0,14,16,0,41,15.9,13.2,0.0,1.3,81.8,1008.6,223.0,I,8.0,Istanbul,Williams
9,RUS,10,0,13,16,0,42,15.9,13.2,0.0,1.6,81.9,1008.5,246.0,I,9.0,Istanbul,Williams
10,RUS,11,0,12,16,0,42,16.1,13.3,0.0,1.1,81.9,1008.5,181.0,I,10.0,Istanbul,Williams
11,RUS,12,0,11,16,0,43,15.8,13.1,0.0,1.0,80.2,1008.4,252.0,I,11.0,Istanbul,Williams
12,RUS,13,0,11,16,0,44,15.9,13.2,0.0,0.6,80.5,1008.5,216.0,I,12.0,Istanbul,Williams
13,RUS,14,0,11,16,0,44,15.9,13.2,0.0,1.2,80.0,1008.4,201.0,I,13.0,Istanbul,Williams
14,RUS,15,0,11,16,0,45,16.1,13.3,0.0,1.4,79.7,1008.5,243.0,I,14.0,Istanbul,Williams
15,RUS,16,0,11,16,0,45,16.1,13.3,0.0,0.9,79.0,1008.4,237.0,I,15.0,Istanbul,Williams
16,RUS,17,0,11,16,0,44,16.2,13.4,0.0,1.2,79.0,1008.5,250.0,I,16.0,Istanbul,Williams
17,RUS,18,0,11,16,0,44,16.3,13.4,0.0,1.2,78.7,1008.5,242.0,I,17.0,Istanbul,Williams
18,RUS,19,0,11,16,0,45,16.4,13.4,0.0,0.8,78.8,1008.5,263.0,I,18.0,Istanbul,Williams
19,RUS,20,0,11,16,0,45,16.8,13.4,0.0,1.1,77.5,1008.4,189.0,I,19.0,Istanbul,Williams
20,RUS,21,0,11,16,0,46,16.9,13.5,0.0,0.9,77.5,1008.5,0.0,I,20.0,Istanbul,Williams
21,RUS,22,0,11,16,0,47,16.5,13.6,0.0,0.4,77.6,1008.4,274.0,I,21.0,Istanbul,Williams
22,RUS,23,0,11,16,0,48,16.5,13.7,0.0,0.6,78.1,1008.4,251.0,I,22.0,Istanbul,Williams
23,RUS,24,0,12,16,0,49,16.4,13.7,0.0,0.8,77.7,1008.4,213.0,I,23.0,Istanbul,Williams
24,RUS,25,0,12,16,0,49,16.4,13.8,0.0,0.9,78.5,1008.5,203.0,I,24.0,Istanbul,Williams
25,RUS,26,0,12,16,0,50,15.9,13.5,0.0,1.3,77.8,1008.4,253.0,I,25.0,Istanbul,Williams
26,RUS,27,0,12,16,0,51,15.7,13.5,0.0,1.8,76.5,1008.4,225.0,I,26.0,Istanbul,Williams
27,RUS,28,0,12,16,0,51,15.7,13.6,0.0,0.8,76.2,1008.3,268.0,I,27.0,Istanbul,Williams
28,RUS,29,0,12,16,0,52,15.6,13.6,0.0,0.7,76.4,1008.4,254.0,I,28.0,Istanbul,Williams
29,RUS,30,0,12,16,0,52,15.6,13.6,0.0,1.0,76.1,1008.4,229.0,I,29.0,Istanbul,Williams
30,RUS,31,0,12,16,0,53,15.6,13.6,0.0,0.8,75.9,1008.3,186.0,I,30.0,Istanbul,Williams
31,RUS,32,0,13,16,0,53,15.6,13.6,0.0,1.0,75.9,1008.3,223.0,I,31.0,Istanbul,Williams
32,RUS,33,0,16,16,0,54,15.3,13.6,0.0,1.0,75.5,1008.3,256.0,I,0.0,Istanbul,Williams
33,RUS,34,0,15,16,0,55,14.8,13.8,0.0,2.1,76.2,1008.3,231.0,I,1.0,Istanbul,Williams
34,RUS,35,0,14,16,0,55,14.8,13.7,0.0,2.0,76.5,1008.3,249.0,I,2.0,Istanbul,Williams
35,RUS,36,0,15,16,0,55,14.6,13.6,0.0,2.0,76.8,1008.4,183.0,I,3.0,Istanbul,Williams
36,RUS,37,0,15,16,0,56,14.5,13.6,0.0,2.5,76.9,1008.4,191.0,I,4.0,Istanbul,Williams
37,RUS,38,0,15,16,0,56,14.5,13.5,0.0,1.2,77.7,1008.3,210.0,I,5.0,Istanbul,Williams
38,RUS,39,0,16,16,0,56,14.5,13.5,0.0,1.2,77.7,1008.3,210.0,I,6.0,Istanbul,Williams
39,RUS,40,0,16,16,0,56,14.5,13.5,0.0,1.8,77.8,1008.3,251.0,I,7.0,Istanbul,Williams
40,RUS,41,0,16,16,0,56,14.5,13.5,0.0,1.8,77.8,1008.3,251.0,I,8.0,Istanbul,Williams
41,RUS,42,0,16,16,0,56,14.4,13.5,0.0,0.6,78.1,1008.3,0.0,I,9.0,Istanbul,Williams
42,RUS,43,0,16,16,0,56,14.1,13.3,0.0,0.5,78.2,1008.3,216.0,I,0.0,Istanbul,Williams
43,RUS,44,0,16,16,0,56,14.1,13.3,0.0,0.7,78.2,1008.3,230.0,I,1.0,Istanbul,Williams
44,RUS,45,0,16,16,0,57,14.1,13.3,0.0,0.7,78.2,1008.3,230.0,I,2.0,Istanbul,Williams
45,RUS,46,0,16,16,0,57,14.0,13.2,0.0,2.0,78.3,1008.3,222.0,I,3.0,Istanbul,Williams
46,RUS,47,0,16,16,0,57,14.0,13.2,0.0,2.1,78.1,1008.4,232.0,I,4.0,Istanbul,Williams
47,RUS,48,0,16,16,0,57,13.9,13.2,0.0,2.0,78.2,1008.3,254.0,I,5.0,Istanbul,Williams
48,RUS,49,0,16,16,0,57,13.9,13.2,0.0,1.8,79.0,1008.3,199.0,I,6.0,Istanbul,Williams
49,RUS,50,0,16,16,0,57,13.9,13.2,0.0,1.6,79.1,1008.3,215.0,I,7.0,Istanbul,Williams
50,RUS,51,0,16,16,0,57,13.9,13.1,0.0,1.2,79.1,1008.3,201.0,I,8.0,Istanbul,Williams
51,RUS,52,0,16,16,0,57,13.9,13.1,0.0,1.0,79.4,1008.3,158.0,I,9.0,Istanbul,Williams
52,RUS,53,0,16,16,0,57,13.9,13.1,0.0,0.6,79.4,1008.4,144.0,I,10.0,Istanbul,Williams
53,RUS,54,0,16,16,0,57,13.9,13.1,0.0,0.3,79.7,1008.3,246.0,I,11.0,Istanbul,Williams
54,RUS,55,0,16,16,0,57,13.9,13.0,0.0,1.4,79.4,1008.3,229.0,I,12.0,Istanbul,Williams
55,RUS,56,0,16,16,0,57,13.8,13.0,0.0,1.2,79.2,1008.3,237.0,I,13.0,Istanbul,Williams
56,RUS,57,0,16,16,0,57,13.8,13.0,0.0,1.1,79.3,1008.3,184.0,I,14.0,Istanbul,Williams
