,idGP,driver,lap,trackStatus,position,targetPosition,grid,out,performance,trackTemp,airTemp,raining,windSpeed,humidity,pressure,windDir,tyre,tyreLap,track,team
0,54,BOT,1,1,1,1,1,0,77,24.0,17.8,0.0,0.4,71.5,1018.1,96.0,M,3,Imola,Mercedes
1,54,BOT,2,0,1,1,1,0,69,24.3,17.9,0.0,1.2,71.0,1018.2,84.0,M,4,Imola,Mercedes
2,54,BOT,3,0,1,1,1,0,70,24.2,18.2,0.0,0.9,70.2,1018.1,76.0,M,5,Imola,Mercedes
3,54,BOT,4,0,1,1,1,0,71,24.2,18.3,0.0,1.6,69.8,1018.1,87.0,M,6,Imola,Mercedes
4,54,BOT,5,0,1,1,1,0,71,24.2,18.0,0.0,1.6,70.4,1018.2,78.0,M,7,Imola,Mercedes
5,54,BOT,6,0,1,1,1,0,72,23.9,17.9,0.0,0.9,71.2,1018.2,52.0,M,8,Imola,Mercedes
6,54,BOT,7,0,1,1,1,0,73,23.6,17.9,0.0,1.1,71.4,1018.1,58.0,M,9,Imola,Mercedes
7,54,BOT,8,0,1,1,1,0,74,24.0,18.1,0.0,1.3,71.2,1018.1,82.0,M,10,Imola,Mercedes
8,54,BOT,9,0,1,1,1,0,72,24.1,18.2,0.0,0.9,70.6,1018.1,115.0,M,11,Imola,Mercedes
9,54,BOT,10,0,1,1,1,0,72,23.8,18.1,0.0,1.6,70.1,1018.2,102.0,M,12,Imola,Mercedes
10,54,BOT,11,0,1,1,1,0,72,23.7,18.0,0.0,2.3,70.2,1018.0,87.0,M,13,Imola,Mercedes
11,54,BOT,12,0,1,1,1,0,72,23.7,18.1,0.0,2.2,70.6,1018.0,105.0,M,14,Imola,Mercedes
12,54,BOT,13,0,1,1,1,0,72,23.8,18.2,0.0,1.1,70.3,1018.0,72.0,M,15,Imola,Mercedes
13,54,BOT,14,0,1,1,1,0,72,23.8,18.4,0.0,1.2,69.6,1018.0,257.0,M,16,Imola,Mercedes
14,54,BOT,15,0,1,1,1,0,72,23.8,18.4,0.0,0.8,69.7,1018.0,58.0,M,17,Imola,Mercedes
15,54,BOT,16,0,1,1,1,0,73,23.8,18.5,0.0,1.2,70.0,1018.0,61.0,M,18,Imola,Mercedes
16,54,BOT,17,0,1,1,1,0,73,23.5,18.5,0.0,1.3,69.6,1018.0,93.0,M,19,Imola,Mercedes
17,54,BOT,18,0,1,1,1,0,73,23.4,18.4,0.0,2.1,70.0,1018.0,90.0,M,20,Imola,Mercedes
18,54,BOT,19,0,1,2,1,0,73,23.2,18.3,0.0,2.3,70.4,1018.1,88.0,M,21,Imola,Mercedes
19,54,BOT,20,0,2,2,1,0,73,23.1,18.3,0.0,1.9,70.7,1018.0,103.0,H,0,Imola,Mercedes
20,54,BOT,21,0,2,2,1,0,73,23.1,18.3,0.0,2.3,71.0,1018.0,79.0,H,1,Imola,Mercedes
21,54,BOT,22,0,2,2,1,0,73,23.1,18.4,0.0,1.6,70.1,1018.0,93.0,H,2,Imola,Mercedes
22,54,BOT,23,0,2,2,1,0,73,22.8,18.1,0.0,1.2,70.9,1018.0,90.0,H,3,Imola,Mercedes
23,54,BOT,24,0,2,2,1,0,73,22.7,18.2,0.0,1.4,70.9,1017.9,88.0,H,4,Imola,Mercedes
24,54,BOT,25,0,2,2,1,0,74,22.9,18.1,0.0,1.6,71.1,1018.0,69.0,H,5,Imola,Mercedes
25,54,BOT,26,0,2,2,1,0,74,22.8,18.1,0.0,1.0,70.7,1018.0,67.0,H,6,Imola,Mercedes
26,54,BOT,27,0,2,2,1,0,74,22.7,18.1,0.0,1.2,70.9,1017.9,97.0,H,7,Imola,Mercedes
27,54,BOT,28,0,2,2,1,0,74,22.7,18.0,0.0,1.3,71.1,1017.9,112.0,H,8,Imola,Mercedes
28,54,BOT,29,1,2,2,1,0,74,23.0,18.3,0.0,1.9,70.2,1017.8,85.0,H,9,Imola,Mercedes
29,54,BOT,30,2,2,2,1,0,74,23.2,18.3,0.0,1.7,69.8,1017.8,110.0,H,10,Imola,Mercedes
30,54,BOT,31,2,2,2,1,0,73,23.1,18.3,0.0,1.3,70.4,1017.9,117.0,H,11,Imola,Mercedes
31,54,BOT,32,0,2,2,1,0,73,23.1,18.4,0.0,1.1,70.3,1017.8,97.0,H,12,Imola,Mercedes
32,54,BOT,33,0,2,2,1,0,72,23.1,18.2,0.0,1.3,70.9,1017.8,37.0,H,13,Imola,Mercedes
33,54,BOT,34,0,2,2,1,0,72,23.0,18.1,0.0,1.0,71.3,1017.8,79.0,H,14,Imola,Mercedes
34,54,BOT,35,0,2,2,1,0,71,23.0,18.2,0.0,0.7,71.7,1017.7,56.0,H,15,Imola,Mercedes
35,54,BOT,36,0,2,2,1,0,71,22.9,18.3,0.0,2.2,71.1,1017.8,73.0,H,16,Imola,Mercedes
36,54,BOT,37,0,2,2,1,0,70,23.0,18.3,0.0,1.9,70.7,1017.8,72.0,H,17,Imola,Mercedes
37,54,BOT,38,0,2,2,1,0,70,22.9,18.1,0.0,1.2,71.0,1017.7,58.0,H,18,Imola,Mercedes
38,54,BOT,39,0,2,2,1,0,70,22.6,18.0,0.0,1.1,72.0,1017.7,80.0,H,19,Imola,Mercedes
39,54,BOT,40,0,2,2,1,0,70,22.7,18.0,0.0,1.6,71.5,1017.6,93.0,H,20,Imola,Mercedes
40,54,BOT,41,0,2,2,1,0,70,22.7,18.1,0.0,1.5,70.9,1017.7,68.0,H,21,Imola,Mercedes
41,54,BOT,42,0,2,2,1,0,70,22.7,18.2,0.0,2.1,71.0,1017.6,70.0,H,22,Imola,Mercedes
42,54,BOT,43,0,2,3,1,0,70,22.7,18.2,0.0,1.7,71.2,1017.6,82.0,H,23,Imola,Mercedes
43,54,BOT,44,0,3,3,1,0,69,22.8,18.4,0.0,2.6,70.6,1017.6,95.0,H,24,Imola,Mercedes
44,54,BOT,45,0,3,3,1,0,69,22.8,18.3,0.0,1.8,70.8,1017.5,87.0,H,25,Imola,Mercedes
45,54,BOT,46,0,3,3,1,0,68,22.8,18.4,0.0,2.3,70.4,1017.5,91.0,H,26,Imola,Mercedes
46,54,BOT,47,0,3,3,1,0,68,22.6,18.3,0.0,3.1,70.9,1017.6,95.0,H,27,Imola,Mercedes
47,54,BOT,48,0,3,3,1,0,67,22.5,18.2,0.0,1.2,71.3,1017.6,68.0,H,28,Imola,Mercedes
48,54,BOT,49,0,3,3,1,0,67,22.5,18.3,0.0,2.5,71.0,1017.5,94.0,H,29,Imola,Mercedes
49,54,BOT,50,0,3,3,1,0,67,22.5,18.3,0.0,1.9,71.1,1017.6,75.0,H,30,Imola,Mercedes
50,54,BOT,51,2,3,2,1,0,66,22.5,18.3,0.0,1.7,71.0,1017.4,79.0,H,31,Imola,Mercedes
51,54,BOT,52,2,2,2,1,0,65,22.6,18.3,0.0,1.9,70.9,1017.5,95.0,S,3,Imola,Mercedes
52,54,BOT,53,2,2,2,1,0,64,22.4,18.3,0.0,2.1,70.6,1017.5,100.0,S,4,Imola,Mercedes
53,54,BOT,54,2,2,2,1,0,62,22.2,18.2,0.0,1.3,71.2,1017.5,95.0,S,5,Imola,Mercedes
54,54,BOT,55,2,2,2,1,0,61,22.2,18.3,0.0,1.8,71.0,1017.5,66.0,S,6,Imola,Mercedes
55,54,BOT,56,2,2,2,1,0,59,22.3,18.2,0.0,1.1,71.0,1017.5,91.0,S,7,Imola,Mercedes
56,54,BOT,57,2,2,2,1,0,57,22.2,18.3,0.0,1.4,71.1,1017.4,70.0,S,8,Imola,Mercedes
57,54,BOT,58,1,2,2,1,0,56,22.2,18.3,0.0,1.1,70.7,1017.3,63.0,S,9,Imola,Mercedes
58,54,BOT,59,0,2,2,1,0,57,22.2,18.3,0.0,1.1,70.7,1017.3,63.0,S,10,Imola,Mercedes
59,54,BOT,60,0,2,2,1,0,57,22.0,18.2,0.0,0.7,70.8,1017.4,84.0,S,11,Imola,Mercedes
60,54,BOT,61,0,2,2,1,0,57,22.0,18.2,0.0,0.9,71.0,1017.4,54.0,S,12,Imola,Mercedes
61,54,BOT,62,0,2,2,1,0,57,22.0,18.3,0.0,0.9,70.8,1017.4,76.0,S,13,Imola,Mercedes
62,54,BOT,63,0,2,2,1,0,57,22.0,18.3,0.0,1.6,70.6,1017.5,66.0,S,14,Imola,Mercedes
0,54,HAM,1,1,3,3,3,0,83,24.0,17.6,0.0,0.6,72.6,1018.1,163.0,M,3,Imola,Mercedes
1,54,HAM,2,0,3,3,3,0,78,24.2,18.1,0.0,1.2,70.9,1018.1,92.0,M,4,Imola,Mercedes
2,54,HAM,3,0,3,3,3,0,75,24.2,18.2,0.0,0.9,70.2,1018.1,76.0,M,5,Imola,Mercedes
3,54,HAM,4,0,3,3,3,0,71,24.2,18.3,0.0,1.6,69.8,1018.1,87.0,M,6,Imola,Mercedes
4,54,HAM,5,0,3,3,3,0,67,24.2,18.0,0.0,1.6,70.4,1018.2,78.0,M,7,Imola,Mercedes
5,54,HAM,6,0,3,3,3,0,66,23.9,17.9,0.0,0.9,71.2,1018.2,52.0,M,8,Imola,Mercedes
6,54,HAM,7,0,3,3,3,0,65,24.1,18.2,0.0,0.9,70.6,1018.1,115.0,M,9,Imola,Mercedes
7,54,HAM,8,0,3,3,3,0,64,24.0,18.2,0.0,1.4,70.1,1018.1,89.0,M,10,Imola,Mercedes
8,54,HAM,9,0,3,3,3,0,64,23.8,18.1,0.0,1.6,70.1,1018.2,102.0,M,11,Imola,Mercedes
9,54,HAM,10,0,3,3,3,0,63,23.7,18.1,0.0,2.2,70.6,1018.0,105.0,M,12,Imola,Mercedes
10,54,HAM,11,0,3,3,3,0,62,23.8,18.2,0.0,1.1,70.3,1018.0,72.0,M,13,Imola,Mercedes
11,54,HAM,12,0,3,3,3,0,61,23.8,18.3,0.0,1.4,69.9,1018.1,96.0,M,14,Imola,Mercedes
12,54,HAM,13,0,3,3,3,0,61,23.8,18.4,0.0,1.2,69.6,1018.0,257.0,M,15,Imola,Mercedes
13,54,HAM,14,0,3,3,3,0,61,23.5,18.5,0.0,1.3,69.6,1018.0,93.0,M,16,Imola,Mercedes
14,54,HAM,15,0,3,3,3,0,61,23.5,18.5,0.0,1.3,69.6,1018.0,93.0,M,17,Imola,Mercedes
15,54,HAM,16,0,3,3,3,0,61,23.2,18.3,0.0,2.3,70.4,1018.1,88.0,M,18,Imola,Mercedes
16,54,HAM,17,0,3,3,3,0,61,23.1,18.3,0.0,2.3,71.0,1018.0,79.0,M,19,Imola,Mercedes
17,54,HAM,18,0,3,2,3,0,62,23.1,18.4,0.0,1.6,70.1,1018.0,93.0,M,20,Imola,Mercedes
18,54,HAM,19,0,2,1,3,0,62,23.1,18.3,0.0,1.4,70.0,1018.0,92.0,M,21,Imola,Mercedes
19,54,HAM,20,0,1,1,3,0,63,22.8,18.2,0.0,1.4,70.7,1018.0,76.0,M,22,Imola,Mercedes
20,54,HAM,21,0,1,1,3,0,63,22.8,18.1,0.0,1.2,70.9,1018.0,90.0,M,23,Imola,Mercedes
21,54,HAM,22,0,1,1,3,0,64,22.8,18.1,0.0,1.6,70.7,1017.9,105.0,M,24,Imola,Mercedes
22,54,HAM,23,0,1,1,3,0,65,22.8,18.1,0.0,1.0,70.7,1018.0,67.0,M,25,Imola,Mercedes
23,54,HAM,24,0,1,1,3,0,66,22.7,18.1,0.0,1.2,70.9,1017.9,97.0,M,26,Imola,Mercedes
24,54,HAM,25,0,1,1,3,0,66,22.7,18.0,0.0,1.3,71.1,1017.9,112.0,M,27,Imola,Mercedes
25,54,HAM,26,0,1,1,3,0,66,22.8,18.1,0.0,1.8,70.8,1017.9,98.0,M,28,Imola,Mercedes
26,54,HAM,27,0,1,1,3,0,65,22.9,18.3,0.0,2.6,70.5,1017.8,80.0,M,29,Imola,Mercedes
27,54,HAM,28,0,1,1,3,0,65,23.0,18.3,0.0,1.9,70.2,1017.8,85.0,M,30,Imola,Mercedes
28,54,HAM,29,1,1,1,3,0,65,23.1,18.3,0.0,1.3,70.4,1017.9,117.0,M,31,Imola,Mercedes
29,54,HAM,30,2,1,1,3,0,65,23.1,18.4,0.0,0.9,70.3,1017.8,78.0,M,32,Imola,Mercedes
30,54,HAM,31,2,1,1,3,0,65,23.1,18.4,0.0,1.1,70.3,1017.8,97.0,H,0,Imola,Mercedes
31,54,HAM,32,0,1,1,3,0,65,23.1,18.4,0.0,1.0,70.0,1017.9,76.0,H,1,Imola,Mercedes
32,54,HAM,33,0,1,1,3,0,64,23.1,18.2,0.0,1.3,70.8,1017.9,87.0,H,2,Imola,Mercedes
33,54,HAM,34,0,1,1,3,0,63,23.0,18.1,0.0,1.0,71.3,1017.8,79.0,H,3,Imola,Mercedes
34,54,HAM,35,0,1,1,3,0,63,23.0,18.2,0.0,0.7,71.7,1017.7,56.0,H,4,Imola,Mercedes
35,54,HAM,36,0,1,1,3,0,63,22.9,18.3,0.0,2.2,71.1,1017.8,73.0,H,5,Imola,Mercedes
36,54,HAM,37,0,1,1,3,0,62,23.0,18.3,0.0,1.9,70.7,1017.8,72.0,H,6,Imola,Mercedes
37,54,HAM,38,0,1,1,3,0,62,22.9,18.1,0.0,1.2,71.0,1017.7,58.0,H,7,Imola,Mercedes
38,54,HAM,39,0,1,1,3,0,61,22.6,18.0,0.0,1.1,72.0,1017.7,80.0,H,8,Imola,Mercedes
39,54,HAM,40,0,1,1,3,0,61,22.7,18.0,0.0,1.6,71.5,1017.6,93.0,H,9,Imola,Mercedes
40,54,HAM,41,0,1,1,3,0,61,22.8,18.1,0.0,2.4,71.1,1017.6,106.0,H,10,Imola,Mercedes
41,54,HAM,42,0,1,1,3,0,61,22.8,18.2,0.0,3.0,71.1,1017.6,79.0,H,11,Imola,Mercedes
42,54,HAM,43,0,1,1,3,0,61,22.7,18.1,0.0,1.5,70.9,1017.7,68.0,H,12,Imola,Mercedes
43,54,HAM,44,0,1,1,3,0,61,22.7,18.2,0.0,2.1,71.0,1017.6,70.0,H,13,Imola,Mercedes
44,54,HAM,45,0,1,1,3,0,61,22.7,18.2,0.0,1.7,71.2,1017.6,82.0,H,14,Imola,Mercedes
45,54,HAM,46,0,1,1,3,0,61,22.8,18.4,0.0,2.6,70.6,1017.6,95.0,H,15,Imola,Mercedes
46,54,HAM,47,0,1,1,3,0,61,22.6,18.3,0.0,3.1,70.9,1017.6,95.0,H,16,Imola,Mercedes
47,54,HAM,48,0,1,1,3,0,61,22.5,18.3,0.0,0.6,70.8,1017.5,55.0,H,17,Imola,Mercedes
48,54,HAM,49,0,1,1,3,0,61,22.5,18.2,0.0,1.2,71.3,1017.6,68.0,H,18,Imola,Mercedes
49,54,HAM,50,0,1,1,3,0,62,22.5,18.3,0.0,1.9,71.1,1017.6,75.0,H,19,Imola,Mercedes
50,54,HAM,51,2,1,1,3,0,62,22.5,18.3,0.0,1.7,71.0,1017.4,79.0,H,20,Imola,Mercedes
51,54,HAM,52,2,1,1,3,0,60,22.5,18.3,0.0,1.2,71.0,1017.5,96.0,H,21,Imola,Mercedes
52,54,HAM,53,2,1,1,3,0,58,22.6,18.4,0.0,1.6,70.6,1017.5,91.0,S,3,Imola,Mercedes
53,54,HAM,54,2,1,1,3,0,56,22.4,18.3,0.0,1.7,70.9,1017.4,111.0,S,4,Imola,Mercedes
54,54,HAM,55,2,1,1,3,0,55,22.4,18.3,0.0,2.3,71.0,1017.5,75.0,S,5,Imola,Mercedes
55,54,HAM,56,2,1,1,3,0,54,22.2,18.3,0.0,1.2,70.8,1017.5,101.0,S,6,Imola,Mercedes
56,54,HAM,57,2,1,1,3,0,52,22.2,18.3,0.0,1.4,71.1,1017.4,70.0,S,7,Imola,Mercedes
57,54,HAM,58,1,1,1,3,0,52,22.2,18.3,0.0,1.1,70.7,1017.3,63.0,S,8,Imola,Mercedes
58,54,HAM,59,0,1,1,3,0,52,22.2,18.2,0.0,1.2,70.9,1017.4,62.0,S,9,Imola,Mercedes
59,54,HAM,60,0,1,1,3,0,53,22.0,18.2,0.0,0.7,70.8,1017.4,84.0,S,10,Imola,Mercedes
60,54,HAM,61,0,1,1,3,0,53,22.0,18.2,0.0,0.9,71.0,1017.4,54.0,S,11,Imola,Mercedes
61,54,HAM,62,0,1,1,3,0,54,22.0,18.3,0.0,0.9,70.8,1017.4,76.0,S,12,Imola,Mercedes
62,54,HAM,63,0,1,1,3,0,54,22.0,18.3,0.0,1.6,70.6,1017.5,66.0,S,13,Imola,Mercedes
0,54,VER,1,1,2,2,2,0,58,24.3,17.9,0.0,1.2,71.0,1018.2,84.0,M,3,Imola,Red Bull Racing
1,54,VER,2,0,2,2,2,0,65,23.6,17.9,0.0,1.1,71.4,1018.1,58.0,M,4,Imola,Red Bull Racing
2,54,VER,3,0,2,2,2,0,68,24.0,18.1,0.0,1.3,71.2,1018.1,82.0,M,5,Imola,Red Bull Racing
3,54,VER,4,0,2,2,2,0,69,24.0,18.2,0.0,1.4,70.1,1018.1,89.0,M,6,Imola,Red Bull Racing
4,54,VER,5,0,2,2,2,0,67,23.8,18.1,0.0,1.6,70.1,1018.2,102.0,M,7,Imola,Red Bull Racing
5,54,VER,6,0,2,2,2,0,67,23.7,18.1,0.0,2.2,70.6,1018.0,105.0,M,8,Imola,Red Bull Racing
6,54,VER,7,0,2,2,2,0,67,23.8,18.2,0.0,1.1,70.3,1018.0,72.0,M,9,Imola,Red Bull Racing
7,54,VER,8,0,2,2,2,0,67,23.8,18.3,0.0,1.4,69.9,1018.1,96.0,M,10,Imola,Red Bull Racing
8,54,VER,9,0,2,2,2,0,66,23.8,18.4,0.0,1.2,69.6,1018.0,257.0,M,11,Imola,Red Bull Racing
9,54,VER,10,0,2,2,2,0,65,23.8,18.4,0.0,0.8,69.7,1018.0,58.0,M,12,Imola,Red Bull Racing
10,54,VER,11,0,2,2,2,0,64,23.1,18.3,0.0,1.9,70.7,1018.0,103.0,M,13,Imola,Red Bull Racing
11,54,VER,12,0,2,2,2,0,63,23.1,18.3,0.0,2.3,71.0,1018.0,79.0,M,14,Imola,Red Bull Racing
12,54,VER,13,0,2,2,2,0,63,23.1,18.4,0.0,1.8,70.8,1018.0,73.0,M,15,Imola,Red Bull Racing
13,54,VER,14,0,2,2,2,0,63,23.1,18.3,0.0,1.4,70.0,1018.0,92.0,M,16,Imola,Red Bull Racing
14,54,VER,15,0,2,2,2,0,63,22.8,18.2,0.0,1.4,70.7,1018.0,76.0,M,17,Imola,Red Bull Racing
15,54,VER,16,0,2,2,2,0,63,22.8,18.1,0.0,1.2,70.9,1018.0,90.0,M,18,Imola,Red Bull Racing
16,54,VER,17,0,2,2,2,0,63,22.7,18.2,0.0,1.4,70.9,1017.9,88.0,M,19,Imola,Red Bull Racing
17,54,VER,18,0,2,3,2,0,62,22.7,18.1,0.0,1.2,70.9,1017.9,97.0,M,20,Imola,Red Bull Racing
18,54,VER,19,0,3,3,2,0,62,22.8,18.1,0.0,1.8,70.8,1017.9,98.0,H,0,Imola,Red Bull Racing
19,54,VER,20,0,3,3,2,0,62,22.9,18.3,0.0,2.6,70.5,1017.8,80.0,H,1,Imola,Red Bull Racing
20,54,VER,21,0,3,3,2,0,62,23.0,18.3,0.0,1.9,70.2,1017.8,85.0,H,2,Imola,Red Bull Racing
21,54,VER,22,0,3,3,2,0,62,23.2,18.3,0.0,1.7,69.8,1017.8,110.0,H,3,Imola,Red Bull Racing
22,54,VER,23,0,3,3,2,0,63,23.1,18.2,0.0,1.4,70.7,1017.8,84.0,H,4,Imola,Red Bull Racing
23,54,VER,24,0,3,3,2,0,62,23.1,18.4,0.0,0.9,70.3,1017.8,78.0,H,5,Imola,Red Bull Racing
24,54,VER,25,0,3,3,2,0,62,23.1,18.4,0.0,1.1,70.3,1017.8,97.0,H,6,Imola,Red Bull Racing
25,54,VER,26,0,3,3,2,0,62,23.0,18.3,0.0,1.9,70.7,1017.8,72.0,H,7,Imola,Red Bull Racing
26,54,VER,27,0,3,3,2,0,62,22.9,18.1,0.0,1.2,71.0,1017.7,58.0,H,8,Imola,Red Bull Racing
27,54,VER,28,0,3,3,2,0,63,22.8,18.2,0.0,3.0,71.1,1017.6,79.0,H,9,Imola,Red Bull Racing
28,54,VER,29,1,3,3,2,0,62,22.7,18.1,0.0,1.5,70.9,1017.7,68.0,H,10,Imola,Red Bull Racing
29,54,VER,30,2,3,3,2,0,62,22.7,18.2,0.0,2.1,71.0,1017.6,70.0,H,11,Imola,Red Bull Racing
30,54,VER,31,2,3,3,2,0,61,22.8,18.3,0.0,1.8,70.8,1017.5,87.0,H,12,Imola,Red Bull Racing
31,54,VER,32,0,3,3,2,0,61,22.8,18.4,0.0,2.3,70.4,1017.5,91.0,H,13,Imola,Red Bull Racing
32,54,VER,33,0,3,3,2,0,61,22.6,18.3,0.0,3.1,70.9,1017.6,95.0,H,14,Imola,Red Bull Racing
33,54,VER,34,0,3,3,2,0,61,22.5,18.3,0.0,0.6,70.8,1017.5,55.0,H,15,Imola,Red Bull Racing
34,54,VER,35,0,3,3,2,0,61,22.5,18.2,0.0,1.2,71.3,1017.6,68.0,H,16,Imola,Red Bull Racing
35,54,VER,36,0,3,3,2,0,61,22.5,18.3,0.0,2.5,71.0,1017.5,94.0,H,17,Imola,Red Bull Racing
36,54,VER,37,0,3,3,2,0,61,22.5,18.3,0.0,1.9,71.1,1017.6,75.0,H,18,Imola,Red Bull Racing
37,54,VER,38,0,3,3,2,0,60,22.5,18.3,0.0,1.7,71.0,1017.4,79.0,H,19,Imola,Red Bull Racing
38,54,VER,39,0,3,3,2,0,60,22.6,18.3,0.0,1.6,71.1,1017.5,73.0,H,20,Imola,Red Bull Racing
39,54,VER,40,0,3,3,2,0,60,22.5,18.3,0.0,1.2,71.0,1017.5,96.0,H,21,Imola,Red Bull Racing
40,54,VER,41,0,3,3,2,0,60,22.5,18.4,0.0,1.3,70.8,1017.4,87.0,H,22,Imola,Red Bull Racing
41,54,VER,42,0,3,3,2,0,61,22.5,18.4,0.0,1.2,70.6,1017.5,67.0,H,23,Imola,Red Bull Racing
42,54,VER,43,0,3,2,2,0,60,22.6,18.4,0.0,1.6,70.6,1017.5,91.0,H,24,Imola,Red Bull Racing
43,54,VER,44,0,2,2,2,0,61,22.4,18.3,0.0,2.1,70.6,1017.5,100.0,H,25,Imola,Red Bull Racing
44,54,VER,45,0,2,2,2,0,61,22.3,18.2,0.0,1.1,71.0,1017.5,91.0,H,26,Imola,Red Bull Racing
45,54,VER,46,0,2,2,2,0,61,22.4,18.3,0.0,2.1,71.1,1017.5,104.0,H,27,Imola,Red Bull Racing
46,54,VER,47,0,2,2,2,0,61,22.4,18.3,0.0,2.3,71.0,1017.5,75.0,H,28,Imola,Red Bull Racing
47,54,VER,48,0,2,2,2,0,62,22.2,18.3,0.0,1.1,70.7,1017.3,63.0,H,29,Imola,Red Bull Racing
48,54,VER,49,0,2,2,2,0,62,22.0,18.3,0.0,0.9,70.8,1017.4,76.0,H,30,Imola,Red Bull Racing
49,54,VER,50,0,2,2,2,1,62,22.0,18.3,0.0,1.6,70.6,1017.5,66.0,H,31,Imola,Red Bull Racing
0,54,GAS,1,1,5,5,5,0,64,23.1,18.4,0.0,0.9,70.3,1017.8,78.0,S,3,Imola,AlphaTauri
1,54,GAS,2,0,5,5,5,0,63,23.0,18.1,0.0,1.0,71.3,1017.8,79.0,S,4,Imola,AlphaTauri
2,54,GAS,3,0,5,5,5,0,66,22.6,18.3,0.0,1.9,70.9,1017.5,95.0,S,5,Imola,AlphaTauri
3,54,GAS,4,0,5,5,5,0,66,22.5,18.4,0.0,1.3,70.8,1017.4,87.0,S,6,Imola,AlphaTauri
4,54,GAS,5,0,5,5,5,0,64,22.5,18.4,0.0,1.2,70.6,1017.5,67.0,S,7,Imola,AlphaTauri
5,54,GAS,6,0,5,5,5,0,63,22.2,18.3,0.0,1.8,71.0,1017.5,66.0,S,8,Imola,AlphaTauri
6,54,GAS,7,0,5,5,5,0,64,22.2,18.2,0.0,1.2,70.9,1017.4,62.0,S,9,Imola,AlphaTauri
7,54,GAS,8,0,5,7,5,1,62,22.0,18.3,0.0,1.6,70.6,1017.5,66.0,S,10,Imola,AlphaTauri
0,54,RIC,1,1,4,4,4,0,61,24.0,17.6,0.0,0.6,72.6,1018.1,163.0,S,3,Imola,Renault
1,54,RIC,2,0,4,4,4,0,58,24.0,17.8,0.0,0.4,71.5,1018.1,96.0,S,4,Imola,Renault
2,54,RIC,3,0,4,4,4,0,59,24.2,18.1,0.0,1.2,70.9,1018.1,92.0,S,5,Imola,Renault
3,54,RIC,4,0,4,4,4,0,60,24.2,18.3,0.0,1.6,69.8,1018.1,87.0,S,6,Imola,Renault
4,54,RIC,5,0,4,4,4,0,61,24.2,18.0,0.0,1.6,70.4,1018.2,78.0,S,7,Imola,Renault
5,54,RIC,6,0,4,4,4,0,64,23.9,17.9,0.0,0.9,71.2,1018.2,52.0,S,8,Imola,Renault
6,54,RIC,7,0,4,4,4,0,66,24.1,18.2,0.0,0.9,70.6,1018.1,115.0,S,9,Imola,Renault
7,54,RIC,8,0,4,4,4,0,67,24.0,18.2,0.0,1.4,70.1,1018.1,89.0,S,10,Imola,Renault
8,54,RIC,9,0,4,4,4,0,67,23.8,18.1,0.0,1.6,70.1,1018.2,102.0,S,11,Imola,Renault
9,54,RIC,10,0,4,4,4,0,67,23.7,18.0,0.0,2.3,70.2,1018.0,87.0,S,12,Imola,Renault
10,54,RIC,11,0,4,4,4,0,66,23.7,18.1,0.0,2.2,70.6,1018.0,105.0,S,13,Imola,Renault
11,54,RIC,12,0,4,4,4,0,66,23.8,18.3,0.0,1.4,69.9,1018.1,96.0,S,14,Imola,Renault
12,54,RIC,13,0,4,4,4,0,66,23.8,18.4,0.0,1.2,69.6,1018.0,257.0,S,15,Imola,Renault
13,54,RIC,14,0,4,4,4,0,66,23.8,18.5,0.0,1.2,70.0,1018.0,61.0,S,16,Imola,Renault
14,54,RIC,15,0,4,10,4,0,66,23.5,18.5,0.0,1.3,69.6,1018.0,93.0,H,0,Imola,Renault
15,54,RIC,16,0,10,10,4,0,66,23.4,18.4,0.0,2.1,70.0,1018.0,90.0,H,1,Imola,Renault
16,54,RIC,17,0,10,10,4,0,65,23.1,18.3,0.0,1.9,70.7,1018.0,103.0,H,2,Imola,Renault
17,54,RIC,18,0,10,9,4,0,66,23.1,18.4,0.0,1.8,70.8,1018.0,73.0,H,3,Imola,Renault
18,54,RIC,19,0,9,9,4,0,66,23.1,18.4,0.0,1.6,70.1,1018.0,93.0,H,4,Imola,Renault
19,54,RIC,20,0,9,9,4,0,65,23.1,18.3,0.0,1.4,70.0,1018.0,92.0,H,5,Imola,Renault
20,54,RIC,21,0,9,9,4,0,66,22.8,18.2,0.0,1.4,70.7,1018.0,76.0,H,6,Imola,Renault
21,54,RIC,22,0,9,9,4,0,66,22.8,18.1,0.0,1.6,70.7,1017.9,105.0,H,7,Imola,Renault
22,54,RIC,23,0,9,9,4,0,66,22.7,18.0,0.0,1.3,71.1,1017.9,112.0,H,8,Imola,Renault
23,54,RIC,24,0,9,9,4,0,66,22.8,18.1,0.0,1.8,70.8,1017.9,98.0,H,9,Imola,Renault
24,54,RIC,25,0,9,9,4,0,66,22.9,18.3,0.0,2.6,70.5,1017.8,80.0,H,10,Imola,Renault
25,54,RIC,26,0,9,9,4,0,66,23.0,18.3,0.0,1.9,70.2,1017.8,85.0,H,11,Imola,Renault
26,54,RIC,27,0,9,8,4,0,66,23.1,18.2,0.0,1.4,70.7,1017.8,84.0,H,12,Imola,Renault
27,54,RIC,28,0,8,8,4,0,66,23.1,18.4,0.0,0.9,70.3,1017.8,78.0,H,13,Imola,Renault
28,54,RIC,29,1,8,8,4,0,66,23.1,18.4,0.0,1.1,70.3,1017.8,97.0,H,14,Imola,Renault
29,54,RIC,30,2,8,8,4,0,66,23.1,18.2,0.0,1.3,70.9,1017.8,37.0,H,15,Imola,Renault
30,54,RIC,31,2,8,8,4,0,66,23.0,18.1,0.0,1.0,71.3,1017.8,79.0,H,16,Imola,Renault
31,54,RIC,32,0,8,8,4,0,66,23.0,18.3,0.0,1.9,70.7,1017.8,72.0,H,17,Imola,Renault
32,54,RIC,33,0,8,8,4,0,66,22.9,18.1,0.0,1.2,71.0,1017.7,58.0,H,18,Imola,Renault
33,54,RIC,34,0,8,8,4,0,66,22.6,18.0,0.0,1.1,72.0,1017.7,80.0,H,19,Imola,Renault
34,54,RIC,35,0,8,7,4,0,65,22.7,18.0,0.0,1.6,71.5,1017.6,93.0,H,20,Imola,Renault
35,54,RIC,36,0,7,7,4,0,66,22.8,18.2,0.0,3.0,71.1,1017.6,79.0,H,21,Imola,Renault
36,54,RIC,37,0,7,7,4,0,65,22.7,18.2,0.0,1.7,71.0,1017.7,81.0,H,22,Imola,Renault
37,54,RIC,38,0,7,7,4,0,66,22.7,18.2,0.0,2.1,71.0,1017.6,70.0,H,23,Imola,Renault
38,54,RIC,39,0,7,7,4,0,66,22.7,18.2,0.0,1.7,71.2,1017.6,82.0,H,24,Imola,Renault
39,54,RIC,40,0,7,6,4,0,66,22.8,18.4,0.0,2.6,70.6,1017.6,95.0,H,25,Imola,Renault
40,54,RIC,41,0,6,6,4,0,66,22.8,18.3,0.0,1.8,70.8,1017.5,87.0,H,26,Imola,Renault
41,54,RIC,42,0,6,6,4,0,66,22.8,18.4,0.0,2.3,70.4,1017.5,91.0,H,27,Imola,Renault
42,54,RIC,43,0,6,6,4,0,66,22.6,18.3,0.0,3.1,70.9,1017.6,95.0,H,28,Imola,Renault
43,54,RIC,44,0,6,6,4,0,66,22.5,18.3,0.0,0.6,70.8,1017.5,55.0,H,29,Imola,Renault
44,54,RIC,45,0,6,6,4,0,66,22.5,18.2,0.0,1.2,71.3,1017.6,68.0,H,30,Imola,Renault
45,54,RIC,46,0,6,6,4,0,66,22.5,18.3,0.0,2.5,71.0,1017.5,94.0,H,31,Imola,Renault
46,54,RIC,47,0,6,6,4,0,66,22.5,18.3,0.0,1.7,71.0,1017.4,79.0,H,32,Imola,Renault
47,54,RIC,48,0,6,6,4,0,66,22.6,18.3,0.0,1.9,70.9,1017.5,95.0,H,33,Imola,Renault
48,54,RIC,49,0,6,5,4,0,66,22.6,18.3,0.0,1.6,71.1,1017.5,73.0,H,34,Imola,Renault
49,54,RIC,50,0,5,5,4,0,66,22.5,18.3,0.0,1.2,71.0,1017.5,96.0,H,35,Imola,Renault
50,54,RIC,51,2,5,4,4,0,66,22.5,18.4,0.0,1.3,70.8,1017.4,87.0,H,36,Imola,Renault
51,54,RIC,52,2,4,3,4,0,66,22.5,18.4,0.0,1.2,70.6,1017.5,67.0,H,37,Imola,Renault
52,54,RIC,53,2,3,3,4,0,66,22.4,18.3,0.0,2.1,70.6,1017.5,100.0,H,38,Imola,Renault
53,54,RIC,54,2,3,3,4,0,66,22.2,18.2,0.0,1.3,71.2,1017.5,95.0,H,39,Imola,Renault
54,54,RIC,55,2,3,3,4,0,65,22.4,18.3,0.0,1.7,70.9,1017.4,111.0,H,40,Imola,Renault
55,54,RIC,56,2,3,3,4,0,63,22.4,18.3,0.0,2.3,71.0,1017.5,75.0,H,41,Imola,Renault
56,54,RIC,57,2,3,3,4,0,62,22.2,18.3,0.0,1.4,71.1,1017.4,70.0,H,42,Imola,Renault
57,54,RIC,58,1,3,3,4,0,61,22.2,18.3,0.0,1.1,70.7,1017.3,63.0,H,43,Imola,Renault
58,54,RIC,59,0,3,3,4,0,61,22.2,18.2,0.0,1.2,70.9,1017.4,62.0,H,44,Imola,Renault
59,54,RIC,60,0,3,3,4,0,61,22.0,18.2,0.0,0.7,70.8,1017.4,84.0,H,45,Imola,Renault
60,54,RIC,61,0,3,3,4,0,62,22.0,18.3,0.0,0.9,70.8,1017.4,76.0,H,46,Imola,Renault
61,54,RIC,62,0,3,3,4,0,62,22.0,18.3,0.0,1.6,70.6,1017.5,66.0,H,47,Imola,Renault
62,54,RIC,63,0,3,3,4,0,62,22.0,18.3,0.0,1.6,70.6,1017.5,66.0,H,48,Imola,Renault
0,54,ALB,1,1,7,7,7,0,39,24.0,17.6,0.0,0.6,72.6,1018.1,163.0,S,3,Imola,Red Bull Racing
1,54,ALB,2,0,7,7,7,0,43,24.0,17.8,0.0,0.4,71.5,1018.1,96.0,S,4,Imola,Red Bull Racing
2,54,ALB,3,0,7,7,7,0,37,24.3,17.9,0.0,1.2,71.0,1018.2,84.0,S,5,Imola,Red Bull Racing
3,54,ALB,4,0,7,7,7,0,33,24.2,18.2,0.0,0.9,70.2,1018.1,76.0,S,6,Imola,Red Bull Racing
4,54,ALB,5,0,7,7,7,0,31,24.2,18.3,0.0,1.6,69.8,1018.1,87.0,S,7,Imola,Red Bull Racing
5,54,ALB,6,0,7,7,7,0,31,24.2,18.0,0.0,1.6,70.4,1018.2,78.0,S,8,Imola,Red Bull Racing
6,54,ALB,7,0,7,7,7,0,31,24.0,18.1,0.0,1.3,71.2,1018.1,82.0,S,9,Imola,Red Bull Racing
7,54,ALB,8,0,7,6,7,0,31,24.1,18.2,0.0,0.9,70.6,1018.1,115.0,S,10,Imola,Red Bull Racing
8,54,ALB,9,0,6,6,7,0,30,24.0,18.2,0.0,1.4,70.1,1018.1,89.0,S,11,Imola,Red Bull Racing
9,54,ALB,10,0,6,6,7,0,31,23.8,18.2,0.0,1.1,70.3,1018.0,72.0,S,12,Imola,Red Bull Racing
10,54,ALB,11,0,6,6,7,0,31,23.8,18.4,0.0,1.2,69.6,1018.0,257.0,S,13,Imola,Red Bull Racing
11,54,ALB,12,0,6,6,7,0,31,23.5,18.5,0.0,1.3,69.6,1018.0,93.0,S,14,Imola,Red Bull Racing
12,54,ALB,13,0,6,5,7,0,31,23.4,18.4,0.0,2.1,70.0,1018.0,90.0,S,15,Imola,Red Bull Racing
13,54,ALB,14,0,5,6,7,0,32,23.2,18.3,0.0,2.3,70.4,1018.1,88.0,S,16,Imola,Red Bull Racing
14,54,ALB,15,0,6,12,7,0,30,23.1,18.3,0.0,1.9,70.7,1018.0,103.0,H,0,Imola,Red Bull Racing
15,54,ALB,16,0,12,12,7,0,30,23.1,18.3,0.0,2.3,71.0,1018.0,79.0,H,1,Imola,Red Bull Racing
16,54,ALB,17,0,12,12,7,0,30,23.1,18.3,0.0,1.4,70.0,1018.0,92.0,H,2,Imola,Red Bull Racing
17,54,ALB,18,0,12,11,7,0,30,22.8,18.2,0.0,1.4,70.7,1018.0,76.0,H,3,Imola,Red Bull Racing
18,54,ALB,19,0,11,11,7,0,30,22.7,18.2,0.0,1.4,70.9,1017.9,88.0,H,4,Imola,Red Bull Racing
19,54,ALB,20,0,11,11,7,0,30,22.8,18.1,0.0,1.6,70.7,1017.9,105.0,H,5,Imola,Red Bull Racing
20,54,ALB,21,0,11,11,7,0,30,22.8,18.1,0.0,1.0,70.7,1018.0,67.0,H,6,Imola,Red Bull Racing
21,54,ALB,22,0,11,11,7,0,30,22.7,18.1,0.0,1.2,70.9,1017.9,97.0,H,7,Imola,Red Bull Racing
22,54,ALB,23,0,11,11,7,0,30,22.7,18.0,0.0,1.3,71.1,1017.9,112.0,H,8,Imola,Red Bull Racing
23,54,ALB,24,0,11,11,7,0,30,22.9,18.3,0.0,2.6,70.5,1017.8,80.0,H,9,Imola,Red Bull Racing
24,54,ALB,25,0,11,11,7,0,30,23.0,18.3,0.0,1.9,70.2,1017.8,85.0,H,10,Imola,Red Bull Racing
25,54,ALB,26,0,11,11,7,0,31,23.1,18.3,0.0,1.3,70.4,1017.9,117.0,H,11,Imola,Red Bull Racing
26,54,ALB,27,0,11,10,7,0,30,23.1,18.4,0.0,0.9,70.3,1017.8,78.0,H,12,Imola,Red Bull Racing
27,54,ALB,28,0,10,10,7,0,30,23.1,18.4,0.0,1.1,70.3,1017.8,97.0,H,13,Imola,Red Bull Racing
28,54,ALB,29,1,10,10,7,0,30,23.1,18.4,0.0,1.0,70.0,1017.9,76.0,H,14,Imola,Red Bull Racing
29,54,ALB,30,2,10,10,7,0,29,23.0,18.1,0.0,1.0,71.3,1017.8,79.0,H,15,Imola,Red Bull Racing
30,54,ALB,31,2,10,10,7,0,29,23.0,18.2,0.0,0.7,71.7,1017.7,56.0,H,16,Imola,Red Bull Racing
31,54,ALB,32,0,10,10,7,0,29,22.9,18.3,0.0,2.2,71.1,1017.8,73.0,H,17,Imola,Red Bull Racing
32,54,ALB,33,0,10,10,7,0,29,23.0,18.3,0.0,1.9,70.7,1017.8,72.0,H,18,Imola,Red Bull Racing
33,54,ALB,34,0,10,10,7,0,29,22.9,18.1,0.0,1.2,71.0,1017.7,58.0,H,19,Imola,Red Bull Racing
34,54,ALB,35,0,10,9,7,0,29,22.7,18.0,0.0,1.6,71.5,1017.6,93.0,H,20,Imola,Red Bull Racing
35,54,ALB,36,0,9,9,7,0,29,22.8,18.1,0.0,2.4,71.1,1017.6,106.0,H,21,Imola,Red Bull Racing
36,54,ALB,37,0,9,9,7,0,29,22.8,18.2,0.0,3.0,71.1,1017.6,79.0,H,22,Imola,Red Bull Racing
37,54,ALB,38,0,9,9,7,0,29,22.7,18.2,0.0,2.1,71.0,1017.6,70.0,H,23,Imola,Red Bull Racing
38,54,ALB,39,0,9,9,7,0,29,22.7,18.2,0.0,1.7,71.2,1017.6,82.0,H,24,Imola,Red Bull Racing
39,54,ALB,40,0,9,8,7,0,29,22.8,18.4,0.0,2.6,70.6,1017.6,95.0,H,25,Imola,Red Bull Racing
40,54,ALB,41,0,8,8,7,0,29,22.8,18.3,0.0,1.8,70.8,1017.5,87.0,H,26,Imola,Red Bull Racing
41,54,ALB,42,0,8,8,7,0,29,22.8,18.4,0.0,2.3,70.4,1017.5,91.0,H,27,Imola,Red Bull Racing
42,54,ALB,43,0,8,8,7,0,29,22.6,18.3,0.0,3.1,70.9,1017.6,95.0,H,28,Imola,Red Bull Racing
43,54,ALB,44,0,8,8,7,0,29,22.5,18.3,0.0,0.6,70.8,1017.5,55.0,H,29,Imola,Red Bull Racing
44,54,ALB,45,0,8,8,7,0,29,22.5,18.2,0.0,1.2,71.3,1017.6,68.0,H,30,Imola,Red Bull Racing
45,54,ALB,46,0,8,8,7,0,30,22.5,18.3,0.0,1.9,71.1,1017.6,75.0,H,31,Imola,Red Bull Racing
46,54,ALB,47,0,8,8,7,0,30,22.5,18.3,0.0,1.7,71.0,1017.4,79.0,H,32,Imola,Red Bull Racing
47,54,ALB,48,0,8,8,7,0,30,22.6,18.3,0.0,1.6,71.1,1017.5,73.0,H,33,Imola,Red Bull Racing
48,54,ALB,49,0,8,7,7,0,31,22.5,18.3,0.0,1.2,71.0,1017.5,96.0,H,34,Imola,Red Bull Racing
49,54,ALB,50,0,7,7,7,0,31,22.5,18.4,0.0,1.3,70.8,1017.4,87.0,H,35,Imola,Red Bull Racing
50,54,ALB,51,2,7,6,7,0,30,22.4,18.3,0.0,2.1,70.6,1017.5,100.0,H,36,Imola,Red Bull Racing
51,54,ALB,52,2,6,5,7,0,30,22.2,18.3,0.0,1.8,71.0,1017.5,66.0,H,37,Imola,Red Bull Racing
52,54,ALB,53,2,5,5,7,0,30,22.4,18.3,0.0,2.1,71.1,1017.5,104.0,H,38,Imola,Red Bull Racing
53,54,ALB,54,2,5,5,7,0,31,22.4,18.3,0.0,1.7,70.9,1017.4,111.0,H,39,Imola,Red Bull Racing
54,54,ALB,55,2,5,5,7,0,30,22.4,18.3,0.0,2.3,71.0,1017.5,75.0,H,40,Imola,Red Bull Racing
55,54,ALB,56,2,5,5,7,0,29,22.2,18.3,0.0,1.2,70.8,1017.5,101.0,H,41,Imola,Red Bull Racing
56,54,ALB,57,2,5,5,7,0,27,22.2,18.3,0.0,1.4,71.1,1017.4,70.0,H,42,Imola,Red Bull Racing
57,54,ALB,58,1,5,15,7,0,27,22.2,18.3,0.0,1.1,70.7,1017.3,63.0,H,43,Imola,Red Bull Racing
58,54,ALB,59,0,15,15,7,0,28,22.2,18.3,0.0,1.1,70.7,1017.3,63.0,H,44,Imola,Red Bull Racing
59,54,ALB,60,0,15,15,7,0,28,22.0,18.2,0.0,0.7,70.8,1017.4,84.0,S,2,Imola,Red Bull Racing
60,54,ALB,61,0,15,15,7,0,28,22.0,18.3,0.0,0.9,70.8,1017.4,76.0,S,3,Imola,Red Bull Racing
61,54,ALB,62,0,15,15,7,0,29,22.0,18.3,0.0,1.6,70.6,1017.5,66.0,S,4,Imola,Red Bull Racing
62,54,ALB,63,0,15,15,7,0,29,22.0,18.3,0.0,1.6,70.6,1017.5,66.0,S,5,Imola,Red Bull Racing
0,54,LEC,1,1,6,6,6,0,54,24.0,17.6,0.0,0.6,72.6,1018.1,163.0,S,4,Imola,Ferrari
1,54,LEC,2,0,6,6,6,0,53,24.0,17.8,0.0,0.4,71.5,1018.1,96.0,S,5,Imola,Ferrari
2,54,LEC,3,0,6,6,6,0,51,24.3,17.9,0.0,1.2,71.0,1018.2,84.0,S,6,Imola,Ferrari
3,54,LEC,4,0,6,6,6,0,50,24.2,18.1,0.0,1.2,70.9,1018.1,92.0,S,7,Imola,Ferrari
4,54,LEC,5,0,6,6,6,0,48,24.2,18.2,0.0,0.9,70.2,1018.1,76.0,S,8,Imola,Ferrari
5,54,LEC,6,0,6,6,6,0,51,24.2,18.0,0.0,1.6,70.4,1018.2,78.0,S,9,Imola,Ferrari
6,54,LEC,7,0,6,6,6,0,53,23.9,17.9,0.0,0.9,71.2,1018.2,52.0,S,10,Imola,Ferrari
7,54,LEC,8,0,6,5,6,0,55,23.6,17.9,0.0,1.1,71.4,1018.1,58.0,S,11,Imola,Ferrari
8,54,LEC,9,0,5,5,6,0,55,24.0,18.1,0.0,1.3,71.2,1018.1,82.0,S,12,Imola,Ferrari
9,54,LEC,10,0,5,5,6,0,55,24.1,18.2,0.0,0.9,70.6,1018.1,115.0,S,13,Imola,Ferrari
10,54,LEC,11,0,5,5,6,0,54,24.0,18.2,0.0,1.4,70.1,1018.1,89.0,S,14,Imola,Ferrari
11,54,LEC,12,0,5,5,6,0,55,23.8,18.1,0.0,1.6,70.1,1018.2,102.0,S,15,Imola,Ferrari
12,54,LEC,13,0,5,7,6,0,55,23.7,18.0,0.0,2.3,70.2,1018.0,87.0,S,16,Imola,Ferrari
13,54,LEC,14,0,7,13,6,0,56,23.7,18.1,0.0,2.2,70.6,1018.0,105.0,H,0,Imola,Ferrari
14,54,LEC,15,0,13,11,6,0,57,23.8,18.3,0.0,1.4,69.9,1018.1,96.0,H,1,Imola,Ferrari
15,54,LEC,16,0,11,11,6,0,57,23.8,18.4,0.0,1.2,69.6,1018.0,257.0,H,2,Imola,Ferrari
16,54,LEC,17,0,11,11,6,0,57,23.5,18.5,0.0,1.3,69.6,1018.0,93.0,H,3,Imola,Ferrari
17,54,LEC,18,0,11,10,6,0,57,23.4,18.4,0.0,2.1,70.0,1018.0,90.0,H,4,Imola,Ferrari
18,54,LEC,19,0,10,10,6,0,57,23.1,18.3,0.0,1.9,70.7,1018.0,103.0,H,5,Imola,Ferrari
19,54,LEC,20,0,10,10,6,0,58,23.1,18.3,0.0,2.3,71.0,1018.0,79.0,H,6,Imola,Ferrari
20,54,LEC,21,0,10,10,6,0,58,23.1,18.4,0.0,1.6,70.1,1018.0,93.0,H,7,Imola,Ferrari
21,54,LEC,22,0,10,10,6,0,58,23.1,18.3,0.0,1.4,70.0,1018.0,92.0,H,8,Imola,Ferrari
22,54,LEC,23,0,10,10,6,0,59,22.8,18.1,0.0,1.2,70.9,1018.0,90.0,H,9,Imola,Ferrari
23,54,LEC,24,0,10,10,6,0,59,22.7,18.2,0.0,1.4,70.9,1017.9,88.0,H,10,Imola,Ferrari
24,54,LEC,25,0,10,10,6,0,59,22.8,18.1,0.0,1.6,70.7,1017.9,105.0,H,11,Imola,Ferrari
25,54,LEC,26,0,10,10,6,0,60,22.9,18.1,0.0,1.6,71.1,1018.0,69.0,H,12,Imola,Ferrari
26,54,LEC,27,0,10,9,6,0,59,22.9,18.3,0.0,2.6,70.5,1017.8,80.0,H,13,Imola,Ferrari
27,54,LEC,28,0,9,9,6,0,60,23.0,18.3,0.0,1.9,70.2,1017.8,85.0,H,14,Imola,Ferrari
28,54,LEC,29,1,9,9,6,0,60,23.2,18.3,0.0,1.7,69.8,1017.8,110.0,H,15,Imola,Ferrari
29,54,LEC,30,2,9,9,6,0,60,23.1,18.2,0.0,1.4,70.7,1017.8,84.0,H,16,Imola,Ferrari
30,54,LEC,31,2,9,9,6,0,60,23.1,18.3,0.0,1.3,70.4,1017.9,117.0,H,17,Imola,Ferrari
31,54,LEC,32,0,9,9,6,0,60,23.1,18.4,0.0,0.9,70.3,1017.8,78.0,H,18,Imola,Ferrari
32,54,LEC,33,0,9,9,6,0,60,23.1,18.4,0.0,1.0,70.0,1017.9,76.0,H,19,Imola,Ferrari
33,54,LEC,34,0,9,9,6,0,60,23.0,18.2,0.0,0.7,71.7,1017.7,56.0,H,20,Imola,Ferrari
34,54,LEC,35,0,9,8,6,0,61,22.9,18.3,0.0,2.2,71.1,1017.8,73.0,H,21,Imola,Ferrari
35,54,LEC,36,0,8,8,6,0,61,22.6,18.0,0.0,1.1,72.0,1017.7,80.0,H,22,Imola,Ferrari
36,54,LEC,37,0,8,8,6,0,61,22.7,18.0,0.0,1.6,71.5,1017.6,93.0,H,23,Imola,Ferrari
37,54,LEC,38,0,8,8,6,0,61,22.8,18.1,0.0,2.4,71.1,1017.6,106.0,H,24,Imola,Ferrari
38,54,LEC,39,0,8,8,6,0,62,22.8,18.2,0.0,3.0,71.1,1017.6,79.0,H,25,Imola,Ferrari
39,54,LEC,40,0,8,7,6,0,63,22.7,18.2,0.0,1.7,71.0,1017.7,81.0,H,26,Imola,Ferrari
40,54,LEC,41,0,7,7,6,0,63,22.7,18.1,0.0,1.5,70.9,1017.7,68.0,H,27,Imola,Ferrari
41,54,LEC,42,0,7,7,6,0,63,22.7,18.2,0.0,2.1,71.0,1017.6,70.0,H,28,Imola,Ferrari
42,54,LEC,43,0,7,7,6,0,64,22.8,18.3,0.0,1.8,70.8,1017.5,87.0,H,29,Imola,Ferrari
43,54,LEC,44,0,7,7,6,0,64,22.5,18.3,0.0,0.6,70.8,1017.5,55.0,H,30,Imola,Ferrari
44,54,LEC,45,0,7,7,6,0,64,22.5,18.2,0.0,1.2,71.3,1017.6,68.0,H,31,Imola,Ferrari
45,54,LEC,46,0,7,7,6,0,64,22.5,18.3,0.0,1.9,71.1,1017.6,75.0,H,32,Imola,Ferrari
46,54,LEC,47,0,7,7,6,0,65,22.5,18.3,0.0,1.7,71.0,1017.4,79.0,H,33,Imola,Ferrari
47,54,LEC,48,0,7,7,6,0,65,22.6,18.3,0.0,1.6,71.1,1017.5,73.0,H,34,Imola,Ferrari
48,54,LEC,49,0,7,6,6,0,65,22.5,18.3,0.0,1.2,71.0,1017.5,96.0,H,35,Imola,Ferrari
49,54,LEC,50,0,6,6,6,0,65,22.5,18.4,0.0,1.3,70.8,1017.4,87.0,H,36,Imola,Ferrari
50,54,LEC,51,2,6,5,6,0,65,22.5,18.4,0.0,1.2,70.6,1017.5,67.0,H,37,Imola,Ferrari
51,54,LEC,52,2,5,4,6,0,64,22.6,18.4,0.0,1.6,70.6,1017.5,91.0,H,38,Imola,Ferrari
52,54,LEC,53,2,4,4,6,0,64,22.2,18.2,0.0,1.3,71.2,1017.5,95.0,H,39,Imola,Ferrari
53,54,LEC,54,2,4,4,6,0,63,22.2,18.3,0.0,1.8,71.0,1017.5,66.0,H,40,Imola,Ferrari
54,54,LEC,55,2,4,4,6,0,63,22.4,18.3,0.0,1.7,70.9,1017.4,111.0,H,41,Imola,Ferrari
55,54,LEC,56,2,4,4,6,0,61,22.2,18.3,0.0,1.2,70.8,1017.5,101.0,H,42,Imola,Ferrari
56,54,LEC,57,2,4,4,6,0,59,22.2,18.3,0.0,1.1,70.7,1017.3,63.0,H,43,Imola,Ferrari
57,54,LEC,58,1,4,5,6,0,58,22.2,18.2,0.0,1.2,70.9,1017.4,62.0,H,44,Imola,Ferrari
58,54,LEC,59,0,5,5,6,0,59,22.0,18.2,0.0,0.7,70.8,1017.4,84.0,H,45,Imola,Ferrari
59,54,LEC,60,0,5,5,6,0,59,22.0,18.2,0.0,0.9,71.0,1017.4,54.0,H,46,Imola,Ferrari
60,54,LEC,61,0,5,5,6,0,59,22.0,18.3,0.0,0.9,70.8,1017.4,76.0,H,47,Imola,Ferrari
61,54,LEC,62,0,5,5,6,0,60,22.0,18.3,0.0,1.6,70.6,1017.5,66.0,H,48,Imola,Ferrari
62,54,LEC,63,0,5,5,6,0,60,22.0,18.3,0.0,1.6,70.6,1017.5,66.0,H,49,Imola,Ferrari
0,54,KVY,1,1,8,8,8,0,54,24.0,17.6,0.0,0.6,72.6,1018.1,163.0,S,5,Imola,AlphaTauri
1,54,KVY,2,0,8,8,8,0,48,24.0,17.8,0.0,0.4,71.5,1018.1,96.0,S,6,Imola,AlphaTauri
2,54,KVY,3,0,8,8,8,0,44,24.3,17.9,0.0,1.2,71.0,1018.2,84.0,S,7,Imola,AlphaTauri
3,54,KVY,4,0,8,8,8,0,43,24.2,18.1,0.0,1.2,70.9,1018.1,92.0,S,8,Imola,AlphaTauri
4,54,KVY,5,0,8,8,8,0,43,24.2,18.3,0.0,1.6,69.8,1018.1,87.0,S,9,Imola,AlphaTauri
5,54,KVY,6,0,8,8,8,0,44,24.2,18.0,0.0,1.6,70.4,1018.2,78.0,S,10,Imola,AlphaTauri
6,54,KVY,7,0,8,8,8,0,45,23.6,17.9,0.0,1.1,71.4,1018.1,58.0,S,11,Imola,AlphaTauri
7,54,KVY,8,0,8,8,8,0,45,24.0,18.1,0.0,1.3,71.2,1018.1,82.0,S,12,Imola,AlphaTauri
8,54,KVY,9,0,8,7,8,0,45,24.1,18.2,0.0,0.9,70.6,1018.1,115.0,S,13,Imola,AlphaTauri
9,54,KVY,10,0,7,7,8,0,45,23.8,18.1,0.0,1.6,70.1,1018.2,102.0,S,14,Imola,AlphaTauri
10,54,KVY,11,0,7,7,8,0,44,23.7,18.0,0.0,2.3,70.2,1018.0,87.0,S,15,Imola,AlphaTauri
11,54,KVY,12,0,7,7,8,0,44,23.7,18.1,0.0,2.2,70.6,1018.0,105.0,S,16,Imola,AlphaTauri
12,54,KVY,13,0,7,6,8,0,43,23.8,18.2,0.0,1.1,70.3,1018.0,72.0,S,17,Imola,AlphaTauri
13,54,KVY,14,0,6,8,8,0,42,23.8,18.4,0.0,0.8,69.7,1018.0,58.0,S,18,Imola,AlphaTauri
14,54,KVY,15,0,8,13,8,0,41,23.8,18.5,0.0,1.2,70.0,1018.0,61.0,H,0,Imola,AlphaTauri
15,54,KVY,16,0,13,13,8,0,41,23.5,18.5,0.0,1.3,69.6,1018.0,93.0,H,1,Imola,AlphaTauri
16,54,KVY,17,0,13,13,8,0,40,23.4,18.4,0.0,2.1,70.0,1018.0,90.0,H,2,Imola,AlphaTauri
17,54,KVY,18,0,13,12,8,0,40,23.1,18.3,0.0,1.9,70.7,1018.0,103.0,H,3,Imola,AlphaTauri
18,54,KVY,19,0,12,12,8,0,39,23.1,18.3,0.0,2.3,71.0,1018.0,79.0,H,4,Imola,AlphaTauri
19,54,KVY,20,0,12,12,8,0,39,23.1,18.4,0.0,1.8,70.8,1018.0,73.0,H,5,Imola,AlphaTauri
20,54,KVY,21,0,12,12,8,0,39,23.1,18.4,0.0,1.6,70.1,1018.0,93.0,H,6,Imola,AlphaTauri
21,54,KVY,22,0,12,12,8,0,39,23.1,18.3,0.0,1.4,70.0,1018.0,92.0,H,7,Imola,AlphaTauri
22,54,KVY,23,0,12,12,8,0,39,22.7,18.2,0.0,1.4,70.9,1017.9,88.0,H,8,Imola,AlphaTauri
23,54,KVY,24,0,12,12,8,0,39,22.8,18.1,0.0,1.6,70.7,1017.9,105.0,H,9,Imola,AlphaTauri
24,54,KVY,25,0,12,12,8,0,39,22.9,18.1,0.0,1.6,71.1,1018.0,69.0,H,10,Imola,AlphaTauri
25,54,KVY,26,0,12,12,8,0,40,22.8,18.1,0.0,1.0,70.7,1018.0,67.0,H,11,Imola,AlphaTauri
26,54,KVY,27,0,12,11,8,0,39,22.7,18.1,0.0,1.2,70.9,1017.9,97.0,H,12,Imola,AlphaTauri
27,54,KVY,28,0,11,11,8,0,39,22.8,18.1,0.0,1.8,70.8,1017.9,98.0,H,13,Imola,AlphaTauri
28,54,KVY,29,1,11,11,8,0,39,23.2,18.3,0.0,1.7,69.8,1017.8,110.0,H,14,Imola,AlphaTauri
29,54,KVY,30,2,11,11,8,0,39,23.1,18.3,0.0,1.3,70.4,1017.9,117.0,H,15,Imola,AlphaTauri
30,54,KVY,31,2,11,11,8,0,39,23.1,18.4,0.0,1.0,70.0,1017.9,76.0,H,16,Imola,AlphaTauri
31,54,KVY,32,0,11,11,8,0,40,23.1,18.2,0.0,1.3,70.8,1017.9,87.0,H,17,Imola,AlphaTauri
32,54,KVY,33,0,11,11,8,0,40,23.1,18.2,0.0,1.3,70.9,1017.8,37.0,H,18,Imola,AlphaTauri
33,54,KVY,34,0,11,11,8,0,40,23.0,18.1,0.0,1.0,71.3,1017.8,79.0,H,19,Imola,AlphaTauri
34,54,KVY,35,0,11,10,8,0,40,23.0,18.2,0.0,0.7,71.7,1017.7,56.0,H,20,Imola,AlphaTauri
35,54,KVY,36,0,10,10,8,0,40,22.9,18.3,0.0,2.2,71.1,1017.8,73.0,H,21,Imola,AlphaTauri
36,54,KVY,37,0,10,10,8,0,40,23.0,18.3,0.0,1.9,70.7,1017.8,72.0,H,22,Imola,AlphaTauri
37,54,KVY,38,0,10,10,8,0,40,22.6,18.0,0.0,1.1,72.0,1017.7,80.0,H,23,Imola,AlphaTauri
38,54,KVY,39,0,10,10,8,0,40,22.7,18.0,0.0,1.6,71.5,1017.6,93.0,H,24,Imola,AlphaTauri
39,54,KVY,40,0,10,9,8,0,41,22.7,18.2,0.0,1.7,71.0,1017.7,81.0,H,25,Imola,AlphaTauri
40,54,KVY,41,0,9,9,8,0,41,22.7,18.1,0.0,1.5,70.9,1017.7,68.0,H,26,Imola,AlphaTauri
41,54,KVY,42,0,9,9,8,0,41,22.7,18.2,0.0,1.7,71.2,1017.6,82.0,H,27,Imola,AlphaTauri
42,54,KVY,43,0,9,9,8,0,41,22.8,18.3,0.0,1.8,70.8,1017.5,87.0,H,28,Imola,AlphaTauri
43,54,KVY,44,0,9,9,8,0,41,22.8,18.4,0.0,2.3,70.4,1017.5,91.0,H,29,Imola,AlphaTauri
44,54,KVY,45,0,9,9,8,0,41,22.6,18.3,0.0,3.1,70.9,1017.6,95.0,H,30,Imola,AlphaTauri
45,54,KVY,46,0,9,9,8,0,41,22.5,18.2,0.0,1.2,71.3,1017.6,68.0,H,31,Imola,AlphaTauri
46,54,KVY,47,0,9,9,8,0,41,22.5,18.3,0.0,1.9,71.1,1017.6,75.0,H,32,Imola,AlphaTauri
47,54,KVY,48,0,9,9,8,0,41,22.6,18.3,0.0,1.9,70.9,1017.5,95.0,H,33,Imola,AlphaTauri
48,54,KVY,49,0,9,8,8,0,41,22.6,18.3,0.0,1.6,71.1,1017.5,73.0,H,34,Imola,AlphaTauri
49,54,KVY,50,0,8,8,8,0,41,22.5,18.3,0.0,1.2,71.0,1017.5,96.0,H,35,Imola,AlphaTauri
50,54,KVY,51,2,8,8,8,0,41,22.6,18.4,0.0,1.6,70.6,1017.5,91.0,H,36,Imola,AlphaTauri
51,54,KVY,52,2,8,8,8,0,42,22.4,18.3,0.0,2.1,70.6,1017.5,100.0,S,3,Imola,AlphaTauri
52,54,KVY,53,2,8,8,8,0,42,22.2,18.3,0.0,1.8,71.0,1017.5,66.0,S,4,Imola,AlphaTauri
53,54,KVY,54,2,8,7,8,0,43,22.3,18.2,0.0,1.1,71.0,1017.5,91.0,S,5,Imola,AlphaTauri
54,54,KVY,55,2,7,7,8,0,44,22.4,18.3,0.0,2.1,71.1,1017.5,104.0,S,6,Imola,AlphaTauri
55,54,KVY,56,2,7,7,8,0,43,22.4,18.3,0.0,2.3,71.0,1017.5,75.0,S,7,Imola,AlphaTauri
56,54,KVY,57,2,7,7,8,0,42,22.2,18.3,0.0,1.1,70.7,1017.3,63.0,S,8,Imola,AlphaTauri
57,54,KVY,58,1,7,4,8,0,42,22.2,18.3,0.0,1.1,70.7,1017.3,63.0,S,9,Imola,AlphaTauri
58,54,KVY,59,0,4,4,8,0,43,22.2,18.2,0.0,1.2,70.9,1017.4,62.0,S,10,Imola,AlphaTauri
59,54,KVY,60,0,4,4,8,0,43,22.0,18.2,0.0,0.7,70.8,1017.4,84.0,S,11,Imola,AlphaTauri
60,54,KVY,61,0,4,4,8,0,44,22.0,18.3,0.0,0.9,70.8,1017.4,76.0,S,12,Imola,AlphaTauri
61,54,KVY,62,0,4,4,8,0,44,22.0,18.3,0.0,1.6,70.6,1017.5,66.0,S,13,Imola,AlphaTauri
62,54,KVY,63,0,4,4,8,0,44,22.0,18.3,0.0,1.6,70.6,1017.5,66.0,S,14,Imola,AlphaTauri
0,54,NOR,1,1,9,9,9,0,42,24.0,17.8,0.0,0.4,71.5,1018.1,96.0,S,3,Imola,McLaren
1,54,NOR,2,0,9,9,9,0,43,24.2,18.1,0.0,1.2,70.9,1018.1,92.0,S,4,Imola,McLaren
2,54,NOR,3,0,9,9,9,0,38,24.2,18.2,0.0,0.9,70.2,1018.1,76.0,S,5,Imola,McLaren
3,54,NOR,4,0,9,9,9,0,36,24.2,18.3,0.0,1.6,69.8,1018.1,87.0,S,6,Imola,McLaren
4,54,NOR,5,0,9,9,9,0,36,24.2,18.0,0.0,1.6,70.4,1018.2,78.0,S,7,Imola,McLaren
5,54,NOR,6,0,9,10,9,0,36,23.9,17.9,0.0,0.9,71.2,1018.2,52.0,S,8,Imola,McLaren
6,54,NOR,7,0,10,10,9,0,37,24.0,18.1,0.0,1.3,71.2,1018.1,82.0,S,9,Imola,McLaren
7,54,NOR,8,0,10,10,9,0,38,24.1,18.2,0.0,0.9,70.6,1018.1,115.0,S,10,Imola,McLaren
8,54,NOR,9,0,10,9,9,0,38,23.7,18.0,0.0,2.3,70.2,1018.0,87.0,S,11,Imola,McLaren
9,54,NOR,10,0,9,9,9,0,38,23.8,18.3,0.0,1.4,69.9,1018.1,96.0,S,12,Imola,McLaren
10,54,NOR,11,0,9,9,9,0,38,23.8,18.4,0.0,1.2,69.6,1018.0,257.0,S,13,Imola,McLaren
11,54,NOR,12,0,9,9,9,0,38,23.8,18.4,0.0,0.8,69.7,1018.0,58.0,S,14,Imola,McLaren
12,54,NOR,13,0,9,10,9,0,37,23.8,18.5,0.0,1.2,70.0,1018.0,61.0,S,15,Imola,McLaren
13,54,NOR,14,0,10,14,9,0,37,23.5,18.5,0.0,1.3,69.6,1018.0,93.0,M,0,Imola,McLaren
14,54,NOR,15,0,14,14,9,0,37,23.5,18.5,0.0,1.3,69.6,1018.0,93.0,M,1,Imola,McLaren
15,54,NOR,16,0,14,14,9,0,37,23.4,18.4,0.0,2.1,70.0,1018.0,90.0,M,2,Imola,McLaren
16,54,NOR,17,0,14,14,9,0,38,23.2,18.3,0.0,2.3,70.4,1018.1,88.0,M,3,Imola,McLaren
17,54,NOR,18,0,14,14,9,0,38,23.1,18.3,0.0,1.9,70.7,1018.0,103.0,M,4,Imola,McLaren
18,54,NOR,19,0,14,14,9,0,38,23.1,18.3,0.0,2.3,71.0,1018.0,79.0,M,5,Imola,McLaren
19,54,NOR,20,0,14,14,9,0,38,23.1,18.4,0.0,1.8,70.8,1018.0,73.0,M,6,Imola,McLaren
20,54,NOR,21,0,14,14,9,0,38,23.1,18.3,0.0,1.4,70.0,1018.0,92.0,M,7,Imola,McLaren
21,54,NOR,22,0,14,14,9,0,39,22.8,18.2,0.0,1.4,70.7,1018.0,76.0,M,8,Imola,McLaren
22,54,NOR,23,0,14,14,9,0,39,22.8,18.1,0.0,1.6,70.7,1017.9,105.0,M,9,Imola,McLaren
23,54,NOR,24,0,14,14,9,0,39,22.8,18.1,0.0,1.0,70.7,1018.0,67.0,M,10,Imola,McLaren
24,54,NOR,25,0,14,14,9,0,39,22.7,18.1,0.0,1.2,70.9,1017.9,97.0,M,11,Imola,McLaren
25,54,NOR,26,0,14,14,9,0,40,22.9,18.3,0.0,2.6,70.5,1017.8,80.0,M,12,Imola,McLaren
26,54,NOR,27,0,14,13,9,0,39,23.0,18.3,0.0,1.9,70.2,1017.8,85.0,M,13,Imola,McLaren
27,54,NOR,28,0,13,13,9,0,39,23.1,18.2,0.0,1.4,70.7,1017.8,84.0,M,14,Imola,McLaren
28,54,NOR,29,1,13,13,9,0,38,23.1,18.3,0.0,1.3,70.4,1017.9,117.0,M,15,Imola,McLaren
29,54,NOR,30,2,13,13,9,0,38,23.1,18.4,0.0,0.9,70.3,1017.8,78.0,M,16,Imola,McLaren
30,54,NOR,31,2,13,13,9,0,38,23.1,18.4,0.0,1.1,70.3,1017.8,97.0,M,17,Imola,McLaren
31,54,NOR,32,0,13,13,9,0,38,23.1,18.2,0.0,1.3,70.8,1017.9,87.0,M,18,Imola,McLaren
32,54,NOR,33,0,13,13,9,0,37,23.1,18.2,0.0,1.3,70.9,1017.8,37.0,M,19,Imola,McLaren
33,54,NOR,34,0,13,13,9,0,37,23.0,18.1,0.0,1.0,71.3,1017.8,79.0,M,20,Imola,McLaren
34,54,NOR,35,0,13,12,9,0,38,23.0,18.2,0.0,0.7,71.7,1017.7,56.0,M,21,Imola,McLaren
35,54,NOR,36,0,12,12,9,0,38,23.0,18.3,0.0,1.9,70.7,1017.8,72.0,M,22,Imola,McLaren
36,54,NOR,37,0,12,12,9,0,38,22.7,18.0,0.0,1.6,71.5,1017.6,93.0,M,23,Imola,McLaren
37,54,NOR,38,0,12,12,9,0,38,22.8,18.2,0.0,3.0,71.1,1017.6,79.0,M,24,Imola,McLaren
38,54,NOR,39,0,12,12,9,0,39,22.7,18.2,0.0,1.7,71.0,1017.7,81.0,M,25,Imola,McLaren
39,54,NOR,40,0,12,11,9,0,39,22.7,18.1,0.0,1.5,70.9,1017.7,68.0,M,26,Imola,McLaren
40,54,NOR,41,0,11,11,9,0,40,22.7,18.2,0.0,2.1,71.0,1017.6,70.0,M,27,Imola,McLaren
41,54,NOR,42,0,11,11,9,0,40,22.8,18.4,0.0,2.6,70.6,1017.6,95.0,M,28,Imola,McLaren
42,54,NOR,43,0,11,11,9,0,40,22.8,18.4,0.0,2.3,70.4,1017.5,91.0,M,29,Imola,McLaren
43,54,NOR,44,0,11,11,9,0,40,22.6,18.3,0.0,3.1,70.9,1017.6,95.0,M,30,Imola,McLaren
44,54,NOR,45,0,11,11,9,0,41,22.5,18.3,0.0,0.6,70.8,1017.5,55.0,M,31,Imola,McLaren
45,54,NOR,46,0,11,11,9,0,41,22.5,18.2,0.0,1.2,71.3,1017.6,68.0,M,32,Imola,McLaren
46,54,NOR,47,0,11,11,9,0,41,22.5,18.3,0.0,2.5,71.0,1017.5,94.0,M,33,Imola,McLaren
47,54,NOR,48,0,11,11,9,0,41,22.5,18.3,0.0,1.9,71.1,1017.6,75.0,M,34,Imola,McLaren
48,54,NOR,49,0,11,10,9,0,41,22.5,18.3,0.0,1.7,71.0,1017.4,79.0,M,35,Imola,McLaren
49,54,NOR,50,0,10,10,9,0,41,22.6,18.3,0.0,1.9,70.9,1017.5,95.0,M,36,Imola,McLaren
50,54,NOR,51,2,10,7,9,0,41,22.6,18.3,0.0,1.6,71.1,1017.5,73.0,M,37,Imola,McLaren
51,54,NOR,52,2,7,6,9,0,40,22.5,18.4,0.0,1.3,70.8,1017.4,87.0,M,38,Imola,McLaren
52,54,NOR,53,2,6,6,9,0,40,22.6,18.4,0.0,1.6,70.6,1017.5,91.0,M,39,Imola,McLaren
53,54,NOR,54,2,6,9,9,0,42,22.2,18.3,0.0,1.8,71.0,1017.5,66.0,S,3,Imola,McLaren
54,54,NOR,55,2,9,9,9,0,42,22.3,18.2,0.0,1.1,71.0,1017.5,91.0,S,4,Imola,McLaren
55,54,NOR,56,2,9,9,9,0,41,22.4,18.3,0.0,2.3,71.0,1017.5,75.0,S,5,Imola,McLaren
56,54,NOR,57,2,9,9,9,0,39,22.2,18.3,0.0,1.2,70.8,1017.5,101.0,S,6,Imola,McLaren
57,54,NOR,58,1,9,8,9,0,38,22.2,18.3,0.0,1.4,71.1,1017.4,70.0,S,7,Imola,McLaren
58,54,NOR,59,0,8,8,9,0,39,22.2,18.3,0.0,1.1,70.7,1017.3,63.0,S,8,Imola,McLaren
59,54,NOR,60,0,8,8,9,0,39,22.2,18.3,0.0,1.1,70.7,1017.3,63.0,S,9,Imola,McLaren
60,54,NOR,61,0,8,8,9,0,39,22.0,18.2,0.0,0.7,70.8,1017.4,84.0,S,10,Imola,McLaren
61,54,NOR,62,0,8,8,9,0,39,22.0,18.2,0.0,0.9,71.0,1017.4,54.0,S,11,Imola,McLaren
62,54,NOR,63,0,8,8,9,0,39,22.0,18.3,0.0,1.6,70.6,1017.5,66.0,S,12,Imola,McLaren
0,54,SAI,1,1,10,10,10,0,35,24.0,17.6,0.0,0.6,72.6,1018.1,163.0,S,3,Imola,McLaren
1,54,SAI,2,0,10,10,10,0,33,24.0,17.8,0.0,0.4,71.5,1018.1,96.0,S,4,Imola,McLaren
2,54,SAI,3,0,10,10,10,0,28,24.2,18.2,0.0,0.9,70.2,1018.1,76.0,S,5,Imola,McLaren
3,54,SAI,4,0,10,10,10,0,28,24.2,18.0,0.0,1.6,70.4,1018.2,78.0,S,6,Imola,McLaren
4,54,SAI,5,0,10,10,10,0,28,23.9,17.9,0.0,0.9,71.2,1018.2,52.0,S,7,Imola,McLaren
5,54,SAI,6,0,10,9,10,0,29,23.6,17.9,0.0,1.1,71.4,1018.1,58.0,S,8,Imola,McLaren
6,54,SAI,7,0,9,9,10,0,31,24.0,18.1,0.0,1.3,71.2,1018.1,82.0,S,9,Imola,McLaren
7,54,SAI,8,0,9,9,10,0,32,24.1,18.2,0.0,0.9,70.6,1018.1,115.0,S,10,Imola,McLaren
8,54,SAI,9,0,9,8,10,0,32,24.0,18.2,0.0,1.4,70.1,1018.1,89.0,S,11,Imola,McLaren
9,54,SAI,10,0,8,8,10,0,33,23.7,18.1,0.0,2.2,70.6,1018.0,105.0,S,12,Imola,McLaren
10,54,SAI,11,0,8,8,10,0,33,23.8,18.2,0.0,1.1,70.3,1018.0,72.0,S,13,Imola,McLaren
11,54,SAI,12,0,8,8,10,0,32,23.8,18.4,0.0,1.2,69.6,1018.0,257.0,S,14,Imola,McLaren
12,54,SAI,13,0,8,8,10,0,32,23.8,18.4,0.0,0.8,69.7,1018.0,58.0,S,15,Imola,McLaren
13,54,SAI,14,0,8,5,10,0,32,23.8,18.5,0.0,1.2,70.0,1018.0,61.0,S,16,Imola,McLaren
14,54,SAI,15,0,5,4,10,0,33,23.5,18.5,0.0,1.3,69.6,1018.0,93.0,S,17,Imola,McLaren
15,54,SAI,16,0,4,4,10,0,33,23.4,18.4,0.0,2.1,70.0,1018.0,90.0,S,18,Imola,McLaren
16,54,SAI,17,0,4,5,10,0,33,23.2,18.3,0.0,2.3,70.4,1018.1,88.0,S,19,Imola,McLaren
17,54,SAI,18,0,5,13,10,0,32,23.1,18.3,0.0,1.9,70.7,1018.0,103.0,M,0,Imola,McLaren
18,54,SAI,19,0,13,13,10,0,32,23.1,18.4,0.0,1.6,70.1,1018.0,93.0,M,1,Imola,McLaren
19,54,SAI,20,0,13,13,10,0,32,22.8,18.2,0.0,1.4,70.7,1018.0,76.0,M,2,Imola,McLaren
20,54,SAI,21,0,13,13,10,0,31,22.7,18.2,0.0,1.4,70.9,1017.9,88.0,M,3,Imola,McLaren
21,54,SAI,22,0,13,13,10,0,31,22.8,18.1,0.0,1.6,70.7,1017.9,105.0,M,4,Imola,McLaren
22,54,SAI,23,0,13,13,10,0,31,22.9,18.1,0.0,1.6,71.1,1018.0,69.0,M,5,Imola,McLaren
23,54,SAI,24,0,13,13,10,0,31,22.8,18.1,0.0,1.0,70.7,1018.0,67.0,M,6,Imola,McLaren
24,54,SAI,25,0,13,13,10,0,31,22.7,18.0,0.0,1.3,71.1,1017.9,112.0,M,7,Imola,McLaren
25,54,SAI,26,0,13,13,10,0,31,23.0,18.3,0.0,1.9,70.2,1017.8,85.0,M,8,Imola,McLaren
26,54,SAI,27,0,13,12,10,0,30,23.1,18.2,0.0,1.4,70.7,1017.8,84.0,M,9,Imola,McLaren
27,54,SAI,28,0,12,12,10,0,30,23.1,18.3,0.0,1.3,70.4,1017.9,117.0,M,10,Imola,McLaren
28,54,SAI,29,1,12,12,10,0,29,23.1,18.4,0.0,1.0,70.0,1017.9,76.0,M,11,Imola,McLaren
29,54,SAI,30,2,12,12,10,0,29,23.1,18.2,0.0,1.3,70.8,1017.9,87.0,M,12,Imola,McLaren
30,54,SAI,31,2,12,12,10,0,28,23.1,18.2,0.0,1.3,70.9,1017.8,37.0,M,13,Imola,McLaren
31,54,SAI,32,0,12,12,10,0,28,23.0,18.1,0.0,1.0,71.3,1017.8,79.0,M,14,Imola,McLaren
32,54,SAI,33,0,12,12,10,0,28,23.0,18.2,0.0,0.7,71.7,1017.7,56.0,M,15,Imola,McLaren
33,54,SAI,34,0,12,12,10,0,28,22.9,18.3,0.0,2.2,71.1,1017.8,73.0,M,16,Imola,McLaren
34,54,SAI,35,0,12,11,10,0,28,23.0,18.3,0.0,1.9,70.7,1017.8,72.0,M,17,Imola,McLaren
35,54,SAI,36,0,11,11,10,0,29,22.9,18.1,0.0,1.2,71.0,1017.7,58.0,M,18,Imola,McLaren
36,54,SAI,37,0,11,11,10,0,29,22.7,18.0,0.0,1.6,71.5,1017.6,93.0,M,19,Imola,McLaren
37,54,SAI,38,0,11,11,10,0,29,22.8,18.1,0.0,2.4,71.1,1017.6,106.0,M,20,Imola,McLaren
38,54,SAI,39,0,11,11,10,0,29,22.7,18.1,0.0,1.5,70.9,1017.7,68.0,M,21,Imola,McLaren
39,54,SAI,40,0,11,10,10,0,30,22.7,18.2,0.0,2.1,71.0,1017.6,70.0,M,22,Imola,McLaren
40,54,SAI,41,0,10,10,10,0,30,22.7,18.2,0.0,1.7,71.2,1017.6,82.0,M,23,Imola,McLaren
41,54,SAI,42,0,10,10,10,0,30,22.8,18.4,0.0,2.6,70.6,1017.6,95.0,M,24,Imola,McLaren
42,54,SAI,43,0,10,10,10,0,30,22.8,18.3,0.0,1.8,70.8,1017.5,87.0,M,25,Imola,McLaren
43,54,SAI,44,0,10,10,10,0,30,22.8,18.4,0.0,2.3,70.4,1017.5,91.0,M,26,Imola,McLaren
44,54,SAI,45,0,10,10,10,0,31,22.6,18.3,0.0,3.1,70.9,1017.6,95.0,M,27,Imola,McLaren
45,54,SAI,46,0,10,10,10,0,31,22.5,18.2,0.0,1.2,71.3,1017.6,68.0,M,28,Imola,McLaren
46,54,SAI,47,0,10,10,10,0,31,22.5,18.3,0.0,2.5,71.0,1017.5,94.0,M,29,Imola,McLaren
47,54,SAI,48,0,10,10,10,0,31,22.5,18.3,0.0,1.9,71.1,1017.6,75.0,M,30,Imola,McLaren
48,54,SAI,49,0,10,9,10,0,31,22.5,18.3,0.0,1.7,71.0,1017.4,79.0,M,31,Imola,McLaren
49,54,SAI,50,0,9,9,10,0,32,22.6,18.3,0.0,1.6,71.1,1017.5,73.0,M,32,Imola,McLaren
50,54,SAI,51,2,9,9,10,0,31,22.5,18.4,0.0,1.2,70.6,1017.5,67.0,M,33,Imola,McLaren
51,54,SAI,52,2,9,9,10,0,31,22.2,18.2,0.0,1.3,71.2,1017.5,95.0,S,2,Imola,McLaren
52,54,SAI,53,2,9,9,10,0,30,22.2,18.3,0.0,1.8,71.0,1017.5,66.0,S,3,Imola,McLaren
53,54,SAI,54,2,9,8,10,0,30,22.4,18.3,0.0,2.1,71.1,1017.5,104.0,S,4,Imola,McLaren
54,54,SAI,55,2,8,8,10,0,30,22.4,18.3,0.0,1.7,70.9,1017.4,111.0,S,5,Imola,McLaren
55,54,SAI,56,2,8,8,10,0,29,22.4,18.3,0.0,2.3,71.0,1017.5,75.0,S,6,Imola,McLaren
56,54,SAI,57,2,8,8,10,0,28,22.2,18.3,0.0,1.2,70.8,1017.5,101.0,S,7,Imola,McLaren
57,54,SAI,58,1,8,7,10,0,28,22.2,18.3,0.0,1.1,70.7,1017.3,63.0,S,8,Imola,McLaren
58,54,SAI,59,0,7,7,10,0,28,22.2,18.3,0.0,1.1,70.7,1017.3,63.0,S,9,Imola,McLaren
59,54,SAI,60,0,7,7,10,0,28,22.0,18.2,0.0,0.7,70.8,1017.4,84.0,S,10,Imola,McLaren
60,54,SAI,61,0,7,7,10,0,28,22.0,18.2,0.0,0.9,71.0,1017.4,54.0,S,11,Imola,McLaren
61,54,SAI,62,0,7,7,10,0,28,22.0,18.3,0.0,0.9,70.8,1017.4,76.0,S,12,Imola,McLaren
62,54,SAI,63,0,7,7,10,0,28,22.0,18.3,0.0,1.6,70.6,1017.5,66.0,S,13,Imola,McLaren
0,54,PER,1,1,11,11,11,0,47,24.0,17.6,0.0,0.6,72.6,1018.1,163.0,M,0,Imola,Racing Point
1,54,PER,2,0,11,11,11,0,41,24.3,17.9,0.0,1.2,71.0,1018.2,84.0,M,1,Imola,Racing Point
2,54,PER,3,0,11,11,11,0,37,24.2,18.2,0.0,0.9,70.2,1018.1,76.0,M,2,Imola,Racing Point
3,54,PER,4,0,11,11,11,0,36,24.2,18.3,0.0,1.6,69.8,1018.1,87.0,M,3,Imola,Racing Point
4,54,PER,5,0,11,11,11,0,35,24.2,18.0,0.0,1.6,70.4,1018.2,78.0,M,4,Imola,Racing Point
5,54,PER,6,0,11,11,11,0,37,23.9,17.9,0.0,0.9,71.2,1018.2,52.0,M,5,Imola,Racing Point
6,54,PER,7,0,11,11,11,0,39,23.6,17.9,0.0,1.1,71.4,1018.1,58.0,M,6,Imola,Racing Point
7,54,PER,8,0,11,11,11,0,39,24.0,18.1,0.0,1.3,71.2,1018.1,82.0,M,7,Imola,Racing Point
8,54,PER,9,0,11,10,11,0,40,24.0,18.2,0.0,1.4,70.1,1018.1,89.0,M,8,Imola,Racing Point
9,54,PER,10,0,10,10,11,0,41,23.7,18.0,0.0,2.3,70.2,1018.0,87.0,M,9,Imola,Racing Point
10,54,PER,11,0,10,10,11,0,41,23.8,18.2,0.0,1.1,70.3,1018.0,72.0,M,10,Imola,Racing Point
11,54,PER,12,0,10,10,11,0,40,23.8,18.4,0.0,1.2,69.6,1018.0,257.0,M,11,Imola,Racing Point
12,54,PER,13,0,10,9,11,0,39,23.8,18.5,0.0,1.2,70.0,1018.0,61.0,M,12,Imola,Racing Point
13,54,PER,14,0,9,7,11,0,39,23.5,18.5,0.0,1.3,69.6,1018.0,93.0,M,13,Imola,Racing Point
14,54,PER,15,0,7,5,11,0,40,23.2,18.3,0.0,2.3,70.4,1018.1,88.0,M,14,Imola,Racing Point
15,54,PER,16,0,5,5,11,0,41,23.1,18.3,0.0,1.9,70.7,1018.0,103.0,M,15,Imola,Racing Point
16,54,PER,17,0,5,4,11,0,42,23.1,18.3,0.0,2.3,71.0,1018.0,79.0,M,16,Imola,Racing Point
17,54,PER,18,0,4,4,11,0,43,23.1,18.3,0.0,1.4,70.0,1018.0,92.0,M,17,Imola,Racing Point
18,54,PER,19,0,4,4,11,0,44,22.8,18.1,0.0,1.2,70.9,1018.0,90.0,M,18,Imola,Racing Point
19,54,PER,20,0,4,4,11,0,45,22.7,18.2,0.0,1.4,70.9,1017.9,88.0,M,19,Imola,Racing Point
20,54,PER,21,0,4,4,11,0,46,22.9,18.1,0.0,1.6,71.1,1018.0,69.0,M,20,Imola,Racing Point
21,54,PER,22,0,4,4,11,0,47,22.8,18.1,0.0,1.0,70.7,1018.0,67.0,M,21,Imola,Racing Point
22,54,PER,23,0,4,4,11,0,48,22.7,18.1,0.0,1.2,70.9,1017.9,97.0,M,22,Imola,Racing Point
23,54,PER,24,0,4,4,11,0,49,22.7,18.0,0.0,1.3,71.1,1017.9,112.0,M,23,Imola,Racing Point
24,54,PER,25,0,4,4,11,0,50,22.8,18.1,0.0,1.8,70.8,1017.9,98.0,M,24,Imola,Racing Point
25,54,PER,26,0,4,4,11,0,51,22.9,18.3,0.0,2.6,70.5,1017.8,80.0,M,25,Imola,Racing Point
26,54,PER,27,0,4,4,11,0,52,23.0,18.3,0.0,1.9,70.2,1017.8,85.0,M,26,Imola,Racing Point
27,54,PER,28,0,4,7,11,0,52,23.2,18.3,0.0,1.7,69.8,1017.8,110.0,H,0,Imola,Racing Point
28,54,PER,29,1,7,7,11,0,52,23.1,18.2,0.0,1.4,70.7,1017.8,84.0,H,1,Imola,Racing Point
29,54,PER,30,2,7,7,11,0,52,23.1,18.3,0.0,1.3,70.4,1017.9,117.0,H,2,Imola,Racing Point
30,54,PER,31,2,7,7,11,0,51,23.1,18.4,0.0,1.1,70.3,1017.8,97.0,H,3,Imola,Racing Point
31,54,PER,32,0,7,7,11,0,51,23.1,18.4,0.0,1.0,70.0,1017.9,76.0,H,4,Imola,Racing Point
32,54,PER,33,0,7,7,11,0,51,23.1,18.2,0.0,1.3,70.8,1017.9,87.0,H,5,Imola,Racing Point
33,54,PER,34,0,7,6,11,0,51,23.0,18.1,0.0,1.0,71.3,1017.8,79.0,H,6,Imola,Racing Point
34,54,PER,35,0,6,6,11,0,51,22.9,18.3,0.0,2.2,71.1,1017.8,73.0,H,7,Imola,Racing Point
35,54,PER,36,0,6,6,11,0,51,23.0,18.3,0.0,1.9,70.7,1017.8,72.0,H,8,Imola,Racing Point
36,54,PER,37,0,6,6,11,0,51,22.9,18.1,0.0,1.2,71.0,1017.7,58.0,H,9,Imola,Racing Point
37,54,PER,38,0,6,6,11,0,51,22.6,18.0,0.0,1.1,72.0,1017.7,80.0,H,10,Imola,Racing Point
38,54,PER,39,0,6,6,11,0,51,22.7,18.0,0.0,1.6,71.5,1017.6,93.0,H,11,Imola,Racing Point
39,54,PER,40,0,6,5,11,0,51,22.8,18.1,0.0,2.4,71.1,1017.6,106.0,H,12,Imola,Racing Point
40,54,PER,41,0,5,5,11,0,52,22.8,18.2,0.0,3.0,71.1,1017.6,79.0,H,13,Imola,Racing Point
41,54,PER,42,0,5,5,11,0,52,22.7,18.2,0.0,1.7,71.0,1017.7,81.0,H,14,Imola,Racing Point
42,54,PER,43,0,5,5,11,0,52,22.7,18.1,0.0,1.5,70.9,1017.7,68.0,H,15,Imola,Racing Point
43,54,PER,44,0,5,5,11,0,52,22.8,18.4,0.0,2.6,70.6,1017.6,95.0,H,16,Imola,Racing Point
44,54,PER,45,0,5,5,11,0,52,22.8,18.3,0.0,1.8,70.8,1017.5,87.0,H,17,Imola,Racing Point
45,54,PER,46,0,5,5,11,0,51,22.8,18.4,0.0,2.3,70.4,1017.5,91.0,H,18,Imola,Racing Point
46,54,PER,47,0,5,5,11,0,51,22.6,18.3,0.0,3.1,70.9,1017.6,95.0,H,19,Imola,Racing Point
47,54,PER,48,0,5,4,11,0,51,22.5,18.3,0.0,0.6,70.8,1017.5,55.0,H,20,Imola,Racing Point
48,54,PER,49,0,4,4,11,0,51,22.5,18.3,0.0,2.5,71.0,1017.5,94.0,H,21,Imola,Racing Point
49,54,PER,50,0,4,4,11,0,51,22.5,18.3,0.0,1.9,71.1,1017.6,75.0,H,22,Imola,Racing Point
50,54,PER,51,2,4,3,11,0,51,22.5,18.3,0.0,1.7,71.0,1017.4,79.0,H,23,Imola,Racing Point
51,54,PER,52,2,3,7,11,0,51,22.5,18.3,0.0,1.2,71.0,1017.5,96.0,S,0,Imola,Racing Point
52,54,PER,53,2,7,7,11,0,50,22.5,18.4,0.0,1.3,70.8,1017.4,87.0,S,1,Imola,Racing Point
53,54,PER,54,2,7,6,11,0,50,22.6,18.4,0.0,1.6,70.6,1017.5,91.0,S,2,Imola,Racing Point
54,54,PER,55,2,6,6,11,0,49,22.2,18.2,0.0,1.3,71.2,1017.5,95.0,S,3,Imola,Racing Point
55,54,PER,56,2,6,6,11,0,46,22.3,18.2,0.0,1.1,71.0,1017.5,91.0,S,4,Imola,Racing Point
56,54,PER,57,2,6,6,11,0,43,22.4,18.3,0.0,1.7,70.9,1017.4,111.0,S,5,Imola,Racing Point
57,54,PER,58,1,6,6,11,0,42,22.2,18.3,0.0,1.2,70.8,1017.5,101.0,S,6,Imola,Racing Point
58,54,PER,59,0,6,6,11,0,43,22.2,18.3,0.0,1.1,70.7,1017.3,63.0,S,7,Imola,Racing Point
59,54,PER,60,0,6,6,11,0,43,22.2,18.2,0.0,1.2,70.9,1017.4,62.0,S,8,Imola,Racing Point
60,54,PER,61,0,6,6,11,0,43,22.0,18.2,0.0,0.7,70.8,1017.4,84.0,S,9,Imola,Racing Point
61,54,PER,62,0,6,6,11,0,43,22.0,18.3,0.0,1.6,70.6,1017.5,66.0,S,10,Imola,Racing Point
62,54,PER,63,0,6,6,11,0,43,22.0,18.3,0.0,1.6,70.6,1017.5,66.0,S,11,Imola,Racing Point
0,54,OCO,1,1,12,12,12,0,45,24.2,18.0,0.0,1.6,70.4,1018.2,78.0,M,0,Imola,Renault
1,54,OCO,2,0,12,12,12,0,41,23.6,17.9,0.0,1.1,71.4,1018.1,58.0,M,1,Imola,Renault
2,54,OCO,3,0,12,12,12,0,37,24.0,18.1,0.0,1.3,71.2,1018.1,82.0,M,2,Imola,Renault
3,54,OCO,4,0,12,12,12,0,35,24.1,18.2,0.0,0.9,70.6,1018.1,115.0,M,3,Imola,Renault
4,54,OCO,5,0,12,12,12,0,34,24.0,18.2,0.0,1.4,70.1,1018.1,89.0,M,4,Imola,Renault
5,54,OCO,6,0,12,12,12,0,35,23.8,18.3,0.0,1.4,69.9,1018.1,96.0,M,5,Imola,Renault
6,54,OCO,7,0,12,12,12,0,36,23.8,18.4,0.0,1.2,69.6,1018.0,257.0,M,6,Imola,Renault
7,54,OCO,8,0,12,12,12,0,35,23.4,18.4,0.0,2.1,70.0,1018.0,90.0,M,7,Imola,Renault
8,54,OCO,9,0,12,11,12,0,35,23.1,18.3,0.0,2.3,71.0,1018.0,79.0,M,8,Imola,Renault
9,54,OCO,10,0,11,11,12,0,35,23.1,18.4,0.0,1.8,70.8,1018.0,73.0,M,9,Imola,Renault
10,54,OCO,11,0,11,11,12,0,35,22.8,18.2,0.0,1.4,70.7,1018.0,76.0,M,10,Imola,Renault
11,54,OCO,12,0,11,11,12,0,33,22.8,18.1,0.0,1.6,70.7,1017.9,105.0,M,11,Imola,Renault
12,54,OCO,13,0,11,12,12,0,31,22.7,18.1,0.0,1.2,70.9,1017.9,97.0,M,12,Imola,Renault
13,54,OCO,14,0,12,16,12,0,30,23.1,18.2,0.0,1.3,70.8,1017.9,87.0,H,0,Imola,Renault
14,54,OCO,15,0,16,16,12,0,30,23.0,18.1,0.0,1.0,71.3,1017.8,79.0,H,1,Imola,Renault
15,54,OCO,16,0,16,16,12,0,30,23.0,18.2,0.0,0.7,71.7,1017.7,56.0,H,2,Imola,Renault
16,54,OCO,17,0,16,16,12,0,30,22.9,18.1,0.0,1.2,71.0,1017.7,58.0,H,3,Imola,Renault
17,54,OCO,18,0,16,16,12,0,31,22.6,18.0,0.0,1.1,72.0,1017.7,80.0,H,4,Imola,Renault
18,54,OCO,19,0,16,16,12,0,31,22.7,18.2,0.0,1.7,71.2,1017.6,82.0,H,5,Imola,Renault
19,54,OCO,20,0,16,16,12,0,30,22.6,18.3,0.0,3.1,70.9,1017.6,95.0,H,6,Imola,Renault
20,54,OCO,21,0,16,16,12,0,30,22.5,18.3,0.0,2.5,71.0,1017.5,94.0,H,7,Imola,Renault
21,54,OCO,22,0,16,16,12,0,31,22.5,18.3,0.0,1.7,71.0,1017.4,79.0,H,8,Imola,Renault
22,54,OCO,23,0,16,16,12,0,32,22.4,18.3,0.0,2.1,70.6,1017.5,100.0,H,9,Imola,Renault
23,54,OCO,24,0,16,16,12,0,32,22.3,18.2,0.0,1.1,71.0,1017.5,91.0,H,10,Imola,Renault
24,54,OCO,25,0,16,16,12,0,32,22.2,18.3,0.0,1.2,70.8,1017.5,101.0,H,11,Imola,Renault
25,54,OCO,26,0,16,16,12,0,33,22.0,18.2,0.0,0.9,71.0,1017.4,54.0,H,12,Imola,Renault
26,54,OCO,27,0,16,16,12,1,33,22.0,18.3,0.0,1.6,70.6,1017.5,66.0,H,13,Imola,Renault
0,54,RUS,1,1,13,13,13,0,41,24.0,17.8,0.0,0.4,71.5,1018.1,96.0,M,0,Imola,Williams
1,54,RUS,2,0,13,13,13,0,40,24.2,18.3,0.0,1.6,69.8,1018.1,87.0,M,1,Imola,Williams
2,54,RUS,3,0,13,13,13,0,37,24.0,18.1,0.0,1.3,71.2,1018.1,82.0,M,2,Imola,Williams
3,54,RUS,4,0,13,13,13,0,36,24.1,18.2,0.0,0.9,70.6,1018.1,115.0,M,3,Imola,Williams
4,54,RUS,5,0,13,13,13,0,36,24.0,18.2,0.0,1.4,70.1,1018.1,89.0,M,4,Imola,Williams
5,54,RUS,6,0,13,13,13,0,38,23.7,18.1,0.0,2.2,70.6,1018.0,105.0,M,5,Imola,Williams
6,54,RUS,7,0,13,13,13,0,39,23.8,18.4,0.0,1.2,69.6,1018.0,257.0,M,6,Imola,Williams
7,54,RUS,8,0,13,13,13,0,39,23.5,18.5,0.0,1.3,69.6,1018.0,93.0,M,7,Imola,Williams
8,54,RUS,9,0,13,12,13,0,40,23.2,18.3,0.0,2.3,70.4,1018.1,88.0,M,8,Imola,Williams
9,54,RUS,10,0,12,12,13,0,40,23.1,18.3,0.0,2.3,71.0,1018.0,79.0,M,9,Imola,Williams
10,54,RUS,11,0,12,14,13,0,39,23.1,18.4,0.0,1.8,70.8,1018.0,73.0,M,10,Imola,Williams
11,54,RUS,12,0,14,16,13,0,37,22.8,18.2,0.0,1.4,70.7,1018.0,76.0,H,0,Imola,Williams
12,54,RUS,13,0,16,16,13,0,38,22.8,18.1,0.0,1.2,70.9,1018.0,90.0,H,1,Imola,Williams
13,54,RUS,14,0,16,15,13,0,40,22.7,18.2,0.0,1.4,70.9,1017.9,88.0,H,2,Imola,Williams
14,54,RUS,15,0,15,15,13,0,40,22.8,18.1,0.0,1.6,70.7,1017.9,105.0,H,3,Imola,Williams
15,54,RUS,16,0,15,15,13,0,40,22.9,18.1,0.0,1.6,71.1,1018.0,69.0,H,4,Imola,Williams
16,54,RUS,17,0,15,15,13,0,40,22.7,18.1,0.0,1.2,70.9,1017.9,97.0,H,5,Imola,Williams
17,54,RUS,18,0,15,15,13,0,40,22.7,18.0,0.0,1.3,71.1,1017.9,112.0,H,6,Imola,Williams
18,54,RUS,19,0,15,15,13,0,40,22.8,18.1,0.0,1.8,70.8,1017.9,98.0,H,7,Imola,Williams
19,54,RUS,20,0,15,15,13,0,40,22.9,18.3,0.0,2.6,70.5,1017.8,80.0,H,8,Imola,Williams
20,54,RUS,21,0,15,15,13,0,39,23.1,18.4,0.0,0.9,70.3,1017.8,78.0,H,9,Imola,Williams
21,54,RUS,22,0,15,15,13,0,39,23.1,18.4,0.0,1.1,70.3,1017.8,97.0,H,10,Imola,Williams
22,54,RUS,23,0,15,15,13,0,39,23.1,18.4,0.0,1.0,70.0,1017.9,76.0,H,11,Imola,Williams
23,54,RUS,24,0,15,15,13,0,39,23.1,18.2,0.0,1.3,70.8,1017.9,87.0,H,12,Imola,Williams
24,54,RUS,25,0,15,15,13,0,40,23.1,18.2,0.0,1.3,70.9,1017.8,37.0,H,13,Imola,Williams
25,54,RUS,26,0,15,15,13,0,40,23.0,18.1,0.0,1.0,71.3,1017.8,79.0,H,14,Imola,Williams
26,54,RUS,27,0,15,15,13,0,40,22.6,18.0,0.0,1.1,72.0,1017.7,80.0,H,15,Imola,Williams
27,54,RUS,28,0,15,14,13,0,41,22.8,18.2,0.0,3.0,71.1,1017.6,79.0,H,16,Imola,Williams
28,54,RUS,29,1,14,14,13,0,41,22.7,18.2,0.0,1.7,71.0,1017.7,81.0,H,17,Imola,Williams
29,54,RUS,30,2,14,14,13,0,40,22.7,18.1,0.0,1.5,70.9,1017.7,68.0,H,18,Imola,Williams
30,54,RUS,31,2,14,14,13,0,41,22.7,18.2,0.0,2.1,71.0,1017.6,70.0,H,19,Imola,Williams
31,54,RUS,32,0,14,14,13,0,40,22.7,18.2,0.0,1.7,71.2,1017.6,82.0,H,20,Imola,Williams
32,54,RUS,33,0,14,14,13,0,40,22.8,18.3,0.0,1.8,70.8,1017.5,87.0,H,21,Imola,Williams
33,54,RUS,34,0,14,14,13,0,40,22.5,18.3,0.0,0.6,70.8,1017.5,55.0,H,22,Imola,Williams
34,54,RUS,35,0,14,13,13,0,40,22.5,18.3,0.0,1.9,71.1,1017.6,75.0,H,23,Imola,Williams
35,54,RUS,36,0,13,13,13,0,40,22.5,18.3,0.0,1.7,71.0,1017.4,79.0,H,24,Imola,Williams
36,54,RUS,37,0,13,13,13,0,40,22.6,18.3,0.0,1.9,70.9,1017.5,95.0,H,25,Imola,Williams
37,54,RUS,38,0,13,13,13,0,40,22.5,18.4,0.0,1.3,70.8,1017.4,87.0,H,26,Imola,Williams
38,54,RUS,39,0,13,13,13,0,41,22.5,18.4,0.0,1.2,70.6,1017.5,67.0,H,27,Imola,Williams
39,54,RUS,40,0,13,12,13,0,41,22.4,18.3,0.0,2.1,70.6,1017.5,100.0,H,28,Imola,Williams
40,54,RUS,41,0,12,12,13,0,41,22.2,18.2,0.0,1.3,71.2,1017.5,95.0,H,29,Imola,Williams
41,54,RUS,42,0,12,12,13,0,41,22.2,18.3,0.0,1.8,71.0,1017.5,66.0,H,30,Imola,Williams
42,54,RUS,43,0,12,12,13,0,41,22.3,18.2,0.0,1.1,71.0,1017.5,91.0,H,31,Imola,Williams
43,54,RUS,44,0,12,12,13,0,41,22.4,18.3,0.0,2.1,71.1,1017.5,104.0,H,32,Imola,Williams
44,54,RUS,45,0,12,12,13,0,41,22.4,18.3,0.0,1.7,70.9,1017.4,111.0,H,33,Imola,Williams
45,54,RUS,46,0,12,12,13,0,40,22.4,18.3,0.0,2.3,71.0,1017.5,75.0,H,34,Imola,Williams
46,54,RUS,47,0,12,12,13,0,40,22.2,18.3,0.0,1.2,70.8,1017.5,101.0,H,35,Imola,Williams
47,54,RUS,48,0,12,12,13,0,40,22.2,18.3,0.0,1.4,71.1,1017.4,70.0,H,36,Imola,Williams
48,54,RUS,49,0,12,11,13,0,40,22.2,18.3,0.0,1.1,70.7,1017.3,63.0,H,37,Imola,Williams
49,54,RUS,50,0,11,11,13,0,40,22.0,18.2,0.0,0.9,71.0,1017.4,54.0,H,38,Imola,Williams
50,54,RUS,51,2,11,10,13,1,39,22.0,18.3,0.0,1.6,70.6,1017.5,66.0,H,39,Imola,Williams
0,54,VET,1,1,15,15,15,0,50,24.0,17.6,0.0,0.6,72.6,1018.1,163.0,M,0,Imola,Ferrari
1,54,VET,2,0,15,15,15,0,49,24.0,17.8,0.0,0.4,71.5,1018.1,96.0,M,1,Imola,Ferrari
2,54,VET,3,0,15,15,15,0,45,24.2,18.2,0.0,0.9,70.2,1018.1,76.0,M,2,Imola,Ferrari
3,54,VET,4,0,15,15,15,0,45,24.2,18.0,0.0,1.6,70.4,1018.2,78.0,M,3,Imola,Ferrari
4,54,VET,5,0,15,15,15,0,42,23.9,17.9,0.0,0.9,71.2,1018.2,52.0,M,4,Imola,Ferrari
5,54,VET,6,0,15,15,15,0,44,23.6,17.9,0.0,1.1,71.4,1018.1,58.0,M,5,Imola,Ferrari
6,54,VET,7,0,15,15,15,0,45,24.0,18.1,0.0,1.3,71.2,1018.1,82.0,M,6,Imola,Ferrari
7,54,VET,8,0,15,15,15,0,46,24.1,18.2,0.0,0.9,70.6,1018.1,115.0,M,7,Imola,Ferrari
8,54,VET,9,0,15,14,15,0,46,23.8,18.1,0.0,1.6,70.1,1018.2,102.0,M,8,Imola,Ferrari
9,54,VET,10,0,14,13,15,0,46,23.7,18.1,0.0,2.2,70.6,1018.0,105.0,M,9,Imola,Ferrari
10,54,VET,11,0,13,12,15,0,46,23.8,18.2,0.0,1.1,70.3,1018.0,72.0,M,10,Imola,Ferrari
11,54,VET,12,0,12,12,15,0,47,23.8,18.3,0.0,1.4,69.9,1018.1,96.0,M,11,Imola,Ferrari
12,54,VET,13,0,12,11,15,0,48,23.8,18.4,0.0,0.8,69.7,1018.0,58.0,M,12,Imola,Ferrari
13,54,VET,14,0,11,9,15,0,49,23.8,18.5,0.0,1.2,70.0,1018.0,61.0,M,13,Imola,Ferrari
14,54,VET,15,0,9,6,15,0,50,23.5,18.5,0.0,1.3,69.6,1018.0,93.0,M,14,Imola,Ferrari
15,54,VET,16,0,6,6,15,0,50,23.5,18.5,0.0,1.3,69.6,1018.0,93.0,M,15,Imola,Ferrari
16,54,VET,17,0,6,6,15,0,52,23.4,18.4,0.0,2.1,70.0,1018.0,90.0,M,16,Imola,Ferrari
17,54,VET,18,0,6,5,15,0,53,23.2,18.3,0.0,2.3,70.4,1018.1,88.0,M,17,Imola,Ferrari
18,54,VET,19,0,5,5,15,0,53,23.1,18.3,0.0,1.9,70.7,1018.0,103.0,M,18,Imola,Ferrari
19,54,VET,20,0,5,5,15,0,53,23.1,18.4,0.0,1.8,70.8,1018.0,73.0,M,19,Imola,Ferrari
20,54,VET,21,0,5,5,15,0,54,23.1,18.4,0.0,1.6,70.1,1018.0,93.0,M,20,Imola,Ferrari
21,54,VET,22,0,5,5,15,0,55,22.8,18.2,0.0,1.4,70.7,1018.0,76.0,M,21,Imola,Ferrari
22,54,VET,23,0,5,5,15,0,56,22.8,18.1,0.0,1.2,70.9,1018.0,90.0,M,22,Imola,Ferrari
23,54,VET,24,0,5,5,15,0,56,22.7,18.2,0.0,1.4,70.9,1017.9,88.0,M,23,Imola,Ferrari
24,54,VET,25,0,5,5,15,0,56,22.8,18.1,0.0,1.0,70.7,1018.0,67.0,M,24,Imola,Ferrari
25,54,VET,26,0,5,5,15,0,57,22.7,18.1,0.0,1.2,70.9,1017.9,97.0,M,25,Imola,Ferrari
26,54,VET,27,0,5,5,15,0,57,22.8,18.1,0.0,1.8,70.8,1017.9,98.0,M,26,Imola,Ferrari
27,54,VET,28,0,5,4,15,0,57,22.9,18.3,0.0,2.6,70.5,1017.8,80.0,M,27,Imola,Ferrari
28,54,VET,29,1,4,4,15,0,58,23.0,18.3,0.0,1.9,70.2,1017.8,85.0,M,28,Imola,Ferrari
29,54,VET,30,2,4,4,15,0,57,23.2,18.3,0.0,1.7,69.8,1017.8,110.0,M,29,Imola,Ferrari
30,54,VET,31,2,4,4,15,0,57,23.1,18.4,0.0,0.9,70.3,1017.8,78.0,M,30,Imola,Ferrari
31,54,VET,32,0,4,4,15,0,57,23.1,18.4,0.0,1.1,70.3,1017.8,97.0,M,31,Imola,Ferrari
32,54,VET,33,0,4,4,15,0,57,23.1,18.2,0.0,1.3,70.8,1017.9,87.0,M,32,Imola,Ferrari
33,54,VET,34,0,4,4,15,0,57,23.1,18.2,0.0,1.3,70.9,1017.8,37.0,M,33,Imola,Ferrari
34,54,VET,35,0,4,4,15,0,57,23.0,18.1,0.0,1.0,71.3,1017.8,79.0,M,34,Imola,Ferrari
35,54,VET,36,0,4,4,15,0,57,23.0,18.2,0.0,0.7,71.7,1017.7,56.0,M,35,Imola,Ferrari
36,54,VET,37,0,4,4,15,0,57,22.9,18.3,0.0,2.2,71.1,1017.8,73.0,M,36,Imola,Ferrari
37,54,VET,38,0,4,4,15,0,57,22.9,18.1,0.0,1.2,71.0,1017.7,58.0,M,37,Imola,Ferrari
38,54,VET,39,0,4,4,15,0,57,22.7,18.0,0.0,1.6,71.5,1017.6,93.0,M,38,Imola,Ferrari
39,54,VET,40,0,4,14,15,0,57,22.8,18.2,0.0,3.0,71.1,1017.6,79.0,H,0,Imola,Ferrari
40,54,VET,41,0,14,14,15,0,57,22.7,18.2,0.0,1.7,71.0,1017.7,81.0,H,1,Imola,Ferrari
41,54,VET,42,0,14,14,15,0,57,22.7,18.2,0.0,2.1,71.0,1017.6,70.0,H,2,Imola,Ferrari
42,54,VET,43,0,14,14,15,0,57,22.7,18.2,0.0,1.7,71.2,1017.6,82.0,H,3,Imola,Ferrari
43,54,VET,44,0,14,13,15,0,57,22.8,18.4,0.0,2.6,70.6,1017.6,95.0,H,4,Imola,Ferrari
44,54,VET,45,0,13,13,15,0,57,22.8,18.3,0.0,1.8,70.8,1017.5,87.0,H,5,Imola,Ferrari
45,54,VET,46,0,13,13,15,0,57,22.6,18.3,0.0,3.1,70.9,1017.6,95.0,H,6,Imola,Ferrari
46,54,VET,47,0,13,13,15,0,57,22.5,18.2,0.0,1.2,71.3,1017.6,68.0,H,7,Imola,Ferrari
47,54,VET,48,0,13,13,15,0,57,22.5,18.3,0.0,1.7,71.0,1017.4,79.0,H,8,Imola,Ferrari
48,54,VET,49,0,13,13,15,0,57,22.6,18.3,0.0,1.9,70.9,1017.5,95.0,H,9,Imola,Ferrari
49,54,VET,50,0,13,13,15,0,57,22.5,18.3,0.0,1.2,71.0,1017.5,96.0,H,10,Imola,Ferrari
50,54,VET,51,2,13,14,15,0,55,22.5,18.4,0.0,1.3,70.8,1017.4,87.0,H,11,Imola,Ferrari
51,54,VET,52,2,14,14,15,0,53,22.5,18.4,0.0,1.2,70.6,1017.5,67.0,S,0,Imola,Ferrari
52,54,VET,53,2,14,14,15,0,51,22.6,18.4,0.0,1.6,70.6,1017.5,91.0,S,1,Imola,Ferrari
53,54,VET,54,2,14,14,15,0,51,22.4,18.3,0.0,2.1,70.6,1017.5,100.0,S,2,Imola,Ferrari
54,54,VET,55,2,14,14,15,0,50,22.3,18.2,0.0,1.1,71.0,1017.5,91.0,S,3,Imola,Ferrari
55,54,VET,56,2,14,14,15,0,50,22.4,18.3,0.0,1.7,70.9,1017.4,111.0,S,4,Imola,Ferrari
56,54,VET,57,2,14,14,15,0,50,22.4,18.3,0.0,2.3,71.0,1017.5,75.0,S,5,Imola,Ferrari
57,54,VET,58,1,14,13,15,0,50,22.2,18.3,0.0,1.2,70.8,1017.5,101.0,S,6,Imola,Ferrari
58,54,VET,59,0,13,13,15,0,50,22.2,18.3,0.0,1.1,70.7,1017.3,63.0,S,7,Imola,Ferrari
59,54,VET,60,0,13,13,15,0,50,22.2,18.2,0.0,1.2,70.9,1017.4,62.0,S,8,Imola,Ferrari
60,54,VET,61,0,13,13,15,0,50,22.0,18.2,0.0,0.9,71.0,1017.4,54.0,S,9,Imola,Ferrari
61,54,VET,62,0,13,13,15,0,49,22.0,18.3,0.0,0.9,70.8,1017.4,76.0,S,10,Imola,Ferrari
62,54,VET,63,0,13,13,15,0,49,22.0,18.3,0.0,1.6,70.6,1017.5,66.0,S,11,Imola,Ferrari
0,54,STR,1,1,19,19,19,0,36,24.0,17.6,0.0,0.6,72.6,1018.1,163.0,M,0,Imola,Racing Point
1,54,STR,2,0,19,20,19,0,17,24.2,18.2,0.0,0.9,70.2,1018.1,76.0,H,0,Imola,Racing Point
2,54,STR,3,0,20,20,19,0,21,24.2,18.3,0.0,1.6,69.8,1018.1,87.0,H,1,Imola,Racing Point
3,54,STR,4,0,20,20,19,0,26,24.2,18.0,0.0,1.6,70.4,1018.2,78.0,H,2,Imola,Racing Point
4,54,STR,5,0,20,20,19,0,30,23.9,17.9,0.0,0.9,71.2,1018.2,52.0,H,3,Imola,Racing Point
5,54,STR,6,0,20,20,19,0,33,23.6,17.9,0.0,1.1,71.4,1018.1,58.0,H,4,Imola,Racing Point
6,54,STR,7,0,20,20,19,0,34,24.0,18.1,0.0,1.3,71.2,1018.1,82.0,H,5,Imola,Racing Point
7,54,STR,8,0,20,20,19,0,35,24.1,18.2,0.0,0.9,70.6,1018.1,115.0,H,6,Imola,Racing Point
8,54,STR,9,0,20,19,19,0,36,24.0,18.2,0.0,1.4,70.1,1018.1,89.0,H,7,Imola,Racing Point
9,54,STR,10,0,19,19,19,0,37,23.8,18.1,0.0,1.6,70.1,1018.2,102.0,H,8,Imola,Racing Point
10,54,STR,11,0,19,19,19,0,38,23.7,18.1,0.0,2.2,70.6,1018.0,105.0,H,9,Imola,Racing Point
11,54,STR,12,0,19,19,19,0,38,23.8,18.2,0.0,1.1,70.3,1018.0,72.0,H,10,Imola,Racing Point
12,54,STR,13,0,19,19,19,0,38,23.8,18.3,0.0,1.4,69.9,1018.1,96.0,H,11,Imola,Racing Point
13,54,STR,14,0,19,19,19,0,39,23.8,18.4,0.0,1.2,69.6,1018.0,257.0,H,12,Imola,Racing Point
14,54,STR,15,0,19,19,19,0,39,23.8,18.4,0.0,0.8,69.7,1018.0,58.0,H,13,Imola,Racing Point
15,54,STR,16,0,19,19,19,0,39,23.8,18.5,0.0,1.2,70.0,1018.0,61.0,H,14,Imola,Racing Point
16,54,STR,17,0,19,19,19,0,39,23.5,18.5,0.0,1.3,69.6,1018.0,93.0,H,15,Imola,Racing Point
17,54,STR,18,0,19,19,19,0,39,23.5,18.5,0.0,1.3,69.6,1018.0,93.0,H,16,Imola,Racing Point
18,54,STR,19,0,19,19,19,0,39,23.2,18.3,0.0,2.3,70.4,1018.1,88.0,H,17,Imola,Racing Point
19,54,STR,20,0,19,19,19,0,39,23.1,18.3,0.0,2.3,71.0,1018.0,79.0,H,18,Imola,Racing Point
20,54,STR,21,0,19,19,19,0,39,23.1,18.4,0.0,1.6,70.1,1018.0,93.0,H,19,Imola,Racing Point
21,54,STR,22,0,19,19,19,0,39,22.8,18.2,0.0,1.4,70.7,1018.0,76.0,H,20,Imola,Racing Point
22,54,STR,23,0,19,19,19,0,40,22.7,18.2,0.0,1.4,70.9,1017.9,88.0,H,21,Imola,Racing Point
23,54,STR,24,0,19,19,19,0,40,22.8,18.1,0.0,1.6,70.7,1017.9,105.0,H,22,Imola,Racing Point
24,54,STR,25,0,19,19,19,0,40,22.9,18.1,0.0,1.6,71.1,1018.0,69.0,H,23,Imola,Racing Point
25,54,STR,26,0,19,19,19,0,40,22.8,18.1,0.0,1.0,70.7,1018.0,67.0,H,24,Imola,Racing Point
26,54,STR,27,0,19,19,19,0,41,22.7,18.1,0.0,1.2,70.9,1017.9,97.0,H,25,Imola,Racing Point
27,54,STR,28,0,19,17,19,0,41,22.7,18.0,0.0,1.3,71.1,1017.9,112.0,H,26,Imola,Racing Point
28,54,STR,29,1,17,17,19,0,42,23.0,18.3,0.0,1.9,70.2,1017.8,85.0,H,27,Imola,Racing Point
29,54,STR,30,2,17,18,19,0,42,23.2,18.3,0.0,1.7,69.8,1017.8,110.0,M,1,Imola,Racing Point
30,54,STR,31,2,18,18,19,0,42,23.1,18.4,0.0,0.9,70.3,1017.8,78.0,M,2,Imola,Racing Point
31,54,STR,32,0,18,18,19,0,42,23.1,18.4,0.0,1.1,70.3,1017.8,97.0,M,3,Imola,Racing Point
32,54,STR,33,0,18,18,19,0,42,23.1,18.4,0.0,1.0,70.0,1017.9,76.0,M,4,Imola,Racing Point
33,54,STR,34,0,18,18,19,0,42,23.1,18.2,0.0,1.3,70.9,1017.8,37.0,M,5,Imola,Racing Point
34,54,STR,35,0,18,18,19,0,42,23.0,18.2,0.0,0.7,71.7,1017.7,56.0,M,6,Imola,Racing Point
35,54,STR,36,0,18,17,19,0,42,22.9,18.3,0.0,2.2,71.1,1017.8,73.0,M,7,Imola,Racing Point
36,54,STR,37,0,17,17,19,0,42,22.9,18.1,0.0,1.2,71.0,1017.7,58.0,M,8,Imola,Racing Point
37,54,STR,38,0,17,17,19,0,42,22.6,18.0,0.0,1.1,72.0,1017.7,80.0,M,9,Imola,Racing Point
38,54,STR,39,0,17,17,19,0,43,22.7,18.0,0.0,1.6,71.5,1017.6,93.0,M,10,Imola,Racing Point
39,54,STR,40,0,17,17,19,0,43,22.8,18.2,0.0,3.0,71.1,1017.6,79.0,M,11,Imola,Racing Point
40,54,STR,41,0,17,17,19,0,44,22.7,18.2,0.0,1.7,71.0,1017.7,81.0,M,12,Imola,Racing Point
41,54,STR,42,0,17,17,19,0,44,22.7,18.1,0.0,1.5,70.9,1017.7,68.0,M,13,Imola,Racing Point
42,54,STR,43,0,17,17,19,0,44,22.7,18.2,0.0,1.7,71.2,1017.6,82.0,M,14,Imola,Racing Point
43,54,STR,44,0,17,17,19,0,44,22.8,18.4,0.0,2.3,70.4,1017.5,91.0,M,15,Imola,Racing Point
44,54,STR,45,0,17,17,19,0,44,22.6,18.3,0.0,3.1,70.9,1017.6,95.0,M,16,Imola,Racing Point
45,54,STR,46,0,17,17,19,0,44,22.5,18.2,0.0,1.2,71.3,1017.6,68.0,M,17,Imola,Racing Point
46,54,STR,47,0,17,17,19,0,44,22.5,18.3,0.0,1.7,71.0,1017.4,79.0,M,18,Imola,Racing Point
47,54,STR,48,0,17,17,19,0,45,22.6,18.3,0.0,1.9,70.9,1017.5,95.0,M,19,Imola,Racing Point
48,54,STR,49,0,17,17,19,0,45,22.6,18.3,0.0,1.6,71.1,1017.5,73.0,M,20,Imola,Racing Point
49,54,STR,50,0,17,17,19,0,44,22.5,18.4,0.0,1.3,70.8,1017.4,87.0,M,21,Imola,Racing Point
50,54,STR,51,2,17,15,19,0,43,22.5,18.4,0.0,1.2,70.6,1017.5,67.0,M,22,Imola,Racing Point
51,54,STR,52,2,15,15,19,0,41,22.6,18.4,0.0,1.6,70.6,1017.5,91.0,M,23,Imola,Racing Point
52,54,STR,53,2,15,15,19,0,40,22.4,18.3,0.0,2.1,70.6,1017.5,100.0,S,0,Imola,Racing Point
53,54,STR,54,2,15,15,19,0,39,22.2,18.2,0.0,1.3,71.2,1017.5,95.0,S,1,Imola,Racing Point
54,54,STR,55,2,15,15,19,0,39,22.3,18.2,0.0,1.1,71.0,1017.5,91.0,S,2,Imola,Racing Point
55,54,STR,56,2,15,15,19,0,39,22.4,18.3,0.0,2.1,71.1,1017.5,104.0,S,3,Imola,Racing Point
56,54,STR,57,2,15,15,19,0,39,22.4,18.3,0.0,1.7,70.9,1017.4,111.0,S,4,Imola,Racing Point
57,54,STR,58,1,15,14,19,0,39,22.4,18.3,0.0,2.3,71.0,1017.5,75.0,S,5,Imola,Racing Point
58,54,STR,59,0,14,14,19,0,39,22.2,18.3,0.0,1.2,70.8,1017.5,101.0,S,6,Imola,Racing Point
59,54,STR,60,0,14,14,19,0,39,22.2,18.3,0.0,1.4,71.1,1017.4,70.0,S,7,Imola,Racing Point
60,54,STR,61,0,14,14,19,0,39,22.2,18.3,0.0,1.1,70.7,1017.3,63.0,S,8,Imola,Racing Point
61,54,STR,62,0,14,14,19,0,39,22.0,18.2,0.0,0.9,71.0,1017.4,54.0,S,9,Imola,Racing Point
62,54,STR,63,0,14,14,19,0,39,22.0,18.3,0.0,1.6,70.6,1017.5,66.0,S,10,Imola,Racing Point
0,54,GRO,1,1,17,17,17,0,32,24.3,17.9,0.0,1.2,71.0,1018.2,84.0,M,0,Imola,Haas F1 Team
1,54,GRO,2,0,17,17,17,0,32,24.2,18.2,0.0,0.9,70.2,1018.1,76.0,M,1,Imola,Haas F1 Team
2,54,GRO,3,0,17,17,17,0,31,24.2,18.3,0.0,1.6,69.8,1018.1,87.0,M,2,Imola,Haas F1 Team
3,54,GRO,4,0,17,17,17,0,29,24.2,18.0,0.0,1.6,70.4,1018.2,78.0,M,3,Imola,Haas F1 Team
4,54,GRO,5,0,17,17,17,0,29,24.0,18.1,0.0,1.3,71.2,1018.1,82.0,M,4,Imola,Haas F1 Team
5,54,GRO,6,0,17,17,17,0,29,23.8,18.1,0.0,1.6,70.1,1018.2,102.0,M,5,Imola,Haas F1 Team
6,54,GRO,7,0,17,17,17,0,31,23.7,18.0,0.0,2.3,70.2,1018.0,87.0,M,6,Imola,Haas F1 Team
7,54,GRO,8,0,17,17,17,0,31,23.8,18.2,0.0,1.1,70.3,1018.0,72.0,M,7,Imola,Haas F1 Team
8,54,GRO,9,0,17,17,17,0,31,23.8,18.3,0.0,1.4,69.9,1018.1,96.0,M,8,Imola,Haas F1 Team
9,54,GRO,10,0,17,18,17,0,30,23.8,18.4,0.0,1.2,69.6,1018.0,257.0,H,0,Imola,Haas F1 Team
10,54,GRO,11,0,18,18,17,0,31,23.8,18.4,0.0,0.8,69.7,1018.0,58.0,H,1,Imola,Haas F1 Team
11,54,GRO,12,0,18,18,17,0,31,23.5,18.5,0.0,1.3,69.6,1018.0,93.0,H,2,Imola,Haas F1 Team
12,54,GRO,13,0,18,18,17,0,32,23.4,18.4,0.0,2.1,70.0,1018.0,90.0,H,3,Imola,Haas F1 Team
13,54,GRO,14,0,18,18,17,0,33,23.2,18.3,0.0,2.3,70.4,1018.1,88.0,H,4,Imola,Haas F1 Team
14,54,GRO,15,0,18,18,17,0,33,23.1,18.3,0.0,1.9,70.7,1018.0,103.0,H,5,Imola,Haas F1 Team
15,54,GRO,16,0,18,18,17,0,34,23.1,18.3,0.0,2.3,71.0,1018.0,79.0,H,6,Imola,Haas F1 Team
16,54,GRO,17,0,18,18,17,0,34,23.1,18.4,0.0,1.8,70.8,1018.0,73.0,H,7,Imola,Haas F1 Team
17,54,GRO,18,0,18,18,17,0,35,23.1,18.4,0.0,1.6,70.1,1018.0,93.0,H,8,Imola,Haas F1 Team
18,54,GRO,19,0,18,18,17,0,35,22.8,18.2,0.0,1.4,70.7,1018.0,76.0,H,9,Imola,Haas F1 Team
19,54,GRO,20,0,18,18,17,0,35,22.7,18.2,0.0,1.4,70.9,1017.9,88.0,H,10,Imola,Haas F1 Team
20,54,GRO,21,0,18,18,17,0,36,22.9,18.1,0.0,1.6,71.1,1018.0,69.0,H,11,Imola,Haas F1 Team
21,54,GRO,22,0,18,18,17,0,35,22.7,18.1,0.0,1.2,70.9,1017.9,97.0,H,12,Imola,Haas F1 Team
22,54,GRO,23,0,18,18,17,0,36,22.7,18.0,0.0,1.3,71.1,1017.9,112.0,H,13,Imola,Haas F1 Team
23,54,GRO,24,0,18,18,17,0,36,22.9,18.3,0.0,2.6,70.5,1017.8,80.0,H,14,Imola,Haas F1 Team
24,54,GRO,25,0,18,18,17,0,36,23.0,18.3,0.0,1.9,70.2,1017.8,85.0,H,15,Imola,Haas F1 Team
25,54,GRO,26,0,18,18,17,0,36,23.2,18.3,0.0,1.7,69.8,1017.8,110.0,H,16,Imola,Haas F1 Team
26,54,GRO,27,0,18,18,17,0,36,23.1,18.2,0.0,1.4,70.7,1017.8,84.0,H,17,Imola,Haas F1 Team
27,54,GRO,28,0,18,16,17,0,37,23.1,18.3,0.0,1.3,70.4,1017.9,117.0,H,18,Imola,Haas F1 Team
28,54,GRO,29,1,16,16,17,0,37,23.1,18.4,0.0,0.9,70.3,1017.8,78.0,H,19,Imola,Haas F1 Team
29,54,GRO,30,2,16,16,17,0,36,23.1,18.4,0.0,1.1,70.3,1017.8,97.0,H,20,Imola,Haas F1 Team
30,54,GRO,31,2,16,16,17,0,36,23.1,18.4,0.0,1.0,70.0,1017.9,76.0,H,21,Imola,Haas F1 Team
31,54,GRO,32,0,16,16,17,0,36,23.1,18.2,0.0,1.3,70.8,1017.9,87.0,H,22,Imola,Haas F1 Team
32,54,GRO,33,0,16,16,17,0,36,23.1,18.2,0.0,1.3,70.9,1017.8,37.0,H,23,Imola,Haas F1 Team
33,54,GRO,34,0,16,16,17,0,36,23.0,18.1,0.0,1.0,71.3,1017.8,79.0,H,24,Imola,Haas F1 Team
34,54,GRO,35,0,16,16,17,0,36,22.9,18.3,0.0,2.2,71.1,1017.8,73.0,H,25,Imola,Haas F1 Team
35,54,GRO,36,0,16,16,17,0,36,23.0,18.3,0.0,1.9,70.7,1017.8,72.0,H,26,Imola,Haas F1 Team
36,54,GRO,37,0,16,16,17,0,37,22.6,18.0,0.0,1.1,72.0,1017.7,80.0,H,27,Imola,Haas F1 Team
37,54,GRO,38,0,16,16,17,0,37,22.8,18.2,0.0,3.0,71.1,1017.6,79.0,H,28,Imola,Haas F1 Team
38,54,GRO,39,0,16,16,17,0,37,22.7,18.2,0.0,1.7,71.0,1017.7,81.0,H,29,Imola,Haas F1 Team
39,54,GRO,40,0,16,16,17,0,37,22.7,18.1,0.0,1.5,70.9,1017.7,68.0,H,30,Imola,Haas F1 Team
40,54,GRO,41,0,16,16,17,0,37,22.7,18.2,0.0,2.1,71.0,1017.6,70.0,H,31,Imola,Haas F1 Team
41,54,GRO,42,0,16,16,17,0,37,22.7,18.2,0.0,1.7,71.2,1017.6,82.0,H,32,Imola,Haas F1 Team
42,54,GRO,43,0,16,16,17,0,37,22.8,18.4,0.0,2.6,70.6,1017.6,95.0,H,33,Imola,Haas F1 Team
43,54,GRO,44,0,16,16,17,0,37,22.6,18.3,0.0,3.1,70.9,1017.6,95.0,H,34,Imola,Haas F1 Team
44,54,GRO,45,0,16,16,17,0,37,22.5,18.3,0.0,0.6,70.8,1017.5,55.0,H,35,Imola,Haas F1 Team
45,54,GRO,46,0,16,16,17,0,38,22.5,18.3,0.0,1.9,71.1,1017.6,75.0,H,36,Imola,Haas F1 Team
46,54,GRO,47,0,16,16,17,0,38,22.5,18.3,0.0,1.7,71.0,1017.4,79.0,H,37,Imola,Haas F1 Team
47,54,GRO,48,0,16,16,17,0,38,22.6,18.3,0.0,1.9,70.9,1017.5,95.0,H,38,Imola,Haas F1 Team
48,54,GRO,49,0,16,16,17,0,38,22.6,18.3,0.0,1.6,71.1,1017.5,73.0,H,39,Imola,Haas F1 Team
49,54,GRO,50,0,16,16,17,0,38,22.5,18.4,0.0,1.3,70.8,1017.4,87.0,H,40,Imola,Haas F1 Team
50,54,GRO,51,2,16,16,17,0,37,22.5,18.4,0.0,1.2,70.6,1017.5,67.0,S,0,Imola,Haas F1 Team
51,54,GRO,52,2,16,13,17,0,35,22.6,18.4,0.0,1.6,70.6,1017.5,91.0,S,1,Imola,Haas F1 Team
52,54,GRO,53,2,13,13,17,0,34,22.4,18.3,0.0,2.1,70.6,1017.5,100.0,S,2,Imola,Haas F1 Team
53,54,GRO,54,2,13,13,17,0,33,22.2,18.2,0.0,1.3,71.2,1017.5,95.0,S,3,Imola,Haas F1 Team
54,54,GRO,55,2,13,13,17,0,33,22.3,18.2,0.0,1.1,71.0,1017.5,91.0,S,4,Imola,Haas F1 Team
55,54,GRO,56,2,13,13,17,0,33,22.4,18.3,0.0,1.7,70.9,1017.4,111.0,S,5,Imola,Haas F1 Team
56,54,GRO,57,2,13,13,17,0,32,22.2,18.3,0.0,1.2,70.8,1017.5,101.0,S,6,Imola,Haas F1 Team
57,54,GRO,58,1,13,12,17,0,32,22.2,18.3,0.0,1.1,70.7,1017.3,63.0,S,7,Imola,Haas F1 Team
58,54,GRO,59,0,12,12,17,0,33,22.0,18.2,0.0,0.7,70.8,1017.4,84.0,S,8,Imola,Haas F1 Team
59,54,GRO,60,0,12,12,17,0,33,22.0,18.2,0.0,0.9,71.0,1017.4,54.0,S,9,Imola,Haas F1 Team
60,54,GRO,61,0,12,12,17,0,33,22.0,18.3,0.0,0.9,70.8,1017.4,76.0,S,10,Imola,Haas F1 Team
61,54,GRO,62,0,12,12,17,0,33,22.0,18.3,0.0,1.6,70.6,1017.5,66.0,S,11,Imola,Haas F1 Team
62,54,GRO,63,0,12,12,17,0,33,22.0,18.3,0.0,1.6,70.6,1017.5,66.0,S,12,Imola,Haas F1 Team
0,54,MAG,1,1,20,20,20,0,35,24.0,17.8,0.0,0.4,71.5,1018.1,96.0,M,0,Imola,Haas F1 Team
1,54,MAG,2,0,20,19,20,0,33,24.3,17.9,0.0,1.2,71.0,1018.2,84.0,M,1,Imola,Haas F1 Team
2,54,MAG,3,0,19,19,20,0,34,24.2,18.0,0.0,1.6,70.4,1018.2,78.0,M,2,Imola,Haas F1 Team
3,54,MAG,4,0,19,19,20,0,38,23.6,17.9,0.0,1.1,71.4,1018.1,58.0,M,3,Imola,Haas F1 Team
4,54,MAG,5,0,19,19,20,0,44,24.0,18.2,0.0,1.4,70.1,1018.1,89.0,M,4,Imola,Haas F1 Team
5,54,MAG,6,0,19,19,20,0,49,23.8,18.4,0.0,1.2,69.6,1018.0,257.0,M,5,Imola,Haas F1 Team
6,54,MAG,7,0,19,19,20,0,52,23.5,18.5,0.0,1.3,69.6,1018.0,93.0,M,6,Imola,Haas F1 Team
7,54,MAG,8,0,19,19,20,0,54,23.2,18.3,0.0,2.3,70.4,1018.1,88.0,M,7,Imola,Haas F1 Team
8,54,MAG,9,0,19,18,20,0,55,23.1,18.3,0.0,1.9,70.7,1018.0,103.0,M,8,Imola,Haas F1 Team
9,54,MAG,10,0,18,17,20,0,56,22.8,18.2,0.0,1.4,70.7,1018.0,76.0,M,9,Imola,Haas F1 Team
10,54,MAG,11,0,17,16,20,0,57,22.8,18.1,0.0,1.6,70.7,1017.9,105.0,M,10,Imola,Haas F1 Team
11,54,MAG,12,0,16,15,20,0,54,22.9,18.3,0.0,2.6,70.5,1017.8,80.0,M,11,Imola,Haas F1 Team
12,54,MAG,13,0,15,15,20,0,52,23.0,18.3,0.0,1.9,70.2,1017.8,85.0,M,12,Imola,Haas F1 Team
13,54,MAG,14,0,15,12,20,0,53,23.2,18.3,0.0,1.7,69.8,1017.8,110.0,M,13,Imola,Haas F1 Team
14,54,MAG,15,0,12,9,20,0,54,23.1,18.4,0.0,0.9,70.3,1017.8,78.0,M,14,Imola,Haas F1 Team
15,54,MAG,16,0,9,9,20,0,55,23.1,18.4,0.0,1.0,70.0,1017.9,76.0,M,15,Imola,Haas F1 Team
16,54,MAG,17,0,9,9,20,0,55,23.1,18.2,0.0,1.3,70.9,1017.8,37.0,M,16,Imola,Haas F1 Team
17,54,MAG,18,0,9,8,20,0,55,23.0,18.1,0.0,1.0,71.3,1017.8,79.0,M,17,Imola,Haas F1 Team
18,54,MAG,19,0,8,8,20,0,56,22.9,18.3,0.0,2.2,71.1,1017.8,73.0,M,18,Imola,Haas F1 Team
19,54,MAG,20,0,8,8,20,0,57,22.9,18.1,0.0,1.2,71.0,1017.7,58.0,M,19,Imola,Haas F1 Team
20,54,MAG,21,0,8,8,20,0,57,22.6,18.0,0.0,1.1,72.0,1017.7,80.0,M,20,Imola,Haas F1 Team
21,54,MAG,22,0,8,8,20,0,58,22.7,18.0,0.0,1.6,71.5,1017.6,93.0,M,21,Imola,Haas F1 Team
22,54,MAG,23,0,8,8,20,0,58,22.8,18.1,0.0,2.4,71.1,1017.6,106.0,M,22,Imola,Haas F1 Team
23,54,MAG,24,0,8,8,20,0,59,22.8,18.2,0.0,3.0,71.1,1017.6,79.0,M,23,Imola,Haas F1 Team
24,54,MAG,25,0,8,8,20,0,59,22.7,18.2,0.0,1.7,71.0,1017.7,81.0,M,24,Imola,Haas F1 Team
25,54,MAG,26,0,8,8,20,0,60,22.7,18.1,0.0,1.5,70.9,1017.7,68.0,M,25,Imola,Haas F1 Team
26,54,MAG,27,0,8,14,20,0,59,22.7,18.2,0.0,2.1,71.0,1017.6,70.0,M,26,Imola,Haas F1 Team
27,54,MAG,28,0,14,18,20,0,57,22.7,18.2,0.0,1.7,71.2,1017.6,82.0,H,0,Imola,Haas F1 Team
28,54,MAG,29,1,18,18,20,0,57,22.8,18.4,0.0,2.6,70.6,1017.6,95.0,H,1,Imola,Haas F1 Team
29,54,MAG,30,2,18,17,20,0,55,22.8,18.4,0.0,2.3,70.4,1017.5,91.0,H,2,Imola,Haas F1 Team
30,54,MAG,31,2,17,17,20,0,54,22.6,18.3,0.0,3.1,70.9,1017.6,95.0,H,3,Imola,Haas F1 Team
31,54,MAG,32,0,17,17,20,0,53,22.5,18.3,0.0,0.6,70.8,1017.5,55.0,H,4,Imola,Haas F1 Team
32,54,MAG,33,0,17,17,20,0,52,22.5,18.2,0.0,1.2,71.3,1017.6,68.0,H,5,Imola,Haas F1 Team
33,54,MAG,34,0,17,17,20,0,52,22.5,18.3,0.0,1.9,71.1,1017.6,75.0,H,6,Imola,Haas F1 Team
34,54,MAG,35,0,17,17,20,0,52,22.5,18.3,0.0,1.7,71.0,1017.4,79.0,H,7,Imola,Haas F1 Team
35,54,MAG,36,0,17,18,20,0,52,22.6,18.3,0.0,1.6,71.1,1017.5,73.0,H,8,Imola,Haas F1 Team
36,54,MAG,37,0,18,18,20,0,51,22.5,18.3,0.0,1.2,71.0,1017.5,96.0,H,9,Imola,Haas F1 Team
37,54,MAG,38,0,18,18,20,0,51,22.6,18.4,0.0,1.6,70.6,1017.5,91.0,H,10,Imola,Haas F1 Team
38,54,MAG,39,0,18,18,20,0,51,22.4,18.3,0.0,2.1,70.6,1017.5,100.0,H,11,Imola,Haas F1 Team
39,54,MAG,40,0,18,18,20,0,52,22.2,18.3,0.0,1.8,71.0,1017.5,66.0,H,12,Imola,Haas F1 Team
40,54,MAG,41,0,18,18,20,0,52,22.2,18.3,0.0,1.2,70.8,1017.5,101.0,H,13,Imola,Haas F1 Team
41,54,MAG,42,0,18,18,20,0,52,22.2,18.3,0.0,1.1,70.7,1017.3,63.0,H,14,Imola,Haas F1 Team
42,54,MAG,43,0,18,18,20,0,52,22.0,18.2,0.0,0.7,70.8,1017.4,84.0,H,15,Imola,Haas F1 Team
43,54,MAG,44,0,18,18,20,0,52,22.0,18.2,0.0,0.9,71.0,1017.4,54.0,H,16,Imola,Haas F1 Team
44,54,MAG,45,0,18,18,20,0,52,22.0,18.3,0.0,0.9,70.8,1017.4,76.0,H,17,Imola,Haas F1 Team
45,54,MAG,46,0,18,18,20,0,52,22.0,18.3,0.0,1.6,70.6,1017.5,66.0,H,18,Imola,Haas F1 Team
46,54,MAG,47,0,18,18,20,1,52,22.0,18.3,0.0,1.6,70.6,1017.5,66.0,H,19,Imola,Haas F1 Team
0,54,RAI,1,1,16,16,16,0,41,24.0,17.6,0.0,0.6,72.6,1018.1,163.0,M,0,Imola,Alfa Romeo Racing
1,54,RAI,2,0,16,16,16,0,38,24.0,17.8,0.0,0.4,71.5,1018.1,96.0,M,1,Imola,Alfa Romeo Racing
2,54,RAI,3,0,16,16,16,0,34,24.3,17.9,0.0,1.2,71.0,1018.2,84.0,M,2,Imola,Alfa Romeo Racing
3,54,RAI,4,0,16,16,16,0,33,24.2,18.1,0.0,1.2,70.9,1018.1,92.0,M,3,Imola,Alfa Romeo Racing
4,54,RAI,5,0,16,16,16,0,31,24.2,18.3,0.0,1.6,69.8,1018.1,87.0,M,4,Imola,Alfa Romeo Racing
5,54,RAI,6,0,16,16,16,0,32,24.2,18.0,0.0,1.6,70.4,1018.2,78.0,M,5,Imola,Alfa Romeo Racing
6,54,RAI,7,0,16,16,16,0,34,23.9,17.9,0.0,0.9,71.2,1018.2,52.0,M,6,Imola,Alfa Romeo Racing
7,54,RAI,8,0,16,16,16,0,34,23.6,17.9,0.0,1.1,71.4,1018.1,58.0,M,7,Imola,Alfa Romeo Racing
8,54,RAI,9,0,16,15,16,0,34,23.8,18.1,0.0,1.6,70.1,1018.2,102.0,M,8,Imola,Alfa Romeo Racing
9,54,RAI,10,0,15,14,16,0,35,23.7,18.0,0.0,2.3,70.2,1018.0,87.0,M,9,Imola,Alfa Romeo Racing
10,54,RAI,11,0,14,13,16,0,34,23.7,18.1,0.0,2.2,70.6,1018.0,105.0,M,10,Imola,Alfa Romeo Racing
11,54,RAI,12,0,13,13,16,0,34,23.8,18.2,0.0,1.1,70.3,1018.0,72.0,M,11,Imola,Alfa Romeo Racing
12,54,RAI,13,0,13,13,16,0,35,23.8,18.3,0.0,1.4,69.9,1018.1,96.0,M,12,Imola,Alfa Romeo Racing
13,54,RAI,14,0,13,10,16,0,36,23.8,18.4,0.0,1.2,69.6,1018.0,257.0,M,13,Imola,Alfa Romeo Racing
14,54,RAI,15,0,10,7,16,0,36,23.8,18.5,0.0,1.2,70.0,1018.0,61.0,M,14,Imola,Alfa Romeo Racing
15,54,RAI,16,0,7,7,16,0,37,23.5,18.5,0.0,1.3,69.6,1018.0,93.0,M,15,Imola,Alfa Romeo Racing
16,54,RAI,17,0,7,7,16,0,38,23.1,18.3,0.0,1.9,70.7,1018.0,103.0,M,16,Imola,Alfa Romeo Racing
17,54,RAI,18,0,7,6,16,0,39,23.1,18.4,0.0,1.8,70.8,1018.0,73.0,M,17,Imola,Alfa Romeo Racing
18,54,RAI,19,0,6,6,16,0,39,23.1,18.4,0.0,1.6,70.1,1018.0,93.0,M,18,Imola,Alfa Romeo Racing
19,54,RAI,20,0,6,6,16,0,40,22.8,18.2,0.0,1.4,70.7,1018.0,76.0,M,19,Imola,Alfa Romeo Racing
20,54,RAI,21,0,6,6,16,0,40,22.8,18.1,0.0,1.2,70.9,1018.0,90.0,M,20,Imola,Alfa Romeo Racing
21,54,RAI,22,0,6,6,16,0,41,22.7,18.2,0.0,1.4,70.9,1017.9,88.0,M,21,Imola,Alfa Romeo Racing
22,54,RAI,23,0,6,6,16,0,41,22.8,18.1,0.0,1.6,70.7,1017.9,105.0,M,22,Imola,Alfa Romeo Racing
23,54,RAI,24,0,6,6,16,0,42,22.8,18.1,0.0,1.0,70.7,1018.0,67.0,M,23,Imola,Alfa Romeo Racing
24,54,RAI,25,0,6,6,16,0,42,22.7,18.0,0.0,1.3,71.1,1017.9,112.0,M,24,Imola,Alfa Romeo Racing
25,54,RAI,26,0,6,6,16,0,42,22.8,18.1,0.0,1.8,70.8,1017.9,98.0,M,25,Imola,Alfa Romeo Racing
26,54,RAI,27,0,6,6,16,0,43,22.9,18.3,0.0,2.6,70.5,1017.8,80.0,M,26,Imola,Alfa Romeo Racing
27,54,RAI,28,0,6,5,16,0,43,23.2,18.3,0.0,1.7,69.8,1017.8,110.0,M,27,Imola,Alfa Romeo Racing
28,54,RAI,29,1,5,5,16,0,44,23.1,18.3,0.0,1.3,70.4,1017.9,117.0,M,28,Imola,Alfa Romeo Racing
29,54,RAI,30,2,5,5,16,0,44,23.1,18.4,0.0,0.9,70.3,1017.8,78.0,M,29,Imola,Alfa Romeo Racing
30,54,RAI,31,2,5,5,16,0,44,23.1,18.4,0.0,1.0,70.0,1017.9,76.0,M,30,Imola,Alfa Romeo Racing
31,54,RAI,32,0,5,5,16,0,44,23.1,18.2,0.0,1.3,70.8,1017.9,87.0,M,31,Imola,Alfa Romeo Racing
32,54,RAI,33,0,5,5,16,0,44,23.0,18.1,0.0,1.0,71.3,1017.8,79.0,M,32,Imola,Alfa Romeo Racing
33,54,RAI,34,0,5,5,16,0,44,22.9,18.3,0.0,2.2,71.1,1017.8,73.0,M,33,Imola,Alfa Romeo Racing
34,54,RAI,35,0,5,5,16,0,45,22.6,18.0,0.0,1.1,72.0,1017.7,80.0,M,34,Imola,Alfa Romeo Racing
35,54,RAI,36,0,5,5,16,0,45,22.7,18.0,0.0,1.6,71.5,1017.6,93.0,M,35,Imola,Alfa Romeo Racing
36,54,RAI,37,0,5,5,16,0,45,22.8,18.1,0.0,2.4,71.1,1017.6,106.0,M,36,Imola,Alfa Romeo Racing
37,54,RAI,38,0,5,5,16,0,45,22.8,18.2,0.0,3.0,71.1,1017.6,79.0,M,37,Imola,Alfa Romeo Racing
38,54,RAI,39,0,5,5,16,0,45,22.7,18.2,0.0,1.7,71.0,1017.7,81.0,M,38,Imola,Alfa Romeo Racing
39,54,RAI,40,0,5,4,16,0,45,22.7,18.1,0.0,1.5,70.9,1017.7,68.0,M,39,Imola,Alfa Romeo Racing
40,54,RAI,41,0,4,4,16,0,46,22.7,18.2,0.0,2.1,71.0,1017.6,70.0,M,40,Imola,Alfa Romeo Racing
41,54,RAI,42,0,4,4,16,0,46,22.8,18.4,0.0,2.6,70.6,1017.6,95.0,M,41,Imola,Alfa Romeo Racing
42,54,RAI,43,0,4,4,16,0,46,22.8,18.3,0.0,1.8,70.8,1017.5,87.0,M,42,Imola,Alfa Romeo Racing
43,54,RAI,44,0,4,4,16,0,46,22.8,18.4,0.0,2.3,70.4,1017.5,91.0,M,43,Imola,Alfa Romeo Racing
44,54,RAI,45,0,4,4,16,0,46,22.6,18.3,0.0,3.1,70.9,1017.6,95.0,M,44,Imola,Alfa Romeo Racing
45,54,RAI,46,0,4,4,16,0,46,22.5,18.3,0.0,0.6,70.8,1017.5,55.0,M,45,Imola,Alfa Romeo Racing
46,54,RAI,47,0,4,4,16,0,46,22.5,18.2,0.0,1.2,71.3,1017.6,68.0,M,46,Imola,Alfa Romeo Racing
47,54,RAI,48,0,4,5,16,0,46,22.5,18.3,0.0,1.9,71.1,1017.6,75.0,M,47,Imola,Alfa Romeo Racing
48,54,RAI,49,0,5,12,16,0,46,22.6,18.3,0.0,1.9,70.9,1017.5,95.0,S,0,Imola,Alfa Romeo Racing
49,54,RAI,50,0,12,12,16,0,46,22.6,18.3,0.0,1.6,71.1,1017.5,73.0,S,1,Imola,Alfa Romeo Racing
50,54,RAI,51,2,12,11,16,0,44,22.5,18.3,0.0,1.2,71.0,1017.5,96.0,S,2,Imola,Alfa Romeo Racing
51,54,RAI,52,2,11,10,16,0,40,22.5,18.4,0.0,1.3,70.8,1017.4,87.0,S,3,Imola,Alfa Romeo Racing
52,54,RAI,53,2,10,10,16,0,38,22.5,18.4,0.0,1.2,70.6,1017.5,67.0,S,4,Imola,Alfa Romeo Racing
53,54,RAI,54,2,10,10,16,0,37,22.6,18.4,0.0,1.6,70.6,1017.5,91.0,S,5,Imola,Alfa Romeo Racing
54,54,RAI,55,2,10,10,16,0,37,22.2,18.2,0.0,1.3,71.2,1017.5,95.0,S,6,Imola,Alfa Romeo Racing
55,54,RAI,56,2,10,10,16,0,37,22.2,18.3,0.0,1.8,71.0,1017.5,66.0,S,7,Imola,Alfa Romeo Racing
56,54,RAI,57,2,10,10,16,0,37,22.4,18.3,0.0,1.7,70.9,1017.4,111.0,S,8,Imola,Alfa Romeo Racing
57,54,RAI,58,1,10,9,16,0,36,22.2,18.3,0.0,1.1,70.7,1017.3,63.0,S,9,Imola,Alfa Romeo Racing
58,54,RAI,59,0,9,9,16,0,36,22.2,18.3,0.0,1.1,70.7,1017.3,63.0,S,10,Imola,Alfa Romeo Racing
59,54,RAI,60,0,9,9,16,0,36,22.2,18.2,0.0,1.2,70.9,1017.4,62.0,S,11,Imola,Alfa Romeo Racing
60,54,RAI,61,0,9,9,16,0,36,22.0,18.2,0.0,0.7,70.8,1017.4,84.0,S,12,Imola,Alfa Romeo Racing
61,54,RAI,62,0,9,9,16,0,36,22.0,18.2,0.0,0.9,71.0,1017.4,54.0,S,13,Imola,Alfa Romeo Racing
62,54,RAI,63,0,9,9,16,0,36,22.0,18.3,0.0,1.6,70.6,1017.5,66.0,S,14,Imola,Alfa Romeo Racing
0,54,LAT,1,1,18,18,18,0,32,24.0,17.8,0.0,0.4,71.5,1018.1,96.0,M,0,Imola,Williams
1,54,LAT,2,0,18,18,18,0,29,24.3,17.9,0.0,1.2,71.0,1018.2,84.0,M,1,Imola,Williams
2,54,LAT,3,0,18,18,18,0,28,24.2,18.1,0.0,1.2,70.9,1018.1,92.0,M,2,Imola,Williams
3,54,LAT,4,0,18,18,18,0,28,24.2,18.2,0.0,0.9,70.2,1018.1,76.0,M,3,Imola,Williams
4,54,LAT,5,0,18,18,18,0,28,24.2,18.3,0.0,1.6,69.8,1018.1,87.0,M,4,Imola,Williams
5,54,LAT,6,0,18,18,18,0,30,24.2,18.0,0.0,1.6,70.4,1018.2,78.0,M,5,Imola,Williams
6,54,LAT,7,0,18,18,18,0,32,23.9,17.9,0.0,0.9,71.2,1018.2,52.0,M,6,Imola,Williams
7,54,LAT,8,0,18,18,18,0,33,23.6,17.9,0.0,1.1,71.4,1018.1,58.0,M,7,Imola,Williams
8,54,LAT,9,0,18,16,18,0,34,24.0,18.1,0.0,1.3,71.2,1018.1,82.0,M,8,Imola,Williams
9,54,LAT,10,0,16,15,18,0,34,24.1,18.2,0.0,0.9,70.6,1018.1,115.0,M,9,Imola,Williams
10,54,LAT,11,0,15,15,18,0,34,24.0,18.2,0.0,1.4,70.1,1018.1,89.0,M,10,Imola,Williams
11,54,LAT,12,0,15,14,18,0,35,23.8,18.1,0.0,1.6,70.1,1018.2,102.0,M,11,Imola,Williams
12,54,LAT,13,0,14,14,18,0,35,23.7,18.1,0.0,2.2,70.6,1018.0,105.0,M,12,Imola,Williams
13,54,LAT,14,0,14,11,18,0,36,23.8,18.4,0.0,1.2,69.6,1018.0,257.0,M,13,Imola,Williams
14,54,LAT,15,0,11,8,18,0,36,23.5,18.5,0.0,1.3,69.6,1018.0,93.0,M,14,Imola,Williams
15,54,LAT,16,0,8,8,18,0,36,23.4,18.4,0.0,2.1,70.0,1018.0,90.0,M,15,Imola,Williams
16,54,LAT,17,0,8,8,18,0,37,23.1,18.4,0.0,1.6,70.1,1018.0,93.0,M,16,Imola,Williams
17,54,LAT,18,0,8,7,18,0,37,23.1,18.3,0.0,1.4,70.0,1018.0,92.0,M,17,Imola,Williams
18,54,LAT,19,0,7,7,18,0,37,22.8,18.2,0.0,1.4,70.7,1018.0,76.0,M,18,Imola,Williams
19,54,LAT,20,0,7,7,18,0,38,22.8,18.1,0.0,1.6,70.7,1017.9,105.0,M,19,Imola,Williams
20,54,LAT,21,0,7,7,18,0,38,22.9,18.1,0.0,1.6,71.1,1018.0,69.0,M,20,Imola,Williams
21,54,LAT,22,0,7,7,18,0,38,22.7,18.0,0.0,1.3,71.1,1017.9,112.0,M,21,Imola,Williams
22,54,LAT,23,0,7,7,18,0,39,22.8,18.1,0.0,1.8,70.8,1017.9,98.0,M,22,Imola,Williams
23,54,LAT,24,0,7,7,18,0,39,22.9,18.3,0.0,2.6,70.5,1017.8,80.0,M,23,Imola,Williams
24,54,LAT,25,0,7,7,18,0,40,23.0,18.3,0.0,1.9,70.2,1017.8,85.0,M,24,Imola,Williams
25,54,LAT,26,0,7,7,18,0,40,23.2,18.3,0.0,1.7,69.8,1017.8,110.0,M,25,Imola,Williams
26,54,LAT,27,0,7,7,18,0,41,23.1,18.2,0.0,1.4,70.7,1017.8,84.0,M,26,Imola,Williams
27,54,LAT,28,0,7,6,18,0,41,23.1,18.3,0.0,1.3,70.4,1017.9,117.0,M,27,Imola,Williams
28,54,LAT,29,1,6,6,18,0,42,23.1,18.4,0.0,0.9,70.3,1017.8,78.0,M,28,Imola,Williams
29,54,LAT,30,2,6,6,18,0,42,23.1,18.4,0.0,1.1,70.3,1017.8,97.0,M,29,Imola,Williams
30,54,LAT,31,2,6,6,18,0,42,23.1,18.4,0.0,1.0,70.0,1017.9,76.0,M,30,Imola,Williams
31,54,LAT,32,0,6,6,18,0,43,23.1,18.2,0.0,1.3,70.8,1017.9,87.0,M,31,Imola,Williams
32,54,LAT,33,0,6,6,18,0,43,23.0,18.1,0.0,1.0,71.3,1017.8,79.0,M,32,Imola,Williams
33,54,LAT,34,0,6,7,18,0,43,23.0,18.2,0.0,0.7,71.7,1017.7,56.0,M,33,Imola,Williams
34,54,LAT,35,0,7,15,18,0,42,22.9,18.3,0.0,2.2,71.1,1017.8,73.0,H,0,Imola,Williams
35,54,LAT,36,0,15,15,18,0,43,22.9,18.1,0.0,1.2,71.0,1017.7,58.0,H,1,Imola,Williams
36,54,LAT,37,0,15,15,18,0,43,22.7,18.0,0.0,1.6,71.5,1017.6,93.0,H,2,Imola,Williams
37,54,LAT,38,0,15,15,18,0,43,22.8,18.1,0.0,2.4,71.1,1017.6,106.0,H,3,Imola,Williams
38,54,LAT,39,0,15,15,18,0,44,22.8,18.2,0.0,3.0,71.1,1017.6,79.0,H,4,Imola,Williams
39,54,LAT,40,0,15,15,18,0,44,22.7,18.2,0.0,1.7,71.0,1017.7,81.0,H,5,Imola,Williams
40,54,LAT,41,0,15,15,18,0,44,22.7,18.1,0.0,1.5,70.9,1017.7,68.0,H,6,Imola,Williams
41,54,LAT,42,0,15,15,18,0,45,22.7,18.2,0.0,2.1,71.0,1017.6,70.0,H,7,Imola,Williams
42,54,LAT,43,0,15,15,18,0,44,22.7,18.2,0.0,1.7,71.2,1017.6,82.0,H,8,Imola,Williams
43,54,LAT,44,0,15,15,18,0,44,22.8,18.4,0.0,2.6,70.6,1017.6,95.0,H,9,Imola,Williams
44,54,LAT,45,0,15,15,18,0,44,22.8,18.3,0.0,1.8,70.8,1017.5,87.0,H,10,Imola,Williams
45,54,LAT,46,0,15,15,18,0,45,22.8,18.4,0.0,2.3,70.4,1017.5,91.0,H,11,Imola,Williams
46,54,LAT,47,0,15,15,18,0,45,22.5,18.3,0.0,0.6,70.8,1017.5,55.0,H,12,Imola,Williams
47,54,LAT,48,0,15,15,18,0,45,22.5,18.3,0.0,2.5,71.0,1017.5,94.0,H,13,Imola,Williams
48,54,LAT,49,0,15,15,18,0,45,22.5,18.3,0.0,1.9,71.1,1017.6,75.0,H,14,Imola,Williams
49,54,LAT,50,0,15,15,18,0,45,22.6,18.3,0.0,1.9,70.9,1017.5,95.0,H,15,Imola,Williams
50,54,LAT,51,2,15,13,18,0,44,22.6,18.3,0.0,1.6,71.1,1017.5,73.0,H,16,Imola,Williams
51,54,LAT,52,2,13,12,18,0,42,22.5,18.3,0.0,1.2,71.0,1017.5,96.0,H,17,Imola,Williams
52,54,LAT,53,2,12,12,18,0,41,22.5,18.4,0.0,1.2,70.6,1017.5,67.0,H,18,Imola,Williams
53,54,LAT,54,2,12,12,18,0,41,22.2,18.3,0.0,1.8,71.0,1017.5,66.0,H,19,Imola,Williams
54,54,LAT,55,2,12,12,18,0,41,22.4,18.3,0.0,1.7,70.9,1017.4,111.0,H,20,Imola,Williams
55,54,LAT,56,2,12,12,18,0,41,22.4,18.3,0.0,2.3,71.0,1017.5,75.0,H,21,Imola,Williams
56,54,LAT,57,2,12,12,18,0,41,22.2,18.3,0.0,1.4,71.1,1017.4,70.0,H,22,Imola,Williams
57,54,LAT,58,1,12,11,18,0,41,22.2,18.3,0.0,1.1,70.7,1017.3,63.0,H,23,Imola,Williams
58,54,LAT,59,0,11,11,18,0,41,22.2,18.2,0.0,1.2,70.9,1017.4,62.0,H,24,Imola,Williams
59,54,LAT,60,0,11,11,18,0,41,22.0,18.2,0.0,0.7,70.8,1017.4,84.0,H,25,Imola,Williams
60,54,LAT,61,0,11,11,18,0,41,22.0,18.2,0.0,0.9,71.0,1017.4,54.0,H,26,Imola,Williams
61,54,LAT,62,0,11,11,18,0,42,22.0,18.3,0.0,0.9,70.8,1017.4,76.0,H,27,Imola,Williams
62,54,LAT,63,0,11,11,18,0,42,22.0,18.3,0.0,1.6,70.6,1017.5,66.0,H,28,Imola,Williams
0,54,GIO,1,1,14,14,14,0,39,24.2,18.1,0.0,1.2,70.9,1018.1,92.0,S,0,Imola,Alfa Romeo Racing
1,54,GIO,2,0,14,14,14,0,44,24.2,18.2,0.0,0.9,70.2,1018.1,76.0,S,1,Imola,Alfa Romeo Racing
2,54,GIO,3,0,14,14,14,0,40,23.9,17.9,0.0,0.9,71.2,1018.2,52.0,S,2,Imola,Alfa Romeo Racing
3,54,GIO,4,0,14,14,14,0,41,23.6,17.9,0.0,1.1,71.4,1018.1,58.0,S,3,Imola,Alfa Romeo Racing
4,54,GIO,5,0,14,14,14,0,41,24.0,18.1,0.0,1.3,71.2,1018.1,82.0,S,4,Imola,Alfa Romeo Racing
5,54,GIO,6,0,14,14,14,0,42,24.1,18.2,0.0,0.9,70.6,1018.1,115.0,S,5,Imola,Alfa Romeo Racing
6,54,GIO,7,0,14,14,14,0,43,24.0,18.2,0.0,1.4,70.1,1018.1,89.0,S,6,Imola,Alfa Romeo Racing
7,54,GIO,8,0,14,14,14,0,43,23.8,18.1,0.0,1.6,70.1,1018.2,102.0,S,7,Imola,Alfa Romeo Racing
8,54,GIO,9,0,14,13,14,0,43,23.8,18.2,0.0,1.1,70.3,1018.0,72.0,S,8,Imola,Alfa Romeo Racing
9,54,GIO,10,0,13,16,14,0,44,23.8,18.4,0.0,1.2,69.6,1018.0,257.0,S,9,Imola,Alfa Romeo Racing
10,54,GIO,11,0,16,17,14,0,43,23.8,18.4,0.0,0.8,69.7,1018.0,58.0,M,0,Imola,Alfa Romeo Racing
11,54,GIO,12,0,17,17,14,0,43,23.8,18.5,0.0,1.2,70.0,1018.0,61.0,M,1,Imola,Alfa Romeo Racing
12,54,GIO,13,0,17,17,14,0,43,23.5,18.5,0.0,1.3,69.6,1018.0,93.0,M,2,Imola,Alfa Romeo Racing
13,54,GIO,14,0,17,17,14,0,44,23.5,18.5,0.0,1.3,69.6,1018.0,93.0,M,3,Imola,Alfa Romeo Racing
14,54,GIO,15,0,17,17,14,0,44,23.4,18.4,0.0,2.1,70.0,1018.0,90.0,M,4,Imola,Alfa Romeo Racing
15,54,GIO,16,0,17,17,14,0,45,23.1,18.3,0.0,1.9,70.7,1018.0,103.0,M,5,Imola,Alfa Romeo Racing
16,54,GIO,17,0,17,17,14,0,45,23.1,18.3,0.0,2.3,71.0,1018.0,79.0,M,6,Imola,Alfa Romeo Racing
17,54,GIO,18,0,17,17,14,0,46,23.1,18.4,0.0,1.8,70.8,1018.0,73.0,M,7,Imola,Alfa Romeo Racing
18,54,GIO,19,0,17,17,14,0,46,23.1,18.3,0.0,1.4,70.0,1018.0,92.0,M,8,Imola,Alfa Romeo Racing
19,54,GIO,20,0,17,17,14,0,46,22.8,18.1,0.0,1.2,70.9,1018.0,90.0,M,9,Imola,Alfa Romeo Racing
20,54,GIO,21,0,17,17,14,0,45,22.7,18.2,0.0,1.4,70.9,1017.9,88.0,M,10,Imola,Alfa Romeo Racing
21,54,GIO,22,0,17,17,14,0,45,22.8,18.1,0.0,1.6,70.7,1017.9,105.0,M,11,Imola,Alfa Romeo Racing
22,54,GIO,23,0,17,17,14,0,45,22.7,18.0,0.0,1.3,71.1,1017.9,112.0,M,12,Imola,Alfa Romeo Racing
23,54,GIO,24,0,17,17,14,0,46,22.8,18.1,0.0,1.8,70.8,1017.9,98.0,M,13,Imola,Alfa Romeo Racing
24,54,GIO,25,0,17,17,14,0,46,23.0,18.3,0.0,1.9,70.2,1017.8,85.0,M,14,Imola,Alfa Romeo Racing
25,54,GIO,26,0,17,17,14,0,47,23.1,18.2,0.0,1.4,70.7,1017.8,84.0,M,15,Imola,Alfa Romeo Racing
26,54,GIO,27,0,17,17,14,0,46,23.1,18.3,0.0,1.3,70.4,1017.9,117.0,M,16,Imola,Alfa Romeo Racing
27,54,GIO,28,0,17,15,14,0,46,23.1,18.4,0.0,1.1,70.3,1017.8,97.0,M,17,Imola,Alfa Romeo Racing
28,54,GIO,29,1,15,15,14,0,46,23.1,18.4,0.0,1.0,70.0,1017.9,76.0,M,18,Imola,Alfa Romeo Racing
29,54,GIO,30,2,15,15,14,0,46,23.0,18.1,0.0,1.0,71.3,1017.8,79.0,M,19,Imola,Alfa Romeo Racing
30,54,GIO,31,2,15,15,14,0,46,22.9,18.3,0.0,2.2,71.1,1017.8,73.0,M,20,Imola,Alfa Romeo Racing
31,54,GIO,32,0,15,15,14,0,46,23.0,18.3,0.0,1.9,70.7,1017.8,72.0,M,21,Imola,Alfa Romeo Racing
32,54,GIO,33,0,15,15,14,0,46,22.9,18.1,0.0,1.2,71.0,1017.7,58.0,M,22,Imola,Alfa Romeo Racing
33,54,GIO,34,0,15,15,14,0,47,22.6,18.0,0.0,1.1,72.0,1017.7,80.0,M,23,Imola,Alfa Romeo Racing
34,54,GIO,35,0,15,14,14,0,47,22.7,18.0,0.0,1.6,71.5,1017.6,93.0,M,24,Imola,Alfa Romeo Racing
35,54,GIO,36,0,14,14,14,0,47,22.8,18.1,0.0,2.4,71.1,1017.6,106.0,M,25,Imola,Alfa Romeo Racing
36,54,GIO,37,0,14,14,14,0,47,22.8,18.2,0.0,3.0,71.1,1017.6,79.0,M,26,Imola,Alfa Romeo Racing
37,54,GIO,38,0,14,14,14,0,47,22.7,18.2,0.0,1.7,71.0,1017.7,81.0,M,27,Imola,Alfa Romeo Racing
38,54,GIO,39,0,14,14,14,0,47,22.7,18.1,0.0,1.5,70.9,1017.7,68.0,M,28,Imola,Alfa Romeo Racing
39,54,GIO,40,0,14,13,14,0,48,22.7,18.2,0.0,2.1,71.0,1017.6,70.0,M,29,Imola,Alfa Romeo Racing
40,54,GIO,41,0,13,13,14,0,48,22.7,18.2,0.0,1.7,71.2,1017.6,82.0,M,30,Imola,Alfa Romeo Racing
41,54,GIO,42,0,13,13,14,0,48,22.8,18.4,0.0,2.6,70.6,1017.6,95.0,M,31,Imola,Alfa Romeo Racing
42,54,GIO,43,0,13,13,14,0,49,22.8,18.4,0.0,2.3,70.4,1017.5,91.0,M,32,Imola,Alfa Romeo Racing
43,54,GIO,44,0,13,14,14,0,48,22.6,18.3,0.0,3.1,70.9,1017.6,95.0,M,33,Imola,Alfa Romeo Racing
44,54,GIO,45,0,14,14,14,0,48,22.5,18.3,0.0,0.6,70.8,1017.5,55.0,M,34,Imola,Alfa Romeo Racing
45,54,GIO,46,0,14,14,14,0,48,22.5,18.2,0.0,1.2,71.3,1017.6,68.0,M,35,Imola,Alfa Romeo Racing
46,54,GIO,47,0,14,14,14,0,48,22.5,18.3,0.0,1.9,71.1,1017.6,75.0,M,36,Imola,Alfa Romeo Racing
47,54,GIO,48,0,14,14,14,0,49,22.5,18.3,0.0,1.7,71.0,1017.4,79.0,M,37,Imola,Alfa Romeo Racing
48,54,GIO,49,0,14,14,14,0,48,22.6,18.3,0.0,1.9,70.9,1017.5,95.0,M,38,Imola,Alfa Romeo Racing
49,54,GIO,50,0,14,14,14,0,49,22.6,18.3,0.0,1.6,71.1,1017.5,73.0,M,39,Imola,Alfa Romeo Racing
50,54,GIO,51,2,14,12,14,0,47,22.5,18.3,0.0,1.2,71.0,1017.5,96.0,M,40,Imola,Alfa Romeo Racing
51,54,GIO,52,2,12,11,14,0,44,22.5,18.4,0.0,1.3,70.8,1017.4,87.0,M,41,Imola,Alfa Romeo Racing
52,54,GIO,53,2,11,11,14,0,42,22.5,18.4,0.0,1.2,70.6,1017.5,67.0,M,42,Imola,Alfa Romeo Racing
53,54,GIO,54,2,11,11,14,0,42,22.6,18.4,0.0,1.6,70.6,1017.5,91.0,M,43,Imola,Alfa Romeo Racing
54,54,GIO,55,2,11,11,14,0,41,22.2,18.2,0.0,1.3,71.2,1017.5,95.0,M,44,Imola,Alfa Romeo Racing
55,54,GIO,56,2,11,11,14,0,42,22.2,18.3,0.0,1.8,71.0,1017.5,66.0,M,45,Imola,Alfa Romeo Racing
56,54,GIO,57,2,11,11,14,0,41,22.4,18.3,0.0,2.1,71.1,1017.5,104.0,M,46,Imola,Alfa Romeo Racing
57,54,GIO,58,1,11,10,14,0,41,22.4,18.3,0.0,1.7,70.9,1017.4,111.0,M,47,Imola,Alfa Romeo Racing
58,54,GIO,59,0,10,10,14,0,41,22.2,18.3,0.0,1.2,70.8,1017.5,101.0,M,48,Imola,Alfa Romeo Racing
59,54,GIO,60,0,10,10,14,0,41,22.2,18.3,0.0,1.4,71.1,1017.4,70.0,M,49,Imola,Alfa Romeo Racing
60,54,GIO,61,0,10,10,14,0,41,22.2,18.2,0.0,1.2,70.9,1017.4,62.0,M,50,Imola,Alfa Romeo Racing
61,54,GIO,62,0,10,10,14,0,41,22.0,18.2,0.0,0.9,71.0,1017.4,54.0,M,51,Imola,Alfa Romeo Racing
62,54,GIO,63,0,10,10,14,0,41,22.0,18.3,0.0,1.6,70.6,1017.5,66.0,M,52,Imola,Alfa Romeo Racing
