,idGP,driver,lap,trackStatus,position,targetPosition,grid,out,performance,trackTemp,airTemp,raining,windSpeed,humidity,pressure,windDir,tyre,tyreLap,track,team
0,42,BOT,1,0,1,1,1,0,68,53.3,27.4,0.0,1.0,36.4,939.0,0.0,S,3,Spielberg,Mercedes
1,42,BOT,2,0,1,1,1,0,71,54.1,27.7,0.0,0.6,35.2,939.0,272.0,S,4,Spielberg,Mercedes
2,42,BOT,3,0,1,1,1,0,67,54.1,28.6,0.0,2.0,33.7,939.0,90.0,S,5,Spielberg,Mercedes
3,42,BOT,4,0,1,1,1,0,64,55.1,28.8,0.0,1.9,33.6,938.9,60.0,S,6,Spielberg,Mercedes
4,42,BOT,5,0,1,1,1,0,63,54.7,28.9,0.0,3.1,32.8,938.9,87.0,S,7,Spielberg,Mercedes
5,42,BOT,6,0,1,1,1,0,63,53.6,28.3,0.0,2.9,34.0,938.9,72.0,S,8,Spielberg,Mercedes
6,42,BOT,7,0,1,1,1,0,63,53.4,28.3,0.0,1.2,34.5,938.9,109.0,S,9,Spielberg,Mercedes
7,42,BOT,8,0,1,1,1,0,63,53.2,28.6,0.0,2.5,35.1,938.9,131.0,S,10,Spielberg,Mercedes
8,42,BOT,9,0,1,1,1,0,62,53.5,29.1,0.0,3.2,34.1,938.9,85.0,S,11,Spielberg,Mercedes
9,42,BOT,10,0,1,1,1,0,58,53.3,29.4,0.0,2.5,33.2,938.8,73.0,S,12,Spielberg,Mercedes
10,42,BOT,11,0,1,1,1,0,,53.3,29.0,0.0,2.7,33.2,938.8,88.0,S,13,Spielberg,Mercedes
11,42,BOT,12,0,1,1,1,0,,53.0,28.6,0.0,2.8,33.5,938.8,64.0,S,14,Spielberg,Mercedes
12,42,BOT,13,0,1,1,1,0,,52.9,28.9,0.0,2.4,34.2,938.7,92.0,S,15,Spielberg,Mercedes
13,42,BOT,14,0,1,1,1,0,,52.8,29.1,0.0,3.2,33.6,938.7,91.0,S,16,Spielberg,Mercedes
14,42,BOT,15,0,1,1,1,0,61,52.8,29.2,0.0,2.4,32.4,938.8,62.0,S,17,Spielberg,Mercedes
15,42,BOT,16,0,1,1,1,0,62,52.9,29.1,0.0,1.6,33.0,938.7,83.0,S,18,Spielberg,Mercedes
16,42,BOT,17,0,1,1,1,0,63,53.0,29.2,0.0,2.6,32.4,938.7,73.0,S,19,Spielberg,Mercedes
17,42,BOT,18,0,1,1,1,0,63,52.9,29.2,0.0,2.3,32.9,938.8,84.0,S,20,Spielberg,Mercedes
18,42,BOT,19,0,1,1,1,0,63,53.0,29.1,0.0,3.3,32.3,938.8,84.0,S,21,Spielberg,Mercedes
19,42,BOT,20,0,1,1,1,0,63,52.9,28.6,0.0,2.7,33.5,938.8,111.0,S,22,Spielberg,Mercedes
20,42,BOT,21,1,1,1,1,0,64,52.0,28.7,0.0,2.1,33.7,938.8,86.0,S,23,Spielberg,Mercedes
21,42,BOT,22,0,1,1,1,0,65,52.2,28.9,0.0,3.5,33.8,938.8,94.0,S,24,Spielberg,Mercedes
22,42,BOT,23,0,1,1,1,0,65,52.2,28.9,0.0,3.0,32.7,938.8,87.0,S,25,Spielberg,Mercedes
23,42,BOT,24,0,1,1,1,0,65,51.7,28.3,0.0,3.1,33.6,938.8,92.0,S,26,Spielberg,Mercedes
24,42,BOT,25,0,1,1,1,0,65,51.7,27.8,0.0,2.3,34.4,938.7,86.0,S,27,Spielberg,Mercedes
25,42,BOT,26,2,1,1,1,0,66,51.1,27.8,0.0,1.4,35.0,938.7,100.0,S,28,Spielberg,Mercedes
26,42,BOT,27,2,1,1,1,0,66,52.5,28.6,0.0,2.0,33.8,938.7,97.0,H,0,Spielberg,Mercedes
27,42,BOT,28,2,1,1,1,0,64,52.5,29.2,0.0,1.8,33.2,938.7,101.0,H,1,Spielberg,Mercedes
28,42,BOT,29,2,1,1,1,0,65,52.1,29.3,0.0,1.9,32.7,938.7,86.0,H,2,Spielberg,Mercedes
29,42,BOT,30,2,1,1,1,0,64,51.8,29.1,0.0,3.0,32.6,938.7,77.0,H,3,Spielberg,Mercedes
30,42,BOT,31,1,1,1,1,0,63,51.7,28.7,0.0,2.9,33.3,938.7,80.0,H,4,Spielberg,Mercedes
31,42,BOT,32,0,1,1,1,0,64,51.6,28.5,0.0,2.8,34.9,938.7,87.0,H,5,Spielberg,Mercedes
32,42,BOT,33,0,1,1,1,0,65,51.5,28.4,0.0,1.6,34.6,938.7,88.0,H,6,Spielberg,Mercedes
33,42,BOT,34,0,1,1,1,0,66,51.9,29.0,0.0,3.6,33.0,938.6,68.0,H,7,Spielberg,Mercedes
34,42,BOT,35,0,1,1,1,0,66,51.9,28.9,0.0,2.8,33.6,938.6,93.0,H,8,Spielberg,Mercedes
35,42,BOT,36,0,1,1,1,0,66,51.6,28.9,0.0,3.0,33.8,938.7,79.0,H,9,Spielberg,Mercedes
36,42,BOT,37,0,1,1,1,0,67,51.6,29.1,0.0,2.0,32.8,938.7,64.0,H,10,Spielberg,Mercedes
37,42,BOT,38,0,1,1,1,0,67,51.6,29.0,0.0,2.3,33.5,938.7,90.0,H,11,Spielberg,Mercedes
38,42,BOT,39,0,1,1,1,0,67,51.2,28.9,0.0,2.6,33.2,938.6,90.0,H,12,Spielberg,Mercedes
39,42,BOT,40,0,1,1,1,0,68,51.2,28.7,0.0,2.8,33.8,938.6,75.0,H,13,Spielberg,Mercedes
40,42,BOT,41,0,1,1,1,0,68,50.6,29.0,0.0,2.5,33.5,938.6,81.0,H,14,Spielberg,Mercedes
41,42,BOT,42,0,1,1,1,0,69,50.6,29.0,0.0,2.9,33.6,938.7,74.0,H,15,Spielberg,Mercedes
42,42,BOT,43,0,1,1,1,0,69,50.8,28.6,0.0,2.6,34.4,938.6,95.0,H,16,Spielberg,Mercedes
43,42,BOT,44,0,1,1,1,0,69,50.8,28.7,0.0,2.4,33.7,938.6,93.0,H,17,Spielberg,Mercedes
44,42,BOT,45,0,1,1,1,0,70,50.4,28.6,0.0,3.2,34.5,938.5,89.0,H,18,Spielberg,Mercedes
45,42,BOT,46,0,1,1,1,0,70,50.4,28.7,0.0,3.2,34.4,938.5,85.0,H,19,Spielberg,Mercedes
46,42,BOT,47,0,1,1,1,0,70,50.4,28.6,0.0,3.2,34.2,938.6,32.0,H,20,Spielberg,Mercedes
47,42,BOT,48,0,1,1,1,0,70,50.3,29.0,0.0,0.5,33.2,938.4,251.0,H,21,Spielberg,Mercedes
48,42,BOT,49,0,1,1,1,0,70,49.1,29.3,0.0,0.8,33.3,938.4,91.0,H,22,Spielberg,Mercedes
49,42,BOT,50,0,1,1,1,0,71,47.6,29.3,0.0,2.5,33.5,938.5,77.0,H,23,Spielberg,Mercedes
50,42,BOT,51,2,1,1,1,0,71,48.8,29.4,0.0,1.3,33.3,938.5,95.0,H,24,Spielberg,Mercedes
51,42,BOT,52,2,1,1,1,0,70,49.1,29.4,0.0,1.8,33.8,938.5,80.0,H,25,Spielberg,Mercedes
52,42,BOT,53,2,1,1,1,0,69,48.7,29.4,0.0,0.9,33.8,938.6,189.0,H,26,Spielberg,Mercedes
53,42,BOT,54,2,1,1,1,0,68,48.7,29.6,0.0,1.0,32.8,938.4,68.0,H,27,Spielberg,Mercedes
54,42,BOT,55,2,1,1,1,0,67,48.9,29.0,0.0,1.5,32.7,938.4,73.0,H,28,Spielberg,Mercedes
55,42,BOT,56,2,1,1,1,0,66,48.9,28.5,0.0,2.1,34.6,938.4,33.0,H,29,Spielberg,Mercedes
56,42,BOT,57,2,1,1,1,0,64,49.4,28.7,0.0,1.3,34.6,938.4,82.0,H,30,Spielberg,Mercedes
57,42,BOT,58,2,1,1,1,0,63,49.8,29.1,0.0,1.3,33.8,938.4,97.0,H,31,Spielberg,Mercedes
58,42,BOT,59,2,1,1,1,0,63,49.8,29.3,0.0,2.0,33.6,938.5,91.0,H,32,Spielberg,Mercedes
59,42,BOT,60,2,1,1,1,0,63,49.8,29.3,0.0,2.5,33.5,938.3,93.0,H,33,Spielberg,Mercedes
60,42,BOT,61,0,1,1,1,0,63,49.3,29.3,0.0,2.0,33.8,938.4,77.0,H,34,Spielberg,Mercedes
61,42,BOT,62,0,1,1,1,0,63,49.0,29.3,0.0,1.5,34.0,938.2,67.0,H,35,Spielberg,Mercedes
62,42,BOT,63,0,1,1,1,0,63,49.0,29.6,0.0,2.0,33.6,938.3,81.0,H,36,Spielberg,Mercedes
63,42,BOT,64,0,1,1,1,0,64,49.5,29.8,0.0,2.0,33.1,938.3,95.0,H,37,Spielberg,Mercedes
64,42,BOT,65,0,1,1,1,0,64,49.5,29.8,0.0,2.1,33.4,938.3,84.0,H,38,Spielberg,Mercedes
65,42,BOT,66,0,1,1,1,0,64,49.0,29.7,0.0,2.6,33.6,938.3,89.0,H,39,Spielberg,Mercedes
66,42,BOT,67,0,1,1,1,0,64,48.1,30.0,0.0,2.0,32.0,938.2,85.0,H,40,Spielberg,Mercedes
67,42,BOT,68,0,1,1,1,0,64,48.1,29.9,0.0,2.6,32.3,938.2,79.0,H,41,Spielberg,Mercedes
68,42,BOT,69,1,1,1,1,0,64,47.7,30.0,0.0,2.2,32.7,938.3,89.0,H,42,Spielberg,Mercedes
69,42,BOT,70,1,1,1,1,0,64,46.9,29.9,0.0,3.3,32.5,938.2,89.0,H,43,Spielberg,Mercedes
70,42,BOT,71,0,1,1,1,0,65,46.7,29.7,0.0,2.7,33.0,938.2,85.0,H,44,Spielberg,Mercedes
0,42,VER,1,0,2,2,2,0,51,53.3,29.4,0.0,2.5,33.2,938.8,73.0,M,5,Spielberg,Red Bull Racing
1,42,VER,2,0,2,2,2,0,58,52.9,28.9,0.0,2.4,34.2,938.7,92.0,M,6,Spielberg,Red Bull Racing
2,42,VER,3,0,2,2,2,0,54,52.8,29.2,0.0,2.4,32.4,938.8,62.0,M,7,Spielberg,Red Bull Racing
3,42,VER,4,0,2,2,2,0,52,52.0,28.7,0.0,2.1,33.7,938.8,86.0,M,8,Spielberg,Red Bull Racing
4,42,VER,5,0,2,2,2,0,51,51.7,28.3,0.0,3.1,33.6,938.8,92.0,M,9,Spielberg,Red Bull Racing
5,42,VER,6,0,2,2,2,0,51,52.4,29.1,0.0,2.8,33.3,938.7,93.0,M,10,Spielberg,Red Bull Racing
6,42,VER,7,0,2,2,2,0,51,51.6,28.9,0.0,3.0,33.8,938.7,79.0,M,11,Spielberg,Red Bull Racing
7,42,VER,8,0,2,2,2,0,51,49.1,29.3,0.0,0.8,33.3,938.4,91.0,M,12,Spielberg,Red Bull Racing
8,42,VER,9,0,2,2,2,0,51,49.5,29.8,0.0,2.1,33.4,938.3,84.0,M,13,Spielberg,Red Bull Racing
9,42,VER,10,0,2,20,2,0,,48.4,29.8,0.0,2.0,32.9,938.3,78.0,M,14,Spielberg,Red Bull Racing
10,42,VER,11,0,20,20,2,1,33,46.9,29.9,0.0,3.3,32.5,938.2,89.0,M,15,Spielberg,Red Bull Racing
0,42,NOR,1,0,3,3,3,0,44,53.3,27.4,0.0,1.0,36.4,939.0,0.0,S,3,Spielberg,McLaren
1,42,NOR,2,0,3,3,3,0,50,54.1,27.7,0.0,0.6,35.2,939.0,272.0,S,4,Spielberg,McLaren
2,42,NOR,3,0,3,4,3,0,51,54.1,27.7,0.0,0.7,35.5,939.0,276.0,S,5,Spielberg,McLaren
3,42,NOR,4,0,4,5,3,0,49,54.0,28.1,0.0,1.7,35.6,939.0,156.0,S,6,Spielberg,McLaren
4,42,NOR,5,0,5,5,3,0,50,55.1,28.8,0.0,1.9,33.6,938.9,60.0,S,7,Spielberg,McLaren
5,42,NOR,6,0,5,5,3,0,51,54.7,28.9,0.0,3.1,32.8,938.9,87.0,S,8,Spielberg,McLaren
6,42,NOR,7,0,5,5,3,0,50,53.6,28.3,0.0,2.9,34.0,938.9,72.0,S,9,Spielberg,McLaren
7,42,NOR,8,0,5,5,3,0,50,53.1,29.0,0.0,2.7,32.5,938.9,90.0,S,10,Spielberg,McLaren
8,42,NOR,9,0,5,4,3,0,48,53.0,28.6,0.0,2.8,33.5,938.8,64.0,S,11,Spielberg,McLaren
9,42,NOR,10,0,4,4,3,0,,52.9,29.1,0.0,1.6,33.0,938.7,83.0,S,12,Spielberg,McLaren
10,42,NOR,11,0,4,4,3,0,,53.0,29.2,0.0,2.6,32.4,938.7,73.0,S,13,Spielberg,McLaren
11,42,NOR,12,0,4,4,3,0,,52.0,28.7,0.0,2.1,33.7,938.8,86.0,S,14,Spielberg,McLaren
12,42,NOR,13,0,4,4,3,0,,52.2,28.9,0.0,3.5,33.8,938.8,94.0,S,15,Spielberg,McLaren
13,42,NOR,14,0,4,4,3,0,,52.2,28.9,0.0,3.0,32.7,938.8,87.0,S,16,Spielberg,McLaren
14,42,NOR,15,0,4,4,3,0,44,51.7,28.3,0.0,3.1,33.6,938.8,92.0,S,17,Spielberg,McLaren
15,42,NOR,16,0,4,4,3,0,45,51.7,27.8,0.0,2.3,34.4,938.7,86.0,S,18,Spielberg,McLaren
16,42,NOR,17,0,4,4,3,0,47,51.1,27.8,0.0,1.4,35.0,938.7,100.0,S,19,Spielberg,McLaren
17,42,NOR,18,0,4,4,3,0,46,51.1,28.3,0.0,1.4,34.4,938.8,72.0,S,20,Spielberg,McLaren
18,42,NOR,19,0,4,4,3,0,46,52.5,28.6,0.0,2.0,33.8,938.7,97.0,S,21,Spielberg,McLaren
19,42,NOR,20,0,4,4,3,0,47,52.5,29.2,0.0,1.8,33.2,938.7,101.0,S,22,Spielberg,McLaren
20,42,NOR,21,1,4,4,3,0,47,52.4,29.1,0.0,2.8,33.3,938.7,93.0,S,23,Spielberg,McLaren
21,42,NOR,22,0,4,4,3,0,48,52.1,29.3,0.0,1.9,32.7,938.7,86.0,S,24,Spielberg,McLaren
22,42,NOR,23,0,4,4,3,0,48,51.8,29.1,0.0,3.0,32.6,938.7,77.0,S,25,Spielberg,McLaren
23,42,NOR,24,0,4,4,3,0,49,51.7,28.7,0.0,2.9,33.3,938.7,80.0,S,26,Spielberg,McLaren
24,42,NOR,25,0,4,4,3,0,49,51.6,28.5,0.0,2.8,34.9,938.7,87.0,S,27,Spielberg,McLaren
25,42,NOR,26,2,4,4,3,0,53,51.6,28.7,0.0,3.3,33.1,938.6,93.0,S,28,Spielberg,McLaren
26,42,NOR,27,2,4,4,3,0,55,51.5,28.4,0.0,1.6,34.6,938.7,88.0,H,0,Spielberg,McLaren
27,42,NOR,28,2,4,4,3,0,55,51.2,28.7,0.0,2.8,35.1,938.6,101.0,H,1,Spielberg,McLaren
28,42,NOR,29,2,4,4,3,0,55,51.9,29.0,0.0,3.6,33.0,938.6,68.0,H,2,Spielberg,McLaren
29,42,NOR,30,2,4,4,3,0,53,51.9,28.9,0.0,2.8,33.6,938.6,93.0,H,3,Spielberg,McLaren
30,42,NOR,31,1,4,4,3,0,52,51.6,28.9,0.0,3.0,33.8,938.7,79.0,H,4,Spielberg,McLaren
31,42,NOR,32,0,4,4,3,0,53,51.6,29.1,0.0,2.0,32.8,938.7,64.0,H,5,Spielberg,McLaren
32,42,NOR,33,0,4,5,3,0,54,51.6,29.0,0.0,2.3,33.5,938.7,90.0,H,6,Spielberg,McLaren
33,42,NOR,34,0,5,5,3,0,54,51.2,28.9,0.0,2.6,33.2,938.6,90.0,H,7,Spielberg,McLaren
34,42,NOR,35,0,5,5,3,0,54,51.2,28.7,0.0,2.8,33.8,938.6,75.0,H,8,Spielberg,McLaren
35,42,NOR,36,0,5,5,3,0,54,50.6,29.0,0.0,2.5,33.5,938.6,81.0,H,9,Spielberg,McLaren
36,42,NOR,37,0,5,5,3,0,55,50.8,28.6,0.0,2.6,34.4,938.6,95.0,H,10,Spielberg,McLaren
37,42,NOR,38,0,5,5,3,0,55,50.8,28.7,0.0,2.4,33.7,938.6,93.0,H,11,Spielberg,McLaren
38,42,NOR,39,0,5,5,3,0,55,50.4,28.6,0.0,3.2,34.5,938.5,89.0,H,12,Spielberg,McLaren
39,42,NOR,40,0,5,5,3,0,55,50.4,28.7,0.0,3.2,34.4,938.5,85.0,H,13,Spielberg,McLaren
40,42,NOR,41,0,5,5,3,0,56,50.4,28.6,0.0,3.2,34.2,938.6,32.0,H,14,Spielberg,McLaren
41,42,NOR,42,0,5,5,3,0,56,50.4,28.7,0.0,1.2,33.9,938.6,7.0,H,15,Spielberg,McLaren
42,42,NOR,43,0,5,5,3,0,56,50.5,28.8,0.0,1.4,34.0,938.7,94.0,H,16,Spielberg,McLaren
43,42,NOR,44,0,5,5,3,0,56,50.3,29.0,0.0,0.5,33.2,938.4,251.0,H,17,Spielberg,McLaren
44,42,NOR,45,0,5,5,3,0,56,49.8,29.0,0.0,0.7,34.2,938.5,0.0,H,18,Spielberg,McLaren
45,42,NOR,46,0,5,5,3,0,57,49.1,29.3,0.0,0.8,33.3,938.4,91.0,H,19,Spielberg,McLaren
46,42,NOR,47,0,5,5,3,0,57,47.6,29.3,0.0,2.5,33.5,938.5,77.0,H,20,Spielberg,McLaren
47,42,NOR,48,0,5,5,3,0,57,48.8,29.4,0.0,1.3,33.3,938.5,95.0,H,21,Spielberg,McLaren
48,42,NOR,49,0,5,5,3,0,58,49.1,29.4,0.0,1.8,33.8,938.5,80.0,H,22,Spielberg,McLaren
49,42,NOR,50,0,5,5,3,0,60,48.7,29.4,0.0,0.9,33.8,938.6,189.0,H,23,Spielberg,McLaren
50,42,NOR,51,2,5,5,3,0,61,48.7,29.6,0.0,1.0,32.8,938.4,68.0,H,24,Spielberg,McLaren
51,42,NOR,52,2,5,6,3,0,61,48.9,29.3,0.0,1.7,32.3,938.4,79.0,M,0,Spielberg,McLaren
52,42,NOR,53,2,6,5,3,0,62,48.9,29.0,0.0,1.5,32.7,938.4,73.0,M,1,Spielberg,McLaren
53,42,NOR,54,2,5,5,3,0,61,48.9,28.7,0.0,2.2,33.7,938.3,39.0,M,2,Spielberg,McLaren
54,42,NOR,55,2,5,5,3,0,61,48.9,28.5,0.0,2.1,34.6,938.4,33.0,M,3,Spielberg,McLaren
55,42,NOR,56,2,5,5,3,0,60,49.4,28.7,0.0,1.3,34.6,938.4,82.0,M,4,Spielberg,McLaren
56,42,NOR,57,2,5,5,3,0,59,49.8,29.1,0.0,1.3,33.8,938.4,97.0,M,5,Spielberg,McLaren
57,42,NOR,58,2,5,5,3,0,59,49.8,29.3,0.0,2.0,33.6,938.5,91.0,M,6,Spielberg,McLaren
58,42,NOR,59,2,5,5,3,0,59,49.8,29.3,0.0,2.5,33.5,938.3,93.0,M,7,Spielberg,McLaren
59,42,NOR,60,2,5,5,3,0,59,49.3,29.3,0.0,2.0,33.8,938.4,77.0,M,8,Spielberg,McLaren
60,42,NOR,61,0,5,4,3,0,59,49.0,29.3,0.0,1.5,34.0,938.2,67.0,M,9,Spielberg,McLaren
61,42,NOR,62,0,4,4,3,0,60,49.0,29.6,0.0,2.0,33.6,938.3,81.0,M,10,Spielberg,McLaren
62,42,NOR,63,0,4,4,3,0,60,49.5,29.8,0.0,2.0,33.1,938.3,95.0,M,11,Spielberg,McLaren
63,42,NOR,64,0,4,5,3,0,61,49.5,29.8,0.0,2.1,33.4,938.3,84.0,M,12,Spielberg,McLaren
64,42,NOR,65,0,5,5,3,0,61,49.0,29.7,0.0,2.6,33.6,938.3,89.0,M,13,Spielberg,McLaren
65,42,NOR,66,0,5,5,3,0,61,48.4,29.8,0.0,2.0,32.9,938.3,78.0,M,14,Spielberg,McLaren
66,42,NOR,67,0,5,5,3,0,61,48.1,30.0,0.0,2.0,32.0,938.2,85.0,M,15,Spielberg,McLaren
67,42,NOR,68,0,5,5,3,0,61,48.1,29.9,0.0,2.6,32.3,938.2,79.0,M,16,Spielberg,McLaren
68,42,NOR,69,1,5,4,3,0,62,47.7,30.0,0.0,2.2,32.7,938.3,89.0,M,17,Spielberg,McLaren
69,42,NOR,70,1,4,4,3,0,62,46.9,29.9,0.0,3.3,32.5,938.2,89.0,M,18,Spielberg,McLaren
70,42,NOR,71,0,4,4,3,0,62,46.7,29.7,0.0,2.7,33.0,938.2,85.0,M,19,Spielberg,McLaren
0,42,ALB,1,0,4,4,4,0,36,53.3,27.4,0.0,1.0,36.4,939.0,0.0,S,3,Spielberg,Red Bull Racing
1,42,ALB,2,0,4,4,4,0,42,54.1,27.7,0.0,0.6,35.2,939.0,272.0,S,4,Spielberg,Red Bull Racing
2,42,ALB,3,0,4,3,4,0,41,54.0,28.1,0.0,1.7,35.6,939.0,156.0,S,5,Spielberg,Red Bull Racing
3,42,ALB,4,0,3,3,4,0,41,55.1,28.8,0.0,1.9,33.6,938.9,60.0,S,6,Spielberg,Red Bull Racing
4,42,ALB,5,0,3,3,4,0,39,54.7,28.9,0.0,3.1,32.8,938.9,87.0,S,7,Spielberg,Red Bull Racing
5,42,ALB,6,0,3,3,4,0,37,53.6,28.3,0.0,2.9,34.0,938.9,72.0,S,8,Spielberg,Red Bull Racing
6,42,ALB,7,0,3,3,4,0,38,53.4,28.3,0.0,1.2,34.5,938.9,109.0,S,9,Spielberg,Red Bull Racing
7,42,ALB,8,0,3,3,4,0,42,53.3,29.4,0.0,2.5,33.2,938.8,73.0,S,10,Spielberg,Red Bull Racing
8,42,ALB,9,0,3,3,4,0,41,53.1,29.0,0.0,2.7,32.5,938.9,90.0,S,11,Spielberg,Red Bull Racing
9,42,ALB,10,0,3,3,4,0,,53.0,28.6,0.0,2.8,33.5,938.8,64.0,S,12,Spielberg,Red Bull Racing
10,42,ALB,11,0,3,3,4,0,,52.9,28.9,0.0,2.4,34.2,938.7,92.0,S,13,Spielberg,Red Bull Racing
11,42,ALB,12,0,3,3,4,0,,52.8,29.1,0.0,3.2,33.6,938.7,91.0,S,14,Spielberg,Red Bull Racing
12,42,ALB,13,0,3,3,4,0,,52.8,29.2,0.0,2.4,32.4,938.8,62.0,S,15,Spielberg,Red Bull Racing
13,42,ALB,14,0,3,3,4,0,,52.9,29.1,0.0,1.6,33.0,938.7,83.0,S,16,Spielberg,Red Bull Racing
14,42,ALB,15,0,3,3,4,0,37,53.0,29.2,0.0,2.6,32.4,938.7,73.0,S,17,Spielberg,Red Bull Racing
15,42,ALB,16,0,3,3,4,0,38,52.9,29.2,0.0,2.3,32.9,938.8,84.0,S,18,Spielberg,Red Bull Racing
16,42,ALB,17,0,3,3,4,0,42,52.9,28.6,0.0,2.7,33.5,938.8,111.0,S,19,Spielberg,Red Bull Racing
17,42,ALB,18,0,3,3,4,0,40,52.0,28.7,0.0,2.1,33.7,938.8,86.0,S,20,Spielberg,Red Bull Racing
18,42,ALB,19,0,3,3,4,0,34,52.2,28.9,0.0,3.5,33.8,938.8,94.0,S,21,Spielberg,Red Bull Racing
19,42,ALB,20,0,3,3,4,0,36,51.7,28.3,0.0,3.1,33.6,938.8,92.0,S,22,Spielberg,Red Bull Racing
20,42,ALB,21,1,3,3,4,0,42,51.7,27.8,0.0,2.3,34.4,938.7,86.0,S,23,Spielberg,Red Bull Racing
21,42,ALB,22,0,3,3,4,0,41,51.1,27.8,0.0,1.4,35.0,938.7,100.0,S,24,Spielberg,Red Bull Racing
22,42,ALB,23,0,3,3,4,0,41,51.1,28.3,0.0,1.4,34.4,938.8,72.0,S,25,Spielberg,Red Bull Racing
23,42,ALB,24,0,3,3,4,0,39,52.5,28.6,0.0,2.0,33.8,938.7,97.0,S,26,Spielberg,Red Bull Racing
24,42,ALB,25,0,3,3,4,0,37,52.5,29.2,0.0,1.8,33.2,938.7,101.0,S,27,Spielberg,Red Bull Racing
25,42,ALB,26,2,3,3,4,0,38,52.1,29.3,0.0,1.9,32.7,938.7,86.0,S,28,Spielberg,Red Bull Racing
26,42,ALB,27,2,3,3,4,0,42,51.6,28.5,0.0,2.8,34.9,938.7,87.0,H,0,Spielberg,Red Bull Racing
27,42,ALB,28,2,3,3,4,0,41,51.6,28.7,0.0,3.3,33.1,938.6,93.0,H,1,Spielberg,Red Bull Racing
28,42,ALB,29,2,3,3,4,0,,51.5,28.4,0.0,1.6,34.6,938.7,88.0,H,2,Spielberg,Red Bull Racing
29,42,ALB,30,2,3,3,4,0,,51.2,28.7,0.0,2.8,35.1,938.6,101.0,H,3,Spielberg,Red Bull Racing
30,42,ALB,31,1,3,3,4,0,,51.9,29.0,0.0,3.6,33.0,938.6,68.0,H,4,Spielberg,Red Bull Racing
31,42,ALB,32,0,3,3,4,0,,51.6,28.9,0.0,3.0,33.8,938.7,79.0,H,5,Spielberg,Red Bull Racing
32,42,ALB,33,0,3,3,4,0,,51.6,29.0,0.0,2.3,33.5,938.7,90.0,H,6,Spielberg,Red Bull Racing
33,42,ALB,34,0,3,3,4,0,37,51.2,28.9,0.0,2.6,33.2,938.6,90.0,H,7,Spielberg,Red Bull Racing
34,42,ALB,35,0,3,3,4,0,38,50.6,29.0,0.0,2.5,33.5,938.6,81.0,H,8,Spielberg,Red Bull Racing
35,42,ALB,36,0,3,3,4,0,42,50.6,29.0,0.0,2.9,33.6,938.7,74.0,H,9,Spielberg,Red Bull Racing
36,42,ALB,37,0,3,3,4,0,40,50.8,28.6,0.0,2.6,34.4,938.6,95.0,H,10,Spielberg,Red Bull Racing
37,42,ALB,38,0,3,3,4,0,34,50.8,28.7,0.0,2.4,33.7,938.6,93.0,H,11,Spielberg,Red Bull Racing
38,42,ALB,39,0,3,3,4,0,36,50.4,28.6,0.0,3.2,34.5,938.5,89.0,H,12,Spielberg,Red Bull Racing
39,42,ALB,40,0,3,3,4,0,42,50.4,28.7,0.0,3.2,34.4,938.5,85.0,H,13,Spielberg,Red Bull Racing
40,42,ALB,41,0,3,3,4,0,41,50.4,28.6,0.0,3.2,34.2,938.6,32.0,H,14,Spielberg,Red Bull Racing
41,42,ALB,42,0,3,3,4,0,41,50.5,28.8,0.0,1.4,34.0,938.7,94.0,H,15,Spielberg,Red Bull Racing
42,42,ALB,43,0,3,3,4,0,39,50.4,29.0,0.0,1.2,33.7,938.5,143.0,H,16,Spielberg,Red Bull Racing
43,42,ALB,44,0,3,3,4,0,37,50.3,29.0,0.0,0.5,33.2,938.4,251.0,H,17,Spielberg,Red Bull Racing
44,42,ALB,45,0,3,3,4,0,38,49.8,29.0,0.0,0.7,34.2,938.5,0.0,H,18,Spielberg,Red Bull Racing
45,42,ALB,46,0,3,3,4,0,42,48.6,29.3,0.0,1.1,33.6,938.5,0.0,H,19,Spielberg,Red Bull Racing
46,42,ALB,47,0,3,3,4,0,41,47.6,29.2,0.0,1.1,34.2,938.5,102.0,H,20,Spielberg,Red Bull Racing
47,42,ALB,48,0,3,3,4,0,,47.6,29.3,0.0,2.5,33.5,938.5,77.0,H,21,Spielberg,Red Bull Racing
48,42,ALB,49,0,3,3,4,0,,49.1,29.4,0.0,1.8,33.8,938.5,80.0,H,22,Spielberg,Red Bull Racing
49,42,ALB,50,0,3,3,4,0,,48.7,29.4,0.0,0.9,33.8,938.6,189.0,H,23,Spielberg,Red Bull Racing
50,42,ALB,51,2,3,3,4,0,,48.7,29.6,0.0,1.0,32.8,938.4,68.0,H,24,Spielberg,Red Bull Racing
51,42,ALB,52,2,3,4,4,0,,48.9,29.3,0.0,1.7,32.3,938.4,79.0,S,3,Spielberg,Red Bull Racing
52,42,ALB,53,2,4,4,4,0,37,48.9,29.0,0.0,1.5,32.7,938.4,73.0,S,4,Spielberg,Red Bull Racing
53,42,ALB,54,2,4,4,4,0,38,48.9,28.7,0.0,2.2,33.7,938.3,39.0,S,5,Spielberg,Red Bull Racing
54,42,ALB,55,2,4,4,4,0,42,48.9,28.5,0.0,2.1,34.6,938.4,33.0,S,6,Spielberg,Red Bull Racing
55,42,ALB,56,2,4,4,4,0,40,49.8,29.1,0.0,1.3,33.8,938.4,97.0,S,7,Spielberg,Red Bull Racing
56,42,ALB,57,2,4,4,4,0,34,49.0,29.3,0.0,1.5,34.0,938.2,67.0,S,8,Spielberg,Red Bull Racing
57,42,ALB,58,2,4,4,4,0,36,49.0,29.6,0.0,2.0,33.6,938.3,81.0,S,9,Spielberg,Red Bull Racing
58,42,ALB,59,2,4,3,4,0,42,49.5,29.8,0.0,2.0,33.1,938.3,95.0,S,10,Spielberg,Red Bull Racing
59,42,ALB,60,2,3,3,4,0,41,49.5,29.8,0.0,2.1,33.4,938.3,84.0,S,11,Spielberg,Red Bull Racing
60,42,ALB,61,0,3,13,4,0,41,49.0,29.7,0.0,2.6,33.6,938.3,89.0,S,12,Spielberg,Red Bull Racing
61,42,ALB,62,0,13,13,4,0,39,48.4,29.8,0.0,2.0,32.9,938.3,78.0,S,13,Spielberg,Red Bull Racing
62,42,ALB,63,0,13,13,4,0,37,48.1,30.0,0.0,2.0,32.0,938.2,85.0,S,14,Spielberg,Red Bull Racing
63,42,ALB,64,0,13,12,4,0,38,48.1,29.9,0.0,2.6,32.3,938.2,79.0,S,15,Spielberg,Red Bull Racing
64,42,ALB,65,0,12,12,4,0,42,47.7,30.0,0.0,2.2,32.7,938.3,89.0,S,16,Spielberg,Red Bull Racing
65,42,ALB,66,0,12,12,4,0,41,46.9,29.9,0.0,3.3,32.5,938.2,89.0,S,17,Spielberg,Red Bull Racing
66,42,ALB,67,0,12,11,4,0,,46.7,29.7,0.0,2.7,33.0,938.2,85.0,S,18,Spielberg,Red Bull Racing
0,42,HAM,1,0,5,5,5,0,55,53.3,27.4,0.0,1.0,36.4,939.0,0.0,S,3,Spielberg,Mercedes
1,42,HAM,2,0,5,5,5,0,53,54.1,27.7,0.0,0.6,35.2,939.0,272.0,S,4,Spielberg,Mercedes
2,42,HAM,3,0,5,5,5,0,48,55.1,28.8,0.0,1.9,33.6,938.9,60.0,S,5,Spielberg,Mercedes
3,42,HAM,4,0,5,4,5,0,47,54.7,28.9,0.0,3.1,32.8,938.9,87.0,S,6,Spielberg,Mercedes
4,42,HAM,5,0,4,4,5,0,48,53.6,28.3,0.0,2.9,34.0,938.9,72.0,S,7,Spielberg,Mercedes
5,42,HAM,6,0,4,4,5,0,49,53.2,28.6,0.0,2.5,35.1,938.9,131.0,S,8,Spielberg,Mercedes
6,42,HAM,7,0,4,4,5,0,50,53.5,29.1,0.0,3.2,34.1,938.9,85.0,S,9,Spielberg,Mercedes
7,42,HAM,8,0,4,4,5,0,52,53.3,29.0,0.0,2.7,33.2,938.8,88.0,S,10,Spielberg,Mercedes
8,42,HAM,9,0,4,2,5,0,52,53.1,29.0,0.0,2.7,32.5,938.9,90.0,S,11,Spielberg,Mercedes
9,42,HAM,10,0,2,2,5,0,,52.9,28.9,0.0,2.4,34.2,938.7,92.0,S,12,Spielberg,Mercedes
10,42,HAM,11,0,2,2,5,0,,52.8,29.1,0.0,3.2,33.6,938.7,91.0,S,13,Spielberg,Mercedes
11,42,HAM,12,0,2,2,5,0,,52.8,29.2,0.0,2.4,32.4,938.8,62.0,S,14,Spielberg,Mercedes
12,42,HAM,13,0,2,2,5,0,,52.9,29.1,0.0,1.6,33.0,938.7,83.0,S,15,Spielberg,Mercedes
13,42,HAM,14,0,2,2,5,0,,53.0,29.2,0.0,2.6,32.4,938.7,73.0,S,16,Spielberg,Mercedes
14,42,HAM,15,0,2,2,5,0,53,53.0,29.1,0.0,3.3,32.3,938.8,84.0,S,17,Spielberg,Mercedes
15,42,HAM,16,0,2,2,5,0,54,52.9,28.6,0.0,2.7,33.5,938.8,111.0,S,18,Spielberg,Mercedes
16,42,HAM,17,0,2,2,5,0,58,52.0,28.7,0.0,2.1,33.7,938.8,86.0,S,19,Spielberg,Mercedes
17,42,HAM,18,0,2,2,5,0,57,52.2,28.9,0.0,3.5,33.8,938.8,94.0,S,20,Spielberg,Mercedes
18,42,HAM,19,0,2,2,5,0,57,52.2,28.9,0.0,3.0,32.7,938.8,87.0,S,21,Spielberg,Mercedes
19,42,HAM,20,0,2,2,5,0,59,51.7,28.3,0.0,3.1,33.6,938.8,92.0,S,22,Spielberg,Mercedes
20,42,HAM,21,1,2,2,5,0,60,51.7,27.8,0.0,2.3,34.4,938.7,86.0,S,23,Spielberg,Mercedes
21,42,HAM,22,0,2,2,5,0,61,51.1,27.8,0.0,1.4,35.0,938.7,100.0,S,24,Spielberg,Mercedes
22,42,HAM,23,0,2,2,5,0,62,51.1,28.3,0.0,1.4,34.4,938.8,72.0,S,25,Spielberg,Mercedes
23,42,HAM,24,0,2,2,5,0,62,52.5,28.6,0.0,2.0,33.8,938.7,97.0,S,26,Spielberg,Mercedes
24,42,HAM,25,0,2,2,5,0,63,52.8,29.0,0.0,1.6,33.5,938.7,68.0,S,27,Spielberg,Mercedes
25,42,HAM,26,2,2,2,5,0,64,52.5,29.2,0.0,1.8,33.2,938.7,101.0,S,28,Spielberg,Mercedes
26,42,HAM,27,2,2,2,5,0,64,52.1,29.3,0.0,1.9,32.7,938.7,86.0,H,0,Spielberg,Mercedes
27,42,HAM,28,2,2,2,5,0,63,51.7,28.7,0.0,2.9,33.3,938.7,80.0,H,1,Spielberg,Mercedes
28,42,HAM,29,2,2,2,5,0,63,51.6,28.5,0.0,2.8,34.9,938.7,87.0,H,2,Spielberg,Mercedes
29,42,HAM,30,2,2,2,5,0,62,51.6,28.7,0.0,3.3,33.1,938.6,93.0,H,3,Spielberg,Mercedes
30,42,HAM,31,1,2,2,5,0,60,51.5,28.4,0.0,1.6,34.6,938.7,88.0,H,4,Spielberg,Mercedes
31,42,HAM,32,0,2,2,5,0,61,51.2,28.7,0.0,2.8,35.1,938.6,101.0,H,5,Spielberg,Mercedes
32,42,HAM,33,0,2,2,5,0,62,51.9,29.0,0.0,3.6,33.0,938.6,68.0,H,6,Spielberg,Mercedes
33,42,HAM,34,0,2,2,5,0,62,51.9,28.9,0.0,2.8,33.6,938.6,93.0,H,7,Spielberg,Mercedes
34,42,HAM,35,0,2,2,5,0,63,51.6,28.9,0.0,3.0,33.8,938.7,79.0,H,8,Spielberg,Mercedes
35,42,HAM,36,0,2,2,5,0,63,51.6,29.1,0.0,2.0,32.8,938.7,64.0,H,9,Spielberg,Mercedes
36,42,HAM,37,0,2,2,5,0,64,51.6,29.0,0.0,2.3,33.5,938.7,90.0,H,10,Spielberg,Mercedes
37,42,HAM,38,0,2,2,5,0,64,51.2,28.9,0.0,2.6,33.2,938.6,90.0,H,11,Spielberg,Mercedes
38,42,HAM,39,0,2,2,5,0,64,51.2,28.7,0.0,2.8,33.8,938.6,75.0,H,12,Spielberg,Mercedes
39,42,HAM,40,0,2,2,5,0,65,50.6,29.0,0.0,2.5,33.5,938.6,81.0,H,13,Spielberg,Mercedes
40,42,HAM,41,0,2,2,5,0,66,50.6,29.0,0.0,2.9,33.6,938.7,74.0,H,14,Spielberg,Mercedes
41,42,HAM,42,0,2,2,5,0,66,50.8,28.6,0.0,2.6,34.4,938.6,95.0,H,15,Spielberg,Mercedes
42,42,HAM,43,0,2,2,5,0,66,50.4,28.6,0.0,3.2,34.5,938.5,89.0,H,16,Spielberg,Mercedes
43,42,HAM,44,0,2,2,5,0,66,50.4,28.7,0.0,3.2,34.4,938.5,85.0,H,17,Spielberg,Mercedes
44,42,HAM,45,0,2,2,5,0,66,50.4,28.6,0.0,3.2,34.2,938.6,32.0,H,18,Spielberg,Mercedes
45,42,HAM,46,0,2,2,5,0,66,50.5,28.8,0.0,1.4,34.0,938.7,94.0,H,19,Spielberg,Mercedes
46,42,HAM,47,0,2,2,5,0,67,50.4,29.0,0.0,1.2,33.7,938.5,143.0,H,20,Spielberg,Mercedes
47,42,HAM,48,0,2,2,5,0,67,50.3,29.0,0.0,0.5,33.2,938.4,251.0,H,21,Spielberg,Mercedes
48,42,HAM,49,0,2,2,5,0,67,49.1,29.3,0.0,0.8,33.3,938.4,91.0,H,22,Spielberg,Mercedes
49,42,HAM,50,0,2,2,5,0,67,48.6,29.3,0.0,1.1,33.6,938.5,0.0,H,23,Spielberg,Mercedes
50,42,HAM,51,2,2,2,5,0,68,47.6,29.2,0.0,1.1,34.2,938.5,102.0,H,24,Spielberg,Mercedes
51,42,HAM,52,2,2,2,5,0,68,47.6,29.3,0.0,2.5,33.5,938.5,77.0,H,25,Spielberg,Mercedes
52,42,HAM,53,2,2,2,5,0,66,49.1,29.4,0.0,1.8,33.8,938.5,80.0,H,26,Spielberg,Mercedes
53,42,HAM,54,2,2,2,5,0,65,48.7,29.4,0.0,0.9,33.8,938.6,189.0,H,27,Spielberg,Mercedes
54,42,HAM,55,2,2,2,5,0,64,48.7,29.6,0.0,1.0,32.8,938.4,68.0,H,28,Spielberg,Mercedes
55,42,HAM,56,2,2,2,5,0,63,48.9,29.3,0.0,1.7,32.3,938.4,79.0,H,29,Spielberg,Mercedes
56,42,HAM,57,2,2,2,5,0,61,48.9,29.0,0.0,1.5,32.7,938.4,73.0,H,30,Spielberg,Mercedes
57,42,HAM,58,2,2,2,5,0,60,48.9,28.7,0.0,2.2,33.7,938.3,39.0,H,31,Spielberg,Mercedes
58,42,HAM,59,2,2,2,5,0,60,48.9,28.5,0.0,2.1,34.6,938.4,33.0,H,32,Spielberg,Mercedes
59,42,HAM,60,2,2,2,5,0,60,49.4,28.7,0.0,1.3,34.6,938.4,82.0,H,33,Spielberg,Mercedes
60,42,HAM,61,0,2,2,5,0,60,49.8,29.1,0.0,1.3,33.8,938.4,97.0,H,34,Spielberg,Mercedes
61,42,HAM,62,0,2,2,5,0,60,49.3,29.3,0.0,2.0,33.8,938.4,77.0,H,35,Spielberg,Mercedes
62,42,HAM,63,0,2,2,5,0,60,49.0,29.3,0.0,1.5,34.0,938.2,67.0,H,36,Spielberg,Mercedes
63,42,HAM,64,0,2,2,5,0,60,49.0,29.6,0.0,2.0,33.6,938.3,81.0,H,37,Spielberg,Mercedes
64,42,HAM,65,0,2,2,5,0,60,49.5,29.8,0.0,2.1,33.4,938.3,84.0,H,38,Spielberg,Mercedes
65,42,HAM,66,0,2,2,5,0,61,49.0,29.7,0.0,2.6,33.6,938.3,89.0,H,39,Spielberg,Mercedes
66,42,HAM,67,0,2,2,5,0,61,48.1,30.0,0.0,2.0,32.0,938.2,85.0,H,40,Spielberg,Mercedes
67,42,HAM,68,0,2,2,5,0,61,48.1,29.9,0.0,2.6,32.3,938.2,79.0,H,41,Spielberg,Mercedes
68,42,HAM,69,1,2,2,5,0,61,47.7,30.0,0.0,2.2,32.7,938.3,89.0,H,42,Spielberg,Mercedes
69,42,HAM,70,1,2,2,5,0,61,46.9,29.9,0.0,3.3,32.5,938.2,89.0,H,43,Spielberg,Mercedes
70,42,HAM,71,0,2,2,5,0,61,46.7,29.7,0.0,2.7,33.0,938.2,85.0,H,44,Spielberg,Mercedes
0,42,PER,1,0,6,6,6,0,44,53.3,27.4,0.0,1.0,36.4,939.0,0.0,S,3,Spielberg,Racing Point
1,42,PER,2,0,6,6,6,0,41,54.1,27.7,0.0,0.6,35.2,939.0,272.0,S,4,Spielberg,Racing Point
2,42,PER,3,0,6,6,6,0,35,54.1,27.7,0.0,0.7,35.5,939.0,276.0,S,5,Spielberg,Racing Point
3,42,PER,4,0,6,6,6,0,37,54.0,28.1,0.0,1.7,35.6,939.0,156.0,S,6,Spielberg,Racing Point
4,42,PER,5,0,6,6,6,0,36,54.1,28.6,0.0,2.0,33.7,939.0,90.0,S,7,Spielberg,Racing Point
5,42,PER,6,0,6,6,6,0,35,55.1,28.8,0.0,1.9,33.6,938.9,60.0,S,8,Spielberg,Racing Point
6,42,PER,7,0,6,6,6,0,35,54.7,28.9,0.0,3.1,32.8,938.9,87.0,S,9,Spielberg,Racing Point
7,42,PER,8,0,6,6,6,0,36,53.6,28.3,0.0,2.9,34.0,938.9,72.0,S,10,Spielberg,Racing Point
8,42,PER,9,0,6,5,6,0,36,53.4,28.3,0.0,1.2,34.5,938.9,109.0,S,11,Spielberg,Racing Point
9,42,PER,10,0,5,5,6,0,,53.5,29.1,0.0,3.2,34.1,938.9,85.0,S,12,Spielberg,Racing Point
10,42,PER,11,0,5,5,6,0,,53.3,29.4,0.0,2.5,33.2,938.8,73.0,S,13,Spielberg,Racing Point
11,42,PER,12,0,5,5,6,0,,53.0,28.6,0.0,2.8,33.5,938.8,64.0,S,14,Spielberg,Racing Point
12,42,PER,13,0,5,5,6,0,,52.9,28.9,0.0,2.4,34.2,938.7,92.0,S,15,Spielberg,Racing Point
13,42,PER,14,0,5,5,6,0,,52.8,29.2,0.0,2.4,32.4,938.8,62.0,S,16,Spielberg,Racing Point
14,42,PER,15,0,5,5,6,0,33,52.9,29.1,0.0,1.6,33.0,938.7,83.0,S,17,Spielberg,Racing Point
15,42,PER,16,0,5,5,6,0,35,52.9,29.2,0.0,2.3,32.9,938.8,84.0,S,18,Spielberg,Racing Point
16,42,PER,17,0,5,5,6,0,38,53.0,29.1,0.0,3.3,32.3,938.8,84.0,S,19,Spielberg,Racing Point
17,42,PER,18,0,5,5,6,0,36,52.9,28.6,0.0,2.7,33.5,938.8,111.0,S,20,Spielberg,Racing Point
18,42,PER,19,0,5,5,6,0,36,52.0,28.7,0.0,2.1,33.7,938.8,86.0,S,21,Spielberg,Racing Point
19,42,PER,20,0,5,5,6,0,38,52.2,28.9,0.0,3.5,33.8,938.8,94.0,S,22,Spielberg,Racing Point
20,42,PER,21,1,5,5,6,0,41,52.2,28.9,0.0,3.0,32.7,938.8,87.0,S,23,Spielberg,Racing Point
21,42,PER,22,0,5,5,6,0,42,51.7,28.3,0.0,3.1,33.6,938.8,92.0,S,24,Spielberg,Racing Point
22,42,PER,23,0,5,5,6,0,42,51.7,27.8,0.0,2.3,34.4,938.7,86.0,S,25,Spielberg,Racing Point
23,42,PER,24,0,5,5,6,0,43,51.1,27.8,0.0,1.4,35.0,938.7,100.0,S,26,Spielberg,Racing Point
24,42,PER,25,0,5,5,6,0,44,51.1,28.3,0.0,1.4,34.4,938.8,72.0,S,27,Spielberg,Racing Point
25,42,PER,26,2,5,5,6,0,47,52.5,28.6,0.0,2.0,33.8,938.7,97.0,S,28,Spielberg,Racing Point
26,42,PER,27,2,5,5,6,0,48,52.5,29.2,0.0,1.8,33.2,938.7,101.0,M,0,Spielberg,Racing Point
27,42,PER,28,2,5,5,6,0,48,52.4,29.1,0.0,2.8,33.3,938.7,93.0,M,1,Spielberg,Racing Point
28,42,PER,29,2,5,5,6,0,48,52.1,29.3,0.0,1.9,32.7,938.7,86.0,M,2,Spielberg,Racing Point
29,42,PER,30,2,5,5,6,0,46,51.8,29.1,0.0,3.0,32.6,938.7,77.0,M,3,Spielberg,Racing Point
30,42,PER,31,1,5,5,6,0,44,51.7,28.7,0.0,2.9,33.3,938.7,80.0,M,4,Spielberg,Racing Point
31,42,PER,32,0,5,5,6,0,45,51.6,28.5,0.0,2.8,34.9,938.7,87.0,M,5,Spielberg,Racing Point
32,42,PER,33,0,5,4,6,0,47,51.5,28.4,0.0,1.6,34.6,938.7,88.0,M,6,Spielberg,Racing Point
33,42,PER,34,0,4,4,6,0,47,51.2,28.7,0.0,2.8,35.1,938.6,101.0,M,7,Spielberg,Racing Point
34,42,PER,35,0,4,4,6,0,47,51.9,28.9,0.0,2.8,33.6,938.6,93.0,M,8,Spielberg,Racing Point
35,42,PER,36,0,4,4,6,0,48,51.6,28.9,0.0,3.0,33.8,938.7,79.0,M,9,Spielberg,Racing Point
36,42,PER,37,0,4,4,6,0,48,51.6,29.1,0.0,2.0,32.8,938.7,64.0,M,10,Spielberg,Racing Point
37,42,PER,38,0,4,4,6,0,49,51.6,29.0,0.0,2.3,33.5,938.7,90.0,M,11,Spielberg,Racing Point
38,42,PER,39,0,4,4,6,0,49,51.2,28.9,0.0,2.6,33.2,938.6,90.0,M,12,Spielberg,Racing Point
39,42,PER,40,0,4,4,6,0,50,50.6,29.0,0.0,2.5,33.5,938.6,81.0,M,13,Spielberg,Racing Point
40,42,PER,41,0,4,4,6,0,50,50.6,29.0,0.0,2.9,33.6,938.7,74.0,M,14,Spielberg,Racing Point
41,42,PER,42,0,4,4,6,0,50,50.8,28.6,0.0,2.6,34.4,938.6,95.0,M,15,Spielberg,Racing Point
42,42,PER,43,0,4,4,6,0,51,50.8,28.7,0.0,2.4,33.7,938.6,93.0,M,16,Spielberg,Racing Point
43,42,PER,44,0,4,4,6,0,51,50.4,28.7,0.0,3.2,34.4,938.5,85.0,M,17,Spielberg,Racing Point
44,42,PER,45,0,4,4,6,0,51,50.5,28.8,0.0,1.4,34.0,938.7,94.0,M,18,Spielberg,Racing Point
45,42,PER,46,0,4,4,6,0,51,50.4,29.0,0.0,1.2,33.7,938.5,143.0,M,19,Spielberg,Racing Point
46,42,PER,47,0,4,4,6,0,52,49.8,29.0,0.0,0.7,34.2,938.5,0.0,M,20,Spielberg,Racing Point
47,42,PER,48,0,4,4,6,0,52,49.1,29.3,0.0,0.8,33.3,938.4,91.0,M,21,Spielberg,Racing Point
48,42,PER,49,0,4,4,6,0,52,48.6,29.3,0.0,1.1,33.6,938.5,0.0,M,22,Spielberg,Racing Point
49,42,PER,50,0,4,4,6,0,53,47.6,29.3,0.0,2.5,33.5,938.5,77.0,M,23,Spielberg,Racing Point
50,42,PER,51,2,4,4,6,0,53,48.8,29.4,0.0,1.3,33.3,938.5,95.0,M,24,Spielberg,Racing Point
51,42,PER,52,2,4,3,6,0,53,48.7,29.4,0.0,0.9,33.8,938.6,189.0,M,25,Spielberg,Racing Point
52,42,PER,53,2,3,3,6,0,52,48.7,29.6,0.0,1.0,32.8,938.4,68.0,M,26,Spielberg,Racing Point
53,42,PER,54,2,3,3,6,0,50,48.9,29.3,0.0,1.7,32.3,938.4,79.0,M,27,Spielberg,Racing Point
54,42,PER,55,2,3,3,6,0,50,48.9,29.0,0.0,1.5,32.7,938.4,73.0,M,28,Spielberg,Racing Point
55,42,PER,56,2,3,3,6,0,49,48.9,28.7,0.0,2.2,33.7,938.3,39.0,M,29,Spielberg,Racing Point
56,42,PER,57,2,3,3,6,0,48,48.9,28.5,0.0,2.1,34.6,938.4,33.0,M,30,Spielberg,Racing Point
57,42,PER,58,2,3,3,6,0,47,49.4,28.7,0.0,1.3,34.6,938.4,82.0,M,31,Spielberg,Racing Point
58,42,PER,59,2,3,4,6,0,47,49.8,29.1,0.0,1.3,33.8,938.4,97.0,M,32,Spielberg,Racing Point
59,42,PER,60,2,4,4,6,0,47,49.8,29.3,0.0,2.5,33.5,938.3,93.0,M,33,Spielberg,Racing Point
60,42,PER,61,0,4,3,6,0,47,49.3,29.3,0.0,2.0,33.8,938.4,77.0,M,34,Spielberg,Racing Point
61,42,PER,62,0,3,3,6,0,48,49.0,29.3,0.0,1.5,34.0,938.2,67.0,M,35,Spielberg,Racing Point
62,42,PER,63,0,3,3,6,0,48,49.5,29.8,0.0,2.0,33.1,938.3,95.0,M,36,Spielberg,Racing Point
63,42,PER,64,0,3,3,6,0,48,49.5,29.8,0.0,2.1,33.4,938.3,84.0,M,37,Spielberg,Racing Point
64,42,PER,65,0,3,3,6,0,48,49.0,29.7,0.0,2.6,33.6,938.3,89.0,M,38,Spielberg,Racing Point
65,42,PER,66,0,3,4,6,0,48,48.4,29.8,0.0,2.0,32.9,938.3,78.0,M,39,Spielberg,Racing Point
66,42,PER,67,0,4,4,6,0,48,48.1,30.0,0.0,2.0,32.0,938.2,85.0,M,40,Spielberg,Racing Point
67,42,PER,68,0,4,4,6,0,48,48.1,29.9,0.0,2.6,32.3,938.2,79.0,M,41,Spielberg,Racing Point
68,42,PER,69,1,4,5,6,0,48,47.7,30.0,0.0,2.2,32.7,938.3,89.0,M,42,Spielberg,Racing Point
69,42,PER,70,1,5,5,6,0,48,46.9,29.9,0.0,3.3,32.5,938.2,89.0,M,43,Spielberg,Racing Point
70,42,PER,71,0,5,6,6,0,48,46.7,29.7,0.0,2.7,33.0,938.2,85.0,M,44,Spielberg,Racing Point
0,42,LEC,1,0,7,7,7,0,53,54.1,27.7,0.0,0.6,35.2,939.0,272.0,S,3,Spielberg,Ferrari
1,42,LEC,2,0,7,7,7,0,57,54.1,28.6,0.0,2.0,33.7,939.0,90.0,S,4,Spielberg,Ferrari
2,42,LEC,3,0,7,7,7,0,58,55.1,28.8,0.0,1.9,33.6,938.9,60.0,S,5,Spielberg,Ferrari
3,42,LEC,4,0,7,7,7,0,59,54.7,28.9,0.0,3.1,32.8,938.9,87.0,S,6,Spielberg,Ferrari
4,42,LEC,5,0,7,7,7,0,58,53.6,28.3,0.0,2.9,34.0,938.9,72.0,S,7,Spielberg,Ferrari
5,42,LEC,6,0,7,7,7,0,57,53.4,28.3,0.0,1.2,34.5,938.9,109.0,S,8,Spielberg,Ferrari
6,42,LEC,7,0,7,7,7,0,57,53.2,28.6,0.0,2.5,35.1,938.9,131.0,S,9,Spielberg,Ferrari
7,42,LEC,8,0,7,7,7,0,58,53.5,29.1,0.0,3.2,34.1,938.9,85.0,S,10,Spielberg,Ferrari
8,42,LEC,9,0,7,6,7,0,56,53.3,29.0,0.0,2.7,33.2,938.8,88.0,S,11,Spielberg,Ferrari
9,42,LEC,10,0,6,6,7,0,,53.1,29.0,0.0,2.7,32.5,938.9,90.0,S,12,Spielberg,Ferrari
10,42,LEC,11,0,6,6,7,0,,53.0,28.6,0.0,2.8,33.5,938.8,64.0,S,13,Spielberg,Ferrari
11,42,LEC,12,0,6,6,7,0,,52.8,29.1,0.0,3.2,33.6,938.7,91.0,S,14,Spielberg,Ferrari
12,42,LEC,13,0,6,6,7,0,,52.8,29.2,0.0,2.4,32.4,938.8,62.0,S,15,Spielberg,Ferrari
13,42,LEC,14,0,6,6,7,0,,53.0,29.2,0.0,2.6,32.4,938.7,73.0,S,16,Spielberg,Ferrari
14,42,LEC,15,0,6,6,7,0,53,52.9,29.2,0.0,2.3,32.9,938.8,84.0,S,17,Spielberg,Ferrari
15,42,LEC,16,0,6,6,7,0,53,53.0,29.1,0.0,3.3,32.3,938.8,84.0,S,18,Spielberg,Ferrari
16,42,LEC,17,0,6,6,7,0,54,52.9,28.6,0.0,2.7,33.5,938.8,111.0,S,19,Spielberg,Ferrari
17,42,LEC,18,0,6,6,7,0,53,52.2,28.9,0.0,3.5,33.8,938.8,94.0,S,20,Spielberg,Ferrari
18,42,LEC,19,0,6,6,7,0,54,52.2,28.9,0.0,3.0,32.7,938.8,87.0,S,21,Spielberg,Ferrari
19,42,LEC,20,0,6,6,7,0,54,51.7,28.3,0.0,3.1,33.6,938.8,92.0,S,22,Spielberg,Ferrari
20,42,LEC,21,1,6,6,7,0,54,51.7,27.8,0.0,2.3,34.4,938.7,86.0,S,23,Spielberg,Ferrari
21,42,LEC,22,0,6,6,7,0,55,51.1,27.8,0.0,1.4,35.0,938.7,100.0,S,24,Spielberg,Ferrari
22,42,LEC,23,0,6,6,7,0,55,51.1,28.3,0.0,1.4,34.4,938.8,72.0,S,25,Spielberg,Ferrari
23,42,LEC,24,0,6,6,7,0,56,52.8,29.0,0.0,1.6,33.5,938.7,68.0,S,26,Spielberg,Ferrari
24,42,LEC,25,0,6,6,7,0,56,52.5,29.2,0.0,1.8,33.2,938.7,101.0,S,27,Spielberg,Ferrari
25,42,LEC,26,2,6,6,7,0,59,52.4,29.1,0.0,2.8,33.3,938.7,93.0,S,28,Spielberg,Ferrari
26,42,LEC,27,2,6,6,7,0,60,51.7,28.7,0.0,2.9,33.3,938.7,80.0,H,0,Spielberg,Ferrari
27,42,LEC,28,2,6,6,7,0,61,51.6,28.5,0.0,2.8,34.9,938.7,87.0,H,1,Spielberg,Ferrari
28,42,LEC,29,2,6,6,7,0,62,51.6,28.7,0.0,3.3,33.1,938.6,93.0,H,2,Spielberg,Ferrari
29,42,LEC,30,2,6,6,7,0,62,51.5,28.4,0.0,1.6,34.6,938.7,88.0,H,3,Spielberg,Ferrari
30,42,LEC,31,1,6,6,7,0,62,51.2,28.7,0.0,2.8,35.1,938.6,101.0,H,4,Spielberg,Ferrari
31,42,LEC,32,0,6,6,7,0,63,51.9,29.0,0.0,3.6,33.0,938.6,68.0,H,5,Spielberg,Ferrari
32,42,LEC,33,0,6,6,7,0,64,51.6,28.9,0.0,3.0,33.8,938.7,79.0,H,6,Spielberg,Ferrari
33,42,LEC,34,0,6,6,7,0,64,51.6,29.1,0.0,2.0,32.8,938.7,64.0,H,7,Spielberg,Ferrari
34,42,LEC,35,0,6,6,7,0,65,51.6,29.0,0.0,2.3,33.5,938.7,90.0,H,8,Spielberg,Ferrari
35,42,LEC,36,0,6,6,7,0,65,51.2,28.9,0.0,2.6,33.2,938.6,90.0,H,9,Spielberg,Ferrari
36,42,LEC,37,0,6,6,7,0,65,51.2,28.7,0.0,2.8,33.8,938.6,75.0,H,10,Spielberg,Ferrari
37,42,LEC,38,0,6,6,7,0,66,50.6,29.0,0.0,2.5,33.5,938.6,81.0,H,11,Spielberg,Ferrari
38,42,LEC,39,0,6,6,7,0,66,50.8,28.7,0.0,2.4,33.7,938.6,93.0,H,12,Spielberg,Ferrari
39,42,LEC,40,0,6,6,7,0,66,50.4,28.6,0.0,3.2,34.5,938.5,89.0,H,13,Spielberg,Ferrari
40,42,LEC,41,0,6,6,7,0,66,50.4,28.7,0.0,3.2,34.4,938.5,85.0,H,14,Spielberg,Ferrari
41,42,LEC,42,0,6,6,7,0,67,50.4,28.7,0.0,1.2,33.9,938.6,7.0,H,15,Spielberg,Ferrari
42,42,LEC,43,0,6,6,7,0,67,50.5,28.8,0.0,1.4,34.0,938.7,94.0,H,16,Spielberg,Ferrari
43,42,LEC,44,0,6,6,7,0,67,50.3,29.0,0.0,0.5,33.2,938.4,251.0,H,17,Spielberg,Ferrari
44,42,LEC,45,0,6,6,7,0,67,49.8,29.0,0.0,0.7,34.2,938.5,0.0,H,18,Spielberg,Ferrari
45,42,LEC,46,0,6,6,7,0,67,49.1,29.3,0.0,0.8,33.3,938.4,91.0,H,19,Spielberg,Ferrari
46,42,LEC,47,0,6,6,7,0,67,48.6,29.3,0.0,1.1,33.6,938.5,0.0,H,20,Spielberg,Ferrari
47,42,LEC,48,0,6,6,7,0,67,47.6,29.2,0.0,1.1,34.2,938.5,102.0,H,21,Spielberg,Ferrari
48,42,LEC,49,0,6,6,7,0,67,47.6,29.3,0.0,2.5,33.5,938.5,77.0,H,22,Spielberg,Ferrari
49,42,LEC,50,0,6,6,7,0,67,48.8,29.4,0.0,1.3,33.3,938.5,95.0,H,23,Spielberg,Ferrari
50,42,LEC,51,2,6,6,7,0,68,49.1,29.4,0.0,1.8,33.8,938.5,80.0,H,24,Spielberg,Ferrari
51,42,LEC,52,2,6,7,7,0,67,48.7,29.4,0.0,0.9,33.8,938.6,189.0,M,0,Spielberg,Ferrari
52,42,LEC,53,2,7,6,7,0,67,48.7,29.6,0.0,1.0,32.8,938.4,68.0,M,1,Spielberg,Ferrari
53,42,LEC,54,2,6,6,7,0,67,48.9,29.3,0.0,1.7,32.3,938.4,79.0,M,2,Spielberg,Ferrari
54,42,LEC,55,2,6,6,7,0,67,48.9,29.0,0.0,1.5,32.7,938.4,73.0,M,3,Spielberg,Ferrari
55,42,LEC,56,2,6,6,7,0,66,48.9,28.7,0.0,2.2,33.7,938.3,39.0,M,4,Spielberg,Ferrari
56,42,LEC,57,2,6,6,7,0,65,48.9,28.5,0.0,2.1,34.6,938.4,33.0,M,5,Spielberg,Ferrari
57,42,LEC,58,2,6,6,7,0,64,49.4,28.7,0.0,1.3,34.6,938.4,82.0,M,6,Spielberg,Ferrari
58,42,LEC,59,2,6,6,7,0,63,49.8,29.1,0.0,1.3,33.8,938.4,97.0,M,7,Spielberg,Ferrari
59,42,LEC,60,2,6,6,7,0,63,49.8,29.3,0.0,2.0,33.6,938.5,91.0,M,8,Spielberg,Ferrari
60,42,LEC,61,0,6,5,7,0,63,49.8,29.3,0.0,2.5,33.5,938.3,93.0,M,9,Spielberg,Ferrari
61,42,LEC,62,0,5,5,7,0,63,49.3,29.3,0.0,2.0,33.8,938.4,77.0,M,10,Spielberg,Ferrari
62,42,LEC,63,0,5,5,7,0,63,49.0,29.3,0.0,1.5,34.0,938.2,67.0,M,11,Spielberg,Ferrari
63,42,LEC,64,0,5,4,7,0,63,49.0,29.6,0.0,2.0,33.6,938.3,81.0,M,12,Spielberg,Ferrari
64,42,LEC,65,0,4,4,7,0,64,49.5,29.8,0.0,2.0,33.1,938.3,95.0,M,13,Spielberg,Ferrari
65,42,LEC,66,0,4,3,7,0,64,49.5,29.8,0.0,2.1,33.4,938.3,84.0,M,14,Spielberg,Ferrari
66,42,LEC,67,0,3,3,7,0,64,48.4,29.8,0.0,2.0,32.9,938.3,78.0,M,15,Spielberg,Ferrari
67,42,LEC,68,0,3,3,7,0,64,48.1,29.9,0.0,2.6,32.3,938.2,79.0,M,16,Spielberg,Ferrari
68,42,LEC,69,1,3,3,7,0,65,47.7,30.0,0.0,2.2,32.7,938.3,89.0,M,17,Spielberg,Ferrari
69,42,LEC,70,1,3,3,7,0,65,46.9,29.9,0.0,3.3,32.5,938.2,89.0,M,18,Spielberg,Ferrari
70,42,LEC,71,0,3,3,7,0,65,46.7,29.7,0.0,2.7,33.0,938.2,85.0,M,19,Spielberg,Ferrari
0,42,SAI,1,0,8,8,8,0,40,54.1,27.7,0.0,0.6,35.2,939.0,272.0,S,3,Spielberg,McLaren
1,42,SAI,2,0,8,8,8,0,39,54.1,27.7,0.0,0.7,35.5,939.0,276.0,S,4,Spielberg,McLaren
2,42,SAI,3,0,8,8,8,0,40,54.0,28.1,0.0,1.7,35.6,939.0,156.0,S,5,Spielberg,McLaren
3,42,SAI,4,0,8,8,8,0,42,54.1,28.6,0.0,2.0,33.7,939.0,90.0,S,6,Spielberg,McLaren
4,42,SAI,5,0,8,8,8,0,42,55.1,28.8,0.0,1.9,33.6,938.9,60.0,S,7,Spielberg,McLaren
5,42,SAI,6,0,8,8,8,0,42,54.7,28.9,0.0,3.1,32.8,938.9,87.0,S,8,Spielberg,McLaren
6,42,SAI,7,0,8,8,8,0,43,53.6,28.3,0.0,2.9,34.0,938.9,72.0,S,9,Spielberg,McLaren
7,42,SAI,8,0,8,8,8,0,44,53.4,28.3,0.0,1.2,34.5,938.9,109.0,S,10,Spielberg,McLaren
8,42,SAI,9,0,8,7,8,0,45,53.2,28.6,0.0,2.5,35.1,938.9,131.0,S,11,Spielberg,McLaren
9,42,SAI,10,0,7,7,8,0,,53.3,29.4,0.0,2.5,33.2,938.8,73.0,S,12,Spielberg,McLaren
10,42,SAI,11,0,7,7,8,0,,53.3,29.0,0.0,2.7,33.2,938.8,88.0,S,13,Spielberg,McLaren
11,42,SAI,12,0,7,7,8,0,,53.1,29.0,0.0,2.7,32.5,938.9,90.0,S,14,Spielberg,McLaren
12,42,SAI,13,0,7,7,8,0,,52.9,28.9,0.0,2.4,34.2,938.7,92.0,S,15,Spielberg,McLaren
13,42,SAI,14,0,7,7,8,0,,52.8,29.1,0.0,3.2,33.6,938.7,91.0,S,16,Spielberg,McLaren
14,42,SAI,15,0,7,7,8,0,49,52.8,29.2,0.0,2.4,32.4,938.8,62.0,S,17,Spielberg,McLaren
15,42,SAI,16,0,7,7,8,0,49,52.9,29.1,0.0,1.6,33.0,938.7,83.0,S,18,Spielberg,McLaren
16,42,SAI,17,0,7,7,8,0,49,53.0,29.2,0.0,2.6,32.4,938.7,73.0,S,19,Spielberg,McLaren
17,42,SAI,18,0,7,7,8,0,49,52.9,29.2,0.0,2.3,32.9,938.8,84.0,S,20,Spielberg,McLaren
18,42,SAI,19,0,7,7,8,0,49,53.0,29.1,0.0,3.3,32.3,938.8,84.0,S,21,Spielberg,McLaren
19,42,SAI,20,0,7,7,8,0,49,52.9,28.6,0.0,2.7,33.5,938.8,111.0,S,22,Spielberg,McLaren
20,42,SAI,21,1,7,7,8,0,50,52.0,28.7,0.0,2.1,33.7,938.8,86.0,S,23,Spielberg,McLaren
21,42,SAI,22,0,7,7,8,0,50,52.2,28.9,0.0,3.5,33.8,938.8,94.0,S,24,Spielberg,McLaren
22,42,SAI,23,0,7,7,8,0,51,52.2,28.9,0.0,3.0,32.7,938.8,87.0,S,25,Spielberg,McLaren
23,42,SAI,24,0,7,7,8,0,51,51.7,28.3,0.0,3.1,33.6,938.8,92.0,S,26,Spielberg,McLaren
24,42,SAI,25,0,7,7,8,0,52,51.7,27.8,0.0,2.3,34.4,938.7,86.0,S,27,Spielberg,McLaren
25,42,SAI,26,2,7,7,8,0,55,51.1,27.8,0.0,1.4,35.0,938.7,100.0,S,28,Spielberg,McLaren
26,42,SAI,27,2,7,7,8,0,56,52.5,28.6,0.0,2.0,33.8,938.7,97.0,H,0,Spielberg,McLaren
27,42,SAI,28,2,7,7,8,0,56,52.8,29.0,0.0,1.6,33.5,938.7,68.0,H,1,Spielberg,McLaren
28,42,SAI,29,2,7,7,8,0,56,52.5,29.2,0.0,1.8,33.2,938.7,101.0,H,2,Spielberg,McLaren
29,42,SAI,30,2,7,7,8,0,54,51.8,29.1,0.0,3.0,32.6,938.7,77.0,H,3,Spielberg,McLaren
30,42,SAI,31,1,7,7,8,0,53,51.7,28.7,0.0,2.9,33.3,938.7,80.0,H,4,Spielberg,McLaren
31,42,SAI,32,0,7,7,8,0,53,51.6,28.5,0.0,2.8,34.9,938.7,87.0,H,5,Spielberg,McLaren
32,42,SAI,33,0,7,7,8,0,54,51.6,28.7,0.0,3.3,33.1,938.6,93.0,H,6,Spielberg,McLaren
33,42,SAI,34,0,7,7,8,0,54,51.5,28.4,0.0,1.6,34.6,938.7,88.0,H,7,Spielberg,McLaren
34,42,SAI,35,0,7,7,8,0,54,51.9,29.0,0.0,3.6,33.0,938.6,68.0,H,8,Spielberg,McLaren
35,42,SAI,36,0,7,7,8,0,54,51.9,28.9,0.0,2.8,33.6,938.6,93.0,H,9,Spielberg,McLaren
36,42,SAI,37,0,7,7,8,0,55,51.6,28.9,0.0,3.0,33.8,938.7,79.0,H,10,Spielberg,McLaren
37,42,SAI,38,0,7,7,8,0,55,51.6,29.1,0.0,2.0,32.8,938.7,64.0,H,11,Spielberg,McLaren
38,42,SAI,39,0,7,7,8,0,55,51.6,29.0,0.0,2.3,33.5,938.7,90.0,H,12,Spielberg,McLaren
39,42,SAI,40,0,7,7,8,0,56,51.2,28.9,0.0,2.6,33.2,938.6,90.0,H,13,Spielberg,McLaren
40,42,SAI,41,0,7,7,8,0,56,51.2,28.7,0.0,2.8,33.8,938.6,75.0,H,14,Spielberg,McLaren
41,42,SAI,42,0,7,7,8,0,56,50.6,29.0,0.0,2.5,33.5,938.6,81.0,H,15,Spielberg,McLaren
42,42,SAI,43,0,7,7,8,0,56,50.8,28.6,0.0,2.6,34.4,938.6,95.0,H,16,Spielberg,McLaren
43,42,SAI,44,0,7,7,8,0,57,50.4,28.6,0.0,3.2,34.5,938.5,89.0,H,17,Spielberg,McLaren
44,42,SAI,45,0,7,7,8,0,57,50.4,28.7,0.0,3.2,34.4,938.5,85.0,H,18,Spielberg,McLaren
45,42,SAI,46,0,7,7,8,0,57,50.4,28.7,0.0,1.2,33.9,938.6,7.0,H,19,Spielberg,McLaren
46,42,SAI,47,0,7,7,8,0,57,50.5,28.8,0.0,1.4,34.0,938.7,94.0,H,20,Spielberg,McLaren
47,42,SAI,48,0,7,7,8,0,57,50.4,29.0,0.0,1.2,33.7,938.5,143.0,H,21,Spielberg,McLaren
48,42,SAI,49,0,7,7,8,0,58,50.3,29.0,0.0,0.5,33.2,938.4,251.0,H,22,Spielberg,McLaren
49,42,SAI,50,0,7,7,8,0,58,49.1,29.3,0.0,0.8,33.3,938.4,91.0,H,23,Spielberg,McLaren
50,42,SAI,51,2,7,7,8,0,59,48.6,29.3,0.0,1.1,33.6,938.5,0.0,H,24,Spielberg,McLaren
51,42,SAI,52,2,7,5,8,0,58,47.6,29.2,0.0,1.1,34.2,938.5,102.0,H,25,Spielberg,McLaren
52,42,SAI,53,2,5,9,8,0,58,47.6,29.3,0.0,2.5,33.5,938.5,77.0,M,0,Spielberg,McLaren
53,42,SAI,54,2,9,9,8,0,57,48.8,29.4,0.0,1.3,33.3,938.5,95.0,M,1,Spielberg,McLaren
54,42,SAI,55,2,9,8,8,0,56,49.1,29.4,0.0,1.8,33.8,938.5,80.0,M,2,Spielberg,McLaren
55,42,SAI,56,2,8,8,8,0,55,48.7,29.4,0.0,0.9,33.8,938.6,189.0,M,3,Spielberg,McLaren
56,42,SAI,57,2,8,8,8,0,53,48.7,29.6,0.0,1.0,32.8,938.4,68.0,M,4,Spielberg,McLaren
57,42,SAI,58,2,8,8,8,0,52,48.9,29.3,0.0,1.7,32.3,938.4,79.0,M,5,Spielberg,McLaren
58,42,SAI,59,2,8,8,8,0,52,48.9,28.7,0.0,2.2,33.7,938.3,39.0,M,6,Spielberg,McLaren
59,42,SAI,60,2,8,9,8,0,52,49.4,28.7,0.0,1.3,34.6,938.4,82.0,M,7,Spielberg,McLaren
60,42,SAI,61,0,9,7,8,0,52,49.8,29.1,0.0,1.3,33.8,938.4,97.0,M,8,Spielberg,McLaren
61,42,SAI,62,0,7,6,8,0,52,49.8,29.3,0.0,2.0,33.6,938.5,91.0,M,9,Spielberg,McLaren
62,42,SAI,63,0,6,6,8,0,52,49.8,29.3,0.0,2.5,33.5,938.3,93.0,M,10,Spielberg,McLaren
63,42,SAI,64,0,6,6,8,0,52,49.3,29.3,0.0,2.0,33.8,938.4,77.0,M,11,Spielberg,McLaren
64,42,SAI,65,0,6,6,8,0,52,49.0,29.6,0.0,2.0,33.6,938.3,81.0,M,12,Spielberg,McLaren
65,42,SAI,66,0,6,6,8,0,52,49.5,29.8,0.0,2.1,33.4,938.3,84.0,M,13,Spielberg,McLaren
66,42,SAI,67,0,6,6,8,0,52,49.0,29.7,0.0,2.6,33.6,938.3,89.0,M,14,Spielberg,McLaren
67,42,SAI,68,0,6,6,8,0,52,48.4,29.8,0.0,2.0,32.9,938.3,78.0,M,15,Spielberg,McLaren
68,42,SAI,69,1,6,6,8,0,52,48.1,30.0,0.0,2.0,32.0,938.2,85.0,M,16,Spielberg,McLaren
69,42,SAI,70,1,6,6,8,0,52,48.1,29.9,0.0,2.6,32.3,938.2,79.0,M,17,Spielberg,McLaren
70,42,SAI,71,0,6,5,8,0,52,46.9,29.9,0.0,3.3,32.5,938.2,89.0,M,18,Spielberg,McLaren
0,42,STR,1,0,9,9,9,0,27,54.1,28.6,0.0,2.0,33.7,939.0,90.0,S,3,Spielberg,Racing Point
1,42,STR,2,0,9,9,9,0,22,53.5,29.1,0.0,3.2,34.1,938.9,85.0,S,4,Spielberg,Racing Point
2,42,STR,3,0,9,9,9,0,22,53.3,29.0,0.0,2.7,33.2,938.8,88.0,S,5,Spielberg,Racing Point
3,42,STR,4,0,9,9,9,0,24,53.0,28.6,0.0,2.8,33.5,938.8,64.0,S,6,Spielberg,Racing Point
4,42,STR,5,0,9,9,9,0,24,52.8,29.1,0.0,3.2,33.6,938.7,91.0,S,7,Spielberg,Racing Point
5,42,STR,6,0,9,9,9,0,25,52.0,28.7,0.0,2.1,33.7,938.8,86.0,S,8,Spielberg,Racing Point
6,42,STR,7,0,9,9,9,0,25,51.7,28.3,0.0,3.1,33.6,938.8,92.0,S,9,Spielberg,Racing Point
7,42,STR,8,0,9,9,9,0,26,51.1,27.8,0.0,1.4,35.0,938.7,100.0,S,10,Spielberg,Racing Point
8,42,STR,9,0,9,8,9,0,26,51.6,28.7,0.0,3.3,33.1,938.6,93.0,S,11,Spielberg,Racing Point
9,42,STR,10,0,8,8,9,0,,51.9,28.9,0.0,2.8,33.6,938.6,93.0,S,12,Spielberg,Racing Point
10,42,STR,11,0,8,8,9,0,,51.6,29.1,0.0,2.0,32.8,938.7,64.0,S,13,Spielberg,Racing Point
11,42,STR,12,0,8,8,9,0,,50.4,29.0,0.0,1.2,33.7,938.5,143.0,S,14,Spielberg,Racing Point
12,42,STR,13,0,8,8,9,0,,47.6,29.3,0.0,2.5,33.5,938.5,77.0,S,15,Spielberg,Racing Point
13,42,STR,14,0,8,8,9,0,,48.9,29.3,0.0,1.7,32.3,938.4,79.0,S,16,Spielberg,Racing Point
14,42,STR,15,0,8,8,9,0,27,48.9,28.7,0.0,2.2,33.7,938.3,39.0,S,17,Spielberg,Racing Point
15,42,STR,16,0,8,8,9,0,30,49.8,29.1,0.0,1.3,33.8,938.4,97.0,S,18,Spielberg,Racing Point
16,42,STR,17,0,8,8,9,0,33,49.8,29.3,0.0,2.5,33.5,938.3,93.0,S,19,Spielberg,Racing Point
17,42,STR,18,0,8,9,9,0,31,49.3,29.3,0.0,2.0,33.8,938.4,77.0,S,20,Spielberg,Racing Point
18,42,STR,19,0,9,10,9,0,31,48.4,29.8,0.0,2.0,32.9,938.3,78.0,S,21,Spielberg,Racing Point
19,42,STR,20,0,10,14,9,1,35,46.7,29.7,0.0,2.7,33.0,938.2,85.0,S,22,Spielberg,Racing Point
0,42,RIC,1,0,11,11,11,0,37,53.3,27.4,0.0,1.0,36.4,939.0,0.0,S,3,Spielberg,Renault
1,42,RIC,2,0,11,11,11,0,35,53.3,29.0,0.0,2.7,33.2,938.8,88.0,S,4,Spielberg,Renault
2,42,RIC,3,0,11,11,11,0,33,52.8,29.2,0.0,2.4,32.4,938.8,62.0,S,5,Spielberg,Renault
3,42,RIC,4,0,11,11,11,0,34,52.2,28.9,0.0,3.5,33.8,938.8,94.0,S,6,Spielberg,Renault
4,42,RIC,5,0,11,11,11,0,36,52.4,29.1,0.0,2.8,33.3,938.7,93.0,S,7,Spielberg,Renault
5,42,RIC,6,0,11,11,11,0,37,51.2,28.7,0.0,2.8,35.1,938.6,101.0,S,8,Spielberg,Renault
6,42,RIC,7,0,11,11,11,0,40,51.9,28.9,0.0,2.8,33.6,938.6,93.0,S,9,Spielberg,Renault
7,42,RIC,8,0,11,11,11,0,42,51.2,28.9,0.0,2.6,33.2,938.6,90.0,S,10,Spielberg,Renault
8,42,RIC,9,0,11,10,11,0,41,50.8,28.7,0.0,2.4,33.7,938.6,93.0,S,11,Spielberg,Renault
9,42,RIC,10,0,10,10,11,0,,48.6,29.3,0.0,1.1,33.6,938.5,0.0,S,12,Spielberg,Renault
10,42,RIC,11,0,10,10,11,0,,48.9,28.7,0.0,2.2,33.7,938.3,39.0,S,13,Spielberg,Renault
11,42,RIC,12,0,10,10,11,0,,49.8,29.1,0.0,1.3,33.8,938.4,97.0,S,14,Spielberg,Renault
12,42,RIC,13,0,10,10,11,0,,49.8,29.3,0.0,2.5,33.5,938.3,93.0,S,15,Spielberg,Renault
13,42,RIC,14,0,10,10,11,0,,49.0,29.6,0.0,2.0,33.6,938.3,81.0,S,16,Spielberg,Renault
14,42,RIC,15,0,10,10,11,0,38,49.5,29.8,0.0,2.1,33.4,938.3,84.0,S,17,Spielberg,Renault
15,42,RIC,16,0,10,10,11,0,39,48.1,30.0,0.0,2.0,32.0,938.2,85.0,S,18,Spielberg,Renault
16,42,RIC,17,0,10,19,11,1,38,47.7,30.0,0.0,2.2,32.7,938.3,89.0,S,19,Spielberg,Renault
0,42,VET,1,0,10,10,10,0,54,53.3,27.4,0.0,1.0,36.4,939.0,0.0,M,0,Spielberg,Ferrari
1,42,VET,2,0,10,10,10,0,55,54.1,27.7,0.0,0.6,35.2,939.0,272.0,M,1,Spielberg,Ferrari
2,42,VET,3,0,10,10,10,0,54,54.0,28.1,0.0,1.7,35.6,939.0,156.0,M,2,Spielberg,Ferrari
3,42,VET,4,0,10,10,10,0,55,54.1,28.6,0.0,2.0,33.7,939.0,90.0,M,3,Spielberg,Ferrari
4,42,VET,5,0,10,10,10,0,55,53.6,28.3,0.0,2.9,34.0,938.9,72.0,M,4,Spielberg,Ferrari
5,42,VET,6,0,10,10,10,0,54,53.4,28.3,0.0,1.2,34.5,938.9,109.0,M,5,Spielberg,Ferrari
6,42,VET,7,0,10,10,10,0,54,53.2,28.6,0.0,2.5,35.1,938.9,131.0,M,6,Spielberg,Ferrari
7,42,VET,8,0,10,10,10,0,55,53.5,29.1,0.0,3.2,34.1,938.9,85.0,M,7,Spielberg,Ferrari
8,42,VET,9,0,10,9,10,0,54,53.3,29.4,0.0,2.5,33.2,938.8,73.0,M,8,Spielberg,Ferrari
9,42,VET,10,0,9,9,10,0,,53.3,29.0,0.0,2.7,33.2,938.8,88.0,M,9,Spielberg,Ferrari
10,42,VET,11,0,9,9,10,0,,53.1,29.0,0.0,2.7,32.5,938.9,90.0,M,10,Spielberg,Ferrari
11,42,VET,12,0,9,9,10,0,,53.0,28.6,0.0,2.8,33.5,938.8,64.0,M,11,Spielberg,Ferrari
12,42,VET,13,0,9,9,10,0,,52.9,28.9,0.0,2.4,34.2,938.7,92.0,M,12,Spielberg,Ferrari
13,42,VET,14,0,9,9,10,0,,52.8,29.1,0.0,3.2,33.6,938.7,91.0,M,13,Spielberg,Ferrari
14,42,VET,15,0,9,9,10,0,51,52.8,29.2,0.0,2.4,32.4,938.8,62.0,M,14,Spielberg,Ferrari
15,42,VET,16,0,9,9,10,0,52,52.9,29.1,0.0,1.6,33.0,938.7,83.0,M,15,Spielberg,Ferrari
16,42,VET,17,0,9,9,10,0,53,53.0,29.2,0.0,2.6,32.4,938.7,73.0,M,16,Spielberg,Ferrari
17,42,VET,18,0,9,8,10,0,52,52.9,29.2,0.0,2.3,32.9,938.8,84.0,M,17,Spielberg,Ferrari
18,42,VET,19,0,8,8,10,0,52,53.0,29.1,0.0,3.3,32.3,938.8,84.0,M,18,Spielberg,Ferrari
19,42,VET,20,0,8,8,10,0,53,52.0,28.7,0.0,2.1,33.7,938.8,86.0,M,19,Spielberg,Ferrari
20,42,VET,21,1,8,8,10,0,54,52.2,28.9,0.0,3.5,33.8,938.8,94.0,M,20,Spielberg,Ferrari
21,42,VET,22,0,8,8,10,0,55,52.2,28.9,0.0,3.0,32.7,938.8,87.0,M,21,Spielberg,Ferrari
22,42,VET,23,0,8,8,10,0,55,51.7,28.3,0.0,3.1,33.6,938.8,92.0,M,22,Spielberg,Ferrari
23,42,VET,24,0,8,8,10,0,55,51.7,27.8,0.0,2.3,34.4,938.7,86.0,M,23,Spielberg,Ferrari
24,42,VET,25,0,8,8,10,0,56,51.1,28.3,0.0,1.4,34.4,938.8,72.0,M,24,Spielberg,Ferrari
25,42,VET,26,2,8,8,10,0,59,52.5,28.6,0.0,2.0,33.8,938.7,97.0,M,25,Spielberg,Ferrari
26,42,VET,27,2,8,8,10,0,60,52.5,29.2,0.0,1.8,33.2,938.7,101.0,H,0,Spielberg,Ferrari
27,42,VET,28,2,8,8,10,0,60,52.4,29.1,0.0,2.8,33.3,938.7,93.0,H,1,Spielberg,Ferrari
28,42,VET,29,2,8,8,10,0,61,52.1,29.3,0.0,1.9,32.7,938.7,86.0,H,2,Spielberg,Ferrari
29,42,VET,30,2,8,8,10,0,60,51.8,29.1,0.0,3.0,32.6,938.7,77.0,H,3,Spielberg,Ferrari
30,42,VET,31,1,8,15,10,0,59,51.7,28.7,0.0,2.9,33.3,938.7,80.0,H,4,Spielberg,Ferrari
31,42,VET,32,0,15,15,10,0,60,51.6,28.5,0.0,2.8,34.9,938.7,87.0,H,5,Spielberg,Ferrari
32,42,VET,33,0,15,15,10,0,61,51.6,28.7,0.0,3.3,33.1,938.6,93.0,H,6,Spielberg,Ferrari
33,42,VET,34,0,15,15,10,0,61,51.5,28.4,0.0,1.6,34.6,938.7,88.0,H,7,Spielberg,Ferrari
34,42,VET,35,0,15,15,10,0,61,51.2,28.7,0.0,2.8,35.1,938.6,101.0,H,8,Spielberg,Ferrari
35,42,VET,36,0,15,14,10,0,62,51.6,28.9,0.0,3.0,33.8,938.7,79.0,H,9,Spielberg,Ferrari
36,42,VET,37,0,14,14,10,0,62,51.6,29.1,0.0,2.0,32.8,938.7,64.0,H,10,Spielberg,Ferrari
37,42,VET,38,0,14,14,10,0,62,51.6,29.0,0.0,2.3,33.5,938.7,90.0,H,11,Spielberg,Ferrari
38,42,VET,39,0,14,14,10,0,63,51.2,28.9,0.0,2.6,33.2,938.6,90.0,H,12,Spielberg,Ferrari
39,42,VET,40,0,14,14,10,0,63,50.6,29.0,0.0,2.5,33.5,938.6,81.0,H,13,Spielberg,Ferrari
40,42,VET,41,0,14,14,10,0,63,50.6,29.0,0.0,2.9,33.6,938.7,74.0,H,14,Spielberg,Ferrari
41,42,VET,42,0,14,14,10,0,63,50.8,28.7,0.0,2.4,33.7,938.6,93.0,H,15,Spielberg,Ferrari
42,42,VET,43,0,14,14,10,0,63,50.4,28.6,0.0,3.2,34.5,938.5,89.0,H,16,Spielberg,Ferrari
43,42,VET,44,0,14,14,10,0,63,50.4,28.7,0.0,3.2,34.4,938.5,85.0,H,17,Spielberg,Ferrari
44,42,VET,45,0,14,14,10,0,64,50.4,28.6,0.0,3.2,34.2,938.6,32.0,H,18,Spielberg,Ferrari
45,42,VET,46,0,14,14,10,0,64,50.4,28.7,0.0,1.2,33.9,938.6,7.0,H,19,Spielberg,Ferrari
46,42,VET,47,0,14,14,10,0,64,50.5,28.8,0.0,1.4,34.0,938.7,94.0,H,20,Spielberg,Ferrari
47,42,VET,48,0,14,14,10,0,64,50.4,29.0,0.0,1.2,33.7,938.5,143.0,H,21,Spielberg,Ferrari
48,42,VET,49,0,14,14,10,0,64,50.3,29.0,0.0,0.5,33.2,938.4,251.0,H,22,Spielberg,Ferrari
49,42,VET,50,0,14,13,10,0,65,49.8,29.0,0.0,0.7,34.2,938.5,0.0,H,23,Spielberg,Ferrari
50,42,VET,51,2,13,13,10,0,65,48.6,29.3,0.0,1.1,33.6,938.5,0.0,H,24,Spielberg,Ferrari
51,42,VET,52,2,13,13,10,0,64,47.6,29.2,0.0,1.1,34.2,938.5,102.0,S,0,Spielberg,Ferrari
52,42,VET,53,2,13,13,10,0,64,49.1,29.4,0.0,1.8,33.8,938.5,80.0,S,1,Spielberg,Ferrari
53,42,VET,54,2,13,12,10,0,64,48.7,29.4,0.0,0.9,33.8,938.6,189.0,S,2,Spielberg,Ferrari
54,42,VET,55,2,12,12,10,0,64,48.7,29.6,0.0,1.0,32.8,938.4,68.0,S,3,Spielberg,Ferrari
55,42,VET,56,2,12,11,10,0,62,48.9,29.3,0.0,1.7,32.3,938.4,79.0,S,4,Spielberg,Ferrari
56,42,VET,57,2,11,11,10,0,61,48.9,29.0,0.0,1.5,32.7,938.4,73.0,S,5,Spielberg,Ferrari
57,42,VET,58,2,11,11,10,0,60,48.9,28.7,0.0,2.2,33.7,938.3,39.0,S,6,Spielberg,Ferrari
58,42,VET,59,2,11,11,10,0,59,48.9,28.5,0.0,2.1,34.6,938.4,33.0,S,7,Spielberg,Ferrari
59,42,VET,60,2,11,11,10,0,59,49.4,28.7,0.0,1.3,34.6,938.4,82.0,S,8,Spielberg,Ferrari
60,42,VET,61,0,11,10,10,0,59,49.8,29.1,0.0,1.3,33.8,938.4,97.0,S,9,Spielberg,Ferrari
61,42,VET,62,0,10,10,10,0,59,49.8,29.3,0.0,2.0,33.6,938.5,91.0,S,10,Spielberg,Ferrari
62,42,VET,63,0,10,11,10,0,59,49.8,29.3,0.0,2.5,33.5,938.3,93.0,S,11,Spielberg,Ferrari
63,42,VET,64,0,11,11,10,0,59,49.3,29.3,0.0,2.0,33.8,938.4,77.0,S,12,Spielberg,Ferrari
64,42,VET,65,0,11,11,10,0,59,49.5,29.8,0.0,2.0,33.1,938.3,95.0,S,13,Spielberg,Ferrari
65,42,VET,66,0,11,11,10,0,59,49.5,29.8,0.0,2.1,33.4,938.3,84.0,S,14,Spielberg,Ferrari
66,42,VET,67,0,11,12,10,0,59,49.0,29.7,0.0,2.6,33.6,938.3,89.0,S,15,Spielberg,Ferrari
67,42,VET,68,0,12,11,10,0,59,48.1,30.0,0.0,2.0,32.0,938.2,85.0,S,16,Spielberg,Ferrari
68,42,VET,69,1,11,10,10,0,58,48.1,29.9,0.0,2.6,32.3,938.2,79.0,S,17,Spielberg,Ferrari
69,42,VET,70,1,10,10,10,0,56,47.7,30.0,0.0,2.2,32.7,938.3,89.0,S,18,Spielberg,Ferrari
70,42,VET,71,0,10,10,10,0,56,46.7,29.7,0.0,2.7,33.0,938.2,85.0,S,19,Spielberg,Ferrari
0,42,GAS,1,0,12,12,12,0,60,53.3,27.4,0.0,1.0,36.4,939.0,0.0,M,0,Spielberg,AlphaTauri
1,42,GAS,2,0,12,12,12,0,58,54.1,27.7,0.0,0.6,35.2,939.0,272.0,M,1,Spielberg,AlphaTauri
2,42,GAS,3,0,12,12,12,0,57,54.1,27.7,0.0,0.7,35.5,939.0,276.0,M,2,Spielberg,AlphaTauri
3,42,GAS,4,0,12,12,12,0,57,54.0,28.1,0.0,1.7,35.6,939.0,156.0,M,3,Spielberg,AlphaTauri
4,42,GAS,5,0,12,12,12,0,58,54.1,28.6,0.0,2.0,33.7,939.0,90.0,M,4,Spielberg,AlphaTauri
5,42,GAS,6,0,12,12,12,0,55,55.1,28.8,0.0,1.9,33.6,938.9,60.0,M,5,Spielberg,AlphaTauri
6,42,GAS,7,0,12,12,12,0,55,54.7,28.9,0.0,3.1,32.8,938.9,87.0,M,6,Spielberg,AlphaTauri
7,42,GAS,8,0,12,12,12,0,58,53.6,28.3,0.0,2.9,34.0,938.9,72.0,M,7,Spielberg,AlphaTauri
8,42,GAS,9,0,12,11,12,0,58,53.4,28.3,0.0,1.2,34.5,938.9,109.0,M,8,Spielberg,AlphaTauri
9,42,GAS,10,0,11,11,12,0,,53.5,29.1,0.0,3.2,34.1,938.9,85.0,M,9,Spielberg,AlphaTauri
10,42,GAS,11,0,11,11,12,0,,53.3,29.4,0.0,2.5,33.2,938.8,73.0,M,10,Spielberg,AlphaTauri
11,42,GAS,12,0,11,11,12,0,,53.1,29.0,0.0,2.7,32.5,938.9,90.0,M,11,Spielberg,AlphaTauri
12,42,GAS,13,0,11,11,12,0,,52.9,28.9,0.0,2.4,34.2,938.7,92.0,M,12,Spielberg,AlphaTauri
13,42,GAS,14,0,11,11,12,0,,52.8,29.1,0.0,3.2,33.6,938.7,91.0,M,13,Spielberg,AlphaTauri
14,42,GAS,15,0,11,11,12,0,61,52.8,29.2,0.0,2.4,32.4,938.8,62.0,M,14,Spielberg,AlphaTauri
15,42,GAS,16,0,11,11,12,0,64,52.9,29.1,0.0,1.6,33.0,938.7,83.0,M,15,Spielberg,AlphaTauri
16,42,GAS,17,0,11,10,12,0,65,52.9,29.2,0.0,2.3,32.9,938.8,84.0,M,16,Spielberg,AlphaTauri
17,42,GAS,18,0,10,10,12,0,64,53.0,29.1,0.0,3.3,32.3,938.8,84.0,M,17,Spielberg,AlphaTauri
18,42,GAS,19,0,10,9,12,0,65,52.9,28.6,0.0,2.7,33.5,938.8,111.0,M,18,Spielberg,AlphaTauri
19,42,GAS,20,0,9,9,12,0,67,52.0,28.7,0.0,2.1,33.7,938.8,86.0,M,19,Spielberg,AlphaTauri
20,42,GAS,21,1,9,9,12,0,68,52.2,28.9,0.0,3.5,33.8,938.8,94.0,M,20,Spielberg,AlphaTauri
21,42,GAS,22,0,9,9,12,0,69,52.2,28.9,0.0,3.0,32.7,938.8,87.0,M,21,Spielberg,AlphaTauri
22,42,GAS,23,0,9,9,12,0,68,51.7,27.8,0.0,2.3,34.4,938.7,86.0,M,22,Spielberg,AlphaTauri
23,42,GAS,24,0,9,9,12,0,68,51.1,27.8,0.0,1.4,35.0,938.7,100.0,M,23,Spielberg,AlphaTauri
24,42,GAS,25,0,9,9,12,0,69,51.1,28.3,0.0,1.4,34.4,938.8,72.0,M,24,Spielberg,AlphaTauri
25,42,GAS,26,2,9,9,12,0,70,52.8,29.0,0.0,1.6,33.5,938.7,68.0,M,25,Spielberg,AlphaTauri
26,42,GAS,27,2,9,9,12,0,71,52.5,29.2,0.0,1.8,33.2,938.7,101.0,H,0,Spielberg,AlphaTauri
27,42,GAS,28,2,9,9,12,0,71,52.4,29.1,0.0,2.8,33.3,938.7,93.0,H,1,Spielberg,AlphaTauri
28,42,GAS,29,2,9,9,12,0,73,52.1,29.3,0.0,1.9,32.7,938.7,86.0,H,2,Spielberg,AlphaTauri
29,42,GAS,30,2,9,9,12,0,72,51.8,29.1,0.0,3.0,32.6,938.7,77.0,H,3,Spielberg,AlphaTauri
30,42,GAS,31,1,9,8,12,0,71,51.7,28.7,0.0,2.9,33.3,938.7,80.0,H,4,Spielberg,AlphaTauri
31,42,GAS,32,0,8,8,12,0,71,51.6,28.5,0.0,2.8,34.9,938.7,87.0,H,5,Spielberg,AlphaTauri
32,42,GAS,33,0,8,8,12,0,72,51.6,28.7,0.0,3.3,33.1,938.6,93.0,H,6,Spielberg,AlphaTauri
33,42,GAS,34,0,8,8,12,0,72,51.9,29.0,0.0,3.6,33.0,938.6,68.0,H,7,Spielberg,AlphaTauri
34,42,GAS,35,0,8,8,12,0,72,51.9,28.9,0.0,2.8,33.6,938.6,93.0,H,8,Spielberg,AlphaTauri
35,42,GAS,36,0,8,8,12,0,72,51.6,28.9,0.0,3.0,33.8,938.7,79.0,H,9,Spielberg,AlphaTauri
36,42,GAS,37,0,8,8,12,0,72,51.6,29.0,0.0,2.3,33.5,938.7,90.0,H,10,Spielberg,AlphaTauri
37,42,GAS,38,0,8,8,12,0,73,51.2,28.9,0.0,2.6,33.2,938.6,90.0,H,11,Spielberg,AlphaTauri
38,42,GAS,39,0,8,8,12,0,73,51.2,28.7,0.0,2.8,33.8,938.6,75.0,H,12,Spielberg,AlphaTauri
39,42,GAS,40,0,8,8,12,0,73,50.6,29.0,0.0,2.5,33.5,938.6,81.0,H,13,Spielberg,AlphaTauri
40,42,GAS,41,0,8,8,12,0,73,50.6,29.0,0.0,2.9,33.6,938.7,74.0,H,14,Spielberg,AlphaTauri
41,42,GAS,42,0,8,8,12,0,73,50.8,28.6,0.0,2.6,34.4,938.6,95.0,H,15,Spielberg,AlphaTauri
42,42,GAS,43,0,8,8,12,0,73,50.8,28.7,0.0,2.4,33.7,938.6,93.0,H,16,Spielberg,AlphaTauri
43,42,GAS,44,0,8,8,12,0,74,50.4,28.7,0.0,3.2,34.4,938.5,85.0,H,17,Spielberg,AlphaTauri
44,42,GAS,45,0,8,8,12,0,74,50.4,28.6,0.0,3.2,34.2,938.6,32.0,H,18,Spielberg,AlphaTauri
45,42,GAS,46,0,8,8,12,0,74,50.4,28.7,0.0,1.2,33.9,938.6,7.0,H,19,Spielberg,AlphaTauri
46,42,GAS,47,0,8,8,12,0,74,50.5,28.8,0.0,1.4,34.0,938.7,94.0,H,20,Spielberg,AlphaTauri
47,42,GAS,48,0,8,8,12,0,74,50.4,29.0,0.0,1.2,33.7,938.5,143.0,H,21,Spielberg,AlphaTauri
48,42,GAS,49,0,8,8,12,0,74,50.3,29.0,0.0,0.5,33.2,938.4,251.0,H,22,Spielberg,AlphaTauri
49,42,GAS,50,0,8,8,12,0,75,49.8,29.0,0.0,0.7,34.2,938.5,0.0,H,23,Spielberg,AlphaTauri
50,42,GAS,51,2,8,8,12,0,75,48.6,29.3,0.0,1.1,33.6,938.5,0.0,H,24,Spielberg,AlphaTauri
51,42,GAS,52,2,8,8,12,0,75,47.6,29.2,0.0,1.1,34.2,938.5,102.0,H,25,Spielberg,AlphaTauri
52,42,GAS,53,2,8,7,12,0,74,47.6,29.3,0.0,2.5,33.5,938.5,77.0,H,26,Spielberg,AlphaTauri
53,42,GAS,54,2,7,7,12,0,73,48.8,29.4,0.0,1.3,33.3,938.5,95.0,H,27,Spielberg,AlphaTauri
54,42,GAS,55,2,7,7,12,0,73,49.1,29.4,0.0,1.8,33.8,938.5,80.0,H,28,Spielberg,AlphaTauri
55,42,GAS,56,2,7,7,12,0,72,48.7,29.4,0.0,0.9,33.8,938.6,189.0,H,29,Spielberg,AlphaTauri
56,42,GAS,57,2,7,7,12,0,70,48.7,29.6,0.0,1.0,32.8,938.4,68.0,H,30,Spielberg,AlphaTauri
57,42,GAS,58,2,7,7,12,0,70,48.9,29.3,0.0,1.7,32.3,938.4,79.0,H,31,Spielberg,AlphaTauri
58,42,GAS,59,2,7,7,12,0,70,48.9,28.7,0.0,2.2,33.7,938.3,39.0,H,32,Spielberg,AlphaTauri
59,42,GAS,60,2,7,7,12,0,70,49.4,28.7,0.0,1.3,34.6,938.4,82.0,H,33,Spielberg,AlphaTauri
60,42,GAS,61,0,7,6,12,0,70,49.8,29.3,0.0,2.0,33.6,938.5,91.0,H,34,Spielberg,AlphaTauri
61,42,GAS,62,0,6,7,12,0,70,49.8,29.3,0.0,2.5,33.5,938.3,93.0,H,35,Spielberg,AlphaTauri
62,42,GAS,63,0,7,7,12,0,70,49.3,29.3,0.0,2.0,33.8,938.4,77.0,H,36,Spielberg,AlphaTauri
63,42,GAS,64,0,7,7,12,0,70,49.0,29.6,0.0,2.0,33.6,938.3,81.0,H,37,Spielberg,AlphaTauri
64,42,GAS,65,0,7,7,12,0,71,49.5,29.8,0.0,2.1,33.4,938.3,84.0,H,38,Spielberg,AlphaTauri
65,42,GAS,66,0,7,7,12,0,71,49.0,29.7,0.0,2.6,33.6,938.3,89.0,H,39,Spielberg,AlphaTauri
66,42,GAS,67,0,7,7,12,0,71,48.1,30.0,0.0,2.0,32.0,938.2,85.0,H,40,Spielberg,AlphaTauri
67,42,GAS,68,0,7,7,12,0,71,48.1,29.9,0.0,2.6,32.3,938.2,79.0,H,41,Spielberg,AlphaTauri
68,42,GAS,69,1,7,7,12,0,71,47.7,30.0,0.0,2.2,32.7,938.3,89.0,H,42,Spielberg,AlphaTauri
69,42,GAS,70,1,7,7,12,0,71,46.9,29.9,0.0,3.3,32.5,938.2,89.0,H,43,Spielberg,AlphaTauri
70,42,GAS,71,0,7,7,12,0,71,46.7,29.7,0.0,2.7,33.0,938.2,85.0,H,44,Spielberg,AlphaTauri
0,42,KVY,1,0,15,15,15,0,55,53.3,27.4,0.0,1.0,36.4,939.0,0.0,M,0,Spielberg,AlphaTauri
1,42,KVY,2,0,15,15,15,0,51,54.1,27.7,0.0,0.6,35.2,939.0,272.0,M,1,Spielberg,AlphaTauri
2,42,KVY,3,0,15,15,15,0,52,54.1,27.7,0.0,0.7,35.5,939.0,276.0,M,2,Spielberg,AlphaTauri
3,42,KVY,4,0,15,15,15,0,52,54.0,28.1,0.0,1.7,35.6,939.0,156.0,M,3,Spielberg,AlphaTauri
4,42,KVY,5,0,15,15,15,0,52,54.1,28.6,0.0,2.0,33.7,939.0,90.0,M,4,Spielberg,AlphaTauri
5,42,KVY,6,0,15,14,15,0,52,53.6,28.3,0.0,2.9,34.0,938.9,72.0,M,5,Spielberg,AlphaTauri
6,42,KVY,7,0,14,13,15,0,54,53.4,28.3,0.0,1.2,34.5,938.9,109.0,M,6,Spielberg,AlphaTauri
7,42,KVY,8,0,13,13,15,0,56,53.2,28.6,0.0,2.5,35.1,938.9,131.0,M,7,Spielberg,AlphaTauri
8,42,KVY,9,0,13,12,15,0,57,53.5,29.1,0.0,3.2,34.1,938.9,85.0,M,8,Spielberg,AlphaTauri
9,42,KVY,10,0,12,12,15,0,,53.1,29.0,0.0,2.7,32.5,938.9,90.0,M,9,Spielberg,AlphaTauri
10,42,KVY,11,0,12,12,15,0,,53.0,28.6,0.0,2.8,33.5,938.8,64.0,M,10,Spielberg,AlphaTauri
11,42,KVY,12,0,12,12,15,0,,52.9,28.9,0.0,2.4,34.2,938.7,92.0,M,11,Spielberg,AlphaTauri
12,42,KVY,13,0,12,12,15,0,,52.8,29.1,0.0,3.2,33.6,938.7,91.0,M,12,Spielberg,AlphaTauri
13,42,KVY,14,0,12,12,15,0,,52.8,29.2,0.0,2.4,32.4,938.8,62.0,M,13,Spielberg,AlphaTauri
14,42,KVY,15,0,12,12,15,0,57,52.9,29.1,0.0,1.6,33.0,938.7,83.0,M,14,Spielberg,AlphaTauri
15,42,KVY,16,0,12,12,15,0,59,53.0,29.2,0.0,2.6,32.4,938.7,73.0,M,15,Spielberg,AlphaTauri
16,42,KVY,17,0,12,11,15,0,60,52.9,29.2,0.0,2.3,32.9,938.8,84.0,M,16,Spielberg,AlphaTauri
17,42,KVY,18,0,11,11,15,0,59,53.0,29.1,0.0,3.3,32.3,938.8,84.0,M,17,Spielberg,AlphaTauri
18,42,KVY,19,0,11,11,15,0,59,52.9,28.6,0.0,2.7,33.5,938.8,111.0,M,18,Spielberg,AlphaTauri
19,42,KVY,20,0,11,10,15,0,60,52.0,28.7,0.0,2.1,33.7,938.8,86.0,M,19,Spielberg,AlphaTauri
20,42,KVY,21,1,10,10,15,0,61,52.2,28.9,0.0,3.5,33.8,938.8,94.0,M,20,Spielberg,AlphaTauri
21,42,KVY,22,0,10,10,15,0,62,52.2,28.9,0.0,3.0,32.7,938.8,87.0,M,21,Spielberg,AlphaTauri
22,42,KVY,23,0,10,10,15,0,62,51.7,28.3,0.0,3.1,33.6,938.8,92.0,M,22,Spielberg,AlphaTauri
23,42,KVY,24,0,10,10,15,0,63,51.7,27.8,0.0,2.3,34.4,938.7,86.0,M,23,Spielberg,AlphaTauri
24,42,KVY,25,0,10,10,15,0,64,51.1,27.8,0.0,1.4,35.0,938.7,100.0,M,24,Spielberg,AlphaTauri
25,42,KVY,26,2,10,10,15,0,65,51.1,28.3,0.0,1.4,34.4,938.8,72.0,M,25,Spielberg,AlphaTauri
26,42,KVY,27,2,10,10,15,0,67,52.5,28.6,0.0,2.0,33.8,938.7,97.0,H,0,Spielberg,AlphaTauri
27,42,KVY,28,2,10,10,15,0,69,52.8,29.0,0.0,1.6,33.5,938.7,68.0,H,1,Spielberg,AlphaTauri
28,42,KVY,29,2,10,10,15,0,70,51.8,29.1,0.0,3.0,32.6,938.7,77.0,H,2,Spielberg,AlphaTauri
29,42,KVY,30,2,10,10,15,0,70,51.7,28.7,0.0,2.9,33.3,938.7,80.0,H,3,Spielberg,AlphaTauri
30,42,KVY,31,1,10,9,15,0,70,51.6,28.7,0.0,3.3,33.1,938.6,93.0,H,4,Spielberg,AlphaTauri
31,42,KVY,32,0,9,9,15,0,70,51.5,28.4,0.0,1.6,34.6,938.7,88.0,H,5,Spielberg,AlphaTauri
32,42,KVY,33,0,9,9,15,0,71,51.2,28.7,0.0,2.8,35.1,938.6,101.0,H,6,Spielberg,AlphaTauri
33,42,KVY,34,0,9,9,15,0,71,51.9,29.0,0.0,3.6,33.0,938.6,68.0,H,7,Spielberg,AlphaTauri
34,42,KVY,35,0,9,9,15,0,71,51.6,28.9,0.0,3.0,33.8,938.7,79.0,H,8,Spielberg,AlphaTauri
35,42,KVY,36,0,9,9,15,0,72,51.6,29.1,0.0,2.0,32.8,938.7,64.0,H,9,Spielberg,AlphaTauri
36,42,KVY,37,0,9,9,15,0,72,51.6,29.0,0.0,2.3,33.5,938.7,90.0,H,10,Spielberg,AlphaTauri
37,42,KVY,38,0,9,9,15,0,72,51.2,28.9,0.0,2.6,33.2,938.6,90.0,H,11,Spielberg,AlphaTauri
38,42,KVY,39,0,9,9,15,0,72,51.2,28.7,0.0,2.8,33.8,938.6,75.0,H,12,Spielberg,AlphaTauri
39,42,KVY,40,0,9,9,15,0,72,50.6,29.0,0.0,2.9,33.6,938.7,74.0,H,13,Spielberg,AlphaTauri
40,42,KVY,41,0,9,9,15,0,73,50.8,28.6,0.0,2.6,34.4,938.6,95.0,H,14,Spielberg,AlphaTauri
41,42,KVY,42,0,9,9,15,0,73,50.8,28.7,0.0,2.4,33.7,938.6,93.0,H,15,Spielberg,AlphaTauri
42,42,KVY,43,0,9,9,15,0,73,50.4,28.7,0.0,3.2,34.4,938.5,85.0,H,16,Spielberg,AlphaTauri
43,42,KVY,44,0,9,9,15,0,73,50.4,28.6,0.0,3.2,34.2,938.6,32.0,H,17,Spielberg,AlphaTauri
44,42,KVY,45,0,9,9,15,0,73,50.4,28.7,0.0,1.2,33.9,938.6,7.0,H,18,Spielberg,AlphaTauri
45,42,KVY,46,0,9,9,15,0,73,50.5,28.8,0.0,1.4,34.0,938.7,94.0,H,19,Spielberg,AlphaTauri
46,42,KVY,47,0,9,9,15,0,74,50.4,29.0,0.0,1.2,33.7,938.5,143.0,H,20,Spielberg,AlphaTauri
47,42,KVY,48,0,9,9,15,0,74,50.3,29.0,0.0,0.5,33.2,938.4,251.0,H,21,Spielberg,AlphaTauri
48,42,KVY,49,0,9,9,15,0,74,49.8,29.0,0.0,0.7,34.2,938.5,0.0,H,22,Spielberg,AlphaTauri
49,42,KVY,50,0,9,9,15,0,74,47.6,29.2,0.0,1.1,34.2,938.5,102.0,H,23,Spielberg,AlphaTauri
50,42,KVY,51,2,9,9,15,0,75,47.6,29.3,0.0,2.5,33.5,938.5,77.0,H,24,Spielberg,AlphaTauri
51,42,KVY,52,2,9,11,15,0,75,48.8,29.4,0.0,1.3,33.3,938.5,95.0,S,0,Spielberg,AlphaTauri
52,42,KVY,53,2,11,11,15,0,75,49.1,29.4,0.0,1.8,33.8,938.5,80.0,S,1,Spielberg,AlphaTauri
53,42,KVY,54,2,11,11,15,0,75,48.7,29.6,0.0,1.0,32.8,938.4,68.0,S,2,Spielberg,AlphaTauri
54,42,KVY,55,2,11,11,15,0,75,48.9,29.3,0.0,1.7,32.3,938.4,79.0,S,3,Spielberg,AlphaTauri
55,42,KVY,56,2,11,10,15,0,74,48.9,29.0,0.0,1.5,32.7,938.4,73.0,S,4,Spielberg,AlphaTauri
56,42,KVY,57,2,10,10,15,0,73,48.9,28.5,0.0,2.1,34.6,938.4,33.0,S,5,Spielberg,AlphaTauri
57,42,KVY,58,2,10,10,15,0,72,49.4,28.7,0.0,1.3,34.6,938.4,82.0,S,6,Spielberg,AlphaTauri
58,42,KVY,59,2,10,10,15,0,72,49.8,29.1,0.0,1.3,33.8,938.4,97.0,S,7,Spielberg,AlphaTauri
59,42,KVY,60,2,10,10,15,0,72,49.8,29.3,0.0,2.5,33.5,938.3,93.0,S,8,Spielberg,AlphaTauri
60,42,KVY,61,0,10,9,15,0,72,49.3,29.3,0.0,2.0,33.8,938.4,77.0,S,9,Spielberg,AlphaTauri
61,42,KVY,62,0,9,9,15,0,72,49.0,29.3,0.0,1.5,34.0,938.2,67.0,S,10,Spielberg,AlphaTauri
62,42,KVY,63,0,9,9,15,0,72,49.0,29.6,0.0,2.0,33.6,938.3,81.0,S,11,Spielberg,AlphaTauri
63,42,KVY,64,0,9,9,15,0,72,49.5,29.8,0.0,2.1,33.4,938.3,84.0,S,12,Spielberg,AlphaTauri
64,42,KVY,65,0,9,9,15,0,73,49.0,29.7,0.0,2.6,33.6,938.3,89.0,S,13,Spielberg,AlphaTauri
65,42,KVY,66,0,9,9,15,0,73,48.4,29.8,0.0,2.0,32.9,938.3,78.0,S,14,Spielberg,AlphaTauri
66,42,KVY,67,0,9,10,15,0,73,48.1,30.0,0.0,2.0,32.0,938.2,85.0,S,15,Spielberg,AlphaTauri
67,42,KVY,68,0,10,10,15,0,73,47.7,30.0,0.0,2.2,32.7,938.3,89.0,S,16,Spielberg,AlphaTauri
68,42,KVY,69,1,10,11,15,0,73,46.9,29.9,0.0,3.3,32.5,938.2,89.0,S,17,Spielberg,AlphaTauri
0,42,OCO,1,0,16,16,16,0,40,53.3,27.4,0.0,1.0,36.4,939.0,0.0,M,0,Spielberg,Renault
1,42,OCO,2,0,16,16,16,0,34,54.1,27.7,0.0,0.6,35.2,939.0,272.0,M,1,Spielberg,Renault
2,42,OCO,3,0,16,16,16,0,34,54.1,27.7,0.0,0.7,35.5,939.0,276.0,M,2,Spielberg,Renault
3,42,OCO,4,0,16,16,16,0,35,54.0,28.1,0.0,1.7,35.6,939.0,156.0,M,3,Spielberg,Renault
4,42,OCO,5,0,16,16,16,0,35,54.1,28.6,0.0,2.0,33.7,939.0,90.0,M,4,Spielberg,Renault
5,42,OCO,6,0,16,16,16,0,35,55.1,28.8,0.0,1.9,33.6,938.9,60.0,M,5,Spielberg,Renault
6,42,OCO,7,0,16,16,16,0,36,54.7,28.9,0.0,3.1,32.8,938.9,87.0,M,6,Spielberg,Renault
7,42,OCO,8,0,16,16,16,0,35,53.6,28.3,0.0,2.9,34.0,938.9,72.0,M,7,Spielberg,Renault
8,42,OCO,9,0,16,15,16,0,26,53.2,28.6,0.0,2.5,35.1,938.9,131.0,M,8,Spielberg,Renault
9,42,OCO,10,0,15,15,16,0,,53.5,29.1,0.0,3.2,34.1,938.9,85.0,M,9,Spielberg,Renault
10,42,OCO,11,0,15,15,16,0,,53.3,29.4,0.0,2.5,33.2,938.8,73.0,M,10,Spielberg,Renault
11,42,OCO,12,0,15,15,16,0,,53.3,29.0,0.0,2.7,33.2,938.8,88.0,M,11,Spielberg,Renault
12,42,OCO,13,0,15,15,16,0,,53.1,29.0,0.0,2.7,32.5,938.9,90.0,M,12,Spielberg,Renault
13,42,OCO,14,0,15,15,16,0,,53.0,28.6,0.0,2.8,33.5,938.8,64.0,M,13,Spielberg,Renault
14,42,OCO,15,0,15,14,16,0,30,52.9,28.9,0.0,2.4,34.2,938.7,92.0,M,14,Spielberg,Renault
15,42,OCO,16,0,14,14,16,0,34,52.8,29.1,0.0,3.2,33.6,938.7,91.0,M,15,Spielberg,Renault
16,42,OCO,17,0,14,13,16,0,36,52.8,29.2,0.0,2.4,32.4,938.8,62.0,M,16,Spielberg,Renault
17,42,OCO,18,0,13,13,16,0,35,53.0,29.2,0.0,2.6,32.4,938.7,73.0,M,17,Spielberg,Renault
18,42,OCO,19,0,13,13,16,0,36,52.9,29.2,0.0,2.3,32.9,938.8,84.0,M,18,Spielberg,Renault
19,42,OCO,20,0,13,12,16,0,39,53.0,29.1,0.0,3.3,32.3,938.8,84.0,M,19,Spielberg,Renault
20,42,OCO,21,1,12,12,16,0,41,52.9,28.6,0.0,2.7,33.5,938.8,111.0,M,20,Spielberg,Renault
21,42,OCO,22,0,12,12,16,0,41,52.0,28.7,0.0,2.1,33.7,938.8,86.0,M,21,Spielberg,Renault
22,42,OCO,23,0,12,12,16,0,42,52.2,28.9,0.0,3.5,33.8,938.8,94.0,M,22,Spielberg,Renault
23,42,OCO,24,0,12,12,16,0,42,52.2,28.9,0.0,3.0,32.7,938.8,87.0,M,23,Spielberg,Renault
24,42,OCO,25,0,12,11,16,0,43,51.7,28.3,0.0,3.1,33.6,938.8,92.0,M,24,Spielberg,Renault
25,42,OCO,26,2,11,11,16,0,47,51.7,27.8,0.0,2.3,34.4,938.7,86.0,M,25,Spielberg,Renault
26,42,OCO,27,2,11,11,16,0,48,51.1,27.8,0.0,1.4,35.0,938.7,100.0,H,0,Spielberg,Renault
27,42,OCO,28,2,11,11,16,0,50,52.8,29.0,0.0,1.6,33.5,938.7,68.0,H,1,Spielberg,Renault
28,42,OCO,29,2,11,11,16,0,53,52.5,29.2,0.0,1.8,33.2,938.7,101.0,H,2,Spielberg,Renault
29,42,OCO,30,2,11,11,16,0,53,52.1,29.3,0.0,1.9,32.7,938.7,86.0,H,3,Spielberg,Renault
30,42,OCO,31,1,11,10,16,0,53,51.6,28.5,0.0,2.8,34.9,938.7,87.0,H,4,Spielberg,Renault
31,42,OCO,32,0,10,10,16,0,54,51.5,28.4,0.0,1.6,34.6,938.7,88.0,H,5,Spielberg,Renault
32,42,OCO,33,0,10,10,16,0,55,51.2,28.7,0.0,2.8,35.1,938.6,101.0,H,6,Spielberg,Renault
33,42,OCO,34,0,10,10,16,0,55,51.9,29.0,0.0,3.6,33.0,938.6,68.0,H,7,Spielberg,Renault
34,42,OCO,35,0,10,10,16,0,55,51.9,28.9,0.0,2.8,33.6,938.6,93.0,H,8,Spielberg,Renault
35,42,OCO,36,0,10,10,16,0,55,51.6,28.9,0.0,3.0,33.8,938.7,79.0,H,9,Spielberg,Renault
36,42,OCO,37,0,10,10,16,0,56,51.6,29.1,0.0,2.0,32.8,938.7,64.0,H,10,Spielberg,Renault
37,42,OCO,38,0,10,10,16,0,56,51.2,28.9,0.0,2.6,33.2,938.6,90.0,H,11,Spielberg,Renault
38,42,OCO,39,0,10,10,16,0,56,51.2,28.7,0.0,2.8,33.8,938.6,75.0,H,12,Spielberg,Renault
39,42,OCO,40,0,10,10,16,0,57,50.6,29.0,0.0,2.5,33.5,938.6,81.0,H,13,Spielberg,Renault
40,42,OCO,41,0,10,10,16,0,57,50.8,28.6,0.0,2.6,34.4,938.6,95.0,H,14,Spielberg,Renault
41,42,OCO,42,0,10,10,16,0,57,50.8,28.7,0.0,2.4,33.7,938.6,93.0,H,15,Spielberg,Renault
42,42,OCO,43,0,10,10,16,0,57,50.4,28.6,0.0,3.2,34.5,938.5,89.0,H,16,Spielberg,Renault
43,42,OCO,44,0,10,10,16,0,57,50.4,28.7,0.0,3.2,34.4,938.5,85.0,H,17,Spielberg,Renault
44,42,OCO,45,0,10,10,16,0,58,50.4,28.6,0.0,3.2,34.2,938.6,32.0,H,18,Spielberg,Renault
45,42,OCO,46,0,10,10,16,0,58,50.4,28.7,0.0,1.2,33.9,938.6,7.0,H,19,Spielberg,Renault
46,42,OCO,47,0,10,10,16,0,58,50.5,28.8,0.0,1.4,34.0,938.7,94.0,H,20,Spielberg,Renault
47,42,OCO,48,0,10,10,16,0,58,50.3,29.0,0.0,0.5,33.2,938.4,251.0,H,21,Spielberg,Renault
48,42,OCO,49,0,10,10,16,0,59,49.8,29.0,0.0,0.7,34.2,938.5,0.0,H,22,Spielberg,Renault
49,42,OCO,50,0,10,10,16,0,60,49.1,29.3,0.0,0.8,33.3,938.4,91.0,H,23,Spielberg,Renault
50,42,OCO,51,2,10,10,16,0,60,48.6,29.3,0.0,1.1,33.6,938.5,0.0,H,24,Spielberg,Renault
51,42,OCO,52,2,10,9,16,0,60,47.6,29.2,0.0,1.1,34.2,938.5,102.0,H,25,Spielberg,Renault
52,42,OCO,53,2,9,8,16,0,60,47.6,29.3,0.0,2.5,33.5,938.5,77.0,H,26,Spielberg,Renault
53,42,OCO,54,2,8,8,16,0,60,48.8,29.4,0.0,1.3,33.3,938.5,95.0,H,27,Spielberg,Renault
54,42,OCO,55,2,8,9,16,0,60,49.1,29.4,0.0,1.8,33.8,938.5,80.0,H,28,Spielberg,Renault
55,42,OCO,56,2,9,9,16,0,58,48.7,29.6,0.0,1.0,32.8,938.4,68.0,H,29,Spielberg,Renault
56,42,OCO,57,2,9,9,16,0,57,48.9,29.0,0.0,1.5,32.7,938.4,73.0,H,30,Spielberg,Renault
57,42,OCO,58,2,9,9,16,0,57,48.9,28.7,0.0,2.2,33.7,938.3,39.0,H,31,Spielberg,Renault
58,42,OCO,59,2,9,9,16,0,57,48.9,28.5,0.0,2.1,34.6,938.4,33.0,H,32,Spielberg,Renault
59,42,OCO,60,2,9,8,16,0,56,49.4,28.7,0.0,1.3,34.6,938.4,82.0,H,33,Spielberg,Renault
60,42,OCO,61,0,8,8,16,0,56,49.8,29.1,0.0,1.3,33.8,938.4,97.0,H,34,Spielberg,Renault
61,42,OCO,62,0,8,8,16,0,56,49.8,29.3,0.0,2.0,33.6,938.5,91.0,H,35,Spielberg,Renault
62,42,OCO,63,0,8,8,16,0,57,49.3,29.3,0.0,2.0,33.8,938.4,77.0,H,36,Spielberg,Renault
63,42,OCO,64,0,8,8,16,0,57,49.0,29.3,0.0,1.5,34.0,938.2,67.0,H,37,Spielberg,Renault
64,42,OCO,65,0,8,8,16,0,57,49.0,29.6,0.0,2.0,33.6,938.3,81.0,H,38,Spielberg,Renault
65,42,OCO,66,0,8,8,16,0,57,49.5,29.8,0.0,2.0,33.1,938.3,95.0,H,39,Spielberg,Renault
66,42,OCO,67,0,8,8,16,0,57,49.5,29.8,0.0,2.1,33.4,938.3,84.0,H,40,Spielberg,Renault
67,42,OCO,68,0,8,8,16,0,57,48.4,29.8,0.0,2.0,32.9,938.3,78.0,H,41,Spielberg,Renault
68,42,OCO,69,1,8,8,16,0,57,48.1,29.9,0.0,2.6,32.3,938.2,79.0,H,42,Spielberg,Renault
69,42,OCO,70,1,8,8,16,0,57,47.7,30.0,0.0,2.2,32.7,938.3,89.0,H,43,Spielberg,Renault
70,42,OCO,71,0,8,8,16,0,57,46.7,29.7,0.0,2.7,33.0,938.2,85.0,H,44,Spielberg,Renault
0,42,GRO,1,0,18,18,18,0,50,54.1,27.7,0.0,0.6,35.2,939.0,272.0,M,0,Spielberg,Haas F1 Team
1,42,GRO,2,0,18,18,18,0,52,54.1,27.7,0.0,0.7,35.5,939.0,276.0,M,1,Spielberg,Haas F1 Team
2,42,GRO,3,0,18,18,18,0,54,54.1,28.6,0.0,2.0,33.7,939.0,90.0,M,2,Spielberg,Haas F1 Team
3,42,GRO,4,0,18,18,18,0,56,53.4,28.3,0.0,1.2,34.5,938.9,109.0,M,3,Spielberg,Haas F1 Team
4,42,GRO,5,0,18,18,18,0,56,53.2,28.6,0.0,2.5,35.1,938.9,131.0,M,4,Spielberg,Haas F1 Team
5,42,GRO,6,0,18,18,18,0,56,53.3,29.0,0.0,2.7,33.2,938.8,88.0,M,5,Spielberg,Haas F1 Team
6,42,GRO,7,0,18,18,18,0,57,53.1,29.0,0.0,2.7,32.5,938.9,90.0,M,6,Spielberg,Haas F1 Team
7,42,GRO,8,0,18,18,18,0,58,53.0,28.6,0.0,2.8,33.5,938.8,64.0,M,7,Spielberg,Haas F1 Team
8,42,GRO,9,0,18,17,18,0,57,52.8,29.2,0.0,2.4,32.4,938.8,62.0,M,8,Spielberg,Haas F1 Team
9,42,GRO,10,0,17,17,18,0,,53.0,29.2,0.0,2.6,32.4,938.7,73.0,M,9,Spielberg,Haas F1 Team
10,42,GRO,11,0,17,17,18,0,,52.9,29.2,0.0,2.3,32.9,938.8,84.0,M,10,Spielberg,Haas F1 Team
11,42,GRO,12,0,17,17,18,0,,52.9,28.6,0.0,2.7,33.5,938.8,111.0,M,11,Spielberg,Haas F1 Team
12,42,GRO,13,0,17,17,18,0,,52.0,28.7,0.0,2.1,33.7,938.8,86.0,M,12,Spielberg,Haas F1 Team
13,42,GRO,14,0,17,17,18,0,,52.2,28.9,0.0,3.0,32.7,938.8,87.0,M,13,Spielberg,Haas F1 Team
14,42,GRO,15,0,17,17,18,0,50,51.7,27.8,0.0,2.3,34.4,938.7,86.0,M,14,Spielberg,Haas F1 Team
15,42,GRO,16,0,17,17,18,0,53,51.1,27.8,0.0,1.4,35.0,938.7,100.0,M,15,Spielberg,Haas F1 Team
16,42,GRO,17,0,17,16,18,0,53,51.1,28.3,0.0,1.4,34.4,938.8,72.0,M,16,Spielberg,Haas F1 Team
17,42,GRO,18,0,16,16,18,0,52,52.5,29.2,0.0,1.8,33.2,938.7,101.0,M,17,Spielberg,Haas F1 Team
18,42,GRO,19,0,16,16,18,0,53,52.4,29.1,0.0,2.8,33.3,938.7,93.0,M,18,Spielberg,Haas F1 Team
19,42,GRO,20,0,16,18,18,0,53,52.1,29.3,0.0,1.9,32.7,938.7,86.0,M,19,Spielberg,Haas F1 Team
20,42,GRO,21,1,18,17,18,0,53,51.7,28.7,0.0,2.9,33.3,938.7,80.0,H,0,Spielberg,Haas F1 Team
21,42,GRO,22,0,17,17,18,0,52,51.6,28.5,0.0,2.8,34.9,938.7,87.0,H,1,Spielberg,Haas F1 Team
22,42,GRO,23,0,17,17,18,0,51,51.6,28.7,0.0,3.3,33.1,938.6,93.0,H,2,Spielberg,Haas F1 Team
23,42,GRO,24,0,17,17,18,0,51,51.5,28.4,0.0,1.6,34.6,938.7,88.0,H,3,Spielberg,Haas F1 Team
24,42,GRO,25,0,17,16,18,0,52,51.6,28.9,0.0,3.0,33.8,938.7,79.0,H,4,Spielberg,Haas F1 Team
25,42,GRO,26,2,16,16,18,0,52,51.6,29.1,0.0,2.0,32.8,938.7,64.0,H,5,Spielberg,Haas F1 Team
26,42,GRO,27,2,16,15,18,0,52,51.6,29.0,0.0,2.3,33.5,938.7,90.0,H,6,Spielberg,Haas F1 Team
27,42,GRO,28,2,15,15,18,0,53,51.2,28.7,0.0,2.8,33.8,938.6,75.0,H,7,Spielberg,Haas F1 Team
28,42,GRO,29,2,15,15,18,0,53,50.6,29.0,0.0,2.5,33.5,938.6,81.0,H,8,Spielberg,Haas F1 Team
29,42,GRO,30,2,15,15,18,0,53,50.6,29.0,0.0,2.9,33.6,938.7,74.0,H,9,Spielberg,Haas F1 Team
30,42,GRO,31,1,15,14,18,0,53,50.8,28.7,0.0,2.4,33.7,938.6,93.0,H,10,Spielberg,Haas F1 Team
31,42,GRO,32,0,14,14,18,0,54,50.4,28.7,0.0,3.2,34.4,938.5,85.0,H,11,Spielberg,Haas F1 Team
32,42,GRO,33,0,14,14,18,0,54,50.4,28.6,0.0,3.2,34.2,938.6,32.0,H,12,Spielberg,Haas F1 Team
33,42,GRO,34,0,14,14,18,0,54,50.4,28.7,0.0,1.2,33.9,938.6,7.0,H,13,Spielberg,Haas F1 Team
34,42,GRO,35,0,14,14,18,0,54,50.5,28.8,0.0,1.4,34.0,938.7,94.0,H,14,Spielberg,Haas F1 Team
35,42,GRO,36,0,14,15,18,0,54,50.3,29.0,0.0,0.5,33.2,938.4,251.0,H,15,Spielberg,Haas F1 Team
36,42,GRO,37,0,15,15,18,0,54,49.8,29.0,0.0,0.7,34.2,938.5,0.0,H,16,Spielberg,Haas F1 Team
37,42,GRO,38,0,15,15,18,0,54,48.6,29.3,0.0,1.1,33.6,938.5,0.0,H,17,Spielberg,Haas F1 Team
38,42,GRO,39,0,15,15,18,0,54,47.6,29.2,0.0,1.1,34.2,938.5,102.0,H,18,Spielberg,Haas F1 Team
39,42,GRO,40,0,15,15,18,0,54,47.6,29.3,0.0,2.5,33.5,938.5,77.0,H,19,Spielberg,Haas F1 Team
40,42,GRO,41,0,15,15,18,0,54,48.9,29.3,0.0,1.7,32.3,938.4,79.0,H,20,Spielberg,Haas F1 Team
41,42,GRO,42,0,15,15,18,0,54,48.9,29.0,0.0,1.5,32.7,938.4,73.0,H,21,Spielberg,Haas F1 Team
42,42,GRO,43,0,15,15,18,0,54,49.4,28.7,0.0,1.3,34.6,938.4,82.0,H,22,Spielberg,Haas F1 Team
43,42,GRO,44,0,15,15,18,0,54,49.0,29.6,0.0,2.0,33.6,938.3,81.0,H,23,Spielberg,Haas F1 Team
44,42,GRO,45,0,15,15,18,0,54,49.5,29.8,0.0,2.0,33.1,938.3,95.0,H,24,Spielberg,Haas F1 Team
45,42,GRO,46,0,15,15,18,0,54,49.0,29.7,0.0,2.6,33.6,938.3,89.0,H,25,Spielberg,Haas F1 Team
46,42,GRO,47,0,15,15,18,0,54,48.4,29.8,0.0,2.0,32.9,938.3,78.0,H,26,Spielberg,Haas F1 Team
47,42,GRO,48,0,15,15,18,0,54,48.1,30.0,0.0,2.0,32.0,938.2,85.0,H,27,Spielberg,Haas F1 Team
48,42,GRO,49,0,15,16,18,1,53,46.7,29.7,0.0,2.7,33.0,938.2,85.0,H,28,Spielberg,Haas F1 Team
0,42,MAG,1,0,13,13,13,0,31,54.7,28.9,0.0,3.1,32.8,938.9,87.0,M,0,Spielberg,Haas F1 Team
1,42,MAG,2,0,13,13,13,0,33,53.4,28.3,0.0,1.2,34.5,938.9,109.0,M,1,Spielberg,Haas F1 Team
2,42,MAG,3,0,13,13,13,0,33,53.2,28.6,0.0,2.5,35.1,938.9,131.0,M,2,Spielberg,Haas F1 Team
3,42,MAG,4,0,13,13,13,0,34,53.3,29.0,0.0,2.7,33.2,938.8,88.0,M,3,Spielberg,Haas F1 Team
4,42,MAG,5,0,13,13,13,0,33,52.8,29.2,0.0,2.4,32.4,938.8,62.0,M,4,Spielberg,Haas F1 Team
5,42,MAG,6,0,13,13,13,0,35,53.0,29.1,0.0,3.3,32.3,938.8,84.0,M,5,Spielberg,Haas F1 Team
6,42,MAG,7,0,13,14,13,0,36,51.7,27.8,0.0,2.3,34.4,938.7,86.0,M,6,Spielberg,Haas F1 Team
7,42,MAG,8,0,14,14,13,0,36,51.1,27.8,0.0,1.4,35.0,938.7,100.0,M,7,Spielberg,Haas F1 Team
8,42,MAG,9,0,14,13,13,0,36,52.4,29.1,0.0,2.8,33.3,938.7,93.0,M,8,Spielberg,Haas F1 Team
9,42,MAG,10,0,13,13,13,0,,52.1,29.3,0.0,1.9,32.7,938.7,86.0,M,9,Spielberg,Haas F1 Team
10,42,MAG,11,0,13,13,13,0,,51.8,29.1,0.0,3.0,32.6,938.7,77.0,M,10,Spielberg,Haas F1 Team
11,42,MAG,12,0,13,13,13,0,,51.7,28.7,0.0,2.9,33.3,938.7,80.0,M,11,Spielberg,Haas F1 Team
12,42,MAG,13,0,13,13,13,0,,51.6,28.7,0.0,3.3,33.1,938.6,93.0,M,12,Spielberg,Haas F1 Team
13,42,MAG,14,0,13,13,13,0,,51.9,29.0,0.0,3.6,33.0,938.6,68.0,M,13,Spielberg,Haas F1 Team
14,42,MAG,15,0,13,13,13,0,33,51.6,29.1,0.0,2.0,32.8,938.7,64.0,M,14,Spielberg,Haas F1 Team
15,42,MAG,16,0,13,13,13,0,36,50.6,29.0,0.0,2.5,33.5,938.6,81.0,M,15,Spielberg,Haas F1 Team
16,42,MAG,17,0,13,12,13,0,37,50.4,28.7,0.0,3.2,34.4,938.5,85.0,M,16,Spielberg,Haas F1 Team
17,42,MAG,18,0,12,12,13,0,36,50.5,28.8,0.0,1.4,34.0,938.7,94.0,M,17,Spielberg,Haas F1 Team
18,42,MAG,19,0,12,12,13,0,36,49.8,29.0,0.0,0.7,34.2,938.5,0.0,M,18,Spielberg,Haas F1 Team
19,42,MAG,20,0,12,11,13,0,38,49.1,29.3,0.0,0.8,33.3,938.4,91.0,M,19,Spielberg,Haas F1 Team
20,42,MAG,21,1,11,11,13,0,40,48.9,28.7,0.0,2.2,33.7,938.3,39.0,M,20,Spielberg,Haas F1 Team
21,42,MAG,22,0,11,11,13,0,40,49.5,29.8,0.0,2.0,33.1,938.3,95.0,M,21,Spielberg,Haas F1 Team
22,42,MAG,23,0,11,11,13,0,40,48.4,29.8,0.0,2.0,32.9,938.3,78.0,M,22,Spielberg,Haas F1 Team
23,42,MAG,24,0,11,11,13,1,41,48.1,30.0,0.0,2.0,32.0,938.2,85.0,M,23,Spielberg,Haas F1 Team
0,42,RUS,1,0,19,19,19,0,31,54.1,27.7,0.0,0.6,35.2,939.0,272.0,M,0,Spielberg,Williams
1,42,RUS,2,0,19,19,19,0,27,54.1,28.6,0.0,2.0,33.7,939.0,90.0,M,1,Spielberg,Williams
2,42,RUS,3,0,19,19,19,0,28,55.1,28.8,0.0,1.9,33.6,938.9,60.0,M,2,Spielberg,Williams
3,42,RUS,4,0,19,19,19,0,28,54.7,28.9,0.0,3.1,32.8,938.9,87.0,M,3,Spielberg,Williams
4,42,RUS,5,0,19,19,19,0,28,53.6,28.3,0.0,2.9,34.0,938.9,72.0,M,4,Spielberg,Williams
5,42,RUS,6,0,19,19,19,0,27,53.4,28.3,0.0,1.2,34.5,938.9,109.0,M,5,Spielberg,Williams
6,42,RUS,7,0,19,19,19,0,27,53.5,29.1,0.0,3.2,34.1,938.9,85.0,M,6,Spielberg,Williams
7,42,RUS,8,0,19,19,19,0,27,53.3,29.4,0.0,2.5,33.2,938.8,73.0,M,7,Spielberg,Williams
8,42,RUS,9,0,19,18,19,0,27,53.3,29.0,0.0,2.7,33.2,938.8,88.0,M,8,Spielberg,Williams
9,42,RUS,10,0,18,18,19,0,,53.1,29.0,0.0,2.7,32.5,938.9,90.0,M,9,Spielberg,Williams
10,42,RUS,11,0,18,18,19,0,,53.0,28.6,0.0,2.8,33.5,938.8,64.0,M,10,Spielberg,Williams
11,42,RUS,12,0,18,18,19,0,,52.8,29.1,0.0,3.2,33.6,938.7,91.0,M,11,Spielberg,Williams
12,42,RUS,13,0,18,18,19,0,,52.8,29.2,0.0,2.4,32.4,938.8,62.0,M,12,Spielberg,Williams
13,42,RUS,14,0,18,18,19,0,,53.0,29.1,0.0,3.3,32.3,938.8,84.0,M,13,Spielberg,Williams
14,42,RUS,15,0,18,18,19,0,28,52.2,28.9,0.0,3.5,33.8,938.8,94.0,M,14,Spielberg,Williams
15,42,RUS,16,0,18,18,19,0,26,52.2,28.9,0.0,3.0,32.7,938.8,87.0,M,15,Spielberg,Williams
16,42,RUS,17,0,18,17,19,0,26,51.7,28.3,0.0,3.1,33.6,938.8,92.0,M,16,Spielberg,Williams
17,42,RUS,18,0,17,17,19,0,26,51.1,28.3,0.0,1.4,34.4,938.8,72.0,M,17,Spielberg,Williams
18,42,RUS,19,0,17,17,19,0,27,52.5,28.6,0.0,2.0,33.8,938.7,97.0,M,18,Spielberg,Williams
19,42,RUS,20,0,17,16,19,0,27,52.4,29.1,0.0,2.8,33.3,938.7,93.0,M,19,Spielberg,Williams
20,42,RUS,21,1,16,15,19,0,27,51.6,28.5,0.0,2.8,34.9,938.7,87.0,M,20,Spielberg,Williams
21,42,RUS,22,0,15,15,19,0,28,51.6,28.7,0.0,3.3,33.1,938.6,93.0,M,21,Spielberg,Williams
22,42,RUS,23,0,15,15,19,0,29,51.2,28.7,0.0,2.8,35.1,938.6,101.0,M,22,Spielberg,Williams
23,42,RUS,24,0,15,15,19,0,29,51.9,29.0,0.0,3.6,33.0,938.6,68.0,M,23,Spielberg,Williams
24,42,RUS,25,0,15,13,19,0,31,51.6,28.9,0.0,3.0,33.8,938.7,79.0,M,24,Spielberg,Williams
25,42,RUS,26,2,13,13,19,0,33,51.6,29.1,0.0,2.0,32.8,938.7,64.0,H,0,Spielberg,Williams
26,42,RUS,27,2,13,13,19,0,33,51.2,28.9,0.0,2.6,33.2,938.6,90.0,H,1,Spielberg,Williams
27,42,RUS,28,2,13,13,19,0,36,51.2,28.7,0.0,2.8,33.8,938.6,75.0,H,2,Spielberg,Williams
28,42,RUS,29,2,13,13,19,0,37,50.6,29.0,0.0,2.5,33.5,938.6,81.0,H,3,Spielberg,Williams
29,42,RUS,30,2,13,13,19,0,36,50.6,29.0,0.0,2.9,33.6,938.7,74.0,H,4,Spielberg,Williams
30,42,RUS,31,1,13,12,19,0,36,50.8,28.7,0.0,2.4,33.7,938.6,93.0,H,5,Spielberg,Williams
31,42,RUS,32,0,12,12,19,0,36,50.4,28.7,0.0,3.2,34.4,938.5,85.0,H,6,Spielberg,Williams
32,42,RUS,33,0,12,12,19,0,36,50.4,28.6,0.0,3.2,34.2,938.6,32.0,H,7,Spielberg,Williams
33,42,RUS,34,0,12,12,19,0,37,50.5,28.8,0.0,1.4,34.0,938.7,94.0,H,8,Spielberg,Williams
34,42,RUS,35,0,12,12,19,0,37,50.4,29.0,0.0,1.2,33.7,938.5,143.0,H,9,Spielberg,Williams
35,42,RUS,36,0,12,12,19,0,37,47.6,29.3,0.0,2.5,33.5,938.5,77.0,H,10,Spielberg,Williams
36,42,RUS,37,0,12,12,19,0,37,48.8,29.4,0.0,1.3,33.3,938.5,95.0,H,11,Spielberg,Williams
37,42,RUS,38,0,12,12,19,0,37,49.1,29.4,0.0,1.8,33.8,938.5,80.0,H,12,Spielberg,Williams
38,42,RUS,39,0,12,12,19,0,37,48.7,29.4,0.0,0.9,33.8,938.6,189.0,H,13,Spielberg,Williams
39,42,RUS,40,0,12,12,19,0,37,48.9,29.3,0.0,1.7,32.3,938.4,79.0,H,14,Spielberg,Williams
40,42,RUS,41,0,12,12,19,0,38,49.8,29.3,0.0,2.0,33.6,938.5,91.0,H,15,Spielberg,Williams
41,42,RUS,42,0,12,12,19,0,38,49.8,29.3,0.0,2.5,33.5,938.3,93.0,H,16,Spielberg,Williams
42,42,RUS,43,0,12,12,19,0,38,49.0,29.3,0.0,1.5,34.0,938.2,67.0,H,17,Spielberg,Williams
43,42,RUS,44,0,12,13,19,0,38,49.0,29.6,0.0,2.0,33.6,938.3,81.0,H,18,Spielberg,Williams
44,42,RUS,45,0,13,13,19,0,38,49.5,29.8,0.0,2.0,33.1,938.3,95.0,H,19,Spielberg,Williams
45,42,RUS,46,0,13,13,19,0,38,48.4,29.8,0.0,2.0,32.9,938.3,78.0,H,20,Spielberg,Williams
46,42,RUS,47,0,13,13,19,0,38,48.1,30.0,0.0,2.0,32.0,938.2,85.0,H,21,Spielberg,Williams
47,42,RUS,48,0,13,13,19,0,39,48.1,29.9,0.0,2.6,32.3,938.2,79.0,H,22,Spielberg,Williams
48,42,RUS,49,0,13,13,19,1,39,47.7,30.0,0.0,2.2,32.7,938.3,89.0,H,23,Spielberg,Williams
0,42,GIO,1,0,14,14,14,0,33,53.3,27.4,0.0,1.0,36.4,939.0,0.0,M,0,Spielberg,Alfa Romeo Racing
1,42,GIO,2,0,14,14,14,0,35,54.1,27.7,0.0,0.6,35.2,939.0,272.0,M,1,Spielberg,Alfa Romeo Racing
2,42,GIO,3,0,14,14,14,0,35,54.1,27.7,0.0,0.7,35.5,939.0,276.0,M,2,Spielberg,Alfa Romeo Racing
3,42,GIO,4,0,14,14,14,0,36,54.0,28.1,0.0,1.7,35.6,939.0,156.0,M,3,Spielberg,Alfa Romeo Racing
4,42,GIO,5,0,14,14,14,0,37,54.1,28.6,0.0,2.0,33.7,939.0,90.0,M,4,Spielberg,Alfa Romeo Racing
5,42,GIO,6,0,14,15,14,0,38,55.1,28.8,0.0,1.9,33.6,938.9,60.0,M,5,Spielberg,Alfa Romeo Racing
6,42,GIO,7,0,15,15,14,0,39,54.7,28.9,0.0,3.1,32.8,938.9,87.0,M,6,Spielberg,Alfa Romeo Racing
7,42,GIO,8,0,15,15,14,0,39,53.6,28.3,0.0,2.9,34.0,938.9,72.0,M,7,Spielberg,Alfa Romeo Racing
8,42,GIO,9,0,15,14,14,0,39,53.2,28.6,0.0,2.5,35.1,938.9,131.0,M,8,Spielberg,Alfa Romeo Racing
9,42,GIO,10,0,14,14,14,0,,53.5,29.1,0.0,3.2,34.1,938.9,85.0,M,9,Spielberg,Alfa Romeo Racing
10,42,GIO,11,0,14,14,14,0,,53.3,29.4,0.0,2.5,33.2,938.8,73.0,M,10,Spielberg,Alfa Romeo Racing
11,42,GIO,12,0,14,14,14,0,,53.3,29.0,0.0,2.7,33.2,938.8,88.0,M,11,Spielberg,Alfa Romeo Racing
12,42,GIO,13,0,14,14,14,0,,53.1,29.0,0.0,2.7,32.5,938.9,90.0,M,12,Spielberg,Alfa Romeo Racing
13,42,GIO,14,0,14,14,14,0,,53.0,28.6,0.0,2.8,33.5,938.8,64.0,M,13,Spielberg,Alfa Romeo Racing
14,42,GIO,15,0,14,15,14,0,36,52.9,28.9,0.0,2.4,34.2,938.7,92.0,M,14,Spielberg,Alfa Romeo Racing
15,42,GIO,16,0,15,15,14,0,37,52.8,29.1,0.0,3.2,33.6,938.7,91.0,M,15,Spielberg,Alfa Romeo Racing
16,42,GIO,17,0,15,14,14,0,38,52.8,29.2,0.0,2.4,32.4,938.8,62.0,M,16,Spielberg,Alfa Romeo Racing
17,42,GIO,18,0,14,15,14,0,38,53.0,29.2,0.0,2.6,32.4,938.7,73.0,M,17,Spielberg,Alfa Romeo Racing
18,42,GIO,19,0,15,15,14,0,39,52.9,29.2,0.0,2.3,32.9,938.8,84.0,M,18,Spielberg,Alfa Romeo Racing
19,42,GIO,20,0,15,15,14,0,40,53.0,29.1,0.0,3.3,32.3,938.8,84.0,M,19,Spielberg,Alfa Romeo Racing
20,42,GIO,21,1,15,14,14,0,40,52.2,28.9,0.0,3.5,33.8,938.8,94.0,M,20,Spielberg,Alfa Romeo Racing
21,42,GIO,22,0,14,14,14,0,41,52.2,28.9,0.0,3.0,32.7,938.8,87.0,M,21,Spielberg,Alfa Romeo Racing
22,42,GIO,23,0,14,14,14,0,42,51.1,28.3,0.0,1.4,34.4,938.8,72.0,M,22,Spielberg,Alfa Romeo Racing
23,42,GIO,24,0,14,13,14,0,43,52.5,28.6,0.0,2.0,33.8,938.7,97.0,M,23,Spielberg,Alfa Romeo Racing
24,42,GIO,25,0,13,12,14,0,44,52.8,29.0,0.0,1.6,33.5,938.7,68.0,M,24,Spielberg,Alfa Romeo Racing
25,42,GIO,26,2,12,12,14,0,47,52.5,29.2,0.0,1.8,33.2,938.7,101.0,H,0,Spielberg,Alfa Romeo Racing
26,42,GIO,27,2,12,12,14,0,46,52.4,29.1,0.0,2.8,33.3,938.7,93.0,H,1,Spielberg,Alfa Romeo Racing
27,42,GIO,28,2,12,12,14,0,49,52.1,29.3,0.0,1.9,32.7,938.7,86.0,H,2,Spielberg,Alfa Romeo Racing
28,42,GIO,29,2,12,12,14,0,51,51.8,29.1,0.0,3.0,32.6,938.7,77.0,H,3,Spielberg,Alfa Romeo Racing
29,42,GIO,30,2,12,12,14,0,50,51.7,28.7,0.0,2.9,33.3,938.7,80.0,H,4,Spielberg,Alfa Romeo Racing
30,42,GIO,31,1,12,11,14,0,50,51.6,28.7,0.0,3.3,33.1,938.6,93.0,H,5,Spielberg,Alfa Romeo Racing
31,42,GIO,32,0,11,11,14,0,50,51.2,28.7,0.0,2.8,35.1,938.6,101.0,H,6,Spielberg,Alfa Romeo Racing
32,42,GIO,33,0,11,11,14,0,51,51.9,29.0,0.0,3.6,33.0,938.6,68.0,H,7,Spielberg,Alfa Romeo Racing
33,42,GIO,34,0,11,11,14,0,51,51.9,28.9,0.0,2.8,33.6,938.6,93.0,H,8,Spielberg,Alfa Romeo Racing
34,42,GIO,35,0,11,11,14,0,51,51.6,28.9,0.0,3.0,33.8,938.7,79.0,H,9,Spielberg,Alfa Romeo Racing
35,42,GIO,36,0,11,11,14,0,51,51.6,29.1,0.0,2.0,32.8,938.7,64.0,H,10,Spielberg,Alfa Romeo Racing
36,42,GIO,37,0,11,11,14,0,52,51.6,29.0,0.0,2.3,33.5,938.7,90.0,H,11,Spielberg,Alfa Romeo Racing
37,42,GIO,38,0,11,11,14,0,52,51.2,28.9,0.0,2.6,33.2,938.6,90.0,H,12,Spielberg,Alfa Romeo Racing
38,42,GIO,39,0,11,11,14,0,52,51.2,28.7,0.0,2.8,33.8,938.6,75.0,H,13,Spielberg,Alfa Romeo Racing
39,42,GIO,40,0,11,11,14,0,52,50.6,29.0,0.0,2.5,33.5,938.6,81.0,H,14,Spielberg,Alfa Romeo Racing
40,42,GIO,41,0,11,11,14,0,53,50.6,29.0,0.0,2.9,33.6,938.7,74.0,H,15,Spielberg,Alfa Romeo Racing
41,42,GIO,42,0,11,11,14,0,53,50.8,28.6,0.0,2.6,34.4,938.6,95.0,H,16,Spielberg,Alfa Romeo Racing
42,42,GIO,43,0,11,11,14,0,53,50.8,28.7,0.0,2.4,33.7,938.6,93.0,H,17,Spielberg,Alfa Romeo Racing
43,42,GIO,44,0,11,11,14,0,53,50.4,28.6,0.0,3.2,34.5,938.5,89.0,H,18,Spielberg,Alfa Romeo Racing
44,42,GIO,45,0,11,11,14,0,54,50.5,28.8,0.0,1.4,34.0,938.7,94.0,H,19,Spielberg,Alfa Romeo Racing
45,42,GIO,46,0,11,11,14,0,54,50.4,29.0,0.0,1.2,33.7,938.5,143.0,H,20,Spielberg,Alfa Romeo Racing
46,42,GIO,47,0,11,11,14,0,54,50.3,29.0,0.0,0.5,33.2,938.4,251.0,H,21,Spielberg,Alfa Romeo Racing
47,42,GIO,48,0,11,11,14,0,54,49.8,29.0,0.0,0.7,34.2,938.5,0.0,H,22,Spielberg,Alfa Romeo Racing
48,42,GIO,49,0,11,11,14,0,55,48.6,29.3,0.0,1.1,33.6,938.5,0.0,H,23,Spielberg,Alfa Romeo Racing
49,42,GIO,50,0,11,11,14,0,56,47.6,29.2,0.0,1.1,34.2,938.5,102.0,H,24,Spielberg,Alfa Romeo Racing
50,42,GIO,51,2,11,11,14,0,56,48.8,29.4,0.0,1.3,33.3,938.5,95.0,H,25,Spielberg,Alfa Romeo Racing
51,42,GIO,52,2,11,10,14,0,55,49.1,29.4,0.0,1.8,33.8,938.5,80.0,H,26,Spielberg,Alfa Romeo Racing
52,42,GIO,53,2,10,10,14,0,54,48.7,29.6,0.0,1.0,32.8,938.4,68.0,H,27,Spielberg,Alfa Romeo Racing
53,42,GIO,54,2,10,10,14,0,54,48.9,29.3,0.0,1.7,32.3,938.4,79.0,H,28,Spielberg,Alfa Romeo Racing
54,42,GIO,55,2,10,10,14,0,53,48.9,29.0,0.0,1.5,32.7,938.4,73.0,H,29,Spielberg,Alfa Romeo Racing
55,42,GIO,56,2,10,13,14,0,52,48.9,28.7,0.0,2.2,33.7,938.3,39.0,S,0,Spielberg,Alfa Romeo Racing
56,42,GIO,57,2,13,13,14,0,51,49.4,28.7,0.0,1.3,34.6,938.4,82.0,S,1,Spielberg,Alfa Romeo Racing
57,42,GIO,58,2,13,13,14,0,50,49.8,29.1,0.0,1.3,33.8,938.4,97.0,S,2,Spielberg,Alfa Romeo Racing
58,42,GIO,59,2,13,13,14,0,50,49.8,29.3,0.0,2.0,33.6,938.5,91.0,S,3,Spielberg,Alfa Romeo Racing
59,42,GIO,60,2,13,13,14,0,50,49.8,29.3,0.0,2.5,33.5,938.3,93.0,S,4,Spielberg,Alfa Romeo Racing
60,42,GIO,61,0,13,11,14,0,50,49.3,29.3,0.0,2.0,33.8,938.4,77.0,S,5,Spielberg,Alfa Romeo Racing
61,42,GIO,62,0,11,11,14,0,50,49.0,29.3,0.0,1.5,34.0,938.2,67.0,S,6,Spielberg,Alfa Romeo Racing
62,42,GIO,63,0,11,10,14,0,51,49.0,29.6,0.0,2.0,33.6,938.3,81.0,S,7,Spielberg,Alfa Romeo Racing
63,42,GIO,64,0,10,10,14,0,51,49.5,29.8,0.0,2.0,33.1,938.3,95.0,S,8,Spielberg,Alfa Romeo Racing
64,42,GIO,65,0,10,10,14,0,51,49.5,29.8,0.0,2.1,33.4,938.3,84.0,S,9,Spielberg,Alfa Romeo Racing
65,42,GIO,66,0,10,10,14,0,51,49.0,29.7,0.0,2.6,33.6,938.3,89.0,S,10,Spielberg,Alfa Romeo Racing
66,42,GIO,67,0,10,9,14,0,51,48.4,29.8,0.0,2.0,32.9,938.3,78.0,S,11,Spielberg,Alfa Romeo Racing
67,42,GIO,68,0,9,9,14,0,51,48.1,29.9,0.0,2.6,32.3,938.2,79.0,S,12,Spielberg,Alfa Romeo Racing
68,42,GIO,69,1,9,9,14,0,51,47.7,30.0,0.0,2.2,32.7,938.3,89.0,S,13,Spielberg,Alfa Romeo Racing
69,42,GIO,70,1,9,9,14,0,51,46.9,29.9,0.0,3.3,32.5,938.2,89.0,S,14,Spielberg,Alfa Romeo Racing
70,42,GIO,71,0,9,9,14,0,51,46.7,29.7,0.0,2.7,33.0,938.2,85.0,S,15,Spielberg,Alfa Romeo Racing
0,42,RAI,1,0,17,17,17,0,29,54.0,28.1,0.0,1.7,35.6,939.0,156.0,M,0,Spielberg,Alfa Romeo Racing
1,42,RAI,2,0,17,17,17,0,23,54.1,28.6,0.0,2.0,33.7,939.0,90.0,M,1,Spielberg,Alfa Romeo Racing
2,42,RAI,3,0,17,17,17,0,22,55.1,28.8,0.0,1.9,33.6,938.9,60.0,M,2,Spielberg,Alfa Romeo Racing
3,42,RAI,4,0,17,17,17,0,24,54.7,28.9,0.0,3.1,32.8,938.9,87.0,M,3,Spielberg,Alfa Romeo Racing
4,42,RAI,5,0,17,17,17,0,24,53.6,28.3,0.0,2.9,34.0,938.9,72.0,M,4,Spielberg,Alfa Romeo Racing
5,42,RAI,6,0,17,17,17,0,23,53.4,28.3,0.0,1.2,34.5,938.9,109.0,M,5,Spielberg,Alfa Romeo Racing
6,42,RAI,7,0,17,17,17,0,23,53.2,28.6,0.0,2.5,35.1,938.9,131.0,M,6,Spielberg,Alfa Romeo Racing
7,42,RAI,8,0,17,17,17,0,23,53.5,29.1,0.0,3.2,34.1,938.9,85.0,M,7,Spielberg,Alfa Romeo Racing
8,42,RAI,9,0,17,16,17,0,22,52.9,28.9,0.0,2.4,34.2,938.7,92.0,M,8,Spielberg,Alfa Romeo Racing
9,42,RAI,10,0,16,16,17,0,,52.8,29.1,0.0,3.2,33.6,938.7,91.0,M,9,Spielberg,Alfa Romeo Racing
10,42,RAI,11,0,16,16,17,0,,52.8,29.2,0.0,2.4,32.4,938.8,62.0,M,10,Spielberg,Alfa Romeo Racing
11,42,RAI,12,0,16,16,17,0,,52.9,29.1,0.0,1.6,33.0,938.7,83.0,M,11,Spielberg,Alfa Romeo Racing
12,42,RAI,13,0,16,16,17,0,,53.0,29.2,0.0,2.6,32.4,938.7,73.0,M,12,Spielberg,Alfa Romeo Racing
13,42,RAI,14,0,16,16,17,0,,52.2,28.9,0.0,3.5,33.8,938.8,94.0,M,13,Spielberg,Alfa Romeo Racing
14,42,RAI,15,0,16,16,17,0,21,51.7,28.3,0.0,3.1,33.6,938.8,92.0,M,14,Spielberg,Alfa Romeo Racing
15,42,RAI,16,0,16,16,17,0,25,51.7,27.8,0.0,2.3,34.4,938.7,86.0,M,15,Spielberg,Alfa Romeo Racing
16,42,RAI,17,0,16,15,17,0,28,51.1,27.8,0.0,1.4,35.0,938.7,100.0,M,16,Spielberg,Alfa Romeo Racing
17,42,RAI,18,0,15,14,17,0,26,51.1,28.3,0.0,1.4,34.4,938.8,72.0,M,17,Spielberg,Alfa Romeo Racing
18,42,RAI,19,0,14,14,17,0,28,52.5,28.6,0.0,2.0,33.8,938.7,97.0,M,18,Spielberg,Alfa Romeo Racing
19,42,RAI,20,0,14,13,17,0,31,52.4,29.1,0.0,2.8,33.3,938.7,93.0,M,19,Spielberg,Alfa Romeo Racing
20,42,RAI,21,1,13,13,17,0,34,52.1,29.3,0.0,1.9,32.7,938.7,86.0,M,20,Spielberg,Alfa Romeo Racing
21,42,RAI,22,0,13,13,17,0,35,51.8,29.1,0.0,3.0,32.6,938.7,77.0,M,21,Spielberg,Alfa Romeo Racing
22,42,RAI,23,0,13,13,17,0,35,51.6,28.5,0.0,2.8,34.9,938.7,87.0,M,22,Spielberg,Alfa Romeo Racing
23,42,RAI,24,0,13,14,17,0,37,51.6,28.7,0.0,3.3,33.1,938.6,93.0,M,23,Spielberg,Alfa Romeo Racing
24,42,RAI,25,0,14,15,17,0,39,51.5,28.4,0.0,1.6,34.6,938.7,88.0,H,0,Spielberg,Alfa Romeo Racing
25,42,RAI,26,2,15,15,17,0,41,51.2,28.7,0.0,2.8,35.1,938.6,101.0,H,1,Spielberg,Alfa Romeo Racing
26,42,RAI,27,2,15,14,17,0,40,51.9,29.0,0.0,3.6,33.0,938.6,68.0,H,2,Spielberg,Alfa Romeo Racing
27,42,RAI,28,2,14,14,17,0,43,51.6,29.1,0.0,2.0,32.8,938.7,64.0,H,3,Spielberg,Alfa Romeo Racing
28,42,RAI,29,2,14,14,17,0,46,51.6,29.0,0.0,2.3,33.5,938.7,90.0,H,4,Spielberg,Alfa Romeo Racing
29,42,RAI,30,2,14,14,17,0,44,51.2,28.9,0.0,2.6,33.2,938.6,90.0,H,5,Spielberg,Alfa Romeo Racing
30,42,RAI,31,1,14,13,17,0,43,50.4,28.7,0.0,3.2,34.4,938.5,85.0,H,6,Spielberg,Alfa Romeo Racing
31,42,RAI,32,0,13,13,17,0,44,50.4,28.6,0.0,3.2,34.2,938.6,32.0,H,7,Spielberg,Alfa Romeo Racing
32,42,RAI,33,0,13,13,17,0,45,50.4,28.7,0.0,1.2,33.9,938.6,7.0,H,8,Spielberg,Alfa Romeo Racing
33,42,RAI,34,0,13,13,17,0,45,50.5,28.8,0.0,1.4,34.0,938.7,94.0,H,9,Spielberg,Alfa Romeo Racing
34,42,RAI,35,0,13,13,17,0,45,50.4,29.0,0.0,1.2,33.7,938.5,143.0,H,10,Spielberg,Alfa Romeo Racing
35,42,RAI,36,0,13,13,17,0,46,50.3,29.0,0.0,0.5,33.2,938.4,251.0,H,11,Spielberg,Alfa Romeo Racing
36,42,RAI,37,0,13,13,17,0,46,49.8,29.0,0.0,0.7,34.2,938.5,0.0,H,12,Spielberg,Alfa Romeo Racing
37,42,RAI,38,0,13,13,17,0,47,49.1,29.3,0.0,0.8,33.3,938.4,91.0,H,13,Spielberg,Alfa Romeo Racing
38,42,RAI,39,0,13,13,17,0,47,47.6,29.2,0.0,1.1,34.2,938.5,102.0,H,14,Spielberg,Alfa Romeo Racing
39,42,RAI,40,0,13,13,17,0,48,49.1,29.4,0.0,1.8,33.8,938.5,80.0,H,15,Spielberg,Alfa Romeo Racing
40,42,RAI,41,0,13,13,17,0,48,48.7,29.6,0.0,1.0,32.8,938.4,68.0,H,16,Spielberg,Alfa Romeo Racing
41,42,RAI,42,0,13,13,17,0,48,48.9,29.0,0.0,1.5,32.7,938.4,73.0,H,17,Spielberg,Alfa Romeo Racing
42,42,RAI,43,0,13,13,17,0,48,48.9,28.7,0.0,2.2,33.7,938.3,39.0,H,18,Spielberg,Alfa Romeo Racing
43,42,RAI,44,0,13,12,17,0,49,48.9,28.5,0.0,2.1,34.6,938.4,33.0,H,19,Spielberg,Alfa Romeo Racing
44,42,RAI,45,0,12,12,17,0,49,49.4,28.7,0.0,1.3,34.6,938.4,82.0,H,20,Spielberg,Alfa Romeo Racing
45,42,RAI,46,0,12,12,17,0,49,49.8,29.1,0.0,1.3,33.8,938.4,97.0,H,21,Spielberg,Alfa Romeo Racing
46,42,RAI,47,0,12,12,17,0,49,49.8,29.3,0.0,2.0,33.6,938.5,91.0,H,22,Spielberg,Alfa Romeo Racing
47,42,RAI,48,0,12,12,17,0,50,49.8,29.3,0.0,2.5,33.5,938.3,93.0,H,23,Spielberg,Alfa Romeo Racing
48,42,RAI,49,0,12,12,17,0,50,49.0,29.3,0.0,1.5,34.0,938.2,67.0,H,24,Spielberg,Alfa Romeo Racing
49,42,RAI,50,0,12,12,17,0,51,49.5,29.8,0.0,2.0,33.1,938.3,95.0,H,25,Spielberg,Alfa Romeo Racing
50,42,RAI,51,2,12,12,17,0,52,49.0,29.7,0.0,2.6,33.6,938.3,89.0,H,26,Spielberg,Alfa Romeo Racing
51,42,RAI,52,2,12,12,17,0,51,48.4,29.8,0.0,2.0,32.9,938.3,78.0,S,0,Spielberg,Alfa Romeo Racing
52,42,RAI,53,2,12,12,17,1,51,46.7,29.7,0.0,2.7,33.0,938.2,85.0,S,1,Spielberg,Alfa Romeo Racing
0,42,LAT,1,0,20,20,20,0,52,54.1,27.7,0.0,0.6,35.2,939.0,272.0,M,0,Spielberg,Williams
1,42,LAT,2,0,20,20,20,0,47,54.1,27.7,0.0,0.7,35.5,939.0,276.0,M,1,Spielberg,Williams
2,42,LAT,3,0,20,20,20,0,47,54.0,28.1,0.0,1.7,35.6,939.0,156.0,M,2,Spielberg,Williams
3,42,LAT,4,0,20,20,20,0,47,55.1,28.8,0.0,1.9,33.6,938.9,60.0,M,3,Spielberg,Williams
4,42,LAT,5,0,20,20,20,0,48,54.7,28.9,0.0,3.1,32.8,938.9,87.0,M,4,Spielberg,Williams
5,42,LAT,6,0,20,20,20,0,48,53.6,28.3,0.0,2.9,34.0,938.9,72.0,M,5,Spielberg,Williams
6,42,LAT,7,0,20,20,20,0,49,53.4,28.3,0.0,1.2,34.5,938.9,109.0,M,6,Spielberg,Williams
7,42,LAT,8,0,20,20,20,0,49,53.2,28.6,0.0,2.5,35.1,938.9,131.0,M,7,Spielberg,Williams
8,42,LAT,9,0,20,19,20,0,49,53.5,29.1,0.0,3.2,34.1,938.9,85.0,M,8,Spielberg,Williams
9,42,LAT,10,0,19,19,20,0,,53.3,29.4,0.0,2.5,33.2,938.8,73.0,M,9,Spielberg,Williams
10,42,LAT,11,0,19,19,20,0,,53.3,29.0,0.0,2.7,33.2,938.8,88.0,M,10,Spielberg,Williams
11,42,LAT,12,0,19,19,20,0,,53.1,29.0,0.0,2.7,32.5,938.9,90.0,M,11,Spielberg,Williams
12,42,LAT,13,0,19,19,20,0,,53.0,28.6,0.0,2.8,33.5,938.8,64.0,M,12,Spielberg,Williams
13,42,LAT,14,0,19,19,20,0,,52.9,28.9,0.0,2.4,34.2,938.7,92.0,M,13,Spielberg,Williams
14,42,LAT,15,0,19,19,20,0,51,52.8,29.2,0.0,2.4,32.4,938.8,62.0,M,14,Spielberg,Williams
15,42,LAT,16,0,19,19,20,0,57,53.0,29.2,0.0,2.6,32.4,938.7,73.0,M,15,Spielberg,Williams
16,42,LAT,17,0,19,18,20,0,57,52.9,29.2,0.0,2.3,32.9,938.8,84.0,M,16,Spielberg,Williams
17,42,LAT,18,0,18,18,20,0,54,53.0,29.1,0.0,3.3,32.3,938.8,84.0,M,17,Spielberg,Williams
18,42,LAT,19,0,18,18,20,0,56,52.2,28.9,0.0,3.5,33.8,938.8,94.0,M,18,Spielberg,Williams
19,42,LAT,20,0,18,17,20,0,59,52.2,28.9,0.0,3.0,32.7,938.8,87.0,M,19,Spielberg,Williams
20,42,LAT,21,1,17,16,20,0,62,51.7,28.3,0.0,3.1,33.6,938.8,92.0,M,20,Spielberg,Williams
21,42,LAT,22,0,16,16,20,0,62,51.7,27.8,0.0,2.3,34.4,938.7,86.0,M,21,Spielberg,Williams
22,42,LAT,23,0,16,16,20,0,62,51.1,27.8,0.0,1.4,35.0,938.7,100.0,M,22,Spielberg,Williams
23,42,LAT,24,0,16,16,20,0,62,51.1,28.3,0.0,1.4,34.4,938.8,72.0,M,23,Spielberg,Williams
24,42,LAT,25,0,16,14,20,0,64,52.8,29.0,0.0,1.6,33.5,938.7,68.0,M,24,Spielberg,Williams
25,42,LAT,26,2,14,14,20,0,65,52.5,29.2,0.0,1.8,33.2,938.7,101.0,M,25,Spielberg,Williams
26,42,LAT,27,2,14,16,20,0,65,52.4,29.1,0.0,2.8,33.3,938.7,93.0,H,0,Spielberg,Williams
27,42,LAT,28,2,16,16,20,0,67,52.1,29.3,0.0,1.9,32.7,938.7,86.0,H,1,Spielberg,Williams
28,42,LAT,29,2,16,16,20,0,68,51.8,29.1,0.0,3.0,32.6,938.7,77.0,H,2,Spielberg,Williams
29,42,LAT,30,2,16,16,20,0,68,51.7,28.7,0.0,2.9,33.3,938.7,80.0,H,3,Spielberg,Williams
30,42,LAT,31,1,16,16,20,0,68,51.6,28.5,0.0,2.8,34.9,938.7,87.0,H,4,Spielberg,Williams
31,42,LAT,32,0,16,16,20,0,69,51.6,28.7,0.0,3.3,33.1,938.6,93.0,H,5,Spielberg,Williams
32,42,LAT,33,0,16,16,20,0,70,51.5,28.4,0.0,1.6,34.6,938.7,88.0,H,6,Spielberg,Williams
33,42,LAT,34,0,16,16,20,0,70,51.9,29.0,0.0,3.6,33.0,938.6,68.0,H,7,Spielberg,Williams
34,42,LAT,35,0,16,16,20,0,70,51.9,28.9,0.0,2.8,33.6,938.6,93.0,H,8,Spielberg,Williams
35,42,LAT,36,0,16,16,20,0,70,51.6,28.9,0.0,3.0,33.8,938.7,79.0,H,9,Spielberg,Williams
36,42,LAT,37,0,16,16,20,0,70,51.6,29.0,0.0,2.3,33.5,938.7,90.0,H,10,Spielberg,Williams
37,42,LAT,38,0,16,16,20,0,71,51.2,28.9,0.0,2.6,33.2,938.6,90.0,H,11,Spielberg,Williams
38,42,LAT,39,0,16,16,20,0,71,51.2,28.7,0.0,2.8,33.8,938.6,75.0,H,12,Spielberg,Williams
39,42,LAT,40,0,16,16,20,0,72,50.6,29.0,0.0,2.5,33.5,938.6,81.0,H,13,Spielberg,Williams
40,42,LAT,41,0,16,16,20,0,72,50.6,29.0,0.0,2.9,33.6,938.7,74.0,H,14,Spielberg,Williams
41,42,LAT,42,0,16,16,20,0,72,50.8,28.6,0.0,2.6,34.4,938.6,95.0,H,15,Spielberg,Williams
42,42,LAT,43,0,16,16,20,0,72,50.4,28.6,0.0,3.2,34.5,938.5,89.0,H,16,Spielberg,Williams
43,42,LAT,44,0,16,16,20,0,72,50.4,28.7,0.0,3.2,34.4,938.5,85.0,H,17,Spielberg,Williams
44,42,LAT,45,0,16,15,20,0,72,50.4,28.6,0.0,3.2,34.2,938.6,32.0,H,18,Spielberg,Williams
45,42,LAT,46,0,15,16,20,0,72,50.5,28.8,0.0,1.4,34.0,938.7,94.0,H,19,Spielberg,Williams
46,42,LAT,47,0,16,16,20,0,72,50.4,29.0,0.0,1.2,33.7,938.5,143.0,H,20,Spielberg,Williams
47,42,LAT,48,0,16,16,20,0,72,50.3,29.0,0.0,0.5,33.2,938.4,251.0,H,21,Spielberg,Williams
48,42,LAT,49,0,16,15,20,0,72,49.8,29.0,0.0,0.7,34.2,938.5,0.0,H,22,Spielberg,Williams
49,42,LAT,50,0,15,14,20,0,73,47.6,29.2,0.0,1.1,34.2,938.5,102.0,H,23,Spielberg,Williams
50,42,LAT,51,2,14,14,20,0,73,47.6,29.3,0.0,2.5,33.5,938.5,77.0,H,24,Spielberg,Williams
51,42,LAT,52,2,14,14,20,0,73,49.1,29.4,0.0,1.8,33.8,938.5,80.0,S,0,Spielberg,Williams
52,42,LAT,53,2,14,14,20,0,73,48.7,29.4,0.0,0.9,33.8,938.6,189.0,S,1,Spielberg,Williams
53,42,LAT,54,2,14,13,20,0,73,48.7,29.6,0.0,1.0,32.8,938.4,68.0,S,2,Spielberg,Williams
54,42,LAT,55,2,13,13,20,0,73,48.9,29.3,0.0,1.7,32.3,938.4,79.0,S,3,Spielberg,Williams
55,42,LAT,56,2,13,12,20,0,71,48.9,29.0,0.0,1.5,32.7,938.4,73.0,S,4,Spielberg,Williams
56,42,LAT,57,2,12,12,20,0,70,48.9,28.7,0.0,2.2,33.7,938.3,39.0,S,5,Spielberg,Williams
57,42,LAT,58,2,12,12,20,0,69,48.9,28.5,0.0,2.1,34.6,938.4,33.0,S,6,Spielberg,Williams
58,42,LAT,59,2,12,12,20,0,69,49.4,28.7,0.0,1.3,34.6,938.4,82.0,S,7,Spielberg,Williams
59,42,LAT,60,2,12,12,20,0,69,49.8,29.3,0.0,2.5,33.5,938.3,93.0,S,8,Spielberg,Williams
60,42,LAT,61,0,12,12,20,0,69,49.3,29.3,0.0,2.0,33.8,938.4,77.0,S,9,Spielberg,Williams
61,42,LAT,62,0,12,12,20,0,69,49.0,29.3,0.0,1.5,34.0,938.2,67.0,S,10,Spielberg,Williams
62,42,LAT,63,0,12,12,20,0,69,49.5,29.8,0.0,2.0,33.1,938.3,95.0,S,11,Spielberg,Williams
63,42,LAT,64,0,12,13,20,0,69,49.5,29.8,0.0,2.1,33.4,938.3,84.0,S,12,Spielberg,Williams
64,42,LAT,65,0,13,13,20,0,69,49.0,29.7,0.0,2.6,33.6,938.3,89.0,S,13,Spielberg,Williams
65,42,LAT,66,0,13,13,20,0,69,48.4,29.8,0.0,2.0,32.9,938.3,78.0,S,14,Spielberg,Williams
66,42,LAT,67,0,13,13,20,0,69,48.1,30.0,0.0,2.0,32.0,938.2,85.0,S,15,Spielberg,Williams
67,42,LAT,68,0,13,12,20,0,69,48.1,29.9,0.0,2.6,32.3,938.2,79.0,S,16,Spielberg,Williams
68,42,LAT,69,1,12,12,20,0,69,47.7,30.0,0.0,2.2,32.7,938.3,89.0,S,17,Spielberg,Williams
69,42,LAT,70,1,12,11,20,0,69,46.9,29.9,0.0,3.3,32.5,938.2,89.0,S,18,Spielberg,Williams
70,42,LAT,71,0,11,11,20,0,69,46.7,29.7,0.0,2.7,33.0,938.2,85.0,S,19,Spielberg,Williams
