,idGP,driver,lap,trackStatus,position,targetPosition,grid,out,performance,trackTemp,airTemp,raining,windSpeed,humidity,pressure,windDir,tyre,tyreLap,track,team
0,51,HAM,1,2,1,1,1,0,59,41.0,30.3,0.0,0.5,45.9,1012.5,46.0,S,3,Sochi,Mercedes
1,51,HAM,2,2,1,1,1,0,45,41.1,30.4,0.0,0.5,46.0,1012.5,34.0,S,4,Sochi,Mercedes
2,51,HAM,3,2,1,1,1,0,38,41.1,30.2,0.0,0.9,46.5,1012.6,61.0,S,5,Sochi,Mercedes
3,51,HAM,4,2,1,1,1,0,35,40.7,30.3,0.0,0.7,46.2,1012.6,320.0,S,6,Sochi,Mercedes
4,51,HAM,5,2,1,1,1,0,35,40.8,30.4,0.0,0.4,45.6,1012.7,0.0,S,7,Sochi,Mercedes
5,51,HAM,6,0,1,1,1,0,39,40.5,30.5,0.0,0.7,45.0,1012.7,11.0,S,8,Sochi,Mercedes
6,51,HAM,7,0,1,1,1,0,41,40.3,30.4,0.0,0.5,45.9,1012.8,56.0,S,9,Sochi,Mercedes
7,51,HAM,8,0,1,1,1,0,42,40.3,30.5,0.0,0.5,45.8,1012.8,0.0,S,10,Sochi,Mercedes
8,51,HAM,9,0,1,1,1,0,43,40.4,30.5,0.0,0.0,46.2,1012.8,0.0,S,11,Sochi,Mercedes
9,51,HAM,10,0,1,1,1,0,45,40.4,30.5,0.0,0.4,45.6,1012.7,0.0,S,12,Sochi,Mercedes
10,51,HAM,11,0,1,1,1,0,46,39.9,30.3,0.0,0.8,46.3,1012.8,135.0,S,13,Sochi,Mercedes
11,51,HAM,12,0,1,1,1,0,47,40.1,30.2,0.0,0.7,46.5,1012.8,136.0,S,14,Sochi,Mercedes
12,51,HAM,13,0,1,1,1,0,49,40.0,29.3,0.0,3.0,49.5,1012.8,256.0,S,15,Sochi,Mercedes
13,51,HAM,14,0,1,1,1,0,51,40.9,29.0,0.0,1.2,50.2,1012.9,265.0,S,16,Sochi,Mercedes
14,51,HAM,15,0,1,1,1,0,52,41.1,28.9,0.0,2.3,50.7,1012.9,250.0,S,17,Sochi,Mercedes
15,51,HAM,16,0,1,2,1,0,53,41.0,28.7,0.0,2.3,51.3,1013.0,242.0,S,18,Sochi,Mercedes
16,51,HAM,17,0,2,10,1,0,53,40.7,28.5,0.0,2.8,51.9,1012.9,249.0,H,0,Sochi,Mercedes
17,51,HAM,18,0,10,10,1,0,54,40.5,27.9,0.0,2.1,53.9,1012.9,256.0,H,1,Sochi,Mercedes
18,51,HAM,19,0,10,7,1,0,55,40.8,27.9,0.0,1.1,53.7,1012.9,282.0,H,2,Sochi,Mercedes
19,51,HAM,20,0,7,6,1,0,55,40.7,28.0,0.0,1.7,53.2,1013.0,291.0,H,3,Sochi,Mercedes
20,51,HAM,21,0,6,5,1,0,56,40.7,28.3,0.0,1.3,53.3,1012.9,277.0,H,4,Sochi,Mercedes
21,51,HAM,22,0,5,5,1,0,57,41.4,28.5,0.0,1.2,52.8,1012.9,314.0,H,5,Sochi,Mercedes
22,51,HAM,23,0,5,5,1,0,57,41.4,28.2,0.0,1.8,52.2,1013.0,323.0,H,6,Sochi,Mercedes
23,51,HAM,24,0,5,5,1,0,58,40.6,28.5,0.0,0.0,50.6,1012.9,283.0,H,7,Sochi,Mercedes
24,51,HAM,25,0,5,5,1,0,58,41.2,28.3,0.0,1.8,52.0,1012.9,317.0,H,8,Sochi,Mercedes
25,51,HAM,26,0,5,5,1,0,59,41.2,28.4,0.0,0.5,52.0,1012.9,0.0,H,9,Sochi,Mercedes
26,51,HAM,27,0,5,5,1,0,59,40.8,28.6,0.0,0.9,52.2,1012.9,346.0,H,10,Sochi,Mercedes
27,51,HAM,28,0,5,5,1,0,60,40.9,28.9,0.0,0.6,50.9,1012.9,279.0,H,11,Sochi,Mercedes
28,51,HAM,29,0,5,4,1,0,60,40.8,28.7,0.0,1.6,51.1,1013.0,258.0,H,12,Sochi,Mercedes
29,51,HAM,30,0,4,3,1,0,60,40.6,28.5,0.0,1.3,52.4,1012.9,195.0,H,13,Sochi,Mercedes
30,51,HAM,31,0,3,3,1,0,61,40.6,28.8,0.0,1.4,51.0,1013.0,288.0,H,14,Sochi,Mercedes
31,51,HAM,32,0,3,3,1,0,61,40.6,28.8,0.0,1.3,50.6,1013.0,294.0,H,15,Sochi,Mercedes
32,51,HAM,33,0,3,3,1,0,61,41.0,29.2,0.0,0.5,49.4,1013.0,297.0,H,16,Sochi,Mercedes
33,51,HAM,34,0,3,3,1,0,62,39.8,28.7,0.0,2.5,50.4,1013.1,300.0,H,17,Sochi,Mercedes
34,51,HAM,35,0,3,3,1,0,62,39.8,28.8,0.0,1.2,50.2,1013.0,262.0,H,18,Sochi,Mercedes
35,51,HAM,36,0,3,3,1,0,62,39.6,28.8,0.0,1.5,51.4,1013.1,241.0,H,19,Sochi,Mercedes
36,51,HAM,37,0,3,3,1,0,63,39.4,28.1,0.0,2.2,53.1,1013.0,272.0,H,20,Sochi,Mercedes
37,51,HAM,38,0,3,3,1,0,63,39.7,28.2,0.0,2.6,52.6,1013.2,240.0,H,21,Sochi,Mercedes
38,51,HAM,39,0,3,3,1,0,63,39.8,28.3,0.0,2.2,52.0,1013.1,240.0,H,22,Sochi,Mercedes
39,51,HAM,40,0,3,3,1,0,64,39.6,28.1,0.0,2.7,53.4,1013.2,267.0,H,23,Sochi,Mercedes
40,51,HAM,41,0,3,3,1,0,64,39.3,27.8,0.0,3.2,53.8,1013.1,252.0,H,24,Sochi,Mercedes
41,51,HAM,42,0,3,3,1,0,64,39.6,28.0,0.0,1.9,53.9,1013.1,247.0,H,25,Sochi,Mercedes
42,51,HAM,43,2,3,3,1,0,64,39.8,28.3,0.0,2.4,53.3,1013.1,263.0,H,26,Sochi,Mercedes
43,51,HAM,44,0,3,3,1,0,64,40.2,28.2,0.0,2.0,54.0,1013.1,305.0,H,27,Sochi,Mercedes
44,51,HAM,45,0,3,3,1,0,65,39.7,28.3,0.0,1.5,53.5,1013.2,228.0,H,28,Sochi,Mercedes
45,51,HAM,46,0,3,3,1,0,65,39.7,28.4,0.0,1.8,53.7,1013.2,243.0,H,29,Sochi,Mercedes
46,51,HAM,47,0,3,3,1,0,65,39.7,28.5,0.0,1.4,53.4,1013.1,244.0,H,30,Sochi,Mercedes
47,51,HAM,48,0,3,3,1,0,65,39.5,28.1,0.0,2.1,53.9,1013.1,261.0,H,31,Sochi,Mercedes
48,51,HAM,49,0,3,3,1,0,65,38.7,27.7,0.0,2.4,55.8,1013.1,316.0,H,32,Sochi,Mercedes
49,51,HAM,50,0,3,3,1,0,66,38.7,28.1,0.0,1.6,54.9,1013.1,218.0,H,33,Sochi,Mercedes
50,51,HAM,51,0,3,3,1,0,66,38.7,28.0,0.0,1.8,55.5,1013.1,248.0,H,34,Sochi,Mercedes
51,51,HAM,52,0,3,3,1,0,66,38.0,28.4,0.0,1.4,54.9,1013.2,241.0,H,35,Sochi,Mercedes
52,51,HAM,53,1,3,3,1,0,66,38.2,28.3,0.0,1.8,55.2,1013.1,241.0,H,36,Sochi,Mercedes
0,51,VER,1,2,3,3,3,0,45,41.1,30.2,0.0,0.9,46.5,1012.6,61.0,M,3,Sochi,Red Bull Racing
1,51,VER,2,2,3,3,3,0,46,40.7,30.4,0.0,0.0,45.7,1012.6,46.0,M,4,Sochi,Red Bull Racing
2,51,VER,3,2,3,3,3,0,43,40.8,30.4,0.0,0.4,45.6,1012.7,0.0,M,5,Sochi,Red Bull Racing
3,51,VER,4,2,3,3,3,0,41,40.3,30.4,0.0,0.5,45.9,1012.8,56.0,M,6,Sochi,Red Bull Racing
4,51,VER,5,2,3,3,3,0,41,40.3,30.5,0.0,0.5,45.8,1012.8,0.0,M,7,Sochi,Red Bull Racing
5,51,VER,6,0,3,3,3,0,43,40.1,30.2,0.0,0.7,46.5,1012.8,136.0,M,8,Sochi,Red Bull Racing
6,51,VER,7,0,3,3,3,0,45,39.9,30.1,0.0,0.7,46.5,1012.8,260.0,M,9,Sochi,Red Bull Racing
7,51,VER,8,0,3,3,3,0,46,39.9,29.8,0.0,2.3,46.8,1012.8,248.0,M,10,Sochi,Red Bull Racing
8,51,VER,9,0,3,3,3,0,46,40.7,29.0,0.0,1.6,49.4,1012.8,299.0,M,11,Sochi,Red Bull Racing
9,51,VER,10,0,3,3,3,0,47,40.9,28.9,0.0,2.1,50.2,1012.9,273.0,M,12,Sochi,Red Bull Racing
10,51,VER,11,0,3,3,3,0,48,40.9,29.0,0.0,1.2,50.2,1012.9,265.0,M,13,Sochi,Red Bull Racing
11,51,VER,12,0,3,3,3,0,49,41.1,28.9,0.0,2.3,50.7,1012.9,250.0,M,14,Sochi,Red Bull Racing
12,51,VER,13,0,3,3,3,0,50,40.8,28.0,0.0,2.6,53.6,1013.0,300.0,M,15,Sochi,Red Bull Racing
13,51,VER,14,0,3,3,3,0,51,40.5,27.9,0.0,2.1,53.9,1012.9,256.0,M,16,Sochi,Red Bull Racing
14,51,VER,15,0,3,3,3,0,51,40.8,27.9,0.0,1.1,53.7,1012.9,282.0,M,17,Sochi,Red Bull Racing
15,51,VER,16,0,3,3,3,0,52,40.7,28.0,0.0,1.7,53.2,1013.0,291.0,M,18,Sochi,Red Bull Racing
16,51,VER,17,0,3,2,3,0,53,40.7,28.3,0.0,1.3,53.3,1012.9,277.0,M,19,Sochi,Red Bull Racing
17,51,VER,18,0,2,2,3,0,53,40.6,28.5,0.0,0.0,50.6,1012.9,283.0,M,20,Sochi,Red Bull Racing
18,51,VER,19,0,2,2,3,0,54,40.8,28.4,0.0,2.2,52.2,1013.0,296.0,M,21,Sochi,Red Bull Racing
19,51,VER,20,0,2,2,3,0,54,41.2,28.4,0.0,0.5,52.0,1012.9,0.0,M,22,Sochi,Red Bull Racing
20,51,VER,21,0,2,2,3,0,55,40.8,28.5,0.0,0.6,52.2,1012.9,297.0,M,23,Sochi,Red Bull Racing
21,51,VER,22,0,2,2,3,0,56,40.7,28.8,0.0,0.4,51.9,1013.0,266.0,M,24,Sochi,Red Bull Racing
22,51,VER,23,0,2,2,3,0,56,40.9,28.9,0.0,0.6,50.9,1012.9,279.0,M,25,Sochi,Red Bull Racing
23,51,VER,24,0,2,2,3,0,57,40.8,28.7,0.0,1.6,51.1,1013.0,258.0,M,26,Sochi,Red Bull Racing
24,51,VER,25,0,2,2,3,0,57,40.3,28.7,0.0,0.8,51.5,1012.9,260.0,M,27,Sochi,Red Bull Racing
25,51,VER,26,0,2,4,3,0,58,40.6,28.8,0.0,1.4,51.0,1013.0,288.0,H,0,Sochi,Red Bull Racing
26,51,VER,27,0,4,3,3,0,58,40.2,29.1,0.0,1.6,49.0,1013.0,294.0,H,1,Sochi,Red Bull Racing
27,51,VER,28,0,3,2,3,0,58,39.4,28.3,0.0,2.3,52.5,1013.2,255.0,H,2,Sochi,Red Bull Racing
28,51,VER,29,0,2,2,3,0,59,39.4,28.1,0.0,2.2,53.1,1013.0,272.0,H,3,Sochi,Red Bull Racing
29,51,VER,30,0,2,2,3,0,59,39.3,28.0,0.0,1.9,53.2,1013.0,256.0,H,4,Sochi,Red Bull Racing
30,51,VER,31,0,2,2,3,0,60,39.7,28.2,0.0,2.6,52.6,1013.2,240.0,H,5,Sochi,Red Bull Racing
31,51,VER,32,0,2,2,3,0,60,39.8,28.2,0.0,2.2,52.6,1013.1,249.0,H,6,Sochi,Red Bull Racing
32,51,VER,33,0,2,2,3,0,60,39.8,28.3,0.0,2.2,52.0,1013.1,240.0,H,7,Sochi,Red Bull Racing
33,51,VER,34,0,2,2,3,0,61,39.2,27.7,0.0,2.8,54.5,1013.1,279.0,H,8,Sochi,Red Bull Racing
34,51,VER,35,0,2,2,3,0,61,39.6,28.0,0.0,1.9,53.9,1013.1,247.0,H,9,Sochi,Red Bull Racing
35,51,VER,36,0,2,2,3,0,61,39.8,28.3,0.0,2.4,53.3,1013.1,263.0,H,10,Sochi,Red Bull Racing
36,51,VER,37,0,2,2,3,0,61,40.2,28.2,0.0,2.0,54.0,1013.1,305.0,H,11,Sochi,Red Bull Racing
37,51,VER,38,0,2,2,3,0,61,39.5,28.1,0.0,2.1,54.5,1013.1,247.0,H,12,Sochi,Red Bull Racing
38,51,VER,39,0,2,2,3,0,61,39.7,28.3,0.0,1.5,53.5,1013.2,228.0,H,13,Sochi,Red Bull Racing
39,51,VER,40,0,2,2,3,0,62,39.7,28.4,0.0,1.8,53.7,1013.2,243.0,H,14,Sochi,Red Bull Racing
40,51,VER,41,0,2,2,3,0,62,39.7,28.5,0.0,1.4,53.4,1013.1,244.0,H,15,Sochi,Red Bull Racing
41,51,VER,42,0,2,2,3,0,62,39.6,28.4,0.0,2.2,52.9,1013.1,264.0,H,16,Sochi,Red Bull Racing
42,51,VER,43,2,2,2,3,0,62,39.5,28.1,0.0,2.1,53.9,1013.1,261.0,H,17,Sochi,Red Bull Racing
43,51,VER,44,0,2,2,3,0,63,39.5,28.0,0.0,2.1,55.0,1013.1,263.0,H,18,Sochi,Red Bull Racing
44,51,VER,45,0,2,2,3,0,63,38.7,27.7,0.0,2.4,55.8,1013.1,316.0,H,19,Sochi,Red Bull Racing
45,51,VER,46,0,2,2,3,0,63,38.8,27.7,0.0,1.9,55.6,1013.1,298.0,H,20,Sochi,Red Bull Racing
46,51,VER,47,0,2,2,3,0,63,39.1,28.4,0.0,1.2,53.8,1013.1,277.0,H,21,Sochi,Red Bull Racing
47,51,VER,48,0,2,2,3,0,64,39.1,28.3,0.0,1.5,53.9,1013.2,285.0,H,22,Sochi,Red Bull Racing
48,51,VER,49,0,2,2,3,0,64,38.7,28.1,0.0,1.6,54.9,1013.1,218.0,H,23,Sochi,Red Bull Racing
49,51,VER,50,0,2,2,3,0,64,38.7,28.0,0.0,1.8,55.5,1013.1,248.0,H,24,Sochi,Red Bull Racing
50,51,VER,51,0,2,2,3,0,64,38.7,28.0,0.0,1.7,55.8,1013.1,243.0,H,25,Sochi,Red Bull Racing
51,51,VER,52,0,2,2,3,0,65,38.0,28.4,0.0,1.4,54.9,1013.2,241.0,H,26,Sochi,Red Bull Racing
52,51,VER,53,1,2,2,3,0,65,37.6,27.9,0.0,2.1,56.5,1013.2,244.0,H,27,Sochi,Red Bull Racing
0,51,BOT,1,2,2,2,2,0,58,41.0,30.3,0.0,0.5,45.9,1012.5,46.0,M,3,Sochi,Mercedes
1,51,BOT,2,2,2,2,2,0,45,41.1,30.4,0.0,0.5,46.0,1012.5,34.0,M,4,Sochi,Mercedes
2,51,BOT,3,2,2,2,2,0,39,40.7,30.3,0.0,0.7,46.2,1012.6,320.0,M,5,Sochi,Mercedes
3,51,BOT,4,2,2,2,2,0,37,40.8,30.4,0.0,0.4,45.6,1012.7,0.0,M,6,Sochi,Mercedes
4,51,BOT,5,2,2,2,2,0,36,40.8,30.4,0.0,0.9,45.3,1012.6,25.0,M,7,Sochi,Mercedes
5,51,BOT,6,0,2,2,2,0,40,40.5,30.4,0.0,0.7,45.4,1012.8,317.0,M,8,Sochi,Mercedes
6,51,BOT,7,0,2,2,2,0,42,40.3,30.4,0.0,0.5,45.9,1012.8,56.0,M,9,Sochi,Mercedes
7,51,BOT,8,0,2,2,2,0,43,40.3,30.5,0.0,0.5,45.8,1012.8,0.0,M,10,Sochi,Mercedes
8,51,BOT,9,0,2,2,2,0,43,40.4,30.5,0.0,0.0,46.2,1012.8,0.0,M,11,Sochi,Mercedes
9,51,BOT,10,0,2,2,2,0,44,40.4,30.5,0.0,0.4,45.6,1012.7,0.0,M,12,Sochi,Mercedes
10,51,BOT,11,0,2,2,2,0,46,39.9,30.1,0.0,0.7,46.5,1012.8,260.0,M,13,Sochi,Mercedes
11,51,BOT,12,0,2,2,2,0,47,39.9,29.8,0.0,2.3,46.8,1012.8,248.0,M,14,Sochi,Mercedes
12,51,BOT,13,0,2,2,2,0,48,40.2,29.0,0.0,1.6,49.8,1012.9,278.0,M,15,Sochi,Mercedes
13,51,BOT,14,0,2,2,2,0,49,40.2,28.9,0.0,2.1,50.6,1012.9,252.0,M,16,Sochi,Mercedes
14,51,BOT,15,0,2,2,2,0,50,40.9,28.9,0.0,2.1,49.5,1012.9,233.0,M,17,Sochi,Mercedes
15,51,BOT,16,0,2,1,2,0,50,40.9,28.9,0.0,2.1,50.2,1012.9,273.0,M,18,Sochi,Mercedes
16,51,BOT,17,0,1,1,2,0,51,41.1,28.9,0.0,2.3,50.7,1012.9,250.0,M,19,Sochi,Mercedes
17,51,BOT,18,0,1,1,2,0,52,40.7,28.5,0.0,2.8,51.9,1012.9,249.0,M,20,Sochi,Mercedes
18,51,BOT,19,0,1,1,2,0,53,40.7,28.2,0.0,2.8,52.8,1012.9,271.0,M,21,Sochi,Mercedes
19,51,BOT,20,0,1,1,2,0,53,40.5,27.9,0.0,2.1,53.9,1012.9,256.0,M,22,Sochi,Mercedes
20,51,BOT,21,0,1,1,2,0,54,40.6,28.3,0.0,1.0,52.8,1013.0,0.0,M,23,Sochi,Mercedes
21,51,BOT,22,0,1,1,2,0,55,41.2,28.3,0.0,1.8,52.0,1012.9,317.0,M,24,Sochi,Mercedes
22,51,BOT,23,0,1,1,2,0,55,41.2,28.4,0.0,0.5,52.0,1012.9,0.0,M,25,Sochi,Mercedes
23,51,BOT,24,0,1,1,2,0,56,40.8,28.6,0.0,0.9,52.2,1012.9,346.0,M,26,Sochi,Mercedes
24,51,BOT,25,0,1,1,2,0,56,40.9,28.9,0.0,0.6,50.9,1012.9,279.0,M,27,Sochi,Mercedes
25,51,BOT,26,0,1,1,2,0,57,39.8,28.7,0.0,2.5,50.4,1013.1,300.0,M,28,Sochi,Mercedes
26,51,BOT,27,0,1,1,2,0,57,39.8,28.8,0.0,1.2,50.2,1013.0,262.0,H,0,Sochi,Mercedes
27,51,BOT,28,0,1,1,2,0,58,39.4,28.3,0.0,2.3,52.5,1013.2,255.0,H,1,Sochi,Mercedes
28,51,BOT,29,0,1,1,2,0,58,39.4,28.1,0.0,2.2,53.1,1013.0,272.0,H,2,Sochi,Mercedes
29,51,BOT,30,0,1,1,2,0,59,39.7,28.2,0.0,2.6,52.6,1013.2,240.0,H,3,Sochi,Mercedes
30,51,BOT,31,0,1,1,2,0,59,39.6,28.1,0.0,2.7,53.4,1013.2,267.0,H,4,Sochi,Mercedes
31,51,BOT,32,0,1,1,2,0,59,39.3,27.8,0.0,3.2,53.8,1013.1,252.0,H,5,Sochi,Mercedes
32,51,BOT,33,0,1,1,2,0,60,39.2,27.6,0.0,1.9,54.8,1013.1,257.0,H,6,Sochi,Mercedes
33,51,BOT,34,0,1,1,2,0,60,39.6,28.0,0.0,1.9,53.9,1013.1,247.0,H,7,Sochi,Mercedes
34,51,BOT,35,0,1,1,2,0,60,39.8,28.3,0.0,2.4,53.3,1013.1,263.0,H,8,Sochi,Mercedes
35,51,BOT,36,0,1,1,2,0,61,40.2,28.3,0.0,2.5,53.3,1013.1,276.0,H,9,Sochi,Mercedes
36,51,BOT,37,0,1,1,2,0,61,39.5,28.1,0.0,2.1,54.5,1013.1,247.0,H,10,Sochi,Mercedes
37,51,BOT,38,0,1,1,2,0,61,39.7,28.4,0.0,1.8,53.7,1013.2,243.0,H,11,Sochi,Mercedes
38,51,BOT,39,0,1,1,2,0,61,39.6,28.1,0.0,1.5,54.4,1013.1,261.0,H,12,Sochi,Mercedes
39,51,BOT,40,0,1,1,2,0,62,39.5,28.1,0.0,2.1,53.9,1013.1,261.0,H,13,Sochi,Mercedes
40,51,BOT,41,0,1,1,2,0,62,39.5,28.0,0.0,2.1,55.0,1013.1,263.0,H,14,Sochi,Mercedes
41,51,BOT,42,0,1,1,2,0,62,39.0,27.8,0.0,2.4,55.6,1013.1,271.0,H,15,Sochi,Mercedes
42,51,BOT,43,2,1,1,2,0,62,38.8,27.7,0.0,1.9,55.6,1013.1,298.0,H,16,Sochi,Mercedes
43,51,BOT,44,0,1,1,2,0,62,39.1,28.5,0.0,1.3,53.4,1013.1,353.0,H,17,Sochi,Mercedes
44,51,BOT,45,0,1,1,2,0,63,39.1,28.3,0.0,1.5,53.9,1013.2,285.0,H,18,Sochi,Mercedes
45,51,BOT,46,0,1,1,2,0,63,38.6,28.0,0.0,1.5,54.8,1013.1,258.0,H,19,Sochi,Mercedes
46,51,BOT,47,0,1,1,2,0,63,38.6,27.8,0.0,2.3,55.6,1013.1,287.0,H,20,Sochi,Mercedes
47,51,BOT,48,0,1,1,2,0,63,38.6,27.8,0.0,1.2,56.0,1013.1,254.0,H,21,Sochi,Mercedes
48,51,BOT,49,0,1,1,2,0,63,38.7,28.1,0.0,1.6,54.9,1013.1,218.0,H,22,Sochi,Mercedes
49,51,BOT,50,0,1,1,2,0,63,38.7,28.0,0.0,1.8,55.5,1013.1,248.0,H,23,Sochi,Mercedes
50,51,BOT,51,0,1,1,2,0,64,38.7,28.0,0.0,1.7,55.8,1013.1,243.0,H,24,Sochi,Mercedes
51,51,BOT,52,0,1,1,2,0,64,38.0,28.4,0.0,1.4,54.9,1013.2,241.0,H,25,Sochi,Mercedes
52,51,BOT,53,1,1,1,2,0,64,37.6,27.9,0.0,2.1,56.5,1013.2,244.0,H,26,Sochi,Mercedes
0,51,PER,1,2,6,6,6,0,46,41.0,30.3,0.0,0.5,45.9,1012.5,46.0,S,3,Sochi,Racing Point
1,51,PER,2,2,6,6,6,0,37,41.1,30.2,0.0,0.9,46.5,1012.6,61.0,S,4,Sochi,Racing Point
2,51,PER,3,2,6,6,6,0,34,40.7,30.3,0.0,0.7,46.2,1012.6,320.0,S,5,Sochi,Racing Point
3,51,PER,4,2,6,6,6,0,34,40.5,30.5,0.0,0.7,45.0,1012.7,11.0,S,6,Sochi,Racing Point
4,51,PER,5,2,6,6,6,0,35,40.3,30.5,0.0,0.5,45.8,1012.8,0.0,S,7,Sochi,Racing Point
5,51,PER,6,0,6,6,6,0,35,40.1,30.2,0.0,0.7,46.5,1012.8,136.0,S,8,Sochi,Racing Point
6,51,PER,7,0,6,6,6,0,36,39.9,30.1,0.0,0.7,46.5,1012.8,260.0,S,9,Sochi,Racing Point
7,51,PER,8,0,6,6,6,0,37,40.0,29.3,0.0,3.0,49.5,1012.8,256.0,S,10,Sochi,Racing Point
8,51,PER,9,0,6,6,6,0,38,40.0,28.9,0.0,2.3,50.1,1012.8,269.0,S,11,Sochi,Racing Point
9,51,PER,10,0,6,6,6,0,38,40.2,28.9,0.0,2.1,50.6,1012.9,252.0,S,12,Sochi,Racing Point
10,51,PER,11,0,6,6,6,0,40,41.1,28.9,0.0,2.3,50.7,1012.9,250.0,S,13,Sochi,Racing Point
11,51,PER,12,0,6,6,6,0,41,40.6,28.7,0.0,2.1,51.5,1013.0,276.0,S,14,Sochi,Racing Point
12,51,PER,13,0,6,6,6,0,42,40.7,28.5,0.0,2.8,51.9,1012.9,249.0,S,15,Sochi,Racing Point
13,51,PER,14,0,6,6,6,0,43,40.8,28.0,0.0,2.6,53.6,1013.0,300.0,S,16,Sochi,Racing Point
14,51,PER,15,0,6,5,6,0,44,40.5,27.9,0.0,2.1,53.9,1012.9,256.0,S,17,Sochi,Racing Point
15,51,PER,16,0,5,5,6,0,44,41.4,28.2,0.0,1.8,52.2,1013.0,323.0,S,18,Sochi,Racing Point
16,51,PER,17,0,5,4,6,0,45,40.6,28.3,0.0,1.0,52.8,1013.0,0.0,S,19,Sochi,Racing Point
17,51,PER,18,0,4,3,6,0,46,40.6,28.5,0.0,0.0,50.6,1012.9,283.0,S,20,Sochi,Racing Point
18,51,PER,19,0,3,3,6,0,47,41.2,28.3,0.0,1.8,52.0,1012.9,317.0,S,21,Sochi,Racing Point
19,51,PER,20,0,3,3,6,0,48,41.2,28.4,0.0,0.5,52.0,1012.9,0.0,S,22,Sochi,Racing Point
20,51,PER,21,0,3,6,6,0,49,40.8,28.5,0.0,0.6,52.2,1012.9,297.0,H,0,Sochi,Racing Point
21,51,PER,22,0,6,6,6,0,49,40.7,28.8,0.0,0.4,51.9,1013.0,266.0,H,1,Sochi,Racing Point
22,51,PER,23,0,6,6,6,0,49,40.9,28.9,0.0,0.6,50.9,1012.9,279.0,H,2,Sochi,Racing Point
23,51,PER,24,0,6,6,6,0,50,40.8,28.7,0.0,1.6,51.1,1013.0,258.0,H,3,Sochi,Racing Point
24,51,PER,25,0,6,6,6,0,50,40.6,28.5,0.0,1.3,52.4,1012.9,195.0,H,4,Sochi,Racing Point
25,51,PER,26,0,6,6,6,0,51,40.6,28.9,0.0,0.8,50.5,1012.9,314.0,H,5,Sochi,Racing Point
26,51,PER,27,0,6,6,6,0,51,40.6,28.8,0.0,1.3,50.6,1013.0,294.0,H,6,Sochi,Racing Point
27,51,PER,28,0,6,6,6,0,51,41.0,29.2,0.0,0.5,49.4,1013.0,297.0,H,7,Sochi,Racing Point
28,51,PER,29,0,6,5,6,0,52,40.2,29.1,0.0,1.6,49.0,1013.0,294.0,H,8,Sochi,Racing Point
29,51,PER,30,0,5,5,6,0,52,39.8,28.8,0.0,1.2,50.2,1013.0,262.0,H,9,Sochi,Racing Point
30,51,PER,31,0,5,4,6,0,53,39.6,28.8,0.0,1.5,51.4,1013.1,241.0,H,10,Sochi,Racing Point
31,51,PER,32,0,4,4,6,0,53,39.4,28.3,0.0,2.3,52.5,1013.2,255.0,H,11,Sochi,Racing Point
32,51,PER,33,0,4,4,6,0,53,39.4,28.1,0.0,2.2,53.1,1013.0,272.0,H,12,Sochi,Racing Point
33,51,PER,34,0,4,4,6,0,54,39.8,28.3,0.0,2.2,52.0,1013.1,240.0,H,13,Sochi,Racing Point
34,51,PER,35,0,4,4,6,0,54,39.6,28.1,0.0,2.7,53.4,1013.2,267.0,H,14,Sochi,Racing Point
35,51,PER,36,0,4,4,6,0,54,39.3,27.8,0.0,3.2,53.8,1013.1,252.0,H,15,Sochi,Racing Point
36,51,PER,37,0,4,4,6,0,55,39.2,27.6,0.0,1.9,54.8,1013.1,257.0,H,16,Sochi,Racing Point
37,51,PER,38,0,4,4,6,0,55,40.2,28.3,0.0,2.5,53.3,1013.1,276.0,H,17,Sochi,Racing Point
38,51,PER,39,0,4,4,6,0,55,39.7,28.3,0.0,1.5,53.5,1013.2,228.0,H,18,Sochi,Racing Point
39,51,PER,40,0,4,4,6,0,56,39.7,28.5,0.0,1.4,53.4,1013.1,244.0,H,19,Sochi,Racing Point
40,51,PER,41,0,4,4,6,0,56,39.6,28.1,0.0,1.5,54.4,1013.1,261.0,H,20,Sochi,Racing Point
41,51,PER,42,0,4,4,6,0,56,39.5,28.1,0.0,2.1,53.9,1013.1,261.0,H,21,Sochi,Racing Point
42,51,PER,43,2,4,4,6,0,56,39.0,27.8,0.0,2.4,55.6,1013.1,271.0,H,22,Sochi,Racing Point
43,51,PER,44,0,4,4,6,0,57,38.7,27.7,0.0,2.4,55.8,1013.1,316.0,H,23,Sochi,Racing Point
44,51,PER,45,0,4,4,6,0,57,38.8,27.7,0.0,1.9,55.6,1013.1,298.0,H,24,Sochi,Racing Point
45,51,PER,46,0,4,4,6,0,57,39.0,27.8,0.0,1.3,55.7,1013.1,0.0,H,25,Sochi,Racing Point
46,51,PER,47,0,4,4,6,0,57,38.8,28.1,0.0,0.4,54.8,1013.1,38.0,H,26,Sochi,Racing Point
47,51,PER,48,0,4,4,6,0,58,39.1,28.3,0.0,1.5,53.9,1013.2,285.0,H,27,Sochi,Racing Point
48,51,PER,49,0,4,4,6,0,58,38.6,27.8,0.0,2.3,55.6,1013.1,287.0,H,28,Sochi,Racing Point
49,51,PER,50,0,4,4,6,0,58,38.5,28.0,0.0,1.6,55.6,1013.1,244.0,H,29,Sochi,Racing Point
50,51,PER,51,0,4,4,6,0,58,38.7,28.0,0.0,1.7,55.8,1013.1,243.0,H,30,Sochi,Racing Point
51,51,PER,52,0,4,4,6,0,58,38.2,28.2,0.0,1.5,55.5,1013.1,236.0,H,31,Sochi,Racing Point
52,51,PER,53,1,4,4,6,0,58,37.6,27.9,0.0,2.1,56.5,1013.2,244.0,H,32,Sochi,Racing Point
0,51,RIC,1,2,5,5,5,0,52,41.0,30.3,0.0,0.5,45.9,1012.5,46.0,S,3,Sochi,Renault
1,51,RIC,2,2,5,5,5,0,50,41.1,30.2,0.0,0.9,46.5,1012.6,61.0,S,4,Sochi,Renault
2,51,RIC,3,2,5,5,5,0,49,40.7,30.3,0.0,0.7,46.2,1012.6,320.0,S,5,Sochi,Renault
3,51,RIC,4,2,5,5,5,0,49,40.7,30.4,0.0,0.0,45.7,1012.6,46.0,S,6,Sochi,Renault
4,51,RIC,5,2,5,5,5,0,49,40.8,30.4,0.0,0.4,45.6,1012.7,0.0,S,7,Sochi,Renault
5,51,RIC,6,0,5,5,5,0,51,40.5,30.5,0.0,0.7,45.0,1012.7,11.0,S,8,Sochi,Renault
6,51,RIC,7,0,5,5,5,0,52,40.5,30.4,0.0,0.7,45.4,1012.8,317.0,S,9,Sochi,Renault
7,51,RIC,8,0,5,5,5,0,53,40.4,30.5,0.0,0.4,45.6,1012.7,0.0,S,10,Sochi,Renault
8,51,RIC,9,0,5,5,5,0,54,40.1,30.2,0.0,0.7,46.5,1012.8,136.0,S,11,Sochi,Renault
9,51,RIC,10,0,5,5,5,0,55,40.0,29.3,0.0,3.0,49.5,1012.8,256.0,S,12,Sochi,Renault
10,51,RIC,11,0,5,5,5,0,55,40.2,28.9,0.0,2.1,50.6,1012.9,252.0,S,13,Sochi,Renault
11,51,RIC,12,0,5,5,5,0,56,40.7,29.0,0.0,1.6,49.4,1012.8,299.0,S,14,Sochi,Renault
12,51,RIC,13,0,5,5,5,0,57,40.9,28.9,0.0,2.1,50.2,1012.9,273.0,S,15,Sochi,Renault
13,51,RIC,14,0,5,5,5,0,57,41.1,28.9,0.0,2.3,50.7,1012.9,250.0,S,16,Sochi,Renault
14,51,RIC,15,0,5,8,5,0,57,41.0,28.7,0.0,2.3,51.3,1013.0,242.0,S,17,Sochi,Renault
15,51,RIC,16,0,8,14,5,0,58,40.6,28.7,0.0,2.1,51.5,1013.0,276.0,H,0,Sochi,Renault
16,51,RIC,17,0,14,13,5,0,58,40.7,28.2,0.0,2.8,52.8,1012.9,271.0,H,1,Sochi,Renault
17,51,RIC,18,0,13,12,5,0,59,40.5,27.9,0.0,2.1,53.9,1012.9,256.0,H,2,Sochi,Renault
18,51,RIC,19,0,12,11,5,0,59,40.7,28.0,0.0,1.7,53.2,1013.0,291.0,H,3,Sochi,Renault
19,51,RIC,20,0,11,9,5,0,59,41.4,28.5,0.0,1.2,52.8,1012.9,314.0,H,4,Sochi,Renault
20,51,RIC,21,0,9,9,5,0,60,40.6,28.3,0.0,1.0,52.8,1013.0,0.0,H,5,Sochi,Renault
21,51,RIC,22,0,9,9,5,0,60,40.6,28.5,0.0,0.0,50.6,1012.9,283.0,H,6,Sochi,Renault
22,51,RIC,23,0,9,9,5,0,61,41.2,28.4,0.0,0.5,52.0,1012.9,0.0,H,7,Sochi,Renault
23,51,RIC,24,0,9,9,5,0,61,40.8,28.5,0.0,0.6,52.2,1012.9,297.0,H,8,Sochi,Renault
24,51,RIC,25,0,9,8,5,0,61,40.8,28.6,0.0,0.9,52.2,1012.9,346.0,H,9,Sochi,Renault
25,51,RIC,26,0,8,8,5,0,61,40.9,28.9,0.0,0.6,50.9,1012.9,279.0,H,10,Sochi,Renault
26,51,RIC,27,0,8,7,5,0,62,41.0,29.0,0.0,0.7,50.1,1013.0,310.0,H,11,Sochi,Renault
27,51,RIC,28,0,7,7,5,0,62,41.0,29.2,0.0,0.5,49.4,1013.0,297.0,H,12,Sochi,Renault
28,51,RIC,29,0,7,6,5,0,62,39.8,28.7,0.0,2.5,50.4,1013.1,300.0,H,13,Sochi,Renault
29,51,RIC,30,0,6,6,5,0,63,39.8,28.8,0.0,1.2,50.2,1013.0,262.0,H,14,Sochi,Renault
30,51,RIC,31,0,6,5,5,0,63,39.6,28.6,0.0,2.5,51.3,1013.1,254.0,H,15,Sochi,Renault
31,51,RIC,32,0,5,5,5,0,63,39.4,28.1,0.0,2.2,53.1,1013.0,272.0,H,16,Sochi,Renault
32,51,RIC,33,0,5,5,5,0,64,39.3,28.0,0.0,1.9,53.2,1013.0,256.0,H,17,Sochi,Renault
33,51,RIC,34,0,5,5,5,0,64,39.7,28.2,0.0,2.6,52.6,1013.2,240.0,H,18,Sochi,Renault
34,51,RIC,35,0,5,5,5,0,65,39.8,28.2,0.0,2.2,52.6,1013.1,249.0,H,19,Sochi,Renault
35,51,RIC,36,0,5,5,5,0,65,39.3,27.8,0.0,3.2,53.8,1013.1,252.0,H,20,Sochi,Renault
36,51,RIC,37,0,5,5,5,0,65,39.6,28.0,0.0,1.9,53.9,1013.1,247.0,H,21,Sochi,Renault
37,51,RIC,38,0,5,5,5,0,66,39.8,28.3,0.0,2.4,53.3,1013.1,263.0,H,22,Sochi,Renault
38,51,RIC,39,0,5,5,5,0,66,40.2,28.3,0.0,2.5,53.3,1013.1,276.0,H,23,Sochi,Renault
39,51,RIC,40,0,5,5,5,0,66,39.5,28.1,0.0,2.1,54.5,1013.1,247.0,H,24,Sochi,Renault
40,51,RIC,41,0,5,5,5,0,66,39.7,28.3,0.0,1.5,53.5,1013.2,228.0,H,25,Sochi,Renault
41,51,RIC,42,0,5,5,5,0,66,39.6,28.4,0.0,2.2,52.9,1013.1,264.0,H,26,Sochi,Renault
42,51,RIC,43,2,5,5,5,0,66,39.5,28.1,0.0,2.1,53.9,1013.1,261.0,H,27,Sochi,Renault
43,51,RIC,44,0,5,5,5,0,67,38.7,27.7,0.0,2.4,55.8,1013.1,316.0,H,28,Sochi,Renault
44,51,RIC,45,0,5,5,5,0,67,38.8,28.1,0.0,0.4,54.8,1013.1,38.0,H,29,Sochi,Renault
45,51,RIC,46,0,5,5,5,0,67,39.1,28.5,0.0,1.3,53.4,1013.1,353.0,H,30,Sochi,Renault
46,51,RIC,47,0,5,5,5,0,67,39.1,28.3,0.0,1.5,53.9,1013.2,285.0,H,31,Sochi,Renault
47,51,RIC,48,0,5,5,5,0,67,38.6,28.0,0.0,1.5,54.8,1013.1,258.0,H,32,Sochi,Renault
48,51,RIC,49,0,5,5,5,0,67,38.5,28.0,0.0,1.6,55.6,1013.1,244.0,H,33,Sochi,Renault
49,51,RIC,50,0,5,5,5,0,67,38.7,28.1,0.0,1.6,54.9,1013.1,218.0,H,34,Sochi,Renault
50,51,RIC,51,0,5,5,5,0,67,38.2,28.2,0.0,1.5,55.5,1013.1,236.0,H,35,Sochi,Renault
51,51,RIC,52,0,5,5,5,0,67,38.0,28.4,0.0,1.4,54.9,1013.2,241.0,H,36,Sochi,Renault
52,51,RIC,53,1,5,5,5,0,68,38.2,28.3,0.0,1.8,55.2,1013.1,241.0,H,37,Sochi,Renault
0,51,OCO,1,2,4,4,4,0,48,41.0,30.3,0.0,0.5,45.9,1012.5,46.0,S,3,Sochi,Renault
1,51,OCO,2,2,4,4,4,0,48,41.1,30.2,0.0,0.9,46.5,1012.6,61.0,S,4,Sochi,Renault
2,51,OCO,3,2,4,4,4,0,46,40.7,30.3,0.0,0.7,46.2,1012.6,320.0,S,5,Sochi,Renault
3,51,OCO,4,2,4,4,4,0,44,40.8,30.4,0.0,0.9,45.3,1012.6,25.0,S,6,Sochi,Renault
4,51,OCO,5,2,4,4,4,0,44,40.5,30.5,0.0,0.7,45.0,1012.7,11.0,S,7,Sochi,Renault
5,51,OCO,6,0,4,4,4,0,45,40.5,30.4,0.0,0.7,45.4,1012.8,317.0,S,8,Sochi,Renault
6,51,OCO,7,0,4,4,4,0,46,40.4,30.5,0.0,0.4,45.6,1012.7,0.0,S,9,Sochi,Renault
7,51,OCO,8,0,4,4,4,0,47,39.9,30.3,0.0,0.8,46.3,1012.8,135.0,S,10,Sochi,Renault
8,51,OCO,9,0,4,4,4,0,47,40.1,30.2,0.0,0.7,46.5,1012.8,136.0,S,11,Sochi,Renault
9,51,OCO,10,0,4,4,4,0,48,40.0,29.3,0.0,3.0,49.5,1012.8,256.0,S,12,Sochi,Renault
10,51,OCO,11,0,4,4,4,0,49,40.0,28.9,0.0,2.3,50.1,1012.8,269.0,S,13,Sochi,Renault
11,51,OCO,12,0,4,4,4,0,49,40.2,29.0,0.0,1.6,49.8,1012.9,278.0,S,14,Sochi,Renault
12,51,OCO,13,0,4,4,4,0,50,40.2,28.9,0.0,2.1,50.6,1012.9,252.0,S,15,Sochi,Renault
13,51,OCO,14,0,4,4,4,0,51,40.9,28.9,0.0,2.1,49.5,1012.9,233.0,S,16,Sochi,Renault
14,51,OCO,15,0,4,4,4,0,51,40.9,28.9,0.0,2.1,50.2,1012.9,273.0,S,17,Sochi,Renault
15,51,OCO,16,0,4,4,4,0,52,40.9,29.0,0.0,1.2,50.2,1012.9,265.0,S,18,Sochi,Renault
16,51,OCO,17,0,4,3,4,0,53,41.1,28.9,0.0,2.3,50.7,1012.9,250.0,S,19,Sochi,Renault
17,51,OCO,18,0,3,4,4,0,53,41.0,28.7,0.0,2.3,51.3,1013.0,242.0,S,20,Sochi,Renault
18,51,OCO,19,0,4,9,4,0,54,40.7,28.5,0.0,2.8,51.9,1012.9,249.0,H,0,Sochi,Renault
19,51,OCO,20,0,9,8,4,0,54,41.4,28.5,0.0,1.2,52.8,1012.9,314.0,H,1,Sochi,Renault
20,51,OCO,21,0,8,8,4,0,55,41.4,28.2,0.0,1.8,52.2,1013.0,323.0,H,2,Sochi,Renault
21,51,OCO,22,0,8,8,4,0,55,40.6,28.3,0.0,1.0,52.8,1013.0,0.0,H,3,Sochi,Renault
22,51,OCO,23,0,8,8,4,0,55,41.2,28.3,0.0,1.8,52.0,1012.9,317.0,H,4,Sochi,Renault
23,51,OCO,24,0,8,8,4,0,56,40.8,28.6,0.0,0.9,52.2,1012.9,346.0,H,5,Sochi,Renault
24,51,OCO,25,0,8,9,4,0,56,40.7,28.8,0.0,0.4,51.9,1013.0,266.0,H,6,Sochi,Renault
25,51,OCO,26,0,9,9,4,0,56,40.9,28.9,0.0,0.6,50.9,1012.9,279.0,H,7,Sochi,Renault
26,51,OCO,27,0,9,9,4,0,56,40.6,28.5,0.0,1.3,52.4,1012.9,195.0,H,8,Sochi,Renault
27,51,OCO,28,0,9,8,4,0,57,40.6,28.9,0.0,0.8,50.5,1012.9,314.0,H,9,Sochi,Renault
28,51,OCO,29,0,8,8,4,0,57,40.6,28.8,0.0,1.3,50.6,1013.0,294.0,H,10,Sochi,Renault
29,51,OCO,30,0,8,8,4,0,57,40.2,29.1,0.0,1.6,49.0,1013.0,294.0,H,11,Sochi,Renault
30,51,OCO,31,0,8,7,4,0,58,39.6,28.8,0.0,1.5,51.4,1013.1,241.0,H,12,Sochi,Renault
31,51,OCO,32,0,7,7,4,0,58,39.4,28.3,0.0,2.3,52.5,1013.2,255.0,H,13,Sochi,Renault
32,51,OCO,33,0,7,7,4,0,58,39.4,28.1,0.0,2.2,53.1,1013.0,272.0,H,14,Sochi,Renault
33,51,OCO,34,0,7,7,4,0,58,39.3,28.0,0.0,1.9,53.2,1013.0,256.0,H,15,Sochi,Renault
34,51,OCO,35,0,7,7,4,0,59,39.7,28.2,0.0,2.6,52.6,1013.2,240.0,H,16,Sochi,Renault
35,51,OCO,36,0,7,7,4,0,59,39.6,28.1,0.0,2.7,53.4,1013.2,267.0,H,17,Sochi,Renault
36,51,OCO,37,0,7,7,4,0,59,39.3,27.8,0.0,3.2,53.8,1013.1,252.0,H,18,Sochi,Renault
37,51,OCO,38,0,7,7,4,0,60,39.2,27.7,0.0,2.8,54.5,1013.1,279.0,H,19,Sochi,Renault
38,51,OCO,39,0,7,7,4,0,60,39.2,27.6,0.0,1.9,54.8,1013.1,257.0,H,20,Sochi,Renault
39,51,OCO,40,0,7,7,4,0,60,39.6,28.0,0.0,1.9,53.9,1013.1,247.0,H,21,Sochi,Renault
40,51,OCO,41,0,7,7,4,0,60,39.6,28.4,0.0,2.2,52.9,1013.1,264.0,H,22,Sochi,Renault
41,51,OCO,42,0,7,7,4,0,60,39.6,28.1,0.0,1.5,54.4,1013.1,261.0,H,23,Sochi,Renault
42,51,OCO,43,2,7,7,4,0,61,38.7,27.7,0.0,2.4,55.8,1013.1,316.0,H,24,Sochi,Renault
43,51,OCO,44,0,7,7,4,0,61,38.8,27.7,0.0,1.9,55.6,1013.1,298.0,H,25,Sochi,Renault
44,51,OCO,45,0,7,7,4,0,61,38.8,28.1,0.0,0.4,54.8,1013.1,38.0,H,26,Sochi,Renault
45,51,OCO,46,0,7,7,4,0,61,39.1,28.5,0.0,1.3,53.4,1013.1,353.0,H,27,Sochi,Renault
46,51,OCO,47,0,7,7,4,0,61,39.1,28.3,0.0,1.5,53.9,1013.2,285.0,H,28,Sochi,Renault
47,51,OCO,48,0,7,7,4,0,62,38.6,27.8,0.0,1.2,56.0,1013.1,254.0,H,29,Sochi,Renault
48,51,OCO,49,0,7,7,4,0,62,38.7,28.1,0.0,1.6,54.9,1013.1,218.0,H,30,Sochi,Renault
49,51,OCO,50,0,7,7,4,0,62,38.7,28.0,0.0,1.8,55.5,1013.1,248.0,H,31,Sochi,Renault
50,51,OCO,51,0,7,7,4,0,62,38.7,28.0,0.0,1.7,55.8,1013.1,243.0,H,32,Sochi,Renault
51,51,OCO,52,0,7,7,4,0,62,38.0,28.4,0.0,1.4,54.9,1013.2,241.0,H,33,Sochi,Renault
52,51,OCO,53,1,7,7,4,0,62,38.2,28.3,0.0,1.8,55.2,1013.1,241.0,H,34,Sochi,Renault
0,51,NOR,1,2,18,18,18,0,39,41.1,30.4,0.0,0.5,46.0,1012.5,34.0,S,3,Sochi,McLaren
1,51,NOR,2,2,18,18,18,0,47,41.1,30.2,0.0,0.9,46.5,1012.6,61.0,H,0,Sochi,McLaren
2,51,NOR,3,2,18,18,18,0,43,40.7,30.3,0.0,0.7,46.2,1012.6,320.0,H,1,Sochi,McLaren
3,51,NOR,4,2,18,18,18,0,43,40.7,30.4,0.0,0.0,45.7,1012.6,46.0,H,2,Sochi,McLaren
4,51,NOR,5,2,18,18,18,0,44,40.8,30.4,0.0,0.9,45.3,1012.6,25.0,H,3,Sochi,McLaren
5,51,NOR,6,0,18,17,18,0,47,40.5,30.5,0.0,0.7,45.0,1012.7,11.0,H,4,Sochi,McLaren
6,51,NOR,7,0,17,17,18,0,48,40.3,30.4,0.0,0.5,45.9,1012.8,56.0,H,5,Sochi,McLaren
7,51,NOR,8,0,17,17,18,0,49,40.3,30.5,0.0,0.5,45.8,1012.8,0.0,H,6,Sochi,McLaren
8,51,NOR,9,0,17,17,18,0,49,40.4,30.5,0.0,0.0,46.2,1012.8,0.0,H,7,Sochi,McLaren
9,51,NOR,10,0,17,16,18,0,49,39.9,29.8,0.0,2.3,46.8,1012.8,248.0,H,8,Sochi,McLaren
10,51,NOR,11,0,16,18,18,0,50,40.0,28.9,0.0,2.3,50.1,1012.8,269.0,H,9,Sochi,McLaren
11,51,NOR,12,0,18,18,18,0,50,40.7,29.0,0.0,1.6,49.4,1012.8,299.0,H,10,Sochi,McLaren
12,51,NOR,13,0,18,17,18,0,51,40.9,28.9,0.0,2.1,50.2,1012.9,273.0,H,11,Sochi,McLaren
13,51,NOR,14,0,17,17,18,0,52,40.9,29.0,0.0,1.2,50.2,1012.9,265.0,H,12,Sochi,McLaren
14,51,NOR,15,0,17,17,18,0,52,41.1,28.9,0.0,2.3,50.7,1012.9,250.0,H,13,Sochi,McLaren
15,51,NOR,16,0,17,16,18,0,53,41.0,28.7,0.0,2.3,51.3,1013.0,242.0,H,14,Sochi,McLaren
16,51,NOR,17,0,16,15,18,0,53,40.7,28.2,0.0,2.8,52.8,1012.9,271.0,H,15,Sochi,McLaren
17,51,NOR,18,0,15,14,18,0,54,40.8,28.0,0.0,2.6,53.6,1013.0,300.0,H,16,Sochi,McLaren
18,51,NOR,19,0,14,14,18,0,54,40.7,28.0,0.0,1.7,53.2,1013.0,291.0,H,17,Sochi,McLaren
19,51,NOR,20,0,14,13,18,0,55,40.7,28.3,0.0,1.3,53.3,1012.9,277.0,H,18,Sochi,McLaren
20,51,NOR,21,0,13,13,18,0,55,41.4,28.5,0.0,1.2,52.8,1012.9,314.0,H,19,Sochi,McLaren
21,51,NOR,22,0,13,13,18,0,56,40.6,28.3,0.0,1.0,52.8,1013.0,0.0,H,20,Sochi,McLaren
22,51,NOR,23,0,13,13,18,0,56,41.2,28.3,0.0,1.8,52.0,1012.9,317.0,H,21,Sochi,McLaren
23,51,NOR,24,0,13,13,18,0,56,40.8,28.6,0.0,0.9,52.2,1012.9,346.0,H,22,Sochi,McLaren
24,51,NOR,25,0,13,13,18,0,57,40.7,28.8,0.0,0.4,51.9,1013.0,266.0,H,23,Sochi,McLaren
25,51,NOR,26,0,13,13,18,0,57,40.6,28.8,0.0,1.3,50.6,1013.0,294.0,H,24,Sochi,McLaren
26,51,NOR,27,0,13,12,18,0,57,41.0,29.2,0.0,0.5,49.4,1013.0,297.0,H,25,Sochi,McLaren
27,51,NOR,28,0,12,12,18,0,58,39.8,28.7,0.0,2.5,50.4,1013.1,300.0,H,26,Sochi,McLaren
28,51,NOR,29,0,12,12,18,0,58,39.6,28.8,0.0,1.5,51.4,1013.1,241.0,H,27,Sochi,McLaren
29,51,NOR,30,0,12,12,18,0,58,39.6,28.6,0.0,2.5,51.3,1013.1,254.0,H,28,Sochi,McLaren
30,51,NOR,31,0,12,11,18,0,59,39.4,28.3,0.0,2.3,52.5,1013.2,255.0,H,29,Sochi,McLaren
31,51,NOR,32,0,11,11,18,0,59,39.4,28.1,0.0,2.2,53.1,1013.0,272.0,H,30,Sochi,McLaren
32,51,NOR,33,0,11,11,18,0,59,39.3,28.0,0.0,1.9,53.2,1013.0,256.0,H,31,Sochi,McLaren
33,51,NOR,34,0,11,11,18,0,59,39.8,28.2,0.0,2.2,52.6,1013.1,249.0,H,32,Sochi,McLaren
34,51,NOR,35,0,11,10,18,0,60,39.8,28.3,0.0,2.2,52.0,1013.1,240.0,H,33,Sochi,McLaren
35,51,NOR,36,0,10,10,18,0,60,39.2,27.6,0.0,1.9,54.8,1013.1,257.0,H,34,Sochi,McLaren
36,51,NOR,37,0,10,10,18,0,60,40.2,28.3,0.0,2.5,53.3,1013.1,276.0,H,35,Sochi,McLaren
37,51,NOR,38,0,10,10,18,0,60,39.5,28.1,0.0,2.1,54.5,1013.1,247.0,H,36,Sochi,McLaren
38,51,NOR,39,0,10,10,18,0,61,39.6,28.4,0.0,2.2,52.9,1013.1,264.0,H,37,Sochi,McLaren
39,51,NOR,40,0,10,10,18,0,61,39.6,28.1,0.0,1.5,54.4,1013.1,261.0,H,38,Sochi,McLaren
40,51,NOR,41,0,10,10,18,0,61,39.5,28.1,0.0,2.1,53.9,1013.1,261.0,H,39,Sochi,McLaren
41,51,NOR,42,0,10,10,18,0,62,38.7,27.7,0.0,2.4,55.8,1013.1,316.0,H,40,Sochi,McLaren
42,51,NOR,43,2,10,9,18,0,62,39.0,27.8,0.0,1.3,55.7,1013.1,0.0,H,41,Sochi,McLaren
43,51,NOR,44,0,9,9,18,0,62,39.1,28.5,0.0,1.3,53.4,1013.1,353.0,H,42,Sochi,McLaren
44,51,NOR,45,0,9,9,18,0,62,39.1,28.3,0.0,1.5,53.9,1013.2,285.0,H,43,Sochi,McLaren
45,51,NOR,46,0,9,9,18,0,62,38.6,28.0,0.0,1.5,54.8,1013.1,258.0,H,44,Sochi,McLaren
46,51,NOR,47,0,9,14,18,0,63,38.6,27.8,0.0,2.3,55.6,1013.1,287.0,H,45,Sochi,McLaren
47,51,NOR,48,0,14,15,18,0,63,38.5,28.0,0.0,1.6,55.6,1013.1,244.0,M,0,Sochi,McLaren
48,51,NOR,49,0,15,15,18,0,63,38.7,28.0,0.0,1.8,55.5,1013.1,248.0,M,1,Sochi,McLaren
49,51,NOR,50,0,15,15,18,0,63,38.2,28.2,0.0,1.5,55.5,1013.1,236.0,M,2,Sochi,McLaren
50,51,NOR,51,0,15,15,18,0,63,38.0,28.4,0.0,1.4,54.9,1013.2,241.0,M,3,Sochi,McLaren
51,51,NOR,52,0,15,15,18,0,63,38.2,28.3,0.0,1.8,55.2,1013.1,241.0,M,4,Sochi,McLaren
0,51,GAS,1,2,7,7,7,0,77,41.1,30.4,0.0,0.5,46.0,1012.5,34.0,S,3,Sochi,AlphaTauri
1,51,GAS,2,2,7,7,7,0,77,40.7,30.3,0.0,0.7,46.2,1012.6,320.0,S,4,Sochi,AlphaTauri
2,51,GAS,3,2,7,7,7,0,75,40.7,30.4,0.0,0.0,45.7,1012.6,46.0,S,5,Sochi,AlphaTauri
3,51,GAS,4,2,7,7,7,0,77,40.8,30.4,0.0,0.4,45.6,1012.7,0.0,S,6,Sochi,AlphaTauri
4,51,GAS,5,2,7,7,7,0,77,40.8,30.4,0.0,0.9,45.3,1012.6,25.0,S,7,Sochi,AlphaTauri
5,51,GAS,6,0,7,7,7,0,79,40.5,30.4,0.0,0.7,45.4,1012.8,317.0,S,8,Sochi,AlphaTauri
6,51,GAS,7,0,7,7,7,0,80,40.3,30.5,0.0,0.5,45.8,1012.8,0.0,S,9,Sochi,AlphaTauri
7,51,GAS,8,0,7,7,7,0,81,40.4,30.5,0.0,0.4,45.6,1012.7,0.0,S,10,Sochi,AlphaTauri
8,51,GAS,9,0,7,7,7,0,82,39.9,30.3,0.0,0.8,46.3,1012.8,135.0,S,11,Sochi,AlphaTauri
9,51,GAS,10,0,7,7,7,0,82,40.1,30.2,0.0,0.7,46.5,1012.8,136.0,S,12,Sochi,AlphaTauri
10,51,GAS,11,0,7,7,7,0,83,39.9,30.1,0.0,0.7,46.5,1012.8,260.0,S,13,Sochi,AlphaTauri
11,51,GAS,12,0,7,7,7,0,83,39.9,29.8,0.0,2.3,46.8,1012.8,248.0,S,14,Sochi,AlphaTauri
12,51,GAS,13,0,7,7,7,0,84,40.2,29.0,0.0,1.6,49.8,1012.9,278.0,S,15,Sochi,AlphaTauri
13,51,GAS,14,0,7,7,7,0,84,40.7,29.0,0.0,1.6,49.4,1012.8,299.0,S,16,Sochi,AlphaTauri
14,51,GAS,15,0,7,6,7,0,85,40.9,28.9,0.0,2.1,49.5,1012.9,233.0,S,17,Sochi,AlphaTauri
15,51,GAS,16,0,6,6,7,0,85,41.1,28.9,0.0,2.3,50.7,1012.9,250.0,S,18,Sochi,AlphaTauri
16,51,GAS,17,0,6,5,7,0,85,40.8,28.0,0.0,2.6,53.6,1013.0,300.0,S,19,Sochi,AlphaTauri
17,51,GAS,18,0,5,7,7,0,85,40.5,27.9,0.0,2.1,53.9,1012.9,256.0,S,20,Sochi,AlphaTauri
18,51,GAS,19,0,7,13,7,0,86,40.7,28.0,0.0,1.7,53.2,1013.0,291.0,H,0,Sochi,AlphaTauri
19,51,GAS,20,0,13,12,7,0,86,41.4,28.2,0.0,1.8,52.2,1013.0,323.0,H,1,Sochi,AlphaTauri
20,51,GAS,21,0,12,12,7,0,86,40.8,28.4,0.0,2.2,52.2,1013.0,296.0,H,2,Sochi,AlphaTauri
21,51,GAS,22,0,12,12,7,0,86,40.9,28.9,0.0,0.6,50.9,1012.9,279.0,H,3,Sochi,AlphaTauri
22,51,GAS,23,0,12,12,7,0,86,40.8,28.7,0.0,1.6,51.1,1013.0,258.0,H,4,Sochi,AlphaTauri
23,51,GAS,24,0,12,12,7,0,87,40.6,28.5,0.0,1.3,52.4,1012.9,195.0,H,5,Sochi,AlphaTauri
24,51,GAS,25,0,12,12,7,0,87,40.3,28.7,0.0,0.8,51.5,1012.9,260.0,H,6,Sochi,AlphaTauri
25,51,GAS,26,0,12,12,7,0,87,40.6,28.9,0.0,0.8,50.5,1012.9,314.0,H,7,Sochi,AlphaTauri
26,51,GAS,27,0,12,11,7,0,87,40.6,28.8,0.0,1.3,50.6,1013.0,294.0,H,8,Sochi,AlphaTauri
27,51,GAS,28,0,11,11,7,0,87,40.2,29.1,0.0,1.6,49.0,1013.0,294.0,H,9,Sochi,AlphaTauri
28,51,GAS,29,0,11,11,7,0,87,39.8,28.7,0.0,2.5,50.4,1013.1,300.0,H,10,Sochi,AlphaTauri
29,51,GAS,30,0,11,10,7,0,87,39.4,28.3,0.0,2.3,52.5,1013.2,255.0,H,11,Sochi,AlphaTauri
30,51,GAS,31,0,10,10,7,0,87,39.7,28.2,0.0,2.6,52.6,1013.2,240.0,H,12,Sochi,AlphaTauri
31,51,GAS,32,0,10,10,7,0,87,39.8,28.2,0.0,2.2,52.6,1013.1,249.0,H,13,Sochi,AlphaTauri
32,51,GAS,33,0,10,10,7,0,87,39.8,28.3,0.0,2.2,52.0,1013.1,240.0,H,14,Sochi,AlphaTauri
33,51,GAS,34,0,10,9,7,0,87,39.6,28.1,0.0,2.7,53.4,1013.2,267.0,H,15,Sochi,AlphaTauri
34,51,GAS,35,0,9,9,7,0,87,39.3,27.8,0.0,3.2,53.8,1013.1,252.0,H,16,Sochi,AlphaTauri
35,51,GAS,36,0,9,9,7,0,87,40.2,28.2,0.0,2.0,54.0,1013.1,305.0,H,17,Sochi,AlphaTauri
36,51,GAS,37,0,9,9,7,0,88,39.5,28.1,0.0,2.1,54.5,1013.1,247.0,H,18,Sochi,AlphaTauri
37,51,GAS,38,0,9,9,7,0,88,39.7,28.4,0.0,1.8,53.7,1013.2,243.0,H,19,Sochi,AlphaTauri
38,51,GAS,39,0,9,9,7,0,88,39.7,28.5,0.0,1.4,53.4,1013.1,244.0,H,20,Sochi,AlphaTauri
39,51,GAS,40,0,9,9,7,0,88,39.6,28.4,0.0,2.2,52.9,1013.1,264.0,H,21,Sochi,AlphaTauri
40,51,GAS,41,0,9,9,7,0,88,39.6,28.1,0.0,1.5,54.4,1013.1,261.0,H,22,Sochi,AlphaTauri
41,51,GAS,42,0,9,9,7,0,88,39.5,28.1,0.0,2.1,53.9,1013.1,261.0,H,23,Sochi,AlphaTauri
42,51,GAS,43,2,9,11,7,0,88,39.5,28.0,0.0,2.1,55.0,1013.1,263.0,M,0,Sochi,AlphaTauri
43,51,GAS,44,0,11,11,7,0,88,39.0,27.8,0.0,2.4,55.6,1013.1,271.0,M,1,Sochi,AlphaTauri
44,51,GAS,45,0,11,10,7,0,88,38.7,27.7,0.0,2.4,55.8,1013.1,316.0,M,2,Sochi,AlphaTauri
45,51,GAS,46,0,10,10,7,0,88,38.8,27.7,0.0,1.9,55.6,1013.1,298.0,M,3,Sochi,AlphaTauri
46,51,GAS,47,0,10,9,7,0,88,38.8,28.1,0.0,0.4,54.8,1013.1,38.0,M,4,Sochi,AlphaTauri
47,51,GAS,48,0,9,9,7,0,88,39.1,28.4,0.0,1.2,53.8,1013.1,277.0,M,5,Sochi,AlphaTauri
48,51,GAS,49,0,9,9,7,0,88,38.6,27.8,0.0,2.3,55.6,1013.1,287.0,M,6,Sochi,AlphaTauri
49,51,GAS,50,0,9,9,7,0,88,38.5,28.0,0.0,1.6,55.6,1013.1,244.0,M,7,Sochi,AlphaTauri
50,51,GAS,51,0,9,9,7,0,88,38.0,28.4,0.0,1.4,54.9,1013.2,241.0,M,8,Sochi,AlphaTauri
51,51,GAS,52,0,9,9,7,0,88,38.2,28.3,0.0,1.8,55.2,1013.1,241.0,M,9,Sochi,AlphaTauri
52,51,GAS,53,1,9,9,7,0,88,37.6,27.9,0.0,2.1,56.5,1013.2,244.0,M,10,Sochi,AlphaTauri
0,51,LEC,1,2,8,8,8,0,49,41.0,30.3,0.0,0.5,45.9,1012.5,46.0,M,0,Sochi,Ferrari
1,51,LEC,2,2,8,8,8,0,47,41.1,30.4,0.0,0.5,46.0,1012.5,34.0,M,1,Sochi,Ferrari
2,51,LEC,3,2,8,8,8,0,46,41.1,30.2,0.0,0.9,46.5,1012.6,61.0,M,2,Sochi,Ferrari
3,51,LEC,4,2,8,8,8,0,46,40.8,30.4,0.0,0.9,45.3,1012.6,25.0,M,3,Sochi,Ferrari
4,51,LEC,5,2,8,8,8,0,48,40.5,30.5,0.0,0.7,45.0,1012.7,11.0,M,4,Sochi,Ferrari
5,51,LEC,6,0,8,8,8,0,53,40.5,30.4,0.0,0.7,45.4,1012.8,317.0,M,5,Sochi,Ferrari
6,51,LEC,7,0,8,8,8,0,57,40.1,30.2,0.0,0.7,46.5,1012.8,136.0,M,6,Sochi,Ferrari
7,51,LEC,8,0,8,8,8,0,59,39.9,30.1,0.0,0.7,46.5,1012.8,260.0,M,7,Sochi,Ferrari
8,51,LEC,9,0,8,8,8,0,60,40.0,28.9,0.0,2.3,50.1,1012.8,269.0,M,8,Sochi,Ferrari
9,51,LEC,10,0,8,8,8,0,62,40.9,28.9,0.0,2.1,49.5,1012.9,233.0,M,9,Sochi,Ferrari
10,51,LEC,11,0,8,8,8,0,64,41.1,28.9,0.0,2.3,50.7,1012.9,250.0,M,10,Sochi,Ferrari
11,51,LEC,12,0,8,8,8,0,66,40.7,28.5,0.0,2.8,51.9,1012.9,249.0,M,11,Sochi,Ferrari
12,51,LEC,13,0,8,8,8,0,68,40.7,28.2,0.0,2.8,52.8,1012.9,271.0,M,12,Sochi,Ferrari
13,51,LEC,14,0,8,8,8,0,69,40.8,28.0,0.0,2.6,53.6,1013.0,300.0,M,13,Sochi,Ferrari
14,51,LEC,15,0,8,7,8,0,69,40.5,27.9,0.0,2.1,53.9,1012.9,256.0,M,14,Sochi,Ferrari
15,51,LEC,16,0,7,7,8,0,71,40.8,27.9,0.0,1.1,53.7,1012.9,282.0,M,15,Sochi,Ferrari
16,51,LEC,17,0,7,6,8,0,72,40.7,28.0,0.0,1.7,53.2,1013.0,291.0,M,16,Sochi,Ferrari
17,51,LEC,18,0,6,5,8,0,73,40.7,28.3,0.0,1.3,53.3,1012.9,277.0,M,17,Sochi,Ferrari
18,51,LEC,19,0,5,4,8,0,73,41.4,28.5,0.0,1.2,52.8,1012.9,314.0,M,18,Sochi,Ferrari
19,51,LEC,20,0,4,4,8,0,74,41.2,28.3,0.0,1.8,52.0,1012.9,317.0,M,19,Sochi,Ferrari
20,51,LEC,21,0,4,3,8,0,75,40.8,28.5,0.0,0.6,52.2,1012.9,297.0,M,20,Sochi,Ferrari
21,51,LEC,22,0,3,3,8,0,75,40.8,28.6,0.0,0.9,52.2,1012.9,346.0,M,21,Sochi,Ferrari
22,51,LEC,23,0,3,3,8,0,76,40.7,28.8,0.0,0.4,51.9,1013.0,266.0,M,22,Sochi,Ferrari
23,51,LEC,24,0,3,3,8,0,76,40.8,28.7,0.0,1.6,51.1,1013.0,258.0,M,23,Sochi,Ferrari
24,51,LEC,25,0,3,3,8,0,76,40.3,28.7,0.0,0.8,51.5,1012.9,260.0,M,24,Sochi,Ferrari
25,51,LEC,26,0,3,2,8,0,76,40.6,28.9,0.0,0.8,50.5,1012.9,314.0,M,25,Sochi,Ferrari
26,51,LEC,27,0,2,2,8,0,77,40.6,28.8,0.0,1.4,51.0,1013.0,288.0,M,26,Sochi,Ferrari
27,51,LEC,28,0,2,3,8,0,77,40.6,28.8,0.0,1.3,50.6,1013.0,294.0,M,27,Sochi,Ferrari
28,51,LEC,29,0,3,7,8,0,77,41.0,29.0,0.0,0.7,50.1,1013.0,310.0,H,0,Sochi,Ferrari
29,51,LEC,30,0,7,7,8,0,78,40.2,29.1,0.0,1.6,49.0,1013.0,294.0,H,1,Sochi,Ferrari
30,51,LEC,31,0,7,6,8,0,78,39.4,28.1,0.0,2.2,53.1,1013.0,272.0,H,2,Sochi,Ferrari
31,51,LEC,32,0,6,6,8,0,78,39.8,28.2,0.0,2.2,52.6,1013.1,249.0,H,3,Sochi,Ferrari
32,51,LEC,33,0,6,6,8,0,78,39.2,27.7,0.0,2.8,54.5,1013.1,279.0,H,4,Sochi,Ferrari
33,51,LEC,34,0,6,6,8,0,79,39.2,27.6,0.0,1.9,54.8,1013.1,257.0,H,5,Sochi,Ferrari
34,51,LEC,35,0,6,6,8,0,79,39.6,28.0,0.0,1.9,53.9,1013.1,247.0,H,6,Sochi,Ferrari
35,51,LEC,36,0,6,6,8,0,79,40.2,28.3,0.0,2.5,53.3,1013.1,276.0,H,7,Sochi,Ferrari
36,51,LEC,37,0,6,6,8,0,79,40.2,28.2,0.0,2.0,54.0,1013.1,305.0,H,8,Sochi,Ferrari
37,51,LEC,38,0,6,6,8,0,80,39.5,28.1,0.0,2.1,54.5,1013.1,247.0,H,9,Sochi,Ferrari
38,51,LEC,39,0,6,6,8,0,80,39.7,28.3,0.0,1.5,53.5,1013.2,228.0,H,10,Sochi,Ferrari
39,51,LEC,40,0,6,6,8,0,80,39.7,28.4,0.0,1.8,53.7,1013.2,243.0,H,11,Sochi,Ferrari
40,51,LEC,41,0,6,6,8,0,80,39.7,28.5,0.0,1.4,53.4,1013.1,244.0,H,12,Sochi,Ferrari
41,51,LEC,42,0,6,6,8,0,80,39.6,28.4,0.0,2.2,52.9,1013.1,264.0,H,13,Sochi,Ferrari
42,51,LEC,43,2,6,6,8,0,80,39.6,28.1,0.0,1.5,54.4,1013.1,261.0,H,14,Sochi,Ferrari
43,51,LEC,44,0,6,6,8,0,80,39.0,27.8,0.0,2.4,55.6,1013.1,271.0,H,15,Sochi,Ferrari
44,51,LEC,45,0,6,6,8,0,80,38.8,27.7,0.0,1.9,55.6,1013.1,298.0,H,16,Sochi,Ferrari
45,51,LEC,46,0,6,6,8,0,81,38.8,28.1,0.0,0.4,54.8,1013.1,38.0,H,17,Sochi,Ferrari
46,51,LEC,47,0,6,6,8,0,81,39.1,28.4,0.0,1.2,53.8,1013.1,277.0,H,18,Sochi,Ferrari
47,51,LEC,48,0,6,6,8,0,81,39.1,28.3,0.0,1.5,53.9,1013.2,285.0,H,19,Sochi,Ferrari
48,51,LEC,49,0,6,6,8,0,81,38.6,28.0,0.0,1.5,54.8,1013.1,258.0,H,20,Sochi,Ferrari
49,51,LEC,50,0,6,6,8,0,81,38.6,27.8,0.0,1.2,56.0,1013.1,254.0,H,21,Sochi,Ferrari
50,51,LEC,51,0,6,6,8,0,81,38.5,28.0,0.0,1.6,55.6,1013.1,244.0,H,22,Sochi,Ferrari
51,51,LEC,52,0,6,6,8,0,81,38.2,28.2,0.0,1.5,55.5,1013.1,236.0,H,23,Sochi,Ferrari
52,51,LEC,53,1,6,6,8,0,81,38.2,28.3,0.0,1.8,55.2,1013.1,241.0,H,24,Sochi,Ferrari
0,51,KVY,1,2,11,11,11,0,46,41.0,30.3,0.0,0.5,45.9,1012.5,46.0,H,0,Sochi,AlphaTauri
1,51,KVY,2,2,11,11,11,0,44,41.1,30.2,0.0,0.9,46.5,1012.6,61.0,H,1,Sochi,AlphaTauri
2,51,KVY,3,2,11,11,11,0,44,40.7,30.3,0.0,0.7,46.2,1012.6,320.0,H,2,Sochi,AlphaTauri
3,51,KVY,4,2,11,11,11,0,44,40.8,30.4,0.0,0.9,45.3,1012.6,25.0,H,3,Sochi,AlphaTauri
4,51,KVY,5,2,11,11,11,0,45,40.5,30.4,0.0,0.7,45.4,1012.8,317.0,H,4,Sochi,AlphaTauri
5,51,KVY,6,0,11,11,11,0,47,40.4,30.5,0.0,0.0,46.2,1012.8,0.0,H,5,Sochi,AlphaTauri
6,51,KVY,7,0,11,11,11,0,49,39.9,30.3,0.0,0.8,46.3,1012.8,135.0,H,6,Sochi,AlphaTauri
7,51,KVY,8,0,11,10,11,0,49,40.1,30.2,0.0,0.7,46.5,1012.8,136.0,H,7,Sochi,AlphaTauri
8,51,KVY,9,0,10,10,11,0,50,39.9,30.1,0.0,0.7,46.5,1012.8,260.0,H,8,Sochi,AlphaTauri
9,51,KVY,10,0,10,10,11,0,50,40.0,28.9,0.0,2.3,50.1,1012.8,269.0,H,9,Sochi,AlphaTauri
10,51,KVY,11,0,10,10,11,0,51,40.2,29.0,0.0,1.6,49.8,1012.9,278.0,H,10,Sochi,AlphaTauri
11,51,KVY,12,0,10,10,11,0,52,40.9,28.9,0.0,2.1,49.5,1012.9,233.0,H,11,Sochi,AlphaTauri
12,51,KVY,13,0,10,9,11,0,53,41.0,28.7,0.0,2.3,51.3,1013.0,242.0,H,12,Sochi,AlphaTauri
13,51,KVY,14,0,9,9,11,0,53,40.6,28.7,0.0,2.1,51.5,1013.0,276.0,H,13,Sochi,AlphaTauri
14,51,KVY,15,0,9,9,11,0,54,40.8,28.0,0.0,2.6,53.6,1013.0,300.0,H,14,Sochi,AlphaTauri
15,51,KVY,16,0,9,8,11,0,54,40.8,27.9,0.0,1.1,53.7,1012.9,282.0,H,15,Sochi,AlphaTauri
16,51,KVY,17,0,8,7,11,0,55,40.7,28.0,0.0,1.7,53.2,1013.0,291.0,H,16,Sochi,AlphaTauri
17,51,KVY,18,0,7,6,11,0,56,40.7,28.3,0.0,1.3,53.3,1012.9,277.0,H,17,Sochi,AlphaTauri
18,51,KVY,19,0,6,5,11,0,56,41.4,28.2,0.0,1.8,52.2,1013.0,323.0,H,18,Sochi,AlphaTauri
19,51,KVY,20,0,5,5,11,0,56,40.6,28.5,0.0,0.0,50.6,1012.9,283.0,H,19,Sochi,AlphaTauri
20,51,KVY,21,0,5,4,11,0,57,40.8,28.6,0.0,0.9,52.2,1012.9,346.0,H,20,Sochi,AlphaTauri
21,51,KVY,22,0,4,4,11,0,57,40.8,28.7,0.0,1.6,51.1,1013.0,258.0,H,21,Sochi,AlphaTauri
22,51,KVY,23,0,4,4,11,0,58,40.6,28.9,0.0,0.8,50.5,1012.9,314.0,H,22,Sochi,AlphaTauri
23,51,KVY,24,0,4,4,11,0,58,40.6,28.8,0.0,1.4,51.0,1013.0,288.0,H,23,Sochi,AlphaTauri
24,51,KVY,25,0,4,4,11,0,58,40.6,28.8,0.0,1.3,50.6,1013.0,294.0,H,24,Sochi,AlphaTauri
25,51,KVY,26,0,4,3,11,0,59,41.0,29.0,0.0,0.7,50.1,1013.0,310.0,H,25,Sochi,AlphaTauri
26,51,KVY,27,0,3,4,11,0,59,39.8,28.7,0.0,2.5,50.4,1013.1,300.0,H,26,Sochi,AlphaTauri
27,51,KVY,28,0,4,4,11,0,59,39.8,28.8,0.0,1.2,50.2,1013.0,262.0,H,27,Sochi,AlphaTauri
28,51,KVY,29,0,4,3,11,0,60,39.6,28.6,0.0,2.5,51.3,1013.1,254.0,H,28,Sochi,AlphaTauri
29,51,KVY,30,0,3,4,11,0,60,39.3,28.0,0.0,1.9,53.2,1013.0,256.0,H,29,Sochi,AlphaTauri
30,51,KVY,31,0,4,8,11,0,60,39.7,28.2,0.0,2.6,52.6,1013.2,240.0,M,0,Sochi,AlphaTauri
31,51,KVY,32,0,8,8,11,0,61,39.8,28.3,0.0,2.2,52.0,1013.1,240.0,M,1,Sochi,AlphaTauri
32,51,KVY,33,0,8,8,11,0,61,39.6,28.1,0.0,2.7,53.4,1013.2,267.0,M,2,Sochi,AlphaTauri
33,51,KVY,34,0,8,8,11,0,61,39.2,27.7,0.0,2.8,54.5,1013.1,279.0,M,3,Sochi,AlphaTauri
34,51,KVY,35,0,8,8,11,0,62,39.2,27.6,0.0,1.9,54.8,1013.1,257.0,M,4,Sochi,AlphaTauri
35,51,KVY,36,0,8,8,11,0,62,39.8,28.3,0.0,2.4,53.3,1013.1,263.0,M,5,Sochi,AlphaTauri
36,51,KVY,37,0,8,8,11,0,62,40.2,28.2,0.0,2.0,54.0,1013.1,305.0,M,6,Sochi,AlphaTauri
37,51,KVY,38,0,8,8,11,0,62,39.7,28.3,0.0,1.5,53.5,1013.2,228.0,M,7,Sochi,AlphaTauri
38,51,KVY,39,0,8,8,11,0,62,39.7,28.4,0.0,1.8,53.7,1013.2,243.0,M,8,Sochi,AlphaTauri
39,51,KVY,40,0,8,8,11,0,63,39.7,28.5,0.0,1.4,53.4,1013.1,244.0,M,9,Sochi,AlphaTauri
40,51,KVY,41,0,8,8,11,0,63,39.6,28.1,0.0,1.5,54.4,1013.1,261.0,M,10,Sochi,AlphaTauri
41,51,KVY,42,0,8,8,11,0,63,39.5,28.0,0.0,2.1,55.0,1013.1,263.0,M,11,Sochi,AlphaTauri
42,51,KVY,43,2,8,8,11,0,63,38.8,27.7,0.0,1.9,55.6,1013.1,298.0,M,12,Sochi,AlphaTauri
43,51,KVY,44,0,8,8,11,0,63,39.0,27.8,0.0,1.3,55.7,1013.1,0.0,M,13,Sochi,AlphaTauri
44,51,KVY,45,0,8,8,11,0,64,38.8,28.1,0.0,0.4,54.8,1013.1,38.0,M,14,Sochi,AlphaTauri
45,51,KVY,46,0,8,8,11,0,64,39.1,28.5,0.0,1.3,53.4,1013.1,353.0,M,15,Sochi,AlphaTauri
46,51,KVY,47,0,8,8,11,0,64,39.1,28.4,0.0,1.2,53.8,1013.1,277.0,M,16,Sochi,AlphaTauri
47,51,KVY,48,0,8,8,11,0,64,39.1,28.3,0.0,1.5,53.9,1013.2,285.0,M,17,Sochi,AlphaTauri
48,51,KVY,49,0,8,8,11,0,64,38.6,27.8,0.0,1.2,56.0,1013.1,254.0,M,18,Sochi,AlphaTauri
49,51,KVY,50,0,8,8,11,0,64,38.7,28.1,0.0,1.6,54.9,1013.1,218.0,M,19,Sochi,AlphaTauri
50,51,KVY,51,0,8,8,11,0,64,38.2,28.2,0.0,1.5,55.5,1013.1,236.0,M,20,Sochi,AlphaTauri
51,51,KVY,52,0,8,8,11,0,65,38.0,28.4,0.0,1.4,54.9,1013.2,241.0,M,21,Sochi,AlphaTauri
52,51,KVY,53,1,8,8,11,0,65,38.2,28.3,0.0,1.8,55.2,1013.1,241.0,M,22,Sochi,AlphaTauri
0,51,RUS,1,2,16,16,16,0,50,41.0,30.3,0.0,0.5,45.9,1012.5,46.0,M,0,Sochi,Williams
1,51,RUS,2,2,16,16,16,0,52,41.1,30.2,0.0,0.9,46.5,1012.6,61.0,H,0,Sochi,Williams
2,51,RUS,3,2,16,16,16,0,50,40.7,30.3,0.0,0.7,46.2,1012.6,320.0,H,1,Sochi,Williams
3,51,RUS,4,2,16,16,16,0,48,40.7,30.4,0.0,0.0,45.7,1012.6,46.0,H,2,Sochi,Williams
4,51,RUS,5,2,16,16,16,0,47,40.8,30.4,0.0,0.9,45.3,1012.6,25.0,H,3,Sochi,Williams
5,51,RUS,6,0,16,16,16,0,48,40.5,30.5,0.0,0.7,45.0,1012.7,11.0,H,4,Sochi,Williams
6,51,RUS,7,0,16,16,16,0,50,40.5,30.4,0.0,0.7,45.4,1012.8,317.0,H,5,Sochi,Williams
7,51,RUS,8,0,16,16,16,0,50,40.3,30.4,0.0,0.5,45.9,1012.8,56.0,H,6,Sochi,Williams
8,51,RUS,9,0,16,16,16,0,50,40.4,30.5,0.0,0.0,46.2,1012.8,0.0,H,7,Sochi,Williams
9,51,RUS,10,0,16,17,16,0,50,40.0,29.3,0.0,3.0,49.5,1012.8,256.0,H,8,Sochi,Williams
10,51,RUS,11,0,17,16,16,0,51,40.0,28.9,0.0,2.3,50.1,1012.8,269.0,H,9,Sochi,Williams
11,51,RUS,12,0,16,17,16,0,52,40.2,28.9,0.0,2.1,50.6,1012.9,252.0,H,10,Sochi,Williams
12,51,RUS,13,0,17,18,16,0,53,40.7,29.0,0.0,1.6,49.4,1012.8,299.0,H,11,Sochi,Williams
13,51,RUS,14,0,18,18,16,0,53,40.9,28.9,0.0,2.1,49.5,1012.9,233.0,H,12,Sochi,Williams
14,51,RUS,15,0,18,18,16,0,54,40.9,29.0,0.0,1.2,50.2,1012.9,265.0,M,2,Sochi,Williams
15,51,RUS,16,0,18,18,16,0,55,41.1,28.9,0.0,2.3,50.7,1012.9,250.0,M,3,Sochi,Williams
16,51,RUS,17,0,18,18,16,0,55,41.0,28.7,0.0,2.3,51.3,1013.0,242.0,M,4,Sochi,Williams
17,51,RUS,18,0,18,18,16,0,56,40.6,28.7,0.0,2.1,51.5,1013.0,276.0,M,5,Sochi,Williams
18,51,RUS,19,0,18,18,16,0,56,40.7,28.5,0.0,2.8,51.9,1012.9,249.0,M,6,Sochi,Williams
19,51,RUS,20,0,18,18,16,0,57,40.8,28.0,0.0,2.6,53.6,1013.0,300.0,M,7,Sochi,Williams
20,51,RUS,21,0,18,18,16,0,57,40.5,27.9,0.0,2.1,53.9,1012.9,256.0,M,8,Sochi,Williams
21,51,RUS,22,0,18,18,16,0,58,40.8,27.9,0.0,1.1,53.7,1012.9,282.0,M,9,Sochi,Williams
22,51,RUS,23,0,18,18,16,0,58,40.6,28.3,0.0,1.0,52.8,1013.0,0.0,M,10,Sochi,Williams
23,51,RUS,24,0,18,18,16,0,59,41.2,28.3,0.0,1.8,52.0,1012.9,317.0,M,11,Sochi,Williams
24,51,RUS,25,0,18,18,16,0,59,41.2,28.4,0.0,0.5,52.0,1012.9,0.0,M,12,Sochi,Williams
25,51,RUS,26,0,18,18,16,0,59,40.8,28.5,0.0,0.6,52.2,1012.9,297.0,M,13,Sochi,Williams
26,51,RUS,27,0,18,18,16,0,60,40.8,28.6,0.0,0.9,52.2,1012.9,346.0,M,14,Sochi,Williams
27,51,RUS,28,0,18,18,16,0,60,40.6,28.8,0.0,1.4,51.0,1013.0,288.0,M,15,Sochi,Williams
28,51,RUS,29,0,18,18,16,0,60,41.0,29.0,0.0,0.7,50.1,1013.0,310.0,M,16,Sochi,Williams
29,51,RUS,30,0,18,18,16,0,61,41.0,29.2,0.0,0.5,49.4,1013.0,297.0,M,17,Sochi,Williams
30,51,RUS,31,0,18,18,16,0,61,39.8,28.7,0.0,2.5,50.4,1013.1,300.0,M,18,Sochi,Williams
31,51,RUS,32,0,18,18,16,0,61,39.6,28.6,0.0,2.5,51.3,1013.1,254.0,M,19,Sochi,Williams
32,51,RUS,33,0,18,18,16,0,62,39.4,28.1,0.0,2.2,53.1,1013.0,272.0,M,20,Sochi,Williams
33,51,RUS,34,0,18,18,16,0,62,39.7,28.2,0.0,2.6,52.6,1013.2,240.0,M,21,Sochi,Williams
34,51,RUS,35,0,18,18,16,0,62,39.8,28.2,0.0,2.2,52.6,1013.1,249.0,M,22,Sochi,Williams
35,51,RUS,36,0,18,18,16,0,62,39.8,28.3,0.0,2.2,52.0,1013.1,240.0,M,23,Sochi,Williams
36,51,RUS,37,0,18,18,16,0,62,39.6,28.1,0.0,2.7,53.4,1013.2,267.0,M,24,Sochi,Williams
37,51,RUS,38,0,18,18,16,0,63,39.3,27.8,0.0,3.2,53.8,1013.1,252.0,M,25,Sochi,Williams
38,51,RUS,39,0,18,18,16,0,63,39.2,27.7,0.0,2.8,54.5,1013.1,279.0,M,26,Sochi,Williams
39,51,RUS,40,0,18,18,16,0,63,39.8,28.3,0.0,2.4,53.3,1013.1,263.0,M,27,Sochi,Williams
40,51,RUS,41,0,18,18,16,0,63,39.7,28.4,0.0,1.8,53.7,1013.2,243.0,M,28,Sochi,Williams
41,51,RUS,42,0,18,18,16,0,63,39.7,28.5,0.0,1.4,53.4,1013.1,244.0,M,29,Sochi,Williams
42,51,RUS,43,2,18,17,16,0,63,39.0,27.8,0.0,2.4,55.6,1013.1,271.0,M,30,Sochi,Williams
43,51,RUS,44,0,17,17,16,0,64,38.7,27.7,0.0,2.4,55.8,1013.1,316.0,M,31,Sochi,Williams
44,51,RUS,45,0,17,17,16,0,64,39.0,27.8,0.0,1.3,55.7,1013.1,0.0,M,32,Sochi,Williams
45,51,RUS,46,0,17,17,16,0,64,39.1,28.5,0.0,1.3,53.4,1013.1,353.0,M,33,Sochi,Williams
46,51,RUS,47,0,17,17,16,0,64,39.1,28.4,0.0,1.2,53.8,1013.1,277.0,M,34,Sochi,Williams
47,51,RUS,48,0,17,18,16,0,64,39.1,28.3,0.0,1.5,53.9,1013.2,285.0,M,35,Sochi,Williams
48,51,RUS,49,0,18,18,16,0,64,38.6,28.0,0.0,1.5,54.8,1013.1,258.0,M,36,Sochi,Williams
49,51,RUS,50,0,18,18,16,0,64,38.2,28.2,0.0,1.5,55.5,1013.1,236.0,M,37,Sochi,Williams
50,51,RUS,51,0,18,18,16,0,65,38.0,28.4,0.0,1.4,54.9,1013.2,241.0,S,0,Sochi,Williams
51,51,RUS,52,0,18,18,16,0,65,38.2,28.3,0.0,1.8,55.2,1013.1,241.0,S,1,Sochi,Williams
0,51,VET,1,2,13,13,13,0,41,41.0,30.3,0.0,0.5,45.9,1012.5,46.0,M,0,Sochi,Ferrari
1,51,VET,2,2,13,13,13,0,42,41.1,30.4,0.0,0.5,46.0,1012.5,34.0,M,1,Sochi,Ferrari
2,51,VET,3,2,13,13,13,0,43,40.7,30.4,0.0,0.0,45.7,1012.6,46.0,M,2,Sochi,Ferrari
3,51,VET,4,2,13,13,13,0,43,40.8,30.4,0.0,0.4,45.6,1012.7,0.0,M,3,Sochi,Ferrari
4,51,VET,5,2,13,13,13,0,44,40.5,30.5,0.0,0.7,45.0,1012.7,11.0,M,4,Sochi,Ferrari
5,51,VET,6,0,13,13,13,0,47,40.3,30.5,0.0,0.5,45.8,1012.8,0.0,M,5,Sochi,Ferrari
6,51,VET,7,0,13,13,13,0,48,39.9,30.3,0.0,0.8,46.3,1012.8,135.0,M,6,Sochi,Ferrari
7,51,VET,8,0,13,13,13,0,48,39.9,29.8,0.0,2.3,46.8,1012.8,248.0,M,7,Sochi,Ferrari
8,51,VET,9,0,13,13,13,0,49,40.2,28.9,0.0,2.1,50.6,1012.9,252.0,M,8,Sochi,Ferrari
9,51,VET,10,0,13,13,13,0,50,40.7,29.0,0.0,1.6,49.4,1012.8,299.0,M,9,Sochi,Ferrari
10,51,VET,11,0,13,13,13,0,51,40.9,28.9,0.0,2.1,50.2,1012.9,273.0,M,10,Sochi,Ferrari
11,51,VET,12,0,13,13,13,0,52,41.1,28.9,0.0,2.3,50.7,1012.9,250.0,M,11,Sochi,Ferrari
12,51,VET,13,0,13,13,13,0,53,40.6,28.7,0.0,2.1,51.5,1013.0,276.0,M,12,Sochi,Ferrari
13,51,VET,14,0,13,13,13,0,53,40.7,28.5,0.0,2.8,51.9,1012.9,249.0,M,13,Sochi,Ferrari
14,51,VET,15,0,13,13,13,0,54,40.5,27.9,0.0,2.1,53.9,1012.9,256.0,M,14,Sochi,Ferrari
15,51,VET,16,0,13,11,13,0,54,40.8,27.9,0.0,1.1,53.7,1012.9,282.0,M,15,Sochi,Ferrari
16,51,VET,17,0,11,9,13,0,55,40.7,28.3,0.0,1.3,53.3,1012.9,277.0,M,16,Sochi,Ferrari
17,51,VET,18,0,9,9,13,0,56,40.6,28.3,0.0,1.0,52.8,1013.0,0.0,M,17,Sochi,Ferrari
18,51,VET,19,0,9,8,13,0,56,40.8,28.4,0.0,2.2,52.2,1013.0,296.0,M,18,Sochi,Ferrari
19,51,VET,20,0,8,7,13,0,57,41.2,28.3,0.0,1.8,52.0,1012.9,317.0,M,19,Sochi,Ferrari
20,51,VET,21,0,7,7,13,0,57,41.2,28.4,0.0,0.5,52.0,1012.9,0.0,M,20,Sochi,Ferrari
21,51,VET,22,0,7,7,13,0,58,40.8,28.5,0.0,0.6,52.2,1012.9,297.0,M,21,Sochi,Ferrari
22,51,VET,23,0,7,7,13,0,58,40.7,28.8,0.0,0.4,51.9,1013.0,266.0,M,22,Sochi,Ferrari
23,51,VET,24,0,7,7,13,0,59,40.9,28.9,0.0,0.6,50.9,1012.9,279.0,M,23,Sochi,Ferrari
24,51,VET,25,0,7,7,13,0,59,40.8,28.7,0.0,1.6,51.1,1013.0,258.0,M,24,Sochi,Ferrari
25,51,VET,26,0,7,7,13,0,60,40.6,28.5,0.0,1.3,52.4,1012.9,195.0,M,25,Sochi,Ferrari
26,51,VET,27,0,7,8,13,0,60,40.6,28.9,0.0,0.8,50.5,1012.9,314.0,M,26,Sochi,Ferrari
27,51,VET,28,0,8,9,13,0,61,41.0,29.0,0.0,0.7,50.1,1013.0,310.0,M,27,Sochi,Ferrari
28,51,VET,29,0,9,9,13,0,61,41.0,29.2,0.0,0.5,49.4,1013.0,297.0,M,28,Sochi,Ferrari
29,51,VET,30,0,9,11,13,0,61,39.8,28.7,0.0,2.5,50.4,1013.1,300.0,M,29,Sochi,Ferrari
30,51,VET,31,0,11,16,13,0,62,39.8,28.8,0.0,1.2,50.2,1013.0,262.0,H,0,Sochi,Ferrari
31,51,VET,32,0,16,16,13,0,62,39.4,28.1,0.0,2.2,53.1,1013.0,272.0,H,1,Sochi,Ferrari
32,51,VET,33,0,16,16,13,0,63,39.3,28.0,0.0,1.9,53.2,1013.0,256.0,H,2,Sochi,Ferrari
33,51,VET,34,0,16,16,13,0,63,39.7,28.2,0.0,2.6,52.6,1013.2,240.0,H,3,Sochi,Ferrari
34,51,VET,35,0,16,16,13,0,63,39.8,28.2,0.0,2.2,52.6,1013.1,249.0,H,4,Sochi,Ferrari
35,51,VET,36,0,16,15,13,0,64,39.8,28.3,0.0,2.2,52.0,1013.1,240.0,H,5,Sochi,Ferrari
36,51,VET,37,0,15,15,13,0,64,39.3,27.8,0.0,3.2,53.8,1013.1,252.0,H,6,Sochi,Ferrari
37,51,VET,38,0,15,15,13,0,64,39.5,28.1,0.0,2.1,54.5,1013.1,247.0,H,7,Sochi,Ferrari
38,51,VET,39,0,15,15,13,0,65,39.7,28.3,0.0,1.5,53.5,1013.2,228.0,H,8,Sochi,Ferrari
39,51,VET,40,0,15,15,13,0,65,39.6,28.4,0.0,2.2,52.9,1013.1,264.0,H,9,Sochi,Ferrari
40,51,VET,41,0,15,14,13,0,65,39.6,28.1,0.0,1.5,54.4,1013.1,261.0,H,10,Sochi,Ferrari
41,51,VET,42,0,14,14,13,0,66,38.7,27.7,0.0,2.4,55.8,1013.1,316.0,H,11,Sochi,Ferrari
42,51,VET,43,2,14,14,13,0,66,38.8,27.7,0.0,1.9,55.6,1013.1,298.0,H,12,Sochi,Ferrari
43,51,VET,44,0,14,14,13,0,66,39.1,28.5,0.0,1.3,53.4,1013.1,353.0,H,13,Sochi,Ferrari
44,51,VET,45,0,14,14,13,0,66,39.1,28.3,0.0,1.5,53.9,1013.2,285.0,H,14,Sochi,Ferrari
45,51,VET,46,0,14,14,13,0,66,38.6,28.0,0.0,1.5,54.8,1013.1,258.0,H,15,Sochi,Ferrari
46,51,VET,47,0,14,13,13,0,67,38.6,27.8,0.0,1.2,56.0,1013.1,254.0,H,16,Sochi,Ferrari
47,51,VET,48,0,13,13,13,0,67,38.5,28.0,0.0,1.6,55.6,1013.1,244.0,H,17,Sochi,Ferrari
48,51,VET,49,0,13,13,13,0,67,38.7,28.1,0.0,1.6,54.9,1013.1,218.0,H,18,Sochi,Ferrari
49,51,VET,50,0,13,13,13,0,67,38.7,28.0,0.0,1.8,55.5,1013.1,248.0,H,19,Sochi,Ferrari
50,51,VET,51,0,13,13,13,0,67,38.2,28.2,0.0,1.5,55.5,1013.1,236.0,H,20,Sochi,Ferrari
51,51,VET,52,0,13,13,13,0,67,37.6,27.9,0.0,2.1,56.5,1013.2,244.0,H,21,Sochi,Ferrari
0,51,ALB,1,2,17,17,17,0,36,41.1,30.2,0.0,0.9,46.5,1012.6,61.0,S,4,Sochi,Red Bull Racing
1,51,ALB,2,2,17,17,17,0,40,40.7,30.4,0.0,0.0,45.7,1012.6,46.0,H,0,Sochi,Red Bull Racing
2,51,ALB,3,2,17,17,17,0,39,40.8,30.4,0.0,0.4,45.6,1012.7,0.0,H,1,Sochi,Red Bull Racing
3,51,ALB,4,2,17,17,17,0,39,40.5,30.4,0.0,0.7,45.4,1012.8,317.0,H,2,Sochi,Red Bull Racing
4,51,ALB,5,2,17,17,17,0,39,40.3,30.4,0.0,0.5,45.9,1012.8,56.0,H,3,Sochi,Red Bull Racing
5,51,ALB,6,0,17,18,17,0,42,40.3,30.5,0.0,0.5,45.8,1012.8,0.0,H,4,Sochi,Red Bull Racing
6,51,ALB,7,0,18,18,17,0,44,40.4,30.5,0.0,0.4,45.6,1012.7,0.0,H,5,Sochi,Red Bull Racing
7,51,ALB,8,0,18,18,17,0,45,40.1,30.2,0.0,0.7,46.5,1012.8,136.0,H,6,Sochi,Red Bull Racing
8,51,ALB,9,0,18,18,17,0,45,39.9,30.1,0.0,0.7,46.5,1012.8,260.0,H,7,Sochi,Red Bull Racing
9,51,ALB,10,0,18,18,17,0,45,39.9,29.8,0.0,2.3,46.8,1012.8,248.0,H,8,Sochi,Red Bull Racing
10,51,ALB,11,0,18,17,17,0,46,40.0,29.3,0.0,3.0,49.5,1012.8,256.0,H,9,Sochi,Red Bull Racing
11,51,ALB,12,0,17,16,17,0,47,40.9,29.0,0.0,1.2,50.2,1012.9,265.0,H,10,Sochi,Red Bull Racing
12,51,ALB,13,0,16,16,17,0,48,41.1,28.9,0.0,2.3,50.7,1012.9,250.0,H,11,Sochi,Red Bull Racing
13,51,ALB,14,0,16,16,17,0,49,41.0,28.7,0.0,2.3,51.3,1013.0,242.0,H,12,Sochi,Red Bull Racing
14,51,ALB,15,0,16,16,17,0,49,40.7,28.5,0.0,2.8,51.9,1012.9,249.0,H,13,Sochi,Red Bull Racing
15,51,ALB,16,0,16,15,17,0,50,40.5,27.9,0.0,2.1,53.9,1012.9,256.0,H,14,Sochi,Red Bull Racing
16,51,ALB,17,0,15,14,17,0,52,40.8,27.9,0.0,1.1,53.7,1012.9,282.0,H,15,Sochi,Red Bull Racing
17,51,ALB,18,0,14,13,17,0,53,40.7,28.0,0.0,1.7,53.2,1013.0,291.0,H,16,Sochi,Red Bull Racing
18,51,ALB,19,0,13,12,17,0,54,40.6,28.3,0.0,1.0,52.8,1013.0,0.0,H,17,Sochi,Red Bull Racing
19,51,ALB,20,0,12,11,17,0,55,40.8,28.5,0.0,0.6,52.2,1012.9,297.0,H,18,Sochi,Red Bull Racing
20,51,ALB,21,0,11,11,17,0,57,40.8,28.6,0.0,0.9,52.2,1012.9,346.0,H,19,Sochi,Red Bull Racing
21,51,ALB,22,0,11,11,17,0,59,40.7,28.8,0.0,0.4,51.9,1013.0,266.0,H,20,Sochi,Red Bull Racing
22,51,ALB,23,0,11,11,17,0,61,40.6,28.5,0.0,1.3,52.4,1012.9,195.0,H,21,Sochi,Red Bull Racing
23,51,ALB,24,0,11,11,17,0,64,40.3,28.7,0.0,0.8,51.5,1012.9,260.0,H,22,Sochi,Red Bull Racing
24,51,ALB,25,0,11,11,17,0,66,40.6,28.8,0.0,1.3,50.6,1013.0,294.0,H,23,Sochi,Red Bull Racing
25,51,ALB,26,0,11,11,17,0,68,39.8,28.7,0.0,2.5,50.4,1013.1,300.0,H,24,Sochi,Red Bull Racing
26,51,ALB,27,0,11,13,17,0,70,39.8,28.8,0.0,1.2,50.2,1013.0,262.0,H,25,Sochi,Red Bull Racing
27,51,ALB,28,0,13,16,17,0,71,39.6,28.8,0.0,1.5,51.4,1013.1,241.0,M,0,Sochi,Red Bull Racing
28,51,ALB,29,0,16,16,17,0,71,39.6,28.6,0.0,2.5,51.3,1013.1,254.0,M,1,Sochi,Red Bull Racing
29,51,ALB,30,0,16,16,17,0,72,39.4,28.3,0.0,2.3,52.5,1013.2,255.0,M,2,Sochi,Red Bull Racing
30,51,ALB,31,0,16,15,17,0,72,39.3,28.0,0.0,1.9,53.2,1013.0,256.0,M,3,Sochi,Red Bull Racing
31,51,ALB,32,0,15,15,17,0,72,39.8,28.2,0.0,2.2,52.6,1013.1,249.0,M,4,Sochi,Red Bull Racing
32,51,ALB,33,0,15,15,17,0,72,39.8,28.3,0.0,2.2,52.0,1013.1,240.0,M,5,Sochi,Red Bull Racing
33,51,ALB,34,0,15,15,17,0,72,39.6,28.1,0.0,2.7,53.4,1013.2,267.0,M,6,Sochi,Red Bull Racing
34,51,ALB,35,0,15,15,17,0,72,39.3,27.8,0.0,3.2,53.8,1013.1,252.0,M,7,Sochi,Red Bull Racing
35,51,ALB,36,0,15,14,17,0,72,39.2,27.6,0.0,1.9,54.8,1013.1,257.0,M,8,Sochi,Red Bull Racing
36,51,ALB,37,0,14,13,17,0,72,40.2,28.3,0.0,2.5,53.3,1013.1,276.0,M,9,Sochi,Red Bull Racing
37,51,ALB,38,0,13,13,17,0,73,40.2,28.2,0.0,2.0,54.0,1013.1,305.0,M,10,Sochi,Red Bull Racing
38,51,ALB,39,0,13,12,17,0,73,39.5,28.1,0.0,2.1,54.5,1013.1,247.0,M,11,Sochi,Red Bull Racing
39,51,ALB,40,0,12,12,17,0,73,39.7,28.3,0.0,1.5,53.5,1013.2,228.0,M,12,Sochi,Red Bull Racing
40,51,ALB,41,0,12,12,17,0,73,39.7,28.4,0.0,1.8,53.7,1013.2,243.0,M,13,Sochi,Red Bull Racing
41,51,ALB,42,0,12,11,17,0,73,39.6,28.4,0.0,2.2,52.9,1013.1,264.0,M,14,Sochi,Red Bull Racing
42,51,ALB,43,2,11,10,17,0,73,39.6,28.1,0.0,1.5,54.4,1013.1,261.0,M,15,Sochi,Red Bull Racing
43,51,ALB,44,0,10,10,17,0,73,39.5,28.1,0.0,2.1,53.9,1013.1,261.0,M,16,Sochi,Red Bull Racing
44,51,ALB,45,0,10,11,17,0,73,39.5,28.0,0.0,2.1,55.0,1013.1,263.0,M,17,Sochi,Red Bull Racing
45,51,ALB,46,0,11,11,17,0,73,38.8,27.7,0.0,1.9,55.6,1013.1,298.0,M,18,Sochi,Red Bull Racing
46,51,ALB,47,0,11,10,17,0,73,38.8,28.1,0.0,0.4,54.8,1013.1,38.0,M,19,Sochi,Red Bull Racing
47,51,ALB,48,0,10,10,17,0,73,39.1,28.4,0.0,1.2,53.8,1013.1,277.0,M,20,Sochi,Red Bull Racing
48,51,ALB,49,0,10,10,17,0,73,38.6,27.8,0.0,2.3,55.6,1013.1,287.0,M,21,Sochi,Red Bull Racing
49,51,ALB,50,0,10,10,17,0,73,38.6,27.8,0.0,1.2,56.0,1013.1,254.0,M,22,Sochi,Red Bull Racing
50,51,ALB,51,0,10,10,17,0,73,38.5,28.0,0.0,1.6,55.6,1013.1,244.0,M,23,Sochi,Red Bull Racing
51,51,ALB,52,0,10,10,17,0,73,38.7,28.0,0.0,1.7,55.8,1013.1,243.0,M,24,Sochi,Red Bull Racing
52,51,ALB,53,1,10,10,17,0,73,38.2,28.3,0.0,1.8,55.2,1013.1,241.0,M,25,Sochi,Red Bull Racing
0,51,GRO,1,2,10,10,10,0,40,41.0,30.3,0.0,0.5,45.9,1012.5,46.0,M,0,Sochi,Haas F1 Team
1,51,GRO,2,2,10,10,10,0,36,41.1,30.4,0.0,0.5,46.0,1012.5,34.0,M,1,Sochi,Haas F1 Team
2,51,GRO,3,2,10,10,10,0,34,40.7,30.3,0.0,0.7,46.2,1012.6,320.0,M,2,Sochi,Haas F1 Team
3,51,GRO,4,2,10,10,10,0,32,40.7,30.4,0.0,0.0,45.7,1012.6,46.0,M,3,Sochi,Haas F1 Team
4,51,GRO,5,2,10,10,10,0,33,40.8,30.4,0.0,0.4,45.6,1012.7,0.0,M,4,Sochi,Haas F1 Team
5,51,GRO,6,0,10,10,10,0,37,40.8,30.4,0.0,0.9,45.3,1012.6,25.0,M,5,Sochi,Haas F1 Team
6,51,GRO,7,0,10,10,10,0,39,40.5,30.5,0.0,0.7,45.0,1012.7,11.0,M,6,Sochi,Haas F1 Team
7,51,GRO,8,0,10,11,10,0,40,40.4,30.5,0.0,0.0,46.2,1012.8,0.0,M,7,Sochi,Haas F1 Team
8,51,GRO,9,0,11,11,10,0,41,40.4,30.5,0.0,0.4,45.6,1012.7,0.0,M,8,Sochi,Haas F1 Team
9,51,GRO,10,0,11,11,10,0,42,39.9,30.3,0.0,0.8,46.3,1012.8,135.0,M,9,Sochi,Haas F1 Team
10,51,GRO,11,0,11,11,10,0,44,40.1,30.2,0.0,0.7,46.5,1012.8,136.0,M,10,Sochi,Haas F1 Team
11,51,GRO,12,0,11,11,10,0,45,39.9,29.8,0.0,2.3,46.8,1012.8,248.0,M,11,Sochi,Haas F1 Team
12,51,GRO,13,0,11,11,10,0,46,40.0,29.3,0.0,3.0,49.5,1012.8,256.0,M,12,Sochi,Haas F1 Team
13,51,GRO,14,0,11,11,10,0,47,40.2,29.0,0.0,1.6,49.8,1012.9,278.0,M,13,Sochi,Haas F1 Team
14,51,GRO,15,0,11,11,10,0,47,40.2,28.9,0.0,2.1,50.6,1012.9,252.0,M,14,Sochi,Haas F1 Team
15,51,GRO,16,0,11,10,10,0,49,40.7,29.0,0.0,1.6,49.4,1012.8,299.0,M,15,Sochi,Haas F1 Team
16,51,GRO,17,0,10,11,10,0,51,40.9,28.9,0.0,2.1,49.5,1012.9,233.0,M,16,Sochi,Haas F1 Team
17,51,GRO,18,0,11,15,10,0,51,40.9,28.9,0.0,2.1,50.2,1012.9,273.0,H,0,Sochi,Haas F1 Team
18,51,GRO,19,0,15,15,10,0,52,40.9,29.0,0.0,1.2,50.2,1012.9,265.0,H,1,Sochi,Haas F1 Team
19,51,GRO,20,0,15,15,10,0,53,40.7,28.5,0.0,2.8,51.9,1012.9,249.0,H,2,Sochi,Haas F1 Team
20,51,GRO,21,0,15,15,10,0,53,41.4,28.5,0.0,1.2,52.8,1012.9,314.0,H,3,Sochi,Haas F1 Team
21,51,GRO,22,0,15,15,10,0,54,41.4,28.2,0.0,1.8,52.2,1013.0,323.0,H,4,Sochi,Haas F1 Team
22,51,GRO,23,0,15,15,10,0,54,40.6,28.5,0.0,0.0,50.6,1012.9,283.0,H,5,Sochi,Haas F1 Team
23,51,GRO,24,0,15,15,10,0,55,40.8,28.4,0.0,2.2,52.2,1013.0,296.0,H,6,Sochi,Haas F1 Team
24,51,GRO,25,0,15,15,10,0,55,40.8,28.5,0.0,0.6,52.2,1012.9,297.0,H,7,Sochi,Haas F1 Team
25,51,GRO,26,0,15,15,10,0,56,40.7,28.8,0.0,0.4,51.9,1013.0,266.0,H,8,Sochi,Haas F1 Team
26,51,GRO,27,0,15,15,10,0,56,40.9,28.9,0.0,0.6,50.9,1012.9,279.0,H,9,Sochi,Haas F1 Team
27,51,GRO,28,0,15,14,10,0,56,40.8,28.7,0.0,1.6,51.1,1013.0,258.0,H,10,Sochi,Haas F1 Team
28,51,GRO,29,0,14,14,10,0,57,40.6,28.8,0.0,1.3,50.6,1013.0,294.0,H,11,Sochi,Haas F1 Team
29,51,GRO,30,0,14,14,10,0,57,41.0,29.0,0.0,0.7,50.1,1013.0,310.0,H,12,Sochi,Haas F1 Team
30,51,GRO,31,0,14,13,10,0,57,39.8,28.7,0.0,2.5,50.4,1013.1,300.0,H,13,Sochi,Haas F1 Team
31,51,GRO,32,0,13,13,10,0,58,39.6,28.8,0.0,1.5,51.4,1013.1,241.0,H,14,Sochi,Haas F1 Team
32,51,GRO,33,0,13,13,10,0,58,39.6,28.6,0.0,2.5,51.3,1013.1,254.0,H,15,Sochi,Haas F1 Team
33,51,GRO,34,0,13,13,10,0,58,39.3,28.0,0.0,1.9,53.2,1013.0,256.0,H,16,Sochi,Haas F1 Team
34,51,GRO,35,0,13,13,10,0,58,39.7,28.2,0.0,2.6,52.6,1013.2,240.0,H,17,Sochi,Haas F1 Team
35,51,GRO,36,0,13,12,10,0,59,39.6,28.1,0.0,2.7,53.4,1013.2,267.0,H,18,Sochi,Haas F1 Team
36,51,GRO,37,0,12,12,10,0,59,39.2,27.6,0.0,1.9,54.8,1013.1,257.0,H,19,Sochi,Haas F1 Team
37,51,GRO,38,0,12,12,10,0,59,39.6,28.0,0.0,1.9,53.9,1013.1,247.0,H,20,Sochi,Haas F1 Team
38,51,GRO,39,0,12,13,10,0,59,39.8,28.3,0.0,2.4,53.3,1013.1,263.0,H,21,Sochi,Haas F1 Team
39,51,GRO,40,0,13,14,10,0,60,40.2,28.2,0.0,2.0,54.0,1013.1,305.0,H,22,Sochi,Haas F1 Team
40,51,GRO,41,0,14,15,10,0,60,39.5,28.1,0.0,2.1,54.5,1013.1,247.0,H,23,Sochi,Haas F1 Team
41,51,GRO,42,0,15,16,10,0,60,39.7,28.5,0.0,1.4,53.4,1013.1,244.0,H,24,Sochi,Haas F1 Team
42,51,GRO,43,2,16,18,10,0,60,39.6,28.1,0.0,1.5,54.4,1013.1,261.0,M,0,Sochi,Haas F1 Team
43,51,GRO,44,0,18,18,10,0,60,39.0,27.8,0.0,2.4,55.6,1013.1,271.0,M,1,Sochi,Haas F1 Team
44,51,GRO,45,0,18,18,10,0,60,38.7,27.7,0.0,2.4,55.8,1013.1,316.0,M,2,Sochi,Haas F1 Team
45,51,GRO,46,0,18,18,10,0,60,38.8,27.7,0.0,1.9,55.6,1013.1,298.0,M,3,Sochi,Haas F1 Team
46,51,GRO,47,0,18,18,10,0,61,39.0,27.8,0.0,1.3,55.7,1013.1,0.0,M,4,Sochi,Haas F1 Team
47,51,GRO,48,0,18,17,10,0,59,39.1,28.5,0.0,1.3,53.4,1013.1,353.0,M,5,Sochi,Haas F1 Team
48,51,GRO,49,0,17,17,10,0,59,39.1,28.3,0.0,1.5,53.9,1013.2,285.0,M,6,Sochi,Haas F1 Team
49,51,GRO,50,0,17,17,10,0,59,38.6,27.8,0.0,1.2,56.0,1013.1,254.0,M,7,Sochi,Haas F1 Team
50,51,GRO,51,0,17,17,10,0,59,38.7,28.1,0.0,1.6,54.9,1013.1,218.0,M,8,Sochi,Haas F1 Team
51,51,GRO,52,0,17,17,10,0,59,38.2,28.3,0.0,1.8,55.2,1013.1,241.0,M,9,Sochi,Haas F1 Team
0,51,GIO,1,2,12,12,12,0,35,40.7,30.3,0.0,0.7,46.2,1012.6,320.0,M,0,Sochi,Alfa Romeo Racing
1,51,GIO,2,2,12,12,12,0,37,40.8,30.4,0.0,0.4,45.6,1012.7,0.0,M,1,Sochi,Alfa Romeo Racing
2,51,GIO,3,2,12,12,12,0,38,40.5,30.5,0.0,0.7,45.0,1012.7,11.0,M,2,Sochi,Alfa Romeo Racing
3,51,GIO,4,2,12,12,12,0,38,40.5,30.4,0.0,0.7,45.4,1012.8,317.0,M,3,Sochi,Alfa Romeo Racing
4,51,GIO,5,2,12,12,12,0,39,40.3,30.4,0.0,0.5,45.9,1012.8,56.0,M,4,Sochi,Alfa Romeo Racing
5,51,GIO,6,0,12,12,12,0,42,40.4,30.5,0.0,0.4,45.6,1012.7,0.0,M,5,Sochi,Alfa Romeo Racing
6,51,GIO,7,0,12,12,12,0,44,39.9,30.3,0.0,0.8,46.3,1012.8,135.0,M,6,Sochi,Alfa Romeo Racing
7,51,GIO,8,0,12,12,12,0,45,40.0,28.9,0.0,2.3,50.1,1012.8,269.0,M,7,Sochi,Alfa Romeo Racing
8,51,GIO,9,0,12,12,12,0,46,40.2,29.0,0.0,1.6,49.8,1012.9,278.0,M,8,Sochi,Alfa Romeo Racing
9,51,GIO,10,0,12,12,12,0,47,40.7,29.0,0.0,1.6,49.4,1012.8,299.0,M,9,Sochi,Alfa Romeo Racing
10,51,GIO,11,0,12,12,12,0,48,40.9,29.0,0.0,1.2,50.2,1012.9,265.0,M,10,Sochi,Alfa Romeo Racing
11,51,GIO,12,0,12,12,12,0,49,41.1,28.9,0.0,2.3,50.7,1012.9,250.0,M,11,Sochi,Alfa Romeo Racing
12,51,GIO,13,0,12,12,12,0,50,41.0,28.7,0.0,2.3,51.3,1013.0,242.0,M,12,Sochi,Alfa Romeo Racing
13,51,GIO,14,0,12,12,12,0,51,40.6,28.7,0.0,2.1,51.5,1013.0,276.0,M,13,Sochi,Alfa Romeo Racing
14,51,GIO,15,0,12,12,12,0,52,40.7,28.5,0.0,2.8,51.9,1012.9,249.0,M,14,Sochi,Alfa Romeo Racing
15,51,GIO,16,0,12,12,12,0,53,41.2,28.3,0.0,1.8,52.0,1012.9,317.0,M,15,Sochi,Alfa Romeo Racing
16,51,GIO,17,0,12,17,12,0,54,41.2,28.4,0.0,0.5,52.0,1012.9,0.0,H,0,Sochi,Alfa Romeo Racing
17,51,GIO,18,0,17,16,12,0,54,40.8,28.5,0.0,0.6,52.2,1012.9,297.0,H,1,Sochi,Alfa Romeo Racing
18,51,GIO,19,0,16,16,12,0,55,40.8,28.6,0.0,0.9,52.2,1012.9,346.0,H,2,Sochi,Alfa Romeo Racing
19,51,GIO,20,0,16,16,12,0,55,40.7,28.8,0.0,0.4,51.9,1013.0,266.0,H,3,Sochi,Alfa Romeo Racing
20,51,GIO,21,0,16,16,12,0,56,40.6,28.5,0.0,1.3,52.4,1012.9,195.0,H,4,Sochi,Alfa Romeo Racing
21,51,GIO,22,0,16,16,12,0,56,40.6,28.9,0.0,0.8,50.5,1012.9,314.0,H,5,Sochi,Alfa Romeo Racing
22,51,GIO,23,0,16,16,12,0,57,40.6,28.8,0.0,1.4,51.0,1013.0,288.0,H,6,Sochi,Alfa Romeo Racing
23,51,GIO,24,0,16,16,12,0,57,41.0,29.0,0.0,0.7,50.1,1013.0,310.0,H,7,Sochi,Alfa Romeo Racing
24,51,GIO,25,0,16,16,12,0,58,39.8,28.7,0.0,2.5,50.4,1013.1,300.0,H,8,Sochi,Alfa Romeo Racing
25,51,GIO,26,0,16,16,12,0,58,39.8,28.8,0.0,1.2,50.2,1013.0,262.0,H,9,Sochi,Alfa Romeo Racing
26,51,GIO,27,0,16,16,12,0,59,39.6,28.8,0.0,1.5,51.4,1013.1,241.0,H,10,Sochi,Alfa Romeo Racing
27,51,GIO,28,0,16,15,12,0,59,39.4,28.3,0.0,2.3,52.5,1013.2,255.0,H,11,Sochi,Alfa Romeo Racing
28,51,GIO,29,0,15,15,12,0,59,39.4,28.1,0.0,2.2,53.1,1013.0,272.0,H,12,Sochi,Alfa Romeo Racing
29,51,GIO,30,0,15,15,12,0,60,39.7,28.2,0.0,2.6,52.6,1013.2,240.0,H,13,Sochi,Alfa Romeo Racing
30,51,GIO,31,0,15,14,12,0,60,39.8,28.3,0.0,2.2,52.0,1013.1,240.0,H,14,Sochi,Alfa Romeo Racing
31,51,GIO,32,0,14,14,12,0,61,39.3,27.8,0.0,3.2,53.8,1013.1,252.0,H,15,Sochi,Alfa Romeo Racing
32,51,GIO,33,0,14,14,12,0,61,39.2,27.7,0.0,2.8,54.5,1013.1,279.0,H,16,Sochi,Alfa Romeo Racing
33,51,GIO,34,0,14,14,12,0,61,39.2,27.6,0.0,1.9,54.8,1013.1,257.0,H,17,Sochi,Alfa Romeo Racing
34,51,GIO,35,0,14,14,12,0,62,40.2,28.3,0.0,2.5,53.3,1013.1,276.0,H,18,Sochi,Alfa Romeo Racing
35,51,GIO,36,0,14,13,12,0,62,40.2,28.2,0.0,2.0,54.0,1013.1,305.0,H,19,Sochi,Alfa Romeo Racing
36,51,GIO,37,0,13,14,12,0,62,39.7,28.3,0.0,1.5,53.5,1013.2,228.0,H,20,Sochi,Alfa Romeo Racing
37,51,GIO,38,0,14,14,12,0,62,39.7,28.5,0.0,1.4,53.4,1013.1,244.0,H,21,Sochi,Alfa Romeo Racing
38,51,GIO,39,0,14,14,12,0,63,39.6,28.1,0.0,1.5,54.4,1013.1,261.0,H,22,Sochi,Alfa Romeo Racing
39,51,GIO,40,0,14,13,12,0,63,39.5,28.1,0.0,2.1,53.9,1013.1,261.0,H,23,Sochi,Alfa Romeo Racing
40,51,GIO,41,0,13,13,12,0,63,39.0,27.8,0.0,2.4,55.6,1013.1,271.0,H,24,Sochi,Alfa Romeo Racing
41,51,GIO,42,0,13,13,12,0,63,38.7,27.7,0.0,2.4,55.8,1013.1,316.0,H,25,Sochi,Alfa Romeo Racing
42,51,GIO,43,2,13,13,12,0,63,39.0,27.8,0.0,1.3,55.7,1013.1,0.0,H,26,Sochi,Alfa Romeo Racing
43,51,GIO,44,0,13,13,12,0,64,38.8,28.1,0.0,0.4,54.8,1013.1,38.0,H,27,Sochi,Alfa Romeo Racing
44,51,GIO,45,0,13,13,12,0,64,39.1,28.5,0.0,1.3,53.4,1013.1,353.0,H,28,Sochi,Alfa Romeo Racing
45,51,GIO,46,0,13,13,12,0,64,39.1,28.3,0.0,1.5,53.9,1013.2,285.0,H,29,Sochi,Alfa Romeo Racing
46,51,GIO,47,0,13,12,12,0,64,38.6,28.0,0.0,1.5,54.8,1013.1,258.0,H,30,Sochi,Alfa Romeo Racing
47,51,GIO,48,0,12,11,12,0,65,38.6,27.8,0.0,2.3,55.6,1013.1,287.0,H,31,Sochi,Alfa Romeo Racing
48,51,GIO,49,0,11,11,12,0,65,38.6,27.8,0.0,1.2,56.0,1013.1,254.0,H,32,Sochi,Alfa Romeo Racing
49,51,GIO,50,0,11,11,12,0,65,38.7,28.1,0.0,1.6,54.9,1013.1,218.0,H,33,Sochi,Alfa Romeo Racing
50,51,GIO,51,0,11,11,12,0,65,38.7,28.0,0.0,1.7,55.8,1013.1,243.0,H,34,Sochi,Alfa Romeo Racing
51,51,GIO,52,0,11,11,12,0,65,37.6,27.9,0.0,2.1,56.5,1013.2,244.0,H,35,Sochi,Alfa Romeo Racing
0,51,MAG,1,2,9,9,9,0,42,41.0,30.3,0.0,0.5,45.9,1012.5,46.0,M,0,Sochi,Haas F1 Team
1,51,MAG,2,2,9,9,9,0,43,41.1,30.4,0.0,0.5,46.0,1012.5,34.0,M,1,Sochi,Haas F1 Team
2,51,MAG,3,2,9,9,9,0,40,41.1,30.2,0.0,0.9,46.5,1012.6,61.0,M,2,Sochi,Haas F1 Team
3,51,MAG,4,2,9,9,9,0,38,40.7,30.3,0.0,0.7,46.2,1012.6,320.0,M,3,Sochi,Haas F1 Team
4,51,MAG,5,2,9,9,9,0,38,40.5,30.5,0.0,0.7,45.0,1012.7,11.0,M,4,Sochi,Haas F1 Team
5,51,MAG,6,0,9,9,9,0,41,40.5,30.4,0.0,0.7,45.4,1012.8,317.0,M,5,Sochi,Haas F1 Team
6,51,MAG,7,0,9,9,9,0,43,40.4,30.5,0.0,0.0,46.2,1012.8,0.0,M,6,Sochi,Haas F1 Team
7,51,MAG,8,0,9,9,9,0,44,40.4,30.5,0.0,0.4,45.6,1012.7,0.0,M,7,Sochi,Haas F1 Team
8,51,MAG,9,0,9,9,9,0,45,39.9,30.3,0.0,0.8,46.3,1012.8,135.0,M,8,Sochi,Haas F1 Team
9,51,MAG,10,0,9,9,9,0,46,40.1,30.2,0.0,0.7,46.5,1012.8,136.0,M,9,Sochi,Haas F1 Team
10,51,MAG,11,0,9,9,9,0,47,39.9,30.1,0.0,0.7,46.5,1012.8,260.0,M,10,Sochi,Haas F1 Team
11,51,MAG,12,0,9,9,9,0,49,40.0,29.3,0.0,3.0,49.5,1012.8,256.0,M,11,Sochi,Haas F1 Team
12,51,MAG,13,0,9,10,9,0,50,40.0,28.9,0.0,2.3,50.1,1012.8,269.0,M,12,Sochi,Haas F1 Team
13,51,MAG,14,0,10,10,9,0,51,40.7,29.0,0.0,1.6,49.4,1012.8,299.0,M,13,Sochi,Haas F1 Team
14,51,MAG,15,0,10,10,9,0,51,40.9,28.9,0.0,2.1,49.5,1012.9,233.0,M,14,Sochi,Haas F1 Team
15,51,MAG,16,0,10,9,9,0,52,40.9,29.0,0.0,1.2,50.2,1012.9,265.0,M,15,Sochi,Haas F1 Team
16,51,MAG,17,0,9,8,9,0,53,40.5,27.9,0.0,2.1,53.9,1012.9,256.0,M,16,Sochi,Haas F1 Team
17,51,MAG,18,0,8,8,9,0,54,40.8,27.9,0.0,1.1,53.7,1012.9,282.0,M,17,Sochi,Haas F1 Team
18,51,MAG,19,0,8,6,9,0,55,40.7,28.0,0.0,1.7,53.2,1013.0,291.0,M,18,Sochi,Haas F1 Team
19,51,MAG,20,0,6,14,9,0,56,40.7,28.3,0.0,1.3,53.3,1012.9,277.0,H,0,Sochi,Haas F1 Team
20,51,MAG,21,0,14,14,9,0,56,41.4,28.5,0.0,1.2,52.8,1012.9,314.0,H,1,Sochi,Haas F1 Team
21,51,MAG,22,0,14,14,9,0,57,41.4,28.2,0.0,1.8,52.2,1013.0,323.0,H,2,Sochi,Haas F1 Team
22,51,MAG,23,0,14,14,9,0,58,41.2,28.3,0.0,1.8,52.0,1012.9,317.0,H,3,Sochi,Haas F1 Team
23,51,MAG,24,0,14,14,9,0,58,41.2,28.4,0.0,0.5,52.0,1012.9,0.0,H,4,Sochi,Haas F1 Team
24,51,MAG,25,0,14,14,9,0,59,40.8,28.6,0.0,0.9,52.2,1012.9,346.0,H,5,Sochi,Haas F1 Team
25,51,MAG,26,0,14,14,9,0,59,40.6,28.5,0.0,1.3,52.4,1012.9,195.0,H,6,Sochi,Haas F1 Team
26,51,MAG,27,0,14,14,9,0,59,40.6,28.8,0.0,1.4,51.0,1013.0,288.0,H,7,Sochi,Haas F1 Team
27,51,MAG,28,0,14,13,9,0,60,40.6,28.8,0.0,1.3,50.6,1013.0,294.0,H,8,Sochi,Haas F1 Team
28,51,MAG,29,0,13,13,9,0,60,39.8,28.7,0.0,2.5,50.4,1013.1,300.0,H,9,Sochi,Haas F1 Team
29,51,MAG,30,0,13,13,9,0,61,39.6,28.6,0.0,2.5,51.3,1013.1,254.0,H,10,Sochi,Haas F1 Team
30,51,MAG,31,0,13,12,9,0,61,39.4,28.1,0.0,2.2,53.1,1013.0,272.0,H,11,Sochi,Haas F1 Team
31,51,MAG,32,0,12,12,9,0,61,39.3,28.0,0.0,1.9,53.2,1013.0,256.0,H,12,Sochi,Haas F1 Team
32,51,MAG,33,0,12,12,9,0,61,39.7,28.2,0.0,2.6,52.6,1013.2,240.0,H,13,Sochi,Haas F1 Team
33,51,MAG,34,0,12,12,9,0,62,39.8,28.2,0.0,2.2,52.6,1013.1,249.0,H,14,Sochi,Haas F1 Team
34,51,MAG,35,0,12,11,9,0,62,39.3,27.8,0.0,3.2,53.8,1013.1,252.0,H,15,Sochi,Haas F1 Team
35,51,MAG,36,0,11,11,9,0,62,39.2,27.6,0.0,1.9,54.8,1013.1,257.0,H,16,Sochi,Haas F1 Team
36,51,MAG,37,0,11,11,9,0,62,39.6,28.0,0.0,1.9,53.9,1013.1,247.0,H,17,Sochi,Haas F1 Team
37,51,MAG,38,0,11,11,9,0,62,39.8,28.3,0.0,2.4,53.3,1013.1,263.0,H,18,Sochi,Haas F1 Team
38,51,MAG,39,0,11,11,9,0,63,40.2,28.3,0.0,2.5,53.3,1013.1,276.0,H,19,Sochi,Haas F1 Team
39,51,MAG,40,0,11,11,9,0,63,39.5,28.1,0.0,2.1,54.5,1013.1,247.0,H,20,Sochi,Haas F1 Team
40,51,MAG,41,0,11,11,9,0,63,39.7,28.5,0.0,1.4,53.4,1013.1,244.0,H,21,Sochi,Haas F1 Team
41,51,MAG,42,0,11,12,9,0,63,39.6,28.4,0.0,2.2,52.9,1013.1,264.0,H,22,Sochi,Haas F1 Team
42,51,MAG,43,2,12,12,9,0,63,39.6,28.1,0.0,1.5,54.4,1013.1,261.0,H,23,Sochi,Haas F1 Team
43,51,MAG,44,0,12,12,9,0,63,39.5,28.1,0.0,2.1,53.9,1013.1,261.0,H,24,Sochi,Haas F1 Team
44,51,MAG,45,0,12,12,9,0,63,38.7,27.7,0.0,2.4,55.8,1013.1,316.0,H,25,Sochi,Haas F1 Team
45,51,MAG,46,0,12,12,9,0,64,39.0,27.8,0.0,1.3,55.7,1013.1,0.0,H,26,Sochi,Haas F1 Team
46,51,MAG,47,0,12,11,9,0,64,38.6,27.8,0.0,2.3,55.6,1013.1,287.0,H,27,Sochi,Haas F1 Team
47,51,MAG,48,0,11,12,9,0,64,38.7,28.1,0.0,1.6,54.9,1013.1,218.0,H,28,Sochi,Haas F1 Team
48,51,MAG,49,0,12,12,9,0,64,38.7,28.0,0.0,1.8,55.5,1013.1,248.0,H,29,Sochi,Haas F1 Team
49,51,MAG,50,0,12,12,9,0,64,38.2,28.2,0.0,1.5,55.5,1013.1,236.0,H,30,Sochi,Haas F1 Team
50,51,MAG,51,0,12,12,9,0,64,38.0,28.4,0.0,1.4,54.9,1013.2,241.0,H,31,Sochi,Haas F1 Team
51,51,MAG,52,0,12,12,9,0,65,38.2,28.3,0.0,1.8,55.2,1013.1,241.0,H,32,Sochi,Haas F1 Team
0,51,RAI,1,2,15,15,15,0,39,41.0,30.3,0.0,0.5,45.9,1012.5,46.0,H,0,Sochi,Alfa Romeo Racing
1,51,RAI,2,2,15,15,15,0,37,41.1,30.4,0.0,0.5,46.0,1012.5,34.0,H,1,Sochi,Alfa Romeo Racing
2,51,RAI,3,2,15,15,15,0,37,40.7,30.3,0.0,0.7,46.2,1012.6,320.0,H,2,Sochi,Alfa Romeo Racing
3,51,RAI,4,2,15,15,15,0,37,40.7,30.4,0.0,0.0,45.7,1012.6,46.0,H,3,Sochi,Alfa Romeo Racing
4,51,RAI,5,2,15,15,15,0,38,40.8,30.4,0.0,0.4,45.6,1012.7,0.0,H,4,Sochi,Alfa Romeo Racing
5,51,RAI,6,0,15,15,15,0,41,40.3,30.5,0.0,0.5,45.8,1012.8,0.0,H,5,Sochi,Alfa Romeo Racing
6,51,RAI,7,0,15,15,15,0,43,40.4,30.5,0.0,0.4,45.6,1012.7,0.0,H,6,Sochi,Alfa Romeo Racing
7,51,RAI,8,0,15,15,15,0,43,40.1,30.2,0.0,0.7,46.5,1012.8,136.0,H,7,Sochi,Alfa Romeo Racing
8,51,RAI,9,0,15,14,15,0,44,39.9,30.1,0.0,0.7,46.5,1012.8,260.0,H,8,Sochi,Alfa Romeo Racing
9,51,RAI,10,0,14,14,15,0,45,40.0,28.9,0.0,2.3,50.1,1012.8,269.0,H,9,Sochi,Alfa Romeo Racing
10,51,RAI,11,0,14,14,15,0,47,40.2,29.0,0.0,1.6,49.8,1012.9,278.0,H,10,Sochi,Alfa Romeo Racing
11,51,RAI,12,0,14,14,15,0,48,40.7,29.0,0.0,1.6,49.4,1012.8,299.0,H,11,Sochi,Alfa Romeo Racing
12,51,RAI,13,0,14,14,15,0,49,40.9,28.9,0.0,2.1,49.5,1012.9,233.0,H,12,Sochi,Alfa Romeo Racing
13,51,RAI,14,0,14,14,15,0,49,40.9,29.0,0.0,1.2,50.2,1012.9,265.0,H,13,Sochi,Alfa Romeo Racing
14,51,RAI,15,0,14,14,15,0,50,41.1,28.9,0.0,2.3,50.7,1012.9,250.0,H,14,Sochi,Alfa Romeo Racing
15,51,RAI,16,0,14,13,15,0,51,40.6,28.7,0.0,2.1,51.5,1013.0,276.0,H,15,Sochi,Alfa Romeo Racing
16,51,RAI,17,0,13,12,15,0,52,40.7,28.5,0.0,2.8,51.9,1012.9,249.0,H,16,Sochi,Alfa Romeo Racing
17,51,RAI,18,0,12,11,15,0,52,40.8,28.0,0.0,2.6,53.6,1013.0,300.0,H,17,Sochi,Alfa Romeo Racing
18,51,RAI,19,0,11,10,15,0,53,40.7,28.0,0.0,1.7,53.2,1013.0,291.0,H,18,Sochi,Alfa Romeo Racing
19,51,RAI,20,0,10,10,15,0,53,40.7,28.3,0.0,1.3,53.3,1012.9,277.0,H,19,Sochi,Alfa Romeo Racing
20,51,RAI,21,0,10,10,15,0,54,40.6,28.3,0.0,1.0,52.8,1013.0,0.0,H,20,Sochi,Alfa Romeo Racing
21,51,RAI,22,0,10,10,15,0,54,40.8,28.4,0.0,2.2,52.2,1013.0,296.0,H,21,Sochi,Alfa Romeo Racing
22,51,RAI,23,0,10,10,15,0,55,41.2,28.3,0.0,1.8,52.0,1012.9,317.0,H,22,Sochi,Alfa Romeo Racing
23,51,RAI,24,0,10,10,15,0,55,40.8,28.6,0.0,0.9,52.2,1012.9,346.0,H,23,Sochi,Alfa Romeo Racing
24,51,RAI,25,0,10,10,15,0,56,40.6,28.5,0.0,1.3,52.4,1012.9,195.0,H,24,Sochi,Alfa Romeo Racing
25,51,RAI,26,0,10,10,15,0,56,40.6,28.8,0.0,1.4,51.0,1013.0,288.0,H,25,Sochi,Alfa Romeo Racing
26,51,RAI,27,0,10,10,15,0,56,40.6,28.8,0.0,1.3,50.6,1013.0,294.0,H,26,Sochi,Alfa Romeo Racing
27,51,RAI,28,0,10,10,15,0,57,41.0,29.2,0.0,0.5,49.4,1013.0,297.0,H,27,Sochi,Alfa Romeo Racing
28,51,RAI,29,0,10,10,15,0,57,39.8,28.7,0.0,2.5,50.4,1013.1,300.0,H,28,Sochi,Alfa Romeo Racing
29,51,RAI,30,0,10,9,15,0,57,39.6,28.8,0.0,1.5,51.4,1013.1,241.0,H,29,Sochi,Alfa Romeo Racing
30,51,RAI,31,0,9,9,15,0,58,39.6,28.6,0.0,2.5,51.3,1013.1,254.0,H,30,Sochi,Alfa Romeo Racing
31,51,RAI,32,0,9,9,15,0,58,39.4,28.3,0.0,2.3,52.5,1013.2,255.0,H,31,Sochi,Alfa Romeo Racing
32,51,RAI,33,0,9,9,15,0,58,39.4,28.1,0.0,2.2,53.1,1013.0,272.0,H,32,Sochi,Alfa Romeo Racing
33,51,RAI,34,0,9,10,15,0,59,39.8,28.2,0.0,2.2,52.6,1013.1,249.0,H,33,Sochi,Alfa Romeo Racing
34,51,RAI,35,0,10,12,15,0,59,39.6,28.1,0.0,2.7,53.4,1013.2,267.0,H,34,Sochi,Alfa Romeo Racing
35,51,RAI,36,0,12,16,15,0,59,39.2,27.6,0.0,1.9,54.8,1013.1,257.0,M,0,Sochi,Alfa Romeo Racing
36,51,RAI,37,0,16,16,15,0,59,39.5,28.1,0.0,2.1,54.5,1013.1,247.0,M,1,Sochi,Alfa Romeo Racing
37,51,RAI,38,0,16,16,15,0,60,39.7,28.3,0.0,1.5,53.5,1013.2,228.0,M,2,Sochi,Alfa Romeo Racing
38,51,RAI,39,0,16,16,15,0,60,39.7,28.4,0.0,1.8,53.7,1013.2,243.0,M,3,Sochi,Alfa Romeo Racing
39,51,RAI,40,0,16,16,15,0,60,39.6,28.1,0.0,1.5,54.4,1013.1,261.0,M,4,Sochi,Alfa Romeo Racing
40,51,RAI,41,0,16,16,15,0,61,39.5,28.1,0.0,2.1,53.9,1013.1,261.0,M,5,Sochi,Alfa Romeo Racing
41,51,RAI,42,0,16,15,15,0,61,39.5,28.0,0.0,2.1,55.0,1013.1,263.0,M,6,Sochi,Alfa Romeo Racing
42,51,RAI,43,2,15,15,15,0,61,39.0,27.8,0.0,1.3,55.7,1013.1,0.0,M,7,Sochi,Alfa Romeo Racing
43,51,RAI,44,0,15,15,15,0,61,38.8,28.1,0.0,0.4,54.8,1013.1,38.0,M,8,Sochi,Alfa Romeo Racing
44,51,RAI,45,0,15,15,15,0,61,39.1,28.5,0.0,1.3,53.4,1013.1,353.0,M,9,Sochi,Alfa Romeo Racing
45,51,RAI,46,0,15,15,15,0,62,38.6,27.8,0.0,2.3,55.6,1013.1,287.0,M,10,Sochi,Alfa Romeo Racing
46,51,RAI,47,0,15,15,15,0,62,38.6,27.8,0.0,1.2,56.0,1013.1,254.0,M,11,Sochi,Alfa Romeo Racing
47,51,RAI,48,0,15,14,15,0,62,38.5,28.0,0.0,1.6,55.6,1013.1,244.0,M,12,Sochi,Alfa Romeo Racing
48,51,RAI,49,0,14,14,15,0,62,38.7,28.1,0.0,1.6,54.9,1013.1,218.0,M,13,Sochi,Alfa Romeo Racing
49,51,RAI,50,0,14,14,15,0,62,38.7,28.0,0.0,1.8,55.5,1013.1,248.0,M,14,Sochi,Alfa Romeo Racing
50,51,RAI,51,0,14,14,15,0,62,38.0,28.4,0.0,1.4,54.9,1013.2,241.0,M,15,Sochi,Alfa Romeo Racing
51,51,RAI,52,0,14,14,15,0,62,37.6,27.9,0.0,2.1,56.5,1013.2,244.0,M,16,Sochi,Alfa Romeo Racing
0,51,LAT,1,2,14,14,14,0,39,41.0,30.3,0.0,0.5,45.9,1012.5,46.0,M,0,Sochi,Williams
1,51,LAT,2,2,14,14,14,0,40,41.1,30.4,0.0,0.5,46.0,1012.5,34.0,M,1,Sochi,Williams
2,51,LAT,3,2,14,14,14,0,40,41.1,30.2,0.0,0.9,46.5,1012.6,61.0,M,2,Sochi,Williams
3,51,LAT,4,2,14,14,14,0,40,40.7,30.4,0.0,0.0,45.7,1012.6,46.0,M,3,Sochi,Williams
4,51,LAT,5,2,14,14,14,0,41,40.8,30.4,0.0,0.4,45.6,1012.7,0.0,M,4,Sochi,Williams
5,51,LAT,6,0,14,14,14,0,43,40.8,30.4,0.0,0.9,45.3,1012.6,25.0,M,5,Sochi,Williams
6,51,LAT,7,0,14,14,14,0,45,40.5,30.5,0.0,0.7,45.0,1012.7,11.0,M,6,Sochi,Williams
7,51,LAT,8,0,14,14,14,0,45,39.9,30.3,0.0,0.8,46.3,1012.8,135.0,M,7,Sochi,Williams
8,51,LAT,9,0,14,15,14,0,46,40.1,30.2,0.0,0.7,46.5,1012.8,136.0,M,8,Sochi,Williams
9,51,LAT,10,0,15,15,14,0,47,40.0,29.3,0.0,3.0,49.5,1012.8,256.0,M,9,Sochi,Williams
10,51,LAT,11,0,15,15,14,0,48,40.0,28.9,0.0,2.3,50.1,1012.8,269.0,M,10,Sochi,Williams
11,51,LAT,12,0,15,15,14,0,49,40.2,29.0,0.0,1.6,49.8,1012.9,278.0,M,11,Sochi,Williams
12,51,LAT,13,0,15,15,14,0,50,40.2,28.9,0.0,2.1,50.6,1012.9,252.0,M,12,Sochi,Williams
13,51,LAT,14,0,15,15,14,0,50,40.7,29.0,0.0,1.6,49.4,1012.8,299.0,M,13,Sochi,Williams
14,51,LAT,15,0,15,15,14,0,51,40.7,28.5,0.0,2.8,51.9,1012.9,249.0,M,14,Sochi,Williams
15,51,LAT,16,0,15,17,14,0,51,40.5,27.9,0.0,2.1,53.9,1012.9,256.0,M,15,Sochi,Williams
16,51,LAT,17,0,17,16,14,0,52,40.8,27.9,0.0,1.1,53.7,1012.9,282.0,M,16,Sochi,Williams
17,51,LAT,18,0,16,17,14,0,53,40.7,28.3,0.0,1.3,53.3,1012.9,277.0,H,0,Sochi,Williams
18,51,LAT,19,0,17,17,14,0,53,41.4,28.5,0.0,1.2,52.8,1012.9,314.0,H,1,Sochi,Williams
19,51,LAT,20,0,17,17,14,0,54,41.4,28.2,0.0,1.8,52.2,1013.0,323.0,H,2,Sochi,Williams
20,51,LAT,21,0,17,17,14,0,55,40.6,28.3,0.0,1.0,52.8,1013.0,0.0,H,3,Sochi,Williams
21,51,LAT,22,0,17,17,14,0,55,40.6,28.5,0.0,0.0,50.6,1012.9,283.0,H,4,Sochi,Williams
22,51,LAT,23,0,17,17,14,0,56,40.8,28.4,0.0,2.2,52.2,1013.0,296.0,H,5,Sochi,Williams
23,51,LAT,24,0,17,17,14,0,57,41.2,28.3,0.0,1.8,52.0,1012.9,317.0,H,6,Sochi,Williams
24,51,LAT,25,0,17,17,14,0,57,40.8,28.5,0.0,0.6,52.2,1012.9,297.0,H,7,Sochi,Williams
25,51,LAT,26,0,17,17,14,0,58,40.8,28.6,0.0,0.9,52.2,1012.9,346.0,H,8,Sochi,Williams
26,51,LAT,27,0,17,17,14,0,58,40.9,28.9,0.0,0.6,50.9,1012.9,279.0,H,9,Sochi,Williams
27,51,LAT,28,0,17,17,14,0,58,40.6,28.9,0.0,0.8,50.5,1012.9,314.0,H,10,Sochi,Williams
28,51,LAT,29,0,17,17,14,0,59,41.0,29.2,0.0,0.5,49.4,1013.0,297.0,H,11,Sochi,Williams
29,51,LAT,30,0,17,17,14,0,59,39.8,28.7,0.0,2.5,50.4,1013.1,300.0,H,12,Sochi,Williams
30,51,LAT,31,0,17,17,14,0,60,39.6,28.8,0.0,1.5,51.4,1013.1,241.0,H,13,Sochi,Williams
31,51,LAT,32,0,17,17,14,0,60,39.4,28.1,0.0,2.2,53.1,1013.0,272.0,H,14,Sochi,Williams
32,51,LAT,33,0,17,17,14,0,60,39.6,28.1,0.0,2.7,53.4,1013.2,267.0,H,15,Sochi,Williams
33,51,LAT,34,0,17,17,14,0,60,39.2,27.7,0.0,2.8,54.5,1013.1,279.0,H,16,Sochi,Williams
34,51,LAT,35,0,17,17,14,0,61,39.6,28.0,0.0,1.9,53.9,1013.1,247.0,H,17,Sochi,Williams
35,51,LAT,36,0,17,17,14,0,61,39.8,28.3,0.0,2.4,53.3,1013.1,263.0,H,18,Sochi,Williams
36,51,LAT,37,0,17,17,14,0,61,40.2,28.3,0.0,2.5,53.3,1013.1,276.0,H,19,Sochi,Williams
37,51,LAT,38,0,17,17,14,0,61,39.7,28.3,0.0,1.5,53.5,1013.2,228.0,H,20,Sochi,Williams
38,51,LAT,39,0,17,17,14,0,62,39.7,28.4,0.0,1.8,53.7,1013.2,243.0,H,21,Sochi,Williams
39,51,LAT,40,0,17,17,14,0,62,39.7,28.5,0.0,1.4,53.4,1013.1,244.0,H,22,Sochi,Williams
40,51,LAT,41,0,17,17,14,0,62,39.6,28.1,0.0,1.5,54.4,1013.1,261.0,H,23,Sochi,Williams
41,51,LAT,42,0,17,17,14,0,62,39.5,28.0,0.0,2.1,55.0,1013.1,263.0,H,24,Sochi,Williams
42,51,LAT,43,2,17,16,14,0,62,39.0,27.8,0.0,2.4,55.6,1013.1,271.0,H,25,Sochi,Williams
43,51,LAT,44,0,16,16,14,0,63,38.7,27.7,0.0,2.4,55.8,1013.1,316.0,H,26,Sochi,Williams
44,51,LAT,45,0,16,16,14,0,63,39.1,28.5,0.0,1.3,53.4,1013.1,353.0,H,27,Sochi,Williams
45,51,LAT,46,0,16,16,14,0,63,39.1,28.4,0.0,1.2,53.8,1013.1,277.0,H,28,Sochi,Williams
46,51,LAT,47,0,16,16,14,0,63,38.6,27.8,0.0,2.3,55.6,1013.1,287.0,H,29,Sochi,Williams
47,51,LAT,48,0,16,16,14,0,63,38.6,27.8,0.0,1.2,56.0,1013.1,254.0,H,30,Sochi,Williams
48,51,LAT,49,0,16,16,14,0,63,38.7,28.0,0.0,1.8,55.5,1013.1,248.0,H,31,Sochi,Williams
49,51,LAT,50,0,16,16,14,0,63,38.2,28.2,0.0,1.5,55.5,1013.1,236.0,H,32,Sochi,Williams
50,51,LAT,51,0,16,16,14,0,64,38.2,28.3,0.0,1.8,55.2,1013.1,241.0,H,33,Sochi,Williams
51,51,LAT,52,0,16,16,14,0,64,37.6,27.9,0.0,2.1,56.5,1013.2,244.0,H,34,Sochi,Williams
