,idGP,driver,lap,trackStatus,position,targetPosition,grid,out,performance,trackTemp,airTemp,raining,windSpeed,humidity,pressure,windDir,tyre,tyreLap,track,team
0,49,HAM,1,0,1,1,1,0,68,45.5,28.0,0.0,1.4,39.1,991.2,255.0,S,3,Monza,Mercedes
1,49,HAM,2,0,1,1,1,0,68,44.0,27.8,0.0,0.6,39.7,991.2,170.0,S,4,Monza,Mercedes
2,49,HAM,3,0,1,1,1,0,66,44.2,28.2,0.0,1.2,40.1,991.2,162.0,S,5,Monza,Mercedes
3,49,HAM,4,0,1,1,1,0,63,44.7,28.0,0.0,2.2,40.0,991.2,175.0,S,6,Monza,Mercedes
4,49,HAM,5,0,1,1,1,0,62,44.4,27.9,0.0,1.0,40.6,991.2,190.0,S,7,Monza,Mercedes
5,49,HAM,6,0,1,1,1,0,61,44.3,28.1,0.0,2.1,40.5,991.0,166.0,S,8,Monza,Mercedes
6,49,HAM,7,0,1,1,1,0,59,43.8,28.1,0.0,2.2,40.8,991.0,174.0,S,9,Monza,Mercedes
7,49,HAM,8,1,1,1,1,0,59,43.7,28.4,0.0,2.6,40.1,990.9,165.0,S,10,Monza,Mercedes
8,49,HAM,9,1,1,1,1,0,57,43.7,28.5,0.0,3.1,39.4,990.9,154.0,S,11,Monza,Mercedes
9,49,HAM,10,0,1,1,1,0,56,43.7,27.9,0.0,1.6,40.8,990.9,161.0,S,12,Monza,Mercedes
10,49,HAM,11,0,1,1,1,0,56,44.1,28.2,0.0,3.1,40.7,990.7,179.0,S,13,Monza,Mercedes
11,49,HAM,12,0,1,1,1,0,55,43.5,27.9,0.0,1.5,40.6,990.8,173.0,S,14,Monza,Mercedes
12,49,HAM,13,0,1,1,1,0,55,43.6,27.8,0.0,2.1,41.3,990.7,145.0,S,15,Monza,Mercedes
13,49,HAM,14,0,1,1,1,0,55,44.2,27.8,0.0,2.3,41.2,990.7,154.0,S,16,Monza,Mercedes
14,49,HAM,15,0,1,1,1,0,55,43.6,27.5,0.0,0.9,41.2,990.6,174.0,S,17,Monza,Mercedes
15,49,HAM,16,0,1,1,1,0,54,43.9,28.5,0.0,1.3,40.2,990.6,161.0,S,18,Monza,Mercedes
16,49,HAM,17,0,1,1,1,0,54,44.3,28.6,0.0,1.6,38.7,990.6,168.0,S,19,Monza,Mercedes
17,49,HAM,18,0,1,1,1,0,54,43.6,28.4,0.0,1.5,39.9,990.6,200.0,S,20,Monza,Mercedes
18,49,HAM,19,0,1,1,1,0,53,43.0,28.5,0.0,1.8,39.4,990.6,152.0,S,21,Monza,Mercedes
19,49,HAM,20,2,1,1,1,0,54,42.7,28.5,0.0,0.9,40.0,990.5,168.0,S,22,Monza,Mercedes
20,49,HAM,21,2,1,2,1,0,53,42.1,28.6,0.0,1.2,40.3,990.6,149.0,M,0,Monza,Mercedes
21,49,HAM,22,2,2,1,1,0,48,41.1,28.6,0.0,0.9,39.3,990.6,242.0,M,1,Monza,Mercedes
22,49,HAM,23,2,1,1,1,0,42,40.3,28.5,0.0,1.0,40.2,990.5,273.0,M,2,Monza,Mercedes
23,49,HAM,24,0,1,1,1,0,41,40.3,28.5,0.0,1.0,40.0,990.4,2.0,M,3,Monza,Mercedes
24,49,HAM,25,2,1,1,1,0,42,40.3,28.8,0.0,1.0,39.2,990.6,213.0,M,4,Monza,Mercedes
25,49,HAM,26,2,1,1,1,0,40,39.0,28.3,0.0,2.5,40.7,990.5,193.0,M,5,Monza,Mercedes
26,49,HAM,27,2,1,1,1,0,39,38.9,28.3,0.0,2.4,39.3,990.5,163.0,H,0,Monza,Mercedes
27,49,HAM,28,0,1,4,1,0,38,38.3,28.3,0.0,2.5,39.6,990.6,162.0,H,2,Monza,Mercedes
28,49,HAM,29,0,4,17,1,0,39,38.3,28.0,0.0,2.2,39.8,990.5,178.0,H,3,Monza,Mercedes
29,49,HAM,30,0,17,17,1,0,39,37.7,27.9,0.0,0.8,39.9,990.5,52.0,H,4,Monza,Mercedes
30,49,HAM,31,0,17,15,1,0,39,37.4,28.0,0.0,1.9,40.7,990.5,154.0,H,5,Monza,Mercedes
31,49,HAM,32,0,15,15,1,0,39,37.7,28.0,0.0,1.2,40.0,990.5,170.0,H,6,Monza,Mercedes
32,49,HAM,33,0,15,15,1,0,39,37.3,28.1,0.0,1.2,39.4,990.6,152.0,H,7,Monza,Mercedes
33,49,HAM,34,0,15,15,1,0,40,37.0,28.1,0.0,0.6,39.2,990.5,173.0,H,8,Monza,Mercedes
34,49,HAM,35,0,15,15,1,0,40,36.2,28.1,0.0,0.0,39.5,990.5,149.0,H,9,Monza,Mercedes
35,49,HAM,36,0,15,15,1,0,40,36.2,28.4,0.0,1.8,40.1,990.4,183.0,H,10,Monza,Mercedes
36,49,HAM,37,0,15,15,1,0,40,35.7,28.3,0.0,0.9,39.7,990.4,189.0,H,11,Monza,Mercedes
37,49,HAM,38,0,15,15,1,0,40,36.0,28.8,0.0,1.2,38.9,990.4,193.0,H,12,Monza,Mercedes
38,49,HAM,39,0,15,15,1,0,41,36.0,28.9,0.0,2.5,38.8,990.4,184.0,H,13,Monza,Mercedes
39,49,HAM,40,0,15,14,1,0,41,36.1,28.6,0.0,2.5,39.6,990.3,152.0,H,14,Monza,Mercedes
40,49,HAM,41,0,14,13,1,0,42,35.7,28.2,0.0,1.3,39.3,990.4,180.0,H,15,Monza,Mercedes
41,49,HAM,42,0,13,12,1,0,42,35.6,28.3,0.0,2.3,39.8,990.4,182.0,H,16,Monza,Mercedes
42,49,HAM,43,0,12,12,1,0,43,35.7,28.6,0.0,1.8,38.8,990.4,164.0,H,17,Monza,Mercedes
43,49,HAM,44,0,12,12,1,0,44,35.8,28.2,0.0,1.8,39.5,990.4,200.0,H,18,Monza,Mercedes
44,49,HAM,45,0,12,11,1,0,45,36.0,28.4,0.0,2.1,39.1,990.4,194.0,H,19,Monza,Mercedes
45,49,HAM,46,0,11,10,1,0,45,35.9,28.7,0.0,1.3,38.0,990.4,211.0,H,20,Monza,Mercedes
46,49,HAM,47,0,10,10,1,0,46,36.5,28.7,0.0,2.6,39.2,990.4,197.0,H,21,Monza,Mercedes
47,49,HAM,48,0,10,10,1,0,46,36.3,28.6,0.0,2.0,38.7,990.5,231.0,H,22,Monza,Mercedes
48,49,HAM,49,0,10,9,1,0,46,36.9,28.2,0.0,0.8,39.3,990.3,236.0,H,23,Monza,Mercedes
49,49,HAM,50,0,9,9,1,0,47,36.9,28.4,0.0,1.8,39.2,990.4,190.0,H,24,Monza,Mercedes
50,49,HAM,51,0,9,8,1,0,47,37.6,28.5,0.0,1.7,39.9,990.4,164.0,H,25,Monza,Mercedes
51,49,HAM,52,0,8,8,1,0,48,37.7,28.6,0.0,1.7,39.1,990.4,174.0,H,26,Monza,Mercedes
52,49,HAM,53,0,8,7,1,0,48,36.2,27.8,0.0,2.0,41.9,990.3,198.0,S,3,Monza,Mercedes
0,49,BOT,1,0,6,6,6,0,64,45.5,28.0,0.0,1.4,39.1,991.2,255.0,S,3,Monza,Mercedes
1,49,BOT,2,0,6,6,6,0,58,43.9,27.6,0.0,0.8,41.6,991.1,193.0,S,4,Monza,Mercedes
2,49,BOT,3,0,6,6,6,0,58,44.7,28.0,0.0,2.2,40.0,991.2,175.0,S,5,Monza,Mercedes
3,49,BOT,4,0,6,6,6,0,55,44.4,27.9,0.0,1.0,40.6,991.2,190.0,S,6,Monza,Mercedes
4,49,BOT,5,0,6,6,6,0,53,44.3,28.1,0.0,2.1,40.5,991.0,166.0,S,7,Monza,Mercedes
5,49,BOT,6,0,6,6,6,0,51,43.9,28.2,0.0,2.0,39.9,991.1,169.0,S,8,Monza,Mercedes
6,49,BOT,7,0,6,6,6,0,51,43.6,28.3,0.0,1.4,40.3,991.0,176.0,S,9,Monza,Mercedes
7,49,BOT,8,1,6,6,6,0,52,43.7,28.2,0.0,2.7,41.0,991.0,198.0,S,10,Monza,Mercedes
8,49,BOT,9,1,6,6,6,0,51,43.7,28.5,0.0,3.1,39.4,990.9,154.0,S,11,Monza,Mercedes
9,49,BOT,10,0,6,6,6,0,51,44.2,28.2,0.0,1.1,40.3,990.9,145.0,S,12,Monza,Mercedes
10,49,BOT,11,0,6,6,6,0,52,44.1,28.2,0.0,3.1,40.7,990.7,179.0,S,13,Monza,Mercedes
11,49,BOT,12,0,6,6,6,0,52,43.6,27.5,0.0,0.9,41.2,990.6,174.0,S,14,Monza,Mercedes
12,49,BOT,13,0,6,6,6,0,51,43.6,27.6,0.0,1.6,41.1,990.6,157.0,S,15,Monza,Mercedes
13,49,BOT,14,0,6,6,6,0,51,43.6,27.9,0.0,2.2,40.7,990.6,152.0,S,16,Monza,Mercedes
14,49,BOT,15,0,6,6,6,0,51,43.9,27.8,0.0,2.0,40.6,990.6,167.0,S,17,Monza,Mercedes
15,49,BOT,16,0,6,6,6,0,51,43.9,27.7,0.0,1.3,41.0,990.6,201.0,S,18,Monza,Mercedes
16,49,BOT,17,0,6,6,6,0,51,43.9,27.7,0.0,1.0,41.4,990.6,173.0,S,19,Monza,Mercedes
17,49,BOT,18,0,6,6,6,0,51,44.4,28.6,0.0,2.7,40.3,990.5,236.0,S,20,Monza,Mercedes
18,49,BOT,19,0,6,6,6,0,51,44.3,28.6,0.0,1.6,38.7,990.6,168.0,S,21,Monza,Mercedes
19,49,BOT,20,2,6,6,6,0,50,43.6,28.4,0.0,1.5,39.9,990.6,200.0,S,22,Monza,Mercedes
20,49,BOT,21,2,6,6,6,0,47,42.9,28.3,0.0,2.4,40.0,990.6,190.0,S,23,Monza,Mercedes
21,49,BOT,22,2,6,7,6,0,41,42.8,28.2,0.0,1.5,40.4,990.5,186.0,S,24,Monza,Mercedes
22,49,BOT,23,2,7,10,6,0,39,42.7,28.5,0.0,0.9,40.0,990.5,168.0,M,0,Monza,Mercedes
23,49,BOT,24,0,10,8,6,0,40,41.1,28.6,0.0,0.9,39.3,990.6,242.0,M,1,Monza,Mercedes
24,49,BOT,25,2,8,8,6,0,40,40.3,28.5,0.0,1.0,40.2,990.5,273.0,M,2,Monza,Mercedes
25,49,BOT,26,2,8,8,6,0,40,40.3,28.5,0.0,1.0,40.0,990.4,2.0,M,3,Monza,Mercedes
26,49,BOT,27,2,8,6,6,0,39,39.7,28.9,0.0,1.1,38.8,990.4,113.0,M,4,Monza,Mercedes
27,49,BOT,28,0,6,8,6,0,40,39.0,28.3,0.0,1.8,40.4,990.4,187.0,S,3,Monza,Mercedes
28,49,BOT,29,0,8,7,6,0,40,38.3,28.3,0.0,2.5,39.6,990.6,162.0,S,4,Monza,Mercedes
29,49,BOT,30,0,7,6,6,0,40,38.3,28.0,0.0,2.2,39.8,990.5,178.0,S,5,Monza,Mercedes
30,49,BOT,31,0,6,6,6,0,40,38.2,27.8,0.0,1.5,41.1,990.5,188.0,S,6,Monza,Mercedes
31,49,BOT,32,0,6,6,6,0,40,37.1,27.8,0.0,1.1,40.3,990.5,149.0,S,7,Monza,Mercedes
32,49,BOT,33,0,6,6,6,0,40,37.4,28.0,0.0,1.9,40.7,990.5,154.0,S,8,Monza,Mercedes
33,49,BOT,34,0,6,6,6,0,40,37.7,28.0,0.0,1.6,39.8,990.5,160.0,S,9,Monza,Mercedes
34,49,BOT,35,0,6,6,6,0,40,37.7,28.0,0.0,1.2,40.0,990.5,170.0,S,10,Monza,Mercedes
35,49,BOT,36,0,6,6,6,0,40,37.3,28.1,0.0,1.2,39.4,990.6,152.0,S,11,Monza,Mercedes
36,49,BOT,37,0,6,5,6,0,40,36.1,28.1,0.0,1.3,39.7,990.5,197.0,S,12,Monza,Mercedes
37,49,BOT,38,0,5,5,6,0,40,36.2,28.4,0.0,1.8,40.1,990.4,183.0,S,13,Monza,Mercedes
38,49,BOT,39,0,5,5,6,0,41,36.2,28.5,0.0,1.5,39.7,990.4,196.0,S,14,Monza,Mercedes
39,49,BOT,40,0,5,5,6,0,41,36.2,28.5,0.0,1.4,39.5,990.4,180.0,S,15,Monza,Mercedes
40,49,BOT,41,0,5,5,6,0,42,36.0,28.8,0.0,1.2,38.9,990.4,193.0,S,16,Monza,Mercedes
41,49,BOT,42,0,5,5,6,0,43,36.1,28.6,0.0,2.5,39.6,990.3,152.0,S,17,Monza,Mercedes
42,49,BOT,43,0,5,5,6,0,43,35.7,28.2,0.0,1.3,39.3,990.4,180.0,S,18,Monza,Mercedes
43,49,BOT,44,0,5,5,6,0,43,35.7,28.6,0.0,1.8,38.8,990.4,164.0,S,19,Monza,Mercedes
44,49,BOT,45,0,5,5,6,0,42,35.8,28.2,0.0,1.8,39.5,990.4,200.0,S,20,Monza,Mercedes
45,49,BOT,46,0,5,5,6,0,43,35.9,28.7,0.0,1.3,38.0,990.4,211.0,S,21,Monza,Mercedes
46,49,BOT,47,0,5,5,6,0,43,36.5,28.7,0.0,1.5,38.1,990.4,194.0,S,22,Monza,Mercedes
47,49,BOT,48,0,5,5,6,0,44,36.9,28.4,0.0,1.8,39.2,990.4,190.0,S,23,Monza,Mercedes
48,49,BOT,49,0,5,5,6,0,44,37.6,28.5,0.0,1.7,39.9,990.4,164.0,S,24,Monza,Mercedes
49,49,BOT,50,0,5,5,6,0,44,37.6,28.3,0.0,1.9,40.2,990.4,161.0,M,0,Monza,Mercedes
50,49,BOT,51,0,5,5,6,0,45,36.2,27.8,0.0,2.0,41.9,990.3,198.0,M,1,Monza,Mercedes
51,49,BOT,52,0,5,5,6,0,45,36.2,27.7,0.0,1.8,41.9,990.3,158.0,M,2,Monza,Mercedes
52,49,BOT,53,0,5,5,6,0,46,35.8,27.6,0.0,1.7,42.3,990.3,169.0,M,3,Monza,Mercedes
0,49,SAI,1,0,2,2,2,0,56,44.0,27.8,0.0,0.6,39.7,991.2,170.0,S,3,Monza,McLaren
1,49,SAI,2,0,2,2,2,0,62,44.2,27.9,0.0,1.1,39.9,991.2,165.0,S,4,Monza,McLaren
2,49,SAI,3,0,2,2,2,0,63,45.0,28.3,0.0,1.8,39.7,991.1,161.0,S,5,Monza,McLaren
3,49,SAI,4,0,2,2,2,0,63,44.7,28.0,0.0,2.2,40.0,991.2,175.0,S,6,Monza,McLaren
4,49,SAI,5,0,2,2,2,0,62,43.7,28.2,0.0,2.7,41.0,991.0,198.0,S,7,Monza,McLaren
5,49,SAI,6,0,2,2,2,0,62,43.7,28.5,0.0,3.1,39.4,990.9,154.0,S,8,Monza,McLaren
6,49,SAI,7,0,2,2,2,0,62,43.7,27.9,0.0,1.6,40.8,990.9,161.0,S,9,Monza,McLaren
7,49,SAI,8,1,2,2,2,0,61,43.8,27.7,0.0,1.7,41.2,991.0,160.0,S,10,Monza,McLaren
8,49,SAI,9,1,2,2,2,0,60,43.8,27.9,0.0,1.2,40.7,990.9,163.0,S,11,Monza,McLaren
9,49,SAI,10,0,2,2,2,0,60,44.2,28.2,0.0,1.1,40.3,990.9,145.0,S,12,Monza,McLaren
10,49,SAI,11,0,2,2,2,0,60,43.9,28.0,0.0,2.4,40.9,990.7,162.0,S,13,Monza,McLaren
11,49,SAI,12,0,2,2,2,0,60,43.6,27.5,0.0,0.9,41.2,990.6,174.0,S,14,Monza,McLaren
12,49,SAI,13,0,2,2,2,0,61,43.9,27.7,0.0,1.0,41.4,990.6,173.0,S,15,Monza,McLaren
13,49,SAI,14,0,2,2,2,0,61,43.9,28.5,0.0,1.3,40.2,990.6,161.0,S,16,Monza,McLaren
14,49,SAI,15,0,2,2,2,0,61,44.3,28.6,0.0,1.6,38.7,990.6,168.0,S,17,Monza,McLaren
15,49,SAI,16,0,2,2,2,0,61,42.9,28.3,0.0,2.4,40.0,990.6,190.0,S,18,Monza,McLaren
16,49,SAI,17,0,2,2,2,0,61,43.0,28.5,0.0,1.8,39.4,990.6,152.0,S,19,Monza,McLaren
17,49,SAI,18,0,2,2,2,0,61,42.9,28.1,0.0,1.4,40.0,990.5,215.0,S,20,Monza,McLaren
18,49,SAI,19,0,2,2,2,0,61,42.7,28.4,0.0,1.1,39.8,990.5,135.0,S,21,Monza,McLaren
19,49,SAI,20,2,2,2,2,0,65,42.1,28.5,0.0,1.0,39.9,990.5,182.0,S,22,Monza,McLaren
20,49,SAI,21,2,2,1,2,0,66,41.1,28.6,0.0,0.9,39.3,990.6,242.0,S,23,Monza,McLaren
21,49,SAI,22,2,1,2,2,0,60,40.3,28.8,0.0,1.0,39.2,990.6,213.0,S,24,Monza,McLaren
22,49,SAI,23,2,2,8,2,0,57,39.7,28.9,0.0,1.1,38.8,990.4,113.0,M,0,Monza,McLaren
23,49,SAI,24,0,8,6,2,0,55,39.5,28.5,0.0,1.4,39.7,990.5,160.0,M,1,Monza,McLaren
24,49,SAI,25,2,6,6,2,0,55,39.0,28.3,0.0,2.5,40.7,990.5,193.0,M,2,Monza,McLaren
25,49,SAI,26,2,6,6,2,0,50,38.9,28.3,0.0,2.4,39.3,990.5,163.0,M,3,Monza,McLaren
26,49,SAI,27,2,6,4,2,0,50,38.2,27.8,0.0,1.5,41.1,990.5,188.0,M,4,Monza,McLaren
27,49,SAI,28,0,4,6,2,0,48,37.7,27.9,0.0,0.8,39.9,990.5,52.0,S,3,Monza,McLaren
28,49,SAI,29,0,6,4,2,0,47,37.1,27.8,0.0,1.1,40.3,990.5,149.0,S,4,Monza,McLaren
29,49,SAI,30,0,4,3,2,0,47,37.4,28.0,0.0,1.9,40.7,990.5,154.0,S,5,Monza,McLaren
30,49,SAI,31,0,3,3,2,0,48,37.7,28.0,0.0,1.6,39.8,990.5,160.0,S,6,Monza,McLaren
31,49,SAI,32,0,3,3,2,0,48,37.7,28.0,0.0,1.2,40.0,990.5,170.0,S,7,Monza,McLaren
32,49,SAI,33,0,3,3,2,0,48,36.1,28.1,0.0,1.3,39.7,990.5,197.0,S,8,Monza,McLaren
33,49,SAI,34,0,3,2,2,0,48,35.7,28.3,0.0,0.9,39.7,990.4,189.0,S,9,Monza,McLaren
34,49,SAI,35,0,2,2,2,0,48,36.2,28.5,0.0,1.5,39.7,990.4,196.0,S,10,Monza,McLaren
35,49,SAI,36,0,2,2,2,0,49,36.0,28.9,0.0,3.1,39.2,990.4,156.0,S,11,Monza,McLaren
36,49,SAI,37,0,2,2,2,0,49,36.1,28.6,0.0,2.5,39.6,990.3,152.0,S,12,Monza,McLaren
37,49,SAI,38,0,2,2,2,0,49,36.2,28.5,0.0,2.0,38.9,990.4,152.0,S,13,Monza,McLaren
38,49,SAI,39,0,2,2,2,0,50,35.7,28.2,0.0,1.3,39.3,990.4,180.0,S,14,Monza,McLaren
39,49,SAI,40,0,2,2,2,0,50,35.6,28.3,0.0,2.3,39.8,990.4,182.0,S,15,Monza,McLaren
40,49,SAI,41,0,2,2,2,0,51,35.7,28.6,0.0,1.8,38.8,990.4,164.0,S,16,Monza,McLaren
41,49,SAI,42,0,2,2,2,0,52,35.8,28.2,0.0,1.8,39.5,990.4,200.0,S,17,Monza,McLaren
42,49,SAI,43,0,2,2,2,0,52,36.0,28.4,0.0,2.1,39.1,990.4,194.0,S,18,Monza,McLaren
43,49,SAI,44,0,2,2,2,0,53,36.0,28.6,0.0,2.6,38.8,990.5,192.0,S,19,Monza,McLaren
44,49,SAI,45,0,2,2,2,0,54,35.9,28.7,0.0,1.3,38.0,990.4,211.0,S,20,Monza,McLaren
45,49,SAI,46,0,2,2,2,0,54,37.6,28.5,0.0,1.7,39.9,990.4,164.0,S,21,Monza,McLaren
46,49,SAI,47,0,2,2,2,0,55,37.7,28.6,0.0,1.7,39.1,990.4,174.0,S,22,Monza,McLaren
47,49,SAI,48,0,2,2,2,0,55,37.5,28.1,0.0,1.2,40.8,990.4,182.0,S,23,Monza,McLaren
48,49,SAI,49,0,2,2,2,0,55,37.3,27.9,0.0,1.9,41.6,990.4,187.0,S,24,Monza,McLaren
49,49,SAI,50,0,2,2,2,0,55,36.4,27.8,0.0,1.5,41.5,990.4,163.0,M,0,Monza,McLaren
50,49,SAI,51,0,2,2,2,0,55,36.2,27.8,0.0,1.4,41.9,990.4,169.0,M,1,Monza,McLaren
51,49,SAI,52,0,2,2,2,0,55,36.1,27.6,0.0,1.6,42.0,990.4,162.0,M,2,Monza,McLaren
52,49,SAI,53,0,2,2,2,0,55,35.8,27.6,0.0,1.7,42.3,990.3,169.0,M,3,Monza,McLaren
0,49,PER,1,0,4,4,4,0,48,45.5,28.0,0.0,1.4,39.1,991.2,255.0,S,3,Monza,Racing Point
1,49,PER,2,0,4,4,4,0,43,44.4,27.6,0.0,0.7,40.5,991.2,205.0,S,4,Monza,Racing Point
2,49,PER,3,0,4,4,4,0,41,44.0,27.8,0.0,0.6,39.7,991.2,170.0,S,5,Monza,Racing Point
3,49,PER,4,0,4,4,4,0,37,44.2,27.9,0.0,1.1,39.9,991.2,165.0,S,6,Monza,Racing Point
4,49,PER,5,0,4,4,4,0,33,44.2,28.2,0.0,1.2,40.1,991.2,162.0,S,7,Monza,Racing Point
5,49,PER,6,0,4,4,4,0,32,44.3,28.1,0.0,2.1,40.5,991.0,166.0,S,8,Monza,Racing Point
6,49,PER,7,0,4,4,4,0,33,43.9,28.2,0.0,2.0,39.9,991.1,169.0,S,9,Monza,Racing Point
7,49,PER,8,1,4,4,4,0,34,43.7,28.2,0.0,2.7,41.0,991.0,198.0,S,10,Monza,Racing Point
8,49,PER,9,1,4,4,4,0,33,43.7,28.5,0.0,3.1,39.4,990.9,154.0,S,11,Monza,Racing Point
9,49,PER,10,0,4,4,4,0,33,43.7,27.9,0.0,1.6,40.8,990.9,161.0,S,12,Monza,Racing Point
10,49,PER,11,0,4,4,4,0,33,43.8,27.7,0.0,1.7,41.2,991.0,160.0,S,13,Monza,Racing Point
11,49,PER,12,0,4,4,4,0,33,44.2,28.2,0.0,1.1,40.3,990.9,145.0,S,14,Monza,Racing Point
12,49,PER,13,0,4,4,4,0,34,43.8,28.3,0.0,2.6,40.4,990.8,165.0,S,15,Monza,Racing Point
13,49,PER,14,0,4,4,4,0,34,43.5,27.9,0.0,1.5,40.6,990.8,173.0,S,16,Monza,Racing Point
14,49,PER,15,0,4,4,4,0,34,43.6,27.8,0.0,2.1,41.3,990.7,145.0,S,17,Monza,Racing Point
15,49,PER,16,0,4,4,4,0,34,44.2,27.8,0.0,2.3,41.2,990.7,154.0,S,18,Monza,Racing Point
16,49,PER,17,0,4,4,4,0,34,43.6,27.9,0.0,2.2,40.7,990.6,152.0,S,19,Monza,Racing Point
17,49,PER,18,0,4,4,4,0,34,43.9,27.7,0.0,1.0,41.4,990.6,173.0,S,20,Monza,Racing Point
18,49,PER,19,0,4,4,4,0,35,43.7,28.1,0.0,1.1,40.4,990.6,240.0,S,21,Monza,Racing Point
19,49,PER,20,2,4,4,4,0,41,44.4,28.6,0.0,2.7,40.3,990.5,236.0,S,22,Monza,Racing Point
20,49,PER,21,2,4,4,4,0,40,44.3,28.6,0.0,1.6,38.7,990.6,168.0,S,23,Monza,Racing Point
21,49,PER,22,2,4,5,4,0,33,42.7,28.5,0.0,0.9,40.0,990.5,168.0,S,24,Monza,Racing Point
22,49,PER,23,2,5,12,4,0,30,42.1,28.5,0.0,1.0,39.9,990.5,182.0,M,0,Monza,Racing Point
23,49,PER,24,0,12,14,4,0,30,41.1,28.6,0.0,0.9,39.3,990.6,242.0,M,1,Monza,Racing Point
24,49,PER,25,2,14,14,4,0,30,40.3,28.5,0.0,1.0,40.2,990.5,273.0,M,2,Monza,Racing Point
25,49,PER,26,2,14,14,4,0,28,40.3,28.5,0.0,1.0,40.0,990.4,2.0,M,3,Monza,Racing Point
26,49,PER,27,2,14,12,4,0,28,40.3,28.8,0.0,1.0,39.2,990.6,213.0,M,4,Monza,Racing Point
27,49,PER,28,0,12,13,4,0,28,40.0,28.9,0.0,0.8,39.3,990.5,164.0,M,5,Monza,Racing Point
28,49,PER,29,0,13,11,4,0,28,39.0,28.3,0.0,1.8,40.4,990.4,187.0,M,6,Monza,Racing Point
29,49,PER,30,0,11,11,4,0,28,39.0,28.3,0.0,2.5,40.7,990.5,193.0,M,7,Monza,Racing Point
30,49,PER,31,0,11,10,4,0,28,38.3,28.3,0.0,2.5,39.6,990.6,162.0,M,8,Monza,Racing Point
31,49,PER,32,0,10,10,4,0,28,38.3,28.0,0.0,2.2,39.8,990.5,178.0,M,9,Monza,Racing Point
32,49,PER,33,0,10,10,4,0,28,38.2,27.8,0.0,1.5,41.1,990.5,188.0,M,10,Monza,Racing Point
33,49,PER,34,0,10,10,4,0,28,38.2,27.9,0.0,1.6,40.4,990.5,164.0,S,3,Monza,Racing Point
34,49,PER,35,0,10,10,4,0,27,37.1,27.8,0.0,1.1,40.3,990.5,149.0,S,4,Monza,Racing Point
35,49,PER,36,0,10,10,4,0,28,37.4,28.0,0.0,1.9,40.7,990.5,154.0,S,5,Monza,Racing Point
36,49,PER,37,0,10,10,4,0,28,36.2,28.1,0.0,0.0,39.5,990.5,149.0,S,6,Monza,Racing Point
37,49,PER,38,0,10,10,4,0,28,36.2,28.4,0.0,1.8,40.1,990.4,183.0,S,7,Monza,Racing Point
38,49,PER,39,0,10,10,4,0,28,35.7,28.3,0.0,0.9,39.7,990.4,189.0,S,8,Monza,Racing Point
39,49,PER,40,0,10,10,4,0,29,36.2,28.5,0.0,1.4,39.5,990.4,180.0,S,9,Monza,Racing Point
40,49,PER,41,0,10,10,4,0,29,36.0,28.8,0.0,1.2,38.9,990.4,193.0,S,10,Monza,Racing Point
41,49,PER,42,0,10,10,4,0,30,36.0,28.9,0.0,2.5,38.8,990.4,184.0,S,11,Monza,Racing Point
42,49,PER,43,0,10,10,4,0,30,36.0,28.9,0.0,3.1,39.2,990.4,156.0,S,12,Monza,Racing Point
43,49,PER,44,0,10,10,4,0,31,36.1,28.6,0.0,2.5,39.6,990.3,152.0,S,13,Monza,Racing Point
44,49,PER,45,0,10,10,4,0,32,36.2,28.5,0.0,2.0,38.9,990.4,152.0,S,14,Monza,Racing Point
45,49,PER,46,0,10,9,4,0,33,35.7,28.6,0.0,1.8,38.8,990.4,164.0,S,15,Monza,Racing Point
46,49,PER,47,0,9,9,4,0,33,35.9,28.7,0.0,1.3,38.0,990.4,211.0,S,16,Monza,Racing Point
47,49,PER,48,0,9,9,4,0,34,36.9,28.2,0.0,0.8,39.3,990.3,236.0,S,17,Monza,Racing Point
48,49,PER,49,0,9,10,4,0,34,37.7,28.6,0.0,1.7,39.1,990.4,174.0,S,18,Monza,Racing Point
49,49,PER,50,0,10,10,4,0,34,37.5,28.1,0.0,1.2,40.8,990.4,182.0,S,19,Monza,Racing Point
50,49,PER,51,0,10,10,4,0,35,37.3,27.9,0.0,1.9,41.6,990.4,187.0,S,20,Monza,Racing Point
51,49,PER,52,0,10,10,4,0,35,36.2,27.8,0.0,2.0,41.9,990.3,198.0,S,21,Monza,Racing Point
52,49,PER,53,0,10,10,4,0,36,36.1,27.6,0.0,1.6,42.0,990.4,162.0,S,22,Monza,Racing Point
0,49,VER,1,0,7,7,7,0,53,44.2,27.9,0.0,1.1,39.9,991.2,165.0,S,3,Monza,Red Bull Racing
1,49,VER,2,0,7,8,7,0,56,43.7,28.2,0.0,2.7,41.0,991.0,198.0,S,4,Monza,Red Bull Racing
2,49,VER,3,0,8,7,7,0,55,43.8,27.9,0.0,1.2,40.7,990.9,163.0,S,5,Monza,Red Bull Racing
3,49,VER,4,0,7,7,7,0,54,44.2,28.2,0.0,1.1,40.3,990.9,145.0,S,6,Monza,Red Bull Racing
4,49,VER,5,0,7,7,7,0,51,44.1,28.2,0.0,3.1,40.7,990.7,179.0,S,7,Monza,Red Bull Racing
5,49,VER,6,0,7,7,7,0,49,43.8,28.3,0.0,2.6,40.4,990.8,165.0,S,8,Monza,Red Bull Racing
6,49,VER,7,0,7,7,7,0,50,44.2,27.8,0.0,2.3,41.2,990.7,154.0,S,9,Monza,Red Bull Racing
7,49,VER,8,1,7,7,7,0,50,43.6,27.5,0.0,0.9,41.2,990.6,174.0,S,10,Monza,Red Bull Racing
8,49,VER,9,1,7,7,7,0,49,44.1,27.9,0.0,1.5,40.1,990.7,169.0,S,11,Monza,Red Bull Racing
9,49,VER,10,0,7,7,7,0,49,42.9,28.3,0.0,2.2,39.6,990.5,194.0,S,12,Monza,Red Bull Racing
10,49,VER,11,0,7,7,7,0,50,42.9,28.3,0.0,2.4,40.0,990.6,190.0,S,13,Monza,Red Bull Racing
11,49,VER,12,0,7,7,7,0,50,42.9,28.1,0.0,1.4,40.0,990.5,215.0,S,14,Monza,Red Bull Racing
12,49,VER,13,0,7,7,7,0,49,42.9,28.0,0.0,1.6,40.8,990.6,0.0,S,15,Monza,Red Bull Racing
13,49,VER,14,0,7,7,7,0,49,42.8,28.2,0.0,1.5,40.4,990.5,186.0,S,16,Monza,Red Bull Racing
14,49,VER,15,0,7,7,7,0,49,42.7,28.4,0.0,1.1,39.8,990.5,135.0,S,17,Monza,Red Bull Racing
15,49,VER,16,0,7,7,7,0,49,42.1,28.5,0.0,1.0,39.9,990.5,182.0,S,18,Monza,Red Bull Racing
16,49,VER,17,0,7,7,7,0,49,40.3,28.8,0.0,1.0,39.2,990.6,213.0,S,19,Monza,Red Bull Racing
17,49,VER,18,0,7,7,7,0,49,39.7,28.9,0.0,1.1,38.8,990.4,113.0,S,20,Monza,Red Bull Racing
18,49,VER,19,0,7,7,7,0,49,38.2,27.9,0.0,1.6,40.4,990.5,164.0,S,21,Monza,Red Bull Racing
19,49,VER,20,2,7,7,7,0,52,35.7,28.3,0.0,0.9,39.7,990.4,189.0,S,22,Monza,Red Bull Racing
20,49,VER,21,2,7,7,7,0,50,36.0,28.8,0.0,1.2,38.9,990.4,193.0,S,23,Monza,Red Bull Racing
21,49,VER,22,2,7,8,7,0,45,35.7,28.2,0.0,1.3,39.3,990.4,180.0,S,24,Monza,Red Bull Racing
22,49,VER,23,2,8,13,7,0,44,35.6,28.3,0.0,2.3,39.8,990.4,182.0,M,0,Monza,Red Bull Racing
23,49,VER,24,0,13,11,7,0,44,35.8,28.2,0.0,1.8,39.5,990.4,200.0,M,1,Monza,Red Bull Racing
24,49,VER,25,2,11,11,7,0,44,36.9,28.4,0.0,1.8,39.2,990.4,190.0,M,2,Monza,Red Bull Racing
25,49,VER,26,2,11,11,7,0,43,37.6,28.5,0.0,1.7,39.9,990.4,164.0,M,3,Monza,Red Bull Racing
26,49,VER,27,2,11,9,7,0,43,36.2,27.8,0.0,1.4,41.9,990.4,169.0,M,4,Monza,Red Bull Racing
27,49,VER,28,0,9,14,7,0,42,36.2,27.8,0.0,2.0,41.9,990.3,198.0,S,3,Monza,Red Bull Racing
28,49,VER,29,0,14,14,7,0,42,36.1,27.6,0.0,1.6,42.0,990.4,162.0,S,4,Monza,Red Bull Racing
29,49,VER,30,0,14,16,7,1,42,35.8,27.6,0.0,1.7,42.3,990.3,169.0,S,5,Monza,Red Bull Racing
0,49,NOR,1,0,3,3,3,0,43,45.5,28.0,0.0,1.4,39.1,991.2,255.0,S,3,Monza,McLaren
1,49,NOR,2,0,3,3,3,0,46,44.4,27.6,0.0,0.7,40.5,991.2,205.0,S,4,Monza,McLaren
2,49,NOR,3,0,3,3,3,0,44,43.9,27.6,0.0,0.8,41.6,991.1,193.0,S,5,Monza,McLaren
3,49,NOR,4,0,3,3,3,0,44,44.0,27.8,0.0,0.6,39.7,991.2,170.0,S,6,Monza,McLaren
4,49,NOR,5,0,3,3,3,0,43,44.4,27.9,0.0,1.0,40.6,991.2,190.0,S,7,Monza,McLaren
5,49,NOR,6,0,3,3,3,0,42,43.8,28.1,0.0,2.2,40.8,991.0,174.0,S,8,Monza,McLaren
6,49,NOR,7,0,3,3,3,0,42,43.7,28.4,0.0,2.6,40.1,990.9,165.0,S,9,Monza,McLaren
7,49,NOR,8,1,3,3,3,0,43,43.7,27.9,0.0,1.6,40.8,990.9,161.0,S,10,Monza,McLaren
8,49,NOR,9,1,3,3,3,0,42,44.2,28.2,0.0,1.1,40.3,990.9,145.0,S,11,Monza,McLaren
9,49,NOR,10,0,3,3,3,0,42,43.8,28.3,0.0,2.6,40.4,990.8,165.0,S,12,Monza,McLaren
10,49,NOR,11,0,3,3,3,0,42,43.5,27.9,0.0,1.5,40.6,990.8,173.0,S,13,Monza,McLaren
11,49,NOR,12,0,3,3,3,0,43,43.8,27.5,0.0,2.3,40.6,990.7,159.0,S,14,Monza,McLaren
12,49,NOR,13,0,3,3,3,0,43,43.6,27.5,0.0,0.9,41.2,990.6,174.0,S,15,Monza,McLaren
13,49,NOR,14,0,3,3,3,0,43,43.6,27.6,0.0,1.6,41.1,990.6,157.0,S,16,Monza,McLaren
14,49,NOR,15,0,3,3,3,0,44,44.1,27.9,0.0,1.5,40.1,990.7,169.0,S,17,Monza,McLaren
15,49,NOR,16,0,3,3,3,0,44,43.9,27.8,0.0,2.0,40.6,990.6,167.0,S,18,Monza,McLaren
16,49,NOR,17,0,3,3,3,0,44,43.9,27.7,0.0,1.3,41.0,990.6,201.0,S,19,Monza,McLaren
17,49,NOR,18,0,3,3,3,0,44,43.7,28.4,0.0,1.4,39.9,990.6,216.0,S,20,Monza,McLaren
18,49,NOR,19,0,3,3,3,0,43,43.9,28.5,0.0,1.3,40.2,990.6,161.0,S,21,Monza,McLaren
19,49,NOR,20,2,3,3,3,0,50,44.4,28.6,0.0,2.7,40.3,990.5,236.0,S,22,Monza,McLaren
20,49,NOR,21,2,3,3,3,0,54,42.9,28.3,0.0,2.4,40.0,990.6,190.0,S,23,Monza,McLaren
21,49,NOR,22,2,3,4,3,0,50,42.9,28.0,0.0,1.6,40.8,990.6,0.0,S,24,Monza,McLaren
22,49,NOR,23,2,4,9,3,0,48,42.8,28.2,0.0,1.5,40.4,990.5,186.0,M,0,Monza,McLaren
23,49,NOR,24,0,9,7,3,0,48,42.7,28.5,0.0,0.9,40.0,990.5,168.0,M,1,Monza,McLaren
24,49,NOR,25,2,7,7,3,0,48,42.1,28.5,0.0,1.0,39.9,990.5,182.0,M,2,Monza,McLaren
25,49,NOR,26,2,7,7,3,0,44,42.1,28.6,0.0,1.2,40.3,990.6,149.0,M,3,Monza,McLaren
26,49,NOR,27,2,7,5,3,0,44,41.1,28.6,0.0,0.9,39.3,990.6,242.0,M,4,Monza,McLaren
27,49,NOR,28,0,5,7,3,0,42,40.0,28.9,0.0,0.8,39.3,990.5,164.0,M,5,Monza,McLaren
28,49,NOR,29,0,7,6,3,0,42,39.0,28.3,0.0,1.8,40.4,990.4,187.0,M,6,Monza,McLaren
29,49,NOR,30,0,6,5,3,0,42,38.9,28.3,0.0,2.4,39.3,990.5,163.0,M,7,Monza,McLaren
30,49,NOR,31,0,5,5,3,0,43,38.3,28.3,0.0,2.5,39.6,990.6,162.0,M,8,Monza,McLaren
31,49,NOR,32,0,5,5,3,0,44,38.3,28.0,0.0,2.2,39.8,990.5,178.0,M,9,Monza,McLaren
32,49,NOR,33,0,5,5,3,0,44,38.2,27.8,0.0,1.5,41.1,990.5,188.0,S,3,Monza,McLaren
33,49,NOR,34,0,5,5,3,0,45,38.2,27.9,0.0,1.6,40.4,990.5,164.0,S,4,Monza,McLaren
34,49,NOR,35,0,5,5,3,0,45,37.1,27.8,0.0,1.1,40.3,990.5,149.0,S,5,Monza,McLaren
35,49,NOR,36,0,5,4,3,0,45,37.4,28.0,0.0,1.9,40.7,990.5,154.0,S,6,Monza,McLaren
36,49,NOR,37,0,4,4,3,0,46,37.7,28.0,0.0,1.2,40.0,990.5,170.0,S,7,Monza,McLaren
37,49,NOR,38,0,4,4,3,0,46,36.2,28.1,0.0,0.0,39.5,990.5,149.0,S,8,Monza,McLaren
38,49,NOR,39,0,4,4,3,0,47,36.2,28.4,0.0,1.8,40.1,990.4,183.0,S,9,Monza,McLaren
39,49,NOR,40,0,4,4,3,0,48,35.7,28.3,0.0,0.9,39.7,990.4,189.0,S,10,Monza,McLaren
40,49,NOR,41,0,4,4,3,0,48,36.1,28.6,0.0,2.5,39.6,990.3,152.0,S,11,Monza,McLaren
41,49,NOR,42,0,4,4,3,0,50,36.2,28.5,0.0,2.0,38.9,990.4,152.0,S,12,Monza,McLaren
42,49,NOR,43,0,4,4,3,0,51,35.7,28.2,0.0,1.3,39.3,990.4,180.0,S,13,Monza,McLaren
43,49,NOR,44,0,4,4,3,0,52,35.6,28.3,0.0,2.3,39.8,990.4,182.0,S,14,Monza,McLaren
44,49,NOR,45,0,4,4,3,0,53,35.8,28.2,0.0,1.8,39.5,990.4,200.0,S,15,Monza,McLaren
45,49,NOR,46,0,4,4,3,0,54,36.0,28.6,0.0,2.6,38.8,990.5,192.0,S,16,Monza,McLaren
46,49,NOR,47,0,4,4,3,0,54,36.9,28.3,0.0,1.6,39.4,990.4,288.0,S,17,Monza,McLaren
47,49,NOR,48,0,4,4,3,0,55,37.7,28.6,0.0,1.7,39.1,990.4,174.0,S,18,Monza,McLaren
48,49,NOR,49,0,4,4,3,0,54,37.6,28.3,0.0,1.9,40.2,990.4,161.0,S,19,Monza,McLaren
49,49,NOR,50,0,4,4,3,0,54,37.3,27.9,0.0,1.9,41.6,990.4,187.0,S,20,Monza,McLaren
50,49,NOR,51,0,4,4,3,0,55,36.4,27.8,0.0,1.5,41.5,990.4,163.0,S,21,Monza,McLaren
51,49,NOR,52,0,4,4,3,0,55,36.2,27.7,0.0,1.8,41.9,990.3,158.0,S,22,Monza,McLaren
52,49,NOR,53,0,4,4,3,0,56,36.1,27.6,0.0,1.6,42.0,990.4,162.0,S,23,Monza,McLaren
0,49,RIC,1,0,5,5,5,0,47,45.5,28.0,0.0,1.4,39.1,991.2,255.0,S,3,Monza,Renault
1,49,RIC,2,0,5,5,5,0,48,44.4,27.6,0.0,0.7,40.5,991.2,205.0,S,4,Monza,Renault
2,49,RIC,3,0,5,5,5,0,49,43.9,27.6,0.0,0.8,41.6,991.1,193.0,S,5,Monza,Renault
3,49,RIC,4,0,5,5,5,0,49,44.2,27.9,0.0,1.1,39.9,991.2,165.0,S,6,Monza,Renault
4,49,RIC,5,0,5,5,5,0,48,44.2,28.2,0.0,1.2,40.1,991.2,162.0,S,7,Monza,Renault
5,49,RIC,6,0,5,5,5,0,48,44.4,27.9,0.0,1.0,40.6,991.2,190.0,S,8,Monza,Renault
6,49,RIC,7,0,5,5,5,0,48,44.3,28.1,0.0,2.1,40.5,991.0,166.0,S,9,Monza,Renault
7,49,RIC,8,1,5,5,5,0,49,43.9,28.2,0.0,2.0,39.9,991.1,169.0,S,10,Monza,Renault
8,49,RIC,9,1,5,5,5,0,49,43.8,28.1,0.0,2.2,40.8,991.0,174.0,S,11,Monza,Renault
9,49,RIC,10,0,5,5,5,0,49,43.6,28.3,0.0,1.4,40.3,991.0,176.0,S,12,Monza,Renault
10,49,RIC,11,0,5,5,5,0,49,43.7,28.4,0.0,2.6,40.1,990.9,165.0,S,13,Monza,Renault
11,49,RIC,12,0,5,5,5,0,49,43.8,27.7,0.0,1.7,41.2,991.0,160.0,S,14,Monza,Renault
12,49,RIC,13,0,5,5,5,0,49,43.6,27.7,0.0,2.2,41.7,990.7,161.0,S,15,Monza,Renault
13,49,RIC,14,0,5,5,5,0,50,43.6,27.8,0.0,2.1,41.3,990.7,145.0,S,16,Monza,Renault
14,49,RIC,15,0,5,5,5,0,49,43.9,28.0,0.0,2.4,40.9,990.7,162.0,S,17,Monza,Renault
15,49,RIC,16,0,5,5,5,0,50,43.6,27.5,0.0,0.9,41.2,990.6,174.0,S,18,Monza,Renault
16,49,RIC,17,0,5,5,5,0,50,43.6,27.9,0.0,2.2,40.7,990.6,152.0,S,19,Monza,Renault
17,49,RIC,18,0,5,5,5,0,50,44.1,27.9,0.0,1.5,40.1,990.7,169.0,S,20,Monza,Renault
18,49,RIC,19,0,5,5,5,0,50,43.9,27.7,0.0,1.3,41.0,990.6,201.0,S,21,Monza,Renault
19,49,RIC,20,2,5,5,5,0,56,43.9,28.5,0.0,1.3,40.2,990.6,161.0,S,22,Monza,Renault
20,49,RIC,21,2,5,5,5,0,58,43.6,28.4,0.0,1.5,39.9,990.6,200.0,S,23,Monza,Renault
21,49,RIC,22,2,5,6,5,0,55,43.0,28.5,0.0,1.8,39.4,990.6,152.0,S,24,Monza,Renault
22,49,RIC,23,2,6,11,5,0,54,42.9,28.1,0.0,1.4,40.0,990.5,215.0,M,0,Monza,Renault
23,49,RIC,24,0,11,10,5,0,54,42.8,28.2,0.0,1.5,40.4,990.5,186.0,M,1,Monza,Renault
24,49,RIC,25,2,10,10,5,0,55,42.7,28.5,0.0,0.9,40.0,990.5,168.0,M,2,Monza,Renault
25,49,RIC,26,2,10,10,5,0,54,42.1,28.6,0.0,1.2,40.3,990.6,149.0,M,3,Monza,Renault
26,49,RIC,27,2,10,8,5,0,54,41.1,28.6,0.0,0.9,39.3,990.6,242.0,M,4,Monza,Renault
27,49,RIC,28,0,8,9,5,0,54,40.3,28.5,0.0,1.0,40.2,990.5,273.0,M,5,Monza,Renault
28,49,RIC,29,0,9,8,5,0,55,40.3,28.5,0.0,1.0,40.0,990.4,2.0,M,6,Monza,Renault
29,49,RIC,30,0,8,7,5,0,55,40.0,28.9,0.0,0.8,39.3,990.5,164.0,M,7,Monza,Renault
30,49,RIC,31,0,7,7,5,0,55,39.0,28.3,0.0,1.8,40.4,990.4,187.0,M,8,Monza,Renault
31,49,RIC,32,0,7,7,5,0,56,39.0,28.3,0.0,2.5,40.7,990.5,193.0,M,9,Monza,Renault
32,49,RIC,33,0,7,7,5,0,56,38.2,27.8,0.0,1.5,41.1,990.5,188.0,S,3,Monza,Renault
33,49,RIC,34,0,7,7,5,0,56,38.2,27.9,0.0,1.6,40.4,990.5,164.0,S,4,Monza,Renault
34,49,RIC,35,0,7,7,5,0,56,37.1,27.8,0.0,1.1,40.3,990.5,149.0,S,5,Monza,Renault
35,49,RIC,36,0,7,7,5,0,56,37.7,28.0,0.0,1.2,40.0,990.5,170.0,S,6,Monza,Renault
36,49,RIC,37,0,7,7,5,0,56,36.9,28.1,0.0,0.7,39.5,990.6,0.0,S,7,Monza,Renault
37,49,RIC,38,0,7,6,5,0,57,36.1,28.1,0.0,1.3,39.7,990.5,197.0,S,8,Monza,Renault
38,49,RIC,39,0,6,6,5,0,57,36.1,28.4,0.0,1.4,39.2,990.4,127.0,S,9,Monza,Renault
39,49,RIC,40,0,6,6,5,0,58,35.7,28.3,0.0,0.9,39.7,990.4,189.0,S,10,Monza,Renault
40,49,RIC,41,0,6,6,5,0,58,36.2,28.5,0.0,1.4,39.5,990.4,180.0,S,11,Monza,Renault
41,49,RIC,42,0,6,6,5,0,59,36.0,28.9,0.0,3.1,39.2,990.4,156.0,S,12,Monza,Renault
42,49,RIC,43,0,6,6,5,0,59,36.2,28.5,0.0,2.0,38.9,990.4,152.0,S,13,Monza,Renault
43,49,RIC,44,0,6,6,5,0,59,35.8,28.2,0.0,1.8,39.5,990.4,200.0,S,14,Monza,Renault
44,49,RIC,45,0,6,6,5,0,60,35.9,28.7,0.0,1.3,38.0,990.4,211.0,S,15,Monza,Renault
45,49,RIC,46,0,6,6,5,0,60,36.5,28.7,0.0,1.5,38.1,990.4,194.0,S,16,Monza,Renault
46,49,RIC,47,0,6,6,5,0,60,36.9,28.4,0.0,1.8,39.2,990.4,190.0,S,17,Monza,Renault
47,49,RIC,48,0,6,6,5,0,61,37.6,28.5,0.0,1.7,39.9,990.4,164.0,S,18,Monza,Renault
48,49,RIC,49,0,6,6,5,0,61,37.5,28.1,0.0,1.2,40.8,990.4,182.0,S,19,Monza,Renault
49,49,RIC,50,0,6,6,5,0,61,37.3,27.9,0.0,1.9,41.6,990.4,187.0,S,20,Monza,Renault
50,49,RIC,51,0,6,6,5,0,61,36.4,27.8,0.0,1.5,41.5,990.4,163.0,S,21,Monza,Renault
51,49,RIC,52,0,6,6,5,0,62,36.2,27.7,0.0,1.8,41.9,990.3,158.0,S,22,Monza,Renault
52,49,RIC,53,0,6,6,5,0,62,35.8,27.6,0.0,1.7,42.3,990.3,169.0,S,23,Monza,Renault
0,49,STR,1,0,8,8,8,0,38,45.5,28.0,0.0,1.4,39.1,991.2,255.0,S,3,Monza,Racing Point
1,49,STR,2,0,8,7,8,0,36,44.5,27.7,0.0,0.9,40.2,991.2,253.0,S,4,Monza,Racing Point
2,49,STR,3,0,7,8,8,0,34,43.9,27.6,0.0,0.8,41.6,991.1,193.0,S,5,Monza,Racing Point
3,49,STR,4,0,8,8,8,0,33,44.0,27.8,0.0,0.6,39.7,991.2,170.0,S,6,Monza,Racing Point
4,49,STR,5,0,8,8,8,0,32,44.2,27.9,0.0,1.1,39.9,991.2,165.0,S,7,Monza,Racing Point
5,49,STR,6,0,8,8,8,0,31,44.2,28.2,0.0,1.2,40.1,991.2,162.0,S,8,Monza,Racing Point
6,49,STR,7,0,8,8,8,0,32,44.7,28.0,0.0,2.2,40.0,991.2,175.0,S,9,Monza,Racing Point
7,49,STR,8,1,8,8,8,0,33,44.4,27.9,0.0,1.0,40.6,991.2,190.0,S,10,Monza,Racing Point
8,49,STR,9,1,8,8,8,0,33,44.3,28.1,0.0,2.1,40.5,991.0,166.0,S,11,Monza,Racing Point
9,49,STR,10,0,8,8,8,0,33,43.9,28.2,0.0,2.0,39.9,991.1,169.0,S,12,Monza,Racing Point
10,49,STR,11,0,8,8,8,0,33,43.6,28.3,0.0,1.4,40.3,991.0,176.0,S,13,Monza,Racing Point
11,49,STR,12,0,8,8,8,0,34,43.7,28.5,0.0,3.1,39.4,990.9,154.0,S,14,Monza,Racing Point
12,49,STR,13,0,8,8,8,0,34,43.7,27.9,0.0,1.6,40.8,990.9,161.0,S,15,Monza,Racing Point
13,49,STR,14,0,8,8,8,0,35,43.8,27.7,0.0,1.7,41.2,991.0,160.0,S,16,Monza,Racing Point
14,49,STR,15,0,8,8,8,0,36,43.8,27.9,0.0,1.2,40.7,990.9,163.0,S,17,Monza,Racing Point
15,49,STR,16,0,8,8,8,0,36,44.2,28.2,0.0,1.1,40.3,990.9,145.0,S,18,Monza,Racing Point
16,49,STR,17,0,8,8,8,0,36,43.5,27.9,0.0,1.5,40.6,990.8,173.0,S,19,Monza,Racing Point
17,49,STR,18,0,8,8,8,0,36,43.9,28.0,0.0,2.4,40.9,990.7,162.0,S,20,Monza,Racing Point
18,49,STR,19,0,8,8,8,0,36,43.9,27.8,0.0,2.0,40.6,990.6,167.0,S,21,Monza,Racing Point
19,49,STR,20,2,8,8,8,0,45,43.9,27.7,0.0,1.3,41.0,990.6,201.0,S,22,Monza,Racing Point
20,49,STR,21,2,8,8,8,0,45,44.4,28.6,0.0,2.7,40.3,990.5,236.0,S,23,Monza,Racing Point
21,49,STR,22,2,8,3,8,0,41,42.9,28.3,0.0,2.2,39.6,990.5,194.0,S,24,Monza,Racing Point
22,49,STR,23,2,3,2,8,0,38,42.9,28.3,0.0,2.4,40.0,990.6,190.0,S,25,Monza,Racing Point
23,49,STR,24,0,2,2,8,0,36,43.0,28.5,0.0,1.8,39.4,990.6,152.0,S,26,Monza,Racing Point
24,49,STR,25,2,2,2,8,0,37,42.9,28.1,0.0,1.4,40.0,990.5,215.0,S,27,Monza,Racing Point
25,49,STR,26,2,2,2,8,0,33,42.9,28.0,0.0,1.6,40.8,990.6,0.0,S,28,Monza,Racing Point
26,49,STR,27,2,2,2,8,0,32,42.1,28.6,0.0,1.2,40.3,990.6,149.0,M,0,Monza,Racing Point
27,49,STR,28,0,2,5,8,0,31,39.7,28.9,0.0,1.1,38.8,990.4,113.0,M,1,Monza,Racing Point
28,49,STR,29,0,5,5,8,0,31,39.0,28.3,0.0,1.8,40.4,990.4,187.0,M,2,Monza,Racing Point
29,49,STR,30,0,5,4,8,0,31,39.0,28.3,0.0,2.5,40.7,990.5,193.0,M,3,Monza,Racing Point
30,49,STR,31,0,4,4,8,0,32,38.3,28.3,0.0,2.5,39.6,990.6,162.0,M,4,Monza,Racing Point
31,49,STR,32,0,4,4,8,0,32,38.2,27.8,0.0,1.5,41.1,990.5,188.0,M,5,Monza,Racing Point
32,49,STR,33,0,4,4,8,0,33,37.4,28.0,0.0,1.9,40.7,990.5,154.0,M,6,Monza,Racing Point
33,49,STR,34,0,4,4,8,0,33,37.7,28.0,0.0,1.6,39.8,990.5,160.0,S,3,Monza,Racing Point
34,49,STR,35,0,4,3,8,0,33,37.0,28.1,0.0,0.6,39.2,990.5,173.0,S,4,Monza,Racing Point
35,49,STR,36,0,3,3,8,0,34,36.9,28.1,0.0,0.7,39.5,990.6,0.0,S,5,Monza,Racing Point
36,49,STR,37,0,3,3,8,0,34,36.2,28.4,0.0,1.8,40.1,990.4,183.0,S,6,Monza,Racing Point
37,49,STR,38,0,3,3,8,0,35,36.1,28.4,0.0,1.4,39.2,990.4,127.0,S,7,Monza,Racing Point
38,49,STR,39,0,3,3,8,0,36,35.7,28.3,0.0,0.9,39.7,990.4,189.0,S,8,Monza,Racing Point
39,49,STR,40,0,3,3,8,0,37,36.2,28.5,0.0,1.5,39.7,990.4,196.0,S,9,Monza,Racing Point
40,49,STR,41,0,3,3,8,0,38,36.0,28.8,0.0,1.2,38.9,990.4,193.0,S,10,Monza,Racing Point
41,49,STR,42,0,3,3,8,0,39,36.0,28.9,0.0,2.5,38.8,990.4,184.0,S,11,Monza,Racing Point
42,49,STR,43,0,3,3,8,0,40,36.0,28.9,0.0,3.1,39.2,990.4,156.0,S,12,Monza,Racing Point
43,49,STR,44,0,3,3,8,0,41,36.2,28.5,0.0,2.0,38.9,990.4,152.0,S,13,Monza,Racing Point
44,49,STR,45,0,3,3,8,0,43,35.8,28.3,0.0,2.0,39.4,990.4,184.0,S,14,Monza,Racing Point
45,49,STR,46,0,3,3,8,0,43,36.0,28.4,0.0,2.1,39.1,990.4,194.0,S,15,Monza,Racing Point
46,49,STR,47,0,3,3,8,0,44,36.0,28.6,0.0,2.6,38.8,990.5,192.0,S,16,Monza,Racing Point
47,49,STR,48,0,3,3,8,0,45,36.9,28.3,0.0,1.6,39.4,990.4,288.0,S,17,Monza,Racing Point
48,49,STR,49,0,3,3,8,0,45,36.9,28.2,0.0,0.8,39.3,990.3,236.0,S,18,Monza,Racing Point
49,49,STR,50,0,3,3,8,0,46,37.7,28.6,0.0,1.7,39.1,990.4,174.0,S,19,Monza,Racing Point
50,49,STR,51,0,3,3,8,0,47,37.6,28.3,0.0,1.9,40.2,990.4,161.0,S,20,Monza,Racing Point
51,49,STR,52,0,3,3,8,0,47,37.5,28.1,0.0,1.2,40.8,990.4,182.0,S,21,Monza,Racing Point
52,49,STR,53,0,3,3,8,0,48,36.2,27.8,0.0,1.4,41.9,990.4,169.0,S,22,Monza,Racing Point
0,49,ALB,1,0,15,15,15,0,24,44.5,27.7,0.0,0.9,40.2,991.2,253.0,S,3,Monza,Red Bull Racing
1,49,ALB,2,0,15,15,15,0,21,44.4,27.6,0.0,0.7,40.5,991.2,205.0,S,4,Monza,Red Bull Racing
2,49,ALB,3,0,15,15,15,0,18,44.2,27.9,0.0,1.1,39.9,991.2,165.0,S,5,Monza,Red Bull Racing
3,49,ALB,4,0,15,14,15,0,18,45.0,28.3,0.0,1.8,39.7,991.1,161.0,S,6,Monza,Red Bull Racing
4,49,ALB,5,0,14,14,15,0,18,44.4,27.9,0.0,1.0,40.6,991.2,190.0,S,7,Monza,Red Bull Racing
5,49,ALB,6,0,14,14,15,0,18,44.3,28.1,0.0,2.1,40.5,991.0,166.0,S,8,Monza,Red Bull Racing
6,49,ALB,7,0,14,14,15,0,21,43.6,28.3,0.0,1.4,40.3,991.0,176.0,S,9,Monza,Red Bull Racing
7,49,ALB,8,1,14,14,15,0,23,43.7,28.4,0.0,2.6,40.1,990.9,165.0,S,10,Monza,Red Bull Racing
8,49,ALB,9,1,14,14,15,0,23,43.7,28.5,0.0,3.1,39.4,990.9,154.0,S,11,Monza,Red Bull Racing
9,49,ALB,10,0,14,14,15,0,24,43.7,27.9,0.0,1.6,40.8,990.9,161.0,S,12,Monza,Red Bull Racing
10,49,ALB,11,0,14,14,15,0,24,44.1,28.2,0.0,3.1,40.7,990.7,179.0,S,13,Monza,Red Bull Racing
11,49,ALB,12,0,14,14,15,0,25,43.6,27.7,0.0,2.2,41.7,990.7,161.0,S,14,Monza,Red Bull Racing
12,49,ALB,13,0,14,14,15,0,25,43.6,27.8,0.0,2.1,41.3,990.7,145.0,S,15,Monza,Red Bull Racing
13,49,ALB,14,0,14,14,15,0,25,44.2,27.8,0.0,2.3,41.2,990.7,154.0,S,16,Monza,Red Bull Racing
14,49,ALB,15,0,14,14,15,0,25,43.9,28.0,0.0,2.4,40.9,990.7,162.0,S,17,Monza,Red Bull Racing
15,49,ALB,16,0,14,14,15,0,25,43.8,27.5,0.0,2.3,40.6,990.7,159.0,S,18,Monza,Red Bull Racing
16,49,ALB,17,0,14,13,15,0,26,43.6,27.6,0.0,1.6,41.1,990.6,157.0,S,19,Monza,Red Bull Racing
17,49,ALB,18,0,13,12,15,0,26,43.9,27.8,0.0,2.0,40.6,990.6,167.0,S,20,Monza,Red Bull Racing
18,49,ALB,19,0,12,12,15,0,26,43.9,27.7,0.0,1.3,41.0,990.6,201.0,S,21,Monza,Red Bull Racing
19,49,ALB,20,2,12,11,15,0,35,43.9,27.7,0.0,1.0,41.4,990.6,173.0,S,22,Monza,Red Bull Racing
20,49,ALB,21,2,11,11,15,0,35,43.7,28.1,0.0,1.1,40.4,990.6,240.0,S,23,Monza,Red Bull Racing
21,49,ALB,22,2,11,15,15,0,31,44.3,28.6,0.0,1.6,38.7,990.6,168.0,S,24,Monza,Red Bull Racing
22,49,ALB,23,2,15,18,15,0,30,43.6,28.4,0.0,1.5,39.9,990.6,200.0,M,0,Monza,Red Bull Racing
23,49,ALB,24,0,18,16,15,0,31,42.9,28.3,0.0,2.2,39.6,990.5,194.0,M,1,Monza,Red Bull Racing
24,49,ALB,25,2,16,16,15,0,30,42.9,28.3,0.0,2.4,40.0,990.6,190.0,M,2,Monza,Red Bull Racing
25,49,ALB,26,2,16,16,15,0,30,42.7,28.4,0.0,1.1,39.8,990.5,135.0,M,3,Monza,Red Bull Racing
26,49,ALB,27,2,16,14,15,0,31,42.7,28.5,0.0,0.9,40.0,990.5,168.0,H,0,Monza,Red Bull Racing
27,49,ALB,28,0,14,17,15,0,31,42.1,28.6,0.0,1.2,40.3,990.6,149.0,S,3,Monza,Red Bull Racing
28,49,ALB,29,0,17,16,15,0,31,40.3,28.8,0.0,1.0,39.2,990.6,213.0,S,4,Monza,Red Bull Racing
29,49,ALB,30,0,16,15,15,0,31,40.0,28.9,0.0,0.8,39.3,990.5,164.0,S,5,Monza,Red Bull Racing
30,49,ALB,31,0,15,14,15,0,31,39.5,28.5,0.0,1.4,39.7,990.5,160.0,S,6,Monza,Red Bull Racing
31,49,ALB,32,0,14,14,15,0,31,39.0,28.3,0.0,2.5,40.7,990.5,193.0,S,7,Monza,Red Bull Racing
32,49,ALB,33,0,14,14,15,0,31,37.7,27.9,0.0,0.8,39.9,990.5,52.0,S,8,Monza,Red Bull Racing
33,49,ALB,34,0,14,14,15,0,31,37.4,28.0,0.0,1.9,40.7,990.5,154.0,S,9,Monza,Red Bull Racing
34,49,ALB,35,0,14,14,15,0,30,37.3,28.1,0.0,1.2,39.4,990.6,152.0,S,10,Monza,Red Bull Racing
35,49,ALB,36,0,14,14,15,0,30,37.0,28.1,0.0,0.6,39.2,990.5,173.0,S,11,Monza,Red Bull Racing
36,49,ALB,37,0,14,14,15,0,30,36.1,28.1,0.0,1.3,39.7,990.5,197.0,S,12,Monza,Red Bull Racing
37,49,ALB,38,0,14,14,15,0,31,36.2,28.4,0.0,1.8,40.1,990.4,183.0,S,13,Monza,Red Bull Racing
38,49,ALB,39,0,14,14,15,0,31,36.0,28.8,0.0,1.2,38.9,990.4,193.0,S,14,Monza,Red Bull Racing
39,49,ALB,40,0,14,15,15,0,32,35.6,28.3,0.0,2.3,39.8,990.4,182.0,S,15,Monza,Red Bull Racing
40,49,ALB,41,0,15,15,15,0,32,35.7,28.6,0.0,1.8,38.8,990.4,164.0,S,16,Monza,Red Bull Racing
41,49,ALB,42,0,15,15,15,0,33,35.8,28.3,0.0,2.0,39.4,990.4,184.0,S,17,Monza,Red Bull Racing
42,49,ALB,43,0,15,15,15,0,33,35.8,28.2,0.0,1.8,39.5,990.4,200.0,S,18,Monza,Red Bull Racing
43,49,ALB,44,0,15,15,15,0,35,36.9,28.3,0.0,1.6,39.4,990.4,288.0,S,19,Monza,Red Bull Racing
44,49,ALB,45,0,15,15,15,0,35,36.9,28.2,0.0,0.8,39.3,990.3,236.0,S,20,Monza,Red Bull Racing
45,49,ALB,46,0,15,15,15,0,35,36.9,28.4,0.0,1.8,39.2,990.4,190.0,S,21,Monza,Red Bull Racing
46,49,ALB,47,0,15,15,15,0,36,37.6,28.5,0.0,1.7,39.9,990.4,164.0,S,22,Monza,Red Bull Racing
47,49,ALB,48,0,15,15,15,0,36,37.7,28.6,0.0,1.7,39.1,990.4,174.0,S,23,Monza,Red Bull Racing
48,49,ALB,49,0,15,15,15,0,36,36.4,27.8,0.0,1.5,41.5,990.4,163.0,S,24,Monza,Red Bull Racing
49,49,ALB,50,0,15,15,15,0,37,36.2,27.8,0.0,1.4,41.9,990.4,169.0,M,0,Monza,Red Bull Racing
50,49,ALB,51,0,15,15,15,0,37,36.2,27.8,0.0,2.0,41.9,990.3,198.0,M,1,Monza,Red Bull Racing
51,49,ALB,52,0,15,15,15,0,37,36.2,27.7,0.0,1.8,41.9,990.3,158.0,M,2,Monza,Red Bull Racing
52,49,ALB,53,0,15,15,15,0,38,36.1,27.6,0.0,1.6,42.0,990.4,162.0,M,3,Monza,Red Bull Racing
0,49,GAS,1,0,10,10,10,0,72,44.4,27.6,0.0,0.7,40.5,991.2,205.0,S,3,Monza,AlphaTauri
1,49,GAS,2,0,10,10,10,0,80,43.9,27.6,0.0,0.8,41.6,991.1,193.0,S,4,Monza,AlphaTauri
2,49,GAS,3,0,10,10,10,0,81,44.0,27.8,0.0,0.6,39.7,991.2,170.0,S,5,Monza,AlphaTauri
3,49,GAS,4,0,10,10,10,0,79,44.4,27.9,0.0,1.0,40.6,991.2,190.0,S,6,Monza,AlphaTauri
4,49,GAS,5,0,10,10,10,0,79,44.3,28.1,0.0,2.1,40.5,991.0,166.0,S,7,Monza,AlphaTauri
5,49,GAS,6,0,10,10,10,0,79,43.6,28.3,0.0,1.4,40.3,991.0,176.0,S,8,Monza,AlphaTauri
6,49,GAS,7,0,10,10,10,0,81,43.7,28.2,0.0,2.7,41.0,991.0,198.0,S,9,Monza,AlphaTauri
7,49,GAS,8,1,10,10,10,0,82,43.7,28.5,0.0,3.1,39.4,990.9,154.0,S,10,Monza,AlphaTauri
8,49,GAS,9,1,10,10,10,0,81,43.8,27.7,0.0,1.7,41.2,991.0,160.0,S,11,Monza,AlphaTauri
9,49,GAS,10,0,10,10,10,0,81,43.8,27.9,0.0,1.2,40.7,990.9,163.0,S,12,Monza,AlphaTauri
10,49,GAS,11,0,10,10,10,0,80,44.1,28.2,0.0,3.1,40.7,990.7,179.0,S,13,Monza,AlphaTauri
11,49,GAS,12,0,10,10,10,0,80,43.6,27.7,0.0,2.2,41.7,990.7,161.0,S,14,Monza,AlphaTauri
12,49,GAS,13,0,10,10,10,0,81,43.6,27.8,0.0,2.1,41.3,990.7,145.0,S,15,Monza,AlphaTauri
13,49,GAS,14,0,10,10,10,0,81,43.9,28.0,0.0,2.4,40.9,990.7,162.0,S,16,Monza,AlphaTauri
14,49,GAS,15,0,10,10,10,0,82,43.6,27.5,0.0,0.9,41.2,990.6,174.0,S,17,Monza,AlphaTauri
15,49,GAS,16,0,10,10,10,0,82,43.9,27.7,0.0,1.3,41.0,990.6,201.0,S,18,Monza,AlphaTauri
16,49,GAS,17,0,10,10,10,0,82,43.7,28.1,0.0,1.1,40.4,990.6,240.0,S,19,Monza,AlphaTauri
17,49,GAS,18,0,10,10,10,0,83,44.4,28.6,0.0,2.7,40.3,990.5,236.0,S,20,Monza,AlphaTauri
18,49,GAS,19,0,10,11,10,0,83,42.9,28.3,0.0,2.2,39.6,990.5,194.0,S,21,Monza,AlphaTauri
19,49,GAS,20,2,11,15,10,0,87,42.9,28.3,0.0,2.4,40.0,990.6,190.0,H,0,Monza,AlphaTauri
20,49,GAS,21,2,15,14,10,0,88,43.0,28.5,0.0,1.8,39.4,990.6,152.0,H,1,Monza,AlphaTauri
21,49,GAS,22,2,14,9,10,0,88,42.8,28.2,0.0,1.5,40.4,990.5,186.0,H,2,Monza,AlphaTauri
22,49,GAS,23,2,9,3,10,0,87,42.7,28.4,0.0,1.1,39.8,990.5,135.0,H,3,Monza,AlphaTauri
23,49,GAS,24,0,3,3,10,0,87,39.7,28.9,0.0,1.1,38.8,990.4,113.0,H,4,Monza,AlphaTauri
24,49,GAS,25,2,3,3,10,0,88,39.5,28.5,0.0,1.4,39.7,990.5,160.0,H,5,Monza,AlphaTauri
25,49,GAS,26,2,3,3,10,0,85,39.0,28.3,0.0,1.8,40.4,990.4,187.0,H,6,Monza,AlphaTauri
26,49,GAS,27,2,3,3,10,0,84,39.0,28.3,0.0,2.5,40.7,990.5,193.0,M,0,Monza,AlphaTauri
27,49,GAS,28,0,3,1,10,0,82,38.9,28.3,0.0,2.4,39.3,990.5,163.0,M,1,Monza,AlphaTauri
28,49,GAS,29,0,1,1,10,0,83,38.3,28.0,0.0,2.2,39.8,990.5,178.0,M,2,Monza,AlphaTauri
29,49,GAS,30,0,1,1,10,0,83,38.2,27.9,0.0,1.6,40.4,990.5,164.0,M,3,Monza,AlphaTauri
30,49,GAS,31,0,1,1,10,0,84,37.7,27.9,0.0,0.8,39.9,990.5,52.0,M,4,Monza,AlphaTauri
31,49,GAS,32,0,1,1,10,0,84,37.1,27.8,0.0,1.1,40.3,990.5,149.0,S,3,Monza,AlphaTauri
32,49,GAS,33,0,1,1,10,0,84,37.7,28.0,0.0,1.6,39.8,990.5,160.0,S,4,Monza,AlphaTauri
33,49,GAS,34,0,1,1,10,0,85,37.7,28.0,0.0,1.2,40.0,990.5,170.0,S,5,Monza,AlphaTauri
34,49,GAS,35,0,1,1,10,0,85,37.3,28.1,0.0,1.2,39.4,990.6,152.0,S,6,Monza,AlphaTauri
35,49,GAS,36,0,1,1,10,0,86,37.0,28.1,0.0,0.6,39.2,990.5,173.0,S,7,Monza,AlphaTauri
36,49,GAS,37,0,1,1,10,0,87,36.1,28.4,0.0,1.4,39.2,990.4,127.0,S,8,Monza,AlphaTauri
37,49,GAS,38,0,1,1,10,0,87,36.2,28.5,0.0,1.5,39.7,990.4,196.0,S,9,Monza,AlphaTauri
38,49,GAS,39,0,1,1,10,0,88,36.0,28.9,0.0,2.5,38.8,990.4,184.0,S,10,Monza,AlphaTauri
39,49,GAS,40,0,1,1,10,0,88,36.0,28.9,0.0,3.1,39.2,990.4,156.0,S,11,Monza,AlphaTauri
40,49,GAS,41,0,1,1,10,0,89,36.1,28.6,0.0,2.5,39.6,990.3,152.0,S,12,Monza,AlphaTauri
41,49,GAS,42,0,1,1,10,0,89,36.2,28.5,0.0,2.0,38.9,990.4,152.0,S,13,Monza,AlphaTauri
42,49,GAS,43,0,1,1,10,0,89,35.7,28.2,0.0,1.3,39.3,990.4,180.0,S,14,Monza,AlphaTauri
43,49,GAS,44,0,1,1,10,0,90,35.7,28.6,0.0,1.8,38.8,990.4,164.0,S,15,Monza,AlphaTauri
44,49,GAS,45,0,1,1,10,0,90,36.3,28.6,0.0,2.0,38.7,990.5,231.0,S,16,Monza,AlphaTauri
45,49,GAS,46,0,1,1,10,0,88,36.9,28.3,0.0,1.6,39.4,990.4,288.0,S,17,Monza,AlphaTauri
46,49,GAS,47,0,1,1,10,0,88,36.9,28.4,0.0,1.8,39.2,990.4,190.0,S,18,Monza,AlphaTauri
47,49,GAS,48,0,1,1,10,0,89,37.6,28.5,0.0,1.7,39.9,990.4,164.0,S,19,Monza,AlphaTauri
48,49,GAS,49,0,1,1,10,0,88,37.6,28.3,0.0,1.9,40.2,990.4,161.0,S,20,Monza,AlphaTauri
49,49,GAS,50,0,1,1,10,0,88,36.2,27.8,0.0,1.4,41.9,990.4,169.0,S,21,Monza,AlphaTauri
50,49,GAS,51,0,1,1,10,0,88,36.2,27.7,0.0,1.8,41.9,990.3,158.0,H,0,Monza,AlphaTauri
51,49,GAS,52,0,1,1,10,0,89,36.1,27.6,0.0,1.6,42.0,990.4,162.0,H,1,Monza,AlphaTauri
52,49,GAS,53,0,1,1,10,0,89,35.8,27.6,0.0,1.7,42.3,990.3,169.0,H,2,Monza,AlphaTauri
0,49,KVY,1,0,11,11,11,0,46,44.5,27.7,0.0,0.9,40.2,991.2,253.0,H,0,Monza,AlphaTauri
1,49,KVY,2,0,11,11,11,0,49,44.2,28.2,0.0,1.2,40.1,991.2,162.0,H,1,Monza,AlphaTauri
2,49,KVY,3,0,11,11,11,0,53,45.0,28.3,0.0,1.8,39.7,991.1,161.0,H,2,Monza,AlphaTauri
3,49,KVY,4,0,11,11,11,0,53,44.7,28.0,0.0,2.2,40.0,991.2,175.0,H,3,Monza,AlphaTauri
4,49,KVY,5,0,11,11,11,0,54,44.4,27.9,0.0,1.0,40.6,991.2,190.0,H,4,Monza,AlphaTauri
5,49,KVY,6,0,11,11,11,0,54,43.9,28.2,0.0,2.0,39.9,991.1,169.0,H,5,Monza,AlphaTauri
6,49,KVY,7,0,11,11,11,0,55,43.8,28.1,0.0,2.2,40.8,991.0,174.0,H,6,Monza,AlphaTauri
7,49,KVY,8,1,11,11,11,0,55,43.6,28.3,0.0,1.4,40.3,991.0,176.0,H,7,Monza,AlphaTauri
8,49,KVY,9,1,11,11,11,0,54,43.7,28.2,0.0,2.7,41.0,991.0,198.0,H,8,Monza,AlphaTauri
9,49,KVY,10,0,11,11,11,0,53,43.7,27.9,0.0,1.6,40.8,990.9,161.0,H,9,Monza,AlphaTauri
10,49,KVY,11,0,11,11,11,0,53,43.8,27.9,0.0,1.2,40.7,990.9,163.0,H,10,Monza,AlphaTauri
11,49,KVY,12,0,11,11,11,0,54,44.2,28.2,0.0,1.1,40.3,990.9,145.0,H,11,Monza,AlphaTauri
12,49,KVY,13,0,11,11,11,0,54,44.1,28.2,0.0,3.1,40.7,990.7,179.0,H,12,Monza,AlphaTauri
13,49,KVY,14,0,11,11,11,0,54,43.5,27.9,0.0,1.5,40.6,990.8,173.0,H,13,Monza,AlphaTauri
14,49,KVY,15,0,11,11,11,0,54,43.6,27.8,0.0,2.1,41.3,990.7,145.0,H,14,Monza,AlphaTauri
15,49,KVY,16,0,11,11,11,0,54,44.2,27.8,0.0,2.3,41.2,990.7,154.0,H,15,Monza,AlphaTauri
16,49,KVY,17,0,11,11,11,0,54,43.8,27.5,0.0,2.3,40.6,990.7,159.0,H,16,Monza,AlphaTauri
17,49,KVY,18,0,11,11,11,0,54,44.1,27.9,0.0,1.5,40.1,990.7,169.0,H,17,Monza,AlphaTauri
18,49,KVY,19,0,11,10,11,0,54,43.9,27.7,0.0,1.3,41.0,990.6,201.0,H,18,Monza,AlphaTauri
19,49,KVY,20,2,10,10,11,0,54,43.9,27.7,0.0,1.0,41.4,990.6,173.0,H,19,Monza,AlphaTauri
20,49,KVY,21,2,10,10,11,0,53,44.4,28.6,0.0,2.7,40.3,990.5,236.0,H,20,Monza,AlphaTauri
21,49,KVY,22,2,10,13,11,0,52,42.9,28.3,0.0,2.2,39.6,990.5,194.0,H,21,Monza,AlphaTauri
22,49,KVY,23,2,13,15,11,0,52,42.9,28.3,0.0,2.4,40.0,990.6,190.0,M,0,Monza,AlphaTauri
23,49,KVY,24,0,15,13,11,0,52,43.0,28.5,0.0,1.8,39.4,990.6,152.0,M,1,Monza,AlphaTauri
24,49,KVY,25,2,13,13,11,0,52,42.9,28.1,0.0,1.4,40.0,990.5,215.0,M,2,Monza,AlphaTauri
25,49,KVY,26,2,13,13,11,0,49,42.9,28.0,0.0,1.6,40.8,990.6,0.0,M,3,Monza,AlphaTauri
26,49,KVY,27,2,13,11,11,0,49,42.8,28.2,0.0,1.5,40.4,990.5,186.0,M,4,Monza,AlphaTauri
27,49,KVY,28,0,11,11,11,0,47,42.1,28.6,0.0,1.2,40.3,990.6,149.0,H,0,Monza,AlphaTauri
28,49,KVY,29,0,11,10,11,0,47,41.1,28.6,0.0,0.9,39.3,990.6,242.0,H,1,Monza,AlphaTauri
29,49,KVY,30,0,10,10,11,0,47,39.7,28.9,0.0,1.1,38.8,990.4,113.0,H,2,Monza,AlphaTauri
30,49,KVY,31,0,10,9,11,0,47,39.5,28.5,0.0,1.4,39.7,990.5,160.0,H,3,Monza,AlphaTauri
31,49,KVY,32,0,9,9,11,0,47,39.0,28.3,0.0,1.8,40.4,990.4,187.0,H,4,Monza,AlphaTauri
32,49,KVY,33,0,9,9,11,0,48,38.3,28.0,0.0,2.2,39.8,990.5,178.0,H,5,Monza,AlphaTauri
33,49,KVY,34,0,9,9,11,0,48,38.2,27.9,0.0,1.6,40.4,990.5,164.0,H,6,Monza,AlphaTauri
34,49,KVY,35,0,9,9,11,0,48,37.1,27.8,0.0,1.1,40.3,990.5,149.0,H,7,Monza,AlphaTauri
35,49,KVY,36,0,9,9,11,0,49,37.3,28.1,0.0,1.2,39.4,990.6,152.0,H,8,Monza,AlphaTauri
36,49,KVY,37,0,9,9,11,0,50,36.2,28.1,0.0,0.0,39.5,990.5,149.0,H,9,Monza,AlphaTauri
37,49,KVY,38,0,9,9,11,0,50,36.2,28.4,0.0,1.8,40.1,990.4,183.0,H,10,Monza,AlphaTauri
38,49,KVY,39,0,9,9,11,0,51,36.1,28.4,0.0,1.4,39.2,990.4,127.0,H,11,Monza,AlphaTauri
39,49,KVY,40,0,9,9,11,0,52,36.2,28.5,0.0,1.4,39.5,990.4,180.0,H,12,Monza,AlphaTauri
40,49,KVY,41,0,9,9,11,0,52,36.1,28.6,0.0,2.5,39.6,990.3,152.0,H,13,Monza,AlphaTauri
41,49,KVY,42,0,9,9,11,0,53,35.6,28.3,0.0,2.3,39.8,990.4,182.0,H,14,Monza,AlphaTauri
42,49,KVY,43,0,9,9,11,0,54,35.7,28.6,0.0,1.8,38.8,990.4,164.0,H,15,Monza,AlphaTauri
43,49,KVY,44,0,9,8,11,0,55,35.8,28.2,0.0,1.8,39.5,990.4,200.0,H,16,Monza,AlphaTauri
44,49,KVY,45,0,8,8,11,0,56,36.0,28.4,0.0,2.1,39.1,990.4,194.0,H,17,Monza,AlphaTauri
45,49,KVY,46,0,8,8,11,0,57,36.5,28.7,0.0,1.5,38.1,990.4,194.0,H,18,Monza,AlphaTauri
46,49,KVY,47,0,8,8,11,0,58,36.5,28.7,0.0,2.6,39.2,990.4,197.0,H,19,Monza,AlphaTauri
47,49,KVY,48,0,8,8,11,0,59,36.9,28.4,0.0,1.8,39.2,990.4,190.0,H,20,Monza,AlphaTauri
48,49,KVY,49,0,8,8,11,0,59,37.6,28.5,0.0,1.7,39.9,990.4,164.0,H,21,Monza,AlphaTauri
49,49,KVY,50,0,8,8,11,0,59,37.7,28.6,0.0,1.7,39.1,990.4,174.0,M,0,Monza,AlphaTauri
50,49,KVY,51,0,8,9,11,0,60,37.6,28.3,0.0,1.9,40.2,990.4,161.0,M,1,Monza,AlphaTauri
51,49,KVY,52,0,9,9,11,0,60,37.5,28.1,0.0,1.2,40.8,990.4,182.0,M,2,Monza,AlphaTauri
52,49,KVY,53,0,9,9,11,0,61,36.2,27.8,0.0,2.0,41.9,990.3,198.0,M,3,Monza,AlphaTauri
0,49,OCO,1,0,9,9,9,0,46,45.5,28.0,0.0,1.4,39.1,991.2,255.0,S,0,Monza,Renault
1,49,OCO,2,0,9,9,9,0,43,44.5,27.7,0.0,0.9,40.2,991.2,253.0,S,1,Monza,Renault
2,49,OCO,3,0,9,9,9,0,44,44.4,27.6,0.0,0.7,40.5,991.2,205.0,S,2,Monza,Renault
3,49,OCO,4,0,9,9,9,0,44,43.9,27.6,0.0,0.8,41.6,991.1,193.0,S,3,Monza,Renault
4,49,OCO,5,0,9,9,9,0,45,44.2,27.9,0.0,1.1,39.9,991.2,165.0,S,4,Monza,Renault
5,49,OCO,6,0,9,9,9,0,45,45.0,28.3,0.0,1.8,39.7,991.1,161.0,S,5,Monza,Renault
6,49,OCO,7,0,9,9,9,0,46,44.7,28.0,0.0,2.2,40.0,991.2,175.0,S,6,Monza,Renault
7,49,OCO,8,1,9,9,9,0,46,44.3,28.1,0.0,2.1,40.5,991.0,166.0,S,7,Monza,Renault
8,49,OCO,9,1,9,9,9,0,45,43.7,28.2,0.0,2.7,41.0,991.0,198.0,S,8,Monza,Renault
9,49,OCO,10,0,9,9,9,0,45,43.7,27.9,0.0,1.6,40.8,990.9,161.0,S,9,Monza,Renault
10,49,OCO,11,0,9,9,9,0,45,44.2,28.2,0.0,1.1,40.3,990.9,145.0,S,10,Monza,Renault
11,49,OCO,12,0,9,9,9,0,45,44.1,28.2,0.0,3.1,40.7,990.7,179.0,S,11,Monza,Renault
12,49,OCO,13,0,9,9,9,0,46,43.8,28.3,0.0,2.6,40.4,990.8,165.0,S,12,Monza,Renault
13,49,OCO,14,0,9,9,9,0,45,43.5,27.9,0.0,1.5,40.6,990.8,173.0,S,13,Monza,Renault
14,49,OCO,15,0,9,9,9,0,45,43.6,27.7,0.0,2.2,41.7,990.7,161.0,S,14,Monza,Renault
15,49,OCO,16,0,9,9,9,0,45,43.6,27.8,0.0,2.1,41.3,990.7,145.0,S,15,Monza,Renault
16,49,OCO,17,0,9,9,9,0,45,44.2,27.8,0.0,2.3,41.2,990.7,154.0,S,16,Monza,Renault
17,49,OCO,18,0,9,9,9,0,45,43.6,27.5,0.0,0.9,41.2,990.6,174.0,S,17,Monza,Renault
18,49,OCO,19,0,9,9,9,0,45,43.7,28.1,0.0,1.1,40.4,990.6,240.0,S,18,Monza,Renault
19,49,OCO,20,2,9,9,9,0,51,43.9,28.5,0.0,1.3,40.2,990.6,161.0,S,19,Monza,Renault
20,49,OCO,21,2,9,9,9,0,54,42.9,28.3,0.0,2.2,39.6,990.5,194.0,S,20,Monza,Renault
21,49,OCO,22,2,9,11,9,0,51,42.9,28.1,0.0,1.4,40.0,990.5,215.0,S,21,Monza,Renault
22,49,OCO,23,2,11,14,9,0,50,42.8,28.2,0.0,1.5,40.4,990.5,186.0,M,0,Monza,Renault
23,49,OCO,24,0,14,12,9,0,50,42.7,28.4,0.0,1.1,39.8,990.5,135.0,M,1,Monza,Renault
24,49,OCO,25,2,12,12,9,0,51,42.1,28.5,0.0,1.0,39.9,990.5,182.0,M,2,Monza,Renault
25,49,OCO,26,2,12,12,9,0,46,42.1,28.6,0.0,1.2,40.3,990.6,149.0,M,3,Monza,Renault
26,49,OCO,27,2,12,10,9,0,46,41.1,28.6,0.0,0.9,39.3,990.6,242.0,S,3,Monza,Renault
27,49,OCO,28,0,10,10,9,0,44,39.7,28.9,0.0,1.1,38.8,990.4,113.0,S,0,Monza,Renault
28,49,OCO,29,0,10,9,9,0,44,39.0,28.3,0.0,2.5,40.7,990.5,193.0,S,1,Monza,Renault
29,49,OCO,30,0,9,8,9,0,44,38.3,28.3,0.0,2.5,39.6,990.6,162.0,S,2,Monza,Renault
30,49,OCO,31,0,8,8,9,0,44,37.1,27.8,0.0,1.1,40.3,990.5,149.0,S,3,Monza,Renault
31,49,OCO,32,0,8,8,9,0,44,37.7,28.0,0.0,1.2,40.0,990.5,170.0,S,4,Monza,Renault
32,49,OCO,33,0,8,8,9,0,44,37.3,28.1,0.0,1.2,39.4,990.6,152.0,S,5,Monza,Renault
33,49,OCO,34,0,8,8,9,0,45,36.1,28.1,0.0,1.3,39.7,990.5,197.0,S,6,Monza,Renault
34,49,OCO,35,0,8,8,9,0,45,36.2,28.4,0.0,1.8,40.1,990.4,183.0,S,7,Monza,Renault
35,49,OCO,36,0,8,8,9,0,45,36.1,28.4,0.0,1.4,39.2,990.4,127.0,S,8,Monza,Renault
36,49,OCO,37,0,8,8,9,0,45,35.7,28.3,0.0,0.9,39.7,990.4,189.0,S,9,Monza,Renault
37,49,OCO,38,0,8,8,9,0,46,36.2,28.5,0.0,1.4,39.5,990.4,180.0,S,10,Monza,Renault
38,49,OCO,39,0,8,8,9,0,46,36.0,28.9,0.0,3.1,39.2,990.4,156.0,S,11,Monza,Renault
39,49,OCO,40,0,8,8,9,0,46,36.1,28.6,0.0,2.5,39.6,990.3,152.0,S,12,Monza,Renault
40,49,OCO,41,0,8,8,9,0,47,35.7,28.2,0.0,1.3,39.3,990.4,180.0,S,13,Monza,Renault
41,49,OCO,42,0,8,8,9,0,47,35.6,28.3,0.0,2.3,39.8,990.4,182.0,S,14,Monza,Renault
42,49,OCO,43,0,8,7,9,0,47,35.7,28.6,0.0,1.8,38.8,990.4,164.0,S,15,Monza,Renault
43,49,OCO,44,0,7,7,9,0,48,35.8,28.3,0.0,2.0,39.4,990.4,184.0,S,16,Monza,Renault
44,49,OCO,45,0,7,7,9,0,49,36.5,28.7,0.0,2.6,39.2,990.4,197.0,S,17,Monza,Renault
45,49,OCO,46,0,7,7,9,0,49,36.3,28.6,0.0,2.0,38.7,990.5,231.0,S,18,Monza,Renault
46,49,OCO,47,0,7,7,9,0,49,37.6,28.5,0.0,1.7,39.9,990.4,164.0,S,19,Monza,Renault
47,49,OCO,48,0,7,7,9,0,50,37.7,28.6,0.0,1.7,39.1,990.4,174.0,S,20,Monza,Renault
48,49,OCO,49,0,7,7,9,0,49,37.6,28.3,0.0,1.9,40.2,990.4,161.0,S,21,Monza,Renault
49,49,OCO,50,0,7,7,9,0,50,37.5,28.1,0.0,1.2,40.8,990.4,182.0,M,0,Monza,Renault
50,49,OCO,51,0,7,7,9,0,50,37.3,27.9,0.0,1.9,41.6,990.4,187.0,M,1,Monza,Renault
51,49,OCO,52,0,7,7,9,0,50,36.4,27.8,0.0,1.5,41.5,990.4,163.0,M,2,Monza,Renault
52,49,OCO,53,0,7,8,9,0,51,35.8,27.6,0.0,1.7,42.3,990.3,169.0,M,3,Monza,Renault
0,49,LEC,1,0,13,13,13,0,41,44.7,28.0,0.0,2.2,40.0,991.2,175.0,S,0,Monza,Ferrari
1,49,LEC,2,0,13,13,13,0,41,43.6,28.3,0.0,1.4,40.3,991.0,176.0,S,1,Monza,Ferrari
2,49,LEC,3,0,13,13,13,0,44,43.7,28.2,0.0,2.7,41.0,991.0,198.0,S,2,Monza,Ferrari
3,49,LEC,4,0,13,13,13,0,44,44.1,28.2,0.0,3.1,40.7,990.7,179.0,S,3,Monza,Ferrari
4,49,LEC,5,0,13,13,13,0,44,44.1,27.9,0.0,1.5,40.1,990.7,169.0,S,4,Monza,Ferrari
5,49,LEC,6,0,13,13,13,0,45,43.9,27.8,0.0,2.0,40.6,990.6,167.0,S,5,Monza,Ferrari
6,49,LEC,7,0,13,13,13,0,45,43.9,27.7,0.0,1.0,41.4,990.6,173.0,S,6,Monza,Ferrari
7,49,LEC,8,1,13,13,13,0,46,44.4,28.6,0.0,2.7,40.3,990.5,236.0,S,7,Monza,Ferrari
8,49,LEC,9,1,13,13,13,0,45,44.3,28.6,0.0,1.6,38.7,990.6,168.0,S,8,Monza,Ferrari
9,49,LEC,10,0,13,13,13,0,45,42.9,28.0,0.0,1.6,40.8,990.6,0.0,S,9,Monza,Ferrari
10,49,LEC,11,0,13,13,13,0,46,40.3,28.5,0.0,1.0,40.2,990.5,273.0,S,10,Monza,Ferrari
11,49,LEC,12,0,13,13,13,0,46,38.3,28.3,0.0,2.5,39.6,990.6,162.0,S,11,Monza,Ferrari
12,49,LEC,13,0,13,13,13,0,46,37.0,28.1,0.0,0.6,39.2,990.5,173.0,S,12,Monza,Ferrari
13,49,LEC,14,0,13,13,13,0,46,36.1,28.1,0.0,1.3,39.7,990.5,197.0,S,13,Monza,Ferrari
14,49,LEC,15,0,13,13,13,0,47,36.1,28.4,0.0,1.4,39.2,990.4,127.0,S,14,Monza,Ferrari
15,49,LEC,16,0,13,13,13,0,47,36.2,28.5,0.0,2.0,38.9,990.4,152.0,S,15,Monza,Ferrari
16,49,LEC,17,0,13,16,13,0,46,35.8,28.3,0.0,2.0,39.4,990.4,184.0,S,16,Monza,Ferrari
17,49,LEC,18,0,16,17,13,0,45,36.0,28.4,0.0,2.1,39.1,990.4,194.0,H,0,Monza,Ferrari
18,49,LEC,19,0,17,17,13,0,46,36.0,28.6,0.0,2.6,38.8,990.5,192.0,H,1,Monza,Ferrari
19,49,LEC,20,2,17,17,13,0,51,36.5,28.7,0.0,1.5,38.1,990.4,194.0,H,2,Monza,Ferrari
20,49,LEC,21,2,17,17,13,0,52,37.6,28.3,0.0,1.9,40.2,990.4,161.0,H,3,Monza,Ferrari
21,49,LEC,22,2,17,14,13,0,52,37.5,28.1,0.0,1.2,40.8,990.4,182.0,H,4,Monza,Ferrari
22,49,LEC,23,2,14,6,13,1,52,36.2,27.8,0.0,1.4,41.9,990.4,169.0,H,5,Monza,Ferrari
0,49,RAI,1,0,12,12,12,0,38,43.9,27.6,0.0,0.8,41.6,991.1,193.0,M,0,Monza,Alfa Romeo Racing
1,49,RAI,2,0,12,12,12,0,34,44.2,28.2,0.0,1.2,40.1,991.2,162.0,M,1,Monza,Alfa Romeo Racing
2,49,RAI,3,0,12,12,12,0,33,45.0,28.3,0.0,1.8,39.7,991.1,161.0,M,2,Monza,Alfa Romeo Racing
3,49,RAI,4,0,12,12,12,0,31,44.7,28.0,0.0,2.2,40.0,991.2,175.0,M,3,Monza,Alfa Romeo Racing
4,49,RAI,5,0,12,12,12,0,30,44.4,27.9,0.0,1.0,40.6,991.2,190.0,M,4,Monza,Alfa Romeo Racing
5,49,RAI,6,0,12,12,12,0,31,43.9,28.2,0.0,2.0,39.9,991.1,169.0,M,5,Monza,Alfa Romeo Racing
6,49,RAI,7,0,12,12,12,0,33,43.8,28.1,0.0,2.2,40.8,991.0,174.0,M,6,Monza,Alfa Romeo Racing
7,49,RAI,8,1,12,12,12,0,34,43.7,28.2,0.0,2.7,41.0,991.0,198.0,M,7,Monza,Alfa Romeo Racing
8,49,RAI,9,1,12,12,12,0,34,43.7,28.4,0.0,2.6,40.1,990.9,165.0,M,8,Monza,Alfa Romeo Racing
9,49,RAI,10,0,12,12,12,0,34,43.7,28.5,0.0,3.1,39.4,990.9,154.0,M,9,Monza,Alfa Romeo Racing
10,49,RAI,11,0,12,12,12,0,35,43.7,27.9,0.0,1.6,40.8,990.9,161.0,M,10,Monza,Alfa Romeo Racing
11,49,RAI,12,0,12,12,12,0,35,43.8,27.9,0.0,1.2,40.7,990.9,163.0,M,11,Monza,Alfa Romeo Racing
12,49,RAI,13,0,12,12,12,0,35,44.2,28.2,0.0,1.1,40.3,990.9,145.0,M,12,Monza,Alfa Romeo Racing
13,49,RAI,14,0,12,12,12,0,36,43.5,27.9,0.0,1.5,40.6,990.8,173.0,M,13,Monza,Alfa Romeo Racing
14,49,RAI,15,0,12,12,12,0,36,43.6,27.7,0.0,2.2,41.7,990.7,161.0,M,14,Monza,Alfa Romeo Racing
15,49,RAI,16,0,12,12,12,0,37,44.2,27.8,0.0,2.3,41.2,990.7,154.0,M,15,Monza,Alfa Romeo Racing
16,49,RAI,17,0,12,12,12,0,36,43.9,28.0,0.0,2.4,40.9,990.7,162.0,M,16,Monza,Alfa Romeo Racing
17,49,RAI,18,0,12,13,12,0,36,44.1,27.9,0.0,1.5,40.1,990.7,169.0,M,17,Monza,Alfa Romeo Racing
18,49,RAI,19,0,13,16,12,0,37,43.9,27.7,0.0,1.3,41.0,990.6,201.0,H,0,Monza,Alfa Romeo Racing
19,49,RAI,20,2,16,16,12,0,46,43.9,27.7,0.0,1.0,41.4,990.6,173.0,H,1,Monza,Alfa Romeo Racing
20,49,RAI,21,2,16,16,12,0,44,43.7,28.1,0.0,1.1,40.4,990.6,240.0,H,2,Monza,Alfa Romeo Racing
21,49,RAI,22,2,16,12,12,0,43,43.9,28.5,0.0,1.3,40.2,990.6,161.0,H,3,Monza,Alfa Romeo Racing
22,49,RAI,23,2,12,5,12,0,42,44.4,28.6,0.0,2.7,40.3,990.5,236.0,H,4,Monza,Alfa Romeo Racing
23,49,RAI,24,0,5,4,12,0,41,43.6,28.4,0.0,1.5,39.9,990.6,200.0,H,5,Monza,Alfa Romeo Racing
24,49,RAI,25,2,4,4,12,0,42,42.9,28.3,0.0,2.4,40.0,990.6,190.0,H,6,Monza,Alfa Romeo Racing
25,49,RAI,26,2,4,4,12,0,38,42.9,28.0,0.0,1.6,40.8,990.6,0.0,H,7,Monza,Alfa Romeo Racing
26,49,RAI,27,2,4,4,12,0,37,42.7,28.4,0.0,1.1,39.8,990.5,135.0,S,0,Monza,Alfa Romeo Racing
27,49,RAI,28,0,4,2,12,0,36,40.3,28.5,0.0,1.0,40.0,990.4,2.0,S,1,Monza,Alfa Romeo Racing
28,49,RAI,29,0,2,2,12,0,36,40.0,28.9,0.0,0.8,39.3,990.5,164.0,S,2,Monza,Alfa Romeo Racing
29,49,RAI,30,0,2,2,12,0,37,39.5,28.5,0.0,1.4,39.7,990.5,160.0,S,3,Monza,Alfa Romeo Racing
30,49,RAI,31,0,2,2,12,0,37,39.0,28.3,0.0,1.8,40.4,990.4,187.0,S,4,Monza,Alfa Romeo Racing
31,49,RAI,32,0,2,2,12,0,37,38.2,27.9,0.0,1.6,40.4,990.5,164.0,S,5,Monza,Alfa Romeo Racing
32,49,RAI,33,0,2,2,12,0,38,37.7,27.9,0.0,0.8,39.9,990.5,52.0,M,0,Monza,Alfa Romeo Racing
33,49,RAI,34,0,2,3,12,0,38,37.4,28.0,0.0,1.9,40.7,990.5,154.0,M,1,Monza,Alfa Romeo Racing
34,49,RAI,35,0,3,4,12,0,38,37.7,28.0,0.0,1.6,39.8,990.5,160.0,M,2,Monza,Alfa Romeo Racing
35,49,RAI,36,0,4,5,12,0,38,37.3,28.1,0.0,1.2,39.4,990.6,152.0,M,3,Monza,Alfa Romeo Racing
36,49,RAI,37,0,5,6,12,0,38,36.1,28.1,0.0,1.3,39.7,990.5,197.0,M,4,Monza,Alfa Romeo Racing
37,49,RAI,38,0,6,7,12,0,38,36.2,28.4,0.0,1.8,40.1,990.4,183.0,M,5,Monza,Alfa Romeo Racing
38,49,RAI,39,0,7,7,12,0,39,36.2,28.5,0.0,1.4,39.5,990.4,180.0,M,6,Monza,Alfa Romeo Racing
39,49,RAI,40,0,7,7,12,0,40,36.0,28.8,0.0,1.2,38.9,990.4,193.0,M,7,Monza,Alfa Romeo Racing
40,49,RAI,41,0,7,7,12,0,40,36.0,28.9,0.0,2.5,38.8,990.4,184.0,M,8,Monza,Alfa Romeo Racing
41,49,RAI,42,0,7,7,12,0,41,36.0,28.9,0.0,3.1,39.2,990.4,156.0,M,9,Monza,Alfa Romeo Racing
42,49,RAI,43,0,7,8,12,0,41,36.2,28.5,0.0,2.0,38.9,990.4,152.0,M,10,Monza,Alfa Romeo Racing
43,49,RAI,44,0,8,9,12,0,42,35.7,28.2,0.0,1.3,39.3,990.4,180.0,M,11,Monza,Alfa Romeo Racing
44,49,RAI,45,0,9,9,12,0,43,36.0,28.4,0.0,2.1,39.1,990.4,194.0,M,12,Monza,Alfa Romeo Racing
45,49,RAI,46,0,9,11,12,0,43,37.6,28.5,0.0,1.7,39.9,990.4,164.0,M,13,Monza,Alfa Romeo Racing
46,49,RAI,47,0,11,11,12,0,43,37.6,28.3,0.0,1.9,40.2,990.4,161.0,M,14,Monza,Alfa Romeo Racing
47,49,RAI,48,0,11,11,12,0,44,37.5,28.1,0.0,1.2,40.8,990.4,182.0,M,15,Monza,Alfa Romeo Racing
48,49,RAI,49,0,11,11,12,0,44,37.3,27.9,0.0,1.9,41.6,990.4,187.0,M,16,Monza,Alfa Romeo Racing
49,49,RAI,50,0,11,11,12,0,44,36.2,27.8,0.0,1.4,41.9,990.4,169.0,M,17,Monza,Alfa Romeo Racing
50,49,RAI,51,0,11,11,12,0,45,36.2,27.8,0.0,2.0,41.9,990.3,198.0,H,0,Monza,Alfa Romeo Racing
51,49,RAI,52,0,11,12,12,0,45,36.1,27.6,0.0,1.6,42.0,990.4,162.0,H,1,Monza,Alfa Romeo Racing
52,49,RAI,53,0,12,13,12,0,45,35.8,27.6,0.0,1.7,42.3,990.3,169.0,H,2,Monza,Alfa Romeo Racing
0,49,MAG,1,0,20,20,20,0,28,44.2,28.2,0.0,1.2,40.1,991.2,162.0,M,0,Monza,Haas F1 Team
1,49,MAG,2,0,20,20,20,0,24,45.0,28.3,0.0,1.8,39.7,991.1,161.0,H,0,Monza,Haas F1 Team
2,49,MAG,3,0,20,20,20,0,34,44.7,28.0,0.0,2.2,40.0,991.2,175.0,H,1,Monza,Haas F1 Team
3,49,MAG,4,0,20,20,20,0,39,43.8,28.1,0.0,2.2,40.8,991.0,174.0,H,2,Monza,Haas F1 Team
4,49,MAG,5,0,20,20,20,0,43,43.6,28.3,0.0,1.4,40.3,991.0,176.0,H,3,Monza,Haas F1 Team
5,49,MAG,6,0,20,19,20,0,46,44.2,28.2,0.0,1.1,40.3,990.9,145.0,H,4,Monza,Haas F1 Team
6,49,MAG,7,0,19,19,20,0,49,43.5,27.9,0.0,1.5,40.6,990.8,173.0,H,5,Monza,Haas F1 Team
7,49,MAG,8,1,19,19,20,0,50,43.6,27.5,0.0,0.9,41.2,990.6,174.0,H,6,Monza,Haas F1 Team
8,49,MAG,9,1,19,19,20,0,51,43.9,27.7,0.0,1.0,41.4,990.6,173.0,H,7,Monza,Haas F1 Team
9,49,MAG,10,0,19,19,20,0,52,43.9,28.5,0.0,1.3,40.2,990.6,161.0,H,8,Monza,Haas F1 Team
10,49,MAG,11,0,19,19,20,0,53,42.8,28.2,0.0,1.5,40.4,990.5,186.0,H,9,Monza,Haas F1 Team
11,49,MAG,12,0,19,19,20,0,53,42.7,28.4,0.0,1.1,39.8,990.5,135.0,H,10,Monza,Haas F1 Team
12,49,MAG,13,0,19,19,20,0,53,40.3,28.5,0.0,1.0,40.0,990.4,2.0,H,11,Monza,Haas F1 Team
13,49,MAG,14,0,19,19,20,0,53,36.2,28.5,0.0,2.0,38.9,990.4,152.0,H,12,Monza,Haas F1 Team
14,49,MAG,15,0,19,19,20,0,55,35.9,28.7,0.0,1.3,38.0,990.4,211.0,H,13,Monza,Haas F1 Team
15,49,MAG,16,0,19,19,20,0,55,37.5,28.1,0.0,1.2,40.8,990.4,182.0,H,14,Monza,Haas F1 Team
16,49,MAG,17,0,19,18,20,1,55,37.3,27.9,0.0,1.9,41.6,990.4,187.0,H,15,Monza,Haas F1 Team
0,49,GRO,1,0,16,16,16,0,28,45.5,28.0,0.0,1.4,39.1,991.2,255.0,M,0,Monza,Haas F1 Team
1,49,GRO,2,0,16,16,16,0,31,44.5,27.7,0.0,0.9,40.2,991.2,253.0,M,1,Monza,Haas F1 Team
2,49,GRO,3,0,16,16,16,0,33,44.4,27.6,0.0,0.7,40.5,991.2,205.0,M,2,Monza,Haas F1 Team
3,49,GRO,4,0,16,16,16,0,31,45.0,28.3,0.0,1.8,39.7,991.1,161.0,M,3,Monza,Haas F1 Team
4,49,GRO,5,0,16,16,16,0,30,44.4,27.9,0.0,1.0,40.6,991.2,190.0,M,4,Monza,Haas F1 Team
5,49,GRO,6,0,16,16,16,0,29,44.3,28.1,0.0,2.1,40.5,991.0,166.0,M,5,Monza,Haas F1 Team
6,49,GRO,7,0,16,16,16,0,33,43.8,28.1,0.0,2.2,40.8,991.0,174.0,M,6,Monza,Haas F1 Team
7,49,GRO,8,1,16,16,16,0,35,43.7,28.2,0.0,2.7,41.0,991.0,198.0,M,7,Monza,Haas F1 Team
8,49,GRO,9,1,16,16,16,0,34,43.7,28.4,0.0,2.6,40.1,990.9,165.0,M,8,Monza,Haas F1 Team
9,49,GRO,10,0,16,16,16,0,34,44.2,28.2,0.0,1.1,40.3,990.9,145.0,M,9,Monza,Haas F1 Team
10,49,GRO,11,0,16,16,16,0,35,43.5,27.9,0.0,1.5,40.6,990.8,173.0,M,10,Monza,Haas F1 Team
11,49,GRO,12,0,16,16,16,0,36,43.6,27.7,0.0,2.2,41.7,990.7,161.0,M,11,Monza,Haas F1 Team
12,49,GRO,13,0,16,16,16,0,36,44.2,27.8,0.0,2.3,41.2,990.7,154.0,M,12,Monza,Haas F1 Team
13,49,GRO,14,0,16,16,16,0,37,43.9,28.0,0.0,2.4,40.9,990.7,162.0,M,13,Monza,Haas F1 Team
14,49,GRO,15,0,16,16,16,0,37,43.6,27.5,0.0,0.9,41.2,990.6,174.0,M,14,Monza,Haas F1 Team
15,49,GRO,16,0,16,16,16,0,38,44.1,27.9,0.0,1.5,40.1,990.7,169.0,M,15,Monza,Haas F1 Team
16,49,GRO,17,0,16,15,16,0,38,43.9,27.8,0.0,2.0,40.6,990.6,167.0,M,16,Monza,Haas F1 Team
17,49,GRO,18,0,15,15,16,0,38,43.9,27.7,0.0,1.3,41.0,990.6,201.0,M,17,Monza,Haas F1 Team
18,49,GRO,19,0,15,14,16,0,38,43.7,28.1,0.0,1.1,40.4,990.6,240.0,M,18,Monza,Haas F1 Team
19,49,GRO,20,2,14,12,16,0,45,44.4,28.6,0.0,2.7,40.3,990.5,236.0,M,19,Monza,Haas F1 Team
20,49,GRO,21,2,12,12,16,0,42,42.9,28.3,0.0,2.4,40.0,990.6,190.0,M,20,Monza,Haas F1 Team
21,49,GRO,22,2,12,17,16,0,37,43.0,28.5,0.0,1.8,39.4,990.6,152.0,M,21,Monza,Haas F1 Team
22,49,GRO,23,2,17,17,16,0,34,42.9,28.1,0.0,1.4,40.0,990.5,215.0,H,0,Monza,Haas F1 Team
23,49,GRO,24,0,17,17,16,0,34,42.7,28.4,0.0,1.1,39.8,990.5,135.0,H,1,Monza,Haas F1 Team
24,49,GRO,25,2,17,17,16,0,33,42.7,28.5,0.0,0.9,40.0,990.5,168.0,H,2,Monza,Haas F1 Team
25,49,GRO,26,2,17,17,16,0,31,41.1,28.6,0.0,0.9,39.3,990.6,242.0,H,3,Monza,Haas F1 Team
26,49,GRO,27,2,17,15,16,0,32,40.3,28.5,0.0,1.0,40.0,990.4,2.0,H,4,Monza,Haas F1 Team
27,49,GRO,28,0,15,15,16,0,31,39.7,28.9,0.0,1.1,38.8,990.4,113.0,H,5,Monza,Haas F1 Team
28,49,GRO,29,0,15,13,16,0,31,39.0,28.3,0.0,2.5,40.7,990.5,193.0,H,6,Monza,Haas F1 Team
29,49,GRO,30,0,13,13,16,0,31,37.7,27.9,0.0,0.8,39.9,990.5,52.0,H,7,Monza,Haas F1 Team
30,49,GRO,31,0,13,12,16,0,31,37.0,28.1,0.0,0.6,39.2,990.5,173.0,H,8,Monza,Haas F1 Team
31,49,GRO,32,0,12,12,16,0,32,36.9,28.1,0.0,0.7,39.5,990.6,0.0,H,9,Monza,Haas F1 Team
32,49,GRO,33,0,12,12,16,0,32,36.2,28.1,0.0,0.0,39.5,990.5,149.0,M,0,Monza,Haas F1 Team
33,49,GRO,34,0,12,12,16,0,32,36.2,28.4,0.0,1.8,40.1,990.4,183.0,M,1,Monza,Haas F1 Team
34,49,GRO,35,0,12,12,16,0,32,36.1,28.4,0.0,1.4,39.2,990.4,127.0,M,2,Monza,Haas F1 Team
35,49,GRO,36,0,12,12,16,0,32,35.7,28.3,0.0,0.9,39.7,990.4,189.0,M,3,Monza,Haas F1 Team
36,49,GRO,37,0,12,12,16,0,33,36.0,28.8,0.0,1.2,38.9,990.4,193.0,M,4,Monza,Haas F1 Team
37,49,GRO,38,0,12,12,16,0,33,36.0,28.9,0.0,2.5,38.8,990.4,184.0,M,5,Monza,Haas F1 Team
38,49,GRO,39,0,12,12,16,0,34,36.0,28.9,0.0,3.1,39.2,990.4,156.0,M,6,Monza,Haas F1 Team
39,49,GRO,40,0,12,12,16,0,35,35.7,28.2,0.0,1.3,39.3,990.4,180.0,M,7,Monza,Haas F1 Team
40,49,GRO,41,0,12,12,16,0,36,35.7,28.6,0.0,1.8,38.8,990.4,164.0,M,8,Monza,Haas F1 Team
41,49,GRO,42,0,12,13,16,0,36,35.8,28.2,0.0,1.8,39.5,990.4,200.0,M,9,Monza,Haas F1 Team
42,49,GRO,43,0,13,13,16,0,37,36.0,28.4,0.0,2.1,39.1,990.4,194.0,M,10,Monza,Haas F1 Team
43,49,GRO,44,0,13,13,16,0,38,36.0,28.6,0.0,2.6,38.8,990.5,192.0,M,11,Monza,Haas F1 Team
44,49,GRO,45,0,13,13,16,0,39,35.9,28.7,0.0,1.3,38.0,990.4,211.0,M,12,Monza,Haas F1 Team
45,49,GRO,46,0,13,13,16,0,39,36.5,28.7,0.0,1.5,38.1,990.4,194.0,M,13,Monza,Haas F1 Team
46,49,GRO,47,0,13,13,16,0,40,36.5,28.7,0.0,2.6,39.2,990.4,197.0,M,14,Monza,Haas F1 Team
47,49,GRO,48,0,13,13,16,0,40,36.3,28.6,0.0,2.0,38.7,990.5,231.0,M,15,Monza,Haas F1 Team
48,49,GRO,49,0,13,13,16,0,40,36.9,28.2,0.0,0.8,39.3,990.3,236.0,M,16,Monza,Haas F1 Team
49,49,GRO,50,0,13,13,16,0,40,37.6,28.5,0.0,1.7,39.9,990.4,164.0,M,17,Monza,Haas F1 Team
50,49,GRO,51,0,13,13,16,0,41,37.5,28.1,0.0,1.2,40.8,990.4,182.0,M,18,Monza,Haas F1 Team
51,49,GRO,52,0,13,13,16,0,41,37.3,27.9,0.0,1.9,41.6,990.4,187.0,M,19,Monza,Haas F1 Team
52,49,GRO,53,0,13,12,16,0,42,35.8,27.6,0.0,1.7,42.3,990.3,169.0,M,20,Monza,Haas F1 Team
0,49,VET,1,0,18,18,18,0,49,43.9,28.2,0.0,2.0,39.9,991.1,169.0,H,0,Monza,Ferrari
1,49,VET,2,0,18,17,18,0,49,42.9,28.3,0.0,2.4,40.0,990.6,190.0,H,1,Monza,Ferrari
2,49,VET,3,0,17,17,18,0,53,38.2,27.8,0.0,1.5,41.1,990.5,188.0,H,2,Monza,Ferrari
3,49,VET,4,0,17,17,18,0,56,37.7,28.0,0.0,1.6,39.8,990.5,160.0,H,3,Monza,Ferrari
4,49,VET,5,0,17,17,18,0,55,37.7,28.0,0.0,1.2,40.0,990.5,170.0,H,4,Monza,Ferrari
5,49,VET,6,0,17,20,18,1,31,36.2,27.7,0.0,1.8,41.9,990.3,158.0,H,5,Monza,Ferrari
0,49,GIO,1,0,14,14,14,0,26,44.5,27.7,0.0,0.9,40.2,991.2,253.0,M,0,Monza,Alfa Romeo Racing
1,49,GIO,2,0,14,14,14,0,28,43.9,27.6,0.0,0.8,41.6,991.1,193.0,M,1,Monza,Alfa Romeo Racing
2,49,GIO,3,0,14,14,14,0,31,44.2,28.2,0.0,1.2,40.1,991.2,162.0,M,2,Monza,Alfa Romeo Racing
3,49,GIO,4,0,14,15,14,0,30,44.7,28.0,0.0,2.2,40.0,991.2,175.0,M,3,Monza,Alfa Romeo Racing
4,49,GIO,5,0,15,15,14,0,31,43.6,28.3,0.0,1.4,40.3,991.0,176.0,M,4,Monza,Alfa Romeo Racing
5,49,GIO,6,0,15,15,14,0,32,43.7,28.2,0.0,2.7,41.0,991.0,198.0,M,5,Monza,Alfa Romeo Racing
6,49,GIO,7,0,15,15,14,0,36,43.7,28.4,0.0,2.6,40.1,990.9,165.0,M,6,Monza,Alfa Romeo Racing
7,49,GIO,8,1,15,15,14,0,38,43.7,28.5,0.0,3.1,39.4,990.9,154.0,M,7,Monza,Alfa Romeo Racing
8,49,GIO,9,1,15,15,14,0,38,43.7,27.9,0.0,1.6,40.8,990.9,161.0,M,8,Monza,Alfa Romeo Racing
9,49,GIO,10,0,15,15,14,0,38,43.8,27.9,0.0,1.2,40.7,990.9,163.0,M,9,Monza,Alfa Romeo Racing
10,49,GIO,11,0,15,15,14,0,39,43.6,27.7,0.0,2.2,41.7,990.7,161.0,M,10,Monza,Alfa Romeo Racing
11,49,GIO,12,0,15,15,14,0,39,43.6,27.8,0.0,2.1,41.3,990.7,145.0,M,11,Monza,Alfa Romeo Racing
12,49,GIO,13,0,15,15,14,0,40,44.2,27.8,0.0,2.3,41.2,990.7,154.0,M,12,Monza,Alfa Romeo Racing
13,49,GIO,14,0,15,15,14,0,40,43.9,28.0,0.0,2.4,40.9,990.7,162.0,M,13,Monza,Alfa Romeo Racing
14,49,GIO,15,0,15,15,14,0,41,43.8,27.5,0.0,2.3,40.6,990.7,159.0,M,14,Monza,Alfa Romeo Racing
15,49,GIO,16,0,15,15,14,0,41,43.6,27.9,0.0,2.2,40.7,990.6,152.0,M,15,Monza,Alfa Romeo Racing
16,49,GIO,17,0,15,14,14,0,42,43.9,27.8,0.0,2.0,40.6,990.6,167.0,M,16,Monza,Alfa Romeo Racing
17,49,GIO,18,0,14,14,14,0,41,43.9,27.7,0.0,1.3,41.0,990.6,201.0,M,17,Monza,Alfa Romeo Racing
18,49,GIO,19,0,14,13,14,0,42,43.9,27.7,0.0,1.0,41.4,990.6,173.0,M,18,Monza,Alfa Romeo Racing
19,49,GIO,20,2,13,13,14,0,50,43.7,28.1,0.0,1.1,40.4,990.6,240.0,M,19,Monza,Alfa Romeo Racing
20,49,GIO,21,2,13,15,14,0,51,43.7,28.4,0.0,1.4,39.9,990.6,216.0,H,0,Monza,Alfa Romeo Racing
21,49,GIO,22,2,15,10,14,0,50,44.4,28.6,0.0,2.7,40.3,990.5,236.0,H,1,Monza,Alfa Romeo Racing
22,49,GIO,23,2,10,4,14,0,49,43.6,28.4,0.0,1.5,39.9,990.6,200.0,H,2,Monza,Alfa Romeo Racing
23,49,GIO,24,0,4,5,14,0,49,42.9,28.3,0.0,2.2,39.6,990.5,194.0,H,3,Monza,Alfa Romeo Racing
24,49,GIO,25,2,5,5,14,0,49,43.0,28.5,0.0,1.8,39.4,990.6,152.0,H,4,Monza,Alfa Romeo Racing
25,49,GIO,26,2,5,5,14,0,45,42.9,28.1,0.0,1.4,40.0,990.5,215.0,H,5,Monza,Alfa Romeo Racing
26,49,GIO,27,2,5,5,14,0,43,42.7,28.5,0.0,0.9,40.0,990.5,168.0,S,0,Monza,Alfa Romeo Racing
27,49,GIO,28,0,5,3,14,0,42,42.1,28.6,0.0,1.2,40.3,990.6,149.0,S,4,Monza,Alfa Romeo Racing
28,49,GIO,29,0,3,3,14,0,42,41.1,28.6,0.0,0.9,39.3,990.6,242.0,S,5,Monza,Alfa Romeo Racing
29,49,GIO,30,0,3,9,14,0,42,40.3,28.5,0.0,1.0,40.2,990.5,273.0,S,6,Monza,Alfa Romeo Racing
30,49,GIO,31,0,9,16,14,0,42,40.3,28.8,0.0,1.0,39.2,990.6,213.0,S,7,Monza,Alfa Romeo Racing
31,49,GIO,32,0,16,16,14,0,43,39.7,28.9,0.0,1.1,38.8,990.4,113.0,S,8,Monza,Alfa Romeo Racing
32,49,GIO,33,0,16,16,14,0,43,39.0,28.3,0.0,1.8,40.4,990.4,187.0,S,9,Monza,Alfa Romeo Racing
33,49,GIO,34,0,16,16,14,0,44,38.2,27.8,0.0,1.5,41.1,990.5,188.0,S,10,Monza,Alfa Romeo Racing
34,49,GIO,35,0,16,16,14,0,44,38.2,27.9,0.0,1.6,40.4,990.5,164.0,S,11,Monza,Alfa Romeo Racing
35,49,GIO,36,0,16,16,14,0,45,37.4,28.0,0.0,1.9,40.7,990.5,154.0,S,12,Monza,Alfa Romeo Racing
36,49,GIO,37,0,16,16,14,0,45,37.7,28.0,0.0,1.6,39.8,990.5,160.0,S,13,Monza,Alfa Romeo Racing
37,49,GIO,38,0,16,16,14,0,46,37.7,28.0,0.0,1.2,40.0,990.5,170.0,S,14,Monza,Alfa Romeo Racing
38,49,GIO,39,0,16,16,14,0,46,36.2,28.1,0.0,0.0,39.5,990.5,149.0,S,15,Monza,Alfa Romeo Racing
39,49,GIO,40,0,16,16,14,0,47,36.2,28.5,0.0,1.5,39.7,990.4,196.0,S,16,Monza,Alfa Romeo Racing
40,49,GIO,41,0,16,16,14,0,48,36.0,28.9,0.0,2.5,38.8,990.4,184.0,S,17,Monza,Alfa Romeo Racing
41,49,GIO,42,0,16,16,14,0,48,35.7,28.6,0.0,1.8,38.8,990.4,164.0,S,18,Monza,Alfa Romeo Racing
42,49,GIO,43,0,16,16,14,0,49,36.5,28.7,0.0,1.5,38.1,990.4,194.0,S,19,Monza,Alfa Romeo Racing
43,49,GIO,44,0,16,16,14,0,50,36.5,28.7,0.0,2.6,39.2,990.4,197.0,S,20,Monza,Alfa Romeo Racing
44,49,GIO,45,0,16,16,14,0,50,36.3,28.6,0.0,2.0,38.7,990.5,231.0,S,21,Monza,Alfa Romeo Racing
45,49,GIO,46,0,16,16,14,0,51,36.9,28.3,0.0,1.6,39.4,990.4,288.0,S,22,Monza,Alfa Romeo Racing
46,49,GIO,47,0,16,16,14,0,51,36.9,28.2,0.0,0.8,39.3,990.3,236.0,S,23,Monza,Alfa Romeo Racing
47,49,GIO,48,0,16,16,14,0,52,36.9,28.4,0.0,1.8,39.2,990.4,190.0,S,24,Monza,Alfa Romeo Racing
48,49,GIO,49,0,16,16,14,0,51,37.6,28.3,0.0,1.9,40.2,990.4,161.0,S,25,Monza,Alfa Romeo Racing
49,49,GIO,50,0,16,16,14,0,52,37.5,28.1,0.0,1.2,40.8,990.4,182.0,S,26,Monza,Alfa Romeo Racing
50,49,GIO,51,0,16,16,14,0,52,37.3,27.9,0.0,1.9,41.6,990.4,187.0,M,0,Monza,Alfa Romeo Racing
51,49,GIO,52,0,16,16,14,0,52,36.2,27.8,0.0,1.4,41.9,990.4,169.0,M,1,Monza,Alfa Romeo Racing
52,49,GIO,53,0,16,16,14,0,53,36.2,27.8,0.0,2.0,41.9,990.3,198.0,M,2,Monza,Alfa Romeo Racing
0,49,RUS,1,0,17,17,17,0,31,45.5,28.0,0.0,1.4,39.1,991.2,255.0,M,0,Monza,Williams
1,49,RUS,2,0,17,18,17,0,29,44.4,27.6,0.0,0.7,40.5,991.2,205.0,M,1,Monza,Williams
2,49,RUS,3,0,18,18,17,0,31,44.0,27.8,0.0,0.6,39.7,991.2,170.0,M,2,Monza,Williams
3,49,RUS,4,0,18,18,17,0,31,44.2,28.2,0.0,1.2,40.1,991.2,162.0,M,3,Monza,Williams
4,49,RUS,5,0,18,18,17,0,29,43.9,28.2,0.0,2.0,39.9,991.1,169.0,M,4,Monza,Williams
5,49,RUS,6,0,18,17,17,0,30,43.6,28.3,0.0,1.4,40.3,991.0,176.0,M,5,Monza,Williams
6,49,RUS,7,0,17,17,17,0,33,43.7,28.5,0.0,3.1,39.4,990.9,154.0,M,6,Monza,Williams
7,49,RUS,8,1,17,17,17,0,35,43.8,27.9,0.0,1.2,40.7,990.9,163.0,M,7,Monza,Williams
8,49,RUS,9,1,17,17,17,0,36,44.1,28.2,0.0,3.1,40.7,990.7,179.0,M,8,Monza,Williams
9,49,RUS,10,0,17,17,17,0,37,43.5,27.9,0.0,1.5,40.6,990.8,173.0,M,9,Monza,Williams
10,49,RUS,11,0,17,17,17,0,38,43.8,27.5,0.0,2.3,40.6,990.7,159.0,M,10,Monza,Williams
11,49,RUS,12,0,17,17,17,0,39,43.6,27.6,0.0,1.6,41.1,990.6,157.0,M,11,Monza,Williams
12,49,RUS,13,0,17,17,17,0,39,43.6,27.9,0.0,2.2,40.7,990.6,152.0,M,12,Monza,Williams
13,49,RUS,14,0,17,17,17,0,39,43.9,27.8,0.0,2.0,40.6,990.6,167.0,M,13,Monza,Williams
14,49,RUS,15,0,17,17,17,0,40,43.9,27.7,0.0,1.3,41.0,990.6,201.0,M,14,Monza,Williams
15,49,RUS,16,0,17,17,17,0,40,43.9,27.7,0.0,1.0,41.4,990.6,173.0,M,15,Monza,Williams
16,49,RUS,17,0,17,17,17,0,40,43.9,28.5,0.0,1.3,40.2,990.6,161.0,M,16,Monza,Williams
17,49,RUS,18,0,17,16,17,0,40,44.4,28.6,0.0,2.7,40.3,990.5,236.0,M,17,Monza,Williams
18,49,RUS,19,0,16,15,17,0,40,44.3,28.6,0.0,1.6,38.7,990.6,168.0,M,18,Monza,Williams
19,49,RUS,20,2,15,14,17,0,47,43.6,28.4,0.0,1.5,39.9,990.6,200.0,M,19,Monza,Williams
20,49,RUS,21,2,14,13,17,0,48,42.9,28.3,0.0,2.2,39.6,990.5,194.0,M,20,Monza,Williams
21,49,RUS,22,2,13,18,17,0,45,42.9,28.1,0.0,1.4,40.0,990.5,215.0,M,21,Monza,Williams
22,49,RUS,23,2,18,16,17,0,44,42.9,28.0,0.0,1.6,40.8,990.6,0.0,H,0,Monza,Williams
23,49,RUS,24,0,16,15,17,0,45,42.1,28.6,0.0,1.2,40.3,990.6,149.0,H,1,Monza,Williams
24,49,RUS,25,2,15,15,17,0,45,41.1,28.6,0.0,0.9,39.3,990.6,242.0,H,2,Monza,Williams
25,49,RUS,26,2,15,15,17,0,41,40.3,28.5,0.0,1.0,40.0,990.4,2.0,H,3,Monza,Williams
26,49,RUS,27,2,15,13,17,0,40,40.3,28.8,0.0,1.0,39.2,990.6,213.0,M,0,Monza,Williams
27,49,RUS,28,0,13,16,17,0,40,40.0,28.9,0.0,0.8,39.3,990.5,164.0,M,0,Monza,Williams
28,49,RUS,29,0,16,15,17,0,40,39.5,28.5,0.0,1.4,39.7,990.5,160.0,M,1,Monza,Williams
29,49,RUS,30,0,15,14,17,0,40,38.9,28.3,0.0,2.4,39.3,990.5,163.0,M,2,Monza,Williams
30,49,RUS,31,0,14,13,17,0,40,38.3,28.0,0.0,2.2,39.8,990.5,178.0,M,3,Monza,Williams
31,49,RUS,32,0,13,13,17,0,40,37.7,27.9,0.0,0.8,39.9,990.5,52.0,M,4,Monza,Williams
32,49,RUS,33,0,13,13,17,0,40,37.1,27.8,0.0,1.1,40.3,990.5,149.0,M,5,Monza,Williams
33,49,RUS,34,0,13,13,17,0,40,37.0,28.1,0.0,0.6,39.2,990.5,173.0,M,6,Monza,Williams
34,49,RUS,35,0,13,13,17,0,40,36.2,28.4,0.0,1.8,40.1,990.4,183.0,M,7,Monza,Williams
35,49,RUS,36,0,13,13,17,0,40,36.1,28.4,0.0,1.4,39.2,990.4,127.0,M,8,Monza,Williams
36,49,RUS,37,0,13,13,17,0,41,36.2,28.5,0.0,1.4,39.5,990.4,180.0,M,9,Monza,Williams
37,49,RUS,38,0,13,13,17,0,41,36.0,28.9,0.0,2.5,38.8,990.4,184.0,M,10,Monza,Williams
38,49,RUS,39,0,13,13,17,0,42,36.1,28.6,0.0,2.5,39.6,990.3,152.0,M,11,Monza,Williams
39,49,RUS,40,0,13,13,17,0,42,36.2,28.5,0.0,2.0,38.9,990.4,152.0,M,12,Monza,Williams
40,49,RUS,41,0,13,14,17,0,42,35.6,28.3,0.0,2.3,39.8,990.4,182.0,M,13,Monza,Williams
41,49,RUS,42,0,14,14,17,0,43,36.0,28.4,0.0,2.1,39.1,990.4,194.0,M,14,Monza,Williams
42,49,RUS,43,0,14,14,17,0,43,36.5,28.7,0.0,1.5,38.1,990.4,194.0,M,15,Monza,Williams
43,49,RUS,44,0,14,14,17,0,44,36.5,28.7,0.0,2.6,39.2,990.4,197.0,M,16,Monza,Williams
44,49,RUS,45,0,14,14,17,0,45,36.9,28.2,0.0,0.8,39.3,990.3,236.0,M,17,Monza,Williams
45,49,RUS,46,0,14,14,17,0,45,36.9,28.4,0.0,1.8,39.2,990.4,190.0,M,18,Monza,Williams
46,49,RUS,47,0,14,14,17,0,46,37.5,28.1,0.0,1.2,40.8,990.4,182.0,M,19,Monza,Williams
47,49,RUS,48,0,14,14,17,0,46,37.3,27.9,0.0,1.9,41.6,990.4,187.0,M,20,Monza,Williams
48,49,RUS,49,0,14,14,17,0,46,36.4,27.8,0.0,1.5,41.5,990.4,163.0,M,21,Monza,Williams
49,49,RUS,50,0,14,14,17,0,46,36.2,27.8,0.0,2.0,41.9,990.3,198.0,H,0,Monza,Williams
50,49,RUS,51,0,14,14,17,0,46,36.2,27.7,0.0,1.8,41.9,990.3,158.0,H,1,Monza,Williams
51,49,RUS,52,0,14,14,17,0,47,36.1,27.6,0.0,1.6,42.0,990.4,162.0,H,2,Monza,Williams
52,49,RUS,53,0,14,14,17,0,47,35.8,27.6,0.0,1.7,42.3,990.3,169.0,H,3,Monza,Williams
0,49,LAT,1,0,19,19,19,0,40,44.5,27.7,0.0,0.9,40.2,991.2,253.0,M,0,Monza,Williams
1,49,LAT,2,0,19,19,19,0,32,44.4,27.6,0.0,0.7,40.5,991.2,205.0,M,1,Monza,Williams
2,49,LAT,3,0,19,19,19,0,33,44.2,27.9,0.0,1.1,39.9,991.2,165.0,M,2,Monza,Williams
3,49,LAT,4,0,19,19,19,0,33,44.4,27.9,0.0,1.0,40.6,991.2,190.0,M,3,Monza,Williams
4,49,LAT,5,0,19,19,19,0,34,43.9,28.2,0.0,2.0,39.9,991.1,169.0,M,4,Monza,Williams
5,49,LAT,6,0,19,18,19,0,35,43.8,28.1,0.0,2.2,40.8,991.0,174.0,M,5,Monza,Williams
6,49,LAT,7,0,18,18,19,0,38,43.7,28.2,0.0,2.7,41.0,991.0,198.0,M,6,Monza,Williams
7,49,LAT,8,1,18,18,19,0,40,43.7,28.4,0.0,2.6,40.1,990.9,165.0,M,7,Monza,Williams
8,49,LAT,9,1,18,18,19,0,41,43.6,27.7,0.0,2.2,41.7,990.7,161.0,M,8,Monza,Williams
9,49,LAT,10,0,18,18,19,0,42,43.6,27.8,0.0,2.1,41.3,990.7,145.0,M,9,Monza,Williams
10,49,LAT,11,0,18,18,19,0,43,43.8,27.5,0.0,2.3,40.6,990.7,159.0,M,10,Monza,Williams
11,49,LAT,12,0,18,18,19,0,43,43.6,27.6,0.0,1.6,41.1,990.6,157.0,M,11,Monza,Williams
12,49,LAT,13,0,18,18,19,0,44,43.6,27.9,0.0,2.2,40.7,990.6,152.0,M,12,Monza,Williams
13,49,LAT,14,0,18,18,19,0,44,44.1,27.9,0.0,1.5,40.1,990.7,169.0,M,13,Monza,Williams
14,49,LAT,15,0,18,18,19,0,45,43.9,27.8,0.0,2.0,40.6,990.6,167.0,M,14,Monza,Williams
15,49,LAT,16,0,18,18,19,0,45,43.9,27.7,0.0,1.3,41.0,990.6,201.0,M,15,Monza,Williams
16,49,LAT,17,0,18,19,19,0,45,43.9,27.7,0.0,1.0,41.4,990.6,173.0,H,0,Monza,Williams
17,49,LAT,18,0,19,18,19,0,44,43.7,28.1,0.0,1.1,40.4,990.6,240.0,H,1,Monza,Williams
18,49,LAT,19,0,18,18,19,0,47,43.9,28.5,0.0,1.3,40.2,990.6,161.0,H,2,Monza,Williams
19,49,LAT,20,2,18,18,19,0,54,44.4,28.6,0.0,2.7,40.3,990.5,236.0,H,3,Monza,Williams
20,49,LAT,21,2,18,18,19,0,56,44.3,28.6,0.0,1.6,38.7,990.6,168.0,H,4,Monza,Williams
21,49,LAT,22,2,18,16,19,0,58,42.9,28.3,0.0,2.2,39.6,990.5,194.0,H,5,Monza,Williams
22,49,LAT,23,2,16,7,19,0,58,42.9,28.3,0.0,2.4,40.0,990.6,190.0,H,6,Monza,Williams
23,49,LAT,24,0,7,9,19,0,58,42.9,28.1,0.0,1.4,40.0,990.5,215.0,H,7,Monza,Williams
24,49,LAT,25,2,9,9,19,0,59,42.7,28.4,0.0,1.1,39.8,990.5,135.0,H,8,Monza,Williams
25,49,LAT,26,2,9,9,19,0,54,42.7,28.5,0.0,0.9,40.0,990.5,168.0,H,9,Monza,Williams
26,49,LAT,27,2,9,7,19,0,53,42.1,28.5,0.0,1.0,39.9,990.5,182.0,M,0,Monza,Williams
27,49,LAT,28,0,7,12,19,0,50,42.1,28.6,0.0,1.2,40.3,990.6,149.0,M,1,Monza,Williams
28,49,LAT,29,0,12,12,19,0,50,41.1,28.6,0.0,0.9,39.3,990.6,242.0,M,2,Monza,Williams
29,49,LAT,30,0,12,12,19,0,50,40.3,28.5,0.0,1.0,40.2,990.5,273.0,M,3,Monza,Williams
30,49,LAT,31,0,12,11,19,0,51,39.7,28.9,0.0,1.1,38.8,990.4,113.0,M,4,Monza,Williams
31,49,LAT,32,0,11,11,19,0,51,39.5,28.5,0.0,1.4,39.7,990.5,160.0,M,5,Monza,Williams
32,49,LAT,33,0,11,11,19,0,51,39.0,28.3,0.0,1.8,40.4,990.4,187.0,M,0,Monza,Williams
33,49,LAT,34,0,11,11,19,0,52,39.0,28.3,0.0,2.5,40.7,990.5,193.0,M,1,Monza,Williams
34,49,LAT,35,0,11,11,19,0,52,38.9,28.3,0.0,2.4,39.3,990.5,163.0,M,2,Monza,Williams
35,49,LAT,36,0,11,11,19,0,52,38.3,28.3,0.0,2.5,39.6,990.6,162.0,M,3,Monza,Williams
36,49,LAT,37,0,11,11,19,0,53,38.3,28.0,0.0,2.2,39.8,990.5,178.0,M,4,Monza,Williams
37,49,LAT,38,0,11,11,19,0,53,37.7,27.9,0.0,0.8,39.9,990.5,52.0,M,5,Monza,Williams
38,49,LAT,39,0,11,11,19,0,54,37.7,28.0,0.0,1.6,39.8,990.5,160.0,M,6,Monza,Williams
39,49,LAT,40,0,11,11,19,0,54,37.0,28.1,0.0,0.6,39.2,990.5,173.0,M,7,Monza,Williams
40,49,LAT,41,0,11,11,19,0,55,36.1,28.1,0.0,1.3,39.7,990.5,197.0,M,8,Monza,Williams
41,49,LAT,42,0,11,11,19,0,55,36.2,28.5,0.0,1.5,39.7,990.4,196.0,M,9,Monza,Williams
42,49,LAT,43,0,11,11,19,0,56,36.0,28.8,0.0,1.2,38.9,990.4,193.0,M,10,Monza,Williams
43,49,LAT,44,0,11,11,19,0,57,36.0,28.9,0.0,2.5,38.8,990.4,184.0,M,11,Monza,Williams
44,49,LAT,45,0,11,12,19,0,57,36.0,28.4,0.0,2.1,39.1,990.4,194.0,M,12,Monza,Williams
45,49,LAT,46,0,12,12,19,0,58,36.5,28.7,0.0,1.5,38.1,990.4,194.0,M,13,Monza,Williams
46,49,LAT,47,0,12,12,19,0,58,36.5,28.7,0.0,2.6,39.2,990.4,197.0,M,14,Monza,Williams
47,49,LAT,48,0,12,12,19,0,59,36.9,28.2,0.0,0.8,39.3,990.3,236.0,M,15,Monza,Williams
48,49,LAT,49,0,12,12,19,0,59,37.6,28.3,0.0,1.9,40.2,990.4,161.0,H,0,Monza,Williams
49,49,LAT,50,0,12,12,19,0,59,36.2,27.8,0.0,1.4,41.9,990.4,169.0,H,1,Monza,Williams
50,49,LAT,51,0,12,12,19,0,59,36.2,27.8,0.0,2.0,41.9,990.3,198.0,H,2,Monza,Williams
51,49,LAT,52,0,12,11,19,0,60,36.2,27.7,0.0,1.8,41.9,990.3,158.0,H,3,Monza,Williams
52,49,LAT,53,0,11,11,19,0,60,35.8,27.6,0.0,1.7,42.3,990.3,169.0,H,4,Monza,Williams
