,idGP,driver,lap,trackStatus,position,targetPosition,grid,out,performance,trackTemp,airTemp,raining,windSpeed,humidity,pressure,windDir,tyre,tyreLap,track,team
0,52,BOT,1,0,1,1,1,0,80,18.0,9.0,0.0,2.7,59.2,947.4,190.0,S,3,Nürburgring,Mercedes
1,52,BOT,2,0,1,1,1,0,65,16.3,9.8,0.0,1.2,57.8,947.4,34.0,S,4,Nürburgring,Mercedes
2,52,BOT,3,0,1,1,1,0,61,15.9,9.5,0.0,1.5,59.5,947.3,46.0,S,5,Nürburgring,Mercedes
3,52,BOT,4,0,1,1,1,0,60,15.6,9.5,0.0,1.3,59.7,947.4,79.0,S,6,Nürburgring,Mercedes
4,52,BOT,5,0,1,1,1,0,62,15.7,9.7,0.0,1.1,59.6,947.4,69.0,S,7,Nürburgring,Mercedes
5,52,BOT,6,0,1,1,1,0,63,15.6,9.6,0.0,1.6,59.1,947.4,46.0,S,8,Nürburgring,Mercedes
6,52,BOT,7,0,1,1,1,0,62,15.6,9.4,0.0,2.3,61.0,947.4,34.0,S,9,Nürburgring,Mercedes
7,52,BOT,8,0,1,1,1,0,62,15.7,9.5,0.0,1.4,60.9,947.4,33.0,S,10,Nürburgring,Mercedes
8,52,BOT,9,0,1,1,1,0,62,16.4,9.6,0.0,3.1,57.7,947.2,60.0,S,11,Nürburgring,Mercedes
9,52,BOT,10,0,1,1,1,0,62,16.2,9.5,0.0,1.6,59.2,947.4,57.0,S,12,Nürburgring,Mercedes
10,52,BOT,11,0,1,1,1,0,63,16.0,9.5,0.0,1.3,59.9,947.4,34.0,S,13,Nürburgring,Mercedes
11,52,BOT,12,0,1,1,1,0,63,15.3,9.4,0.0,0.3,59.2,947.4,20.0,S,14,Nürburgring,Mercedes
12,52,BOT,13,1,1,3,1,0,64,16.0,9.5,0.0,0.9,59.7,947.3,86.0,S,15,Nürburgring,Mercedes
13,52,BOT,14,1,3,4,1,0,64,16.5,9.5,0.0,1.4,59.4,947.2,183.0,M,0,Nürburgring,Mercedes
14,52,BOT,15,0,4,3,1,0,60,15.8,9.4,0.0,1.9,59.4,947.2,164.0,M,1,Nürburgring,Mercedes
15,52,BOT,16,2,3,3,1,0,59,15.6,9.2,0.0,0.7,60.7,947.3,188.0,M,2,Nürburgring,Mercedes
16,52,BOT,17,2,3,5,1,0,58,17.5,9.9,0.0,1.9,59.5,947.2,177.0,M,3,Nürburgring,Mercedes
17,52,BOT,18,1,5,12,1,1,54,17.3,9.8,0.0,1.3,58.9,947.3,61.0,M,4,Nürburgring,Mercedes
0,52,HAM,1,0,2,2,2,0,73,18.2,8.9,0.0,2.5,58.6,947.4,196.0,S,3,Nürburgring,Mercedes
1,52,HAM,2,0,2,2,2,0,57,19.1,9.2,0.0,2.5,58.2,947.4,180.0,S,4,Nürburgring,Mercedes
2,52,HAM,3,0,2,2,2,0,53,17.7,9.3,0.0,2.4,58.4,947.5,80.0,S,5,Nürburgring,Mercedes
3,52,HAM,4,0,2,2,2,0,53,17.6,9.4,0.0,1.3,58.5,947.4,49.0,S,6,Nürburgring,Mercedes
4,52,HAM,5,0,2,2,2,0,55,17.4,9.3,0.0,1.9,58.9,947.4,103.0,S,7,Nürburgring,Mercedes
5,52,HAM,6,0,2,2,2,0,57,17.2,9.3,0.0,1.9,58.4,947.4,16.0,S,8,Nürburgring,Mercedes
6,52,HAM,7,0,2,2,2,0,56,16.6,9.8,0.0,1.6,57.6,947.5,177.0,S,9,Nürburgring,Mercedes
7,52,HAM,8,0,2,2,2,0,56,16.4,9.9,0.0,2.1,57.3,947.4,81.0,S,10,Nürburgring,Mercedes
8,52,HAM,9,0,2,2,2,0,57,16.0,9.6,0.0,2.0,58.6,947.4,148.0,S,11,Nürburgring,Mercedes
9,52,HAM,10,0,2,2,2,0,58,15.9,9.5,0.0,2.2,58.9,947.5,48.0,S,12,Nürburgring,Mercedes
10,52,HAM,11,0,2,2,2,0,58,15.6,9.5,0.0,1.3,59.7,947.4,79.0,S,13,Nürburgring,Mercedes
11,52,HAM,12,0,2,2,2,0,59,15.6,9.6,0.0,1.4,59.9,947.4,36.0,S,14,Nürburgring,Mercedes
12,52,HAM,13,1,2,1,2,0,60,15.7,9.7,0.0,1.1,59.6,947.4,69.0,S,15,Nürburgring,Mercedes
13,52,HAM,14,1,1,1,2,0,61,15.2,9.1,0.0,1.6,60.9,947.3,83.0,S,16,Nürburgring,Mercedes
14,52,HAM,15,0,1,1,2,0,59,15.3,9.1,1.0,1.2,61.5,947.4,177.0,S,17,Nürburgring,Mercedes
15,52,HAM,16,2,1,1,2,0,59,15.2,9.1,1.0,1.4,61.9,947.4,15.0,S,18,Nürburgring,Mercedes
16,52,HAM,17,2,1,1,2,0,60,15.1,9.2,0.0,1.9,62.9,947.4,44.0,M,0,Nürburgring,Mercedes
17,52,HAM,18,1,1,1,2,0,60,15.2,9.2,0.0,2.4,62.4,947.4,15.0,M,1,Nürburgring,Mercedes
18,52,HAM,19,1,1,1,2,0,60,15.4,9.4,0.0,1.4,61.7,947.5,33.0,M,2,Nürburgring,Mercedes
19,52,HAM,20,1,1,1,2,0,67,15.6,9.4,0.0,2.3,61.0,947.4,34.0,M,3,Nürburgring,Mercedes
20,52,HAM,21,0,1,1,2,0,68,15.7,9.5,0.0,1.4,60.9,947.4,33.0,M,4,Nürburgring,Mercedes
21,52,HAM,22,0,1,1,2,0,68,15.9,9.6,0.0,2.3,60.8,947.4,0.0,M,5,Nürburgring,Mercedes
22,52,HAM,23,0,1,1,2,0,69,16.0,9.7,0.0,1.3,60.5,947.5,59.0,M,6,Nürburgring,Mercedes
23,52,HAM,24,0,1,1,2,0,69,16.0,9.5,0.0,1.3,60.4,947.4,20.0,M,7,Nürburgring,Mercedes
24,52,HAM,25,0,1,1,2,0,70,16.0,9.8,0.0,2.2,59.3,947.4,54.0,M,8,Nürburgring,Mercedes
25,52,HAM,26,0,1,1,2,0,70,16.7,9.6,0.0,1.7,58.9,947.3,25.0,M,9,Nürburgring,Mercedes
26,52,HAM,27,0,1,1,2,0,70,17.2,9.7,0.0,2.2,59.3,947.3,60.0,M,10,Nürburgring,Mercedes
27,52,HAM,28,0,1,1,2,0,70,17.1,9.6,0.0,2.2,59.5,947.4,83.0,M,11,Nürburgring,Mercedes
28,52,HAM,29,0,1,1,2,0,70,17.0,9.5,0.0,1.7,59.3,947.3,61.0,M,12,Nürburgring,Mercedes
29,52,HAM,30,0,1,1,2,0,70,16.8,9.4,0.0,2.2,59.6,947.3,85.0,M,13,Nürburgring,Mercedes
30,52,HAM,31,0,1,1,2,0,70,16.6,9.4,0.0,1.1,59.7,947.4,16.0,M,14,Nürburgring,Mercedes
31,52,HAM,32,0,1,1,2,0,70,16.4,9.6,0.0,1.5,59.5,947.3,73.0,M,15,Nürburgring,Mercedes
32,52,HAM,33,0,1,1,2,0,70,16.4,9.6,0.0,1.6,58.6,947.3,172.0,M,16,Nürburgring,Mercedes
33,52,HAM,34,0,1,1,2,0,70,16.6,9.6,0.0,1.5,58.1,947.4,17.0,M,17,Nürburgring,Mercedes
34,52,HAM,35,0,1,1,2,0,70,16.4,9.7,0.0,1.4,57.9,947.3,45.0,M,18,Nürburgring,Mercedes
35,52,HAM,36,0,1,1,2,0,70,16.4,9.6,0.0,3.1,57.7,947.2,60.0,M,19,Nürburgring,Mercedes
36,52,HAM,37,0,1,1,2,0,70,16.3,9.5,0.0,1.9,57.8,947.3,50.0,M,20,Nürburgring,Mercedes
37,52,HAM,38,0,1,1,2,0,70,16.3,9.5,0.0,1.4,57.9,947.5,52.0,M,21,Nürburgring,Mercedes
38,52,HAM,39,0,1,1,2,0,68,16.2,9.5,0.0,1.7,58.3,947.4,30.0,M,22,Nürburgring,Mercedes
39,52,HAM,40,0,1,1,2,0,,16.0,9.5,0.0,1.0,58.8,947.3,45.0,M,23,Nürburgring,Mercedes
40,52,HAM,41,0,1,1,2,0,66,16.0,9.4,0.0,1.4,59.2,947.4,87.0,M,24,Nürburgring,Mercedes
41,52,HAM,42,0,1,1,2,0,65,16.2,9.5,0.0,1.6,59.2,947.4,57.0,M,25,Nürburgring,Mercedes
42,52,HAM,43,0,1,1,2,0,64,16.2,9.4,0.0,1.5,59.7,947.4,24.0,M,26,Nürburgring,Mercedes
43,52,HAM,44,0,1,1,2,0,64,15.9,9.6,0.0,2.0,59.7,947.5,29.0,M,27,Nürburgring,Mercedes
44,52,HAM,45,2,1,1,2,0,65,15.8,9.7,0.0,2.2,59.8,947.3,32.0,M,28,Nürburgring,Mercedes
45,52,HAM,46,2,1,1,2,0,65,15.6,9.7,0.0,1.9,58.5,947.3,89.0,S,3,Nürburgring,Mercedes
46,52,HAM,47,2,1,1,2,0,63,15.1,9.3,0.0,0.5,60.0,947.4,122.0,S,4,Nürburgring,Mercedes
47,52,HAM,48,2,1,1,2,0,60,15.6,9.4,0.0,0.8,59.3,947.3,0.0,S,5,Nürburgring,Mercedes
48,52,HAM,49,2,1,1,2,0,57,16.3,9.6,0.0,1.3,59.2,947.3,188.0,S,6,Nürburgring,Mercedes
49,52,HAM,50,0,1,1,2,0,56,16.5,9.5,0.0,1.3,59.3,947.3,193.0,S,7,Nürburgring,Mercedes
50,52,HAM,51,0,1,1,2,0,57,16.8,9.6,0.0,1.2,58.6,947.3,223.0,S,8,Nürburgring,Mercedes
51,52,HAM,52,0,1,1,2,0,57,15.6,9.5,0.0,1.0,59.8,947.3,41.0,S,9,Nürburgring,Mercedes
52,52,HAM,53,0,1,1,2,0,58,15.6,9.4,0.0,1.8,60.2,947.2,223.0,S,10,Nürburgring,Mercedes
53,52,HAM,54,0,1,1,2,0,58,15.6,9.4,0.0,1.7,60.4,947.2,187.0,S,11,Nürburgring,Mercedes
54,52,HAM,55,0,1,1,2,0,58,15.6,9.2,0.0,0.7,60.7,947.3,188.0,S,12,Nürburgring,Mercedes
55,52,HAM,56,0,1,1,2,0,58,15.6,9.1,0.0,2.1,60.7,947.3,0.0,S,13,Nürburgring,Mercedes
56,52,HAM,57,0,1,1,2,0,59,15.8,9.3,0.0,0.7,61.2,947.3,31.0,S,14,Nürburgring,Mercedes
57,52,HAM,58,0,1,1,2,0,59,17.5,9.8,0.0,1.4,59.9,947.2,338.0,S,15,Nürburgring,Mercedes
58,52,HAM,59,0,1,1,2,0,59,17.5,9.9,0.0,1.9,59.5,947.2,177.0,S,16,Nürburgring,Mercedes
59,52,HAM,60,0,1,1,2,0,59,17.3,9.8,0.0,1.3,58.9,947.3,61.0,S,17,Nürburgring,Mercedes
0,52,VER,1,0,3,3,3,0,48,18.0,9.0,0.0,2.7,59.2,947.4,190.0,S,3,Nürburgring,Red Bull Racing
1,52,VER,2,0,3,3,3,0,36,18.2,8.9,0.0,2.5,58.6,947.4,196.0,S,4,Nürburgring,Red Bull Racing
2,52,VER,3,0,3,3,3,0,34,18.2,8.9,0.0,2.7,58.9,947.4,182.0,S,5,Nürburgring,Red Bull Racing
3,52,VER,4,0,3,3,3,0,33,17.7,9.3,0.0,2.4,58.4,947.5,80.0,S,6,Nürburgring,Red Bull Racing
4,52,VER,5,0,3,3,3,0,35,17.4,9.3,0.0,1.9,58.9,947.4,103.0,S,7,Nürburgring,Red Bull Racing
5,52,VER,6,0,3,3,3,0,36,17.1,9.5,0.0,1.8,58.7,947.4,162.0,S,8,Nürburgring,Red Bull Racing
6,52,VER,7,0,3,3,3,0,36,17.0,9.6,0.0,1.7,58.3,947.4,347.0,S,9,Nürburgring,Red Bull Racing
7,52,VER,8,0,3,3,3,0,36,16.6,9.8,0.0,1.6,57.6,947.5,177.0,S,10,Nürburgring,Red Bull Racing
8,52,VER,9,0,3,3,3,0,36,16.4,9.9,0.0,2.1,57.3,947.4,81.0,S,11,Nürburgring,Red Bull Racing
9,52,VER,10,0,3,3,3,0,36,15.9,9.5,0.0,2.2,58.9,947.5,48.0,S,12,Nürburgring,Red Bull Racing
10,52,VER,11,0,3,3,3,0,36,15.9,9.5,0.0,1.5,59.5,947.3,46.0,S,13,Nürburgring,Red Bull Racing
11,52,VER,12,0,3,3,3,0,37,15.6,9.5,0.0,1.3,59.7,947.4,79.0,S,14,Nürburgring,Red Bull Racing
12,52,VER,13,1,3,2,3,0,39,15.6,9.6,0.0,1.4,59.9,947.4,36.0,S,15,Nürburgring,Red Bull Racing
13,52,VER,14,1,2,2,3,0,40,15.6,9.6,0.0,1.6,59.1,947.4,46.0,S,16,Nürburgring,Red Bull Racing
14,52,VER,15,0,2,2,3,0,40,15.3,9.1,1.0,1.2,61.5,947.4,177.0,S,17,Nürburgring,Red Bull Racing
15,52,VER,16,2,2,2,3,0,41,15.2,9.3,0.0,1.6,62.2,947.4,329.0,S,18,Nürburgring,Red Bull Racing
16,52,VER,17,2,2,2,3,0,42,15.4,9.4,0.0,1.4,61.7,947.5,33.0,M,0,Nürburgring,Red Bull Racing
17,52,VER,18,1,2,2,3,0,42,15.6,9.4,0.0,2.3,61.0,947.4,34.0,M,1,Nürburgring,Red Bull Racing
18,52,VER,19,1,2,2,3,0,43,15.9,9.6,0.0,2.3,60.8,947.4,0.0,M,2,Nürburgring,Red Bull Racing
19,52,VER,20,1,2,2,3,0,35,16.0,9.7,0.0,1.3,60.5,947.5,59.0,M,3,Nürburgring,Red Bull Racing
20,52,VER,21,0,2,2,3,0,34,16.0,9.6,0.0,2.4,60.2,947.3,51.0,M,4,Nürburgring,Red Bull Racing
21,52,VER,22,0,2,2,3,0,35,16.0,9.5,0.0,1.3,60.4,947.4,20.0,M,5,Nürburgring,Red Bull Racing
22,52,VER,23,0,2,2,3,0,35,16.0,9.6,0.0,2.1,60.0,947.4,301.0,M,6,Nürburgring,Red Bull Racing
23,52,VER,24,0,2,2,3,0,35,16.1,9.7,0.0,1.5,59.8,947.4,95.0,M,7,Nürburgring,Red Bull Racing
24,52,VER,25,0,2,2,3,0,35,16.0,9.8,0.0,2.2,59.3,947.4,54.0,M,8,Nürburgring,Red Bull Racing
25,52,VER,26,0,2,2,3,0,35,16.1,9.7,0.0,1.1,59.1,947.4,16.0,M,9,Nürburgring,Red Bull Racing
26,52,VER,27,0,2,2,3,0,35,16.1,9.7,0.0,1.8,58.8,947.3,98.0,M,10,Nürburgring,Red Bull Racing
27,52,VER,28,0,2,2,3,0,35,16.7,9.6,0.0,1.7,58.9,947.3,25.0,M,11,Nürburgring,Red Bull Racing
28,52,VER,29,0,2,2,3,0,35,17.1,9.6,0.0,2.2,59.5,947.4,83.0,M,12,Nürburgring,Red Bull Racing
29,52,VER,30,0,2,2,3,0,35,17.0,9.5,0.0,1.7,59.3,947.3,61.0,M,13,Nürburgring,Red Bull Racing
30,52,VER,31,0,2,2,3,0,35,16.8,9.4,0.0,2.2,59.6,947.3,85.0,M,14,Nürburgring,Red Bull Racing
31,52,VER,32,0,2,2,3,0,35,16.6,9.4,0.0,1.1,59.7,947.4,16.0,M,15,Nürburgring,Red Bull Racing
32,52,VER,33,0,2,2,3,0,35,16.4,9.6,0.0,1.5,59.5,947.3,73.0,M,16,Nürburgring,Red Bull Racing
33,52,VER,34,0,2,2,3,0,34,16.6,9.6,0.0,1.5,58.1,947.4,17.0,M,17,Nürburgring,Red Bull Racing
34,52,VER,35,0,2,2,3,0,35,16.3,9.5,0.0,1.9,57.8,947.3,50.0,M,18,Nürburgring,Red Bull Racing
35,52,VER,36,0,2,2,3,0,35,16.3,9.5,0.0,1.4,57.9,947.5,52.0,M,19,Nürburgring,Red Bull Racing
36,52,VER,37,0,2,2,3,0,35,16.1,9.4,0.0,2.1,58.3,947.4,53.0,M,20,Nürburgring,Red Bull Racing
37,52,VER,38,0,2,2,3,0,34,16.0,9.6,0.0,1.6,58.1,947.4,0.0,M,21,Nürburgring,Red Bull Racing
38,52,VER,39,0,2,2,3,0,33,16.0,9.4,0.0,1.4,59.2,947.4,87.0,M,22,Nürburgring,Red Bull Racing
39,52,VER,40,0,2,2,3,0,32,16.2,9.5,0.0,1.6,59.2,947.4,57.0,M,23,Nürburgring,Red Bull Racing
40,52,VER,41,0,2,2,3,0,31,16.2,9.4,0.0,1.5,59.7,947.4,24.0,M,24,Nürburgring,Red Bull Racing
41,52,VER,42,0,2,2,3,0,31,16.0,9.5,0.0,1.3,59.9,947.4,34.0,M,25,Nürburgring,Red Bull Racing
42,52,VER,43,0,2,2,3,0,30,15.8,9.7,0.0,2.2,59.8,947.3,32.0,M,26,Nürburgring,Red Bull Racing
43,52,VER,44,0,2,2,3,0,30,15.9,9.8,0.0,1.1,59.5,947.4,74.0,M,27,Nürburgring,Red Bull Racing
44,52,VER,45,2,2,2,3,0,33,15.6,9.7,0.0,1.9,58.5,947.3,89.0,M,28,Nürburgring,Red Bull Racing
45,52,VER,46,2,2,2,3,0,33,15.6,9.4,0.0,0.8,59.3,947.3,0.0,S,3,Nürburgring,Red Bull Racing
46,52,VER,47,2,2,2,3,0,32,16.3,9.6,0.0,1.3,59.2,947.3,188.0,S,4,Nürburgring,Red Bull Racing
47,52,VER,48,2,2,2,3,0,30,16.5,9.5,0.0,1.4,59.4,947.2,183.0,S,5,Nürburgring,Red Bull Racing
48,52,VER,49,2,2,2,3,0,28,16.9,9.5,0.0,1.3,58.9,947.3,159.0,S,6,Nürburgring,Red Bull Racing
49,52,VER,50,0,2,2,3,0,27,16.8,9.6,0.0,1.2,58.6,947.3,223.0,S,7,Nürburgring,Red Bull Racing
50,52,VER,51,0,2,2,3,0,28,15.6,9.5,0.0,1.0,59.8,947.3,41.0,S,8,Nürburgring,Red Bull Racing
51,52,VER,52,0,2,2,3,0,28,15.6,9.4,0.0,1.8,60.2,947.2,223.0,S,9,Nürburgring,Red Bull Racing
52,52,VER,53,0,2,2,3,0,28,15.8,9.3,0.0,0.7,61.2,947.3,31.0,S,10,Nürburgring,Red Bull Racing
53,52,VER,54,0,2,2,3,0,28,16.7,9.5,0.0,1.6,60.8,947.3,131.0,S,11,Nürburgring,Red Bull Racing
54,52,VER,55,0,2,2,3,0,29,17.5,9.8,0.0,1.4,59.9,947.2,338.0,S,12,Nürburgring,Red Bull Racing
55,52,VER,56,0,2,2,3,0,29,17.5,9.9,0.0,1.9,59.5,947.2,177.0,S,13,Nürburgring,Red Bull Racing
56,52,VER,57,0,2,2,3,0,29,17.3,9.8,0.0,1.3,58.9,947.3,61.0,S,14,Nürburgring,Red Bull Racing
57,52,VER,58,0,2,2,3,0,29,17.3,9.8,0.0,1.3,58.9,947.3,61.0,S,15,Nürburgring,Red Bull Racing
58,52,VER,59,0,2,2,3,0,29,17.3,9.8,0.0,1.3,58.9,947.3,61.0,S,16,Nürburgring,Red Bull Racing
59,52,VER,60,0,2,2,3,0,29,17.3,9.8,0.0,1.3,58.9,947.3,61.0,S,17,Nürburgring,Red Bull Racing
0,52,LEC,1,0,4,4,4,0,58,18.2,8.9,0.0,2.5,58.6,947.4,196.0,S,3,Nürburgring,Ferrari
1,52,LEC,2,0,4,4,4,0,60,18.2,8.9,0.0,2.7,58.9,947.4,182.0,S,4,Nürburgring,Ferrari
2,52,LEC,3,0,4,4,4,0,60,19.1,9.2,0.0,2.1,58.1,947.3,154.0,S,5,Nürburgring,Ferrari
3,52,LEC,4,0,4,4,4,0,59,18.6,9.4,0.0,0.8,58.0,947.4,0.0,S,6,Nürburgring,Ferrari
4,52,LEC,5,0,4,4,4,0,58,18.2,9.4,0.0,2.7,58.0,947.3,187.0,S,7,Nürburgring,Ferrari
5,52,LEC,6,0,4,4,4,0,58,17.7,9.3,0.0,2.4,58.4,947.5,80.0,S,8,Nürburgring,Ferrari
6,52,LEC,7,0,4,4,4,0,58,17.6,9.4,0.0,1.3,58.5,947.4,49.0,S,9,Nürburgring,Ferrari
7,52,LEC,8,0,4,4,4,0,58,17.4,9.3,0.0,1.9,58.9,947.4,103.0,S,10,Nürburgring,Ferrari
8,52,LEC,9,0,4,5,4,0,58,17.2,9.3,0.0,1.9,58.4,947.4,16.0,S,11,Nürburgring,Ferrari
9,52,LEC,10,0,5,8,4,0,58,16.8,9.7,0.0,1.7,58.0,947.4,29.0,S,12,Nürburgring,Ferrari
10,52,LEC,11,0,8,19,4,0,58,16.6,9.8,0.0,1.6,57.6,947.5,177.0,M,0,Nürburgring,Ferrari
11,52,LEC,12,0,19,17,4,0,60,16.3,9.8,0.0,1.2,57.8,947.4,34.0,M,1,Nürburgring,Ferrari
12,52,LEC,13,1,17,16,4,0,61,15.9,9.5,0.0,2.2,58.9,947.5,48.0,M,2,Nürburgring,Ferrari
13,52,LEC,14,1,16,15,4,0,62,15.9,9.5,0.0,1.5,59.5,947.3,46.0,M,3,Nürburgring,Ferrari
14,52,LEC,15,0,15,14,4,0,61,15.7,9.4,0.0,2.3,59.5,947.3,0.0,M,4,Nürburgring,Ferrari
15,52,LEC,16,2,14,12,4,0,61,15.6,9.5,0.0,1.3,59.7,947.4,79.0,M,5,Nürburgring,Ferrari
16,52,LEC,17,2,12,12,4,0,61,15.6,9.6,0.0,1.4,59.9,947.4,36.0,M,6,Nürburgring,Ferrari
17,52,LEC,18,1,12,11,4,0,61,15.7,9.7,0.0,1.1,59.6,947.4,69.0,M,7,Nürburgring,Ferrari
18,52,LEC,19,1,11,11,4,0,61,15.6,9.6,0.0,1.6,59.1,947.4,46.0,M,8,Nürburgring,Ferrari
19,52,LEC,20,1,11,10,4,0,62,15.4,9.4,0.0,1.3,60.3,947.4,94.0,M,9,Nürburgring,Ferrari
20,52,LEC,21,0,10,10,4,0,62,15.2,9.1,0.0,1.6,60.9,947.3,83.0,M,10,Nürburgring,Ferrari
21,52,LEC,22,0,10,9,4,0,63,15.3,9.1,1.0,1.2,61.5,947.4,177.0,M,11,Nürburgring,Ferrari
22,52,LEC,23,0,9,8,4,0,63,15.2,9.1,1.0,1.4,61.9,947.4,15.0,M,12,Nürburgring,Ferrari
23,52,LEC,24,0,8,8,4,0,63,15.1,9.2,0.0,1.9,62.9,947.4,44.0,M,13,Nürburgring,Ferrari
24,52,LEC,25,0,8,8,4,0,64,15.2,9.3,0.0,1.6,62.2,947.4,329.0,M,14,Nürburgring,Ferrari
25,52,LEC,26,0,8,8,4,0,64,15.4,9.4,0.0,1.4,61.7,947.5,33.0,M,15,Nürburgring,Ferrari
26,52,LEC,27,0,8,8,4,0,64,15.5,9.4,0.0,0.9,61.3,947.5,55.0,M,16,Nürburgring,Ferrari
27,52,LEC,28,0,8,7,4,0,63,15.9,9.6,0.0,2.3,60.8,947.4,0.0,M,17,Nürburgring,Ferrari
28,52,LEC,29,0,7,5,4,0,64,16.0,9.7,0.0,1.3,60.5,947.5,59.0,M,18,Nürburgring,Ferrari
29,52,LEC,30,0,5,4,4,0,64,16.0,9.8,0.0,2.2,59.3,947.4,54.0,M,19,Nürburgring,Ferrari
30,52,LEC,31,0,4,4,4,0,64,17.2,9.7,0.0,2.2,59.3,947.3,60.0,M,20,Nürburgring,Ferrari
31,52,LEC,32,0,4,4,4,0,64,17.1,9.6,0.0,2.2,59.5,947.4,83.0,M,21,Nürburgring,Ferrari
32,52,LEC,33,0,4,5,4,0,64,17.0,9.5,0.0,1.7,59.3,947.3,61.0,M,22,Nürburgring,Ferrari
33,52,LEC,34,0,5,5,4,0,64,16.6,9.4,0.0,1.1,59.7,947.4,16.0,M,23,Nürburgring,Ferrari
34,52,LEC,35,0,5,6,4,0,64,16.4,9.6,0.0,1.5,59.5,947.3,73.0,M,24,Nürburgring,Ferrari
35,52,LEC,36,0,6,10,4,0,64,16.4,9.6,0.0,1.6,58.6,947.3,172.0,M,5,Nürburgring,Ferrari
36,52,LEC,37,0,10,9,4,0,64,16.6,9.6,0.0,1.5,58.1,947.4,17.0,M,6,Nürburgring,Ferrari
37,52,LEC,38,0,9,8,4,0,64,16.4,9.7,0.0,1.4,57.9,947.3,45.0,M,7,Nürburgring,Ferrari
38,52,LEC,39,0,8,7,4,0,64,16.3,9.5,0.0,1.9,57.8,947.3,50.0,M,8,Nürburgring,Ferrari
39,52,LEC,40,0,7,7,4,0,65,16.2,9.5,0.0,1.7,58.3,947.4,30.0,M,9,Nürburgring,Ferrari
40,52,LEC,41,0,7,7,4,0,66,16.1,9.6,0.0,1.0,58.3,947.5,60.0,M,10,Nürburgring,Ferrari
41,52,LEC,42,0,7,7,4,0,66,16.0,9.6,0.0,1.6,58.1,947.4,0.0,M,11,Nürburgring,Ferrari
42,52,LEC,43,0,7,6,4,0,67,16.2,9.4,0.0,1.5,59.7,947.4,24.0,M,12,Nürburgring,Ferrari
43,52,LEC,44,0,6,6,4,0,70,16.0,9.5,0.0,1.3,59.9,947.4,34.0,M,13,Nürburgring,Ferrari
44,52,LEC,45,2,6,6,4,0,69,15.9,9.6,0.0,2.0,59.7,947.5,29.0,M,14,Nürburgring,Ferrari
45,52,LEC,46,2,6,6,4,0,68,15.9,9.9,0.0,1.4,58.5,947.3,35.0,M,15,Nürburgring,Ferrari
46,52,LEC,47,2,6,6,4,0,68,15.3,9.4,0.0,0.3,59.2,947.4,20.0,M,16,Nürburgring,Ferrari
47,52,LEC,48,2,6,6,4,0,68,16.0,9.5,0.0,0.9,59.7,947.3,86.0,M,17,Nürburgring,Ferrari
48,52,LEC,49,2,6,6,4,0,68,16.3,9.6,0.0,1.3,59.2,947.3,188.0,M,18,Nürburgring,Ferrari
49,52,LEC,50,0,6,6,4,0,67,16.5,9.5,0.0,1.3,59.3,947.3,193.0,M,19,Nürburgring,Ferrari
50,52,LEC,51,0,6,7,4,0,67,16.8,9.6,0.0,1.2,58.6,947.3,223.0,M,20,Nürburgring,Ferrari
51,52,LEC,52,0,7,7,4,0,67,15.8,9.4,0.0,1.9,59.4,947.2,164.0,M,21,Nürburgring,Ferrari
52,52,LEC,53,0,7,7,4,0,67,15.6,9.4,0.0,1.7,60.4,947.2,187.0,M,22,Nürburgring,Ferrari
53,52,LEC,54,0,7,7,4,0,67,15.6,9.3,0.0,1.2,60.1,947.3,9.0,M,23,Nürburgring,Ferrari
54,52,LEC,55,0,7,7,4,0,67,15.8,9.3,0.0,0.7,61.2,947.3,31.0,M,24,Nürburgring,Ferrari
55,52,LEC,56,0,7,7,4,0,67,17.4,9.7,0.0,1.6,59.8,947.4,14.0,M,25,Nürburgring,Ferrari
56,52,LEC,57,0,7,7,4,0,66,17.5,9.8,0.0,1.4,59.9,947.2,338.0,M,26,Nürburgring,Ferrari
57,52,LEC,58,0,7,7,4,0,66,17.3,9.8,0.0,1.3,58.9,947.3,61.0,M,27,Nürburgring,Ferrari
58,52,LEC,59,0,7,7,4,0,66,17.3,9.8,0.0,1.3,58.9,947.3,61.0,M,28,Nürburgring,Ferrari
59,52,LEC,60,0,7,7,4,0,66,17.3,9.8,0.0,1.3,58.9,947.3,61.0,M,29,Nürburgring,Ferrari
0,52,ALB,1,0,6,6,6,0,71,19.1,9.2,0.0,2.1,58.1,947.3,154.0,S,3,Nürburgring,Red Bull Racing
1,52,ALB,2,0,6,6,6,0,70,18.6,9.4,0.0,0.8,58.0,947.4,0.0,S,4,Nürburgring,Red Bull Racing
2,52,ALB,3,0,6,6,6,0,67,16.6,9.8,0.0,1.6,57.6,947.5,177.0,S,5,Nürburgring,Red Bull Racing
3,52,ALB,4,0,6,6,6,0,67,15.9,9.5,0.0,1.5,59.5,947.3,46.0,S,6,Nürburgring,Red Bull Racing
4,52,ALB,5,0,6,6,6,0,69,15.6,9.5,0.0,1.3,59.7,947.4,79.0,S,7,Nürburgring,Red Bull Racing
5,52,ALB,6,0,6,6,6,0,69,15.3,9.1,1.0,1.2,61.5,947.4,177.0,S,8,Nürburgring,Red Bull Racing
6,52,ALB,7,0,6,8,6,0,68,16.0,9.6,0.0,2.1,60.0,947.4,301.0,S,9,Nürburgring,Red Bull Racing
7,52,ALB,8,0,8,20,6,0,67,16.1,9.7,0.0,1.5,59.8,947.4,95.0,M,0,Nürburgring,Red Bull Racing
8,52,ALB,9,0,20,20,6,0,68,16.6,9.4,0.0,1.1,59.7,947.4,16.0,M,1,Nürburgring,Red Bull Racing
9,52,ALB,10,0,20,19,6,0,67,16.4,9.6,0.0,1.5,59.5,947.3,73.0,M,2,Nürburgring,Red Bull Racing
10,52,ALB,11,0,19,15,6,0,67,16.4,9.7,0.0,1.4,57.9,947.3,45.0,M,3,Nürburgring,Red Bull Racing
11,52,ALB,12,0,15,14,6,0,66,16.1,9.6,0.0,1.0,58.3,947.5,60.0,M,4,Nürburgring,Red Bull Racing
12,52,ALB,13,1,14,12,6,0,66,16.0,9.6,0.0,1.6,58.1,947.4,0.0,M,5,Nürburgring,Red Bull Racing
13,52,ALB,14,1,12,12,6,0,66,16.2,9.5,0.0,1.6,59.2,947.4,57.0,M,6,Nürburgring,Red Bull Racing
14,52,ALB,15,0,12,11,6,0,65,16.0,9.5,0.0,1.3,59.9,947.4,34.0,M,7,Nürburgring,Red Bull Racing
15,52,ALB,16,2,11,10,6,0,64,15.8,9.7,0.0,2.2,59.8,947.3,32.0,M,8,Nürburgring,Red Bull Racing
16,52,ALB,17,2,10,10,6,0,63,15.1,9.3,0.0,0.5,60.0,947.4,122.0,M,9,Nürburgring,Red Bull Racing
17,52,ALB,18,1,10,9,6,0,63,16.5,9.5,0.0,1.3,59.3,947.3,193.0,M,10,Nürburgring,Red Bull Racing
18,52,ALB,19,1,9,9,6,0,65,15.6,9.4,0.0,1.7,60.4,947.2,187.0,M,11,Nürburgring,Red Bull Racing
19,52,ALB,20,1,9,9,6,0,71,16.7,9.5,0.0,1.6,60.8,947.3,131.0,M,12,Nürburgring,Red Bull Racing
20,52,ALB,21,0,9,9,6,0,71,17.5,9.9,0.0,1.9,59.5,947.2,177.0,M,13,Nürburgring,Red Bull Racing
21,52,ALB,22,0,9,8,6,0,71,17.3,9.8,0.0,1.3,58.9,947.3,61.0,M,14,Nürburgring,Red Bull Racing
22,52,ALB,23,0,8,9,6,1,70,17.3,9.8,0.0,1.3,58.9,947.3,61.0,M,15,Nürburgring,Red Bull Racing
0,52,RIC,1,0,5,5,5,0,68,18.0,9.0,0.0,2.7,59.2,947.4,190.0,S,3,Nürburgring,Renault
1,52,RIC,2,0,5,5,5,0,53,18.2,8.9,0.0,2.5,58.6,947.4,196.0,S,4,Nürburgring,Renault
2,52,RIC,3,0,5,5,5,0,50,18.2,8.9,0.0,2.7,58.9,947.4,182.0,S,5,Nürburgring,Renault
3,52,RIC,4,0,5,5,5,0,50,19.1,9.2,0.0,2.1,58.1,947.3,154.0,S,6,Nürburgring,Renault
4,52,RIC,5,0,5,5,5,0,51,18.6,9.4,0.0,0.8,58.0,947.4,0.0,S,7,Nürburgring,Renault
5,52,RIC,6,0,5,5,5,0,51,17.7,9.3,0.0,2.4,58.4,947.5,80.0,S,8,Nürburgring,Renault
6,52,RIC,7,0,5,5,5,0,51,17.4,9.3,0.0,1.9,58.9,947.4,103.0,S,9,Nürburgring,Renault
7,52,RIC,8,0,5,5,5,0,51,17.1,9.5,0.0,1.8,58.7,947.4,162.0,S,10,Nürburgring,Renault
8,52,RIC,9,0,5,4,5,0,52,17.0,9.6,0.0,1.7,58.3,947.4,347.0,S,11,Nürburgring,Renault
9,52,RIC,10,0,4,4,5,0,54,16.8,9.7,0.0,1.7,58.0,947.4,29.0,S,12,Nürburgring,Renault
10,52,RIC,11,0,4,4,5,0,55,16.4,9.9,0.0,2.1,57.3,947.4,81.0,S,13,Nürburgring,Renault
11,52,RIC,12,0,4,4,5,0,56,16.3,9.8,0.0,1.2,57.8,947.4,34.0,S,14,Nürburgring,Renault
12,52,RIC,13,1,4,4,5,0,58,15.9,9.5,0.0,1.5,59.5,947.3,46.0,S,15,Nürburgring,Renault
13,52,RIC,14,1,4,3,5,0,59,15.7,9.4,0.0,2.3,59.5,947.3,0.0,S,16,Nürburgring,Renault
14,52,RIC,15,0,3,4,5,0,59,15.6,9.5,0.0,1.3,59.7,947.4,79.0,S,17,Nürburgring,Renault
15,52,RIC,16,2,4,4,5,0,59,15.6,9.6,0.0,1.4,59.9,947.4,36.0,S,18,Nürburgring,Renault
16,52,RIC,17,2,4,9,5,0,59,15.7,9.7,0.0,1.1,59.6,947.4,69.0,M,0,Nürburgring,Renault
17,52,RIC,18,1,9,7,5,0,60,15.6,9.6,0.0,1.6,59.1,947.4,46.0,M,1,Nürburgring,Renault
18,52,RIC,19,1,7,7,5,0,61,15.4,9.4,0.0,1.3,60.3,947.4,94.0,M,2,Nürburgring,Renault
19,52,RIC,20,1,7,7,5,0,63,15.2,9.1,0.0,1.6,60.9,947.3,83.0,M,3,Nürburgring,Renault
20,52,RIC,21,0,7,7,5,0,63,15.3,9.1,1.0,1.2,61.5,947.4,177.0,M,4,Nürburgring,Renault
21,52,RIC,22,0,7,6,5,0,63,15.5,9.4,0.0,0.9,61.3,947.5,55.0,M,5,Nürburgring,Renault
22,52,RIC,23,0,6,6,5,0,63,15.7,9.5,0.0,1.4,60.9,947.4,33.0,M,6,Nürburgring,Renault
23,52,RIC,24,0,6,6,5,0,63,15.9,9.6,0.0,2.3,60.8,947.4,0.0,M,7,Nürburgring,Renault
24,52,RIC,25,0,6,6,5,0,63,16.0,9.6,0.0,2.4,60.2,947.3,51.0,M,8,Nürburgring,Renault
25,52,RIC,26,0,6,6,5,0,63,16.0,9.6,0.0,2.1,60.0,947.4,301.0,M,9,Nürburgring,Renault
26,52,RIC,27,0,6,6,5,0,63,16.1,9.7,0.0,1.5,59.8,947.4,95.0,M,10,Nürburgring,Renault
27,52,RIC,28,0,6,5,5,0,63,16.0,9.8,0.0,2.2,59.3,947.4,54.0,M,11,Nürburgring,Renault
28,52,RIC,29,0,5,4,5,0,62,16.1,9.7,0.0,1.1,59.1,947.4,16.0,M,12,Nürburgring,Renault
29,52,RIC,30,0,4,3,5,0,62,16.7,9.6,0.0,1.7,58.9,947.3,25.0,M,13,Nürburgring,Renault
30,52,RIC,31,0,3,3,5,0,62,17.2,9.7,0.0,2.2,59.3,947.3,60.0,M,14,Nürburgring,Renault
31,52,RIC,32,0,3,3,5,0,62,17.1,9.6,0.0,2.2,59.5,947.4,83.0,M,15,Nürburgring,Renault
32,52,RIC,33,0,3,3,5,0,62,16.4,9.6,0.0,1.6,58.6,947.3,172.0,M,16,Nürburgring,Renault
33,52,RIC,34,0,3,3,5,0,62,16.4,9.6,0.0,3.1,57.7,947.2,60.0,M,17,Nürburgring,Renault
34,52,RIC,35,0,3,3,5,0,62,16.2,9.5,0.0,1.7,58.3,947.4,30.0,M,18,Nürburgring,Renault
35,52,RIC,36,0,3,3,5,0,62,16.1,9.4,0.0,2.1,58.3,947.4,53.0,M,19,Nürburgring,Renault
36,52,RIC,37,0,3,3,5,0,62,16.1,9.6,0.0,1.0,58.3,947.5,60.0,M,20,Nürburgring,Renault
37,52,RIC,38,0,3,3,5,0,61,16.0,9.5,0.0,1.0,58.8,947.3,45.0,M,21,Nürburgring,Renault
38,52,RIC,39,0,3,3,5,0,59,16.2,9.5,0.0,1.6,59.2,947.4,57.0,M,22,Nürburgring,Renault
39,52,RIC,40,0,3,3,5,0,60,16.2,9.4,0.0,1.5,59.7,947.4,24.0,M,23,Nürburgring,Renault
40,52,RIC,41,0,3,3,5,0,60,15.8,9.7,0.0,2.2,59.8,947.3,32.0,M,24,Nürburgring,Renault
41,52,RIC,42,0,3,3,5,0,61,15.6,9.7,0.0,1.9,58.5,947.3,89.0,M,25,Nürburgring,Renault
42,52,RIC,43,0,3,3,5,0,62,15.3,9.4,0.0,0.3,59.2,947.4,20.0,M,26,Nürburgring,Renault
43,52,RIC,44,0,3,3,5,0,65,15.6,9.4,0.0,0.8,59.3,947.3,0.0,M,27,Nürburgring,Renault
44,52,RIC,45,2,3,4,5,0,66,16.9,9.5,0.0,1.3,58.9,947.3,159.0,S,3,Nürburgring,Renault
45,52,RIC,46,2,4,3,5,0,67,16.8,9.6,0.0,1.2,58.6,947.3,223.0,S,4,Nürburgring,Renault
46,52,RIC,47,2,3,3,5,0,67,16.2,9.6,0.0,1.0,58.7,947.4,199.0,S,5,Nürburgring,Renault
47,52,RIC,48,2,3,3,5,0,66,15.8,9.4,0.0,1.9,59.4,947.2,164.0,S,6,Nürburgring,Renault
48,52,RIC,49,2,3,3,5,0,65,15.6,9.4,0.0,1.8,60.2,947.2,223.0,S,7,Nürburgring,Renault
49,52,RIC,50,0,3,3,5,0,64,15.6,9.4,0.0,1.7,60.4,947.2,187.0,S,8,Nürburgring,Renault
50,52,RIC,51,0,3,3,5,0,64,15.6,9.3,0.0,1.2,60.1,947.3,9.0,S,9,Nürburgring,Renault
51,52,RIC,52,0,3,3,5,0,64,15.6,9.2,0.0,0.7,60.7,947.3,188.0,S,10,Nürburgring,Renault
52,52,RIC,53,0,3,3,5,0,64,15.6,9.1,0.0,2.1,60.7,947.3,0.0,S,11,Nürburgring,Renault
53,52,RIC,54,0,3,3,5,0,65,15.8,9.3,0.0,0.7,61.2,947.3,31.0,S,12,Nürburgring,Renault
54,52,RIC,55,0,3,3,5,0,65,17.4,9.7,0.0,1.6,59.8,947.4,14.0,S,13,Nürburgring,Renault
55,52,RIC,56,0,3,3,5,0,64,17.5,9.8,0.0,1.4,59.9,947.2,338.0,S,14,Nürburgring,Renault
56,52,RIC,57,0,3,3,5,0,64,17.5,9.9,0.0,1.9,59.5,947.2,177.0,S,15,Nürburgring,Renault
57,52,RIC,58,0,3,3,5,0,64,17.3,9.8,0.0,1.3,58.9,947.3,61.0,S,16,Nürburgring,Renault
58,52,RIC,59,0,3,3,5,0,64,17.3,9.8,0.0,1.3,58.9,947.3,61.0,S,17,Nürburgring,Renault
59,52,RIC,60,0,3,3,5,0,65,17.3,9.8,0.0,1.3,58.9,947.3,61.0,S,18,Nürburgring,Renault
0,52,OCO,1,0,9,9,9,0,49,18.2,8.9,0.0,2.5,58.6,947.4,196.0,S,3,Nürburgring,Renault
1,52,OCO,2,0,9,9,9,0,35,17.2,9.3,0.0,1.9,58.4,947.4,16.0,S,4,Nürburgring,Renault
2,52,OCO,3,0,9,9,9,0,34,16.4,9.9,0.0,2.1,57.3,947.4,81.0,S,5,Nürburgring,Renault
3,52,OCO,4,0,9,9,9,0,34,15.7,9.7,0.0,1.1,59.6,947.4,69.0,S,6,Nürburgring,Renault
4,52,OCO,5,0,9,9,9,0,37,15.6,9.6,0.0,1.6,59.1,947.4,46.0,S,7,Nürburgring,Renault
5,52,OCO,6,0,9,9,9,0,38,15.2,9.1,1.0,1.4,61.9,947.4,15.0,S,8,Nürburgring,Renault
6,52,OCO,7,0,9,9,9,0,37,15.2,9.2,0.0,2.4,62.4,947.4,15.0,S,9,Nürburgring,Renault
7,52,OCO,8,0,9,8,9,0,37,15.5,9.4,0.0,0.9,61.3,947.5,55.0,S,10,Nürburgring,Renault
8,52,OCO,9,0,8,8,9,0,37,15.9,9.6,0.0,2.3,60.8,947.4,0.0,S,11,Nürburgring,Renault
9,52,OCO,10,0,8,7,9,0,37,16.0,9.6,0.0,2.4,60.2,947.3,51.0,S,12,Nürburgring,Renault
10,52,OCO,11,0,7,7,9,0,37,16.1,9.7,0.0,1.8,58.8,947.3,98.0,S,13,Nürburgring,Renault
11,52,OCO,12,0,7,7,9,0,36,17.2,9.7,0.0,2.2,59.3,947.3,60.0,S,14,Nürburgring,Renault
12,52,OCO,13,1,7,7,9,0,37,16.8,9.4,0.0,2.2,59.6,947.3,85.0,S,15,Nürburgring,Renault
13,52,OCO,14,1,7,7,9,0,38,16.6,9.4,0.0,1.1,59.7,947.4,16.0,S,16,Nürburgring,Renault
14,52,OCO,15,0,7,7,9,0,37,16.1,9.4,0.0,2.1,58.3,947.4,53.0,S,17,Nürburgring,Renault
15,52,OCO,16,2,7,7,9,0,37,16.1,9.6,0.0,1.0,58.3,947.5,60.0,S,18,Nürburgring,Renault
16,52,OCO,17,2,7,6,9,0,37,16.2,9.5,0.0,1.6,59.2,947.4,57.0,S,19,Nürburgring,Renault
17,52,OCO,18,1,6,5,9,0,37,15.9,9.8,0.0,1.1,59.5,947.4,74.0,S,20,Nürburgring,Renault
18,52,OCO,19,1,5,5,9,0,37,16.5,9.5,0.0,1.4,59.4,947.2,183.0,S,21,Nürburgring,Renault
19,52,OCO,20,1,5,5,9,0,46,15.6,9.2,0.0,0.7,60.7,947.3,188.0,S,22,Nürburgring,Renault
20,52,OCO,21,0,5,5,9,0,46,17.4,9.7,0.0,1.6,59.8,947.4,14.0,S,23,Nürburgring,Renault
21,52,OCO,22,0,5,10,9,1,44,17.3,9.8,0.0,1.3,58.9,947.3,61.0,S,24,Nürburgring,Renault
0,52,NOR,1,0,7,7,7,0,50,18.2,8.9,0.0,2.5,58.6,947.4,196.0,S,3,Nürburgring,McLaren
1,52,NOR,2,0,7,7,7,0,33,18.2,8.9,0.0,2.7,58.9,947.4,182.0,S,4,Nürburgring,McLaren
2,52,NOR,3,0,7,7,7,0,32,19.1,9.2,0.0,2.1,58.1,947.3,154.0,S,5,Nürburgring,McLaren
3,52,NOR,4,0,7,7,7,0,32,18.6,9.4,0.0,0.8,58.0,947.4,0.0,S,6,Nürburgring,McLaren
4,52,NOR,5,0,7,7,7,0,34,18.2,9.4,0.0,2.7,58.0,947.3,187.0,S,7,Nürburgring,McLaren
5,52,NOR,6,0,7,7,7,0,35,17.7,9.3,0.0,2.4,58.4,947.5,80.0,S,8,Nürburgring,McLaren
6,52,NOR,7,0,7,6,7,0,35,17.4,9.3,0.0,1.9,58.9,947.4,103.0,S,9,Nürburgring,McLaren
7,52,NOR,8,0,6,6,7,0,36,16.8,9.7,0.0,1.7,58.0,947.4,29.0,S,10,Nürburgring,McLaren
8,52,NOR,9,0,6,6,7,0,37,16.6,9.8,0.0,1.6,57.6,947.5,177.0,S,11,Nürburgring,McLaren
9,52,NOR,10,0,6,5,7,0,37,16.3,9.8,0.0,1.2,57.8,947.4,34.0,S,12,Nürburgring,McLaren
10,52,NOR,11,0,5,5,7,0,38,16.0,9.6,0.0,2.0,58.6,947.4,148.0,S,13,Nürburgring,McLaren
11,52,NOR,12,0,5,5,7,0,38,15.9,9.5,0.0,2.2,58.9,947.5,48.0,S,14,Nürburgring,McLaren
12,52,NOR,13,1,5,5,7,0,40,15.6,9.6,0.0,1.4,59.9,947.4,36.0,S,15,Nürburgring,McLaren
13,52,NOR,14,1,5,5,7,0,42,15.7,9.7,0.0,1.1,59.6,947.4,69.0,S,16,Nürburgring,McLaren
14,52,NOR,15,0,5,5,7,0,43,15.6,9.6,0.0,1.6,59.1,947.4,46.0,S,17,Nürburgring,McLaren
15,52,NOR,16,2,5,5,7,0,44,15.4,9.4,0.0,1.3,60.3,947.4,94.0,S,18,Nürburgring,McLaren
16,52,NOR,17,2,5,3,7,0,45,15.2,9.1,0.0,1.6,60.9,947.3,83.0,S,19,Nürburgring,McLaren
17,52,NOR,18,1,3,3,7,0,46,15.2,9.1,1.0,1.4,61.9,947.4,15.0,S,20,Nürburgring,McLaren
18,52,NOR,19,1,3,3,7,0,47,15.2,9.2,0.0,2.4,62.4,947.4,15.0,S,21,Nürburgring,McLaren
19,52,NOR,20,1,3,3,7,0,51,15.6,9.4,0.0,2.3,61.0,947.4,34.0,S,22,Nürburgring,McLaren
20,52,NOR,21,0,3,3,7,0,52,15.7,9.5,0.0,1.4,60.9,947.4,33.0,S,23,Nürburgring,McLaren
21,52,NOR,22,0,3,3,7,0,52,15.9,9.6,0.0,2.3,60.8,947.4,0.0,S,24,Nürburgring,McLaren
22,52,NOR,23,0,3,3,7,0,52,16.0,9.6,0.0,2.4,60.2,947.3,51.0,S,25,Nürburgring,McLaren
23,52,NOR,24,0,3,3,7,0,53,16.0,9.6,0.0,2.1,60.0,947.4,301.0,S,26,Nürburgring,McLaren
24,52,NOR,25,0,3,3,7,0,53,16.1,9.7,0.0,1.5,59.8,947.4,95.0,S,27,Nürburgring,McLaren
25,52,NOR,26,0,3,3,7,0,53,16.1,9.7,0.0,1.8,58.8,947.3,98.0,S,28,Nürburgring,McLaren
26,52,NOR,27,0,3,3,7,0,53,16.8,9.4,0.0,2.2,59.6,947.3,85.0,S,29,Nürburgring,McLaren
27,52,NOR,28,0,3,3,7,0,53,16.4,9.6,0.0,1.6,58.6,947.3,172.0,S,30,Nürburgring,McLaren
28,52,NOR,29,0,3,3,7,0,53,16.4,9.6,0.0,3.1,57.7,947.2,60.0,S,31,Nürburgring,McLaren
29,52,NOR,30,0,3,6,7,0,53,16.3,9.5,0.0,1.9,57.8,947.3,50.0,M,0,Nürburgring,McLaren
30,52,NOR,31,0,6,6,7,0,53,16.0,9.6,0.0,1.6,58.1,947.4,0.0,M,1,Nürburgring,McLaren
31,52,NOR,32,0,6,6,7,0,53,16.0,9.4,0.0,1.4,59.2,947.4,87.0,M,2,Nürburgring,McLaren
32,52,NOR,33,0,6,7,7,0,53,16.0,9.5,0.0,1.3,59.9,947.4,34.0,M,3,Nürburgring,McLaren
33,52,NOR,34,0,7,7,7,0,53,15.9,9.6,0.0,2.0,59.7,947.5,29.0,M,4,Nürburgring,McLaren
34,52,NOR,35,0,7,7,7,0,53,15.9,9.9,0.0,1.4,58.5,947.3,35.0,M,5,Nürburgring,McLaren
35,52,NOR,36,0,7,6,7,0,53,16.5,9.5,0.0,1.4,59.4,947.2,183.0,M,6,Nürburgring,McLaren
36,52,NOR,37,0,6,6,7,0,54,15.6,9.5,0.0,1.0,59.8,947.3,41.0,M,7,Nürburgring,McLaren
37,52,NOR,38,0,6,6,7,0,54,15.6,9.4,0.0,1.7,60.4,947.2,187.0,M,8,Nürburgring,McLaren
38,52,NOR,39,0,6,6,7,0,54,15.8,9.3,0.0,0.7,61.2,947.3,31.0,M,9,Nürburgring,McLaren
39,52,NOR,40,0,6,6,7,0,54,16.7,9.5,0.0,1.6,60.8,947.3,131.0,M,10,Nürburgring,McLaren
40,52,NOR,41,0,6,6,7,0,55,17.5,9.9,0.0,1.9,59.5,947.2,177.0,M,11,Nürburgring,McLaren
41,52,NOR,42,0,6,6,7,1,56,17.3,9.8,0.0,1.3,58.9,947.3,61.0,M,12,Nürburgring,McLaren
0,52,PER,1,0,8,8,8,0,46,19.1,9.2,0.0,2.1,58.1,947.3,154.0,S,3,Nürburgring,Racing Point
1,52,PER,2,0,8,8,8,0,34,18.2,9.4,0.0,2.7,58.0,947.3,187.0,S,4,Nürburgring,Racing Point
2,52,PER,3,0,8,8,8,0,31,17.7,9.3,0.0,2.4,58.4,947.5,80.0,S,5,Nürburgring,Racing Point
3,52,PER,4,0,8,8,8,0,31,17.6,9.4,0.0,1.3,58.5,947.4,49.0,S,6,Nürburgring,Racing Point
4,52,PER,5,0,8,8,8,0,35,17.4,9.3,0.0,1.9,58.9,947.4,103.0,S,7,Nürburgring,Racing Point
5,52,PER,6,0,8,8,8,0,35,17.2,9.3,0.0,1.9,58.4,947.4,16.0,S,8,Nürburgring,Racing Point
6,52,PER,7,0,8,7,8,0,35,17.1,9.5,0.0,1.8,58.7,947.4,162.0,S,9,Nürburgring,Racing Point
7,52,PER,8,0,7,7,8,0,35,16.6,9.8,0.0,1.6,57.6,947.5,177.0,S,10,Nürburgring,Racing Point
8,52,PER,9,0,7,7,8,0,36,16.4,9.9,0.0,2.1,57.3,947.4,81.0,S,11,Nürburgring,Racing Point
9,52,PER,10,0,7,6,8,0,36,16.0,9.6,0.0,2.0,58.6,947.4,148.0,S,12,Nürburgring,Racing Point
10,52,PER,11,0,6,6,8,0,36,15.9,9.5,0.0,1.5,59.5,947.3,46.0,S,13,Nürburgring,Racing Point
11,52,PER,12,0,6,6,8,0,36,15.6,9.6,0.0,1.4,59.9,947.4,36.0,S,14,Nürburgring,Racing Point
12,52,PER,13,1,6,6,8,0,37,15.6,9.6,0.0,1.6,59.1,947.4,46.0,S,15,Nürburgring,Racing Point
13,52,PER,14,1,6,6,8,0,38,15.2,9.1,0.0,1.6,60.9,947.3,83.0,S,16,Nürburgring,Racing Point
14,52,PER,15,0,6,6,8,0,38,15.3,9.1,1.0,1.2,61.5,947.4,177.0,S,17,Nürburgring,Racing Point
15,52,PER,16,2,6,6,8,0,38,15.2,9.1,1.0,1.4,61.9,947.4,15.0,S,18,Nürburgring,Racing Point
16,52,PER,17,2,6,4,8,0,38,15.1,9.2,0.0,1.9,62.9,947.4,44.0,S,19,Nürburgring,Racing Point
17,52,PER,18,1,4,4,8,0,38,15.2,9.3,0.0,1.6,62.2,947.4,329.0,S,20,Nürburgring,Racing Point
18,52,PER,19,1,4,4,8,0,38,15.4,9.4,0.0,1.4,61.7,947.5,33.0,S,21,Nürburgring,Racing Point
19,52,PER,20,1,4,4,8,0,46,15.5,9.4,0.0,0.9,61.3,947.5,55.0,S,22,Nürburgring,Racing Point
20,52,PER,21,0,4,4,8,0,47,15.6,9.4,0.0,2.3,61.0,947.4,34.0,S,23,Nürburgring,Racing Point
21,52,PER,22,0,4,4,8,0,47,15.7,9.5,0.0,1.4,60.9,947.4,33.0,S,24,Nürburgring,Racing Point
22,52,PER,23,0,4,4,8,0,47,15.9,9.6,0.0,2.3,60.8,947.4,0.0,S,25,Nürburgring,Racing Point
23,52,PER,24,0,4,4,8,0,48,16.0,9.7,0.0,1.3,60.5,947.5,59.0,S,26,Nürburgring,Racing Point
24,52,PER,25,0,4,4,8,0,48,16.1,9.7,0.0,1.8,58.8,947.3,98.0,S,27,Nürburgring,Racing Point
25,52,PER,26,0,4,4,8,0,48,17.2,9.7,0.0,2.2,59.3,947.3,60.0,S,28,Nürburgring,Racing Point
26,52,PER,27,0,4,4,8,0,48,16.6,9.4,0.0,1.1,59.7,947.4,16.0,S,29,Nürburgring,Racing Point
27,52,PER,28,0,4,4,8,0,48,16.4,9.6,0.0,1.5,59.5,947.3,73.0,S,30,Nürburgring,Racing Point
28,52,PER,29,0,4,6,8,0,48,16.4,9.6,0.0,1.6,58.6,947.3,172.0,M,0,Nürburgring,Racing Point
29,52,PER,30,0,6,5,8,0,47,16.4,9.6,0.0,3.1,57.7,947.2,60.0,M,1,Nürburgring,Racing Point
30,52,PER,31,0,5,5,8,0,47,16.3,9.5,0.0,1.9,57.8,947.3,50.0,M,2,Nürburgring,Racing Point
31,52,PER,32,0,5,5,8,0,47,16.3,9.5,0.0,1.4,57.9,947.5,52.0,M,3,Nürburgring,Racing Point
32,52,PER,33,0,5,4,8,0,46,16.2,9.5,0.0,1.7,58.3,947.4,30.0,M,4,Nürburgring,Racing Point
33,52,PER,34,0,4,4,8,0,46,16.0,9.6,0.0,1.6,58.1,947.4,0.0,M,5,Nürburgring,Racing Point
34,52,PER,35,0,4,4,8,0,47,16.0,9.4,0.0,1.4,59.2,947.4,87.0,M,6,Nürburgring,Racing Point
35,52,PER,36,0,4,4,8,0,47,16.0,9.5,0.0,1.3,59.9,947.4,34.0,M,7,Nürburgring,Racing Point
36,52,PER,37,0,4,4,8,0,47,15.8,9.7,0.0,2.2,59.8,947.3,32.0,M,8,Nürburgring,Racing Point
37,52,PER,38,0,4,4,8,0,47,15.9,9.8,0.0,1.1,59.5,947.4,74.0,M,9,Nürburgring,Racing Point
38,52,PER,39,0,4,4,8,0,47,15.9,9.9,0.0,1.4,58.5,947.3,35.0,M,10,Nürburgring,Racing Point
39,52,PER,40,0,4,4,8,0,47,15.6,9.7,0.0,1.9,58.5,947.3,89.0,M,11,Nürburgring,Racing Point
40,52,PER,41,0,4,4,8,0,48,15.3,9.4,0.0,0.3,59.2,947.4,20.0,M,12,Nürburgring,Racing Point
41,52,PER,42,0,4,4,8,0,48,15.6,9.4,0.0,0.8,59.3,947.3,0.0,M,13,Nürburgring,Racing Point
42,52,PER,43,0,4,4,8,0,49,16.0,9.5,0.0,0.9,59.7,947.3,86.0,M,14,Nürburgring,Racing Point
43,52,PER,44,0,4,4,8,0,52,16.3,9.6,0.0,1.3,59.2,947.3,188.0,M,15,Nürburgring,Racing Point
44,52,PER,45,2,4,3,8,0,54,16.5,9.5,0.0,1.4,59.4,947.2,183.0,M,16,Nürburgring,Racing Point
45,52,PER,46,2,3,4,8,0,54,16.9,9.5,0.0,1.3,58.9,947.3,159.0,S,3,Nürburgring,Racing Point
46,52,PER,47,2,4,4,8,0,54,16.8,9.6,0.0,1.2,58.6,947.3,223.0,S,4,Nürburgring,Racing Point
47,52,PER,48,2,4,4,8,0,53,16.2,9.6,0.0,1.0,58.7,947.4,199.0,S,5,Nürburgring,Racing Point
48,52,PER,49,2,4,4,8,0,51,15.8,9.4,0.0,1.9,59.4,947.2,164.0,S,6,Nürburgring,Racing Point
49,52,PER,50,0,4,4,8,0,50,15.6,9.5,0.0,1.0,59.8,947.3,41.0,S,7,Nürburgring,Racing Point
50,52,PER,51,0,4,4,8,0,50,15.6,9.4,0.0,1.7,60.4,947.2,187.0,S,8,Nürburgring,Racing Point
51,52,PER,52,0,4,4,8,0,50,15.6,9.3,0.0,1.2,60.1,947.3,9.0,S,9,Nürburgring,Racing Point
52,52,PER,53,0,4,4,8,0,49,15.6,9.2,0.0,0.7,60.7,947.3,188.0,S,10,Nürburgring,Racing Point
53,52,PER,54,0,4,4,8,0,49,15.6,9.1,0.0,2.1,60.7,947.3,0.0,S,11,Nürburgring,Racing Point
54,52,PER,55,0,4,4,8,0,49,16.7,9.5,0.0,1.6,60.8,947.3,131.0,S,12,Nürburgring,Racing Point
55,52,PER,56,0,4,4,8,0,49,17.4,9.7,0.0,1.6,59.8,947.4,14.0,S,13,Nürburgring,Racing Point
56,52,PER,57,0,4,4,8,0,49,17.5,9.9,0.0,1.9,59.5,947.2,177.0,S,14,Nürburgring,Racing Point
57,52,PER,58,0,4,4,8,0,49,17.3,9.8,0.0,1.3,58.9,947.3,61.0,S,15,Nürburgring,Racing Point
58,52,PER,59,0,4,4,8,0,49,17.3,9.8,0.0,1.3,58.9,947.3,61.0,S,16,Nürburgring,Racing Point
59,52,PER,60,0,4,4,8,0,49,17.3,9.8,0.0,1.3,58.9,947.3,61.0,S,17,Nürburgring,Racing Point
0,52,SAI,1,0,10,10,10,0,26,18.0,9.0,0.0,2.7,59.2,947.4,190.0,S,3,Nürburgring,McLaren
1,52,SAI,2,0,10,10,10,0,25,17.6,9.4,0.0,1.3,58.5,947.4,49.0,S,4,Nürburgring,McLaren
2,52,SAI,3,0,10,10,10,0,26,17.4,9.3,0.0,1.9,58.9,947.4,103.0,S,5,Nürburgring,McLaren
3,52,SAI,4,0,10,10,10,0,27,17.2,9.3,0.0,1.9,58.4,947.4,16.0,S,6,Nürburgring,McLaren
4,52,SAI,5,0,10,10,10,0,30,16.8,9.7,0.0,1.7,58.0,947.4,29.0,S,7,Nürburgring,McLaren
5,52,SAI,6,0,10,10,10,0,32,16.6,9.8,0.0,1.6,57.6,947.5,177.0,S,8,Nürburgring,McLaren
6,52,SAI,7,0,10,10,10,0,33,16.4,9.9,0.0,2.1,57.3,947.4,81.0,S,9,Nürburgring,McLaren
7,52,SAI,8,0,10,9,10,0,34,16.3,9.8,0.0,1.2,57.8,947.4,34.0,S,10,Nürburgring,McLaren
8,52,SAI,9,0,9,9,10,0,36,15.9,9.5,0.0,2.2,58.9,947.5,48.0,S,11,Nürburgring,McLaren
9,52,SAI,10,0,9,9,10,0,37,15.9,9.5,0.0,1.5,59.5,947.3,46.0,S,12,Nürburgring,McLaren
10,52,SAI,11,0,9,8,10,0,38,15.7,9.4,0.0,2.3,59.5,947.3,0.0,S,13,Nürburgring,McLaren
11,52,SAI,12,0,8,8,10,0,39,15.6,9.6,0.0,1.4,59.9,947.4,36.0,S,14,Nürburgring,McLaren
12,52,SAI,13,1,8,8,10,0,39,15.7,9.7,0.0,1.1,59.6,947.4,69.0,S,15,Nürburgring,McLaren
13,52,SAI,14,1,8,8,10,0,41,15.6,9.6,0.0,1.6,59.1,947.4,46.0,S,16,Nürburgring,McLaren
14,52,SAI,15,0,8,8,10,0,41,15.4,9.4,0.0,1.3,60.3,947.4,94.0,S,17,Nürburgring,McLaren
15,52,SAI,16,2,8,8,10,0,41,15.2,9.1,0.0,1.6,60.9,947.3,83.0,S,18,Nürburgring,McLaren
16,52,SAI,17,2,8,7,10,0,39,15.2,9.1,1.0,1.4,61.9,947.4,15.0,S,19,Nürburgring,McLaren
17,52,SAI,18,1,7,6,10,0,39,15.1,9.2,0.0,1.9,62.9,947.4,44.0,S,20,Nürburgring,McLaren
18,52,SAI,19,1,6,6,10,0,40,15.2,9.2,0.0,2.4,62.4,947.4,15.0,S,21,Nürburgring,McLaren
19,52,SAI,20,1,6,6,10,0,46,15.4,9.4,0.0,1.4,61.7,947.5,33.0,S,22,Nürburgring,McLaren
20,52,SAI,21,0,6,6,10,0,46,15.7,9.5,0.0,1.4,60.9,947.4,33.0,S,23,Nürburgring,McLaren
21,52,SAI,22,0,6,5,10,0,45,15.9,9.6,0.0,2.3,60.8,947.4,0.0,S,24,Nürburgring,McLaren
22,52,SAI,23,0,5,5,10,0,45,16.0,9.5,0.0,1.3,60.4,947.4,20.0,S,25,Nürburgring,McLaren
23,52,SAI,24,0,5,5,10,0,45,16.0,9.6,0.0,2.1,60.0,947.4,301.0,S,26,Nürburgring,McLaren
24,52,SAI,25,0,5,5,10,0,46,16.0,9.8,0.0,2.2,59.3,947.4,54.0,S,27,Nürburgring,McLaren
25,52,SAI,26,0,5,5,10,0,46,16.7,9.6,0.0,1.7,58.9,947.3,25.0,S,28,Nürburgring,McLaren
26,52,SAI,27,0,5,5,10,0,46,17.2,9.7,0.0,2.2,59.3,947.3,60.0,S,29,Nürburgring,McLaren
27,52,SAI,28,0,5,6,10,0,45,17.1,9.6,0.0,2.2,59.5,947.4,83.0,S,30,Nürburgring,McLaren
28,52,SAI,29,0,6,8,10,0,45,16.4,9.6,0.0,1.5,59.5,947.3,73.0,M,0,Nürburgring,McLaren
29,52,SAI,30,0,8,7,10,0,45,16.4,9.6,0.0,1.6,58.6,947.3,172.0,M,1,Nürburgring,McLaren
30,52,SAI,31,0,7,7,10,0,45,16.6,9.6,0.0,1.5,58.1,947.4,17.0,M,2,Nürburgring,McLaren
31,52,SAI,32,0,7,7,10,0,45,16.4,9.7,0.0,1.4,57.9,947.3,45.0,M,3,Nürburgring,McLaren
32,52,SAI,33,0,7,6,10,0,45,16.4,9.6,0.0,3.1,57.7,947.2,60.0,M,4,Nürburgring,McLaren
33,52,SAI,34,0,6,6,10,0,45,16.3,9.5,0.0,1.9,57.8,947.3,50.0,M,5,Nürburgring,McLaren
34,52,SAI,35,0,6,5,10,0,45,16.1,9.4,0.0,2.1,58.3,947.4,53.0,M,6,Nürburgring,McLaren
35,52,SAI,36,0,5,5,10,0,45,16.1,9.6,0.0,1.0,58.3,947.5,60.0,M,7,Nürburgring,McLaren
36,52,SAI,37,0,5,5,10,0,45,16.0,9.6,0.0,1.6,58.1,947.4,0.0,M,8,Nürburgring,McLaren
37,52,SAI,38,0,5,5,10,0,45,16.0,9.5,0.0,1.0,58.8,947.3,45.0,M,9,Nürburgring,McLaren
38,52,SAI,39,0,5,5,10,0,45,16.0,9.4,0.0,1.4,59.2,947.4,87.0,M,10,Nürburgring,McLaren
39,52,SAI,40,0,5,5,10,0,45,16.2,9.5,0.0,1.6,59.2,947.4,57.0,M,11,Nürburgring,McLaren
40,52,SAI,41,0,5,5,10,0,46,16.2,9.4,0.0,1.5,59.7,947.4,24.0,M,12,Nürburgring,McLaren
41,52,SAI,42,0,5,5,10,0,46,16.0,9.5,0.0,1.3,59.9,947.4,34.0,M,13,Nürburgring,McLaren
42,52,SAI,43,0,5,5,10,0,47,15.9,9.6,0.0,2.0,59.7,947.5,29.0,M,14,Nürburgring,McLaren
43,52,SAI,44,0,5,5,10,0,51,15.8,9.7,0.0,2.2,59.8,947.3,32.0,M,15,Nürburgring,McLaren
44,52,SAI,45,2,5,5,10,0,52,15.9,9.9,0.0,1.4,58.5,947.3,35.0,S,3,Nürburgring,McLaren
45,52,SAI,46,2,5,5,10,0,52,15.6,9.7,0.0,1.9,58.5,947.3,89.0,S,4,Nürburgring,McLaren
46,52,SAI,47,2,5,5,10,0,52,15.1,9.3,0.0,0.5,60.0,947.4,122.0,S,5,Nürburgring,McLaren
47,52,SAI,48,2,5,5,10,0,51,15.6,9.4,0.0,0.8,59.3,947.3,0.0,S,6,Nürburgring,McLaren
48,52,SAI,49,2,5,5,10,0,49,16.3,9.6,0.0,1.3,59.2,947.3,188.0,S,7,Nürburgring,McLaren
49,52,SAI,50,0,5,5,10,0,48,16.5,9.5,0.0,1.3,59.3,947.3,193.0,S,8,Nürburgring,McLaren
50,52,SAI,51,0,5,5,10,0,48,16.9,9.5,0.0,1.3,58.9,947.3,159.0,S,9,Nürburgring,McLaren
51,52,SAI,52,0,5,5,10,0,48,16.8,9.6,0.0,1.2,58.6,947.3,223.0,S,10,Nürburgring,McLaren
52,52,SAI,53,0,5,5,10,0,48,15.8,9.4,0.0,1.9,59.4,947.2,164.0,S,11,Nürburgring,McLaren
53,52,SAI,54,0,5,5,10,0,48,15.6,9.4,0.0,1.8,60.2,947.2,223.0,S,12,Nürburgring,McLaren
54,52,SAI,55,0,5,5,10,0,48,15.6,9.1,0.0,2.1,60.7,947.3,0.0,S,13,Nürburgring,McLaren
55,52,SAI,56,0,5,5,10,0,48,17.5,9.8,0.0,1.4,59.9,947.2,338.0,S,14,Nürburgring,McLaren
56,52,SAI,57,0,5,5,10,0,47,17.5,9.9,0.0,1.9,59.5,947.2,177.0,S,15,Nürburgring,McLaren
57,52,SAI,58,0,5,5,10,0,47,17.3,9.8,0.0,1.3,58.9,947.3,61.0,S,16,Nürburgring,McLaren
58,52,SAI,59,0,5,5,10,0,47,17.3,9.8,0.0,1.3,58.9,947.3,61.0,S,17,Nürburgring,McLaren
59,52,SAI,60,0,5,5,10,0,47,17.3,9.8,0.0,1.3,58.9,947.3,61.0,S,18,Nürburgring,McLaren
0,52,VET,1,0,12,12,12,0,46,18.0,9.0,0.0,2.7,59.2,947.4,190.0,M,0,Nürburgring,Ferrari
1,52,VET,2,0,12,12,12,0,39,18.2,8.9,0.0,2.7,58.9,947.4,182.0,M,1,Nürburgring,Ferrari
2,52,VET,3,0,12,12,12,0,40,19.1,9.2,0.0,2.5,58.2,947.4,180.0,M,2,Nürburgring,Ferrari
3,52,VET,4,0,12,12,12,0,40,18.6,9.4,0.0,0.8,58.0,947.4,0.0,M,3,Nürburgring,Ferrari
4,52,VET,5,0,12,12,12,0,44,18.2,9.4,0.0,2.7,58.0,947.3,187.0,M,4,Nürburgring,Ferrari
5,52,VET,6,0,12,12,12,0,45,17.7,9.3,0.0,2.4,58.4,947.5,80.0,M,5,Nürburgring,Ferrari
6,52,VET,7,0,12,12,12,0,45,17.6,9.4,0.0,1.3,58.5,947.4,49.0,M,6,Nürburgring,Ferrari
7,52,VET,8,0,12,11,12,0,45,17.4,9.3,0.0,1.9,58.9,947.4,103.0,M,7,Nürburgring,Ferrari
8,52,VET,9,0,11,11,12,0,46,17.2,9.3,0.0,1.9,58.4,947.4,16.0,M,8,Nürburgring,Ferrari
9,52,VET,10,0,11,11,12,0,47,17.0,9.6,0.0,1.7,58.3,947.4,347.0,M,9,Nürburgring,Ferrari
10,52,VET,11,0,11,16,12,0,47,16.8,9.7,0.0,1.7,58.0,947.4,29.0,M,10,Nürburgring,Ferrari
11,52,VET,12,0,16,19,12,0,47,16.3,9.8,0.0,1.2,57.8,947.4,34.0,H,0,Nürburgring,Ferrari
12,52,VET,13,1,19,18,12,0,49,16.0,9.6,0.0,2.0,58.6,947.4,148.0,H,1,Nürburgring,Ferrari
13,52,VET,14,1,18,18,12,0,50,15.9,9.5,0.0,2.2,58.9,947.5,48.0,H,2,Nürburgring,Ferrari
14,52,VET,15,0,18,16,12,0,50,15.9,9.5,0.0,1.5,59.5,947.3,46.0,H,3,Nürburgring,Ferrari
15,52,VET,16,2,16,16,12,0,51,15.7,9.4,0.0,2.3,59.5,947.3,0.0,H,4,Nürburgring,Ferrari
16,52,VET,17,2,16,15,12,0,51,15.7,9.7,0.0,1.1,59.6,947.4,69.0,H,5,Nürburgring,Ferrari
17,52,VET,18,1,15,15,12,0,51,15.6,9.6,0.0,1.6,59.1,947.4,46.0,H,6,Nürburgring,Ferrari
18,52,VET,19,1,15,14,12,0,56,15.2,9.1,0.0,1.6,60.9,947.3,83.0,H,7,Nürburgring,Ferrari
19,52,VET,20,1,14,14,12,0,62,15.3,9.1,1.0,1.2,61.5,947.4,177.0,H,8,Nürburgring,Ferrari
20,52,VET,21,0,14,14,12,0,62,15.1,9.2,0.0,1.9,62.9,947.4,44.0,H,9,Nürburgring,Ferrari
21,52,VET,22,0,14,14,12,0,62,15.2,9.2,0.0,2.4,62.4,947.4,15.0,H,10,Nürburgring,Ferrari
22,52,VET,23,0,14,13,12,0,62,15.5,9.4,0.0,0.9,61.3,947.5,55.0,H,11,Nürburgring,Ferrari
23,52,VET,24,0,13,12,12,0,63,15.6,9.4,0.0,2.3,61.0,947.4,34.0,H,12,Nürburgring,Ferrari
24,52,VET,25,0,12,12,12,0,63,15.7,9.5,0.0,1.4,60.9,947.4,33.0,H,13,Nürburgring,Ferrari
25,52,VET,26,0,12,12,12,0,63,15.9,9.6,0.0,2.3,60.8,947.4,0.0,H,14,Nürburgring,Ferrari
26,52,VET,27,0,12,12,12,0,62,16.0,9.5,0.0,1.3,60.4,947.4,20.0,H,15,Nürburgring,Ferrari
27,52,VET,28,0,12,12,12,0,62,16.0,9.6,0.0,2.1,60.0,947.4,301.0,H,16,Nürburgring,Ferrari
28,52,VET,29,0,12,11,12,0,62,16.1,9.7,0.0,1.5,59.8,947.4,95.0,H,17,Nürburgring,Ferrari
29,52,VET,30,0,11,10,12,0,61,16.1,9.7,0.0,1.8,58.8,947.3,98.0,H,18,Nürburgring,Ferrari
30,52,VET,31,0,10,9,12,0,61,16.7,9.6,0.0,1.7,58.9,947.3,25.0,H,19,Nürburgring,Ferrari
31,52,VET,32,0,9,9,12,0,61,17.1,9.6,0.0,2.2,59.5,947.4,83.0,H,20,Nürburgring,Ferrari
32,52,VET,33,0,9,9,12,0,60,16.4,9.6,0.0,1.5,59.5,947.3,73.0,H,21,Nürburgring,Ferrari
33,52,VET,34,0,9,9,12,0,60,16.4,9.6,0.0,1.6,58.6,947.3,172.0,H,22,Nürburgring,Ferrari
34,52,VET,35,0,9,9,12,0,60,16.4,9.6,0.0,3.1,57.7,947.2,60.0,H,23,Nürburgring,Ferrari
35,52,VET,36,0,9,7,12,0,61,16.3,9.5,0.0,1.9,57.8,947.3,50.0,H,24,Nürburgring,Ferrari
36,52,VET,37,0,7,7,12,0,61,16.3,9.5,0.0,1.4,57.9,947.5,52.0,H,25,Nürburgring,Ferrari
37,52,VET,38,0,7,7,12,0,61,16.0,9.5,0.0,1.0,58.8,947.3,45.0,H,26,Nürburgring,Ferrari
38,52,VET,39,0,7,8,12,0,61,16.0,9.4,0.0,1.4,59.2,947.4,87.0,H,27,Nürburgring,Ferrari
39,52,VET,40,0,8,9,12,0,61,16.2,9.5,0.0,1.6,59.2,947.4,57.0,H,28,Nürburgring,Ferrari
40,52,VET,41,0,9,12,12,0,61,16.2,9.4,0.0,1.5,59.7,947.4,24.0,H,29,Nürburgring,Ferrari
41,52,VET,42,0,12,15,12,0,61,16.0,9.5,0.0,1.3,59.9,947.4,34.0,S,0,Nürburgring,Ferrari
42,52,VET,43,0,15,14,12,0,63,15.8,9.7,0.0,2.2,59.8,947.3,32.0,S,1,Nürburgring,Ferrari
43,52,VET,44,0,14,14,12,0,65,15.9,9.8,0.0,1.1,59.5,947.4,74.0,S,2,Nürburgring,Ferrari
44,52,VET,45,2,14,13,12,0,65,15.6,9.7,0.0,1.9,58.5,947.3,89.0,S,3,Nürburgring,Ferrari
45,52,VET,46,2,13,13,12,0,64,15.3,9.4,0.0,0.3,59.2,947.4,20.0,S,4,Nürburgring,Ferrari
46,52,VET,47,2,13,13,12,0,64,16.0,9.5,0.0,0.9,59.7,947.3,86.0,S,5,Nürburgring,Ferrari
47,52,VET,48,2,13,13,12,0,64,16.9,9.5,0.0,1.3,58.9,947.3,159.0,S,6,Nürburgring,Ferrari
48,52,VET,49,2,13,13,12,0,63,16.8,9.6,0.0,1.2,58.6,947.3,223.0,S,7,Nürburgring,Ferrari
49,52,VET,50,0,13,13,12,0,63,16.2,9.6,0.0,1.0,58.7,947.4,199.0,S,8,Nürburgring,Ferrari
50,52,VET,51,0,13,13,12,0,63,15.8,9.4,0.0,1.9,59.4,947.2,164.0,S,9,Nürburgring,Ferrari
51,52,VET,52,0,13,13,12,0,63,15.6,9.5,0.0,1.0,59.8,947.3,41.0,S,10,Nürburgring,Ferrari
52,52,VET,53,0,13,12,12,0,63,15.6,9.2,0.0,0.7,60.7,947.3,188.0,S,11,Nürburgring,Ferrari
53,52,VET,54,0,12,12,12,0,62,15.6,9.1,0.0,2.1,60.7,947.3,0.0,S,12,Nürburgring,Ferrari
54,52,VET,55,0,12,11,12,0,62,16.7,9.5,0.0,1.6,60.8,947.3,131.0,S,13,Nürburgring,Ferrari
55,52,VET,56,0,11,11,12,0,62,17.4,9.7,0.0,1.6,59.8,947.4,14.0,S,14,Nürburgring,Ferrari
56,52,VET,57,0,11,11,12,0,62,17.5,9.8,0.0,1.4,59.9,947.2,338.0,S,15,Nürburgring,Ferrari
57,52,VET,58,0,11,11,12,0,62,17.5,9.9,0.0,1.9,59.5,947.2,177.0,S,16,Nürburgring,Ferrari
58,52,VET,59,0,11,11,12,0,62,17.3,9.8,0.0,1.3,58.9,947.3,61.0,S,17,Nürburgring,Ferrari
59,52,VET,60,0,11,11,12,0,61,17.3,9.8,0.0,1.3,58.9,947.3,61.0,S,18,Nürburgring,Ferrari
0,52,GAS,1,0,13,13,13,0,67,18.0,9.0,0.0,2.7,59.2,947.4,190.0,M,0,Nürburgring,AlphaTauri
1,52,GAS,2,0,13,14,13,0,52,19.1,9.2,0.0,2.5,58.2,947.4,180.0,M,1,Nürburgring,AlphaTauri
2,52,GAS,3,0,14,14,13,0,51,18.6,9.4,0.0,0.8,58.0,947.4,0.0,M,2,Nürburgring,AlphaTauri
3,52,GAS,4,0,14,14,13,0,51,18.2,9.4,0.0,2.7,58.0,947.3,187.0,M,3,Nürburgring,AlphaTauri
4,52,GAS,5,0,14,14,13,0,54,17.7,9.3,0.0,2.4,58.4,947.5,80.0,M,4,Nürburgring,AlphaTauri
5,52,GAS,6,0,14,14,13,0,55,17.6,9.4,0.0,1.3,58.5,947.4,49.0,M,5,Nürburgring,AlphaTauri
6,52,GAS,7,0,14,14,13,0,55,17.4,9.3,0.0,1.9,58.9,947.4,103.0,M,6,Nürburgring,AlphaTauri
7,52,GAS,8,0,14,13,13,0,56,17.0,9.6,0.0,1.7,58.3,947.4,347.0,M,7,Nürburgring,AlphaTauri
8,52,GAS,9,0,13,13,13,0,58,16.6,9.8,0.0,1.6,57.6,947.5,177.0,M,8,Nürburgring,AlphaTauri
9,52,GAS,10,0,13,13,13,0,60,16.4,9.9,0.0,2.1,57.3,947.4,81.0,M,9,Nürburgring,AlphaTauri
10,52,GAS,11,0,13,10,13,0,62,16.0,9.6,0.0,2.0,58.6,947.4,148.0,M,10,Nürburgring,AlphaTauri
11,52,GAS,12,0,10,10,13,0,64,15.9,9.5,0.0,2.2,58.9,947.5,48.0,M,11,Nürburgring,AlphaTauri
12,52,GAS,13,1,10,10,13,0,66,15.6,9.6,0.0,1.4,59.9,947.4,36.0,M,12,Nürburgring,AlphaTauri
13,52,GAS,14,1,10,9,13,0,68,15.7,9.7,0.0,1.1,59.6,947.4,69.0,M,13,Nürburgring,AlphaTauri
14,52,GAS,15,0,9,9,13,0,69,15.2,9.1,0.0,1.6,60.9,947.3,83.0,M,14,Nürburgring,AlphaTauri
15,52,GAS,16,2,9,9,13,0,71,15.2,9.2,0.0,2.4,62.4,947.4,15.0,M,15,Nürburgring,AlphaTauri
16,52,GAS,17,2,9,8,13,0,71,15.2,9.3,0.0,1.6,62.2,947.4,329.0,M,16,Nürburgring,AlphaTauri
17,52,GAS,18,1,8,8,13,0,73,15.4,9.4,0.0,1.4,61.7,947.5,33.0,M,17,Nürburgring,AlphaTauri
18,52,GAS,19,1,8,8,13,0,75,15.5,9.4,0.0,0.9,61.3,947.5,55.0,M,18,Nürburgring,AlphaTauri
19,52,GAS,20,1,8,8,13,0,78,15.6,9.4,0.0,2.3,61.0,947.4,34.0,M,19,Nürburgring,AlphaTauri
20,52,GAS,21,0,8,8,13,0,79,15.7,9.5,0.0,1.4,60.9,947.4,33.0,M,20,Nürburgring,AlphaTauri
21,52,GAS,22,0,8,7,13,0,80,15.9,9.6,0.0,2.3,60.8,947.4,0.0,M,21,Nürburgring,AlphaTauri
22,52,GAS,23,0,7,7,13,0,80,16.0,9.6,0.0,2.4,60.2,947.3,51.0,M,22,Nürburgring,AlphaTauri
23,52,GAS,24,0,7,7,13,0,80,16.0,9.5,0.0,1.3,60.4,947.4,20.0,M,23,Nürburgring,AlphaTauri
24,52,GAS,25,0,7,7,13,0,80,16.1,9.7,0.0,1.1,59.1,947.4,16.0,M,24,Nürburgring,AlphaTauri
25,52,GAS,26,0,7,7,13,0,80,16.1,9.7,0.0,1.8,58.8,947.3,98.0,M,25,Nürburgring,AlphaTauri
26,52,GAS,27,0,7,7,13,0,80,17.2,9.7,0.0,2.2,59.3,947.3,60.0,M,26,Nürburgring,AlphaTauri
27,52,GAS,28,0,7,8,13,0,80,17.1,9.6,0.0,2.2,59.5,947.4,83.0,M,27,Nürburgring,AlphaTauri
28,52,GAS,29,0,8,7,13,0,80,17.0,9.5,0.0,1.7,59.3,947.3,61.0,M,28,Nürburgring,AlphaTauri
29,52,GAS,30,0,7,8,13,0,80,16.8,9.4,0.0,2.2,59.6,947.3,85.0,M,29,Nürburgring,AlphaTauri
30,52,GAS,31,0,8,12,13,0,79,16.6,9.4,0.0,1.1,59.7,947.4,16.0,H,0,Nürburgring,AlphaTauri
31,52,GAS,32,0,12,12,13,0,79,16.4,9.6,0.0,3.1,57.7,947.2,60.0,H,1,Nürburgring,AlphaTauri
32,52,GAS,33,0,12,12,13,0,79,16.3,9.5,0.0,1.9,57.8,947.3,50.0,H,2,Nürburgring,AlphaTauri
33,52,GAS,34,0,12,11,13,0,79,16.3,9.5,0.0,1.4,57.9,947.5,52.0,H,3,Nürburgring,AlphaTauri
34,52,GAS,35,0,11,11,13,0,79,16.1,9.4,0.0,2.1,58.3,947.4,53.0,H,4,Nürburgring,AlphaTauri
35,52,GAS,36,0,11,11,13,0,80,16.1,9.6,0.0,1.0,58.3,947.5,60.0,H,5,Nürburgring,AlphaTauri
36,52,GAS,37,0,11,10,13,0,79,16.0,9.6,0.0,1.6,58.1,947.4,0.0,H,6,Nürburgring,AlphaTauri
37,52,GAS,38,0,10,9,13,0,80,16.0,9.5,0.0,1.0,58.8,947.3,45.0,H,7,Nürburgring,AlphaTauri
38,52,GAS,39,0,9,9,13,0,80,16.2,9.4,0.0,1.5,59.7,947.4,24.0,H,8,Nürburgring,AlphaTauri
39,52,GAS,40,0,9,8,13,0,80,15.9,9.6,0.0,2.0,59.7,947.5,29.0,H,9,Nürburgring,AlphaTauri
40,52,GAS,41,0,8,8,13,0,80,15.9,9.8,0.0,1.1,59.5,947.4,74.0,H,10,Nürburgring,AlphaTauri
41,52,GAS,42,0,8,8,13,0,80,15.9,9.9,0.0,1.4,58.5,947.3,35.0,H,11,Nürburgring,AlphaTauri
42,52,GAS,43,0,8,7,13,0,81,15.3,9.4,0.0,0.3,59.2,947.4,20.0,H,12,Nürburgring,AlphaTauri
43,52,GAS,44,0,7,7,13,0,83,15.6,9.4,0.0,0.8,59.3,947.3,0.0,H,13,Nürburgring,AlphaTauri
44,52,GAS,45,2,7,8,13,0,83,16.0,9.5,0.0,0.9,59.7,947.3,86.0,S,0,Nürburgring,AlphaTauri
45,52,GAS,46,2,8,8,13,0,82,16.5,9.5,0.0,1.4,59.4,947.2,183.0,S,1,Nürburgring,AlphaTauri
46,52,GAS,47,2,8,8,13,0,82,16.5,9.5,0.0,1.3,59.3,947.3,193.0,S,2,Nürburgring,AlphaTauri
47,52,GAS,48,2,8,8,13,0,82,16.9,9.5,0.0,1.3,58.9,947.3,159.0,S,3,Nürburgring,AlphaTauri
48,52,GAS,49,2,8,8,13,0,82,16.8,9.6,0.0,1.2,58.6,947.3,223.0,S,4,Nürburgring,AlphaTauri
49,52,GAS,50,0,8,7,13,0,81,16.2,9.6,0.0,1.0,58.7,947.4,199.0,S,5,Nürburgring,AlphaTauri
50,52,GAS,51,0,7,6,13,0,81,15.8,9.4,0.0,1.9,59.4,947.2,164.0,S,6,Nürburgring,AlphaTauri
51,52,GAS,52,0,6,6,13,0,82,15.6,9.5,0.0,1.0,59.8,947.3,41.0,S,7,Nürburgring,AlphaTauri
52,52,GAS,53,0,6,6,13,0,82,15.6,9.4,0.0,1.7,60.4,947.2,187.0,S,8,Nürburgring,AlphaTauri
53,52,GAS,54,0,6,6,13,0,82,15.6,9.3,0.0,1.2,60.1,947.3,9.0,S,9,Nürburgring,AlphaTauri
54,52,GAS,55,0,6,6,13,0,82,15.6,9.1,0.0,2.1,60.7,947.3,0.0,S,10,Nürburgring,AlphaTauri
55,52,GAS,56,0,6,6,13,0,82,17.5,9.8,0.0,1.4,59.9,947.2,338.0,S,11,Nürburgring,AlphaTauri
56,52,GAS,57,0,6,6,13,0,82,17.5,9.9,0.0,1.9,59.5,947.2,177.0,S,12,Nürburgring,AlphaTauri
57,52,GAS,58,0,6,6,13,0,82,17.3,9.8,0.0,1.3,58.9,947.3,61.0,S,13,Nürburgring,AlphaTauri
58,52,GAS,59,0,6,6,13,0,82,17.3,9.8,0.0,1.3,58.9,947.3,61.0,S,14,Nürburgring,AlphaTauri
59,52,GAS,60,0,6,6,13,0,82,17.3,9.8,0.0,1.3,58.9,947.3,61.0,S,15,Nürburgring,AlphaTauri
0,52,KVY,1,0,15,15,15,0,46,18.0,9.0,0.0,2.7,59.2,947.4,190.0,M,0,Nürburgring,AlphaTauri
1,52,KVY,2,0,15,15,15,0,34,18.2,8.9,0.0,2.5,58.6,947.4,196.0,M,1,Nürburgring,AlphaTauri
2,52,KVY,3,0,15,15,15,0,35,18.2,8.9,0.0,2.7,58.9,947.4,182.0,M,2,Nürburgring,AlphaTauri
3,52,KVY,4,0,15,15,15,0,35,19.1,9.2,0.0,2.5,58.2,947.4,180.0,M,3,Nürburgring,AlphaTauri
4,52,KVY,5,0,15,15,15,0,33,18.6,9.4,0.0,0.8,58.0,947.4,0.0,M,4,Nürburgring,AlphaTauri
5,52,KVY,6,0,15,15,15,0,33,18.2,9.4,0.0,2.7,58.0,947.3,187.0,M,5,Nürburgring,AlphaTauri
6,52,KVY,7,0,15,15,15,0,33,17.7,9.3,0.0,2.4,58.4,947.5,80.0,M,6,Nürburgring,AlphaTauri
7,52,KVY,8,0,15,14,15,0,33,17.4,9.3,0.0,1.9,58.9,947.4,103.0,M,7,Nürburgring,AlphaTauri
8,52,KVY,9,0,14,14,15,0,34,17.2,9.3,0.0,1.9,58.4,947.4,16.0,M,8,Nürburgring,AlphaTauri
9,52,KVY,10,0,14,14,15,0,34,17.1,9.5,0.0,1.8,58.7,947.4,162.0,M,9,Nürburgring,AlphaTauri
10,52,KVY,11,0,14,12,15,0,34,17.0,9.6,0.0,1.7,58.3,947.4,347.0,M,10,Nürburgring,AlphaTauri
11,52,KVY,12,0,12,12,15,0,34,16.6,9.8,0.0,1.6,57.6,947.5,177.0,M,11,Nürburgring,AlphaTauri
12,52,KVY,13,1,12,11,15,0,35,16.4,9.9,0.0,2.1,57.3,947.4,81.0,M,12,Nürburgring,AlphaTauri
13,52,KVY,14,1,11,11,15,0,36,16.0,9.6,0.0,2.0,58.6,947.4,148.0,M,13,Nürburgring,AlphaTauri
14,52,KVY,15,0,11,10,15,0,37,15.6,9.6,0.0,1.6,59.1,947.4,46.0,M,14,Nürburgring,AlphaTauri
15,52,KVY,16,2,10,13,15,0,38,15.4,9.4,0.0,1.3,60.3,947.4,94.0,M,15,Nürburgring,AlphaTauri
16,52,KVY,17,2,13,19,15,0,35,15.2,9.1,1.0,1.4,61.9,947.4,15.0,M,16,Nürburgring,AlphaTauri
17,52,KVY,18,1,19,19,15,0,32,15.2,9.2,0.0,2.4,62.4,947.4,15.0,H,0,Nürburgring,AlphaTauri
18,52,KVY,19,1,19,18,15,0,41,15.4,9.4,0.0,1.4,61.7,947.5,33.0,H,1,Nürburgring,AlphaTauri
19,52,KVY,20,1,18,18,15,0,42,15.5,9.4,0.0,0.9,61.3,947.5,55.0,H,2,Nürburgring,AlphaTauri
20,52,KVY,21,0,18,18,15,0,42,15.6,9.4,0.0,2.3,61.0,947.4,34.0,H,3,Nürburgring,AlphaTauri
21,52,KVY,22,0,18,18,15,0,42,15.7,9.5,0.0,1.4,60.9,947.4,33.0,H,4,Nürburgring,AlphaTauri
22,52,KVY,23,0,18,17,15,0,43,15.9,9.6,0.0,2.3,60.8,947.4,0.0,H,5,Nürburgring,AlphaTauri
23,52,KVY,24,0,17,16,15,0,45,16.0,9.6,0.0,2.1,60.0,947.4,301.0,H,6,Nürburgring,AlphaTauri
24,52,KVY,25,0,16,16,15,0,45,16.1,9.7,0.0,1.5,59.8,947.4,95.0,H,7,Nürburgring,AlphaTauri
25,52,KVY,26,0,16,16,15,0,45,16.1,9.7,0.0,1.8,58.8,947.3,98.0,H,8,Nürburgring,AlphaTauri
26,52,KVY,27,0,16,16,15,0,45,16.7,9.6,0.0,1.7,58.9,947.3,25.0,H,9,Nürburgring,AlphaTauri
27,52,KVY,28,0,16,16,15,0,45,17.1,9.6,0.0,2.2,59.5,947.4,83.0,H,10,Nürburgring,AlphaTauri
28,52,KVY,29,0,16,16,15,0,45,16.8,9.4,0.0,2.2,59.6,947.3,85.0,H,11,Nürburgring,AlphaTauri
29,52,KVY,30,0,16,16,15,0,45,16.6,9.4,0.0,1.1,59.7,947.4,16.0,H,12,Nürburgring,AlphaTauri
30,52,KVY,31,0,16,16,15,0,45,16.4,9.6,0.0,1.5,59.5,947.3,73.0,H,13,Nürburgring,AlphaTauri
31,52,KVY,32,0,16,16,15,0,45,16.4,9.6,0.0,1.6,58.6,947.3,172.0,H,14,Nürburgring,AlphaTauri
32,52,KVY,33,0,16,16,15,0,46,16.6,9.6,0.0,1.5,58.1,947.4,17.0,H,15,Nürburgring,AlphaTauri
33,52,KVY,34,0,16,16,15,0,46,16.3,9.5,0.0,1.9,57.8,947.3,50.0,H,16,Nürburgring,AlphaTauri
34,52,KVY,35,0,16,16,15,0,46,16.3,9.5,0.0,1.4,57.9,947.5,52.0,H,17,Nürburgring,AlphaTauri
35,52,KVY,36,0,16,16,15,0,46,16.2,9.5,0.0,1.7,58.3,947.4,30.0,H,18,Nürburgring,AlphaTauri
36,52,KVY,37,0,16,16,15,0,46,16.1,9.4,0.0,2.1,58.3,947.4,53.0,H,19,Nürburgring,AlphaTauri
37,52,KVY,38,0,16,16,15,0,46,16.0,9.6,0.0,1.6,58.1,947.4,0.0,H,20,Nürburgring,AlphaTauri
38,52,KVY,39,0,16,16,15,0,46,16.0,9.5,0.0,1.0,58.8,947.3,45.0,H,21,Nürburgring,AlphaTauri
39,52,KVY,40,0,16,16,15,0,47,16.0,9.4,0.0,1.4,59.2,947.4,87.0,H,22,Nürburgring,AlphaTauri
40,52,KVY,41,0,16,16,15,0,48,16.0,9.5,0.0,1.3,59.9,947.4,34.0,H,23,Nürburgring,AlphaTauri
41,52,KVY,42,0,16,16,15,0,49,15.9,9.8,0.0,1.1,59.5,947.4,74.0,H,24,Nürburgring,AlphaTauri
42,52,KVY,43,0,16,15,15,0,51,15.9,9.9,0.0,1.4,58.5,947.3,35.0,H,25,Nürburgring,AlphaTauri
43,52,KVY,44,0,15,15,15,0,53,15.6,9.7,0.0,1.9,58.5,947.3,89.0,H,26,Nürburgring,AlphaTauri
44,52,KVY,45,2,15,15,15,0,53,15.3,9.4,0.0,0.3,59.2,947.4,20.0,S,0,Nürburgring,AlphaTauri
45,52,KVY,46,2,15,15,15,0,53,16.0,9.5,0.0,0.9,59.7,947.3,86.0,S,1,Nürburgring,AlphaTauri
46,52,KVY,47,2,15,15,15,0,53,16.3,9.6,0.0,1.3,59.2,947.3,188.0,S,2,Nürburgring,AlphaTauri
47,52,KVY,48,2,15,15,15,0,53,16.5,9.5,0.0,1.4,59.4,947.2,183.0,S,3,Nürburgring,AlphaTauri
48,52,KVY,49,2,15,15,15,0,53,16.5,9.5,0.0,1.3,59.3,947.3,193.0,S,4,Nürburgring,AlphaTauri
49,52,KVY,50,0,15,15,15,0,53,16.2,9.6,0.0,1.0,58.7,947.4,199.0,S,5,Nürburgring,AlphaTauri
50,52,KVY,51,0,15,15,15,0,53,15.6,9.5,0.0,1.0,59.8,947.3,41.0,S,6,Nürburgring,AlphaTauri
51,52,KVY,52,0,15,15,15,0,53,15.6,9.3,0.0,1.2,60.1,947.3,9.0,S,7,Nürburgring,AlphaTauri
52,52,KVY,53,0,15,15,15,0,53,15.6,9.2,0.0,0.7,60.7,947.3,188.0,S,8,Nürburgring,AlphaTauri
53,52,KVY,54,0,15,15,15,0,52,15.6,9.1,0.0,2.1,60.7,947.3,0.0,S,9,Nürburgring,AlphaTauri
54,52,KVY,55,0,15,15,15,0,52,15.8,9.3,0.0,0.7,61.2,947.3,31.0,S,10,Nürburgring,AlphaTauri
55,52,KVY,56,0,15,15,15,0,52,17.5,9.9,0.0,1.9,59.5,947.2,177.0,S,11,Nürburgring,AlphaTauri
56,52,KVY,57,0,15,15,15,0,52,17.3,9.8,0.0,1.3,58.9,947.3,61.0,S,12,Nürburgring,AlphaTauri
57,52,KVY,58,0,15,15,15,0,52,17.3,9.8,0.0,1.3,58.9,947.3,61.0,S,13,Nürburgring,AlphaTauri
58,52,KVY,59,0,15,15,15,0,51,17.3,9.8,0.0,1.3,58.9,947.3,61.0,S,14,Nürburgring,AlphaTauri
59,52,KVY,60,0,15,15,15,0,51,17.3,9.8,0.0,1.3,58.9,947.3,61.0,S,15,Nürburgring,AlphaTauri
0,52,GIO,1,0,11,11,11,0,36,18.0,9.0,0.0,2.7,59.2,947.4,190.0,S,0,Nürburgring,Alfa Romeo Racing
1,52,GIO,2,0,11,11,11,0,26,18.2,8.9,0.0,2.5,58.6,947.4,196.0,S,1,Nürburgring,Alfa Romeo Racing
2,52,GIO,3,0,11,11,11,0,25,18.2,8.9,0.0,2.7,58.9,947.4,182.0,S,2,Nürburgring,Alfa Romeo Racing
3,52,GIO,4,0,11,11,11,0,27,19.1,9.2,0.0,2.5,58.2,947.4,180.0,S,3,Nürburgring,Alfa Romeo Racing
4,52,GIO,5,0,11,11,11,0,30,18.6,9.4,0.0,0.8,58.0,947.4,0.0,S,4,Nürburgring,Alfa Romeo Racing
5,52,GIO,6,0,11,11,11,0,31,17.6,9.4,0.0,1.3,58.5,947.4,49.0,S,5,Nürburgring,Alfa Romeo Racing
6,52,GIO,7,0,11,11,11,0,32,17.2,9.3,0.0,1.9,58.4,947.4,16.0,S,6,Nürburgring,Alfa Romeo Racing
7,52,GIO,8,0,11,10,11,0,32,17.1,9.5,0.0,1.8,58.7,947.4,162.0,S,7,Nürburgring,Alfa Romeo Racing
8,52,GIO,9,0,10,10,11,0,32,16.4,9.9,0.0,2.1,57.3,947.4,81.0,S,8,Nürburgring,Alfa Romeo Racing
9,52,GIO,10,0,10,10,11,0,33,16.0,9.6,0.0,2.0,58.6,947.4,148.0,S,9,Nürburgring,Alfa Romeo Racing
10,52,GIO,11,0,10,9,11,0,33,15.9,9.5,0.0,2.2,58.9,947.5,48.0,S,10,Nürburgring,Alfa Romeo Racing
11,52,GIO,12,0,9,9,11,0,33,15.9,9.5,0.0,1.5,59.5,947.3,46.0,S,11,Nürburgring,Alfa Romeo Racing
12,52,GIO,13,1,9,9,11,0,34,15.7,9.4,0.0,2.3,59.5,947.3,0.0,S,12,Nürburgring,Alfa Romeo Racing
13,52,GIO,14,1,9,10,11,0,35,15.6,9.6,0.0,1.4,59.9,947.4,36.0,S,13,Nürburgring,Alfa Romeo Racing
14,52,GIO,15,0,10,13,11,0,35,15.6,9.6,0.0,1.6,59.1,947.4,46.0,S,14,Nürburgring,Alfa Romeo Racing
15,52,GIO,16,2,13,15,11,0,35,15.2,9.1,0.0,1.6,60.9,947.3,83.0,M,0,Nürburgring,Alfa Romeo Racing
16,52,GIO,17,2,15,14,11,0,34,15.3,9.1,1.0,1.2,61.5,947.4,177.0,M,1,Nürburgring,Alfa Romeo Racing
17,52,GIO,18,1,14,14,11,0,35,15.1,9.2,0.0,1.9,62.9,947.4,44.0,M,2,Nürburgring,Alfa Romeo Racing
18,52,GIO,19,1,14,13,11,0,38,15.2,9.2,0.0,2.4,62.4,947.4,15.0,M,3,Nürburgring,Alfa Romeo Racing
19,52,GIO,20,1,13,13,11,0,41,15.6,9.4,0.0,2.3,61.0,947.4,34.0,M,4,Nürburgring,Alfa Romeo Racing
20,52,GIO,21,0,13,13,11,0,41,15.9,9.6,0.0,2.3,60.8,947.4,0.0,M,5,Nürburgring,Alfa Romeo Racing
21,52,GIO,22,0,13,13,11,0,42,16.0,9.7,0.0,1.3,60.5,947.5,59.0,M,6,Nürburgring,Alfa Romeo Racing
22,52,GIO,23,0,13,12,11,0,42,16.0,9.6,0.0,2.4,60.2,947.3,51.0,M,7,Nürburgring,Alfa Romeo Racing
23,52,GIO,24,0,12,11,11,0,43,16.0,9.6,0.0,2.1,60.0,947.4,301.0,M,8,Nürburgring,Alfa Romeo Racing
24,52,GIO,25,0,11,11,11,0,43,16.1,9.7,0.0,1.5,59.8,947.4,95.0,M,9,Nürburgring,Alfa Romeo Racing
25,52,GIO,26,0,11,11,11,0,43,16.0,9.8,0.0,2.2,59.3,947.4,54.0,M,10,Nürburgring,Alfa Romeo Racing
26,52,GIO,27,0,11,11,11,0,44,16.7,9.6,0.0,1.7,58.9,947.3,25.0,M,11,Nürburgring,Alfa Romeo Racing
27,52,GIO,28,0,11,10,11,0,44,17.2,9.7,0.0,2.2,59.3,947.3,60.0,M,12,Nürburgring,Alfa Romeo Racing
28,52,GIO,29,0,10,10,11,0,44,17.1,9.6,0.0,2.2,59.5,947.4,83.0,M,13,Nürburgring,Alfa Romeo Racing
29,52,GIO,30,0,10,9,11,0,44,16.8,9.4,0.0,2.2,59.6,947.3,85.0,M,14,Nürburgring,Alfa Romeo Racing
30,52,GIO,31,0,9,8,11,0,44,16.6,9.6,0.0,1.5,58.1,947.4,17.0,M,15,Nürburgring,Alfa Romeo Racing
31,52,GIO,32,0,8,8,11,0,43,16.4,9.7,0.0,1.4,57.9,947.3,45.0,M,16,Nürburgring,Alfa Romeo Racing
32,52,GIO,33,0,8,8,11,0,43,16.3,9.5,0.0,1.9,57.8,947.3,50.0,M,17,Nürburgring,Alfa Romeo Racing
33,52,GIO,34,0,8,8,11,0,43,16.3,9.5,0.0,1.4,57.9,947.5,52.0,M,18,Nürburgring,Alfa Romeo Racing
34,52,GIO,35,0,8,8,11,0,43,16.0,9.6,0.0,1.6,58.1,947.4,0.0,M,19,Nürburgring,Alfa Romeo Racing
35,52,GIO,36,0,8,9,11,0,43,16.0,9.5,0.0,1.0,58.8,947.3,45.0,M,20,Nürburgring,Alfa Romeo Racing
36,52,GIO,37,0,9,13,11,0,43,16.0,9.4,0.0,1.4,59.2,947.4,87.0,M,0,Nürburgring,Alfa Romeo Racing
37,52,GIO,38,0,13,13,11,0,43,16.2,9.5,0.0,1.6,59.2,947.4,57.0,M,1,Nürburgring,Alfa Romeo Racing
38,52,GIO,39,0,13,13,11,0,43,16.2,9.4,0.0,1.5,59.7,947.4,24.0,M,2,Nürburgring,Alfa Romeo Racing
39,52,GIO,40,0,13,13,11,0,44,16.0,9.5,0.0,1.3,59.9,947.4,34.0,M,3,Nürburgring,Alfa Romeo Racing
40,52,GIO,41,0,13,13,11,0,44,15.9,9.6,0.0,2.0,59.7,947.5,29.0,M,4,Nürburgring,Alfa Romeo Racing
41,52,GIO,42,0,13,12,11,0,45,15.9,9.8,0.0,1.1,59.5,947.4,74.0,M,5,Nürburgring,Alfa Romeo Racing
42,52,GIO,43,0,12,11,11,0,48,15.9,9.9,0.0,1.4,58.5,947.3,35.0,M,6,Nürburgring,Alfa Romeo Racing
43,52,GIO,44,0,11,11,11,0,50,15.6,9.7,0.0,1.9,58.5,947.3,89.0,M,7,Nürburgring,Alfa Romeo Racing
44,52,GIO,45,2,11,10,11,0,50,15.1,9.3,0.0,0.5,60.0,947.4,122.0,M,8,Nürburgring,Alfa Romeo Racing
45,52,GIO,46,2,10,10,11,0,49,16.3,9.6,0.0,1.3,59.2,947.3,188.0,M,9,Nürburgring,Alfa Romeo Racing
46,52,GIO,47,2,10,10,11,0,48,16.5,9.5,0.0,1.3,59.3,947.3,193.0,M,10,Nürburgring,Alfa Romeo Racing
47,52,GIO,48,2,10,10,11,0,48,16.9,9.5,0.0,1.3,58.9,947.3,159.0,M,11,Nürburgring,Alfa Romeo Racing
48,52,GIO,49,2,10,10,11,0,48,16.8,9.6,0.0,1.2,58.6,947.3,223.0,M,12,Nürburgring,Alfa Romeo Racing
49,52,GIO,50,0,10,10,11,0,47,16.2,9.6,0.0,1.0,58.7,947.4,199.0,M,13,Nürburgring,Alfa Romeo Racing
50,52,GIO,51,0,10,10,11,0,47,15.6,9.5,0.0,1.0,59.8,947.3,41.0,M,14,Nürburgring,Alfa Romeo Racing
51,52,GIO,52,0,10,10,11,0,47,15.6,9.2,0.0,0.7,60.7,947.3,188.0,M,15,Nürburgring,Alfa Romeo Racing
52,52,GIO,53,0,10,10,11,0,47,15.8,9.3,0.0,0.7,61.2,947.3,31.0,M,16,Nürburgring,Alfa Romeo Racing
53,52,GIO,54,0,10,10,11,0,46,17.4,9.7,0.0,1.6,59.8,947.4,14.0,M,17,Nürburgring,Alfa Romeo Racing
54,52,GIO,55,0,10,10,11,0,46,17.5,9.8,0.0,1.4,59.9,947.2,338.0,M,18,Nürburgring,Alfa Romeo Racing
55,52,GIO,56,0,10,10,11,0,46,17.5,9.9,0.0,1.9,59.5,947.2,177.0,M,19,Nürburgring,Alfa Romeo Racing
56,52,GIO,57,0,10,10,11,0,46,17.3,9.8,0.0,1.3,58.9,947.3,61.0,M,20,Nürburgring,Alfa Romeo Racing
57,52,GIO,58,0,10,10,11,0,46,17.3,9.8,0.0,1.3,58.9,947.3,61.0,M,21,Nürburgring,Alfa Romeo Racing
58,52,GIO,59,0,10,10,11,0,46,17.3,9.8,0.0,1.3,58.9,947.3,61.0,M,22,Nürburgring,Alfa Romeo Racing
59,52,GIO,60,0,10,10,11,0,46,17.3,9.8,0.0,1.3,58.9,947.3,61.0,M,23,Nürburgring,Alfa Romeo Racing
0,52,MAG,1,0,14,14,14,0,30,18.2,8.9,0.0,2.5,58.6,947.4,196.0,S,0,Nürburgring,Haas F1 Team
1,52,MAG,2,0,14,13,14,0,26,18.2,8.9,0.0,2.7,58.9,947.4,182.0,S,1,Nürburgring,Haas F1 Team
2,52,MAG,3,0,13,13,14,0,26,19.1,9.2,0.0,2.5,58.2,947.4,180.0,S,2,Nürburgring,Haas F1 Team
3,52,MAG,4,0,13,13,14,0,25,19.1,9.2,0.0,2.1,58.1,947.3,154.0,S,3,Nürburgring,Haas F1 Team
4,52,MAG,5,0,13,13,14,0,29,18.6,9.4,0.0,0.8,58.0,947.4,0.0,S,4,Nürburgring,Haas F1 Team
5,52,MAG,6,0,13,13,14,0,29,18.2,9.4,0.0,2.7,58.0,947.3,187.0,S,5,Nürburgring,Haas F1 Team
6,52,MAG,7,0,13,13,14,0,30,17.6,9.4,0.0,1.3,58.5,947.4,49.0,S,6,Nürburgring,Haas F1 Team
7,52,MAG,8,0,13,12,14,0,29,17.4,9.3,0.0,1.9,58.9,947.4,103.0,S,7,Nürburgring,Haas F1 Team
8,52,MAG,9,0,12,12,14,0,29,17.2,9.3,0.0,1.9,58.4,947.4,16.0,S,8,Nürburgring,Haas F1 Team
9,52,MAG,10,0,12,12,14,0,30,17.0,9.6,0.0,1.7,58.3,947.4,347.0,S,9,Nürburgring,Haas F1 Team
10,52,MAG,11,0,12,11,14,0,30,16.6,9.8,0.0,1.6,57.6,947.5,177.0,S,10,Nürburgring,Haas F1 Team
11,52,MAG,12,0,11,11,14,0,30,16.0,9.6,0.0,2.0,58.6,947.4,148.0,S,11,Nürburgring,Haas F1 Team
12,52,MAG,13,1,11,13,14,0,31,15.9,9.5,0.0,1.5,59.5,947.3,46.0,S,12,Nürburgring,Haas F1 Team
13,52,MAG,14,1,13,14,14,0,32,15.6,9.5,0.0,1.3,59.7,947.4,79.0,S,13,Nürburgring,Haas F1 Team
14,52,MAG,15,0,14,18,14,0,31,15.6,9.6,0.0,1.4,59.9,947.4,36.0,M,0,Nürburgring,Haas F1 Team
15,52,MAG,16,2,18,18,14,0,30,15.7,9.7,0.0,1.1,59.6,947.4,69.0,M,1,Nürburgring,Haas F1 Team
16,52,MAG,17,2,18,17,14,0,29,15.4,9.4,0.0,1.3,60.3,947.4,94.0,M,2,Nürburgring,Haas F1 Team
17,52,MAG,18,1,17,17,14,0,29,15.3,9.1,1.0,1.2,61.5,947.4,177.0,M,3,Nürburgring,Haas F1 Team
18,52,MAG,19,1,17,16,14,0,35,15.2,9.1,1.0,1.4,61.9,947.4,15.0,M,4,Nürburgring,Haas F1 Team
19,52,MAG,20,1,16,16,14,0,39,15.1,9.2,0.0,1.9,62.9,947.4,44.0,M,5,Nürburgring,Haas F1 Team
20,52,MAG,21,0,16,16,14,0,39,15.2,9.2,0.0,2.4,62.4,947.4,15.0,M,6,Nürburgring,Haas F1 Team
21,52,MAG,22,0,16,16,14,0,40,15.5,9.4,0.0,0.9,61.3,947.5,55.0,M,7,Nürburgring,Haas F1 Team
22,52,MAG,23,0,16,15,14,0,40,15.6,9.4,0.0,2.3,61.0,947.4,34.0,M,8,Nürburgring,Haas F1 Team
23,52,MAG,24,0,15,14,14,0,41,15.7,9.5,0.0,1.4,60.9,947.4,33.0,M,9,Nürburgring,Haas F1 Team
24,52,MAG,25,0,14,14,14,0,42,16.0,9.7,0.0,1.3,60.5,947.5,59.0,M,10,Nürburgring,Haas F1 Team
25,52,MAG,26,0,14,14,14,0,42,16.0,9.6,0.0,2.1,60.0,947.4,301.0,M,11,Nürburgring,Haas F1 Team
26,52,MAG,27,0,14,14,14,0,42,16.1,9.7,0.0,1.5,59.8,947.4,95.0,M,12,Nürburgring,Haas F1 Team
27,52,MAG,28,0,14,14,14,0,41,16.0,9.8,0.0,2.2,59.3,947.4,54.0,M,13,Nürburgring,Haas F1 Team
28,52,MAG,29,0,14,13,14,0,41,16.1,9.7,0.0,1.8,58.8,947.3,98.0,M,14,Nürburgring,Haas F1 Team
29,52,MAG,30,0,13,12,14,0,41,16.7,9.6,0.0,1.7,58.9,947.3,25.0,M,15,Nürburgring,Haas F1 Team
30,52,MAG,31,0,12,11,14,0,41,17.2,9.7,0.0,2.2,59.3,947.3,60.0,M,16,Nürburgring,Haas F1 Team
31,52,MAG,32,0,11,11,14,0,40,17.1,9.6,0.0,2.2,59.5,947.4,83.0,M,17,Nürburgring,Haas F1 Team
32,52,MAG,33,0,11,11,14,0,40,17.0,9.5,0.0,1.7,59.3,947.3,61.0,M,18,Nürburgring,Haas F1 Team
33,52,MAG,34,0,11,14,14,0,40,16.8,9.4,0.0,2.2,59.6,947.3,85.0,M,19,Nürburgring,Haas F1 Team
34,52,MAG,35,0,14,14,14,0,40,16.6,9.4,0.0,1.1,59.7,947.4,16.0,M,0,Nürburgring,Haas F1 Team
35,52,MAG,36,0,14,14,14,0,40,16.4,9.6,0.0,1.6,58.6,947.3,172.0,M,1,Nürburgring,Haas F1 Team
36,52,MAG,37,0,14,14,14,0,40,16.6,9.6,0.0,1.5,58.1,947.4,17.0,M,2,Nürburgring,Haas F1 Team
37,52,MAG,38,0,14,14,14,0,40,16.4,9.7,0.0,1.4,57.9,947.3,45.0,M,3,Nürburgring,Haas F1 Team
38,52,MAG,39,0,14,14,14,0,41,16.4,9.6,0.0,3.1,57.7,947.2,60.0,M,4,Nürburgring,Haas F1 Team
39,52,MAG,40,0,14,14,14,0,41,16.3,9.5,0.0,1.4,57.9,947.5,52.0,M,5,Nürburgring,Haas F1 Team
40,52,MAG,41,0,14,14,14,0,42,16.2,9.5,0.0,1.7,58.3,947.4,30.0,M,6,Nürburgring,Haas F1 Team
41,52,MAG,42,0,14,13,14,0,43,16.1,9.4,0.0,2.1,58.3,947.4,53.0,M,7,Nürburgring,Haas F1 Team
42,52,MAG,43,0,13,12,14,0,45,16.0,9.4,0.0,1.4,59.2,947.4,87.0,M,8,Nürburgring,Haas F1 Team
43,52,MAG,44,0,12,12,14,0,47,16.2,9.4,0.0,1.5,59.7,947.4,24.0,M,9,Nürburgring,Haas F1 Team
44,52,MAG,45,2,12,11,14,0,46,15.9,9.8,0.0,1.1,59.5,947.4,74.0,M,10,Nürburgring,Haas F1 Team
45,52,MAG,46,2,11,11,14,0,45,15.9,9.9,0.0,1.4,58.5,947.3,35.0,M,11,Nürburgring,Haas F1 Team
46,52,MAG,47,2,11,11,14,0,45,15.3,9.4,0.0,0.3,59.2,947.4,20.0,M,12,Nürburgring,Haas F1 Team
47,52,MAG,48,2,11,11,14,0,45,15.6,9.4,0.0,0.8,59.3,947.3,0.0,M,13,Nürburgring,Haas F1 Team
48,52,MAG,49,2,11,11,14,0,45,16.0,9.5,0.0,0.9,59.7,947.3,86.0,M,14,Nürburgring,Haas F1 Team
49,52,MAG,50,0,11,11,14,0,45,16.3,9.6,0.0,1.3,59.2,947.3,188.0,M,15,Nürburgring,Haas F1 Team
50,52,MAG,51,0,11,11,14,0,45,16.5,9.5,0.0,1.3,59.3,947.3,193.0,M,16,Nürburgring,Haas F1 Team
51,52,MAG,52,0,11,11,14,0,45,16.9,9.5,0.0,1.3,58.9,947.3,159.0,M,17,Nürburgring,Haas F1 Team
52,52,MAG,53,0,11,11,14,0,45,16.8,9.6,0.0,1.2,58.6,947.3,223.0,M,18,Nürburgring,Haas F1 Team
53,52,MAG,54,0,11,11,14,0,45,15.6,9.4,0.0,1.8,60.2,947.2,223.0,M,19,Nürburgring,Haas F1 Team
54,52,MAG,55,0,11,13,14,0,45,15.6,9.3,0.0,1.2,60.1,947.3,9.0,M,20,Nürburgring,Haas F1 Team
55,52,MAG,56,0,13,13,14,0,44,16.7,9.5,0.0,1.6,60.8,947.3,131.0,M,21,Nürburgring,Haas F1 Team
56,52,MAG,57,0,13,13,14,0,44,17.4,9.7,0.0,1.6,59.8,947.4,14.0,M,22,Nürburgring,Haas F1 Team
57,52,MAG,58,0,13,13,14,0,44,17.5,9.8,0.0,1.4,59.9,947.2,338.0,M,23,Nürburgring,Haas F1 Team
58,52,MAG,59,0,13,13,14,0,44,17.3,9.8,0.0,1.3,58.9,947.3,61.0,M,24,Nürburgring,Haas F1 Team
59,52,MAG,60,0,13,13,14,0,44,17.3,9.8,0.0,1.3,58.9,947.3,61.0,M,25,Nürburgring,Haas F1 Team
0,52,GRO,1,0,20,20,20,0,31,18.2,8.9,0.0,2.5,58.6,947.4,196.0,M,0,Nürburgring,Haas F1 Team
1,52,GRO,2,0,20,20,20,0,20,18.2,8.9,0.0,2.7,58.9,947.4,182.0,M,1,Nürburgring,Haas F1 Team
2,52,GRO,3,0,20,20,20,0,20,19.1,9.2,0.0,2.1,58.1,947.3,154.0,M,2,Nürburgring,Haas F1 Team
3,52,GRO,4,0,20,20,20,0,20,18.2,9.4,0.0,2.7,58.0,947.3,187.0,M,3,Nürburgring,Haas F1 Team
4,52,GRO,5,0,20,20,20,0,24,17.7,9.3,0.0,2.4,58.4,947.5,80.0,M,4,Nürburgring,Haas F1 Team
5,52,GRO,6,0,20,20,20,0,24,17.6,9.4,0.0,1.3,58.5,947.4,49.0,M,5,Nürburgring,Haas F1 Team
6,52,GRO,7,0,20,20,20,0,24,17.0,9.6,0.0,1.7,58.3,947.4,347.0,M,6,Nürburgring,Haas F1 Team
7,52,GRO,8,0,20,19,20,0,23,16.6,9.8,0.0,1.6,57.6,947.5,177.0,M,7,Nürburgring,Haas F1 Team
8,52,GRO,9,0,19,19,20,0,23,15.9,9.5,0.0,2.2,58.9,947.5,48.0,M,8,Nürburgring,Haas F1 Team
9,52,GRO,10,0,19,18,20,0,22,15.7,9.4,0.0,2.3,59.5,947.3,0.0,M,9,Nürburgring,Haas F1 Team
10,52,GRO,11,0,18,18,20,0,22,15.6,9.5,0.0,1.3,59.7,947.4,79.0,M,10,Nürburgring,Haas F1 Team
11,52,GRO,12,0,18,16,20,0,21,15.6,9.6,0.0,1.4,59.9,947.4,36.0,M,11,Nürburgring,Haas F1 Team
12,52,GRO,13,1,16,17,20,0,22,15.7,9.7,0.0,1.1,59.6,947.4,69.0,M,12,Nürburgring,Haas F1 Team
13,52,GRO,14,1,17,16,20,0,23,15.6,9.6,0.0,1.6,59.1,947.4,46.0,M,13,Nürburgring,Haas F1 Team
14,52,GRO,15,0,16,15,20,0,25,15.4,9.4,0.0,1.3,60.3,947.4,94.0,M,14,Nürburgring,Haas F1 Team
15,52,GRO,16,2,15,14,20,0,25,15.2,9.1,0.0,1.6,60.9,947.3,83.0,M,15,Nürburgring,Haas F1 Team
16,52,GRO,17,2,14,13,20,0,26,15.2,9.1,1.0,1.4,61.9,947.4,15.0,M,16,Nürburgring,Haas F1 Team
17,52,GRO,18,1,13,13,20,0,26,15.2,9.3,0.0,1.6,62.2,947.4,329.0,M,17,Nürburgring,Haas F1 Team
18,52,GRO,19,1,13,12,20,0,28,15.4,9.4,0.0,1.4,61.7,947.5,33.0,M,18,Nürburgring,Haas F1 Team
19,52,GRO,20,1,12,12,20,0,34,15.5,9.4,0.0,0.9,61.3,947.5,55.0,M,19,Nürburgring,Haas F1 Team
20,52,GRO,21,0,12,12,20,0,34,15.6,9.4,0.0,2.3,61.0,947.4,34.0,M,20,Nürburgring,Haas F1 Team
21,52,GRO,22,0,12,12,20,0,35,15.9,9.6,0.0,2.3,60.8,947.4,0.0,M,21,Nürburgring,Haas F1 Team
22,52,GRO,23,0,12,11,20,0,35,16.0,9.5,0.0,1.3,60.4,947.4,20.0,M,22,Nürburgring,Haas F1 Team
23,52,GRO,24,0,11,10,20,0,36,16.0,9.6,0.0,2.1,60.0,947.4,301.0,M,23,Nürburgring,Haas F1 Team
24,52,GRO,25,0,10,10,20,0,37,16.1,9.7,0.0,1.5,59.8,947.4,95.0,M,24,Nürburgring,Haas F1 Team
25,52,GRO,26,0,10,10,20,0,37,16.0,9.8,0.0,2.2,59.3,947.4,54.0,M,25,Nürburgring,Haas F1 Team
26,52,GRO,27,0,10,10,20,0,37,16.1,9.7,0.0,1.1,59.1,947.4,16.0,M,26,Nürburgring,Haas F1 Team
27,52,GRO,28,0,10,11,20,0,36,16.1,9.7,0.0,1.8,58.8,947.3,98.0,M,27,Nürburgring,Haas F1 Team
28,52,GRO,29,0,11,15,20,0,36,16.7,9.6,0.0,1.7,58.9,947.3,25.0,H,0,Nürburgring,Haas F1 Team
29,52,GRO,30,0,15,15,20,0,36,17.2,9.7,0.0,2.2,59.3,947.3,60.0,H,1,Nürburgring,Haas F1 Team
30,52,GRO,31,0,15,15,20,0,37,16.8,9.4,0.0,2.2,59.6,947.3,85.0,H,2,Nürburgring,Haas F1 Team
31,52,GRO,32,0,15,15,20,0,37,16.4,9.6,0.0,1.5,59.5,947.3,73.0,H,3,Nürburgring,Haas F1 Team
32,52,GRO,33,0,15,14,20,0,37,16.4,9.6,0.0,1.6,58.6,947.3,172.0,H,4,Nürburgring,Haas F1 Team
33,52,GRO,34,0,14,13,20,0,38,16.6,9.6,0.0,1.5,58.1,947.4,17.0,H,5,Nürburgring,Haas F1 Team
34,52,GRO,35,0,13,13,20,0,38,16.4,9.6,0.0,3.1,57.7,947.2,60.0,H,6,Nürburgring,Haas F1 Team
35,52,GRO,36,0,13,13,20,0,38,16.3,9.5,0.0,1.4,57.9,947.5,52.0,H,7,Nürburgring,Haas F1 Team
36,52,GRO,37,0,13,12,20,0,38,16.1,9.4,0.0,2.1,58.3,947.4,53.0,H,8,Nürburgring,Haas F1 Team
37,52,GRO,38,0,12,12,20,0,38,16.1,9.6,0.0,1.0,58.3,947.5,60.0,H,9,Nürburgring,Haas F1 Team
38,52,GRO,39,0,12,12,20,0,39,16.0,9.5,0.0,1.0,58.8,947.3,45.0,H,10,Nürburgring,Haas F1 Team
39,52,GRO,40,0,12,12,20,0,41,16.0,9.4,0.0,1.4,59.2,947.4,87.0,H,11,Nürburgring,Haas F1 Team
40,52,GRO,41,0,12,11,20,0,42,16.2,9.5,0.0,1.6,59.2,947.4,57.0,H,12,Nürburgring,Haas F1 Team
41,52,GRO,42,0,11,11,20,0,42,16.2,9.4,0.0,1.5,59.7,947.4,24.0,H,13,Nürburgring,Haas F1 Team
42,52,GRO,43,0,11,10,20,0,44,16.0,9.5,0.0,1.3,59.9,947.4,34.0,H,14,Nürburgring,Haas F1 Team
43,52,GRO,44,0,10,10,20,0,47,15.9,9.8,0.0,1.1,59.5,947.4,74.0,H,15,Nürburgring,Haas F1 Team
44,52,GRO,45,2,10,7,20,0,46,15.6,9.7,0.0,1.9,58.5,947.3,89.0,H,16,Nürburgring,Haas F1 Team
45,52,GRO,46,2,7,7,20,0,44,16.0,9.5,0.0,0.9,59.7,947.3,86.0,H,17,Nürburgring,Haas F1 Team
46,52,GRO,47,2,7,7,20,0,43,16.3,9.6,0.0,1.3,59.2,947.3,188.0,H,18,Nürburgring,Haas F1 Team
47,52,GRO,48,2,7,7,20,0,43,16.5,9.5,0.0,1.4,59.4,947.2,183.0,H,19,Nürburgring,Haas F1 Team
48,52,GRO,49,2,7,7,20,0,43,16.8,9.6,0.0,1.2,58.6,947.3,223.0,H,20,Nürburgring,Haas F1 Team
49,52,GRO,50,0,7,9,20,0,42,16.2,9.6,0.0,1.0,58.7,947.4,199.0,H,21,Nürburgring,Haas F1 Team
50,52,GRO,51,0,9,9,20,0,42,15.8,9.4,0.0,1.9,59.4,947.2,164.0,H,22,Nürburgring,Haas F1 Team
51,52,GRO,52,0,9,9,20,0,42,15.6,9.4,0.0,1.7,60.4,947.2,187.0,H,23,Nürburgring,Haas F1 Team
52,52,GRO,53,0,9,9,20,0,42,15.6,9.2,0.0,0.7,60.7,947.3,188.0,H,24,Nürburgring,Haas F1 Team
53,52,GRO,54,0,9,9,20,0,42,15.8,9.3,0.0,0.7,61.2,947.3,31.0,H,25,Nürburgring,Haas F1 Team
54,52,GRO,55,0,9,9,20,0,42,17.4,9.7,0.0,1.6,59.8,947.4,14.0,H,26,Nürburgring,Haas F1 Team
55,52,GRO,56,0,9,9,20,0,42,17.5,9.8,0.0,1.4,59.9,947.2,338.0,H,27,Nürburgring,Haas F1 Team
56,52,GRO,57,0,9,9,20,0,42,17.3,9.8,0.0,1.3,58.9,947.3,61.0,H,28,Nürburgring,Haas F1 Team
57,52,GRO,58,0,9,9,20,0,42,17.3,9.8,0.0,1.3,58.9,947.3,61.0,H,29,Nürburgring,Haas F1 Team
58,52,GRO,59,0,9,9,20,0,42,17.3,9.8,0.0,1.3,58.9,947.3,61.0,H,30,Nürburgring,Haas F1 Team
59,52,GRO,60,0,9,9,20,0,42,17.3,9.8,0.0,1.3,58.9,947.3,61.0,H,31,Nürburgring,Haas F1 Team
0,52,RUS,1,0,16,16,16,0,43,17.0,9.6,0.0,1.7,58.3,947.4,347.0,S,0,Nürburgring,Williams
1,52,RUS,2,0,16,16,16,0,32,16.4,9.9,0.0,2.1,57.3,947.4,81.0,S,1,Nürburgring,Williams
2,52,RUS,3,0,16,16,16,0,32,16.0,9.6,0.0,2.0,58.6,947.4,148.0,S,2,Nürburgring,Williams
3,52,RUS,4,0,16,16,16,0,32,15.4,9.4,0.0,1.4,61.7,947.5,33.0,S,3,Nürburgring,Williams
4,52,RUS,5,0,16,16,16,0,36,15.6,9.4,0.0,2.3,61.0,947.4,34.0,S,4,Nürburgring,Williams
5,52,RUS,6,0,16,16,16,0,37,15.7,9.5,0.0,1.4,60.9,947.4,33.0,S,5,Nürburgring,Williams
6,52,RUS,7,0,16,16,16,0,37,16.4,9.6,0.0,1.6,58.6,947.3,172.0,S,6,Nürburgring,Williams
7,52,RUS,8,0,16,15,16,0,38,16.4,9.7,0.0,1.4,57.9,947.3,45.0,S,7,Nürburgring,Williams
8,52,RUS,9,0,15,15,16,0,39,16.1,9.6,0.0,1.0,58.3,947.5,60.0,S,8,Nürburgring,Williams
9,52,RUS,10,0,15,15,16,0,40,16.2,9.5,0.0,1.6,59.2,947.4,57.0,S,9,Nürburgring,Williams
10,52,RUS,11,0,15,17,16,0,40,17.5,9.9,0.0,1.9,59.5,947.2,177.0,S,10,Nürburgring,Williams
11,52,RUS,12,0,17,18,16,1,38,17.3,9.8,0.0,1.3,58.9,947.3,61.0,M,0,Nürburgring,Williams
0,52,LAT,1,0,18,18,18,0,42,18.2,8.9,0.0,2.7,58.9,947.4,182.0,S,0,Nürburgring,Williams
1,52,LAT,2,0,18,18,18,0,29,19.1,9.2,0.0,2.5,58.2,947.4,180.0,S,1,Nürburgring,Williams
2,52,LAT,3,0,18,18,18,0,28,18.6,9.4,0.0,0.8,58.0,947.4,0.0,S,2,Nürburgring,Williams
3,52,LAT,4,0,18,18,18,0,28,17.7,9.3,0.0,2.4,58.4,947.5,80.0,S,3,Nürburgring,Williams
4,52,LAT,5,0,18,18,18,0,31,17.6,9.4,0.0,1.3,58.5,947.4,49.0,S,4,Nürburgring,Williams
5,52,LAT,6,0,18,18,18,0,32,17.4,9.3,0.0,1.9,58.9,947.4,103.0,S,5,Nürburgring,Williams
6,52,LAT,7,0,18,18,18,0,32,17.2,9.3,0.0,1.9,58.4,947.4,16.0,S,6,Nürburgring,Williams
7,52,LAT,8,0,18,17,18,0,32,17.1,9.5,0.0,1.8,58.7,947.4,162.0,S,7,Nürburgring,Williams
8,52,LAT,9,0,17,17,18,0,33,16.8,9.7,0.0,1.7,58.0,947.4,29.0,S,8,Nürburgring,Williams
9,52,LAT,10,0,17,17,18,0,33,16.6,9.8,0.0,1.6,57.6,947.5,177.0,S,9,Nürburgring,Williams
10,52,LAT,11,0,17,14,18,0,33,15.7,9.4,0.0,2.3,59.5,947.3,0.0,S,10,Nürburgring,Williams
11,52,LAT,12,0,14,15,18,0,33,15.6,9.6,0.0,1.6,59.1,947.4,46.0,S,11,Nürburgring,Williams
12,52,LAT,13,1,15,15,18,0,33,15.4,9.4,0.0,1.3,60.3,947.4,94.0,S,12,Nürburgring,Williams
13,52,LAT,14,1,15,17,18,0,34,15.2,9.1,0.0,1.6,60.9,947.3,83.0,S,13,Nürburgring,Williams
14,52,LAT,15,0,17,19,18,0,34,15.3,9.1,1.0,1.2,61.5,947.4,177.0,M,0,Nürburgring,Williams
15,52,LAT,16,2,19,19,18,0,35,15.2,9.1,1.0,1.4,61.9,947.4,15.0,M,1,Nürburgring,Williams
16,52,LAT,17,2,19,18,18,0,35,15.2,9.3,0.0,1.6,62.2,947.4,329.0,M,2,Nürburgring,Williams
17,52,LAT,18,1,18,18,18,0,35,15.4,9.4,0.0,1.4,61.7,947.5,33.0,M,3,Nürburgring,Williams
18,52,LAT,19,1,18,17,18,0,42,15.5,9.4,0.0,0.9,61.3,947.5,55.0,M,4,Nürburgring,Williams
19,52,LAT,20,1,17,17,18,0,47,15.6,9.4,0.0,2.3,61.0,947.4,34.0,M,5,Nürburgring,Williams
20,52,LAT,21,0,17,17,18,0,47,15.7,9.5,0.0,1.4,60.9,947.4,33.0,M,6,Nürburgring,Williams
21,52,LAT,22,0,17,17,18,0,47,15.9,9.6,0.0,2.3,60.8,947.4,0.0,M,7,Nürburgring,Williams
22,52,LAT,23,0,17,16,18,0,48,16.0,9.7,0.0,1.3,60.5,947.5,59.0,M,8,Nürburgring,Williams
23,52,LAT,24,0,16,15,18,0,49,16.0,9.5,0.0,1.3,60.4,947.4,20.0,M,9,Nürburgring,Williams
24,52,LAT,25,0,15,15,18,0,50,16.1,9.7,0.0,1.5,59.8,947.4,95.0,M,10,Nürburgring,Williams
25,52,LAT,26,0,15,15,18,0,50,16.1,9.7,0.0,1.1,59.1,947.4,16.0,M,11,Nürburgring,Williams
26,52,LAT,27,0,15,15,18,0,49,16.1,9.7,0.0,1.8,58.8,947.3,98.0,M,12,Nürburgring,Williams
27,52,LAT,28,0,15,15,18,0,49,16.7,9.6,0.0,1.7,58.9,947.3,25.0,M,13,Nürburgring,Williams
28,52,LAT,29,0,15,14,18,0,49,17.0,9.5,0.0,1.7,59.3,947.3,61.0,M,14,Nürburgring,Williams
29,52,LAT,30,0,14,13,18,0,48,16.8,9.4,0.0,2.2,59.6,947.3,85.0,M,15,Nürburgring,Williams
30,52,LAT,31,0,13,13,18,0,48,16.6,9.4,0.0,1.1,59.7,947.4,16.0,M,16,Nürburgring,Williams
31,52,LAT,32,0,13,14,18,0,48,16.4,9.6,0.0,1.5,59.5,947.3,73.0,M,17,Nürburgring,Williams
32,52,LAT,33,0,14,15,18,0,48,16.4,9.6,0.0,1.6,58.6,947.3,172.0,M,18,Nürburgring,Williams
33,52,LAT,34,0,15,15,18,0,48,16.4,9.6,0.0,3.1,57.7,947.2,60.0,M,0,Nürburgring,Williams
34,52,LAT,35,0,15,15,18,0,49,16.3,9.5,0.0,1.9,57.8,947.3,50.0,M,1,Nürburgring,Williams
35,52,LAT,36,0,15,15,18,0,49,16.2,9.5,0.0,1.7,58.3,947.4,30.0,M,2,Nürburgring,Williams
36,52,LAT,37,0,15,15,18,0,49,16.1,9.6,0.0,1.0,58.3,947.5,60.0,M,3,Nürburgring,Williams
37,52,LAT,38,0,15,15,18,0,49,16.0,9.6,0.0,1.6,58.1,947.4,0.0,M,4,Nürburgring,Williams
38,52,LAT,39,0,15,15,18,0,50,16.0,9.5,0.0,1.0,58.8,947.3,45.0,M,5,Nürburgring,Williams
39,52,LAT,40,0,15,15,18,0,50,16.0,9.4,0.0,1.4,59.2,947.4,87.0,M,6,Nürburgring,Williams
40,52,LAT,41,0,15,15,18,0,51,16.2,9.4,0.0,1.5,59.7,947.4,24.0,M,7,Nürburgring,Williams
41,52,LAT,42,0,15,14,18,0,51,16.0,9.5,0.0,1.3,59.9,947.4,34.0,M,8,Nürburgring,Williams
42,52,LAT,43,0,14,13,18,0,54,15.9,9.6,0.0,2.0,59.7,947.5,29.0,M,9,Nürburgring,Williams
43,52,LAT,44,0,13,13,18,0,57,15.8,9.7,0.0,2.2,59.8,947.3,32.0,M,10,Nürburgring,Williams
44,52,LAT,45,2,13,12,18,0,57,15.9,9.9,0.0,1.4,58.5,947.3,35.0,M,11,Nürburgring,Williams
45,52,LAT,46,2,12,12,18,0,57,15.6,9.7,0.0,1.9,58.5,947.3,89.0,M,12,Nürburgring,Williams
46,52,LAT,47,2,12,12,18,0,56,15.3,9.4,0.0,0.3,59.2,947.4,20.0,M,13,Nürburgring,Williams
47,52,LAT,48,2,12,12,18,0,57,15.6,9.4,0.0,0.8,59.3,947.3,0.0,M,14,Nürburgring,Williams
48,52,LAT,49,2,12,12,18,0,57,16.0,9.5,0.0,0.9,59.7,947.3,86.0,M,15,Nürburgring,Williams
49,52,LAT,50,0,12,12,18,0,57,16.5,9.5,0.0,1.3,59.3,947.3,193.0,M,16,Nürburgring,Williams
50,52,LAT,51,0,12,12,18,0,57,16.9,9.5,0.0,1.3,58.9,947.3,159.0,M,17,Nürburgring,Williams
51,52,LAT,52,0,12,12,18,0,57,16.8,9.6,0.0,1.2,58.6,947.3,223.0,M,18,Nürburgring,Williams
52,52,LAT,53,0,12,14,18,0,56,15.6,9.5,0.0,1.0,59.8,947.3,41.0,M,19,Nürburgring,Williams
53,52,LAT,54,0,14,14,18,0,56,15.6,9.4,0.0,1.8,60.2,947.2,223.0,M,20,Nürburgring,Williams
54,52,LAT,55,0,14,14,18,0,56,15.6,9.3,0.0,1.2,60.1,947.3,9.0,M,21,Nürburgring,Williams
55,52,LAT,56,0,14,14,18,0,56,15.8,9.3,0.0,0.7,61.2,947.3,31.0,M,22,Nürburgring,Williams
56,52,LAT,57,0,14,14,18,0,56,16.7,9.5,0.0,1.6,60.8,947.3,131.0,M,23,Nürburgring,Williams
57,52,LAT,58,0,14,14,18,0,55,17.5,9.9,0.0,1.9,59.5,947.2,177.0,M,24,Nürburgring,Williams
58,52,LAT,59,0,14,14,18,0,55,17.3,9.8,0.0,1.3,58.9,947.3,61.0,M,25,Nürburgring,Williams
59,52,LAT,60,0,14,14,18,0,55,17.3,9.8,0.0,1.3,58.9,947.3,61.0,M,26,Nürburgring,Williams
0,52,RAI,1,0,19,19,19,0,38,18.0,9.0,0.0,2.7,59.2,947.4,190.0,S,0,Nürburgring,Alfa Romeo Racing
1,52,RAI,2,0,19,19,19,0,29,18.2,8.9,0.0,2.5,58.6,947.4,196.0,S,1,Nürburgring,Alfa Romeo Racing
2,52,RAI,3,0,19,19,19,0,28,18.2,8.9,0.0,2.7,58.9,947.4,182.0,S,2,Nürburgring,Alfa Romeo Racing
3,52,RAI,4,0,19,19,19,0,28,19.1,9.2,0.0,2.5,58.2,947.4,180.0,S,3,Nürburgring,Alfa Romeo Racing
4,52,RAI,5,0,19,19,19,0,31,18.2,9.4,0.0,2.7,58.0,947.3,187.0,S,4,Nürburgring,Alfa Romeo Racing
5,52,RAI,6,0,19,19,19,0,30,17.4,9.3,0.0,1.9,58.9,947.4,103.0,S,5,Nürburgring,Alfa Romeo Racing
6,52,RAI,7,0,19,19,19,0,29,17.1,9.5,0.0,1.8,58.7,947.4,162.0,S,6,Nürburgring,Alfa Romeo Racing
7,52,RAI,8,0,19,18,19,0,29,17.0,9.6,0.0,1.7,58.3,947.4,347.0,S,7,Nürburgring,Alfa Romeo Racing
8,52,RAI,9,0,18,18,19,0,28,16.3,9.8,0.0,1.2,57.8,947.4,34.0,S,8,Nürburgring,Alfa Romeo Racing
9,52,RAI,10,0,18,20,19,0,28,15.9,9.5,0.0,1.5,59.5,947.3,46.0,S,9,Nürburgring,Alfa Romeo Racing
10,52,RAI,11,0,20,20,19,0,27,15.7,9.4,0.0,2.3,59.5,947.3,0.0,M,0,Nürburgring,Alfa Romeo Racing
11,52,RAI,12,0,20,20,19,0,26,15.6,9.5,0.0,1.3,59.7,947.4,79.0,M,1,Nürburgring,Alfa Romeo Racing
12,52,RAI,13,1,20,19,19,0,27,15.6,9.6,0.0,1.4,59.9,947.4,36.0,M,2,Nürburgring,Alfa Romeo Racing
13,52,RAI,14,1,19,19,19,0,28,15.7,9.7,0.0,1.1,59.6,947.4,69.0,M,3,Nürburgring,Alfa Romeo Racing
14,52,RAI,15,0,19,17,19,0,29,15.6,9.6,0.0,1.6,59.1,947.4,46.0,M,4,Nürburgring,Alfa Romeo Racing
15,52,RAI,16,2,17,17,19,0,28,15.3,9.1,1.0,1.2,61.5,947.4,177.0,M,5,Nürburgring,Alfa Romeo Racing
16,52,RAI,17,2,17,16,19,0,28,15.2,9.2,0.0,2.4,62.4,947.4,15.0,M,6,Nürburgring,Alfa Romeo Racing
17,52,RAI,18,1,16,16,19,0,28,15.4,9.4,0.0,1.4,61.7,947.5,33.0,M,7,Nürburgring,Alfa Romeo Racing
18,52,RAI,19,1,16,15,19,0,34,15.5,9.4,0.0,0.9,61.3,947.5,55.0,M,8,Nürburgring,Alfa Romeo Racing
19,52,RAI,20,1,15,15,19,0,40,15.6,9.4,0.0,2.3,61.0,947.4,34.0,M,9,Nürburgring,Alfa Romeo Racing
20,52,RAI,21,0,15,15,19,0,40,15.7,9.5,0.0,1.4,60.9,947.4,33.0,M,10,Nürburgring,Alfa Romeo Racing
21,52,RAI,22,0,15,15,19,0,40,15.9,9.6,0.0,2.3,60.8,947.4,0.0,M,11,Nürburgring,Alfa Romeo Racing
22,52,RAI,23,0,15,14,19,0,41,16.0,9.7,0.0,1.3,60.5,947.5,59.0,M,12,Nürburgring,Alfa Romeo Racing
23,52,RAI,24,0,14,13,19,0,42,16.0,9.6,0.0,2.1,60.0,947.4,301.0,M,13,Nürburgring,Alfa Romeo Racing
24,52,RAI,25,0,13,13,19,0,43,16.1,9.7,0.0,1.5,59.8,947.4,95.0,M,14,Nürburgring,Alfa Romeo Racing
25,52,RAI,26,0,13,13,19,0,43,16.0,9.8,0.0,2.2,59.3,947.4,54.0,M,15,Nürburgring,Alfa Romeo Racing
26,52,RAI,27,0,13,13,19,0,43,16.1,9.7,0.0,1.1,59.1,947.4,16.0,M,16,Nürburgring,Alfa Romeo Racing
27,52,RAI,28,0,13,13,19,0,43,16.1,9.7,0.0,1.8,58.8,947.3,98.0,M,17,Nürburgring,Alfa Romeo Racing
28,52,RAI,29,0,13,12,19,0,43,16.7,9.6,0.0,1.7,58.9,947.3,25.0,M,18,Nürburgring,Alfa Romeo Racing
29,52,RAI,30,0,12,11,19,0,43,17.2,9.7,0.0,2.2,59.3,947.3,60.0,M,19,Nürburgring,Alfa Romeo Racing
30,52,RAI,31,0,11,10,19,0,42,17.1,9.6,0.0,2.2,59.5,947.4,83.0,M,20,Nürburgring,Alfa Romeo Racing
31,52,RAI,32,0,10,10,19,0,42,16.4,9.6,0.0,1.5,59.5,947.3,73.0,M,21,Nürburgring,Alfa Romeo Racing
32,52,RAI,33,0,10,10,19,0,42,16.4,9.6,0.0,1.6,58.6,947.3,172.0,M,22,Nürburgring,Alfa Romeo Racing
33,52,RAI,34,0,10,10,19,0,42,16.6,9.6,0.0,1.5,58.1,947.4,17.0,M,23,Nürburgring,Alfa Romeo Racing
34,52,RAI,35,0,10,10,19,0,42,16.4,9.7,0.0,1.4,57.9,947.3,45.0,M,24,Nürburgring,Alfa Romeo Racing
35,52,RAI,36,0,10,8,19,0,42,16.3,9.5,0.0,1.4,57.9,947.5,52.0,M,25,Nürburgring,Alfa Romeo Racing
36,52,RAI,37,0,8,8,19,0,42,16.0,9.6,0.0,1.6,58.1,947.4,0.0,M,26,Nürburgring,Alfa Romeo Racing
37,52,RAI,38,0,8,10,19,0,42,16.0,9.5,0.0,1.0,58.8,947.3,45.0,M,27,Nürburgring,Alfa Romeo Racing
38,52,RAI,39,0,10,11,19,0,42,16.0,9.4,0.0,1.4,59.2,947.4,87.0,M,28,Nürburgring,Alfa Romeo Racing
39,52,RAI,40,0,11,11,19,0,42,16.2,9.4,0.0,1.5,59.7,947.4,24.0,M,29,Nürburgring,Alfa Romeo Racing
40,52,RAI,41,0,11,10,19,0,43,16.0,9.5,0.0,1.3,59.9,947.4,34.0,M,30,Nürburgring,Alfa Romeo Racing
41,52,RAI,42,0,10,10,19,0,44,15.9,9.9,0.0,1.4,58.5,947.3,35.0,M,31,Nürburgring,Alfa Romeo Racing
42,52,RAI,43,0,10,9,19,0,46,15.6,9.7,0.0,1.9,58.5,947.3,89.0,M,32,Nürburgring,Alfa Romeo Racing
43,52,RAI,44,0,9,9,19,0,48,15.3,9.4,0.0,0.3,59.2,947.4,20.0,M,33,Nürburgring,Alfa Romeo Racing
44,52,RAI,45,2,9,14,19,0,48,15.1,9.3,0.0,0.5,60.0,947.4,122.0,S,0,Nürburgring,Alfa Romeo Racing
45,52,RAI,46,2,14,14,19,0,47,15.6,9.4,0.0,0.8,59.3,947.3,0.0,S,1,Nürburgring,Alfa Romeo Racing
46,52,RAI,47,2,14,14,19,0,46,16.0,9.5,0.0,0.9,59.7,947.3,86.0,S,2,Nürburgring,Alfa Romeo Racing
47,52,RAI,48,2,14,14,19,0,46,16.3,9.6,0.0,1.3,59.2,947.3,188.0,S,3,Nürburgring,Alfa Romeo Racing
48,52,RAI,49,2,14,14,19,0,46,16.5,9.5,0.0,1.4,59.4,947.2,183.0,S,4,Nürburgring,Alfa Romeo Racing
49,52,RAI,50,0,14,14,19,0,46,16.9,9.5,0.0,1.3,58.9,947.3,159.0,S,5,Nürburgring,Alfa Romeo Racing
50,52,RAI,51,0,14,14,19,0,46,16.8,9.6,0.0,1.2,58.6,947.3,223.0,S,6,Nürburgring,Alfa Romeo Racing
51,52,RAI,52,0,14,14,19,0,45,16.2,9.6,0.0,1.0,58.7,947.4,199.0,S,7,Nürburgring,Alfa Romeo Racing
52,52,RAI,53,0,14,13,19,0,45,15.6,9.5,0.0,1.0,59.8,947.3,41.0,S,8,Nürburgring,Alfa Romeo Racing
53,52,RAI,54,0,13,13,19,0,45,15.6,9.2,0.0,0.7,60.7,947.3,188.0,S,9,Nürburgring,Alfa Romeo Racing
54,52,RAI,55,0,13,12,19,0,45,15.6,9.1,0.0,2.1,60.7,947.3,0.0,S,10,Nürburgring,Alfa Romeo Racing
55,52,RAI,56,0,12,12,19,0,45,15.8,9.3,0.0,0.7,61.2,947.3,31.0,S,11,Nürburgring,Alfa Romeo Racing
56,52,RAI,57,0,12,12,19,0,45,17.5,9.9,0.0,1.9,59.5,947.2,177.0,S,12,Nürburgring,Alfa Romeo Racing
57,52,RAI,58,0,12,12,19,0,45,17.3,9.8,0.0,1.3,58.9,947.3,61.0,S,13,Nürburgring,Alfa Romeo Racing
58,52,RAI,59,0,12,12,19,0,45,17.3,9.8,0.0,1.3,58.9,947.3,61.0,S,14,Nürburgring,Alfa Romeo Racing
59,52,RAI,60,0,12,12,19,0,44,17.3,9.8,0.0,1.3,58.9,947.3,61.0,S,15,Nürburgring,Alfa Romeo Racing
0,52,HUL,1,0,17,17,17,0,30,18.0,9.0,0.0,2.7,59.2,947.4,190.0,S,0,Nürburgring,Racing Point
1,52,HUL,2,0,17,17,17,0,20,19.1,9.2,0.0,2.5,58.2,947.4,180.0,S,1,Nürburgring,Racing Point
2,52,HUL,3,0,17,17,17,0,18,19.1,9.2,0.0,2.1,58.1,947.3,154.0,S,2,Nürburgring,Racing Point
3,52,HUL,4,0,17,17,17,0,17,18.6,9.4,0.0,0.8,58.0,947.4,0.0,S,3,Nürburgring,Racing Point
4,52,HUL,5,0,17,17,17,0,20,18.2,9.4,0.0,2.7,58.0,947.3,187.0,S,4,Nürburgring,Racing Point
5,52,HUL,6,0,17,17,17,0,21,17.7,9.3,0.0,2.4,58.4,947.5,80.0,S,5,Nürburgring,Racing Point
6,52,HUL,7,0,17,17,17,0,21,17.6,9.4,0.0,1.3,58.5,947.4,49.0,S,6,Nürburgring,Racing Point
7,52,HUL,8,0,17,16,17,0,21,17.0,9.6,0.0,1.7,58.3,947.4,347.0,S,7,Nürburgring,Racing Point
8,52,HUL,9,0,16,16,17,0,20,16.3,9.8,0.0,1.2,57.8,947.4,34.0,S,8,Nürburgring,Racing Point
9,52,HUL,10,0,16,16,17,0,20,16.0,9.6,0.0,2.0,58.6,947.4,148.0,S,9,Nürburgring,Racing Point
10,52,HUL,11,0,16,13,17,0,20,15.9,9.5,0.0,2.2,58.9,947.5,48.0,S,10,Nürburgring,Racing Point
11,52,HUL,12,0,13,13,17,0,20,15.7,9.4,0.0,2.3,59.5,947.3,0.0,S,11,Nürburgring,Racing Point
12,52,HUL,13,1,13,14,17,0,21,15.6,9.5,0.0,1.3,59.7,947.4,79.0,S,12,Nürburgring,Racing Point
13,52,HUL,14,1,14,13,17,0,22,15.6,9.6,0.0,1.6,59.1,947.4,46.0,S,13,Nürburgring,Racing Point
14,52,HUL,15,0,13,12,17,0,25,15.3,9.1,1.0,1.2,61.5,947.4,177.0,S,14,Nürburgring,Racing Point
15,52,HUL,16,2,12,11,17,0,25,15.4,9.4,0.0,1.4,61.7,947.5,33.0,S,15,Nürburgring,Racing Point
16,52,HUL,17,2,11,11,17,0,25,15.6,9.4,0.0,2.3,61.0,947.4,34.0,S,16,Nürburgring,Racing Point
17,52,HUL,18,1,11,10,17,0,26,15.7,9.5,0.0,1.4,60.9,947.4,33.0,S,17,Nürburgring,Racing Point
18,52,HUL,19,1,10,10,17,0,29,16.0,9.7,0.0,1.3,60.5,947.5,59.0,S,18,Nürburgring,Racing Point
19,52,HUL,20,1,10,11,17,0,34,16.0,9.6,0.0,2.4,60.2,947.3,51.0,S,19,Nürburgring,Racing Point
20,52,HUL,21,0,11,11,17,0,34,16.0,9.6,0.0,2.1,60.0,947.4,301.0,S,20,Nürburgring,Racing Point
21,52,HUL,22,0,11,11,17,0,34,16.0,9.8,0.0,2.2,59.3,947.4,54.0,S,21,Nürburgring,Racing Point
22,52,HUL,23,0,11,10,17,0,35,16.1,9.7,0.0,1.1,59.1,947.4,16.0,S,22,Nürburgring,Racing Point
23,52,HUL,24,0,10,9,17,0,36,16.7,9.6,0.0,1.7,58.9,947.3,25.0,S,23,Nürburgring,Racing Point
24,52,HUL,25,0,9,9,17,0,36,17.2,9.7,0.0,2.2,59.3,947.3,60.0,S,24,Nürburgring,Racing Point
25,52,HUL,26,0,9,9,17,0,37,17.0,9.5,0.0,1.7,59.3,947.3,61.0,S,25,Nürburgring,Racing Point
26,52,HUL,27,0,9,9,17,0,37,16.8,9.4,0.0,2.2,59.6,947.3,85.0,S,26,Nürburgring,Racing Point
27,52,HUL,28,0,9,9,17,0,37,16.6,9.4,0.0,1.1,59.7,947.4,16.0,S,27,Nürburgring,Racing Point
28,52,HUL,29,0,9,9,17,0,37,16.4,9.6,0.0,1.6,58.6,947.3,172.0,S,28,Nürburgring,Racing Point
29,52,HUL,30,0,9,14,17,0,37,16.6,9.6,0.0,1.5,58.1,947.4,17.0,M,0,Nürburgring,Racing Point
30,52,HUL,31,0,14,14,17,0,36,16.4,9.7,0.0,1.4,57.9,947.3,45.0,M,1,Nürburgring,Racing Point
31,52,HUL,32,0,14,13,17,0,36,16.4,9.6,0.0,3.1,57.7,947.2,60.0,M,2,Nürburgring,Racing Point
32,52,HUL,33,0,13,13,17,0,36,16.3,9.5,0.0,1.9,57.8,947.3,50.0,M,3,Nürburgring,Racing Point
33,52,HUL,34,0,13,12,17,0,36,16.3,9.5,0.0,1.4,57.9,947.5,52.0,M,4,Nürburgring,Racing Point
34,52,HUL,35,0,12,12,17,0,37,16.2,9.5,0.0,1.7,58.3,947.4,30.0,M,5,Nürburgring,Racing Point
35,52,HUL,36,0,12,12,17,0,37,16.1,9.4,0.0,2.1,58.3,947.4,53.0,M,6,Nürburgring,Racing Point
36,52,HUL,37,0,12,11,17,0,37,16.1,9.6,0.0,1.0,58.3,947.5,60.0,M,7,Nürburgring,Racing Point
37,52,HUL,38,0,11,11,17,0,35,16.0,9.5,0.0,1.0,58.8,947.3,45.0,M,8,Nürburgring,Racing Point
38,52,HUL,39,0,11,10,17,0,34,16.2,9.4,0.0,1.5,59.7,947.4,24.0,M,9,Nürburgring,Racing Point
39,52,HUL,40,0,10,10,17,0,33,16.0,9.5,0.0,1.3,59.9,947.4,34.0,M,10,Nürburgring,Racing Point
40,52,HUL,41,0,10,9,17,0,33,15.9,9.6,0.0,2.0,59.7,947.5,29.0,M,11,Nürburgring,Racing Point
41,52,HUL,42,0,9,9,17,0,33,15.8,9.7,0.0,2.2,59.8,947.3,32.0,M,12,Nürburgring,Racing Point
42,52,HUL,43,0,9,8,17,0,34,15.9,9.8,0.0,1.1,59.5,947.4,74.0,M,13,Nürburgring,Racing Point
43,52,HUL,44,0,8,8,17,0,36,15.9,9.9,0.0,1.4,58.5,947.3,35.0,M,14,Nürburgring,Racing Point
44,52,HUL,45,2,8,9,17,0,36,15.6,9.7,0.0,1.9,58.5,947.3,89.0,S,0,Nürburgring,Racing Point
45,52,HUL,46,2,9,9,17,0,35,15.1,9.3,0.0,0.5,60.0,947.4,122.0,S,1,Nürburgring,Racing Point
46,52,HUL,47,2,9,9,17,0,35,15.6,9.4,0.0,0.8,59.3,947.3,0.0,S,2,Nürburgring,Racing Point
47,52,HUL,48,2,9,9,17,0,35,16.0,9.5,0.0,0.9,59.7,947.3,86.0,S,3,Nürburgring,Racing Point
48,52,HUL,49,2,9,9,17,0,35,16.5,9.5,0.0,1.4,59.4,947.2,183.0,S,4,Nürburgring,Racing Point
49,52,HUL,50,0,9,8,17,0,34,16.8,9.6,0.0,1.2,58.6,947.3,223.0,S,5,Nürburgring,Racing Point
50,52,HUL,51,0,8,8,17,0,34,16.2,9.6,0.0,1.0,58.7,947.4,199.0,S,6,Nürburgring,Racing Point
51,52,HUL,52,0,8,8,17,0,34,15.6,9.5,0.0,1.0,59.8,947.3,41.0,S,7,Nürburgring,Racing Point
52,52,HUL,53,0,8,8,17,0,35,15.6,9.3,0.0,1.2,60.1,947.3,9.0,S,8,Nürburgring,Racing Point
53,52,HUL,54,0,8,8,17,0,35,15.6,9.2,0.0,0.7,60.7,947.3,188.0,S,9,Nürburgring,Racing Point
54,52,HUL,55,0,8,8,17,0,35,15.6,9.1,0.0,2.1,60.7,947.3,0.0,S,10,Nürburgring,Racing Point
55,52,HUL,56,0,8,8,17,0,35,15.8,9.3,0.0,0.7,61.2,947.3,31.0,S,11,Nürburgring,Racing Point
56,52,HUL,57,0,8,8,17,0,35,16.7,9.5,0.0,1.6,60.8,947.3,131.0,S,12,Nürburgring,Racing Point
57,52,HUL,58,0,8,8,17,0,35,17.3,9.8,0.0,1.3,58.9,947.3,61.0,S,13,Nürburgring,Racing Point
58,52,HUL,59,0,8,8,17,0,36,17.3,9.8,0.0,1.3,58.9,947.3,61.0,S,14,Nürburgring,Racing Point
59,52,HUL,60,0,8,8,17,0,36,17.3,9.8,0.0,1.3,58.9,947.3,61.0,S,15,Nürburgring,Racing Point
