,idGP,driver,lap,trackStatus,position,targetPosition,grid,out,performance,trackTemp,airTemp,raining,windSpeed,humidity,pressure,windDir,tyre,tyreLap,track,team
0,64,LEC,1,1,1,1,1,0,69,40.2,24.6,0.0,0.1,51.6,1015.1,251.0,S,3,Baku,Ferrari
1,64,LEC,2,0,1,2,1,0,76,40.4,24.4,0.0,0.3,54.5,1015.1,252.0,S,4,Baku,Ferrari
2,64,LEC,3,0,2,2,1,0,76,41.2,24.7,0.0,0.5,52.5,1014.9,220.0,S,5,Baku,Ferrari
3,64,LEC,4,1,2,2,1,0,76,41.4,24.7,0.0,0.3,53.3,1014.8,326.0,S,6,Baku,Ferrari
4,64,LEC,5,0,2,2,1,0,76,41.8,24.7,0.0,0.3,52.5,1014.8,214.0,S,7,Baku,Ferrari
5,64,LEC,6,0,2,3,1,0,75,41.8,24.8,0.0,0.3,52.5,1014.8,214.0,S,8,Baku,Ferrari
6,64,LEC,7,0,3,4,1,0,73,42.0,24.7,0.0,0.3,53.0,1014.8,85.0,S,9,Baku,Ferrari
7,64,LEC,8,0,4,4,1,0,72,40.9,24.6,0.0,0.2,53.6,1014.8,235.0,S,10,Baku,Ferrari
8,64,LEC,9,0,4,6,1,0,71,39.5,24.7,0.0,0.3,53.6,1014.9,39.0,S,11,Baku,Ferrari
9,64,LEC,10,0,6,10,1,0,70,39.5,24.6,0.0,0.3,53.6,1014.9,39.0,H,0,Baku,Ferrari
10,64,LEC,11,1,10,9,1,0,71,39.6,24.6,0.0,0.4,54.7,1014.8,297.0,H,1,Baku,Ferrari
11,64,LEC,12,1,9,7,1,0,71,39.1,24.3,0.0,0.2,55.8,1014.7,188.0,H,2,Baku,Ferrari
12,64,LEC,13,0,7,7,1,0,70,39.1,24.3,0.0,0.2,55.8,1014.7,188.0,H,3,Baku,Ferrari
13,64,LEC,14,0,7,7,1,0,69,39.5,24.4,0.0,0.3,54.4,1014.6,116.0,H,4,Baku,Ferrari
14,64,LEC,15,0,7,7,1,0,69,39.1,24.4,0.0,0.2,54.6,1014.6,76.0,H,5,Baku,Ferrari
15,64,LEC,16,0,7,7,1,0,69,38.3,24.1,0.0,0.3,55.7,1014.7,66.0,H,6,Baku,Ferrari
16,64,LEC,17,0,7,7,1,0,68,38.1,24.2,0.0,0.4,56.7,1014.6,39.0,H,7,Baku,Ferrari
17,64,LEC,18,0,7,7,1,0,68,38.0,24.3,0.0,0.4,56.4,1014.4,324.0,H,8,Baku,Ferrari
18,64,LEC,19,0,7,6,1,0,68,38.4,24.6,0.0,0.2,55.6,1014.5,267.0,H,9,Baku,Ferrari
19,64,LEC,20,0,6,6,1,0,68,38.0,24.2,0.0,0.2,57.1,1014.4,231.0,H,10,Baku,Ferrari
20,64,LEC,21,0,6,6,1,0,68,37.3,24.1,0.0,0.3,56.7,1014.5,297.0,H,11,Baku,Ferrari
21,64,LEC,22,0,6,6,1,0,68,37.3,24.1,0.0,0.2,57.0,1014.6,244.0,H,12,Baku,Ferrari
22,64,LEC,23,0,6,6,1,0,68,36.9,24.0,0.0,0.2,58.2,1014.5,282.0,H,13,Baku,Ferrari
23,64,LEC,24,1,6,6,1,0,68,37.1,24.0,0.0,0.3,58.2,1014.6,263.0,H,14,Baku,Ferrari
24,64,LEC,25,1,6,6,1,0,68,36.9,24.0,0.0,0.1,58.4,1014.5,345.0,H,15,Baku,Ferrari
25,64,LEC,26,0,6,6,1,0,68,37.1,24.0,0.0,0.1,58.2,1014.6,121.0,H,16,Baku,Ferrari
26,64,LEC,27,0,6,6,1,0,68,37.2,24.1,0.0,0.1,57.6,1014.5,230.0,H,17,Baku,Ferrari
27,64,LEC,28,0,6,6,1,0,67,37.9,24.1,0.0,0.5,56.5,1014.5,354.0,H,18,Baku,Ferrari
28,64,LEC,29,0,6,6,1,0,67,37.5,24.1,0.0,0.6,58.0,1014.5,281.0,H,19,Baku,Ferrari
29,64,LEC,30,0,6,5,1,0,67,37.3,24.1,0.0,0.1,57.6,1014.5,168.0,H,20,Baku,Ferrari
30,64,LEC,31,2,5,5,1,0,66,37.6,24.3,0.0,0.1,56.8,1014.5,0.0,H,21,Baku,Ferrari
31,64,LEC,32,2,5,5,1,0,67,37.1,24.0,0.0,0.3,57.8,1014.4,230.0,H,22,Baku,Ferrari
32,64,LEC,33,2,5,5,1,0,65,35.7,23.7,0.0,0.3,59.6,1014.7,319.0,H,23,Baku,Ferrari
33,64,LEC,34,2,5,5,1,0,61,35.4,23.5,0.0,0.3,60.5,1014.5,257.0,H,24,Baku,Ferrari
34,64,LEC,35,2,5,5,1,0,58,35.4,23.5,0.0,0.3,60.5,1014.5,257.0,H,25,Baku,Ferrari
35,64,LEC,36,0,5,6,1,0,56,35.4,23.5,0.0,0.3,61.0,1014.4,241.0,H,26,Baku,Ferrari
36,64,LEC,37,0,6,6,1,0,56,35.3,23.4,0.0,0.2,60.9,1014.4,10.0,H,27,Baku,Ferrari
37,64,LEC,38,0,6,6,1,0,56,35.3,23.4,0.0,0.2,60.9,1014.4,10.0,H,28,Baku,Ferrari
38,64,LEC,39,0,6,6,1,0,56,35.3,23.3,0.0,0.2,61.0,1014.3,265.0,H,29,Baku,Ferrari
39,64,LEC,40,0,6,6,1,0,57,35.2,23.2,0.0,0.2,60.4,1014.4,142.0,H,30,Baku,Ferrari
40,64,LEC,41,0,6,6,1,0,57,35.2,23.3,0.0,0.2,60.4,1014.4,142.0,H,31,Baku,Ferrari
41,64,LEC,42,0,6,6,1,0,58,34.8,23.2,0.0,0.3,59.4,1014.3,255.0,H,32,Baku,Ferrari
42,64,LEC,43,0,6,6,1,0,58,34.4,23.1,0.0,0.3,60.1,1014.1,241.0,H,33,Baku,Ferrari
43,64,LEC,44,0,6,6,1,0,59,34.4,23.1,0.0,0.2,60.1,1014.3,35.0,H,34,Baku,Ferrari
44,64,LEC,45,0,6,6,1,0,59,34.4,22.9,0.0,0.3,60.3,1014.1,271.0,H,35,Baku,Ferrari
45,64,LEC,46,0,6,5,1,0,60,34.4,23.1,0.0,0.1,58.5,1014.4,165.0,H,36,Baku,Ferrari
46,64,LEC,47,2,5,5,1,0,60,34.5,23.2,0.0,0.3,58.0,1014.4,71.0,H,37,Baku,Ferrari
47,64,LEC,48,2,5,5,1,0,58,33.9,23.1,0.0,0.4,59.3,1014.4,46.0,H,38,Baku,Ferrari
48,64,LEC,49,2,5,5,1,0,50,33.4,22.9,0.0,0.2,61.6,1014.4,54.0,S,2,Baku,Ferrari
49,64,LEC,50,1,5,3,1,0,47,33.4,22.9,0.0,0.2,61.6,1014.4,54.0,S,3,Baku,Ferrari
50,64,LEC,51,1,3,4,1,0,47,32.8,23.0,0.0,0.5,60.6,1014.2,88.0,S,4,Baku,Ferrari
0,64,HAM,1,1,2,2,2,0,54,40.0,24.5,0.0,0.3,52.3,1015.1,221.0,S,4,Baku,Mercedes
1,64,HAM,2,0,2,1,2,0,55,40.5,24.6,0.0,0.1,51.4,1015.1,272.0,S,5,Baku,Mercedes
2,64,HAM,3,0,1,1,2,0,55,40.4,24.6,0.0,0.8,53.2,1015.0,261.0,S,6,Baku,Mercedes
3,64,HAM,4,1,1,1,2,0,56,40.6,24.4,0.0,0.5,53.6,1015.1,269.0,S,7,Baku,Mercedes
4,64,HAM,5,0,1,1,2,0,58,40.9,24.8,0.0,0.4,54.6,1015.0,237.0,S,8,Baku,Mercedes
5,64,HAM,6,0,1,1,2,0,58,41.0,24.8,0.0,0.5,53.5,1014.9,278.0,S,9,Baku,Mercedes
6,64,HAM,7,0,1,1,2,0,58,41.2,24.8,0.0,0.4,53.7,1015.0,257.0,S,10,Baku,Mercedes
7,64,HAM,8,0,1,1,2,0,58,41.4,24.7,0.0,0.3,53.3,1014.8,326.0,S,11,Baku,Mercedes
8,64,HAM,9,0,1,1,2,0,58,41.4,24.8,0.0,0.3,53.3,1014.8,326.0,S,12,Baku,Mercedes
9,64,HAM,10,0,1,1,2,0,58,42.2,24.8,0.0,0.3,51.8,1014.9,348.0,S,13,Baku,Mercedes
10,64,HAM,11,1,1,3,2,0,59,42.0,24.7,0.0,0.3,53.0,1014.8,85.0,S,14,Baku,Mercedes
11,64,HAM,12,1,3,4,2,0,58,39.5,24.6,0.0,0.3,53.6,1014.9,39.0,H,0,Baku,Mercedes
12,64,HAM,13,0,4,4,2,0,58,39.6,24.6,0.0,0.4,54.7,1014.8,297.0,H,1,Baku,Mercedes
13,64,HAM,14,0,4,4,2,0,58,39.2,24.3,0.0,0.6,55.4,1014.8,74.0,H,2,Baku,Mercedes
14,64,HAM,15,0,4,4,2,0,57,39.2,24.3,0.0,0.6,55.4,1014.8,74.0,H,3,Baku,Mercedes
15,64,HAM,16,0,4,4,2,0,56,39.1,24.3,0.0,0.2,55.8,1014.7,188.0,H,4,Baku,Mercedes
16,64,HAM,17,0,4,4,2,0,55,39.5,24.4,0.0,0.3,54.4,1014.6,116.0,H,5,Baku,Mercedes
17,64,HAM,18,0,4,4,2,0,55,37.9,24.3,0.0,0.4,55.3,1014.4,116.0,H,6,Baku,Mercedes
18,64,HAM,19,0,4,3,2,0,55,38.3,24.1,0.0,0.3,55.7,1014.7,66.0,H,7,Baku,Mercedes
19,64,HAM,20,0,3,3,2,0,55,38.2,24.3,0.0,0.3,55.3,1014.7,23.0,H,8,Baku,Mercedes
20,64,HAM,21,0,3,3,2,0,55,38.1,24.3,0.0,0.5,56.3,1014.5,51.0,H,9,Baku,Mercedes
21,64,HAM,22,0,3,3,2,0,55,38.0,24.3,0.0,0.3,56.6,1014.6,9.0,H,10,Baku,Mercedes
22,64,HAM,23,0,3,3,2,0,55,38.7,24.5,0.0,0.2,55.7,1014.4,237.0,H,11,Baku,Mercedes
23,64,HAM,24,1,3,3,2,0,54,38.9,24.4,0.0,0.1,55.2,1014.4,227.0,H,12,Baku,Mercedes
24,64,HAM,25,1,3,3,2,0,54,37.3,24.1,0.0,0.3,56.7,1014.5,297.0,H,13,Baku,Mercedes
25,64,HAM,26,0,3,3,2,0,54,37.3,24.1,0.0,0.3,56.7,1014.5,297.0,H,14,Baku,Mercedes
26,64,HAM,27,0,3,3,2,0,53,36.9,24.0,0.0,0.2,58.2,1014.5,282.0,H,15,Baku,Mercedes
27,64,HAM,28,0,3,3,2,0,53,36.9,24.0,0.0,0.2,58.2,1014.5,282.0,H,16,Baku,Mercedes
28,64,HAM,29,0,3,3,2,0,53,37.1,24.0,0.0,0.3,58.2,1014.6,263.0,H,17,Baku,Mercedes
29,64,HAM,30,0,3,3,2,0,53,36.9,24.0,0.0,0.3,58.5,1014.5,225.0,H,18,Baku,Mercedes
30,64,HAM,31,2,3,3,2,0,53,37.2,24.1,0.0,0.1,57.6,1014.5,230.0,H,19,Baku,Mercedes
31,64,HAM,32,2,3,3,2,0,50,37.6,24.3,0.0,0.1,56.8,1014.5,0.0,H,20,Baku,Mercedes
32,64,HAM,33,2,3,3,2,0,46,37.1,24.2,0.0,0.1,57.3,1014.5,0.0,H,21,Baku,Mercedes
33,64,HAM,34,2,3,3,2,0,41,36.8,24.0,0.0,0.6,58.1,1014.5,260.0,H,22,Baku,Mercedes
34,64,HAM,35,2,3,3,2,0,36,35.9,23.8,0.0,0.1,59.0,1014.5,262.0,H,23,Baku,Mercedes
35,64,HAM,36,0,3,3,2,0,34,35.7,23.7,0.0,0.3,59.7,1014.5,93.0,H,24,Baku,Mercedes
36,64,HAM,37,0,3,3,2,0,34,35.4,23.7,0.0,0.3,60.3,1014.5,281.0,H,25,Baku,Mercedes
37,64,HAM,38,0,3,3,2,0,35,35.4,23.5,0.0,0.3,60.5,1014.5,257.0,H,26,Baku,Mercedes
38,64,HAM,39,0,3,3,2,0,35,35.3,23.4,0.0,0.2,60.9,1014.4,10.0,H,27,Baku,Mercedes
39,64,HAM,40,0,3,3,2,0,36,35.3,23.3,0.0,0.2,61.0,1014.3,265.0,H,28,Baku,Mercedes
40,64,HAM,41,0,3,3,2,0,36,34.7,23.2,0.0,0.1,61.2,1014.5,227.0,H,29,Baku,Mercedes
41,64,HAM,42,0,3,3,2,0,37,34.4,23.1,0.0,0.3,60.1,1014.1,241.0,H,30,Baku,Mercedes
42,64,HAM,43,0,3,3,2,0,37,34.4,23.1,0.0,0.2,60.1,1014.3,35.0,H,31,Baku,Mercedes
43,64,HAM,44,0,3,3,2,0,38,34.4,22.9,0.0,0.3,60.3,1014.1,271.0,H,32,Baku,Mercedes
44,64,HAM,45,0,3,3,2,0,38,33.8,23.0,0.0,0.3,60.5,1014.3,286.0,H,33,Baku,Mercedes
45,64,HAM,46,0,3,2,2,0,39,34.4,23.0,0.0,0.1,58.5,1014.4,165.0,H,34,Baku,Mercedes
46,64,HAM,47,2,2,2,2,0,39,33.9,23.1,0.0,0.4,59.3,1014.4,46.0,H,35,Baku,Mercedes
47,64,HAM,48,2,2,2,2,0,36,33.5,23.0,0.0,0.4,60.4,1014.4,171.0,H,36,Baku,Mercedes
48,64,HAM,49,2,2,2,2,0,35,33.5,23.0,0.0,0.4,60.4,1014.4,171.0,S,4,Baku,Mercedes
49,64,HAM,50,1,2,16,2,0,33,33.4,22.9,0.0,0.2,61.6,1014.4,54.0,S,5,Baku,Mercedes
50,64,HAM,51,1,16,16,2,0,32,32.8,23.0,0.0,0.5,60.6,1014.2,88.0,S,6,Baku,Mercedes
0,64,VER,1,1,3,3,3,0,48,40.5,24.6,0.0,0.1,51.4,1015.1,272.0,S,1,Baku,Red Bull Racing
1,64,VER,2,0,3,3,3,0,54,40.8,24.4,0.0,0.3,54.4,1015.0,6.0,S,2,Baku,Red Bull Racing
2,64,VER,3,0,3,3,3,0,53,41.2,24.8,0.0,0.4,53.7,1015.0,257.0,S,3,Baku,Red Bull Racing
3,64,VER,4,1,3,3,3,0,54,41.4,24.8,0.0,0.3,53.8,1014.9,245.0,S,4,Baku,Red Bull Racing
4,64,VER,5,0,3,3,3,0,53,41.2,24.9,0.0,0.5,52.5,1014.9,220.0,S,5,Baku,Red Bull Racing
5,64,VER,6,0,3,2,3,0,52,41.4,24.7,0.0,0.3,53.3,1014.8,326.0,S,6,Baku,Red Bull Racing
6,64,VER,7,0,2,2,3,0,51,40.9,24.7,0.0,0.2,53.6,1014.8,235.0,S,7,Baku,Red Bull Racing
7,64,VER,8,0,2,2,3,0,52,39.9,24.7,0.0,0.3,53.4,1014.9,0.0,S,8,Baku,Red Bull Racing
8,64,VER,9,0,2,2,3,0,52,39.5,24.7,0.0,0.3,53.6,1014.9,39.0,S,9,Baku,Red Bull Racing
9,64,VER,10,0,2,2,3,0,53,39.5,24.4,0.0,0.3,54.4,1014.6,116.0,S,10,Baku,Red Bull Racing
10,64,VER,11,1,2,1,3,0,53,39.1,24.4,0.0,0.2,54.6,1014.6,76.0,S,11,Baku,Red Bull Racing
11,64,VER,12,1,1,2,3,0,55,38.3,24.1,0.0,0.3,55.7,1014.7,66.0,S,12,Baku,Red Bull Racing
12,64,VER,13,0,2,3,3,0,54,38.2,24.3,0.0,0.3,55.3,1014.7,23.0,H,0,Baku,Red Bull Racing
13,64,VER,14,0,3,2,3,0,54,38.4,24.2,0.0,0.3,55.8,1014.5,112.0,H,1,Baku,Red Bull Racing
14,64,VER,15,0,2,2,3,0,54,38.1,24.3,0.0,0.5,56.3,1014.5,51.0,H,2,Baku,Red Bull Racing
15,64,VER,16,0,2,2,3,0,55,38.0,24.3,0.0,0.3,56.6,1014.6,9.0,H,3,Baku,Red Bull Racing
16,64,VER,17,0,2,2,3,0,54,38.0,24.3,0.0,0.4,56.4,1014.4,324.0,H,4,Baku,Red Bull Racing
17,64,VER,18,0,2,1,3,0,54,38.4,24.6,0.0,0.2,55.6,1014.5,267.0,H,5,Baku,Red Bull Racing
18,64,VER,19,0,1,1,3,0,54,38.4,24.6,0.0,0.2,55.6,1014.5,267.0,H,6,Baku,Red Bull Racing
19,64,VER,20,0,1,1,3,0,54,38.0,24.2,0.0,0.2,57.1,1014.4,231.0,H,7,Baku,Red Bull Racing
20,64,VER,21,0,1,1,3,0,54,37.4,24.0,0.0,0.3,58.6,1014.6,266.0,H,8,Baku,Red Bull Racing
21,64,VER,22,0,1,1,3,0,54,36.9,24.0,0.0,0.3,58.5,1014.5,225.0,H,9,Baku,Red Bull Racing
22,64,VER,23,0,1,1,3,0,54,37.1,24.0,0.0,0.1,58.2,1014.6,121.0,H,10,Baku,Red Bull Racing
23,64,VER,24,1,1,1,3,0,54,37.5,24.1,0.0,0.6,58.0,1014.5,281.0,H,11,Baku,Red Bull Racing
24,64,VER,25,1,1,1,3,0,54,37.1,24.0,0.0,0.3,57.8,1014.4,230.0,H,12,Baku,Red Bull Racing
25,64,VER,26,0,1,1,3,0,53,35.9,23.9,0.0,0.1,59.0,1014.5,262.0,H,13,Baku,Red Bull Racing
26,64,VER,27,0,1,1,3,0,53,35.9,23.8,0.0,0.1,59.0,1014.5,262.0,H,14,Baku,Red Bull Racing
27,64,VER,28,0,1,1,3,0,53,35.7,23.7,0.0,0.3,59.6,1014.7,319.0,H,15,Baku,Red Bull Racing
28,64,VER,29,0,1,1,3,0,53,35.7,23.7,0.0,0.3,59.7,1014.5,93.0,H,16,Baku,Red Bull Racing
29,64,VER,30,0,1,1,3,0,52,35.4,23.5,0.0,0.3,60.5,1014.5,257.0,H,17,Baku,Red Bull Racing
30,64,VER,31,2,1,1,3,0,52,35.3,23.4,0.0,0.2,60.9,1014.4,10.0,H,18,Baku,Red Bull Racing
31,64,VER,32,2,1,1,3,0,50,35.3,23.3,0.0,0.2,61.0,1014.3,265.0,H,19,Baku,Red Bull Racing
32,64,VER,33,2,1,1,3,0,47,35.3,23.2,0.0,0.6,61.5,1014.4,11.0,H,20,Baku,Red Bull Racing
33,64,VER,34,2,1,1,3,0,44,34.7,23.2,0.0,0.1,61.2,1014.5,227.0,H,21,Baku,Red Bull Racing
34,64,VER,35,2,1,1,3,0,41,35.2,23.3,0.0,0.2,60.4,1014.4,142.0,H,22,Baku,Red Bull Racing
35,64,VER,36,0,1,1,3,0,41,35.6,23.3,0.0,0.2,59.5,1014.3,145.0,H,23,Baku,Red Bull Racing
36,64,VER,37,0,1,1,3,0,41,34.4,23.1,0.0,0.3,60.1,1014.1,241.0,H,24,Baku,Red Bull Racing
37,64,VER,38,0,1,1,3,0,42,33.8,23.0,0.0,0.3,60.5,1014.3,286.0,H,25,Baku,Red Bull Racing
38,64,VER,39,0,1,1,3,0,42,33.8,23.0,0.0,0.3,60.5,1014.3,286.0,H,26,Baku,Red Bull Racing
39,64,VER,40,0,1,1,3,0,42,34.4,23.0,0.0,0.1,58.5,1014.4,165.0,H,27,Baku,Red Bull Racing
40,64,VER,41,0,1,1,3,0,42,34.5,23.2,0.0,0.3,58.0,1014.4,71.0,H,28,Baku,Red Bull Racing
41,64,VER,42,0,1,1,3,0,43,33.9,23.1,0.0,0.4,59.3,1014.4,46.0,H,29,Baku,Red Bull Racing
42,64,VER,43,0,1,1,3,0,43,33.9,23.1,0.0,0.4,59.3,1014.4,46.0,H,30,Baku,Red Bull Racing
43,64,VER,44,0,1,1,3,0,43,33.2,22.9,0.0,0.2,61.4,1014.1,227.0,H,31,Baku,Red Bull Racing
44,64,VER,45,0,1,1,3,0,44,32.8,23.0,0.0,0.5,60.6,1014.2,88.0,H,32,Baku,Red Bull Racing
0,64,GAS,1,1,5,5,5,0,45,40.2,24.6,0.0,0.1,51.6,1015.1,251.0,S,5,Baku,AlphaTauri
1,64,GAS,2,0,5,5,5,0,46,40.4,24.6,0.0,0.8,53.2,1015.0,261.0,S,6,Baku,AlphaTauri
2,64,GAS,3,0,5,5,5,0,46,40.8,24.4,0.0,0.3,54.4,1015.0,6.0,S,7,Baku,AlphaTauri
3,64,GAS,4,1,5,5,5,0,47,40.9,24.8,0.0,0.4,54.6,1015.0,237.0,S,8,Baku,AlphaTauri
4,64,GAS,5,0,5,5,5,0,46,41.2,24.8,0.0,0.4,53.7,1015.0,257.0,S,9,Baku,AlphaTauri
5,64,GAS,6,0,5,5,5,0,46,41.2,24.9,0.0,0.5,52.5,1014.9,220.0,S,10,Baku,AlphaTauri
6,64,GAS,7,0,5,5,5,0,45,40.9,24.6,0.0,0.2,55.3,1014.9,252.0,S,11,Baku,AlphaTauri
7,64,GAS,8,0,5,5,5,0,46,40.9,24.6,0.0,0.2,55.3,1014.9,252.0,S,12,Baku,AlphaTauri
8,64,GAS,9,0,5,4,5,0,46,41.4,24.8,0.0,0.3,53.3,1014.8,326.0,S,13,Baku,AlphaTauri
9,64,GAS,10,0,4,4,5,0,47,41.8,24.7,0.0,0.3,52.5,1014.8,214.0,S,14,Baku,AlphaTauri
10,64,GAS,11,1,4,4,5,0,47,41.8,24.8,0.0,0.3,52.5,1014.8,214.0,S,15,Baku,AlphaTauri
11,64,GAS,12,1,4,6,5,0,47,42.2,24.8,0.0,0.3,51.8,1014.9,348.0,H,0,Baku,AlphaTauri
12,64,GAS,13,0,6,6,5,0,46,42.0,24.7,0.0,0.3,53.0,1014.8,85.0,H,1,Baku,AlphaTauri
13,64,GAS,14,0,6,6,5,0,46,40.9,24.7,0.0,0.2,53.6,1014.8,235.0,H,2,Baku,AlphaTauri
14,64,GAS,15,0,6,6,5,0,46,40.9,24.6,0.0,0.2,53.6,1014.8,235.0,H,3,Baku,AlphaTauri
15,64,GAS,16,0,6,6,5,0,46,39.9,24.7,0.0,0.3,53.4,1014.9,0.0,H,4,Baku,AlphaTauri
16,64,GAS,17,0,6,6,5,0,45,39.9,24.6,0.0,0.3,53.4,1014.9,0.0,H,5,Baku,AlphaTauri
17,64,GAS,18,0,6,6,5,0,45,39.1,24.3,0.0,0.2,55.8,1014.7,188.0,H,6,Baku,AlphaTauri
18,64,GAS,19,0,6,5,5,0,45,39.1,24.3,0.0,0.2,55.8,1014.7,188.0,H,7,Baku,AlphaTauri
19,64,GAS,20,0,5,5,5,0,45,38.3,24.1,0.0,0.3,55.7,1014.7,66.0,H,8,Baku,AlphaTauri
20,64,GAS,21,0,5,5,5,0,46,38.2,24.2,0.0,0.3,55.3,1014.7,23.0,H,9,Baku,AlphaTauri
21,64,GAS,22,0,5,5,5,0,46,38.0,24.4,0.0,0.4,56.4,1014.4,324.0,H,10,Baku,AlphaTauri
22,64,GAS,23,0,5,5,5,0,46,38.4,24.6,0.0,0.2,55.6,1014.5,267.0,H,11,Baku,AlphaTauri
23,64,GAS,24,1,5,5,5,0,46,38.4,24.6,0.0,0.2,55.6,1014.5,267.0,H,12,Baku,AlphaTauri
24,64,GAS,25,1,5,5,5,0,46,38.5,24.5,0.0,0.4,55.6,1014.4,84.0,H,13,Baku,AlphaTauri
25,64,GAS,26,0,5,5,5,0,46,38.9,24.4,0.0,0.1,55.2,1014.4,227.0,H,14,Baku,AlphaTauri
26,64,GAS,27,0,5,5,5,0,46,38.0,24.2,0.0,0.2,57.1,1014.4,231.0,H,15,Baku,AlphaTauri
27,64,GAS,28,0,5,5,5,0,46,37.3,24.1,0.0,0.3,56.7,1014.5,297.0,H,16,Baku,AlphaTauri
28,64,GAS,29,0,5,5,5,0,46,37.3,24.1,0.0,0.3,56.7,1014.5,297.0,H,17,Baku,AlphaTauri
29,64,GAS,30,0,5,4,5,0,46,37.3,24.1,0.0,0.2,57.0,1014.6,244.0,H,18,Baku,AlphaTauri
30,64,GAS,31,2,4,4,5,0,47,36.9,24.0,0.0,0.2,58.2,1014.5,282.0,H,19,Baku,AlphaTauri
31,64,GAS,32,2,4,4,5,0,47,36.4,23.9,0.0,0.3,58.8,1014.6,0.0,H,20,Baku,AlphaTauri
32,64,GAS,33,2,4,4,5,0,46,36.4,23.9,0.0,0.3,58.8,1014.6,0.0,H,21,Baku,AlphaTauri
33,64,GAS,34,2,4,4,5,0,44,37.4,24.0,0.0,0.3,58.6,1014.6,266.0,H,22,Baku,AlphaTauri
34,64,GAS,35,2,4,4,5,0,41,37.1,24.0,0.0,0.3,58.2,1014.6,263.0,H,23,Baku,AlphaTauri
35,64,GAS,36,0,4,5,5,0,40,36.9,24.0,0.0,0.3,58.5,1014.5,225.0,H,24,Baku,AlphaTauri
36,64,GAS,37,0,5,5,5,0,40,36.9,24.0,0.0,0.3,58.5,1014.5,225.0,H,25,Baku,AlphaTauri
37,64,GAS,38,0,5,5,5,0,40,36.9,24.0,0.0,0.1,58.4,1014.5,345.0,H,26,Baku,AlphaTauri
38,64,GAS,39,0,5,5,5,0,41,37.6,24.3,0.0,0.1,56.8,1014.5,0.0,H,27,Baku,AlphaTauri
39,64,GAS,40,0,5,5,5,0,41,37.1,24.0,0.0,0.3,57.8,1014.4,230.0,H,28,Baku,AlphaTauri
40,64,GAS,41,0,5,5,5,0,41,36.8,24.0,0.0,0.6,58.1,1014.5,260.0,H,29,Baku,AlphaTauri
41,64,GAS,42,0,5,5,5,0,42,35.4,23.7,0.0,0.3,60.3,1014.5,281.0,H,30,Baku,AlphaTauri
42,64,GAS,43,0,5,5,5,0,42,35.4,23.5,0.0,0.3,61.0,1014.4,241.0,H,31,Baku,AlphaTauri
43,64,GAS,44,0,5,5,5,0,42,35.2,23.2,0.0,0.2,60.4,1014.4,142.0,H,32,Baku,AlphaTauri
44,64,GAS,45,0,5,5,5,0,43,34.8,23.2,0.0,0.3,59.4,1014.3,255.0,H,33,Baku,AlphaTauri
45,64,GAS,46,0,5,4,5,0,43,34.8,23.2,0.0,0.3,59.4,1014.3,255.0,H,34,Baku,AlphaTauri
46,64,GAS,47,2,4,4,5,0,43,34.4,23.1,0.0,0.3,60.1,1014.1,241.0,H,35,Baku,AlphaTauri
47,64,GAS,48,2,4,4,5,0,42,34.4,22.9,0.0,0.3,60.3,1014.1,271.0,H,36,Baku,AlphaTauri
48,64,GAS,49,2,4,4,5,0,36,34.4,23.1,0.0,0.1,58.5,1014.4,165.0,S,2,Baku,AlphaTauri
49,64,GAS,50,1,4,4,5,0,34,33.9,23.1,0.0,0.4,59.3,1014.4,46.0,S,3,Baku,AlphaTauri
50,64,GAS,51,1,4,3,5,0,34,33.2,22.9,0.0,0.2,61.4,1014.1,227.0,S,4,Baku,AlphaTauri
0,64,SAI,1,1,6,6,6,0,56,41.0,24.7,0.0,0.4,53.9,1015.0,225.0,S,3,Baku,Ferrari
1,64,SAI,2,0,6,6,6,0,55,41.4,24.8,0.0,0.3,53.8,1014.9,245.0,S,4,Baku,Ferrari
2,64,SAI,3,0,6,6,6,0,55,40.9,24.6,0.0,0.2,55.3,1014.9,252.0,S,5,Baku,Ferrari
3,64,SAI,4,1,6,6,6,0,55,40.9,24.6,0.0,0.2,55.3,1014.9,252.0,S,6,Baku,Ferrari
4,64,SAI,5,0,6,6,6,0,55,41.8,24.7,0.0,0.3,52.5,1014.8,214.0,S,7,Baku,Ferrari
5,64,SAI,6,0,6,6,6,0,55,40.9,24.7,0.0,0.2,53.6,1014.8,235.0,S,8,Baku,Ferrari
6,64,SAI,7,0,6,6,6,0,55,40.9,24.6,0.0,0.2,53.6,1014.8,235.0,S,9,Baku,Ferrari
7,64,SAI,8,0,6,6,6,0,56,39.9,24.7,0.0,0.3,53.4,1014.9,0.0,S,10,Baku,Ferrari
8,64,SAI,9,0,6,5,6,0,57,39.5,24.6,0.0,0.3,53.6,1014.9,39.0,S,11,Baku,Ferrari
9,64,SAI,10,0,5,5,6,0,58,39.6,24.6,0.0,0.4,54.7,1014.8,297.0,S,12,Baku,Ferrari
10,64,SAI,11,1,5,15,6,0,55,39.6,24.6,0.0,0.4,54.7,1014.8,297.0,H,0,Baku,Ferrari
11,64,SAI,12,1,15,15,6,0,54,39.2,24.3,0.0,0.6,55.4,1014.8,74.0,H,1,Baku,Ferrari
12,64,SAI,13,0,15,15,6,0,54,39.1,24.3,0.0,0.2,55.8,1014.7,188.0,H,2,Baku,Ferrari
13,64,SAI,14,0,15,14,6,0,55,39.1,24.3,0.0,0.2,55.8,1014.7,188.0,H,3,Baku,Ferrari
14,64,SAI,15,0,14,14,6,0,55,39.5,24.4,0.0,0.3,54.4,1014.6,116.0,H,4,Baku,Ferrari
15,64,SAI,16,0,14,14,6,0,55,38.3,24.1,0.0,0.3,55.7,1014.7,66.0,H,5,Baku,Ferrari
16,64,SAI,17,0,14,14,6,0,55,38.3,24.1,0.0,0.3,55.7,1014.7,66.0,H,6,Baku,Ferrari
17,64,SAI,18,0,14,14,6,0,54,38.2,24.2,0.0,0.3,55.3,1014.7,23.0,H,7,Baku,Ferrari
18,64,SAI,19,0,14,14,6,0,54,38.2,24.3,0.0,0.3,55.3,1014.7,23.0,H,8,Baku,Ferrari
19,64,SAI,20,0,14,14,6,0,54,38.1,24.3,0.0,0.5,56.3,1014.5,51.0,H,9,Baku,Ferrari
20,64,SAI,21,0,14,14,6,0,54,38.0,24.4,0.0,0.4,56.4,1014.4,324.0,H,10,Baku,Ferrari
21,64,SAI,22,0,14,14,6,0,54,38.5,24.5,0.0,0.4,55.6,1014.4,84.0,H,11,Baku,Ferrari
22,64,SAI,23,0,14,13,6,0,54,38.9,24.4,0.0,0.1,55.2,1014.4,227.0,H,12,Baku,Ferrari
23,64,SAI,24,1,13,13,6,0,54,38.6,24.4,0.0,0.3,56.2,1014.4,13.0,H,13,Baku,Ferrari
24,64,SAI,25,1,13,13,6,0,55,38.2,24.4,0.0,0.2,56.6,1014.5,36.0,H,14,Baku,Ferrari
25,64,SAI,26,0,13,12,6,0,54,38.2,24.3,0.0,0.2,56.6,1014.5,36.0,H,15,Baku,Ferrari
26,64,SAI,27,0,12,12,6,0,54,38.0,24.2,0.0,0.2,57.1,1014.4,231.0,H,16,Baku,Ferrari
27,64,SAI,28,0,12,12,6,0,54,36.4,23.9,0.0,0.3,58.8,1014.6,0.0,H,17,Baku,Ferrari
28,64,SAI,29,0,12,12,6,0,55,37.1,24.0,0.0,0.3,58.2,1014.6,263.0,H,18,Baku,Ferrari
29,64,SAI,30,0,12,11,6,0,55,36.9,24.0,0.0,0.3,58.5,1014.5,225.0,H,19,Baku,Ferrari
30,64,SAI,31,2,11,11,6,0,54,36.9,24.0,0.0,0.3,58.5,1014.5,225.0,H,20,Baku,Ferrari
31,64,SAI,32,2,11,11,6,0,55,36.9,24.0,0.0,0.1,58.4,1014.5,345.0,H,21,Baku,Ferrari
32,64,SAI,33,2,11,11,6,0,55,37.2,24.1,0.0,0.1,57.6,1014.5,230.0,H,22,Baku,Ferrari
33,64,SAI,34,2,11,11,6,0,53,37.9,24.1,0.0,0.5,56.5,1014.5,354.0,H,23,Baku,Ferrari
34,64,SAI,35,2,11,11,6,0,51,37.1,24.2,0.0,0.1,57.3,1014.5,0.0,H,24,Baku,Ferrari
35,64,SAI,36,0,11,9,6,0,49,35.4,23.7,0.0,0.3,60.3,1014.5,281.0,H,25,Baku,Ferrari
36,64,SAI,37,0,9,9,6,0,49,35.4,23.5,0.0,0.3,60.5,1014.5,257.0,H,26,Baku,Ferrari
37,64,SAI,38,0,9,9,6,0,49,35.4,23.5,0.0,0.3,60.5,1014.5,257.0,H,27,Baku,Ferrari
38,64,SAI,39,0,9,9,6,0,50,35.4,23.5,0.0,0.3,61.0,1014.4,241.0,H,28,Baku,Ferrari
39,64,SAI,40,0,9,9,6,0,50,35.3,23.4,0.0,0.2,60.9,1014.4,10.0,H,29,Baku,Ferrari
40,64,SAI,41,0,9,9,6,0,50,35.3,23.3,0.0,0.2,61.0,1014.3,265.0,H,30,Baku,Ferrari
41,64,SAI,42,0,9,9,6,0,50,35.2,23.2,0.0,0.2,60.4,1014.4,142.0,H,31,Baku,Ferrari
42,64,SAI,43,0,9,9,6,0,50,35.6,23.2,0.0,0.2,59.5,1014.3,145.0,H,32,Baku,Ferrari
43,64,SAI,44,0,9,9,6,0,50,34.8,23.2,0.0,0.3,59.4,1014.3,255.0,H,33,Baku,Ferrari
44,64,SAI,45,0,9,9,6,0,51,34.8,23.2,0.0,0.3,59.4,1014.3,255.0,H,34,Baku,Ferrari
45,64,SAI,46,0,9,8,6,0,51,34.4,23.1,0.0,0.2,60.1,1014.3,35.0,H,35,Baku,Ferrari
46,64,SAI,47,2,8,8,6,0,51,33.8,23.0,0.0,0.3,60.5,1014.3,286.0,H,36,Baku,Ferrari
47,64,SAI,48,2,8,8,6,0,49,33.8,23.0,0.0,0.3,60.5,1014.3,286.0,H,37,Baku,Ferrari
48,64,SAI,49,2,8,8,6,0,43,33.5,23.0,0.0,0.4,60.4,1014.4,171.0,S,2,Baku,Ferrari
49,64,SAI,50,1,8,8,6,0,41,33.4,22.9,0.0,0.2,61.6,1014.4,54.0,S,3,Baku,Ferrari
50,64,SAI,51,1,8,8,6,0,41,33.2,22.9,0.0,0.2,61.4,1014.1,227.0,S,4,Baku,Ferrari
0,64,PER,1,1,4,4,4,0,56,40.2,24.6,0.0,0.1,51.6,1015.1,251.0,S,3,Baku,Red Bull Racing
1,64,PER,2,0,4,4,4,0,61,40.5,24.6,0.0,0.1,51.4,1015.1,272.0,S,4,Baku,Red Bull Racing
2,64,PER,3,0,4,4,4,0,59,40.4,24.3,0.0,0.3,54.5,1015.1,252.0,S,5,Baku,Red Bull Racing
3,64,PER,4,1,4,4,4,0,59,40.8,24.4,0.0,0.3,54.4,1015.0,6.0,S,6,Baku,Red Bull Racing
4,64,PER,5,0,4,4,4,0,59,40.9,24.7,0.0,0.4,54.6,1015.0,237.0,S,7,Baku,Red Bull Racing
5,64,PER,6,0,4,4,4,0,58,41.4,24.7,0.0,0.3,53.3,1014.8,326.0,S,8,Baku,Red Bull Racing
6,64,PER,7,0,4,3,4,0,58,41.8,24.7,0.0,0.3,52.5,1014.8,214.0,S,9,Baku,Red Bull Racing
7,64,PER,8,0,3,3,4,0,58,42.2,24.8,0.0,0.3,51.8,1014.9,348.0,S,10,Baku,Red Bull Racing
8,64,PER,9,0,3,3,4,0,58,42.0,24.7,0.0,0.3,53.0,1014.8,85.0,S,11,Baku,Red Bull Racing
9,64,PER,10,0,3,3,4,0,58,39.9,24.7,0.0,0.3,53.4,1014.9,0.0,S,12,Baku,Red Bull Racing
10,64,PER,11,1,3,2,4,0,59,39.5,24.7,0.0,0.3,53.6,1014.9,39.0,S,13,Baku,Red Bull Racing
11,64,PER,12,1,2,1,4,0,62,39.6,24.6,0.0,0.4,54.7,1014.8,297.0,S,14,Baku,Red Bull Racing
12,64,PER,13,0,1,1,4,0,63,39.2,24.3,0.0,0.6,55.4,1014.8,74.0,S,15,Baku,Red Bull Racing
13,64,PER,14,0,1,3,4,0,63,39.2,24.3,0.0,0.6,55.4,1014.8,74.0,H,0,Baku,Red Bull Racing
14,64,PER,15,0,3,3,4,0,63,39.1,24.3,0.0,0.2,55.8,1014.7,188.0,H,1,Baku,Red Bull Racing
15,64,PER,16,0,3,3,4,0,63,39.5,24.4,0.0,0.3,54.4,1014.6,116.0,H,2,Baku,Red Bull Racing
16,64,PER,17,0,3,3,4,0,63,37.9,24.3,0.0,0.4,55.3,1014.4,116.0,H,3,Baku,Red Bull Racing
17,64,PER,18,0,3,3,4,0,63,38.3,24.1,0.0,0.3,55.7,1014.7,66.0,H,4,Baku,Red Bull Racing
18,64,PER,19,0,3,2,4,0,64,38.3,24.1,0.0,0.3,55.7,1014.7,66.0,H,5,Baku,Red Bull Racing
19,64,PER,20,0,2,2,4,0,64,38.2,24.2,0.0,0.3,55.3,1014.7,23.0,H,6,Baku,Red Bull Racing
20,64,PER,21,0,2,2,4,0,64,38.2,24.3,0.0,0.3,55.3,1014.7,23.0,H,7,Baku,Red Bull Racing
21,64,PER,22,0,2,2,4,0,65,38.1,24.3,0.0,0.5,56.3,1014.5,51.0,H,8,Baku,Red Bull Racing
22,64,PER,23,0,2,2,4,0,65,38.5,24.5,0.0,0.4,55.6,1014.4,84.0,H,9,Baku,Red Bull Racing
23,64,PER,24,1,2,2,4,0,65,38.7,24.5,0.0,0.2,55.7,1014.4,237.0,H,10,Baku,Red Bull Racing
24,64,PER,25,1,2,2,4,0,65,38.0,24.2,0.0,0.2,57.1,1014.4,231.0,H,11,Baku,Red Bull Racing
25,64,PER,26,0,2,2,4,0,64,37.3,24.1,0.0,0.2,57.0,1014.6,244.0,H,12,Baku,Red Bull Racing
26,64,PER,27,0,2,2,4,0,64,36.4,23.9,0.0,0.3,58.8,1014.6,0.0,H,13,Baku,Red Bull Racing
27,64,PER,28,0,2,2,4,0,64,37.0,24.0,0.0,0.2,58.6,1014.6,213.0,H,14,Baku,Red Bull Racing
28,64,PER,29,0,2,2,4,0,64,37.1,24.0,0.0,0.1,58.2,1014.6,121.0,H,15,Baku,Red Bull Racing
29,64,PER,30,0,2,2,4,0,63,37.5,24.1,0.0,0.6,58.0,1014.5,281.0,H,16,Baku,Red Bull Racing
30,64,PER,31,2,2,2,4,0,63,37.3,24.1,0.0,0.1,57.6,1014.5,168.0,H,17,Baku,Red Bull Racing
31,64,PER,32,2,2,2,4,0,61,37.1,24.2,0.0,0.1,57.3,1014.5,0.0,H,18,Baku,Red Bull Racing
32,64,PER,33,2,2,2,4,0,56,36.8,24.0,0.0,0.6,58.1,1014.5,260.0,H,19,Baku,Red Bull Racing
33,64,PER,34,2,2,2,4,0,51,35.9,23.9,0.0,0.1,59.0,1014.5,262.0,H,20,Baku,Red Bull Racing
34,64,PER,35,2,2,2,4,0,47,35.7,23.7,0.0,0.3,59.6,1014.7,319.0,H,21,Baku,Red Bull Racing
35,64,PER,36,0,2,2,4,0,45,35.4,23.5,0.0,0.3,60.5,1014.5,257.0,H,22,Baku,Red Bull Racing
36,64,PER,37,0,2,2,4,0,46,35.4,23.5,0.0,0.3,61.0,1014.4,241.0,H,23,Baku,Red Bull Racing
37,64,PER,38,0,2,2,4,0,46,35.3,23.3,0.0,0.2,61.0,1014.3,265.0,H,24,Baku,Red Bull Racing
38,64,PER,39,0,2,2,4,0,46,35.3,23.3,0.0,0.2,61.0,1014.3,265.0,H,25,Baku,Red Bull Racing
39,64,PER,40,0,2,2,4,0,47,35.3,23.2,0.0,0.6,61.5,1014.4,11.0,H,26,Baku,Red Bull Racing
40,64,PER,41,0,2,2,4,0,47,34.9,23.2,0.0,0.2,61.8,1014.4,310.0,H,27,Baku,Red Bull Racing
41,64,PER,42,0,2,2,4,0,48,35.2,23.3,0.0,0.2,60.4,1014.4,142.0,H,28,Baku,Red Bull Racing
42,64,PER,43,0,2,2,4,0,48,34.4,23.1,0.0,0.3,60.1,1014.1,241.0,H,29,Baku,Red Bull Racing
43,64,PER,44,0,2,2,4,0,48,34.4,23.1,0.0,0.2,60.1,1014.3,35.0,H,30,Baku,Red Bull Racing
44,64,PER,45,0,2,2,4,0,49,34.4,22.9,0.0,0.3,60.3,1014.1,271.0,H,31,Baku,Red Bull Racing
45,64,PER,46,0,2,1,4,0,49,33.8,23.0,0.0,0.3,60.5,1014.3,286.0,H,32,Baku,Red Bull Racing
46,64,PER,47,2,1,1,4,0,50,34.4,23.2,0.0,0.4,58.2,1014.4,95.0,H,33,Baku,Red Bull Racing
47,64,PER,48,2,1,1,4,0,47,33.9,23.1,0.0,0.4,59.3,1014.4,46.0,H,34,Baku,Red Bull Racing
48,64,PER,49,2,1,1,4,0,39,33.4,22.9,0.0,0.2,61.6,1014.4,54.0,S,2,Baku,Red Bull Racing
49,64,PER,50,1,1,1,4,0,38,33.4,22.9,0.0,0.2,61.6,1014.4,54.0,S,3,Baku,Red Bull Racing
50,64,PER,51,1,1,1,4,0,39,33.2,22.9,0.0,0.2,61.4,1014.1,227.0,S,4,Baku,Red Bull Racing
0,64,TSU,1,1,8,8,8,0,78,40.0,24.5,0.0,0.3,52.3,1015.1,221.0,S,6,Baku,AlphaTauri
1,64,TSU,2,0,8,8,8,0,80,40.4,24.6,0.0,0.8,53.2,1015.0,261.0,S,7,Baku,AlphaTauri
2,64,TSU,3,0,8,8,8,0,81,40.4,24.4,0.0,0.3,54.5,1015.1,252.0,S,8,Baku,AlphaTauri
3,64,TSU,4,1,8,8,8,0,80,40.4,24.3,0.0,0.3,54.5,1015.1,252.0,S,9,Baku,AlphaTauri
4,64,TSU,5,0,8,8,8,0,80,40.9,24.7,0.0,0.4,54.6,1015.0,237.0,S,10,Baku,AlphaTauri
5,64,TSU,6,0,8,8,8,0,80,41.0,24.8,0.0,0.5,53.5,1014.9,278.0,S,11,Baku,AlphaTauri
6,64,TSU,7,0,8,7,8,0,80,41.8,24.8,0.0,0.3,52.5,1014.8,214.0,S,12,Baku,AlphaTauri
7,64,TSU,8,0,7,7,8,0,81,42.2,24.8,0.0,0.3,51.8,1014.9,348.0,S,13,Baku,AlphaTauri
8,64,TSU,9,0,7,9,8,0,82,42.0,24.6,0.0,0.3,53.0,1014.8,85.0,S,14,Baku,AlphaTauri
9,64,TSU,10,0,9,12,8,0,83,39.5,24.6,0.0,0.3,53.6,1014.9,39.0,H,0,Baku,AlphaTauri
10,64,TSU,11,1,12,11,8,0,84,39.6,24.6,0.0,0.4,54.7,1014.8,297.0,H,1,Baku,AlphaTauri
11,64,TSU,12,1,11,9,8,0,85,39.6,24.6,0.0,0.4,54.7,1014.8,297.0,H,2,Baku,AlphaTauri
12,64,TSU,13,0,9,8,8,0,85,39.2,24.3,0.0,0.6,55.4,1014.8,74.0,H,3,Baku,AlphaTauri
13,64,TSU,14,0,8,8,8,0,85,39.1,24.3,0.0,0.2,55.8,1014.7,188.0,H,4,Baku,AlphaTauri
14,64,TSU,15,0,8,8,8,0,86,39.1,24.3,0.0,0.2,55.8,1014.7,188.0,H,5,Baku,AlphaTauri
15,64,TSU,16,0,8,8,8,0,86,39.1,24.4,0.0,0.2,54.6,1014.6,76.0,H,6,Baku,AlphaTauri
16,64,TSU,17,0,8,8,8,0,87,38.1,24.3,0.0,0.5,56.3,1014.5,51.0,H,7,Baku,AlphaTauri
17,64,TSU,18,0,8,8,8,0,87,38.0,24.3,0.0,0.4,56.4,1014.4,324.0,H,8,Baku,AlphaTauri
18,64,TSU,19,0,8,8,8,0,87,38.9,24.4,0.0,0.1,55.2,1014.4,227.0,H,9,Baku,AlphaTauri
19,64,TSU,20,0,8,8,8,0,88,38.1,24.4,0.0,0.3,56.0,1014.4,239.0,H,10,Baku,AlphaTauri
20,64,TSU,21,0,8,8,8,0,88,37.3,24.1,0.0,0.3,56.7,1014.5,297.0,H,11,Baku,AlphaTauri
21,64,TSU,22,0,8,8,8,0,88,36.9,24.0,0.0,0.2,58.2,1014.5,282.0,H,12,Baku,AlphaTauri
22,64,TSU,23,0,8,8,8,0,88,36.4,23.9,0.0,0.3,58.8,1014.6,0.0,H,13,Baku,AlphaTauri
23,64,TSU,24,1,8,8,8,0,89,36.9,24.0,0.0,0.3,58.5,1014.5,225.0,H,14,Baku,AlphaTauri
24,64,TSU,25,1,8,8,8,0,89,36.9,24.0,0.0,0.3,58.5,1014.5,225.0,H,15,Baku,AlphaTauri
25,64,TSU,26,0,8,8,8,0,89,37.1,24.0,0.0,0.1,58.2,1014.6,121.0,H,16,Baku,AlphaTauri
26,64,TSU,27,0,8,8,8,0,89,37.2,24.1,0.0,0.1,57.6,1014.5,230.0,H,17,Baku,AlphaTauri
27,64,TSU,28,0,8,8,8,0,88,37.9,24.1,0.0,0.5,56.5,1014.5,354.0,H,18,Baku,AlphaTauri
28,64,TSU,29,0,8,8,8,0,88,37.5,24.0,0.0,0.6,58.0,1014.5,281.0,H,19,Baku,AlphaTauri
29,64,TSU,30,0,8,7,8,0,88,37.3,24.1,0.0,0.1,57.6,1014.5,168.0,H,20,Baku,AlphaTauri
30,64,TSU,31,2,7,7,8,0,89,35.7,23.7,0.0,0.3,59.7,1014.5,93.0,H,21,Baku,AlphaTauri
31,64,TSU,32,2,7,7,8,0,89,35.4,23.5,0.0,0.3,60.5,1014.5,257.0,H,22,Baku,AlphaTauri
32,64,TSU,33,2,7,7,8,0,88,35.4,23.5,0.0,0.3,60.5,1014.5,257.0,H,23,Baku,AlphaTauri
33,64,TSU,34,2,7,7,8,0,86,35.3,23.3,0.0,0.2,61.0,1014.3,265.0,H,24,Baku,AlphaTauri
34,64,TSU,35,2,7,7,8,0,85,34.7,23.1,0.0,0.1,61.2,1014.5,227.0,H,25,Baku,AlphaTauri
35,64,TSU,36,0,7,7,8,0,84,35.2,23.2,0.0,0.2,60.4,1014.4,142.0,H,26,Baku,AlphaTauri
36,64,TSU,37,0,7,7,8,0,84,34.8,23.2,0.0,0.3,59.4,1014.3,255.0,H,27,Baku,AlphaTauri
37,64,TSU,38,0,7,7,8,0,84,34.8,23.2,0.0,0.3,59.4,1014.3,255.0,H,28,Baku,AlphaTauri
38,64,TSU,39,0,7,7,8,0,84,34.4,23.1,0.0,0.3,60.1,1014.1,241.0,H,29,Baku,AlphaTauri
39,64,TSU,40,0,7,7,8,0,84,34.4,23.0,0.0,0.2,60.1,1014.3,35.0,H,30,Baku,AlphaTauri
40,64,TSU,41,0,7,7,8,0,84,34.4,23.1,0.0,0.2,60.1,1014.3,35.0,H,31,Baku,AlphaTauri
41,64,TSU,42,0,7,7,8,0,85,34.4,22.9,0.0,0.3,60.3,1014.1,271.0,H,32,Baku,AlphaTauri
42,64,TSU,43,0,7,7,8,0,85,33.8,23.0,0.0,0.3,60.5,1014.3,286.0,H,33,Baku,AlphaTauri
43,64,TSU,44,0,7,7,8,0,85,34.5,23.2,0.0,0.3,58.0,1014.4,71.0,H,34,Baku,AlphaTauri
44,64,TSU,45,0,7,7,8,0,85,34.4,23.2,0.0,0.4,58.2,1014.4,95.0,H,35,Baku,AlphaTauri
45,64,TSU,46,0,7,6,8,0,85,33.9,23.1,0.0,0.4,59.3,1014.4,46.0,H,36,Baku,AlphaTauri
46,64,TSU,47,2,6,6,8,0,85,33.9,23.1,0.0,0.4,59.3,1014.4,46.0,H,37,Baku,AlphaTauri
47,64,TSU,48,2,6,6,8,0,84,33.4,22.9,0.0,0.2,61.6,1014.4,54.0,H,38,Baku,AlphaTauri
48,64,TSU,49,2,6,6,8,0,77,33.2,22.9,0.0,0.2,61.4,1014.1,227.0,S,2,Baku,AlphaTauri
49,64,TSU,50,1,6,7,8,0,75,33.2,22.9,0.0,0.2,61.4,1014.1,227.0,S,3,Baku,AlphaTauri
50,64,TSU,51,1,7,7,8,0,76,32.8,23.0,0.0,0.5,60.6,1014.2,88.0,S,4,Baku,AlphaTauri
0,64,ALO,1,1,7,7,7,0,43,40.4,24.6,0.0,0.8,53.2,1015.0,261.0,S,3,Baku,Alpine
1,64,ALO,2,0,7,7,7,0,51,40.4,24.3,0.0,0.3,54.5,1015.1,252.0,S,4,Baku,Alpine
2,64,ALO,3,0,7,7,7,0,55,40.6,24.4,0.0,0.5,53.6,1015.1,269.0,S,5,Baku,Alpine
3,64,ALO,4,1,7,7,7,0,56,40.8,24.4,0.0,0.3,54.4,1015.0,6.0,S,6,Baku,Alpine
4,64,ALO,5,0,7,7,7,0,57,40.9,24.8,0.0,0.4,54.6,1015.0,237.0,S,7,Baku,Alpine
5,64,ALO,6,0,7,7,7,0,57,41.0,24.8,0.0,0.5,53.5,1014.9,278.0,S,8,Baku,Alpine
6,64,ALO,7,0,7,11,7,0,55,41.0,24.7,0.0,0.4,53.9,1015.0,225.0,S,9,Baku,Alpine
7,64,ALO,8,0,11,14,7,0,53,41.4,24.7,0.0,0.3,53.3,1014.8,326.0,H,0,Baku,Alpine
8,64,ALO,9,0,14,14,7,0,53,41.8,24.8,0.0,0.3,52.5,1014.8,214.0,H,1,Baku,Alpine
9,64,ALO,10,0,14,14,7,0,53,42.0,24.6,0.0,0.3,53.0,1014.8,85.0,H,2,Baku,Alpine
10,64,ALO,11,1,14,13,7,0,53,39.9,24.7,0.0,0.3,53.4,1014.9,0.0,H,3,Baku,Alpine
11,64,ALO,12,1,13,12,7,0,54,39.9,24.6,0.0,0.3,53.4,1014.9,0.0,H,4,Baku,Alpine
12,64,ALO,13,0,12,12,7,0,54,39.6,24.6,0.0,0.4,54.7,1014.8,297.0,H,5,Baku,Alpine
13,64,ALO,14,0,12,11,7,0,54,39.5,24.4,0.0,0.3,54.4,1014.6,116.0,H,6,Baku,Alpine
14,64,ALO,15,0,11,11,7,0,54,39.5,24.4,0.0,0.3,54.4,1014.6,116.0,H,7,Baku,Alpine
15,64,ALO,16,0,11,12,7,0,54,37.9,24.3,0.0,0.4,55.3,1014.4,116.0,H,8,Baku,Alpine
16,64,ALO,17,0,12,12,7,0,53,37.9,24.3,0.0,0.4,55.3,1014.4,116.0,H,9,Baku,Alpine
17,64,ALO,18,0,12,12,7,0,54,38.4,24.2,0.0,0.3,55.8,1014.5,112.0,H,10,Baku,Alpine
18,64,ALO,19,0,12,12,7,0,54,38.1,24.2,0.0,0.4,56.7,1014.6,39.0,H,11,Baku,Alpine
19,64,ALO,20,0,12,12,7,0,54,38.1,24.3,0.0,0.5,56.3,1014.5,51.0,H,12,Baku,Alpine
20,64,ALO,21,0,12,12,7,0,55,38.0,24.3,0.0,0.3,56.6,1014.6,9.0,H,13,Baku,Alpine
21,64,ALO,22,0,12,12,7,0,55,38.4,24.6,0.0,0.2,55.6,1014.5,267.0,H,14,Baku,Alpine
22,64,ALO,23,0,12,12,7,0,55,38.4,24.6,0.0,0.2,55.6,1014.5,267.0,H,15,Baku,Alpine
23,64,ALO,24,1,12,12,7,0,55,38.5,24.5,0.0,0.4,55.6,1014.4,84.0,H,16,Baku,Alpine
24,64,ALO,25,1,12,12,7,0,55,38.6,24.4,0.0,0.3,56.2,1014.4,13.0,H,17,Baku,Alpine
25,64,ALO,26,0,12,13,7,0,55,38.0,24.2,0.0,0.2,57.1,1014.4,231.0,H,18,Baku,Alpine
26,64,ALO,27,0,13,13,7,0,55,37.8,24.2,0.0,0.3,57.0,1014.4,264.0,H,19,Baku,Alpine
27,64,ALO,28,0,13,13,7,0,54,37.0,24.0,0.0,0.2,58.6,1014.6,213.0,H,20,Baku,Alpine
28,64,ALO,29,0,13,13,7,0,54,37.4,24.0,0.0,0.3,58.6,1014.6,266.0,H,21,Baku,Alpine
29,64,ALO,30,0,13,12,7,0,54,36.9,24.0,0.0,0.1,58.4,1014.5,345.0,H,22,Baku,Alpine
30,64,ALO,31,2,12,12,7,0,53,37.1,24.0,0.0,0.1,58.2,1014.6,121.0,H,23,Baku,Alpine
31,64,ALO,32,2,12,12,7,0,52,37.9,24.1,0.0,0.5,56.5,1014.5,354.0,H,24,Baku,Alpine
32,64,ALO,33,2,12,12,7,0,51,37.5,24.1,0.0,0.6,58.0,1014.5,281.0,H,25,Baku,Alpine
33,64,ALO,34,2,12,13,7,0,47,37.1,24.2,0.0,0.1,57.3,1014.5,0.0,H,26,Baku,Alpine
34,64,ALO,35,2,13,14,7,0,44,37.1,24.0,0.0,0.3,57.8,1014.4,230.0,S,2,Baku,Alpine
35,64,ALO,36,0,14,11,7,0,43,35.9,23.9,0.0,0.1,59.0,1014.5,262.0,S,3,Baku,Alpine
36,64,ALO,37,0,11,11,7,0,44,35.9,23.8,0.0,0.1,59.0,1014.5,262.0,S,4,Baku,Alpine
37,64,ALO,38,0,11,11,7,0,44,35.7,23.7,0.0,0.3,59.7,1014.5,93.0,S,5,Baku,Alpine
38,64,ALO,39,0,11,11,7,0,45,35.4,23.7,0.0,0.3,60.3,1014.5,281.0,S,6,Baku,Alpine
39,64,ALO,40,0,11,11,7,0,45,35.4,23.7,0.0,0.3,60.3,1014.5,281.0,S,7,Baku,Alpine
40,64,ALO,41,0,11,11,7,0,45,35.4,23.5,0.0,0.3,61.0,1014.4,241.0,S,8,Baku,Alpine
41,64,ALO,42,0,11,11,7,0,46,35.2,23.2,0.0,0.2,60.4,1014.4,142.0,S,9,Baku,Alpine
42,64,ALO,43,0,11,11,7,0,46,35.6,23.3,0.0,0.2,59.5,1014.3,145.0,S,10,Baku,Alpine
43,64,ALO,44,0,11,11,7,0,47,34.8,23.2,0.0,0.3,59.4,1014.3,255.0,S,11,Baku,Alpine
44,64,ALO,45,0,11,11,7,0,47,34.4,23.1,0.0,0.3,60.1,1014.1,241.0,S,12,Baku,Alpine
45,64,ALO,46,0,11,10,7,0,48,34.4,22.9,0.0,0.3,60.3,1014.1,271.0,S,13,Baku,Alpine
46,64,ALO,47,2,10,10,7,0,48,34.4,23.1,0.0,0.1,58.5,1014.4,165.0,S,14,Baku,Alpine
47,64,ALO,48,2,10,10,7,0,46,34.5,23.2,0.0,0.3,58.0,1014.4,71.0,S,15,Baku,Alpine
48,64,ALO,49,2,10,10,7,0,41,33.9,23.1,0.0,0.4,59.3,1014.4,46.0,S,16,Baku,Alpine
49,64,ALO,50,1,10,6,7,0,40,33.9,23.1,0.0,0.4,59.3,1014.4,46.0,S,17,Baku,Alpine
50,64,ALO,51,1,6,6,7,0,41,33.5,23.0,0.0,0.4,60.4,1014.4,171.0,S,18,Baku,Alpine
0,64,NOR,1,1,12,12,12,0,45,40.0,24.5,0.0,0.3,52.3,1015.1,221.0,S,3,Baku,McLaren
1,64,NOR,2,0,12,12,12,0,47,40.5,24.6,0.0,0.1,51.4,1015.1,272.0,S,4,Baku,McLaren
2,64,NOR,3,0,12,11,12,0,47,40.4,24.6,0.0,0.8,53.2,1015.0,261.0,S,5,Baku,McLaren
3,64,NOR,4,1,11,11,12,0,48,40.4,24.4,0.0,0.3,54.5,1015.1,252.0,S,6,Baku,McLaren
4,64,NOR,5,0,11,11,12,0,48,40.4,24.3,0.0,0.3,54.5,1015.1,252.0,S,7,Baku,McLaren
5,64,NOR,6,0,11,11,12,0,47,40.9,24.7,0.0,0.4,54.6,1015.0,237.0,S,8,Baku,McLaren
6,64,NOR,7,0,11,12,12,0,48,40.9,24.8,0.0,0.4,54.6,1015.0,237.0,S,9,Baku,McLaren
7,64,NOR,8,0,12,17,12,0,49,41.0,24.7,0.0,0.4,53.9,1015.0,225.0,H,0,Baku,McLaren
8,64,NOR,9,0,17,15,12,0,49,41.2,24.9,0.0,0.5,52.5,1014.9,220.0,H,1,Baku,McLaren
9,64,NOR,10,0,15,13,12,0,51,41.4,24.8,0.0,0.3,53.3,1014.8,326.0,H,2,Baku,McLaren
10,64,NOR,11,1,13,12,12,0,51,41.8,24.8,0.0,0.3,52.5,1014.8,214.0,H,3,Baku,McLaren
11,64,NOR,12,1,12,10,12,0,52,40.9,24.7,0.0,0.2,53.6,1014.8,235.0,H,4,Baku,McLaren
12,64,NOR,13,0,10,9,12,0,52,40.9,24.6,0.0,0.2,53.6,1014.8,235.0,H,5,Baku,McLaren
13,64,NOR,14,0,9,9,12,0,53,39.9,24.7,0.0,0.3,53.4,1014.9,0.0,H,6,Baku,McLaren
14,64,NOR,15,0,9,9,12,0,53,39.9,24.6,0.0,0.3,53.4,1014.9,0.0,H,7,Baku,McLaren
15,64,NOR,16,0,9,9,12,0,54,39.1,24.3,0.0,0.2,55.8,1014.7,188.0,H,8,Baku,McLaren
16,64,NOR,17,0,9,9,12,0,54,39.1,24.4,0.0,0.2,54.6,1014.6,76.0,H,9,Baku,McLaren
17,64,NOR,18,0,9,9,12,0,54,37.9,24.3,0.0,0.4,55.3,1014.4,116.0,H,10,Baku,McLaren
18,64,NOR,19,0,9,9,12,0,55,38.2,24.2,0.0,0.3,55.3,1014.7,23.0,H,11,Baku,McLaren
19,64,NOR,20,0,9,9,12,0,55,38.1,24.2,0.0,0.4,56.7,1014.6,39.0,H,12,Baku,McLaren
20,64,NOR,21,0,9,9,12,0,55,38.1,24.3,0.0,0.5,56.3,1014.5,51.0,H,13,Baku,McLaren
21,64,NOR,22,0,9,9,12,0,55,38.0,24.4,0.0,0.4,56.4,1014.4,324.0,H,14,Baku,McLaren
22,64,NOR,23,0,9,9,12,0,55,38.5,24.5,0.0,0.4,55.6,1014.4,84.0,H,15,Baku,McLaren
23,64,NOR,24,1,9,9,12,0,55,38.6,24.4,0.0,0.3,56.2,1014.4,13.0,H,16,Baku,McLaren
24,64,NOR,25,1,9,9,12,0,55,38.2,24.3,0.0,0.2,56.6,1014.5,36.0,H,17,Baku,McLaren
25,64,NOR,26,0,9,9,12,0,54,37.3,24.1,0.0,0.2,57.0,1014.6,244.0,H,18,Baku,McLaren
26,64,NOR,27,0,9,9,12,0,54,37.3,24.1,0.0,0.2,57.0,1014.6,244.0,H,19,Baku,McLaren
27,64,NOR,28,0,9,9,12,0,53,36.9,24.0,0.0,0.2,58.2,1014.5,282.0,H,20,Baku,McLaren
28,64,NOR,29,0,9,9,12,0,53,37.4,24.0,0.0,0.3,58.6,1014.6,266.0,H,21,Baku,McLaren
29,64,NOR,30,0,9,8,12,0,53,36.9,24.0,0.0,0.1,58.4,1014.5,345.0,H,22,Baku,McLaren
30,64,NOR,31,2,8,8,12,0,52,37.1,24.0,0.0,0.1,58.2,1014.6,121.0,H,23,Baku,McLaren
31,64,NOR,32,2,8,8,12,0,51,37.5,24.0,0.0,0.6,58.0,1014.5,281.0,H,24,Baku,McLaren
32,64,NOR,33,2,8,8,12,0,50,37.3,24.1,0.0,0.1,57.6,1014.5,168.0,H,25,Baku,McLaren
33,64,NOR,34,2,8,8,12,0,48,37.6,24.3,0.0,0.1,56.8,1014.5,0.0,H,26,Baku,McLaren
34,64,NOR,35,2,8,8,12,0,46,35.7,23.7,0.0,0.3,59.6,1014.7,319.0,H,27,Baku,McLaren
35,64,NOR,36,0,8,8,12,0,45,35.4,23.7,0.0,0.3,60.3,1014.5,281.0,H,28,Baku,McLaren
36,64,NOR,37,0,8,8,12,0,45,35.3,23.4,0.0,0.2,60.9,1014.4,10.0,H,29,Baku,McLaren
37,64,NOR,38,0,8,8,12,0,45,35.3,23.3,0.0,0.2,61.0,1014.3,265.0,H,30,Baku,McLaren
38,64,NOR,39,0,8,8,12,0,45,35.3,23.3,0.0,0.2,61.0,1014.3,265.0,H,31,Baku,McLaren
39,64,NOR,40,0,8,8,12,0,45,35.2,23.2,0.0,0.2,60.4,1014.4,142.0,H,32,Baku,McLaren
40,64,NOR,41,0,8,8,12,0,45,34.4,23.1,0.0,0.3,60.1,1014.1,241.0,H,33,Baku,McLaren
41,64,NOR,42,0,8,8,12,0,45,34.4,23.0,0.0,0.2,60.1,1014.3,35.0,H,34,Baku,McLaren
42,64,NOR,43,0,8,8,12,0,45,34.4,22.9,0.0,0.3,60.3,1014.1,271.0,H,35,Baku,McLaren
43,64,NOR,44,0,8,8,12,0,46,34.4,23.0,0.0,0.1,58.5,1014.4,165.0,H,36,Baku,McLaren
44,64,NOR,45,0,8,8,12,0,46,34.4,23.1,0.0,0.1,58.5,1014.4,165.0,H,37,Baku,McLaren
45,64,NOR,46,0,8,7,12,0,47,34.4,23.2,0.0,0.4,58.2,1014.4,95.0,H,38,Baku,McLaren
46,64,NOR,47,2,7,7,12,0,47,33.9,23.1,0.0,0.4,59.3,1014.4,46.0,H,39,Baku,McLaren
47,64,NOR,48,2,7,7,12,0,45,33.9,23.1,0.0,0.4,59.3,1014.4,46.0,H,40,Baku,McLaren
48,64,NOR,49,2,7,7,12,0,40,33.5,23.0,0.0,0.4,60.4,1014.4,171.0,S,2,Baku,McLaren
49,64,NOR,50,1,7,5,12,0,39,33.4,22.9,0.0,0.2,61.6,1014.4,54.0,S,3,Baku,McLaren
50,64,NOR,51,1,5,5,12,0,39,33.2,22.9,0.0,0.2,61.4,1014.1,227.0,S,4,Baku,McLaren
0,64,BOT,1,1,10,10,10,0,44,40.6,24.4,0.0,0.5,53.6,1015.1,269.0,S,4,Baku,Mercedes
1,64,BOT,2,0,10,10,10,0,43,40.9,24.8,0.0,0.4,54.6,1015.0,237.0,S,5,Baku,Mercedes
2,64,BOT,3,0,10,10,10,0,42,41.0,24.8,0.0,0.5,53.5,1014.9,278.0,S,6,Baku,Mercedes
3,64,BOT,4,1,10,10,10,0,42,41.2,24.9,0.0,0.5,52.5,1014.9,220.0,S,7,Baku,Mercedes
4,64,BOT,5,0,10,10,10,0,41,41.8,24.7,0.0,0.3,52.5,1014.8,214.0,S,8,Baku,Mercedes
5,64,BOT,6,0,10,10,10,0,41,40.9,24.7,0.0,0.2,53.6,1014.8,235.0,S,9,Baku,Mercedes
6,64,BOT,7,0,10,9,10,0,40,39.9,24.7,0.0,0.3,53.4,1014.9,0.0,S,10,Baku,Mercedes
7,64,BOT,8,0,9,9,10,0,40,39.9,24.6,0.0,0.3,53.4,1014.9,0.0,S,11,Baku,Mercedes
8,64,BOT,9,0,9,8,10,0,41,39.2,24.3,0.0,0.6,55.4,1014.8,74.0,S,12,Baku,Mercedes
9,64,BOT,10,0,8,7,10,0,42,39.2,24.3,0.0,0.6,55.4,1014.8,74.0,S,13,Baku,Mercedes
10,64,BOT,11,1,7,6,10,0,43,39.1,24.3,0.0,0.2,55.8,1014.7,188.0,S,14,Baku,Mercedes
11,64,BOT,12,1,6,11,10,0,45,39.1,24.4,0.0,0.2,54.6,1014.6,76.0,H,0,Baku,Mercedes
12,64,BOT,13,0,11,11,10,0,45,38.3,24.1,0.0,0.3,55.7,1014.7,66.0,H,1,Baku,Mercedes
13,64,BOT,14,0,11,10,10,0,45,38.2,24.2,0.0,0.3,55.3,1014.7,23.0,H,2,Baku,Mercedes
14,64,BOT,15,0,10,10,10,0,46,38.4,24.2,0.0,0.3,55.8,1014.5,112.0,H,3,Baku,Mercedes
15,64,BOT,16,0,10,10,10,0,46,38.1,24.2,0.0,0.4,56.7,1014.6,39.0,H,4,Baku,Mercedes
16,64,BOT,17,0,10,10,10,0,46,38.1,24.3,0.0,0.5,56.3,1014.5,51.0,H,5,Baku,Mercedes
17,64,BOT,18,0,10,10,10,0,46,38.0,24.3,0.0,0.3,56.6,1014.6,9.0,H,6,Baku,Mercedes
18,64,BOT,19,0,10,10,10,0,46,38.0,24.3,0.0,0.4,56.4,1014.4,324.0,H,7,Baku,Mercedes
19,64,BOT,20,0,10,10,10,0,46,38.4,24.6,0.0,0.2,55.6,1014.5,267.0,H,8,Baku,Mercedes
20,64,BOT,21,0,10,10,10,0,46,38.7,24.5,0.0,0.2,55.7,1014.4,237.0,H,9,Baku,Mercedes
21,64,BOT,22,0,10,10,10,0,46,38.6,24.4,0.0,0.3,56.2,1014.4,13.0,H,10,Baku,Mercedes
22,64,BOT,23,0,10,10,10,0,46,38.2,24.4,0.0,0.2,56.6,1014.5,36.0,H,11,Baku,Mercedes
23,64,BOT,24,1,10,10,10,0,46,38.0,24.2,0.0,0.2,57.1,1014.4,231.0,H,12,Baku,Mercedes
24,64,BOT,25,1,10,10,10,0,46,37.3,24.1,0.0,0.3,56.7,1014.5,297.0,H,13,Baku,Mercedes
25,64,BOT,26,0,10,10,10,0,46,37.3,24.1,0.0,0.2,57.0,1014.6,244.0,H,14,Baku,Mercedes
26,64,BOT,27,0,10,10,10,0,46,36.9,24.0,0.0,0.2,58.2,1014.5,282.0,H,15,Baku,Mercedes
27,64,BOT,28,0,10,10,10,0,46,36.4,23.9,0.0,0.3,58.8,1014.6,0.0,H,16,Baku,Mercedes
28,64,BOT,29,0,10,10,10,0,46,37.4,24.0,0.0,0.3,58.6,1014.6,266.0,H,17,Baku,Mercedes
29,64,BOT,30,0,10,9,10,0,46,37.1,24.0,0.0,0.3,58.2,1014.6,263.0,H,18,Baku,Mercedes
30,64,BOT,31,2,9,9,10,0,45,37.1,24.0,0.0,0.1,58.2,1014.6,121.0,H,19,Baku,Mercedes
31,64,BOT,32,2,9,9,10,0,44,37.9,24.1,0.0,0.5,56.5,1014.5,354.0,H,20,Baku,Mercedes
32,64,BOT,33,2,9,9,10,0,42,37.5,24.1,0.0,0.6,58.0,1014.5,281.0,H,21,Baku,Mercedes
33,64,BOT,34,2,9,9,10,0,39,37.6,24.3,0.0,0.1,56.8,1014.5,0.0,H,22,Baku,Mercedes
34,64,BOT,35,2,9,9,10,0,37,37.1,24.2,0.0,0.1,57.3,1014.5,0.0,H,23,Baku,Mercedes
35,64,BOT,36,0,9,13,10,0,35,36.8,24.0,0.0,0.6,58.1,1014.5,260.0,H,24,Baku,Mercedes
36,64,BOT,37,0,13,13,10,0,35,35.4,23.7,0.0,0.3,60.3,1014.5,281.0,H,25,Baku,Mercedes
37,64,BOT,38,0,13,14,10,0,35,35.4,23.7,0.0,0.3,60.3,1014.5,281.0,H,26,Baku,Mercedes
38,64,BOT,39,0,14,14,10,0,36,35.3,23.4,0.0,0.2,60.9,1014.4,10.0,H,27,Baku,Mercedes
39,64,BOT,40,0,14,14,10,0,36,35.3,23.3,0.0,0.2,61.0,1014.3,265.0,H,28,Baku,Mercedes
40,64,BOT,41,0,14,14,10,0,37,35.2,23.2,0.0,0.2,60.4,1014.4,142.0,H,29,Baku,Mercedes
41,64,BOT,42,0,14,14,10,0,37,35.6,23.3,0.0,0.2,59.5,1014.3,145.0,H,30,Baku,Mercedes
42,64,BOT,43,0,14,14,10,0,38,34.4,23.0,0.0,0.2,60.1,1014.3,35.0,H,31,Baku,Mercedes
43,64,BOT,44,0,14,14,10,0,38,34.4,23.1,0.0,0.2,60.1,1014.3,35.0,H,32,Baku,Mercedes
44,64,BOT,45,0,14,14,10,0,39,34.4,22.9,0.0,0.3,60.3,1014.1,271.0,H,33,Baku,Mercedes
45,64,BOT,46,0,14,13,10,0,39,34.4,23.1,0.0,0.1,58.5,1014.4,165.0,H,34,Baku,Mercedes
46,64,BOT,47,2,13,13,10,0,39,34.4,23.2,0.0,0.4,58.2,1014.4,95.0,H,35,Baku,Mercedes
47,64,BOT,48,2,13,14,10,0,37,33.5,23.0,0.0,0.4,60.4,1014.4,171.0,S,4,Baku,Mercedes
48,64,BOT,49,2,14,13,10,0,37,33.4,22.9,0.0,0.2,61.6,1014.4,54.0,S,4,Baku,Mercedes
49,64,BOT,50,1,13,12,10,0,36,33.2,22.9,0.0,0.2,61.4,1014.1,227.0,S,5,Baku,Mercedes
50,64,BOT,51,1,12,12,10,0,37,32.8,23.0,0.0,0.5,60.6,1014.2,88.0,S,6,Baku,Mercedes
0,64,VET,1,1,9,9,9,0,52,40.0,24.5,0.0,0.3,52.3,1015.1,221.0,S,0,Baku,Aston Martin
1,64,VET,2,0,9,9,9,0,48,40.2,24.6,0.0,0.1,51.6,1015.1,251.0,S,1,Baku,Aston Martin
2,64,VET,3,0,9,9,9,0,48,40.5,24.6,0.0,0.1,51.4,1015.1,272.0,S,2,Baku,Aston Martin
3,64,VET,4,1,9,9,9,0,48,40.4,24.6,0.0,0.8,53.2,1015.0,261.0,S,3,Baku,Aston Martin
4,64,VET,5,0,9,9,9,0,46,40.4,24.4,0.0,0.3,54.5,1015.1,252.0,S,4,Baku,Aston Martin
5,64,VET,6,0,9,9,9,0,46,41.2,24.8,0.0,0.4,53.7,1015.0,257.0,S,5,Baku,Aston Martin
6,64,VET,7,0,9,8,9,0,46,41.4,24.7,0.0,0.3,53.3,1014.8,326.0,S,6,Baku,Aston Martin
7,64,VET,8,0,8,8,9,0,46,39.9,24.7,0.0,0.3,53.4,1014.9,0.0,S,7,Baku,Aston Martin
8,64,VET,9,0,8,7,9,0,47,39.5,24.7,0.0,0.3,53.6,1014.9,39.0,S,8,Baku,Aston Martin
9,64,VET,10,0,7,6,9,0,49,39.2,24.3,0.0,0.6,55.4,1014.8,74.0,S,9,Baku,Aston Martin
10,64,VET,11,1,6,5,9,0,51,39.1,24.3,0.0,0.2,55.8,1014.7,188.0,S,10,Baku,Aston Martin
11,64,VET,12,1,5,3,9,0,53,37.9,24.3,0.0,0.4,55.3,1014.4,116.0,S,11,Baku,Aston Martin
12,64,VET,13,0,3,2,9,0,54,38.4,24.2,0.0,0.3,55.8,1014.5,112.0,S,12,Baku,Aston Martin
13,64,VET,14,0,2,1,9,0,55,38.1,24.3,0.0,0.5,56.3,1014.5,51.0,S,13,Baku,Aston Martin
14,64,VET,15,0,1,1,9,0,56,38.0,24.3,0.0,0.3,56.6,1014.6,9.0,S,14,Baku,Aston Martin
15,64,VET,16,0,1,1,9,0,57,38.4,24.6,0.0,0.2,55.6,1014.5,267.0,S,15,Baku,Aston Martin
16,64,VET,17,0,1,1,9,0,57,38.5,24.5,0.0,0.4,55.6,1014.4,84.0,S,16,Baku,Aston Martin
17,64,VET,18,0,1,2,9,0,57,38.5,24.5,0.0,0.4,55.6,1014.4,84.0,S,17,Baku,Aston Martin
18,64,VET,19,0,2,7,9,0,57,38.9,24.4,0.0,0.1,55.2,1014.4,227.0,H,0,Baku,Aston Martin
19,64,VET,20,0,7,7,9,0,57,38.6,24.4,0.0,0.3,56.2,1014.4,13.0,H,1,Baku,Aston Martin
20,64,VET,21,0,7,7,9,0,57,38.0,24.2,0.0,0.2,57.1,1014.4,231.0,H,2,Baku,Aston Martin
21,64,VET,22,0,7,7,9,0,57,37.3,24.1,0.0,0.3,56.7,1014.5,297.0,H,3,Baku,Aston Martin
22,64,VET,23,0,7,7,9,0,57,37.3,24.1,0.0,0.3,56.7,1014.5,297.0,H,4,Baku,Aston Martin
23,64,VET,24,1,7,7,9,0,57,36.9,24.0,0.0,0.2,58.2,1014.5,282.0,H,5,Baku,Aston Martin
24,64,VET,25,1,7,7,9,0,57,37.1,24.0,0.0,0.3,58.2,1014.6,263.0,H,6,Baku,Aston Martin
25,64,VET,26,0,7,7,9,0,56,37.1,24.0,0.0,0.3,58.2,1014.6,263.0,H,7,Baku,Aston Martin
26,64,VET,27,0,7,7,9,0,56,36.9,24.0,0.0,0.1,58.4,1014.5,345.0,H,8,Baku,Aston Martin
27,64,VET,28,0,7,7,9,0,55,37.1,24.0,0.0,0.1,58.2,1014.6,121.0,H,9,Baku,Aston Martin
28,64,VET,29,0,7,7,9,0,55,37.2,24.1,0.0,0.1,57.6,1014.5,230.0,H,10,Baku,Aston Martin
29,64,VET,30,0,7,6,9,0,55,37.9,24.1,0.0,0.5,56.5,1014.5,354.0,H,11,Baku,Aston Martin
30,64,VET,31,2,6,6,9,0,55,37.5,24.0,0.0,0.6,58.0,1014.5,281.0,H,12,Baku,Aston Martin
31,64,VET,32,2,6,6,9,0,54,37.6,24.3,0.0,0.1,56.8,1014.5,0.0,H,13,Baku,Aston Martin
32,64,VET,33,2,6,6,9,0,53,36.8,24.0,0.0,0.6,58.1,1014.5,260.0,H,14,Baku,Aston Martin
33,64,VET,34,2,6,6,9,0,51,35.9,23.8,0.0,0.1,59.0,1014.5,262.0,H,15,Baku,Aston Martin
34,64,VET,35,2,6,6,9,0,49,35.4,23.7,0.0,0.3,60.3,1014.5,281.0,H,16,Baku,Aston Martin
35,64,VET,36,0,6,4,9,0,47,35.4,23.7,0.0,0.3,60.3,1014.5,281.0,H,17,Baku,Aston Martin
36,64,VET,37,0,4,4,9,0,47,35.4,23.5,0.0,0.3,61.0,1014.4,241.0,H,18,Baku,Aston Martin
37,64,VET,38,0,4,4,9,0,48,35.3,23.4,0.0,0.2,60.9,1014.4,10.0,H,19,Baku,Aston Martin
38,64,VET,39,0,4,4,9,0,48,35.3,23.3,0.0,0.2,61.0,1014.3,265.0,H,20,Baku,Aston Martin
39,64,VET,40,0,4,4,9,0,48,34.9,23.2,0.0,0.2,61.8,1014.4,310.0,H,21,Baku,Aston Martin
40,64,VET,41,0,4,4,9,0,48,34.7,23.2,0.0,0.1,61.2,1014.5,227.0,H,22,Baku,Aston Martin
41,64,VET,42,0,4,4,9,0,48,35.2,23.3,0.0,0.2,60.4,1014.4,142.0,H,23,Baku,Aston Martin
42,64,VET,43,0,4,4,9,0,48,35.6,23.3,0.0,0.2,59.5,1014.3,145.0,H,24,Baku,Aston Martin
43,64,VET,44,0,4,4,9,0,48,34.4,23.1,0.0,0.3,60.1,1014.1,241.0,H,25,Baku,Aston Martin
44,64,VET,45,0,4,4,9,0,49,34.4,23.0,0.0,0.2,60.1,1014.3,35.0,H,26,Baku,Aston Martin
45,64,VET,46,0,4,3,9,0,49,34.4,23.1,0.0,0.2,60.1,1014.3,35.0,H,27,Baku,Aston Martin
46,64,VET,47,2,3,3,9,0,50,34.4,22.9,0.0,0.3,60.3,1014.1,271.0,H,28,Baku,Aston Martin
47,64,VET,48,2,3,3,9,0,49,33.8,23.0,0.0,0.3,60.5,1014.3,286.0,H,29,Baku,Aston Martin
48,64,VET,49,2,3,3,9,0,40,34.4,23.1,0.0,0.1,58.5,1014.4,165.0,S,2,Baku,Aston Martin
49,64,VET,50,1,3,2,9,0,38,34.5,23.2,0.0,0.3,58.0,1014.4,71.0,S,3,Baku,Aston Martin
50,64,VET,51,1,2,2,9,0,38,33.9,23.1,0.0,0.4,59.3,1014.4,46.0,S,4,Baku,Aston Martin
0,64,OCO,1,1,11,11,11,0,44,40.8,24.4,0.0,0.3,54.4,1015.0,6.0,S,0,Baku,Alpine
1,64,OCO,2,0,11,11,11,0,45,38.0,24.2,0.0,0.2,57.1,1014.4,231.0,S,1,Baku,Alpine
2,64,OCO,3,0,11,18,11,1,43,35.4,23.5,0.0,0.3,60.5,1014.5,257.0,S,2,Baku,Alpine
0,64,RIC,1,1,13,13,13,0,44,40.2,24.6,0.0,0.1,51.6,1015.1,251.0,S,0,Baku,McLaren
1,64,RIC,2,0,13,13,13,0,49,40.4,24.4,0.0,0.3,54.5,1015.1,252.0,S,1,Baku,McLaren
2,64,RIC,3,0,13,12,13,0,47,40.9,24.8,0.0,0.4,54.6,1015.0,237.0,S,2,Baku,McLaren
3,64,RIC,4,1,12,12,13,0,46,41.0,24.7,0.0,0.4,53.9,1015.0,225.0,S,3,Baku,McLaren
4,64,RIC,5,0,12,12,13,0,46,41.2,24.9,0.0,0.5,52.5,1014.9,220.0,S,4,Baku,McLaren
5,64,RIC,6,0,12,12,13,0,46,41.4,24.7,0.0,0.3,53.3,1014.8,326.0,S,5,Baku,McLaren
6,64,RIC,7,0,12,10,13,0,45,41.4,24.8,0.0,0.3,53.3,1014.8,326.0,S,6,Baku,McLaren
7,64,RIC,8,0,10,10,13,0,46,41.8,24.8,0.0,0.3,52.5,1014.8,214.0,S,7,Baku,McLaren
8,64,RIC,9,0,10,10,13,0,47,42.2,24.8,0.0,0.3,51.8,1014.9,348.0,S,8,Baku,McLaren
9,64,RIC,10,0,10,8,13,0,48,42.2,24.8,0.0,0.3,51.8,1014.9,348.0,S,9,Baku,McLaren
10,64,RIC,11,1,8,8,13,0,49,42.0,24.7,0.0,0.3,53.0,1014.8,85.0,S,10,Baku,McLaren
11,64,RIC,12,1,8,13,13,0,49,42.0,24.6,0.0,0.3,53.0,1014.8,85.0,H,0,Baku,McLaren
12,64,RIC,13,0,13,13,13,0,49,40.9,24.6,0.0,0.2,53.6,1014.8,235.0,H,1,Baku,McLaren
13,64,RIC,14,0,13,12,13,0,49,39.9,24.6,0.0,0.3,53.4,1014.9,0.0,H,2,Baku,McLaren
14,64,RIC,15,0,12,12,13,0,49,39.5,24.6,0.0,0.3,53.6,1014.9,39.0,H,3,Baku,McLaren
15,64,RIC,16,0,12,11,13,0,49,39.6,24.6,0.0,0.4,54.7,1014.8,297.0,H,4,Baku,McLaren
16,64,RIC,17,0,11,11,13,0,49,39.6,24.6,0.0,0.4,54.7,1014.8,297.0,H,5,Baku,McLaren
17,64,RIC,18,0,11,11,13,0,49,39.1,24.3,0.0,0.2,55.8,1014.7,188.0,H,6,Baku,McLaren
18,64,RIC,19,0,11,11,13,0,50,39.1,24.3,0.0,0.2,55.8,1014.7,188.0,H,7,Baku,McLaren
19,64,RIC,20,0,11,11,13,0,50,37.9,24.3,0.0,0.4,55.3,1014.4,116.0,H,8,Baku,McLaren
20,64,RIC,21,0,11,11,13,0,50,38.4,24.2,0.0,0.3,55.8,1014.5,112.0,H,9,Baku,McLaren
21,64,RIC,22,0,11,11,13,0,50,38.1,24.3,0.0,0.5,56.3,1014.5,51.0,H,10,Baku,McLaren
22,64,RIC,23,0,11,11,13,0,50,38.0,24.3,0.0,0.3,56.6,1014.6,9.0,H,11,Baku,McLaren
23,64,RIC,24,1,11,11,13,0,51,38.0,24.3,0.0,0.4,56.4,1014.4,324.0,H,12,Baku,McLaren
24,64,RIC,25,1,11,11,13,0,51,38.6,24.4,0.0,0.3,56.2,1014.4,13.0,H,13,Baku,McLaren
25,64,RIC,26,0,11,11,13,0,52,37.8,24.2,0.0,0.3,57.0,1014.4,264.0,H,14,Baku,McLaren
26,64,RIC,27,0,11,11,13,0,52,37.0,24.0,0.0,0.2,58.6,1014.6,213.0,H,15,Baku,McLaren
27,64,RIC,28,0,11,11,13,0,52,37.4,24.0,0.0,0.3,58.6,1014.6,266.0,H,16,Baku,McLaren
28,64,RIC,29,0,11,11,13,0,52,36.9,24.0,0.0,0.3,58.5,1014.5,225.0,H,17,Baku,McLaren
29,64,RIC,30,0,11,10,13,0,52,37.1,24.0,0.0,0.1,58.2,1014.6,121.0,H,18,Baku,McLaren
30,64,RIC,31,2,10,10,13,0,52,37.2,24.1,0.0,0.1,57.6,1014.5,230.0,H,19,Baku,McLaren
31,64,RIC,32,2,10,10,13,0,53,37.5,24.1,0.0,0.6,58.0,1014.5,281.0,H,20,Baku,McLaren
32,64,RIC,33,2,10,10,13,0,53,37.6,24.3,0.0,0.1,56.8,1014.5,0.0,H,21,Baku,McLaren
33,64,RIC,34,2,10,10,13,0,52,37.1,24.2,0.0,0.1,57.3,1014.5,0.0,H,22,Baku,McLaren
34,64,RIC,35,2,10,10,13,0,51,37.1,24.0,0.0,0.3,57.8,1014.4,230.0,H,23,Baku,McLaren
35,64,RIC,36,0,10,10,13,0,50,35.9,23.8,0.0,0.1,59.0,1014.5,262.0,H,24,Baku,McLaren
36,64,RIC,37,0,10,10,13,0,50,35.7,23.7,0.0,0.3,59.7,1014.5,93.0,H,25,Baku,McLaren
37,64,RIC,38,0,10,10,13,0,49,35.4,23.7,0.0,0.3,60.3,1014.5,281.0,H,26,Baku,McLaren
38,64,RIC,39,0,10,10,13,0,49,35.4,23.7,0.0,0.3,60.3,1014.5,281.0,H,27,Baku,McLaren
39,64,RIC,40,0,10,10,13,0,49,35.3,23.4,0.0,0.2,60.9,1014.4,10.0,H,28,Baku,McLaren
40,64,RIC,41,0,10,10,13,0,49,35.3,23.3,0.0,0.2,61.0,1014.3,265.0,H,29,Baku,McLaren
41,64,RIC,42,0,10,10,13,0,49,34.7,23.2,0.0,0.1,61.2,1014.5,227.0,H,30,Baku,McLaren
42,64,RIC,43,0,10,10,13,0,49,35.2,23.3,0.0,0.2,60.4,1014.4,142.0,H,31,Baku,McLaren
43,64,RIC,44,0,10,10,13,0,49,35.6,23.3,0.0,0.2,59.5,1014.3,145.0,H,32,Baku,McLaren
44,64,RIC,45,0,10,10,13,0,49,34.8,23.2,0.0,0.3,59.4,1014.3,255.0,H,33,Baku,McLaren
45,64,RIC,46,0,10,9,13,0,50,34.4,23.1,0.0,0.2,60.1,1014.3,35.0,H,34,Baku,McLaren
46,64,RIC,47,2,9,9,13,0,50,34.4,22.9,0.0,0.3,60.3,1014.1,271.0,H,35,Baku,McLaren
47,64,RIC,48,2,9,9,13,0,49,33.8,23.0,0.0,0.3,60.5,1014.3,286.0,H,36,Baku,McLaren
48,64,RIC,49,2,9,9,13,0,43,34.4,23.0,0.0,0.1,58.5,1014.4,165.0,S,2,Baku,McLaren
49,64,RIC,50,1,9,9,13,0,43,34.5,23.2,0.0,0.3,58.0,1014.4,71.0,S,3,Baku,McLaren
50,64,RIC,51,1,9,9,13,0,43,33.5,23.0,0.0,0.4,60.4,1014.4,171.0,S,4,Baku,McLaren
0,64,RAI,1,1,14,14,14,0,42,40.5,24.6,0.0,0.1,51.4,1015.1,272.0,M,0,Baku,Alfa Romeo Racing
1,64,RAI,2,0,14,14,14,0,44,40.4,24.6,0.0,0.8,53.2,1015.0,261.0,M,1,Baku,Alfa Romeo Racing
2,64,RAI,3,0,14,13,14,0,47,40.4,24.4,0.0,0.3,54.5,1015.1,252.0,M,2,Baku,Alfa Romeo Racing
3,64,RAI,4,1,13,14,14,0,47,40.8,24.4,0.0,0.3,54.4,1015.0,6.0,M,3,Baku,Alfa Romeo Racing
4,64,RAI,5,0,14,14,14,0,49,41.0,24.8,0.0,0.5,53.5,1014.9,278.0,M,4,Baku,Alfa Romeo Racing
5,64,RAI,6,0,14,14,14,0,48,41.2,24.8,0.0,0.4,53.7,1015.0,257.0,M,5,Baku,Alfa Romeo Racing
6,64,RAI,7,0,14,14,14,0,49,41.2,24.7,0.0,0.5,52.5,1014.9,220.0,M,6,Baku,Alfa Romeo Racing
7,64,RAI,8,0,14,12,14,0,50,41.8,24.7,0.0,0.3,52.5,1014.8,214.0,M,7,Baku,Alfa Romeo Racing
8,64,RAI,9,0,12,12,14,0,51,41.8,24.8,0.0,0.3,52.5,1014.8,214.0,M,8,Baku,Alfa Romeo Racing
9,64,RAI,10,0,12,11,14,0,53,40.9,24.6,0.0,0.2,53.6,1014.8,235.0,M,9,Baku,Alfa Romeo Racing
10,64,RAI,11,1,11,10,14,0,54,39.5,24.7,0.0,0.3,53.6,1014.9,39.0,M,10,Baku,Alfa Romeo Racing
11,64,RAI,12,1,10,8,14,0,55,39.6,24.6,0.0,0.4,54.7,1014.8,297.0,M,11,Baku,Alfa Romeo Racing
12,64,RAI,13,0,8,10,14,0,55,39.5,24.4,0.0,0.3,54.4,1014.6,116.0,M,12,Baku,Alfa Romeo Racing
13,64,RAI,14,0,10,15,14,0,54,37.9,24.3,0.0,0.4,55.3,1014.4,116.0,H,0,Baku,Alfa Romeo Racing
14,64,RAI,15,0,15,15,14,0,54,38.2,24.2,0.0,0.3,55.3,1014.7,23.0,H,1,Baku,Alfa Romeo Racing
15,64,RAI,16,0,15,15,14,0,53,38.1,24.3,0.0,0.5,56.3,1014.5,51.0,H,2,Baku,Alfa Romeo Racing
16,64,RAI,17,0,15,15,14,0,53,38.0,24.3,0.0,0.4,56.4,1014.4,324.0,H,3,Baku,Alfa Romeo Racing
17,64,RAI,18,0,15,15,14,0,54,38.0,24.4,0.0,0.4,56.4,1014.4,324.0,H,4,Baku,Alfa Romeo Racing
18,64,RAI,19,0,15,15,14,0,54,38.5,24.5,0.0,0.4,55.6,1014.4,84.0,H,5,Baku,Alfa Romeo Racing
19,64,RAI,20,0,15,15,14,0,54,38.6,24.4,0.0,0.3,56.2,1014.4,13.0,H,6,Baku,Alfa Romeo Racing
20,64,RAI,21,0,15,15,14,0,54,38.1,24.4,0.0,0.3,56.0,1014.4,239.0,H,7,Baku,Alfa Romeo Racing
21,64,RAI,22,0,15,15,14,0,54,38.2,24.3,0.0,0.2,56.6,1014.5,36.0,H,8,Baku,Alfa Romeo Racing
22,64,RAI,23,0,15,15,14,0,54,37.8,24.2,0.0,0.3,57.0,1014.4,264.0,H,9,Baku,Alfa Romeo Racing
23,64,RAI,24,1,15,15,14,0,54,37.3,24.1,0.0,0.3,56.7,1014.5,297.0,H,10,Baku,Alfa Romeo Racing
24,64,RAI,25,1,15,15,14,0,54,37.3,24.1,0.0,0.2,57.0,1014.6,244.0,H,11,Baku,Alfa Romeo Racing
25,64,RAI,26,0,15,15,14,0,54,36.9,24.0,0.0,0.2,58.2,1014.5,282.0,H,12,Baku,Alfa Romeo Racing
26,64,RAI,27,0,15,15,14,0,53,36.4,23.9,0.0,0.3,58.8,1014.6,0.0,H,13,Baku,Alfa Romeo Racing
27,64,RAI,28,0,15,15,14,0,53,36.9,24.0,0.0,0.3,58.5,1014.5,225.0,H,14,Baku,Alfa Romeo Racing
28,64,RAI,29,0,15,15,14,0,53,37.9,24.1,0.0,0.5,56.5,1014.5,354.0,H,15,Baku,Alfa Romeo Racing
29,64,RAI,30,0,15,14,14,0,53,37.5,24.0,0.0,0.6,58.0,1014.5,281.0,H,16,Baku,Alfa Romeo Racing
30,64,RAI,31,2,14,14,14,0,52,37.3,24.1,0.0,0.1,57.6,1014.5,168.0,H,17,Baku,Alfa Romeo Racing
31,64,RAI,32,2,14,14,14,0,52,37.6,24.3,0.0,0.1,56.8,1014.5,0.0,H,18,Baku,Alfa Romeo Racing
32,64,RAI,33,2,14,14,14,0,52,37.6,24.3,0.0,0.1,56.8,1014.5,0.0,H,19,Baku,Alfa Romeo Racing
33,64,RAI,34,2,14,12,14,0,49,35.9,23.8,0.0,0.1,59.0,1014.5,262.0,H,20,Baku,Alfa Romeo Racing
34,64,RAI,35,2,12,12,14,0,46,35.7,23.7,0.0,0.3,59.6,1014.7,319.0,H,21,Baku,Alfa Romeo Racing
35,64,RAI,36,0,12,12,14,0,45,35.4,23.7,0.0,0.3,60.3,1014.5,281.0,H,22,Baku,Alfa Romeo Racing
36,64,RAI,37,0,12,12,14,0,45,35.3,23.4,0.0,0.2,60.9,1014.4,10.0,H,23,Baku,Alfa Romeo Racing
37,64,RAI,38,0,12,12,14,0,45,35.3,23.3,0.0,0.2,61.0,1014.3,265.0,H,24,Baku,Alfa Romeo Racing
38,64,RAI,39,0,12,12,14,0,45,35.3,23.3,0.0,0.2,61.0,1014.3,265.0,H,25,Baku,Alfa Romeo Racing
39,64,RAI,40,0,12,12,14,0,45,34.7,23.2,0.0,0.1,61.2,1014.5,227.0,H,26,Baku,Alfa Romeo Racing
40,64,RAI,41,0,12,12,14,0,45,35.2,23.3,0.0,0.2,60.4,1014.4,142.0,H,27,Baku,Alfa Romeo Racing
41,64,RAI,42,0,12,12,14,0,46,35.6,23.3,0.0,0.2,59.5,1014.3,145.0,H,28,Baku,Alfa Romeo Racing
42,64,RAI,43,0,12,12,14,0,46,34.4,23.0,0.0,0.2,60.1,1014.3,35.0,H,29,Baku,Alfa Romeo Racing
43,64,RAI,44,0,12,12,14,0,46,34.4,23.1,0.0,0.2,60.1,1014.3,35.0,H,30,Baku,Alfa Romeo Racing
44,64,RAI,45,0,12,12,14,0,46,34.4,22.9,0.0,0.3,60.3,1014.1,271.0,H,31,Baku,Alfa Romeo Racing
45,64,RAI,46,0,12,11,14,0,46,34.4,23.1,0.0,0.1,58.5,1014.4,165.0,H,32,Baku,Alfa Romeo Racing
46,64,RAI,47,2,11,11,14,0,46,34.4,23.2,0.0,0.4,58.2,1014.4,95.0,H,33,Baku,Alfa Romeo Racing
47,64,RAI,48,2,11,11,14,0,45,33.9,23.1,0.0,0.4,59.3,1014.4,46.0,H,34,Baku,Alfa Romeo Racing
48,64,RAI,49,2,11,11,14,0,38,33.5,23.0,0.0,0.4,60.4,1014.4,171.0,S,0,Baku,Alfa Romeo Racing
49,64,RAI,50,1,11,10,14,0,36,33.5,23.0,0.0,0.4,60.4,1014.4,171.0,S,1,Baku,Alfa Romeo Racing
50,64,RAI,51,1,10,10,14,0,37,32.8,23.0,0.0,0.5,60.6,1014.2,88.0,S,2,Baku,Alfa Romeo Racing
0,64,RUS,1,1,20,20,20,0,43,40.9,24.8,0.0,0.4,54.6,1015.0,237.0,M,0,Baku,Williams
1,64,RUS,2,0,20,20,20,0,41,41.0,24.8,0.0,0.5,53.5,1014.9,278.0,H,0,Baku,Williams
2,64,RUS,3,0,20,20,20,0,47,41.0,24.7,0.0,0.4,53.9,1015.0,225.0,H,1,Baku,Williams
3,64,RUS,4,1,20,19,20,0,49,41.2,24.8,0.0,0.4,53.7,1015.0,257.0,H,2,Baku,Williams
4,64,RUS,5,0,19,19,20,0,50,41.2,24.7,0.0,0.5,52.5,1014.9,220.0,H,3,Baku,Williams
5,64,RUS,6,0,19,19,20,0,51,41.4,24.7,0.0,0.3,53.3,1014.8,326.0,H,4,Baku,Williams
6,64,RUS,7,0,19,19,20,0,50,41.8,24.7,0.0,0.3,52.5,1014.8,214.0,H,5,Baku,Williams
7,64,RUS,8,0,19,19,20,0,51,41.8,24.8,0.0,0.3,52.5,1014.8,214.0,H,6,Baku,Williams
8,64,RUS,9,0,19,18,20,0,52,42.2,24.8,0.0,0.3,51.8,1014.9,348.0,H,7,Baku,Williams
9,64,RUS,10,0,18,16,20,0,52,42.2,24.8,0.0,0.3,51.8,1014.9,348.0,H,8,Baku,Williams
10,64,RUS,11,1,16,16,20,0,52,42.0,24.7,0.0,0.3,53.0,1014.8,85.0,H,9,Baku,Williams
11,64,RUS,12,1,16,16,20,0,53,39.5,24.6,0.0,0.3,53.6,1014.9,39.0,H,10,Baku,Williams
12,64,RUS,13,0,16,16,20,0,53,39.6,24.6,0.0,0.4,54.7,1014.8,297.0,H,11,Baku,Williams
13,64,RUS,14,0,16,16,20,0,53,39.6,24.6,0.0,0.4,54.7,1014.8,297.0,H,12,Baku,Williams
14,64,RUS,15,0,16,16,20,0,52,39.2,24.3,0.0,0.6,55.4,1014.8,74.0,H,13,Baku,Williams
15,64,RUS,16,0,16,16,20,0,52,37.9,24.3,0.0,0.4,55.3,1014.4,116.0,H,14,Baku,Williams
16,64,RUS,17,0,16,16,20,0,51,38.3,24.1,0.0,0.3,55.7,1014.7,66.0,H,15,Baku,Williams
17,64,RUS,18,0,16,16,20,0,51,38.2,24.2,0.0,0.3,55.3,1014.7,23.0,H,16,Baku,Williams
18,64,RUS,19,0,16,16,20,0,52,38.1,24.3,0.0,0.5,56.3,1014.5,51.0,H,17,Baku,Williams
19,64,RUS,20,0,16,16,20,0,52,38.0,24.3,0.0,0.3,56.6,1014.6,9.0,H,18,Baku,Williams
20,64,RUS,21,0,16,16,20,0,52,38.7,24.5,0.0,0.2,55.7,1014.4,237.0,H,19,Baku,Williams
21,64,RUS,22,0,16,16,20,0,52,38.6,24.4,0.0,0.3,56.2,1014.4,13.0,H,20,Baku,Williams
22,64,RUS,23,0,16,16,20,0,52,38.1,24.4,0.0,0.3,56.0,1014.4,239.0,H,21,Baku,Williams
23,64,RUS,24,1,16,16,20,0,52,37.8,24.2,0.0,0.3,57.0,1014.4,264.0,H,22,Baku,Williams
24,64,RUS,25,1,16,16,20,0,52,37.3,24.1,0.0,0.3,56.7,1014.5,297.0,H,23,Baku,Williams
25,64,RUS,26,0,16,16,20,0,52,37.3,24.1,0.0,0.2,57.0,1014.6,244.0,H,24,Baku,Williams
26,64,RUS,27,0,16,16,20,0,52,37.0,24.0,0.0,0.2,58.6,1014.6,213.0,H,25,Baku,Williams
27,64,RUS,28,0,16,16,20,0,52,37.1,24.0,0.0,0.3,58.2,1014.6,263.0,H,26,Baku,Williams
28,64,RUS,29,0,16,16,20,0,52,37.5,24.1,0.0,0.6,58.0,1014.5,281.0,H,27,Baku,Williams
29,64,RUS,30,0,16,15,20,0,52,37.6,24.3,0.0,0.1,56.8,1014.5,0.0,H,28,Baku,Williams
30,64,RUS,31,2,15,15,20,0,52,37.1,24.2,0.0,0.1,57.3,1014.5,0.0,H,29,Baku,Williams
31,64,RUS,32,2,15,15,20,0,53,36.8,24.0,0.0,0.6,58.1,1014.5,260.0,H,30,Baku,Williams
32,64,RUS,33,2,15,15,20,0,53,35.9,23.9,0.0,0.1,59.0,1014.5,262.0,H,31,Baku,Williams
33,64,RUS,34,2,15,16,20,0,50,35.7,23.7,0.0,0.3,59.7,1014.5,93.0,H,32,Baku,Williams
34,64,RUS,35,2,16,16,20,0,49,35.4,23.7,0.0,0.3,60.3,1014.5,281.0,H,0,Baku,Williams
35,64,RUS,36,0,16,16,20,0,47,35.4,23.5,0.0,0.3,61.0,1014.4,241.0,H,1,Baku,Williams
36,64,RUS,37,0,16,16,20,0,47,35.3,23.4,0.0,0.2,60.9,1014.4,10.0,H,2,Baku,Williams
37,64,RUS,38,0,16,15,20,0,47,35.3,23.3,0.0,0.2,61.0,1014.3,265.0,H,3,Baku,Williams
38,64,RUS,39,0,15,15,20,0,47,34.9,23.2,0.0,0.2,61.8,1014.4,310.0,H,4,Baku,Williams
39,64,RUS,40,0,15,15,20,0,47,35.2,23.2,0.0,0.2,60.4,1014.4,142.0,H,5,Baku,Williams
40,64,RUS,41,0,15,15,20,0,47,34.8,23.2,0.0,0.3,59.4,1014.3,255.0,H,6,Baku,Williams
41,64,RUS,42,0,15,15,20,0,47,34.4,23.1,0.0,0.2,60.1,1014.3,35.0,H,7,Baku,Williams
42,64,RUS,43,0,15,15,20,0,48,34.4,22.9,0.0,0.3,60.3,1014.1,271.0,H,8,Baku,Williams
43,64,RUS,44,0,15,15,20,0,48,33.8,23.0,0.0,0.3,60.5,1014.3,286.0,H,9,Baku,Williams
44,64,RUS,45,0,15,15,20,0,48,34.5,23.2,0.0,0.3,58.0,1014.4,71.0,H,10,Baku,Williams
45,64,RUS,46,0,15,14,20,0,49,34.4,23.2,0.0,0.4,58.2,1014.4,95.0,H,11,Baku,Williams
46,64,RUS,47,2,14,14,20,0,49,33.5,23.0,0.0,0.4,60.4,1014.4,171.0,H,12,Baku,Williams
47,64,RUS,48,2,14,15,20,0,48,33.4,22.9,0.0,0.2,61.6,1014.4,54.0,S,0,Baku,Williams
0,64,LAT,1,1,17,17,17,0,38,40.0,24.5,0.0,0.3,52.3,1015.1,221.0,M,0,Baku,Williams
1,64,LAT,2,0,17,16,17,0,33,40.2,24.6,0.0,0.1,51.6,1015.1,251.0,M,1,Baku,Williams
2,64,LAT,3,0,16,15,17,0,34,40.5,24.6,0.0,0.1,51.4,1015.1,272.0,M,2,Baku,Williams
3,64,LAT,4,1,15,15,17,0,35,40.4,24.6,0.0,0.8,53.2,1015.0,261.0,M,3,Baku,Williams
4,64,LAT,5,0,15,15,17,0,35,40.9,24.8,0.0,0.4,54.6,1015.0,237.0,M,4,Baku,Williams
5,64,LAT,6,0,15,15,17,0,35,41.0,24.7,0.0,0.4,53.9,1015.0,225.0,M,5,Baku,Williams
6,64,LAT,7,0,15,15,17,0,35,41.2,24.8,0.0,0.4,53.7,1015.0,257.0,M,6,Baku,Williams
7,64,LAT,8,0,15,13,17,0,37,41.2,24.9,0.0,0.5,52.5,1014.9,220.0,M,7,Baku,Williams
8,64,LAT,9,0,13,13,17,0,38,41.2,24.7,0.0,0.5,52.5,1014.9,220.0,M,8,Baku,Williams
9,64,LAT,10,0,13,17,17,0,38,40.9,24.6,0.0,0.2,55.3,1014.9,252.0,H,0,Baku,Williams
10,64,LAT,11,1,17,17,17,0,39,40.9,24.6,0.0,0.2,55.3,1014.9,252.0,H,1,Baku,Williams
11,64,LAT,12,1,17,17,17,0,40,41.8,24.8,0.0,0.3,52.5,1014.8,214.0,H,2,Baku,Williams
12,64,LAT,13,0,17,17,17,0,41,42.0,24.6,0.0,0.3,53.0,1014.8,85.0,H,3,Baku,Williams
13,64,LAT,14,0,17,17,17,0,41,40.9,24.6,0.0,0.2,53.6,1014.8,235.0,H,4,Baku,Williams
14,64,LAT,15,0,17,17,17,0,42,39.9,24.7,0.0,0.3,53.4,1014.9,0.0,H,5,Baku,Williams
15,64,LAT,16,0,17,17,17,0,42,39.9,24.6,0.0,0.3,53.4,1014.9,0.0,H,6,Baku,Williams
16,64,LAT,17,0,17,17,17,0,42,39.5,24.7,0.0,0.3,53.6,1014.9,39.0,H,7,Baku,Williams
17,64,LAT,18,0,17,17,17,0,43,39.5,24.6,0.0,0.3,53.6,1014.9,39.0,H,8,Baku,Williams
18,64,LAT,19,0,17,17,17,0,43,39.2,24.3,0.0,0.6,55.4,1014.8,74.0,H,9,Baku,Williams
19,64,LAT,20,0,17,17,17,0,43,39.1,24.3,0.0,0.2,55.8,1014.7,188.0,H,10,Baku,Williams
20,64,LAT,21,0,17,17,17,0,43,39.1,24.4,0.0,0.2,54.6,1014.6,76.0,H,11,Baku,Williams
21,64,LAT,22,0,17,17,17,0,43,37.9,24.3,0.0,0.4,55.3,1014.4,116.0,H,12,Baku,Williams
22,64,LAT,23,0,17,17,17,0,44,38.3,24.1,0.0,0.3,55.7,1014.7,66.0,H,13,Baku,Williams
23,64,LAT,24,1,17,17,17,0,44,38.3,24.1,0.0,0.3,55.7,1014.7,66.0,H,14,Baku,Williams
24,64,LAT,25,1,17,17,17,0,43,38.0,24.3,0.0,0.4,56.4,1014.4,324.0,H,15,Baku,Williams
25,64,LAT,26,0,17,17,17,0,43,38.6,24.4,0.0,0.3,56.2,1014.4,13.0,H,16,Baku,Williams
26,64,LAT,27,0,17,17,17,0,43,38.2,24.4,0.0,0.2,56.6,1014.5,36.0,H,17,Baku,Williams
27,64,LAT,28,0,17,17,17,0,43,37.3,24.1,0.0,0.2,57.0,1014.6,244.0,H,18,Baku,Williams
28,64,LAT,29,0,17,17,17,0,44,37.3,24.1,0.0,0.2,57.0,1014.6,244.0,H,19,Baku,Williams
29,64,LAT,30,0,17,16,17,0,44,37.0,24.0,0.0,0.2,58.6,1014.6,213.0,H,20,Baku,Williams
30,64,LAT,31,2,16,16,17,0,44,36.9,24.0,0.0,0.3,58.5,1014.5,225.0,H,21,Baku,Williams
31,64,LAT,32,2,16,16,17,0,44,37.1,24.0,0.0,0.1,58.2,1014.6,121.0,H,22,Baku,Williams
32,64,LAT,33,2,16,16,17,0,45,37.5,24.1,0.0,0.6,58.0,1014.5,281.0,H,23,Baku,Williams
33,64,LAT,34,2,16,14,17,0,43,37.6,24.3,0.0,0.1,56.8,1014.5,0.0,H,24,Baku,Williams
34,64,LAT,35,2,14,13,17,0,40,37.6,24.3,0.0,0.1,56.8,1014.5,0.0,H,25,Baku,Williams
35,64,LAT,36,0,13,15,17,0,39,37.1,24.0,0.0,0.3,57.8,1014.4,230.0,H,26,Baku,Williams
36,64,LAT,37,0,15,15,17,0,39,35.4,23.7,0.0,0.3,60.3,1014.5,281.0,H,27,Baku,Williams
37,64,LAT,38,0,15,16,17,0,39,34.7,23.1,0.0,0.1,61.2,1014.5,227.0,H,28,Baku,Williams
38,64,LAT,39,0,16,16,17,0,39,35.2,23.2,0.0,0.2,60.4,1014.4,142.0,H,29,Baku,Williams
39,64,LAT,40,0,16,16,17,0,39,35.2,23.3,0.0,0.2,60.4,1014.4,142.0,H,30,Baku,Williams
40,64,LAT,41,0,16,16,17,0,39,35.6,23.2,0.0,0.2,59.5,1014.3,145.0,H,31,Baku,Williams
41,64,LAT,42,0,16,16,17,0,40,33.8,23.0,0.0,0.3,60.5,1014.3,286.0,H,32,Baku,Williams
42,64,LAT,43,0,16,16,17,0,40,34.4,23.1,0.0,0.1,58.5,1014.4,165.0,H,33,Baku,Williams
43,64,LAT,44,0,16,16,17,0,40,34.4,23.2,0.0,0.4,58.2,1014.4,95.0,H,34,Baku,Williams
44,64,LAT,45,0,16,16,17,0,41,33.9,23.1,0.0,0.4,59.3,1014.4,46.0,H,35,Baku,Williams
45,64,LAT,46,0,16,15,17,0,41,33.9,23.1,0.0,0.4,59.3,1014.4,46.0,H,36,Baku,Williams
46,64,LAT,47,2,15,15,17,0,41,33.5,23.0,0.0,0.4,60.4,1014.4,171.0,H,37,Baku,Williams
47,64,LAT,48,2,15,13,17,0,40,33.5,23.0,0.0,0.4,60.4,1014.4,171.0,H,38,Baku,Williams
48,64,LAT,49,2,13,14,17,0,34,33.4,22.9,0.0,0.2,61.6,1014.4,54.0,S,0,Baku,Williams
49,64,LAT,50,1,14,13,17,0,33,33.2,22.9,0.0,0.2,61.4,1014.1,227.0,S,1,Baku,Williams
50,64,LAT,51,1,13,13,17,0,33,32.8,23.0,0.0,0.5,60.6,1014.2,88.0,S,2,Baku,Williams
0,64,MSC,1,1,18,18,18,0,32,40.0,24.5,0.0,0.3,52.3,1015.1,221.0,S,0,Baku,Haas F1 Team
1,64,MSC,2,0,18,17,18,0,31,40.4,24.6,0.0,0.8,53.2,1015.0,261.0,S,1,Baku,Haas F1 Team
2,64,MSC,3,0,17,16,18,0,33,40.4,24.4,0.0,0.3,54.5,1015.1,252.0,S,2,Baku,Haas F1 Team
3,64,MSC,4,1,16,16,18,0,33,41.0,24.8,0.0,0.5,53.5,1014.9,278.0,S,3,Baku,Haas F1 Team
4,64,MSC,5,0,16,16,18,0,34,41.0,24.7,0.0,0.4,53.9,1015.0,225.0,S,4,Baku,Haas F1 Team
5,64,MSC,6,0,16,16,18,0,35,41.2,24.9,0.0,0.5,52.5,1014.9,220.0,S,5,Baku,Haas F1 Team
6,64,MSC,7,0,16,16,18,0,35,41.2,24.7,0.0,0.5,52.5,1014.9,220.0,S,6,Baku,Haas F1 Team
7,64,MSC,8,0,16,16,18,0,37,41.4,24.7,0.0,0.3,53.3,1014.8,326.0,S,7,Baku,Haas F1 Team
8,64,MSC,9,0,16,19,18,0,38,41.4,24.8,0.0,0.3,53.3,1014.8,326.0,H,0,Baku,Haas F1 Team
9,64,MSC,10,0,19,18,18,0,39,41.8,24.8,0.0,0.3,52.5,1014.8,214.0,H,1,Baku,Haas F1 Team
10,64,MSC,11,1,18,18,18,0,40,42.0,24.7,0.0,0.3,53.0,1014.8,85.0,H,2,Baku,Haas F1 Team
11,64,MSC,12,1,18,18,18,0,40,40.9,24.7,0.0,0.2,53.6,1014.8,235.0,H,3,Baku,Haas F1 Team
12,64,MSC,13,0,18,18,18,0,40,39.9,24.7,0.0,0.3,53.4,1014.9,0.0,H,4,Baku,Haas F1 Team
13,64,MSC,14,0,18,18,18,0,41,39.9,24.6,0.0,0.3,53.4,1014.9,0.0,H,5,Baku,Haas F1 Team
14,64,MSC,15,0,18,18,18,0,41,39.1,24.3,0.0,0.2,55.8,1014.7,188.0,H,6,Baku,Haas F1 Team
15,64,MSC,16,0,18,18,18,0,41,39.5,24.4,0.0,0.3,54.4,1014.6,116.0,H,7,Baku,Haas F1 Team
16,64,MSC,17,0,18,18,18,0,41,37.9,24.3,0.0,0.4,55.3,1014.4,116.0,H,8,Baku,Haas F1 Team
17,64,MSC,18,0,18,18,18,0,41,37.9,24.3,0.0,0.4,55.3,1014.4,116.0,H,9,Baku,Haas F1 Team
18,64,MSC,19,0,18,18,18,0,41,38.3,24.1,0.0,0.3,55.7,1014.7,66.0,H,10,Baku,Haas F1 Team
19,64,MSC,20,0,18,18,18,0,41,38.4,24.2,0.0,0.3,55.8,1014.5,112.0,H,11,Baku,Haas F1 Team
20,64,MSC,21,0,18,18,18,0,41,38.0,24.3,0.0,0.4,56.4,1014.4,324.0,H,12,Baku,Haas F1 Team
21,64,MSC,22,0,18,18,18,0,41,38.7,24.5,0.0,0.2,55.7,1014.4,237.0,H,13,Baku,Haas F1 Team
22,64,MSC,23,0,18,18,18,0,41,38.2,24.3,0.0,0.2,56.6,1014.5,36.0,H,14,Baku,Haas F1 Team
23,64,MSC,24,1,18,18,18,0,41,37.8,24.2,0.0,0.3,57.0,1014.4,264.0,H,15,Baku,Haas F1 Team
24,64,MSC,25,1,18,18,18,0,41,37.3,24.1,0.0,0.3,56.7,1014.5,297.0,H,16,Baku,Haas F1 Team
25,64,MSC,26,0,18,18,18,0,41,37.3,24.1,0.0,0.2,57.0,1014.6,244.0,H,17,Baku,Haas F1 Team
26,64,MSC,27,0,18,18,18,0,41,36.9,24.0,0.0,0.2,58.2,1014.5,282.0,H,18,Baku,Haas F1 Team
27,64,MSC,28,0,18,18,18,0,40,36.4,23.9,0.0,0.3,58.8,1014.6,0.0,H,19,Baku,Haas F1 Team
28,64,MSC,29,0,18,18,18,0,40,37.4,24.0,0.0,0.3,58.6,1014.6,266.0,H,20,Baku,Haas F1 Team
29,64,MSC,30,0,18,17,18,0,40,36.9,24.0,0.0,0.3,58.5,1014.5,225.0,H,21,Baku,Haas F1 Team
30,64,MSC,31,2,17,17,18,0,39,36.9,24.0,0.0,0.3,58.5,1014.5,225.0,H,22,Baku,Haas F1 Team
31,64,MSC,32,2,17,17,18,0,40,37.2,24.1,0.0,0.1,57.6,1014.5,230.0,H,23,Baku,Haas F1 Team
32,64,MSC,33,2,17,17,18,0,41,37.5,24.1,0.0,0.6,58.0,1014.5,281.0,H,24,Baku,Haas F1 Team
33,64,MSC,34,2,17,17,18,0,39,37.5,24.0,0.0,0.6,58.0,1014.5,281.0,H,25,Baku,Haas F1 Team
34,64,MSC,35,2,17,17,18,0,38,37.6,24.3,0.0,0.1,56.8,1014.5,0.0,S,2,Baku,Haas F1 Team
35,64,MSC,36,0,17,17,18,0,39,35.9,23.8,0.0,0.1,59.0,1014.5,262.0,S,3,Baku,Haas F1 Team
36,64,MSC,37,0,17,17,18,0,39,35.7,23.7,0.0,0.3,59.6,1014.7,319.0,S,4,Baku,Haas F1 Team
37,64,MSC,38,0,17,17,18,0,39,35.7,23.7,0.0,0.3,59.7,1014.5,93.0,S,5,Baku,Haas F1 Team
38,64,MSC,39,0,17,17,18,0,39,35.4,23.5,0.0,0.3,60.5,1014.5,257.0,S,6,Baku,Haas F1 Team
39,64,MSC,40,0,17,17,18,0,39,35.3,23.4,0.0,0.2,60.9,1014.4,10.0,S,7,Baku,Haas F1 Team
40,64,MSC,41,0,17,17,18,0,39,35.3,23.3,0.0,0.2,61.0,1014.3,265.0,S,8,Baku,Haas F1 Team
41,64,MSC,42,0,17,17,18,0,39,35.2,23.2,0.0,0.2,60.4,1014.4,142.0,S,9,Baku,Haas F1 Team
42,64,MSC,43,0,17,17,18,0,39,34.4,23.1,0.0,0.3,60.1,1014.1,241.0,S,10,Baku,Haas F1 Team
43,64,MSC,44,0,17,17,18,0,39,34.4,23.0,0.0,0.2,60.1,1014.3,35.0,S,11,Baku,Haas F1 Team
44,64,MSC,45,0,17,17,18,0,39,34.4,23.1,0.0,0.2,60.1,1014.3,35.0,S,2,Baku,Haas F1 Team
45,64,MSC,46,0,17,16,18,0,40,34.4,23.0,0.0,0.1,58.5,1014.4,165.0,S,3,Baku,Haas F1 Team
46,64,MSC,47,2,16,16,18,0,39,34.4,23.1,0.0,0.1,58.5,1014.4,165.0,S,4,Baku,Haas F1 Team
47,64,MSC,48,2,16,16,18,0,38,34.4,23.2,0.0,0.4,58.2,1014.4,95.0,S,5,Baku,Haas F1 Team
48,64,MSC,49,2,16,15,18,0,30,33.9,23.1,0.0,0.4,59.3,1014.4,46.0,S,3,Baku,Haas F1 Team
49,64,MSC,50,1,15,15,18,0,30,33.2,22.9,0.0,0.2,61.4,1014.1,227.0,S,4,Baku,Haas F1 Team
50,64,MSC,51,1,15,14,18,0,30,33.2,22.9,0.0,0.2,61.4,1014.1,227.0,S,5,Baku,Haas F1 Team
0,64,MAZ,1,1,19,19,19,0,32,40.0,24.5,0.0,0.3,52.3,1015.1,221.0,S,0,Baku,Haas F1 Team
1,64,MAZ,2,0,19,19,19,0,28,40.4,24.3,0.0,0.3,54.5,1015.1,252.0,S,1,Baku,Haas F1 Team
2,64,MAZ,3,0,19,17,19,0,28,40.9,24.7,0.0,0.4,54.6,1015.0,237.0,S,2,Baku,Haas F1 Team
3,64,MAZ,4,1,17,17,19,0,29,41.0,24.7,0.0,0.4,53.9,1015.0,225.0,S,3,Baku,Haas F1 Team
4,64,MAZ,5,0,17,17,19,0,29,41.0,24.7,0.0,0.4,53.9,1015.0,225.0,S,4,Baku,Haas F1 Team
5,64,MAZ,6,0,17,17,19,0,30,41.2,24.8,0.0,0.4,53.7,1015.0,257.0,S,5,Baku,Haas F1 Team
6,64,MAZ,7,0,17,17,19,0,30,41.2,24.7,0.0,0.5,52.5,1014.9,220.0,S,6,Baku,Haas F1 Team
7,64,MAZ,8,0,17,15,19,0,31,41.4,24.8,0.0,0.3,53.3,1014.8,326.0,S,7,Baku,Haas F1 Team
8,64,MAZ,9,0,15,17,19,0,32,41.8,24.8,0.0,0.3,52.5,1014.8,214.0,S,8,Baku,Haas F1 Team
9,64,MAZ,10,0,17,19,19,0,31,42.0,24.7,0.0,0.3,53.0,1014.8,85.0,H,0,Baku,Haas F1 Team
10,64,MAZ,11,1,19,19,19,0,31,40.9,24.7,0.0,0.2,53.6,1014.8,235.0,H,1,Baku,Haas F1 Team
11,64,MAZ,12,1,19,19,19,0,32,40.9,24.6,0.0,0.2,53.6,1014.8,235.0,H,2,Baku,Haas F1 Team
12,64,MAZ,13,0,19,19,19,0,33,39.5,24.7,0.0,0.3,53.6,1014.9,39.0,H,3,Baku,Haas F1 Team
13,64,MAZ,14,0,19,19,19,0,34,39.1,24.3,0.0,0.2,55.8,1014.7,188.0,H,4,Baku,Haas F1 Team
14,64,MAZ,15,0,19,19,19,0,34,38.2,24.2,0.0,0.3,55.3,1014.7,23.0,H,5,Baku,Haas F1 Team
15,64,MAZ,16,0,19,19,19,0,34,38.1,24.3,0.0,0.5,56.3,1014.5,51.0,H,6,Baku,Haas F1 Team
16,64,MAZ,17,0,19,19,19,0,35,38.0,24.4,0.0,0.4,56.4,1014.4,324.0,H,7,Baku,Haas F1 Team
17,64,MAZ,18,0,19,19,19,0,35,38.5,24.5,0.0,0.4,55.6,1014.4,84.0,H,8,Baku,Haas F1 Team
18,64,MAZ,19,0,19,19,19,0,35,38.5,24.5,0.0,0.4,55.6,1014.4,84.0,H,9,Baku,Haas F1 Team
19,64,MAZ,20,0,19,19,19,0,35,38.7,24.5,0.0,0.2,55.7,1014.4,237.0,H,10,Baku,Haas F1 Team
20,64,MAZ,21,0,19,19,19,0,36,38.2,24.3,0.0,0.2,56.6,1014.5,36.0,H,11,Baku,Haas F1 Team
21,64,MAZ,22,0,19,19,19,0,36,38.0,24.2,0.0,0.2,57.1,1014.4,231.0,H,12,Baku,Haas F1 Team
22,64,MAZ,23,0,19,19,19,0,36,37.3,24.1,0.0,0.3,56.7,1014.5,297.0,H,13,Baku,Haas F1 Team
23,64,MAZ,24,1,19,19,19,0,36,37.3,24.1,0.0,0.3,56.7,1014.5,297.0,H,14,Baku,Haas F1 Team
24,64,MAZ,25,1,19,19,19,0,35,37.3,24.1,0.0,0.2,57.0,1014.6,244.0,H,15,Baku,Haas F1 Team
25,64,MAZ,26,0,19,19,19,0,34,36.9,24.0,0.0,0.2,58.2,1014.5,282.0,H,16,Baku,Haas F1 Team
26,64,MAZ,27,0,19,19,19,0,34,36.9,24.0,0.0,0.2,58.2,1014.5,282.0,H,17,Baku,Haas F1 Team
27,64,MAZ,28,0,19,19,19,0,34,36.4,23.9,0.0,0.3,58.8,1014.6,0.0,H,18,Baku,Haas F1 Team
28,64,MAZ,29,0,19,19,19,0,34,37.1,24.0,0.0,0.3,58.2,1014.6,263.0,H,19,Baku,Haas F1 Team
29,64,MAZ,30,0,19,18,19,0,34,37.1,24.0,0.0,0.3,58.2,1014.6,263.0,H,20,Baku,Haas F1 Team
30,64,MAZ,31,2,18,18,19,0,33,37.2,24.1,0.0,0.1,57.6,1014.5,230.0,H,21,Baku,Haas F1 Team
31,64,MAZ,32,2,18,18,19,0,31,37.6,24.3,0.0,0.1,56.8,1014.5,0.0,H,22,Baku,Haas F1 Team
32,64,MAZ,33,2,18,18,19,0,29,37.6,24.3,0.0,0.1,56.8,1014.5,0.0,H,23,Baku,Haas F1 Team
33,64,MAZ,34,2,18,18,19,0,28,35.9,23.9,0.0,0.1,59.0,1014.5,262.0,H,24,Baku,Haas F1 Team
34,64,MAZ,35,2,18,18,19,0,28,35.9,23.8,0.0,0.1,59.0,1014.5,262.0,S,2,Baku,Haas F1 Team
35,64,MAZ,36,0,18,18,19,0,28,35.4,23.5,0.0,0.3,60.5,1014.5,257.0,S,3,Baku,Haas F1 Team
36,64,MAZ,37,0,18,18,19,0,29,35.4,23.5,0.0,0.3,60.5,1014.5,257.0,S,4,Baku,Haas F1 Team
37,64,MAZ,38,0,18,18,19,0,29,35.3,23.2,0.0,0.6,61.5,1014.4,11.0,S,5,Baku,Haas F1 Team
38,64,MAZ,39,0,18,18,19,0,29,34.7,23.1,0.0,0.1,61.2,1014.5,227.0,S,6,Baku,Haas F1 Team
39,64,MAZ,40,0,18,18,19,0,30,35.2,23.2,0.0,0.2,60.4,1014.4,142.0,S,7,Baku,Haas F1 Team
40,64,MAZ,41,0,18,18,19,0,30,35.2,23.3,0.0,0.2,60.4,1014.4,142.0,S,8,Baku,Haas F1 Team
41,64,MAZ,42,0,18,18,19,0,30,35.6,23.3,0.0,0.2,59.5,1014.3,145.0,S,9,Baku,Haas F1 Team
42,64,MAZ,43,0,18,18,19,0,31,34.8,23.2,0.0,0.3,59.4,1014.3,255.0,S,10,Baku,Haas F1 Team
43,64,MAZ,44,0,18,18,19,0,31,34.8,23.2,0.0,0.3,59.4,1014.3,255.0,S,11,Baku,Haas F1 Team
44,64,MAZ,45,0,18,18,19,0,30,34.4,23.0,0.0,0.1,58.5,1014.4,165.0,S,5,Baku,Haas F1 Team
45,64,MAZ,46,0,18,17,19,0,30,34.5,23.2,0.0,0.3,58.0,1014.4,71.0,S,6,Baku,Haas F1 Team
46,64,MAZ,47,2,17,17,19,0,30,33.9,23.1,0.0,0.4,59.3,1014.4,46.0,S,7,Baku,Haas F1 Team
47,64,MAZ,48,2,17,17,19,0,22,33.5,23.0,0.0,0.4,60.4,1014.4,171.0,S,8,Baku,Haas F1 Team
48,64,MAZ,49,2,17,16,19,0,22,33.5,23.0,0.0,0.4,60.4,1014.4,171.0,S,9,Baku,Haas F1 Team
49,64,MAZ,50,1,16,14,19,0,22,33.4,22.9,0.0,0.2,61.6,1014.4,54.0,S,10,Baku,Haas F1 Team
50,64,MAZ,51,1,14,15,19,0,22,33.2,22.9,0.0,0.2,61.4,1014.1,227.0,S,11,Baku,Haas F1 Team
0,64,STR,1,1,16,16,16,0,46,40.9,24.7,0.0,0.4,54.6,1015.0,237.0,H,0,Baku,Aston Martin
1,64,STR,2,0,16,15,16,0,44,41.8,24.8,0.0,0.3,52.5,1014.8,214.0,H,1,Baku,Aston Martin
2,64,STR,3,0,15,14,16,0,46,39.9,24.6,0.0,0.3,53.4,1014.9,0.0,H,2,Baku,Aston Martin
3,64,STR,4,1,14,13,16,0,47,39.5,24.6,0.0,0.3,53.6,1014.9,39.0,H,3,Baku,Aston Martin
4,64,STR,5,0,13,13,16,0,48,39.6,24.6,0.0,0.4,54.7,1014.8,297.0,H,4,Baku,Aston Martin
5,64,STR,6,0,13,13,16,0,49,39.5,24.4,0.0,0.3,54.4,1014.6,116.0,H,5,Baku,Aston Martin
6,64,STR,7,0,13,13,16,0,49,38.2,24.2,0.0,0.3,55.3,1014.7,23.0,H,6,Baku,Aston Martin
7,64,STR,8,0,13,11,16,0,50,38.4,24.2,0.0,0.3,55.8,1014.5,112.0,H,7,Baku,Aston Martin
8,64,STR,9,0,11,11,16,0,51,38.4,24.6,0.0,0.2,55.6,1014.5,267.0,H,8,Baku,Aston Martin
9,64,STR,10,0,11,9,16,0,52,38.5,24.5,0.0,0.4,55.6,1014.4,84.0,H,9,Baku,Aston Martin
10,64,STR,11,1,9,7,16,0,53,38.7,24.5,0.0,0.2,55.7,1014.4,237.0,H,10,Baku,Aston Martin
11,64,STR,12,1,7,5,16,0,54,36.9,24.0,0.0,0.2,58.2,1014.5,282.0,H,11,Baku,Aston Martin
12,64,STR,13,0,5,5,16,0,54,37.1,24.0,0.0,0.3,58.2,1014.6,263.0,H,12,Baku,Aston Martin
13,64,STR,14,0,5,5,16,0,55,37.1,24.0,0.0,0.1,58.2,1014.6,121.0,H,13,Baku,Aston Martin
14,64,STR,15,0,5,5,16,0,56,37.2,24.1,0.0,0.1,57.6,1014.5,230.0,H,14,Baku,Aston Martin
15,64,STR,16,0,5,5,16,0,56,37.1,24.2,0.0,0.1,57.3,1014.5,0.0,H,15,Baku,Aston Martin
16,64,STR,17,0,5,5,16,0,56,35.7,23.7,0.0,0.3,59.6,1014.7,319.0,H,16,Baku,Aston Martin
17,64,STR,18,0,5,5,16,0,57,35.3,23.4,0.0,0.2,60.9,1014.4,10.0,H,17,Baku,Aston Martin
18,64,STR,19,0,5,4,16,0,58,35.3,23.4,0.0,0.2,60.9,1014.4,10.0,H,18,Baku,Aston Martin
19,64,STR,20,0,4,4,16,0,58,34.9,23.2,0.0,0.2,61.8,1014.4,310.0,H,19,Baku,Aston Martin
20,64,STR,21,0,4,4,16,0,58,34.7,23.2,0.0,0.1,61.2,1014.5,227.0,H,20,Baku,Aston Martin
21,64,STR,22,0,4,4,16,0,59,35.6,23.3,0.0,0.2,59.5,1014.3,145.0,H,21,Baku,Aston Martin
22,64,STR,23,0,4,4,16,0,59,35.6,23.2,0.0,0.2,59.5,1014.3,145.0,H,22,Baku,Aston Martin
23,64,STR,24,1,4,4,16,0,59,34.8,23.2,0.0,0.3,59.4,1014.3,255.0,H,23,Baku,Aston Martin
24,64,STR,25,1,4,4,16,0,60,34.4,23.1,0.0,0.3,60.1,1014.1,241.0,H,24,Baku,Aston Martin
25,64,STR,26,0,4,4,16,0,60,34.4,22.9,0.0,0.3,60.3,1014.1,271.0,H,25,Baku,Aston Martin
26,64,STR,27,0,4,4,16,0,60,34.4,23.1,0.0,0.1,58.5,1014.4,165.0,H,26,Baku,Aston Martin
27,64,STR,28,0,4,4,16,0,59,33.2,22.9,0.0,0.2,61.4,1014.1,227.0,H,27,Baku,Aston Martin
28,64,STR,29,0,4,4,16,1,60,32.8,23.0,0.0,0.5,60.6,1014.2,88.0,H,28,Baku,Aston Martin
0,64,GIO,1,1,15,15,15,0,37,40.2,24.6,0.0,0.1,51.6,1015.1,251.0,S,0,Baku,Alfa Romeo Racing
1,64,GIO,2,0,15,18,15,0,39,40.4,24.4,0.0,0.3,54.5,1015.1,252.0,S,1,Baku,Alfa Romeo Racing
2,64,GIO,3,0,18,19,15,0,36,40.4,24.3,0.0,0.3,54.5,1015.1,252.0,H,0,Baku,Alfa Romeo Racing
3,64,GIO,4,1,19,18,15,0,39,40.8,24.4,0.0,0.3,54.4,1015.0,6.0,H,1,Baku,Alfa Romeo Racing
4,64,GIO,5,0,18,18,15,0,41,40.9,24.7,0.0,0.4,54.6,1015.0,237.0,H,2,Baku,Alfa Romeo Racing
5,64,GIO,6,0,18,18,15,0,42,41.0,24.8,0.0,0.5,53.5,1014.9,278.0,H,3,Baku,Alfa Romeo Racing
6,64,GIO,7,0,18,18,15,0,43,41.0,24.7,0.0,0.4,53.9,1015.0,225.0,H,4,Baku,Alfa Romeo Racing
7,64,GIO,8,0,18,18,15,0,44,41.4,24.8,0.0,0.3,53.3,1014.8,326.0,H,5,Baku,Alfa Romeo Racing
8,64,GIO,9,0,18,16,15,0,45,42.2,24.8,0.0,0.3,51.8,1014.9,348.0,H,6,Baku,Alfa Romeo Racing
9,64,GIO,10,0,16,15,15,0,47,42.2,24.8,0.0,0.3,51.8,1014.9,348.0,H,7,Baku,Alfa Romeo Racing
10,64,GIO,11,1,15,14,15,0,47,42.0,24.7,0.0,0.3,53.0,1014.8,85.0,H,8,Baku,Alfa Romeo Racing
11,64,GIO,12,1,14,14,15,0,48,42.0,24.6,0.0,0.3,53.0,1014.8,85.0,H,9,Baku,Alfa Romeo Racing
12,64,GIO,13,0,14,14,15,0,48,39.5,24.6,0.0,0.3,53.6,1014.9,39.0,H,10,Baku,Alfa Romeo Racing
13,64,GIO,14,0,14,13,15,0,49,39.6,24.6,0.0,0.4,54.7,1014.8,297.0,H,11,Baku,Alfa Romeo Racing
14,64,GIO,15,0,13,13,15,0,50,39.2,24.3,0.0,0.6,55.4,1014.8,74.0,H,12,Baku,Alfa Romeo Racing
15,64,GIO,16,0,13,13,15,0,49,39.2,24.3,0.0,0.6,55.4,1014.8,74.0,H,13,Baku,Alfa Romeo Racing
16,64,GIO,17,0,13,13,15,0,49,39.1,24.3,0.0,0.2,55.8,1014.7,188.0,H,14,Baku,Alfa Romeo Racing
17,64,GIO,18,0,13,13,15,0,49,39.1,24.4,0.0,0.2,54.6,1014.6,76.0,H,15,Baku,Alfa Romeo Racing
18,64,GIO,19,0,13,13,15,0,49,37.9,24.3,0.0,0.4,55.3,1014.4,116.0,H,16,Baku,Alfa Romeo Racing
19,64,GIO,20,0,13,13,15,0,49,38.3,24.1,0.0,0.3,55.7,1014.7,66.0,H,17,Baku,Alfa Romeo Racing
20,64,GIO,21,0,13,13,15,0,48,38.2,24.3,0.0,0.3,55.3,1014.7,23.0,H,18,Baku,Alfa Romeo Racing
21,64,GIO,22,0,13,13,15,0,48,38.0,24.3,0.0,0.3,56.6,1014.6,9.0,H,19,Baku,Alfa Romeo Racing
22,64,GIO,23,0,13,14,15,0,48,38.0,24.4,0.0,0.4,56.4,1014.4,324.0,H,20,Baku,Alfa Romeo Racing
23,64,GIO,24,1,14,14,15,0,47,38.4,24.6,0.0,0.2,55.6,1014.5,267.0,H,21,Baku,Alfa Romeo Racing
24,64,GIO,25,1,14,14,15,0,47,38.5,24.5,0.0,0.4,55.6,1014.4,84.0,H,22,Baku,Alfa Romeo Racing
25,64,GIO,26,0,14,14,15,0,47,38.9,24.4,0.0,0.1,55.2,1014.4,227.0,H,23,Baku,Alfa Romeo Racing
26,64,GIO,27,0,14,14,15,0,47,38.1,24.4,0.0,0.3,56.0,1014.4,239.0,H,24,Baku,Alfa Romeo Racing
27,64,GIO,28,0,14,14,15,0,46,37.3,24.1,0.0,0.3,56.7,1014.5,297.0,H,25,Baku,Alfa Romeo Racing
28,64,GIO,29,0,14,14,15,0,46,36.4,23.9,0.0,0.3,58.8,1014.6,0.0,H,26,Baku,Alfa Romeo Racing
29,64,GIO,30,0,14,13,15,0,46,37.4,24.0,0.0,0.3,58.6,1014.6,266.0,H,27,Baku,Alfa Romeo Racing
30,64,GIO,31,2,13,13,15,0,45,36.9,24.0,0.0,0.3,58.5,1014.5,225.0,H,28,Baku,Alfa Romeo Racing
31,64,GIO,32,2,13,13,15,0,45,36.9,24.0,0.0,0.3,58.5,1014.5,225.0,H,29,Baku,Alfa Romeo Racing
32,64,GIO,33,2,13,13,15,0,44,37.9,24.1,0.0,0.5,56.5,1014.5,354.0,H,30,Baku,Alfa Romeo Racing
33,64,GIO,34,2,13,15,15,0,42,37.1,24.0,0.0,0.3,57.8,1014.4,230.0,H,31,Baku,Alfa Romeo Racing
34,64,GIO,35,2,15,15,15,0,39,35.9,23.9,0.0,0.1,59.0,1014.5,262.0,H,0,Baku,Alfa Romeo Racing
35,64,GIO,36,0,15,14,15,0,38,35.9,23.8,0.0,0.1,59.0,1014.5,262.0,H,1,Baku,Alfa Romeo Racing
36,64,GIO,37,0,14,14,15,0,39,35.7,23.7,0.0,0.3,59.6,1014.7,319.0,H,2,Baku,Alfa Romeo Racing
37,64,GIO,38,0,14,13,15,0,39,35.7,23.7,0.0,0.3,59.7,1014.5,93.0,H,3,Baku,Alfa Romeo Racing
38,64,GIO,39,0,13,13,15,0,39,35.4,23.7,0.0,0.3,60.3,1014.5,281.0,H,4,Baku,Alfa Romeo Racing
39,64,GIO,40,0,13,13,15,0,39,35.4,23.5,0.0,0.3,60.5,1014.5,257.0,H,5,Baku,Alfa Romeo Racing
40,64,GIO,41,0,13,13,15,0,39,35.4,23.5,0.0,0.3,60.5,1014.5,257.0,H,6,Baku,Alfa Romeo Racing
41,64,GIO,42,0,13,13,15,0,39,35.4,23.5,0.0,0.3,61.0,1014.4,241.0,H,7,Baku,Alfa Romeo Racing
42,64,GIO,43,0,13,13,15,0,40,35.3,23.2,0.0,0.6,61.5,1014.4,11.0,H,8,Baku,Alfa Romeo Racing
43,64,GIO,44,0,13,13,15,0,40,35.2,23.2,0.0,0.2,60.4,1014.4,142.0,H,9,Baku,Alfa Romeo Racing
44,64,GIO,45,0,13,13,15,0,40,35.6,23.3,0.0,0.2,59.5,1014.3,145.0,H,10,Baku,Alfa Romeo Racing
45,64,GIO,46,0,13,12,15,0,40,34.4,23.1,0.0,0.2,60.1,1014.3,35.0,H,11,Baku,Alfa Romeo Racing
46,64,GIO,47,2,12,12,15,0,40,34.4,22.9,0.0,0.3,60.3,1014.1,271.0,H,12,Baku,Alfa Romeo Racing
47,64,GIO,48,2,12,12,15,0,39,34.4,22.9,0.0,0.3,60.3,1014.1,271.0,H,13,Baku,Alfa Romeo Racing
48,64,GIO,49,2,12,12,15,0,33,33.5,23.0,0.0,0.4,60.4,1014.4,171.0,S,0,Baku,Alfa Romeo Racing
49,64,GIO,50,1,12,11,15,0,32,33.5,23.0,0.0,0.4,60.4,1014.4,171.0,S,1,Baku,Alfa Romeo Racing
50,64,GIO,51,1,11,11,15,0,33,33.2,22.9,0.0,0.2,61.4,1014.1,227.0,S,2,Baku,Alfa Romeo Racing
