,idGP,driver,lap,trackStatus,position,targetPosition,grid,out,performance,trackTemp,airTemp,raining,windSpeed,humidity,pressure,windDir,tyre,tyreLap,track,team
0,68,HAM,1,2,2,2,2,0,13,51.6,29.0,0.0,0.8,38.5,1007.4,157.0,M,1,Silverstone,Mercedes
1,68,HAM,2,2,2,2,2,0,40,51.7,29.0,0.0,0.3,39.3,1007.6,158.0,M,2,Silverstone,Mercedes
2,68,HAM,3,2,2,2,2,0,13,51.8,29.1,0.0,0.3,39.4,1007.4,169.0,M,0,Silverstone,Mercedes
3,68,HAM,4,1,2,2,2,0,40,51.9,29.2,0.0,0.5,39.3,1007.5,196.0,M,1,Silverstone,Mercedes
4,68,HAM,5,0,2,2,2,0,13,51.4,29.2,0.0,0.2,39.9,1007.4,330.0,M,2,Silverstone,Mercedes
5,68,HAM,6,0,2,2,2,0,40,51.5,29.2,0.0,0.1,39.1,1007.3,130.0,M,3,Silverstone,Mercedes
6,68,HAM,7,0,2,2,2,0,13,51.4,29.1,0.0,0.3,39.8,1007.5,0.0,M,4,Silverstone,Mercedes
7,68,HAM,8,0,2,2,2,0,40,52.4,29.5,0.0,0.2,38.1,1007.4,283.0,M,5,Silverstone,Mercedes
8,68,HAM,9,0,2,2,2,0,13,52.4,29.6,0.0,0.1,37.5,1007.5,241.0,M,6,Silverstone,Mercedes
9,68,HAM,10,0,2,2,2,0,40,51.9,29.6,0.0,0.1,36.4,1007.4,0.0,M,7,Silverstone,Mercedes
10,68,HAM,11,0,2,2,2,0,13,52.4,29.7,0.0,0.1,35.9,1007.4,323.0,M,8,Silverstone,Mercedes
11,68,HAM,12,0,2,2,2,0,40,51.8,29.6,0.0,0.1,35.6,1007.4,240.0,M,9,Silverstone,Mercedes
12,68,HAM,13,0,2,2,2,0,13,52.0,29.5,0.0,0.3,35.0,1007.3,29.0,M,10,Silverstone,Mercedes
13,68,HAM,14,0,2,2,2,0,40,51.1,29.4,0.0,0.2,33.9,1007.3,174.0,M,11,Silverstone,Mercedes
14,68,HAM,15,0,2,2,2,0,13,50.8,29.4,0.0,0.3,35.5,1007.4,130.0,M,12,Silverstone,Mercedes
15,68,HAM,16,0,2,2,2,0,40,51.4,29.4,0.0,0.3,36.5,1007.3,353.0,M,13,Silverstone,Mercedes
16,68,HAM,17,0,2,2,2,0,13,51.5,29.4,0.0,0.3,36.4,1007.3,28.0,M,14,Silverstone,Mercedes
17,68,HAM,18,0,2,2,2,0,40,52.1,29.6,0.0,0.4,35.7,1007.2,25.0,M,15,Silverstone,Mercedes
18,68,HAM,19,0,2,2,2,0,13,51.4,29.8,0.0,0.2,34.6,1007.1,2.0,M,16,Silverstone,Mercedes
19,68,HAM,20,0,2,2,2,0,40,50.5,29.6,0.0,0.4,36.1,1007.2,17.0,M,17,Silverstone,Mercedes
20,68,HAM,21,0,2,2,2,0,13,50.6,29.6,0.0,0.3,36.4,1007.1,351.0,M,18,Silverstone,Mercedes
21,68,HAM,22,0,2,2,2,0,40,50.8,29.3,0.0,0.0,37.6,1007.2,0.0,M,19,Silverstone,Mercedes
22,68,HAM,23,0,2,2,2,0,13,50.8,29.8,0.0,0.4,37.0,1007.1,298.0,M,20,Silverstone,Mercedes
23,68,HAM,24,0,2,2,2,0,40,50.9,29.8,0.0,0.2,37.1,1007.1,261.0,M,21,Silverstone,Mercedes
24,68,HAM,25,0,2,2,2,0,13,50.4,29.9,0.0,0.1,36.7,1007.1,0.0,M,22,Silverstone,Mercedes
25,68,HAM,26,0,2,2,2,0,40,50.9,29.9,0.0,0.2,36.0,1007.1,13.0,M,23,Silverstone,Mercedes
26,68,HAM,27,0,2,2,2,0,13,50.6,29.8,0.0,0.6,35.9,1007.0,159.0,M,24,Silverstone,Mercedes
27,68,HAM,28,0,2,5,2,0,40,50.5,29.7,0.0,0.7,36.2,1007.1,204.0,H,0,Silverstone,Mercedes
28,68,HAM,29,0,5,4,2,0,13,50.3,29.6,0.0,0.2,37.0,1007.1,353.0,H,1,Silverstone,Mercedes
29,68,HAM,30,0,4,4,2,0,40,49.6,29.8,0.0,0.6,37.1,1006.9,184.0,H,2,Silverstone,Mercedes
30,68,HAM,31,0,4,3,2,0,13,49.8,29.8,0.0,0.2,37.4,1006.9,345.0,H,3,Silverstone,Mercedes
31,68,HAM,32,0,3,3,2,0,40,49.9,29.8,0.0,0.3,38.1,1006.9,156.0,H,4,Silverstone,Mercedes
32,68,HAM,33,0,3,3,2,0,13,50.1,29.7,0.0,0.2,38.4,1006.9,225.0,H,5,Silverstone,Mercedes
33,68,HAM,34,0,3,3,2,0,40,49.8,29.7,0.0,0.1,37.5,1006.9,190.0,H,6,Silverstone,Mercedes
34,68,HAM,35,0,3,3,2,0,13,49.8,29.7,0.0,0.1,37.4,1006.8,293.0,H,7,Silverstone,Mercedes
35,68,HAM,36,0,3,3,2,0,40,49.5,29.8,0.0,0.2,37.3,1006.9,99.0,H,8,Silverstone,Mercedes
36,68,HAM,37,0,3,3,2,0,13,49.2,30.0,0.0,0.3,37.5,1006.8,238.0,H,9,Silverstone,Mercedes
37,68,HAM,38,0,3,3,2,0,40,49.2,29.7,0.0,0.1,38.1,1006.8,13.0,H,10,Silverstone,Mercedes
38,68,HAM,39,0,3,3,2,0,13,49.2,29.7,0.0,0.3,37.5,1006.8,15.0,H,11,Silverstone,Mercedes
39,68,HAM,40,0,3,2,2,0,40,49.6,29.9,0.0,0.2,37.4,1006.8,165.0,H,12,Silverstone,Mercedes
40,68,HAM,41,0,2,2,2,0,13,49.6,29.8,0.0,0.2,37.7,1006.7,0.0,H,13,Silverstone,Mercedes
41,68,HAM,42,0,2,2,2,0,40,49.2,29.8,0.0,0.4,37.4,1006.6,190.0,H,14,Silverstone,Mercedes
42,68,HAM,43,0,2,2,2,0,13,49.2,29.7,0.0,0.7,36.3,1006.6,191.0,H,15,Silverstone,Mercedes
43,68,HAM,44,0,2,2,2,0,40,49.3,29.8,0.0,0.6,36.3,1006.7,178.0,H,16,Silverstone,Mercedes
44,68,HAM,45,0,2,2,2,0,13,49.0,29.8,0.0,0.8,35.9,1006.7,119.0,H,17,Silverstone,Mercedes
45,68,HAM,46,0,2,2,2,0,40,48.8,29.7,0.0,0.6,36.8,1006.6,143.0,H,18,Silverstone,Mercedes
46,68,HAM,47,1,2,2,2,0,13,48.6,29.7,0.0,0.5,36.3,1006.7,186.0,H,19,Silverstone,Mercedes
47,68,HAM,48,0,2,2,2,0,40,48.6,29.5,0.0,0.6,36.3,1006.7,173.0,H,20,Silverstone,Mercedes
48,68,HAM,49,0,2,2,2,0,13,48.6,29.5,0.0,0.5,36.7,1006.6,162.0,H,21,Silverstone,Mercedes
49,68,HAM,50,0,2,1,2,0,40,48.3,29.9,0.0,0.7,36.7,1006.6,183.0,H,22,Silverstone,Mercedes
50,68,HAM,51,0,1,1,2,0,13,48.4,29.9,0.0,0.6,36.7,1006.6,176.0,H,23,Silverstone,Mercedes
51,68,HAM,52,0,1,1,2,0,40,48.4,29.8,0.0,0.5,36.8,1006.6,130.0,H,24,Silverstone,Mercedes
0,68,BOT,1,2,3,3,3,0,37,51.8,29.0,0.0,0.6,38.5,1007.4,178.0,M,1,Silverstone,Mercedes
1,68,BOT,2,2,3,3,3,0,37,51.8,29.0,0.0,0.6,37.9,1007.4,183.0,M,2,Silverstone,Mercedes
2,68,BOT,3,2,3,3,3,0,37,51.5,29.0,0.0,0.5,38.4,1007.6,161.0,M,0,Silverstone,Mercedes
3,68,BOT,4,1,3,4,3,0,37,51.8,29.1,0.0,0.3,39.4,1007.4,169.0,M,1,Silverstone,Mercedes
4,68,BOT,5,0,4,4,3,0,37,51.8,29.1,0.0,0.3,39.2,1007.4,189.0,M,2,Silverstone,Mercedes
5,68,BOT,6,0,4,4,3,0,37,51.0,29.2,0.0,0.3,39.3,1007.3,356.0,M,3,Silverstone,Mercedes
6,68,BOT,7,0,4,4,3,0,37,51.9,29.6,0.0,0.1,36.4,1007.4,0.0,M,4,Silverstone,Mercedes
7,68,BOT,8,0,4,4,3,0,37,51.9,29.7,0.0,0.3,37.0,1007.4,137.0,M,5,Silverstone,Mercedes
8,68,BOT,9,0,4,4,3,0,37,51.1,29.4,0.0,0.2,33.9,1007.3,174.0,M,6,Silverstone,Mercedes
9,68,BOT,10,0,4,4,3,0,37,50.8,29.4,0.0,0.3,35.5,1007.4,130.0,M,7,Silverstone,Mercedes
10,68,BOT,11,0,4,4,3,0,37,51.4,29.4,0.0,0.3,36.5,1007.3,353.0,M,8,Silverstone,Mercedes
11,68,BOT,12,0,4,4,3,0,37,51.5,29.5,0.0,0.3,36.6,1007.3,345.0,M,9,Silverstone,Mercedes
12,68,BOT,13,0,4,4,3,0,37,51.5,29.4,0.0,0.3,36.4,1007.3,28.0,M,10,Silverstone,Mercedes
13,68,BOT,14,0,4,4,3,0,37,52.1,29.6,0.0,0.4,35.7,1007.2,25.0,M,11,Silverstone,Mercedes
14,68,BOT,15,0,4,4,3,0,37,51.6,29.6,0.0,0.3,34.9,1007.2,3.0,M,12,Silverstone,Mercedes
15,68,BOT,16,0,4,4,3,0,37,51.6,29.6,0.0,0.3,35.6,1007.2,345.0,M,13,Silverstone,Mercedes
16,68,BOT,17,0,4,4,3,0,37,51.4,29.8,0.0,0.2,34.6,1007.1,2.0,M,14,Silverstone,Mercedes
17,68,BOT,18,0,4,4,3,0,37,50.5,29.8,0.0,0.6,36.1,1007.2,352.0,M,15,Silverstone,Mercedes
18,68,BOT,19,0,4,4,3,0,37,50.5,29.6,0.0,0.4,36.1,1007.2,17.0,M,16,Silverstone,Mercedes
19,68,BOT,20,0,4,4,3,0,37,50.6,29.6,0.0,0.3,36.7,1007.1,338.0,M,17,Silverstone,Mercedes
20,68,BOT,21,0,4,4,3,0,37,50.8,29.3,0.0,0.0,37.6,1007.2,0.0,M,18,Silverstone,Mercedes
21,68,BOT,22,0,4,3,3,0,37,50.9,29.6,0.0,0.2,37.1,1007.1,100.0,M,19,Silverstone,Mercedes
22,68,BOT,23,0,3,4,3,0,37,50.9,29.6,0.0,0.1,36.8,1007.1,170.0,H,0,Silverstone,Mercedes
23,68,BOT,24,0,4,4,3,0,37,50.9,29.7,0.0,0.3,36.3,1007.1,170.0,H,1,Silverstone,Mercedes
24,68,BOT,25,0,4,4,3,0,37,50.9,29.7,0.0,0.2,36.3,1007.1,278.0,H,2,Silverstone,Mercedes
25,68,BOT,26,0,4,4,3,0,37,50.8,29.8,0.0,0.4,37.0,1007.1,298.0,H,3,Silverstone,Mercedes
26,68,BOT,27,0,4,4,3,0,37,50.4,29.8,0.0,0.3,36.8,1007.2,119.0,H,4,Silverstone,Mercedes
27,68,BOT,28,0,4,3,3,0,37,50.8,29.7,0.0,0.3,35.9,1007.0,173.0,H,5,Silverstone,Mercedes
28,68,BOT,29,0,3,2,3,0,37,50.8,29.7,0.0,0.8,36.2,1007.0,184.0,H,6,Silverstone,Mercedes
29,68,BOT,30,0,2,2,3,0,37,50.5,30.1,0.0,0.2,36.4,1007.0,339.0,H,7,Silverstone,Mercedes
30,68,BOT,31,0,2,2,3,0,37,50.4,29.9,0.0,0.2,36.0,1007.0,302.0,H,8,Silverstone,Mercedes
31,68,BOT,32,0,2,2,3,0,37,49.5,29.8,0.0,0.3,37.5,1006.9,203.0,H,9,Silverstone,Mercedes
32,68,BOT,33,0,2,2,3,0,37,49.6,29.8,0.0,0.6,37.1,1006.9,184.0,H,10,Silverstone,Mercedes
33,68,BOT,34,0,2,2,3,0,37,49.9,29.8,0.0,0.5,37.1,1007.0,181.0,H,11,Silverstone,Mercedes
34,68,BOT,35,0,2,2,3,0,37,49.6,29.8,0.0,0.2,37.3,1006.8,165.0,H,12,Silverstone,Mercedes
35,68,BOT,36,0,2,2,3,0,37,49.5,29.8,0.0,0.2,37.9,1006.9,55.0,H,13,Silverstone,Mercedes
36,68,BOT,37,0,2,2,3,0,37,50.1,29.7,0.0,0.2,38.4,1006.9,225.0,H,14,Silverstone,Mercedes
37,68,BOT,38,0,2,2,3,0,37,49.6,29.8,0.0,0.1,37.3,1006.8,207.0,H,15,Silverstone,Mercedes
38,68,BOT,39,0,2,2,3,0,37,49.5,29.8,0.0,0.2,37.3,1006.9,99.0,H,16,Silverstone,Mercedes
39,68,BOT,40,0,2,3,3,0,37,49.2,30.0,0.0,0.3,37.5,1006.8,238.0,H,17,Silverstone,Mercedes
40,68,BOT,41,0,3,3,3,0,37,49.1,29.8,0.0,0.3,38.4,1006.8,157.0,H,18,Silverstone,Mercedes
41,68,BOT,42,0,3,3,3,0,37,49.3,30.0,0.0,0.1,37.2,1006.7,118.0,H,19,Silverstone,Mercedes
42,68,BOT,43,0,3,3,3,0,37,49.3,30.0,0.0,0.1,36.7,1006.6,230.0,H,20,Silverstone,Mercedes
43,68,BOT,44,0,3,3,3,0,37,49.2,29.8,0.0,0.4,37.4,1006.6,190.0,H,21,Silverstone,Mercedes
44,68,BOT,45,0,3,3,3,0,37,49.2,29.7,0.0,0.7,36.3,1006.6,191.0,H,22,Silverstone,Mercedes
45,68,BOT,46,0,3,3,3,0,37,49.3,29.8,0.0,0.6,36.3,1006.7,178.0,H,23,Silverstone,Mercedes
46,68,BOT,47,1,3,3,3,0,37,49.2,29.8,0.0,0.6,36.1,1006.6,179.0,H,24,Silverstone,Mercedes
47,68,BOT,48,0,3,3,3,0,37,48.8,29.7,0.0,0.6,36.8,1006.6,143.0,H,25,Silverstone,Mercedes
48,68,BOT,49,0,3,3,3,0,37,48.6,29.7,0.0,0.5,36.3,1006.7,186.0,H,26,Silverstone,Mercedes
49,68,BOT,50,0,3,3,3,0,37,48.6,29.5,0.0,0.6,36.3,1006.7,173.0,H,27,Silverstone,Mercedes
50,68,BOT,51,0,3,3,3,0,37,48.6,29.9,0.0,0.5,36.4,1006.6,182.0,H,28,Silverstone,Mercedes
51,68,BOT,52,0,3,3,3,0,37,48.4,29.8,0.0,0.5,36.8,1006.6,130.0,H,29,Silverstone,Mercedes
0,68,LEC,1,2,1,1,1,0,25,51.6,29.0,0.0,0.8,38.5,1007.4,157.0,M,0,Silverstone,Ferrari
1,68,LEC,2,2,1,1,1,0,38,51.7,29.0,0.0,0.3,39.3,1007.6,158.0,M,1,Silverstone,Ferrari
2,68,LEC,3,2,1,1,1,0,25,51.9,29.2,0.0,0.5,39.3,1007.5,196.0,M,0,Silverstone,Ferrari
3,68,LEC,4,1,1,1,1,0,38,51.5,29.2,0.0,0.1,39.1,1007.3,130.0,M,1,Silverstone,Ferrari
4,68,LEC,5,0,1,1,1,0,25,51.4,29.1,0.0,0.2,39.6,1007.3,155.0,M,2,Silverstone,Ferrari
5,68,LEC,6,0,1,1,1,0,38,51.6,29.1,0.0,0.1,40.7,1007.4,0.0,M,3,Silverstone,Ferrari
6,68,LEC,7,0,1,1,1,0,25,51.9,29.7,0.0,0.3,37.0,1007.4,137.0,M,4,Silverstone,Ferrari
7,68,LEC,8,0,1,1,1,0,38,51.8,29.6,0.0,0.1,35.6,1007.4,240.0,M,5,Silverstone,Ferrari
8,68,LEC,9,0,1,1,1,0,25,51.8,29.6,0.0,0.2,35.5,1007.4,0.0,M,6,Silverstone,Ferrari
9,68,LEC,10,0,1,1,1,0,38,51.6,29.5,0.0,0.2,34.4,1007.3,84.0,M,7,Silverstone,Ferrari
10,68,LEC,11,0,1,1,1,0,25,51.1,29.4,0.0,0.2,33.9,1007.3,174.0,M,8,Silverstone,Ferrari
11,68,LEC,12,0,1,1,1,0,38,51.1,29.5,0.0,0.1,36.4,1007.3,330.0,M,9,Silverstone,Ferrari
12,68,LEC,13,0,1,1,1,0,25,51.4,29.4,0.0,0.3,36.5,1007.3,353.0,M,10,Silverstone,Ferrari
13,68,LEC,14,0,1,1,1,0,38,51.5,29.5,0.0,0.3,36.0,1007.3,21.0,M,11,Silverstone,Ferrari
14,68,LEC,15,0,1,1,1,0,25,51.6,29.6,0.0,0.3,35.6,1007.2,345.0,M,12,Silverstone,Ferrari
15,68,LEC,16,0,1,1,1,0,38,51.4,29.8,0.0,0.2,34.6,1007.1,2.0,M,13,Silverstone,Ferrari
16,68,LEC,17,0,1,1,1,0,25,50.6,29.6,0.0,0.3,36.7,1007.1,338.0,M,14,Silverstone,Ferrari
17,68,LEC,18,0,1,1,1,0,38,50.6,29.6,0.0,0.3,36.4,1007.1,351.0,M,15,Silverstone,Ferrari
18,68,LEC,19,0,1,1,1,0,25,50.9,29.7,0.0,0.3,36.3,1007.1,170.0,M,16,Silverstone,Ferrari
19,68,LEC,20,0,1,1,1,0,38,50.9,29.7,0.0,0.2,36.3,1007.1,278.0,M,17,Silverstone,Ferrari
20,68,LEC,21,0,1,1,1,0,25,51.3,29.8,0.0,0.5,35.4,1007.1,20.0,M,18,Silverstone,Ferrari
21,68,LEC,22,0,1,1,1,0,38,50.9,29.8,0.0,0.3,36.7,1007.1,185.0,M,19,Silverstone,Ferrari
22,68,LEC,23,0,1,1,1,0,25,50.9,29.9,0.0,0.4,36.8,1007.2,333.0,M,20,Silverstone,Ferrari
23,68,LEC,24,0,1,1,1,0,38,50.9,29.9,0.0,0.2,36.0,1007.1,13.0,M,21,Silverstone,Ferrari
24,68,LEC,25,0,1,1,1,0,25,50.9,29.6,0.0,0.2,36.5,1007.2,114.0,M,22,Silverstone,Ferrari
25,68,LEC,26,0,1,1,1,0,38,50.8,29.6,0.0,0.1,36.1,1007.0,251.0,M,23,Silverstone,Ferrari
26,68,LEC,27,0,1,1,1,0,25,49.9,29.8,0.0,0.3,36.3,1007.1,183.0,M,24,Silverstone,Ferrari
27,68,LEC,28,0,1,1,1,0,38,50.6,29.8,0.0,0.6,35.9,1007.0,159.0,M,25,Silverstone,Ferrari
28,68,LEC,29,0,1,1,1,0,25,50.8,29.7,0.0,0.3,35.9,1007.0,173.0,M,26,Silverstone,Ferrari
29,68,LEC,30,0,1,1,1,0,38,50.8,29.7,0.0,0.8,36.2,1007.0,184.0,H,0,Silverstone,Ferrari
30,68,LEC,31,0,1,1,1,0,25,50.5,29.7,0.0,0.7,36.2,1007.1,204.0,H,1,Silverstone,Ferrari
31,68,LEC,32,0,1,1,1,0,38,50.3,29.6,0.0,0.2,37.0,1007.1,353.0,H,2,Silverstone,Ferrari
32,68,LEC,33,0,1,1,1,0,25,50.5,30.1,0.0,0.2,36.4,1007.0,339.0,H,3,Silverstone,Ferrari
33,68,LEC,34,0,1,1,1,0,38,50.5,30.1,0.0,0.2,36.9,1007.0,272.0,H,4,Silverstone,Ferrari
34,68,LEC,35,0,1,1,1,0,25,49.8,29.9,0.0,0.2,36.5,1006.9,204.0,H,5,Silverstone,Ferrari
35,68,LEC,36,0,1,1,1,0,38,49.6,29.8,0.0,0.6,37.1,1006.9,184.0,H,6,Silverstone,Ferrari
36,68,LEC,37,0,1,1,1,0,25,49.8,29.8,0.0,0.6,37.8,1006.8,190.0,H,7,Silverstone,Ferrari
37,68,LEC,38,0,1,1,1,0,38,49.9,29.8,0.0,0.5,37.1,1007.0,181.0,H,8,Silverstone,Ferrari
38,68,LEC,39,0,1,1,1,0,25,49.5,29.8,0.0,0.2,37.3,1006.9,99.0,H,9,Silverstone,Ferrari
39,68,LEC,40,0,1,1,1,0,38,49.4,30.1,0.0,0.2,37.5,1006.8,209.0,H,10,Silverstone,Ferrari
40,68,LEC,41,0,1,1,1,0,25,49.4,30.1,0.0,0.2,37.5,1006.8,243.0,H,11,Silverstone,Ferrari
41,68,LEC,42,0,1,1,1,0,38,49.2,30.0,0.0,0.3,37.5,1006.8,238.0,H,12,Silverstone,Ferrari
42,68,LEC,43,0,1,1,1,0,25,49.2,29.7,0.0,0.3,37.5,1006.8,15.0,H,13,Silverstone,Ferrari
43,68,LEC,44,0,1,1,1,0,38,49.2,29.8,0.0,0.3,38.3,1006.7,325.0,H,14,Silverstone,Ferrari
44,68,LEC,45,0,1,1,1,0,25,49.7,29.9,0.0,0.3,37.3,1006.7,227.0,H,15,Silverstone,Ferrari
45,68,LEC,46,0,1,1,1,0,38,49.6,29.9,0.0,0.2,37.4,1006.8,165.0,H,16,Silverstone,Ferrari
46,68,LEC,47,1,1,1,1,0,25,49.6,29.8,0.0,0.2,37.7,1006.7,0.0,H,17,Silverstone,Ferrari
47,68,LEC,48,0,1,1,1,0,38,49.2,29.7,0.0,0.7,36.3,1006.6,191.0,H,18,Silverstone,Ferrari
48,68,LEC,49,0,1,1,1,0,25,49.3,29.8,0.0,0.6,36.3,1006.7,178.0,H,19,Silverstone,Ferrari
49,68,LEC,50,0,1,2,1,0,38,48.6,29.7,0.0,0.5,36.3,1006.7,186.0,H,20,Silverstone,Ferrari
50,68,LEC,51,0,2,2,1,0,25,48.4,29.9,0.0,0.6,36.7,1006.6,176.0,H,21,Silverstone,Ferrari
51,68,LEC,52,0,2,2,1,0,38,48.4,29.8,0.0,0.5,36.8,1006.6,130.0,H,22,Silverstone,Ferrari
0,68,NOR,1,2,4,4,4,0,34,52.1,29.0,0.0,0.5,39.1,1007.4,176.0,M,0,Silverstone,McLaren
1,68,NOR,2,2,4,4,4,0,38,51.8,29.0,0.0,0.6,37.9,1007.4,183.0,M,1,Silverstone,McLaren
2,68,NOR,3,2,4,4,4,0,34,51.5,29.0,0.0,0.5,38.4,1007.6,161.0,M,2,Silverstone,McLaren
3,68,NOR,4,1,4,3,4,0,38,51.7,29.0,0.0,0.3,39.3,1007.6,158.0,M,3,Silverstone,McLaren
4,68,NOR,5,0,3,3,4,0,34,51.8,29.1,0.0,0.3,39.2,1007.4,189.0,M,4,Silverstone,McLaren
5,68,NOR,6,0,3,3,4,0,38,51.9,29.2,0.0,0.5,39.3,1007.5,196.0,M,5,Silverstone,McLaren
6,68,NOR,7,0,3,3,4,0,34,51.0,29.2,0.0,0.3,39.3,1007.3,356.0,M,6,Silverstone,McLaren
7,68,NOR,8,0,3,3,4,0,38,51.6,29.1,0.0,0.1,40.7,1007.4,0.0,M,7,Silverstone,McLaren
8,68,NOR,9,0,3,3,4,0,34,51.9,29.6,0.0,0.1,36.4,1007.4,0.0,M,8,Silverstone,McLaren
9,68,NOR,10,0,3,3,4,0,38,51.9,29.7,0.0,0.3,37.0,1007.4,137.0,M,9,Silverstone,McLaren
10,68,NOR,11,0,3,3,4,0,34,51.8,29.6,0.0,0.2,35.5,1007.4,0.0,M,10,Silverstone,McLaren
11,68,NOR,12,0,3,3,4,0,38,51.9,29.6,0.0,0.2,34.9,1007.4,6.0,M,11,Silverstone,McLaren
12,68,NOR,13,0,3,3,4,0,34,50.8,29.4,0.0,0.3,35.5,1007.4,130.0,M,12,Silverstone,McLaren
13,68,NOR,14,0,3,3,4,0,38,51.4,29.7,0.0,0.1,35.3,1007.2,60.0,M,13,Silverstone,McLaren
14,68,NOR,15,0,3,3,4,0,34,50.5,29.8,0.0,0.6,36.1,1007.2,352.0,M,14,Silverstone,McLaren
15,68,NOR,16,0,3,3,4,0,38,50.6,29.6,0.0,0.3,36.7,1007.1,338.0,M,15,Silverstone,McLaren
16,68,NOR,17,0,3,3,4,0,34,50.6,29.6,0.0,0.3,36.4,1007.1,351.0,M,16,Silverstone,McLaren
17,68,NOR,18,0,3,3,4,0,38,50.6,29.3,0.0,0.3,37.1,1007.3,256.0,M,17,Silverstone,McLaren
18,68,NOR,19,0,3,3,4,0,34,50.9,29.7,0.0,0.3,36.3,1007.1,170.0,M,18,Silverstone,McLaren
19,68,NOR,20,0,3,3,4,0,38,50.8,29.8,0.0,0.4,37.0,1007.1,298.0,M,19,Silverstone,McLaren
20,68,NOR,21,0,3,3,4,0,34,50.9,29.8,0.0,0.2,37.1,1007.1,261.0,M,20,Silverstone,McLaren
21,68,NOR,22,0,3,6,4,0,38,51.1,29.8,0.0,0.2,37.0,1007.2,0.0,H,0,Silverstone,McLaren
22,68,NOR,23,0,6,5,4,0,34,51.3,29.8,0.0,0.5,35.4,1007.1,20.0,H,1,Silverstone,McLaren
23,68,NOR,24,0,5,5,4,0,38,50.4,29.8,0.0,0.3,36.8,1007.2,119.0,H,2,Silverstone,McLaren
24,68,NOR,25,0,5,5,4,0,34,50.9,29.8,0.0,0.3,36.7,1007.1,185.0,H,3,Silverstone,McLaren
25,68,NOR,26,0,5,5,4,0,38,50.9,29.9,0.0,0.2,36.0,1007.1,13.0,H,4,Silverstone,McLaren
26,68,NOR,27,0,5,5,4,0,34,50.8,29.6,0.0,0.1,36.1,1007.0,251.0,H,5,Silverstone,McLaren
27,68,NOR,28,0,5,4,4,0,38,50.8,29.8,0.0,0.2,36.4,1007.1,6.0,H,6,Silverstone,McLaren
28,68,NOR,29,0,4,3,4,0,34,50.6,29.8,0.0,0.6,35.9,1007.0,159.0,H,7,Silverstone,McLaren
29,68,NOR,30,0,3,3,4,0,38,50.4,29.7,0.0,0.4,36.3,1007.1,58.0,H,8,Silverstone,McLaren
30,68,NOR,31,0,3,4,4,0,34,50.3,29.6,0.0,0.2,37.0,1007.1,353.0,H,9,Silverstone,McLaren
31,68,NOR,32,0,4,4,4,0,38,50.4,29.6,0.0,0.3,36.9,1007.0,207.0,H,10,Silverstone,McLaren
32,68,NOR,33,0,4,4,4,0,34,50.5,30.1,0.0,0.2,36.9,1007.0,272.0,H,11,Silverstone,McLaren
33,68,NOR,34,0,4,4,4,0,38,49.6,29.8,0.0,0.6,37.1,1006.9,184.0,H,12,Silverstone,McLaren
34,68,NOR,35,0,4,4,4,0,34,49.8,29.8,0.0,0.6,37.8,1006.8,190.0,H,13,Silverstone,McLaren
35,68,NOR,36,0,4,4,4,0,38,50.1,29.7,0.0,0.2,38.4,1006.9,225.0,H,14,Silverstone,McLaren
36,68,NOR,37,0,4,4,4,0,34,49.9,29.7,0.0,0.2,37.9,1006.8,22.0,H,15,Silverstone,McLaren
37,68,NOR,38,0,4,4,4,0,38,49.4,30.1,0.0,0.2,37.5,1006.8,243.0,H,16,Silverstone,McLaren
38,68,NOR,39,0,4,4,4,0,34,49.3,30.0,0.0,0.3,37.6,1006.8,0.0,H,17,Silverstone,McLaren
39,68,NOR,40,0,4,4,4,0,38,49.2,29.7,0.0,0.1,38.1,1006.8,13.0,H,18,Silverstone,McLaren
40,68,NOR,41,0,4,4,4,0,34,49.2,29.7,0.0,0.3,37.5,1006.8,15.0,H,19,Silverstone,McLaren
41,68,NOR,42,0,4,4,4,0,38,49.2,29.8,0.0,0.3,38.3,1006.7,325.0,H,20,Silverstone,McLaren
42,68,NOR,43,0,4,4,4,0,34,49.7,29.7,0.0,0.2,37.7,1006.7,316.0,H,21,Silverstone,McLaren
43,68,NOR,44,0,4,4,4,0,38,49.7,29.9,0.0,0.3,37.3,1006.7,227.0,H,22,Silverstone,McLaren
44,68,NOR,45,0,4,4,4,0,34,49.6,29.9,0.0,0.2,37.4,1006.8,165.0,H,23,Silverstone,McLaren
45,68,NOR,46,0,4,4,4,0,38,49.6,29.8,0.0,0.2,37.7,1006.7,0.0,H,24,Silverstone,McLaren
46,68,NOR,47,1,4,4,4,0,34,49.2,29.7,0.0,0.7,36.3,1006.6,191.0,H,25,Silverstone,McLaren
47,68,NOR,48,0,4,4,4,0,38,49.3,29.8,0.0,0.6,36.3,1006.7,178.0,H,26,Silverstone,McLaren
48,68,NOR,49,0,4,4,4,0,34,49.0,29.8,0.0,0.8,35.9,1006.7,119.0,H,27,Silverstone,McLaren
49,68,NOR,50,0,4,4,4,0,38,48.8,29.7,0.0,0.6,36.8,1006.6,143.0,H,28,Silverstone,McLaren
50,68,NOR,51,0,4,4,4,0,34,48.6,29.5,0.0,0.6,36.3,1006.7,173.0,H,29,Silverstone,McLaren
51,68,NOR,52,0,4,4,4,0,38,48.4,29.9,0.0,0.6,36.7,1006.6,176.0,H,30,Silverstone,McLaren
0,68,RIC,1,2,5,5,5,0,59,51.8,29.0,0.0,0.6,38.5,1007.4,178.0,M,0,Silverstone,McLaren
1,68,RIC,2,2,5,5,5,0,33,51.8,29.0,0.0,0.6,37.9,1007.4,183.0,M,1,Silverstone,McLaren
2,68,RIC,3,2,5,5,5,0,59,51.6,29.0,0.0,0.8,38.5,1007.4,157.0,M,2,Silverstone,McLaren
3,68,RIC,4,1,5,5,5,0,33,51.5,29.0,0.0,0.5,38.4,1007.6,161.0,M,3,Silverstone,McLaren
4,68,RIC,5,0,5,5,5,0,59,51.6,29.2,0.0,0.1,40.3,1007.4,331.0,M,4,Silverstone,McLaren
5,68,RIC,6,0,5,5,5,0,33,51.7,29.5,0.0,0.2,39.5,1007.4,193.0,M,5,Silverstone,McLaren
6,68,RIC,7,0,5,5,5,0,59,52.4,29.5,0.0,0.2,38.1,1007.4,283.0,M,6,Silverstone,McLaren
7,68,RIC,8,0,5,5,5,0,33,51.9,29.6,0.0,0.1,36.4,1007.4,0.0,M,7,Silverstone,McLaren
8,68,RIC,9,0,5,5,5,0,59,52.4,29.6,0.0,0.2,36.4,1007.4,342.0,M,8,Silverstone,McLaren
9,68,RIC,10,0,5,5,5,0,33,50.8,29.4,0.0,0.3,35.5,1007.4,130.0,M,9,Silverstone,McLaren
10,68,RIC,11,0,5,5,5,0,59,51.1,29.5,0.0,0.1,36.4,1007.3,330.0,M,10,Silverstone,McLaren
11,68,RIC,12,0,5,5,5,0,33,51.4,29.4,0.0,0.3,36.5,1007.3,353.0,M,11,Silverstone,McLaren
12,68,RIC,13,0,5,5,5,0,59,51.5,29.4,0.0,0.3,36.4,1007.3,28.0,M,12,Silverstone,McLaren
13,68,RIC,14,0,5,5,5,0,33,51.6,29.5,0.0,0.4,37.1,1007.2,20.0,M,13,Silverstone,McLaren
14,68,RIC,15,0,5,5,5,0,59,52.1,29.6,0.0,0.4,35.7,1007.2,25.0,M,14,Silverstone,McLaren
15,68,RIC,16,0,5,5,5,0,33,51.6,29.6,0.0,0.3,34.9,1007.2,3.0,M,15,Silverstone,McLaren
16,68,RIC,17,0,5,5,5,0,59,51.6,29.6,0.0,0.3,35.6,1007.2,345.0,M,16,Silverstone,McLaren
17,68,RIC,18,0,5,5,5,0,33,51.4,29.8,0.0,0.2,34.6,1007.1,2.0,M,17,Silverstone,McLaren
18,68,RIC,19,0,5,5,5,0,59,50.5,29.6,0.0,0.4,36.1,1007.2,17.0,M,18,Silverstone,McLaren
19,68,RIC,20,0,5,5,5,0,33,50.9,29.6,0.0,0.1,36.8,1007.1,170.0,M,19,Silverstone,McLaren
20,68,RIC,21,0,5,9,5,0,59,50.9,29.8,0.0,0.2,37.1,1007.1,261.0,H,0,Silverstone,McLaren
21,68,RIC,22,0,9,9,5,0,33,51.3,29.8,0.0,0.5,35.4,1007.1,20.0,H,1,Silverstone,McLaren
22,68,RIC,23,0,9,9,5,0,59,50.5,29.9,0.0,0.6,36.8,1007.1,254.0,H,2,Silverstone,McLaren
23,68,RIC,24,0,9,8,5,0,33,50.4,29.9,0.0,0.1,36.7,1007.1,0.0,H,3,Silverstone,McLaren
24,68,RIC,25,0,8,7,5,0,59,50.4,29.8,0.0,0.3,36.8,1007.2,119.0,H,4,Silverstone,McLaren
25,68,RIC,26,0,7,7,5,0,33,50.8,29.7,0.0,0.3,35.9,1007.0,173.0,H,5,Silverstone,McLaren
26,68,RIC,27,0,7,7,5,0,59,50.5,29.7,0.0,0.7,36.2,1007.1,204.0,H,6,Silverstone,McLaren
27,68,RIC,28,0,7,7,5,0,33,50.4,29.7,0.0,0.4,36.3,1007.1,58.0,H,7,Silverstone,McLaren
28,68,RIC,29,0,7,5,5,0,59,50.4,29.6,0.0,0.3,36.9,1007.0,207.0,H,8,Silverstone,McLaren
29,68,RIC,30,0,5,5,5,0,33,50.5,30.1,0.0,0.2,36.4,1007.0,339.0,H,9,Silverstone,McLaren
30,68,RIC,31,0,5,5,5,0,59,50.4,29.9,0.0,0.2,36.0,1007.0,302.0,H,10,Silverstone,McLaren
31,68,RIC,32,0,5,5,5,0,33,49.8,29.9,0.0,0.2,36.5,1006.9,204.0,H,11,Silverstone,McLaren
32,68,RIC,33,0,5,5,5,0,59,49.5,29.8,0.0,0.3,37.5,1006.9,203.0,H,12,Silverstone,McLaren
33,68,RIC,34,0,5,5,5,0,33,49.6,29.8,0.0,0.2,37.3,1006.8,165.0,H,13,Silverstone,McLaren
34,68,RIC,35,0,5,5,5,0,59,49.9,29.8,0.0,0.3,38.1,1006.9,156.0,H,14,Silverstone,McLaren
35,68,RIC,36,0,5,5,5,0,33,50.1,29.7,0.0,0.2,38.4,1006.9,225.0,H,15,Silverstone,McLaren
36,68,RIC,37,0,5,5,5,0,59,49.8,29.7,0.0,0.1,37.5,1006.9,190.0,H,16,Silverstone,McLaren
37,68,RIC,38,0,5,5,5,0,33,49.8,29.7,0.0,0.1,37.4,1006.8,293.0,H,17,Silverstone,McLaren
38,68,RIC,39,0,5,5,5,0,59,49.6,29.8,0.0,0.1,37.3,1006.8,207.0,H,18,Silverstone,McLaren
39,68,RIC,40,0,5,5,5,0,33,49.4,30.1,0.0,0.2,37.5,1006.8,209.0,H,19,Silverstone,McLaren
40,68,RIC,41,0,5,5,5,0,59,49.2,30.0,0.0,0.3,37.5,1006.8,238.0,H,20,Silverstone,McLaren
41,68,RIC,42,0,5,5,5,0,33,49.2,29.7,0.0,0.1,38.1,1006.8,13.0,H,21,Silverstone,McLaren
42,68,RIC,43,0,5,5,5,0,59,49.2,29.7,0.0,0.3,37.5,1006.8,15.0,H,22,Silverstone,McLaren
43,68,RIC,44,0,5,5,5,0,33,49.2,29.8,0.0,0.3,38.3,1006.7,325.0,H,23,Silverstone,McLaren
44,68,RIC,45,0,5,5,5,0,59,49.3,30.0,0.0,0.1,36.7,1006.6,230.0,H,24,Silverstone,McLaren
45,68,RIC,46,0,5,5,5,0,33,49.2,29.8,0.0,0.4,37.4,1006.6,190.0,H,25,Silverstone,McLaren
46,68,RIC,47,1,5,5,5,0,59,49.2,29.7,0.0,0.7,36.3,1006.6,191.0,H,26,Silverstone,McLaren
47,68,RIC,48,0,5,5,5,0,33,49.2,29.8,0.0,0.6,36.1,1006.6,179.0,H,27,Silverstone,McLaren
48,68,RIC,49,0,5,5,5,0,59,49.0,29.8,0.0,0.8,35.9,1006.7,119.0,H,28,Silverstone,McLaren
49,68,RIC,50,0,5,5,5,0,33,48.6,29.5,0.0,0.5,36.7,1006.6,162.0,H,29,Silverstone,McLaren
50,68,RIC,51,0,5,5,5,0,59,48.6,29.9,0.0,0.5,36.4,1006.6,182.0,H,30,Silverstone,McLaren
51,68,RIC,52,0,5,5,5,0,33,48.3,29.9,0.0,0.7,36.7,1006.6,183.0,H,31,Silverstone,McLaren
0,68,ALO,1,2,7,7,7,0,22,52.1,29.0,0.0,0.5,39.1,1007.4,176.0,M,0,Silverstone,Alpine
1,68,ALO,2,2,7,7,7,0,30,51.8,29.0,0.0,0.6,37.9,1007.4,183.0,M,1,Silverstone,Alpine
2,68,ALO,3,2,7,7,7,0,22,51.9,29.2,0.0,0.5,39.3,1007.5,196.0,M,1,Silverstone,Alpine
3,68,ALO,4,1,7,6,7,0,30,51.4,29.2,0.0,0.2,39.9,1007.4,330.0,M,2,Silverstone,Alpine
4,68,ALO,5,0,6,7,7,0,22,51.5,29.2,0.0,0.1,39.1,1007.3,130.0,M,3,Silverstone,Alpine
5,68,ALO,6,0,7,7,7,0,30,51.4,29.1,0.0,0.3,39.8,1007.5,0.0,M,4,Silverstone,Alpine
6,68,ALO,7,0,7,7,7,0,22,51.6,29.1,0.0,0.1,40.7,1007.4,0.0,M,5,Silverstone,Alpine
7,68,ALO,8,0,7,7,7,0,30,51.6,29.2,0.0,0.1,40.3,1007.4,331.0,M,6,Silverstone,Alpine
8,68,ALO,9,0,7,7,7,0,22,52.4,29.6,0.0,0.1,37.5,1007.5,241.0,M,7,Silverstone,Alpine
9,68,ALO,10,0,7,7,7,0,30,51.8,29.6,0.0,0.1,35.6,1007.4,240.0,M,8,Silverstone,Alpine
10,68,ALO,11,0,7,7,7,0,22,51.9,29.6,0.0,0.2,34.9,1007.4,6.0,M,9,Silverstone,Alpine
11,68,ALO,12,0,7,7,7,0,30,52.0,29.5,0.0,0.3,35.0,1007.3,29.0,M,10,Silverstone,Alpine
12,68,ALO,13,0,7,7,7,0,22,51.1,29.4,0.0,0.2,33.9,1007.3,174.0,M,11,Silverstone,Alpine
13,68,ALO,14,0,7,7,7,0,30,50.8,29.4,0.0,0.3,35.5,1007.4,130.0,M,12,Silverstone,Alpine
14,68,ALO,15,0,7,7,7,0,22,51.1,29.5,0.0,0.1,36.4,1007.3,330.0,M,13,Silverstone,Alpine
15,68,ALO,16,0,7,7,7,0,30,51.4,29.4,0.0,0.3,36.5,1007.3,353.0,M,14,Silverstone,Alpine
16,68,ALO,17,0,7,7,7,0,22,51.5,29.5,0.0,0.3,36.6,1007.3,345.0,M,15,Silverstone,Alpine
17,68,ALO,18,0,7,7,7,0,30,51.5,29.5,0.0,0.3,36.0,1007.3,21.0,M,16,Silverstone,Alpine
18,68,ALO,19,0,7,7,7,0,22,51.5,29.4,0.0,0.3,36.4,1007.3,28.0,M,17,Silverstone,Alpine
19,68,ALO,20,0,7,7,7,0,30,51.6,29.5,0.0,0.4,37.1,1007.2,20.0,M,18,Silverstone,Alpine
20,68,ALO,21,0,7,6,7,0,22,52.1,29.6,0.0,0.4,35.7,1007.2,25.0,M,19,Silverstone,Alpine
21,68,ALO,22,0,6,5,7,0,30,51.4,29.7,0.0,0.1,35.3,1007.2,60.0,M,20,Silverstone,Alpine
22,68,ALO,23,0,5,6,7,0,22,50.5,29.6,0.0,0.4,36.1,1007.2,17.0,M,21,Silverstone,Alpine
23,68,ALO,24,0,6,6,7,0,30,50.6,29.6,0.0,0.3,36.7,1007.1,338.0,M,22,Silverstone,Alpine
24,68,ALO,25,0,6,9,7,0,22,50.6,29.6,0.0,0.3,36.4,1007.1,351.0,H,0,Silverstone,Alpine
25,68,ALO,26,0,9,9,7,0,30,50.8,29.3,0.0,0.0,37.6,1007.2,0.0,H,1,Silverstone,Alpine
26,68,ALO,27,0,9,9,7,0,22,51.1,29.8,0.0,0.2,37.0,1007.2,0.0,H,2,Silverstone,Alpine
27,68,ALO,28,0,9,9,7,0,30,50.4,29.8,0.0,0.3,36.8,1007.2,119.0,H,3,Silverstone,Alpine
28,68,ALO,29,0,9,8,7,0,22,50.9,29.9,0.0,0.4,36.8,1007.2,333.0,H,4,Silverstone,Alpine
29,68,ALO,30,0,8,8,7,0,30,50.8,29.6,0.0,0.1,36.1,1007.0,251.0,H,5,Silverstone,Alpine
30,68,ALO,31,0,8,7,7,0,22,50.8,29.8,0.0,0.2,36.4,1007.1,6.0,H,6,Silverstone,Alpine
31,68,ALO,32,0,7,7,7,0,30,50.3,29.6,0.0,0.2,37.0,1007.1,353.0,H,7,Silverstone,Alpine
32,68,ALO,33,0,7,7,7,0,22,50.4,29.6,0.0,0.3,36.9,1007.0,207.0,H,8,Silverstone,Alpine
33,68,ALO,34,0,7,7,7,0,30,50.5,30.1,0.0,0.2,36.4,1007.0,339.0,H,9,Silverstone,Alpine
34,68,ALO,35,0,7,7,7,0,22,50.5,30.1,0.0,0.2,36.9,1007.0,272.0,H,10,Silverstone,Alpine
35,68,ALO,36,0,7,7,7,0,30,49.8,29.8,0.0,0.6,37.8,1006.8,190.0,H,11,Silverstone,Alpine
36,68,ALO,37,0,7,7,7,0,22,49.7,29.8,0.0,0.8,37.0,1007.0,180.0,H,12,Silverstone,Alpine
37,68,ALO,38,0,7,7,7,0,30,49.9,29.8,0.0,0.5,37.1,1007.0,181.0,H,13,Silverstone,Alpine
38,68,ALO,39,0,7,7,7,0,22,49.8,29.7,0.0,0.1,37.5,1006.9,190.0,H,14,Silverstone,Alpine
39,68,ALO,40,0,7,7,7,0,30,49.5,29.8,0.0,0.2,37.3,1006.9,99.0,H,15,Silverstone,Alpine
40,68,ALO,41,0,7,7,7,0,22,49.4,30.1,0.0,0.2,37.5,1006.8,209.0,H,16,Silverstone,Alpine
41,68,ALO,42,0,7,7,7,0,30,49.4,30.1,0.0,0.2,37.5,1006.8,243.0,H,17,Silverstone,Alpine
42,68,ALO,43,0,7,7,7,0,22,49.2,30.0,0.0,0.3,37.5,1006.8,238.0,H,18,Silverstone,Alpine
43,68,ALO,44,0,7,7,7,0,30,49.2,29.7,0.0,0.3,37.5,1006.8,15.0,H,19,Silverstone,Alpine
44,68,ALO,45,0,7,7,7,0,22,49.7,29.9,0.0,0.3,37.3,1006.7,227.0,H,20,Silverstone,Alpine
45,68,ALO,46,0,7,7,7,0,30,49.1,29.8,0.0,0.3,38.4,1006.8,157.0,H,21,Silverstone,Alpine
46,68,ALO,47,1,7,7,7,0,22,49.2,29.7,0.0,0.7,36.3,1006.6,191.0,H,22,Silverstone,Alpine
47,68,ALO,48,0,7,7,7,0,30,49.0,29.8,0.0,0.8,35.9,1006.7,119.0,H,23,Silverstone,Alpine
48,68,ALO,49,0,7,7,7,0,22,48.8,29.7,0.0,0.6,36.8,1006.6,143.0,H,24,Silverstone,Alpine
49,68,ALO,50,0,7,7,7,0,30,48.6,29.7,0.0,0.5,36.3,1006.7,186.0,H,25,Silverstone,Alpine
50,68,ALO,51,0,7,7,7,0,22,48.6,29.5,0.0,0.6,36.3,1006.7,173.0,H,26,Silverstone,Alpine
51,68,ALO,52,0,7,7,7,0,30,48.4,29.9,0.0,0.6,36.7,1006.6,176.0,H,27,Silverstone,Alpine
0,68,VET,1,2,6,6,6,0,17,52.1,29.0,0.0,0.5,39.1,1007.4,176.0,M,3,Silverstone,Aston Martin
1,68,VET,2,2,6,6,6,0,25,51.0,29.2,0.0,0.3,39.3,1007.3,356.0,M,4,Silverstone,Aston Martin
2,68,VET,3,2,6,6,6,0,17,51.4,29.1,0.0,0.3,39.8,1007.5,0.0,M,5,Silverstone,Aston Martin
3,68,VET,4,1,6,19,6,0,25,51.6,29.1,0.0,0.1,40.7,1007.4,0.0,M,6,Silverstone,Aston Martin
4,68,VET,5,0,19,19,6,0,17,51.6,29.2,0.0,0.1,40.3,1007.4,331.0,M,7,Silverstone,Aston Martin
5,68,VET,6,0,19,19,6,0,25,51.7,29.5,0.0,0.2,39.5,1007.4,193.0,M,8,Silverstone,Aston Martin
6,68,VET,7,0,19,18,6,0,17,52.4,29.5,0.0,0.2,38.1,1007.4,283.0,M,9,Silverstone,Aston Martin
7,68,VET,8,0,18,17,6,0,25,52.4,29.7,0.0,0.1,35.9,1007.4,323.0,M,10,Silverstone,Aston Martin
8,68,VET,9,0,17,17,6,0,17,51.9,29.6,0.0,0.2,34.9,1007.4,6.0,M,11,Silverstone,Aston Martin
9,68,VET,10,0,17,17,6,0,25,52.0,29.5,0.0,0.3,35.0,1007.3,29.0,M,12,Silverstone,Aston Martin
10,68,VET,11,0,17,17,6,0,17,51.1,29.4,0.0,0.2,33.9,1007.3,174.0,M,13,Silverstone,Aston Martin
11,68,VET,12,0,17,17,6,0,25,51.1,29.5,0.0,0.1,36.4,1007.3,330.0,M,14,Silverstone,Aston Martin
12,68,VET,13,0,17,17,6,0,17,51.5,29.5,0.0,0.3,36.0,1007.3,21.0,M,15,Silverstone,Aston Martin
13,68,VET,14,0,17,17,6,0,25,51.4,29.7,0.0,0.1,35.3,1007.2,60.0,M,16,Silverstone,Aston Martin
14,68,VET,15,0,17,17,6,0,17,51.4,29.8,0.0,0.2,34.6,1007.1,2.0,M,17,Silverstone,Aston Martin
15,68,VET,16,0,17,17,6,0,25,50.6,29.6,0.0,0.3,36.4,1007.1,351.0,M,18,Silverstone,Aston Martin
16,68,VET,17,0,17,17,6,0,17,50.8,29.3,0.0,0.0,37.6,1007.2,0.0,M,19,Silverstone,Aston Martin
17,68,VET,18,0,17,17,6,0,25,51.1,29.8,0.0,0.2,37.0,1007.2,0.0,M,20,Silverstone,Aston Martin
18,68,VET,19,0,17,17,6,0,17,50.9,29.9,0.0,0.2,36.0,1007.1,13.0,H,2,Silverstone,Aston Martin
19,68,VET,20,0,17,17,6,0,25,50.9,29.6,0.0,0.2,36.5,1007.2,114.0,H,3,Silverstone,Aston Martin
20,68,VET,21,0,17,17,6,0,17,50.8,29.6,0.0,0.1,36.1,1007.0,251.0,H,4,Silverstone,Aston Martin
21,68,VET,22,0,17,17,6,0,25,49.9,29.8,0.0,0.1,35.8,1007.0,327.0,H,5,Silverstone,Aston Martin
22,68,VET,23,0,17,17,6,0,17,50.6,29.8,0.0,0.6,35.9,1007.0,159.0,H,6,Silverstone,Aston Martin
23,68,VET,24,0,17,17,6,0,25,50.4,29.7,0.0,0.4,36.3,1007.1,58.0,H,7,Silverstone,Aston Martin
24,68,VET,25,0,17,17,6,0,17,50.3,29.6,0.0,0.2,37.0,1007.1,353.0,H,8,Silverstone,Aston Martin
25,68,VET,26,0,17,17,6,0,25,50.4,29.6,0.0,0.3,36.9,1007.0,207.0,H,9,Silverstone,Aston Martin
26,68,VET,27,0,17,17,6,0,17,50.5,30.1,0.0,0.2,36.4,1007.0,339.0,H,10,Silverstone,Aston Martin
27,68,VET,28,0,17,17,6,0,25,50.5,30.1,0.0,0.2,36.9,1007.0,272.0,H,11,Silverstone,Aston Martin
28,68,VET,29,0,17,17,6,0,17,49.4,29.8,0.0,0.1,37.2,1007.0,51.0,H,12,Silverstone,Aston Martin
29,68,VET,30,0,17,17,6,0,25,49.5,29.8,0.0,0.3,37.5,1006.9,203.0,H,13,Silverstone,Aston Martin
30,68,VET,31,0,17,17,6,0,17,49.6,29.8,0.0,0.2,37.3,1006.8,165.0,H,14,Silverstone,Aston Martin
31,68,VET,32,0,17,17,6,0,25,49.9,29.8,0.0,0.3,38.1,1006.9,156.0,H,15,Silverstone,Aston Martin
32,68,VET,33,0,17,17,6,0,17,49.9,29.7,0.0,0.2,37.9,1006.8,22.0,H,16,Silverstone,Aston Martin
33,68,VET,34,0,17,17,6,0,25,49.6,29.9,0.0,0.2,37.4,1006.8,165.0,H,17,Silverstone,Aston Martin
34,68,VET,35,0,17,17,6,0,17,49.3,30.0,0.0,0.1,37.2,1006.7,118.0,H,18,Silverstone,Aston Martin
35,68,VET,36,0,17,17,6,0,25,49.0,29.8,0.0,0.8,35.9,1006.7,119.0,H,19,Silverstone,Aston Martin
36,68,VET,37,0,17,17,6,0,17,48.8,29.7,0.0,0.6,36.8,1006.6,143.0,H,20,Silverstone,Aston Martin
37,68,VET,38,0,17,17,6,0,25,48.6,29.7,0.0,0.5,36.3,1006.7,186.0,H,21,Silverstone,Aston Martin
38,68,VET,39,0,17,17,6,0,17,48.6,29.9,0.0,0.5,36.4,1006.6,182.0,H,22,Silverstone,Aston Martin
39,68,VET,40,0,17,17,6,1,25,48.3,29.9,0.0,0.6,36.9,1006.6,185.0,H,23,Silverstone,Aston Martin
0,68,OCO,1,2,10,10,10,0,23,51.5,29.0,0.0,0.5,38.4,1007.6,161.0,M,0,Silverstone,Alpine
1,68,OCO,2,2,10,10,10,0,37,51.8,29.1,0.0,0.3,39.2,1007.4,189.0,M,1,Silverstone,Alpine
2,68,OCO,3,2,10,10,10,0,23,51.4,29.2,0.0,0.2,39.9,1007.4,330.0,M,0,Silverstone,Alpine
3,68,OCO,4,1,10,10,10,0,37,51.0,29.2,0.0,0.3,39.3,1007.3,356.0,M,1,Silverstone,Alpine
4,68,OCO,5,0,10,9,10,0,23,51.5,29.2,0.0,0.1,39.1,1007.3,130.0,M,2,Silverstone,Alpine
5,68,OCO,6,0,9,9,10,0,37,51.4,29.1,0.0,0.2,39.6,1007.3,155.0,M,3,Silverstone,Alpine
6,68,OCO,7,0,9,9,10,0,23,51.4,29.1,0.0,0.3,39.8,1007.5,0.0,M,4,Silverstone,Alpine
7,68,OCO,8,0,9,9,10,0,37,51.7,29.5,0.0,0.2,39.5,1007.4,193.0,M,5,Silverstone,Alpine
8,68,OCO,9,0,9,9,10,0,23,51.9,29.6,0.0,0.1,36.4,1007.4,0.0,M,6,Silverstone,Alpine
9,68,OCO,10,0,9,9,10,0,37,52.4,29.7,0.0,0.1,35.9,1007.4,323.0,M,7,Silverstone,Alpine
10,68,OCO,11,0,9,9,10,0,23,52.4,29.6,0.0,0.2,36.4,1007.4,342.0,M,8,Silverstone,Alpine
11,68,OCO,12,0,9,9,10,0,37,51.1,29.4,0.0,0.2,33.9,1007.3,174.0,M,9,Silverstone,Alpine
12,68,OCO,13,0,9,9,10,0,23,51.5,29.5,0.0,0.3,36.0,1007.3,21.0,M,10,Silverstone,Alpine
13,68,OCO,14,0,9,9,10,0,37,51.5,29.4,0.0,0.3,36.4,1007.3,28.0,M,11,Silverstone,Alpine
14,68,OCO,15,0,9,9,10,0,23,51.6,29.5,0.0,0.4,37.1,1007.2,20.0,M,12,Silverstone,Alpine
15,68,OCO,16,0,9,9,10,0,37,52.1,29.6,0.0,0.4,35.7,1007.2,25.0,M,13,Silverstone,Alpine
16,68,OCO,17,0,9,9,10,0,23,51.6,29.6,0.0,0.3,34.9,1007.2,3.0,M,14,Silverstone,Alpine
17,68,OCO,18,0,9,9,10,0,37,50.5,29.8,0.0,0.6,36.1,1007.2,352.0,M,15,Silverstone,Alpine
18,68,OCO,19,0,9,9,10,0,23,50.5,29.6,0.0,0.4,36.1,1007.2,17.0,M,16,Silverstone,Alpine
19,68,OCO,20,0,9,12,10,0,37,50.6,29.6,0.0,0.3,36.7,1007.1,338.0,H,0,Silverstone,Alpine
20,68,OCO,21,0,12,12,10,0,23,50.6,29.6,0.0,0.3,36.4,1007.1,351.0,H,1,Silverstone,Alpine
21,68,OCO,22,0,12,13,10,0,37,50.9,29.6,0.0,0.2,37.1,1007.1,100.0,H,2,Silverstone,Alpine
22,68,OCO,23,0,13,13,10,0,23,50.9,29.7,0.0,0.2,36.3,1007.1,278.0,H,3,Silverstone,Alpine
23,68,OCO,24,0,13,12,10,0,37,50.8,29.8,0.0,0.4,37.0,1007.1,298.0,H,4,Silverstone,Alpine
24,68,OCO,25,0,12,12,10,0,23,51.1,29.8,0.0,0.2,37.0,1007.2,0.0,H,5,Silverstone,Alpine
25,68,OCO,26,0,12,12,10,0,37,50.5,29.9,0.0,0.6,36.8,1007.1,254.0,H,6,Silverstone,Alpine
26,68,OCO,27,0,12,12,10,0,23,50.4,29.9,0.0,0.1,36.7,1007.1,0.0,H,7,Silverstone,Alpine
27,68,OCO,28,0,12,12,10,0,37,50.9,29.8,0.0,0.3,36.7,1007.1,185.0,H,8,Silverstone,Alpine
28,68,OCO,29,0,12,12,10,0,23,50.9,29.6,0.0,0.2,36.5,1007.2,114.0,H,9,Silverstone,Alpine
29,68,OCO,30,0,12,12,10,0,37,50.8,29.6,0.0,0.1,36.1,1007.0,251.0,H,10,Silverstone,Alpine
30,68,OCO,31,0,12,11,10,0,23,50.8,29.8,0.0,0.2,36.4,1007.1,6.0,H,11,Silverstone,Alpine
31,68,OCO,32,0,11,11,10,0,37,49.9,29.8,0.0,0.1,35.8,1007.0,327.0,H,12,Silverstone,Alpine
32,68,OCO,33,0,11,11,10,0,23,50.8,29.7,0.0,0.3,35.9,1007.0,173.0,H,13,Silverstone,Alpine
33,68,OCO,34,0,11,11,10,0,37,50.5,29.7,0.0,0.7,36.2,1007.1,204.0,H,14,Silverstone,Alpine
34,68,OCO,35,0,11,11,10,0,23,50.5,30.1,0.0,0.2,36.4,1007.0,339.0,H,15,Silverstone,Alpine
35,68,OCO,36,0,11,11,10,0,37,49.5,29.8,0.0,0.3,37.5,1006.9,203.0,H,16,Silverstone,Alpine
36,68,OCO,37,0,11,11,10,0,23,49.6,29.8,0.0,0.6,37.1,1006.9,184.0,H,17,Silverstone,Alpine
37,68,OCO,38,0,11,11,10,0,37,49.9,29.8,0.0,0.5,37.1,1007.0,181.0,H,18,Silverstone,Alpine
38,68,OCO,39,0,11,10,10,0,23,49.9,29.8,0.0,0.3,38.1,1006.9,156.0,H,19,Silverstone,Alpine
39,68,OCO,40,0,10,10,10,0,37,50.1,29.7,0.0,0.2,38.4,1006.9,225.0,H,20,Silverstone,Alpine
40,68,OCO,41,0,10,10,10,0,23,49.9,29.7,0.0,0.2,37.9,1006.8,22.0,H,21,Silverstone,Alpine
41,68,OCO,42,0,10,10,10,0,37,49.8,29.7,0.0,0.1,37.4,1006.8,293.0,H,22,Silverstone,Alpine
42,68,OCO,43,0,10,10,10,0,23,49.5,29.8,0.0,0.2,37.3,1006.9,99.0,H,23,Silverstone,Alpine
43,68,OCO,44,0,10,10,10,0,37,49.4,30.1,0.0,0.2,37.5,1006.8,209.0,H,24,Silverstone,Alpine
44,68,OCO,45,0,10,10,10,0,23,49.3,30.0,0.0,0.3,37.6,1006.8,0.0,H,25,Silverstone,Alpine
45,68,OCO,46,0,10,10,10,0,37,49.2,30.0,0.0,0.3,37.5,1006.8,238.0,H,26,Silverstone,Alpine
46,68,OCO,47,1,10,9,10,0,23,49.2,29.7,0.0,0.1,38.1,1006.8,13.0,H,27,Silverstone,Alpine
47,68,OCO,48,0,9,9,10,0,37,49.2,29.7,0.0,0.3,37.5,1006.8,15.0,H,28,Silverstone,Alpine
48,68,OCO,49,0,9,9,10,0,23,49.6,29.9,0.0,0.2,37.4,1006.8,165.0,H,29,Silverstone,Alpine
49,68,OCO,50,0,9,9,10,0,37,49.6,29.8,0.0,0.2,37.7,1006.7,0.0,H,30,Silverstone,Alpine
50,68,OCO,51,0,9,9,10,0,23,49.3,30.0,0.0,0.1,37.2,1006.7,118.0,H,31,Silverstone,Alpine
51,68,OCO,52,0,9,9,10,0,37,48.6,29.7,0.0,0.5,36.3,1006.7,186.0,H,32,Silverstone,Alpine
0,68,SAI,1,2,8,8,8,0,19,51.8,29.0,0.0,0.6,38.5,1007.4,178.0,M,0,Silverstone,Ferrari
1,68,SAI,2,2,8,8,8,0,29,51.5,29.0,0.0,0.5,38.4,1007.6,161.0,M,1,Silverstone,Ferrari
2,68,SAI,3,2,8,8,8,0,19,51.7,29.0,0.0,0.3,39.3,1007.6,158.0,M,0,Silverstone,Ferrari
3,68,SAI,4,1,8,7,8,0,29,51.9,29.2,0.0,0.5,39.3,1007.5,196.0,M,1,Silverstone,Ferrari
4,68,SAI,5,0,7,6,8,0,19,51.4,29.2,0.0,0.2,39.9,1007.4,330.0,M,2,Silverstone,Ferrari
5,68,SAI,6,0,6,6,8,0,29,51.6,29.1,0.0,0.1,40.7,1007.4,0.0,M,3,Silverstone,Ferrari
6,68,SAI,7,0,6,6,8,0,19,51.6,29.2,0.0,0.1,40.3,1007.4,331.0,M,4,Silverstone,Ferrari
7,68,SAI,8,0,6,6,8,0,29,51.7,29.5,0.0,0.2,39.5,1007.4,193.0,M,5,Silverstone,Ferrari
8,68,SAI,9,0,6,6,8,0,19,52.4,29.5,0.0,0.2,38.1,1007.4,283.0,M,6,Silverstone,Ferrari
9,68,SAI,10,0,6,6,8,0,29,51.8,29.6,0.0,0.2,35.5,1007.4,0.0,M,7,Silverstone,Ferrari
10,68,SAI,11,0,6,6,8,0,19,52.0,29.5,0.0,0.3,35.0,1007.3,29.0,M,8,Silverstone,Ferrari
11,68,SAI,12,0,6,6,8,0,29,51.1,29.5,0.0,0.1,36.4,1007.3,330.0,M,9,Silverstone,Ferrari
12,68,SAI,13,0,6,6,8,0,19,51.5,29.5,0.0,0.3,36.6,1007.3,345.0,M,10,Silverstone,Ferrari
13,68,SAI,14,0,6,6,8,0,29,51.4,29.8,0.0,0.2,34.6,1007.1,2.0,M,11,Silverstone,Ferrari
14,68,SAI,15,0,6,6,8,0,19,50.6,29.6,0.0,0.3,36.7,1007.1,338.0,M,12,Silverstone,Ferrari
15,68,SAI,16,0,6,6,8,0,29,50.9,29.6,0.0,0.2,37.1,1007.1,100.0,M,13,Silverstone,Ferrari
16,68,SAI,17,0,6,6,8,0,19,50.9,29.6,0.0,0.1,36.8,1007.1,170.0,M,14,Silverstone,Ferrari
17,68,SAI,18,0,6,6,8,0,29,50.9,29.7,0.0,0.3,36.3,1007.1,170.0,M,15,Silverstone,Ferrari
18,68,SAI,19,0,6,6,8,0,19,50.9,29.7,0.0,0.2,36.3,1007.1,278.0,M,16,Silverstone,Ferrari
19,68,SAI,20,0,6,6,8,0,29,51.1,29.8,0.0,0.2,37.0,1007.2,0.0,M,17,Silverstone,Ferrari
20,68,SAI,21,0,6,5,8,0,19,51.3,29.8,0.0,0.5,35.4,1007.1,20.0,M,18,Silverstone,Ferrari
21,68,SAI,22,0,5,4,8,0,29,50.5,29.9,0.0,0.6,36.8,1007.1,254.0,M,19,Silverstone,Ferrari
22,68,SAI,23,0,4,3,8,0,19,50.8,29.6,0.0,0.1,36.1,1007.0,251.0,M,20,Silverstone,Ferrari
23,68,SAI,24,0,3,3,8,0,29,50.6,29.8,0.0,0.6,35.9,1007.0,159.0,M,21,Silverstone,Ferrari
24,68,SAI,25,0,3,3,8,0,19,50.8,29.7,0.0,0.3,35.9,1007.0,173.0,M,22,Silverstone,Ferrari
25,68,SAI,26,0,3,3,8,0,29,50.5,29.7,0.0,0.7,36.2,1007.1,204.0,M,23,Silverstone,Ferrari
26,68,SAI,27,0,3,3,8,0,19,50.3,29.6,0.0,0.2,37.0,1007.1,353.0,M,24,Silverstone,Ferrari
27,68,SAI,28,0,3,2,8,0,29,50.4,29.9,0.0,0.2,36.0,1007.0,302.0,M,25,Silverstone,Ferrari
28,68,SAI,29,0,2,6,8,0,19,49.5,29.8,0.0,0.3,37.5,1006.9,203.0,H,0,Silverstone,Ferrari
29,68,SAI,30,0,6,6,8,0,29,49.6,29.8,0.0,0.6,37.1,1006.9,184.0,H,1,Silverstone,Ferrari
30,68,SAI,31,0,6,6,8,0,19,49.8,29.8,0.0,0.6,37.8,1006.8,190.0,H,2,Silverstone,Ferrari
31,68,SAI,32,0,6,6,8,0,29,49.7,29.8,0.0,0.8,37.0,1007.0,180.0,H,3,Silverstone,Ferrari
32,68,SAI,33,0,6,6,8,0,19,49.9,29.8,0.0,0.5,37.1,1007.0,181.0,H,4,Silverstone,Ferrari
33,68,SAI,34,0,6,6,8,0,29,49.5,29.8,0.0,0.2,37.9,1006.9,55.0,H,5,Silverstone,Ferrari
34,68,SAI,35,0,6,6,8,0,19,49.9,29.7,0.0,0.2,37.9,1006.8,22.0,H,6,Silverstone,Ferrari
35,68,SAI,36,0,6,6,8,0,29,49.8,29.7,0.0,0.1,37.5,1006.9,190.0,H,7,Silverstone,Ferrari
36,68,SAI,37,0,6,6,8,0,19,49.8,29.7,0.0,0.1,37.4,1006.8,293.0,H,8,Silverstone,Ferrari
37,68,SAI,38,0,6,6,8,0,29,49.5,29.8,0.0,0.2,37.3,1006.9,99.0,H,9,Silverstone,Ferrari
38,68,SAI,39,0,6,6,8,0,19,49.2,30.0,0.0,0.3,37.5,1006.8,238.0,H,10,Silverstone,Ferrari
39,68,SAI,40,0,6,6,8,0,29,49.2,29.7,0.0,0.1,38.1,1006.8,13.0,H,11,Silverstone,Ferrari
40,68,SAI,41,0,6,6,8,0,19,49.2,29.8,0.0,0.3,38.3,1006.7,325.0,H,12,Silverstone,Ferrari
41,68,SAI,42,0,6,6,8,0,29,49.6,29.9,0.0,0.2,37.4,1006.8,165.0,H,13,Silverstone,Ferrari
42,68,SAI,43,0,6,6,8,0,19,49.6,29.8,0.0,0.2,37.7,1006.7,0.0,H,14,Silverstone,Ferrari
43,68,SAI,44,0,6,6,8,0,29,49.1,29.8,0.0,0.3,38.4,1006.8,157.0,H,15,Silverstone,Ferrari
44,68,SAI,45,0,6,6,8,0,19,49.3,30.0,0.0,0.1,36.7,1006.6,230.0,H,16,Silverstone,Ferrari
45,68,SAI,46,0,6,6,8,0,29,49.2,29.8,0.0,0.2,37.1,1006.6,331.0,H,17,Silverstone,Ferrari
46,68,SAI,47,1,6,6,8,0,19,49.2,29.8,0.0,0.4,37.4,1006.6,190.0,H,18,Silverstone,Ferrari
47,68,SAI,48,0,6,6,8,0,29,49.0,29.8,0.0,0.8,35.9,1006.7,119.0,H,19,Silverstone,Ferrari
48,68,SAI,49,0,6,6,8,0,19,48.6,29.5,0.0,0.6,36.3,1006.7,173.0,H,20,Silverstone,Ferrari
49,68,SAI,50,0,6,6,8,0,29,48.6,29.5,0.0,0.5,36.7,1006.6,162.0,H,21,Silverstone,Ferrari
50,68,SAI,51,0,6,6,8,0,19,48.3,29.9,0.0,0.7,36.7,1006.6,183.0,H,22,Silverstone,Ferrari
51,68,SAI,52,0,6,6,8,0,29,48.3,29.9,0.0,0.6,36.9,1006.6,185.0,H,23,Silverstone,Ferrari
0,68,GAS,1,2,12,12,12,0,26,52.1,29.0,0.0,0.5,39.1,1007.4,176.0,M,0,Silverstone,AlphaTauri
1,68,GAS,2,2,12,12,12,0,29,51.8,29.0,0.0,0.6,37.9,1007.4,183.0,M,1,Silverstone,AlphaTauri
2,68,GAS,3,2,12,12,12,0,26,51.5,29.0,0.0,0.5,38.4,1007.6,161.0,M,2,Silverstone,AlphaTauri
3,68,GAS,4,1,12,12,12,0,29,51.8,29.1,0.0,0.3,39.2,1007.4,189.0,M,3,Silverstone,AlphaTauri
4,68,GAS,5,0,12,12,12,0,26,51.9,29.2,0.0,0.5,39.3,1007.5,196.0,M,4,Silverstone,AlphaTauri
5,68,GAS,6,0,12,11,12,0,29,51.4,29.2,0.0,0.2,39.9,1007.4,330.0,M,5,Silverstone,AlphaTauri
6,68,GAS,7,0,11,11,12,0,26,51.4,29.1,0.0,0.2,39.6,1007.3,155.0,M,6,Silverstone,AlphaTauri
7,68,GAS,8,0,11,11,12,0,29,51.4,29.1,0.0,0.3,39.8,1007.5,0.0,M,7,Silverstone,AlphaTauri
8,68,GAS,9,0,11,11,12,0,26,51.6,29.1,0.0,0.1,40.7,1007.4,0.0,M,8,Silverstone,AlphaTauri
9,68,GAS,10,0,11,11,12,0,29,51.9,29.6,0.0,0.1,36.4,1007.4,0.0,M,9,Silverstone,AlphaTauri
10,68,GAS,11,0,11,11,12,0,26,52.4,29.7,0.0,0.1,35.9,1007.4,323.0,M,10,Silverstone,AlphaTauri
11,68,GAS,12,0,11,11,12,0,29,52.4,29.6,0.0,0.2,36.4,1007.4,342.0,M,11,Silverstone,AlphaTauri
12,68,GAS,13,0,11,11,12,0,26,51.8,29.6,0.0,0.1,35.6,1007.4,240.0,M,12,Silverstone,AlphaTauri
13,68,GAS,14,0,11,11,12,0,29,51.1,29.5,0.0,0.1,36.4,1007.3,330.0,M,13,Silverstone,AlphaTauri
14,68,GAS,15,0,11,11,12,0,26,51.4,29.4,0.0,0.3,36.5,1007.3,353.0,M,14,Silverstone,AlphaTauri
15,68,GAS,16,0,11,11,12,0,29,51.5,29.5,0.0,0.3,36.6,1007.3,345.0,M,15,Silverstone,AlphaTauri
16,68,GAS,17,0,11,11,12,0,26,51.5,29.4,0.0,0.3,36.4,1007.3,28.0,M,16,Silverstone,AlphaTauri
17,68,GAS,18,0,11,12,12,0,29,51.6,29.5,0.0,0.4,37.1,1007.2,20.0,M,17,Silverstone,AlphaTauri
18,68,GAS,19,0,12,10,12,0,26,52.1,29.6,0.0,0.4,35.7,1007.2,25.0,M,18,Silverstone,AlphaTauri
19,68,GAS,20,0,10,9,12,0,29,51.4,29.8,0.0,0.2,34.6,1007.1,2.0,M,19,Silverstone,AlphaTauri
20,68,GAS,21,0,9,8,12,0,26,50.5,29.8,0.0,0.6,36.1,1007.2,352.0,M,20,Silverstone,AlphaTauri
21,68,GAS,22,0,8,8,12,0,29,50.6,29.6,0.0,0.3,36.4,1007.1,351.0,M,21,Silverstone,AlphaTauri
22,68,GAS,23,0,8,8,12,0,26,50.6,29.5,0.0,0.3,36.7,1007.1,122.0,M,22,Silverstone,AlphaTauri
23,68,GAS,24,0,8,7,12,0,29,50.9,29.7,0.0,0.2,36.3,1007.1,278.0,M,23,Silverstone,AlphaTauri
24,68,GAS,25,0,7,6,12,0,26,51.1,29.8,0.0,0.2,37.0,1007.2,0.0,M,24,Silverstone,AlphaTauri
25,68,GAS,26,0,6,6,12,0,29,51.3,29.8,0.0,0.5,35.4,1007.1,20.0,M,25,Silverstone,AlphaTauri
26,68,GAS,27,0,6,6,12,0,26,50.4,29.8,0.0,0.3,36.8,1007.2,119.0,M,26,Silverstone,AlphaTauri
27,68,GAS,28,0,6,6,12,0,29,50.9,29.8,0.0,0.3,36.7,1007.1,185.0,M,27,Silverstone,AlphaTauri
28,68,GAS,29,0,6,11,12,0,26,50.9,29.9,0.0,0.2,36.0,1007.1,13.0,H,0,Silverstone,AlphaTauri
29,68,GAS,30,0,11,11,12,0,29,50.8,29.6,0.0,0.1,36.1,1007.0,251.0,H,1,Silverstone,AlphaTauri
30,68,GAS,31,0,11,10,12,0,26,49.9,29.8,0.0,0.1,35.8,1007.0,327.0,H,2,Silverstone,AlphaTauri
31,68,GAS,32,0,10,10,12,0,29,49.9,29.8,0.0,0.3,36.3,1007.1,183.0,H,3,Silverstone,AlphaTauri
32,68,GAS,33,0,10,10,12,0,26,50.8,29.7,0.0,0.3,35.9,1007.0,173.0,H,4,Silverstone,AlphaTauri
33,68,GAS,34,0,10,10,12,0,29,50.5,30.1,0.0,0.2,36.4,1007.0,339.0,H,5,Silverstone,AlphaTauri
34,68,GAS,35,0,10,10,12,0,26,49.8,29.9,0.0,0.2,36.5,1006.9,204.0,H,6,Silverstone,AlphaTauri
35,68,GAS,36,0,10,10,12,0,29,49.4,29.8,0.0,0.1,37.2,1007.0,51.0,H,7,Silverstone,AlphaTauri
36,68,GAS,37,0,10,10,12,0,26,49.5,29.8,0.0,0.3,37.5,1006.9,203.0,H,8,Silverstone,AlphaTauri
37,68,GAS,38,0,10,10,12,0,29,49.6,29.8,0.0,0.6,37.1,1006.9,184.0,H,9,Silverstone,AlphaTauri
38,68,GAS,39,0,10,9,12,0,26,49.9,29.8,0.0,0.5,37.1,1007.0,181.0,H,10,Silverstone,AlphaTauri
39,68,GAS,40,0,9,9,12,0,29,49.6,29.8,0.0,0.2,37.3,1006.8,165.0,H,11,Silverstone,AlphaTauri
40,68,GAS,41,0,9,9,12,0,26,49.5,29.8,0.0,0.2,37.9,1006.9,55.0,H,12,Silverstone,AlphaTauri
41,68,GAS,42,0,9,9,12,0,29,49.9,29.7,0.0,0.2,37.9,1006.8,22.0,H,13,Silverstone,AlphaTauri
42,68,GAS,43,0,9,9,12,0,26,49.8,29.7,0.0,0.1,37.5,1006.9,190.0,H,14,Silverstone,AlphaTauri
43,68,GAS,44,0,9,9,12,0,29,49.8,29.7,0.0,0.1,37.4,1006.8,293.0,H,15,Silverstone,AlphaTauri
44,68,GAS,45,0,9,9,12,0,26,49.5,29.8,0.0,0.2,37.3,1006.9,99.0,H,16,Silverstone,AlphaTauri
45,68,GAS,46,0,9,9,12,0,29,49.7,29.9,0.0,0.3,37.3,1006.7,227.0,H,17,Silverstone,AlphaTauri
46,68,GAS,47,1,9,14,12,0,26,49.6,29.8,0.0,0.2,37.7,1006.7,0.0,S,0,Silverstone,AlphaTauri
47,68,GAS,48,0,14,13,12,0,29,49.3,30.0,0.0,0.1,36.7,1006.6,230.0,S,1,Silverstone,AlphaTauri
48,68,GAS,49,0,13,12,12,0,26,49.2,29.8,0.0,0.6,36.1,1006.6,179.0,S,2,Silverstone,AlphaTauri
49,68,GAS,50,0,12,11,12,0,29,48.6,29.5,0.0,0.5,36.7,1006.6,162.0,S,3,Silverstone,AlphaTauri
50,68,GAS,51,0,11,11,12,0,26,48.3,29.9,0.0,0.6,36.9,1006.6,185.0,S,4,Silverstone,AlphaTauri
51,68,GAS,52,0,11,11,12,0,29,48.4,29.8,0.0,0.5,36.8,1006.6,130.0,S,5,Silverstone,AlphaTauri
0,68,RUS,1,2,14,14,14,0,14,52.1,29.0,0.0,0.5,39.1,1007.4,176.0,M,0,Silverstone,Williams
1,68,RUS,2,2,14,14,14,0,20,51.8,29.0,0.0,0.6,37.9,1007.4,183.0,M,1,Silverstone,Williams
2,68,RUS,3,2,14,14,14,0,14,51.7,29.0,0.0,0.3,39.3,1007.6,158.0,M,0,Silverstone,Williams
3,68,RUS,4,1,14,13,14,0,20,51.8,29.1,0.0,0.3,39.2,1007.4,189.0,M,1,Silverstone,Williams
4,68,RUS,5,0,13,13,14,0,14,51.4,29.2,0.0,0.2,39.9,1007.4,330.0,M,2,Silverstone,Williams
5,68,RUS,6,0,13,13,14,0,20,51.4,29.1,0.0,0.2,39.6,1007.3,155.0,M,3,Silverstone,Williams
6,68,RUS,7,0,13,14,14,0,14,52.4,29.5,0.0,0.2,38.1,1007.4,283.0,M,4,Silverstone,Williams
7,68,RUS,8,0,14,14,14,0,20,51.9,29.6,0.0,0.1,36.4,1007.4,0.0,M,5,Silverstone,Williams
8,68,RUS,9,0,14,14,14,0,14,51.8,29.6,0.0,0.1,35.6,1007.4,240.0,M,6,Silverstone,Williams
9,68,RUS,10,0,14,14,14,0,20,51.6,29.5,0.0,0.2,34.4,1007.3,84.0,M,7,Silverstone,Williams
10,68,RUS,11,0,14,14,14,0,14,50.8,29.4,0.0,0.3,35.5,1007.4,130.0,M,8,Silverstone,Williams
11,68,RUS,12,0,14,14,14,0,20,51.1,29.5,0.0,0.1,36.4,1007.3,330.0,M,9,Silverstone,Williams
12,68,RUS,13,0,14,14,14,0,14,52.1,29.6,0.0,0.4,35.7,1007.2,25.0,M,10,Silverstone,Williams
13,68,RUS,14,0,14,14,14,0,20,51.6,29.6,0.0,0.3,34.9,1007.2,3.0,M,11,Silverstone,Williams
14,68,RUS,15,0,14,14,14,0,14,51.6,29.6,0.0,0.3,35.6,1007.2,345.0,M,12,Silverstone,Williams
15,68,RUS,16,0,14,14,14,0,20,51.4,29.8,0.0,0.2,34.6,1007.1,2.0,M,13,Silverstone,Williams
16,68,RUS,17,0,14,14,14,0,14,50.6,29.5,0.0,0.3,36.7,1007.1,122.0,M,14,Silverstone,Williams
17,68,RUS,18,0,14,14,14,0,20,50.9,29.7,0.0,0.3,36.3,1007.1,170.0,M,15,Silverstone,Williams
18,68,RUS,19,0,14,16,14,0,14,51.3,29.8,0.0,0.5,35.4,1007.1,20.0,H,0,Silverstone,Williams
19,68,RUS,20,0,16,15,14,0,20,50.5,29.9,0.0,0.6,36.8,1007.1,254.0,H,1,Silverstone,Williams
20,68,RUS,21,0,15,15,14,0,14,50.4,29.9,0.0,0.1,36.7,1007.1,0.0,H,2,Silverstone,Williams
21,68,RUS,22,0,15,15,14,0,20,50.4,29.8,0.0,0.3,36.8,1007.2,119.0,H,3,Silverstone,Williams
22,68,RUS,23,0,15,15,14,0,14,50.6,29.8,0.0,0.6,35.9,1007.0,159.0,H,4,Silverstone,Williams
23,68,RUS,24,0,15,14,14,0,20,50.8,29.7,0.0,0.3,35.9,1007.0,173.0,H,5,Silverstone,Williams
24,68,RUS,25,0,14,14,14,0,14,50.8,29.7,0.0,0.8,36.2,1007.0,184.0,H,6,Silverstone,Williams
25,68,RUS,26,0,14,14,14,0,20,50.5,29.7,0.0,0.7,36.2,1007.1,204.0,H,7,Silverstone,Williams
26,68,RUS,27,0,14,14,14,0,14,50.4,29.6,0.0,0.3,36.9,1007.0,207.0,H,8,Silverstone,Williams
27,68,RUS,28,0,14,14,14,0,20,50.5,30.1,0.0,0.2,36.4,1007.0,339.0,H,9,Silverstone,Williams
28,68,RUS,29,0,14,14,14,0,14,50.5,30.1,0.0,0.2,36.9,1007.0,272.0,H,10,Silverstone,Williams
29,68,RUS,30,0,14,14,14,0,20,49.8,29.9,0.0,0.2,36.5,1006.9,204.0,H,11,Silverstone,Williams
30,68,RUS,31,0,14,14,14,0,14,49.5,29.8,0.0,0.3,37.5,1006.9,203.0,H,12,Silverstone,Williams
31,68,RUS,32,0,14,14,14,0,20,49.8,29.8,0.0,0.2,37.4,1006.9,345.0,H,13,Silverstone,Williams
32,68,RUS,33,0,14,14,14,0,14,49.6,29.8,0.0,0.2,37.3,1006.8,165.0,H,14,Silverstone,Williams
33,68,RUS,34,0,14,14,14,0,20,49.9,29.8,0.0,0.3,38.1,1006.9,156.0,H,15,Silverstone,Williams
34,68,RUS,35,0,14,14,14,0,14,49.5,29.8,0.0,0.2,37.9,1006.9,55.0,H,16,Silverstone,Williams
35,68,RUS,36,0,14,14,14,0,20,50.1,29.7,0.0,0.2,38.4,1006.9,225.0,H,17,Silverstone,Williams
36,68,RUS,37,0,14,14,14,0,14,49.9,29.7,0.0,0.2,37.9,1006.8,22.0,H,18,Silverstone,Williams
37,68,RUS,38,0,14,14,14,0,20,49.6,29.8,0.0,0.1,37.3,1006.8,207.0,H,19,Silverstone,Williams
38,68,RUS,39,0,14,13,14,0,14,49.4,30.1,0.0,0.2,37.5,1006.8,243.0,H,20,Silverstone,Williams
39,68,RUS,40,0,13,13,14,0,20,49.3,30.0,0.0,0.3,37.6,1006.8,0.0,H,21,Silverstone,Williams
40,68,RUS,41,0,13,14,14,0,14,49.2,29.7,0.0,0.1,38.1,1006.8,13.0,H,22,Silverstone,Williams
41,68,RUS,42,0,14,14,14,0,20,49.7,29.7,0.0,0.2,37.7,1006.7,316.0,H,23,Silverstone,Williams
42,68,RUS,43,0,14,14,14,0,14,49.6,29.9,0.0,0.2,37.4,1006.8,165.0,H,24,Silverstone,Williams
43,68,RUS,44,0,14,14,14,0,20,49.1,29.8,0.0,0.3,38.4,1006.8,157.0,H,25,Silverstone,Williams
44,68,RUS,45,0,14,14,14,0,14,49.3,30.0,0.0,0.1,37.2,1006.7,118.0,H,26,Silverstone,Williams
45,68,RUS,46,0,14,13,14,0,20,49.3,30.0,0.0,0.1,36.7,1006.6,230.0,H,27,Silverstone,Williams
46,68,RUS,47,1,13,12,14,0,14,49.2,29.8,0.0,0.6,36.1,1006.6,179.0,H,28,Silverstone,Williams
47,68,RUS,48,0,12,12,14,0,20,49.0,29.8,0.0,0.8,35.9,1006.7,119.0,H,29,Silverstone,Williams
48,68,RUS,49,0,12,11,14,0,14,48.6,29.7,0.0,0.5,36.3,1006.7,186.0,H,30,Silverstone,Williams
49,68,RUS,50,0,11,12,14,0,20,48.6,29.5,0.0,0.5,36.7,1006.6,162.0,H,31,Silverstone,Williams
50,68,RUS,51,0,12,12,14,0,14,48.3,29.9,0.0,0.7,36.7,1006.6,183.0,H,32,Silverstone,Williams
0,68,RAI,1,2,9,9,9,0,27,51.6,29.0,0.0,0.8,38.5,1007.4,157.0,M,0,Silverstone,Alfa Romeo Racing
1,68,RAI,2,2,9,9,9,0,33,51.8,29.1,0.0,0.3,39.4,1007.4,169.0,M,1,Silverstone,Alfa Romeo Racing
2,68,RAI,3,2,9,9,9,0,27,51.4,29.2,0.0,0.2,39.9,1007.4,330.0,M,0,Silverstone,Alfa Romeo Racing
3,68,RAI,4,1,9,9,9,0,33,51.4,29.1,0.0,0.3,39.8,1007.5,0.0,M,1,Silverstone,Alfa Romeo Racing
4,68,RAI,5,0,9,10,9,0,27,51.6,29.2,0.0,0.1,40.3,1007.4,331.0,M,2,Silverstone,Alfa Romeo Racing
5,68,RAI,6,0,10,10,9,0,33,52.4,29.5,0.0,0.2,38.1,1007.4,283.0,M,3,Silverstone,Alfa Romeo Racing
6,68,RAI,7,0,10,10,9,0,27,51.9,29.6,0.0,0.1,36.4,1007.4,0.0,M,4,Silverstone,Alfa Romeo Racing
7,68,RAI,8,0,10,10,9,0,33,51.9,29.7,0.0,0.3,37.0,1007.4,137.0,M,5,Silverstone,Alfa Romeo Racing
8,68,RAI,9,0,10,10,9,0,27,52.4,29.6,0.0,0.2,36.4,1007.4,342.0,M,6,Silverstone,Alfa Romeo Racing
9,68,RAI,10,0,10,10,9,0,33,51.1,29.4,0.0,0.2,33.9,1007.3,174.0,M,7,Silverstone,Alfa Romeo Racing
10,68,RAI,11,0,10,10,9,0,27,50.8,29.4,0.0,0.3,35.5,1007.4,130.0,M,8,Silverstone,Alfa Romeo Racing
11,68,RAI,12,0,10,10,9,0,33,51.4,29.4,0.0,0.3,36.5,1007.3,353.0,M,9,Silverstone,Alfa Romeo Racing
12,68,RAI,13,0,10,10,9,0,27,51.5,29.5,0.0,0.3,36.0,1007.3,21.0,M,10,Silverstone,Alfa Romeo Racing
13,68,RAI,14,0,10,10,9,0,33,51.5,29.4,0.0,0.3,36.4,1007.3,28.0,M,11,Silverstone,Alfa Romeo Racing
14,68,RAI,15,0,10,10,9,0,27,52.1,29.6,0.0,0.4,35.7,1007.2,25.0,M,12,Silverstone,Alfa Romeo Racing
15,68,RAI,16,0,10,10,9,0,33,51.6,29.6,0.0,0.3,34.9,1007.2,3.0,M,13,Silverstone,Alfa Romeo Racing
16,68,RAI,17,0,10,10,9,0,27,51.6,29.6,0.0,0.3,35.6,1007.2,345.0,M,14,Silverstone,Alfa Romeo Racing
17,68,RAI,18,0,10,10,9,0,33,51.4,29.8,0.0,0.2,34.6,1007.1,2.0,M,15,Silverstone,Alfa Romeo Racing
18,68,RAI,19,0,10,14,9,0,27,50.5,29.8,0.0,0.6,36.1,1007.2,352.0,H,0,Silverstone,Alfa Romeo Racing
19,68,RAI,20,0,14,14,9,0,33,50.6,29.5,0.0,0.3,36.7,1007.1,122.0,H,1,Silverstone,Alfa Romeo Racing
20,68,RAI,21,0,14,14,9,0,27,50.9,29.6,0.0,0.1,36.8,1007.1,170.0,H,2,Silverstone,Alfa Romeo Racing
21,68,RAI,22,0,14,14,9,0,33,50.9,29.7,0.0,0.2,36.3,1007.1,278.0,H,3,Silverstone,Alfa Romeo Racing
22,68,RAI,23,0,14,14,9,0,27,50.8,29.8,0.0,0.4,37.0,1007.1,298.0,H,4,Silverstone,Alfa Romeo Racing
23,68,RAI,24,0,14,13,9,0,33,50.9,29.8,0.0,0.2,37.1,1007.1,261.0,H,5,Silverstone,Alfa Romeo Racing
24,68,RAI,25,0,13,13,9,0,27,51.3,29.8,0.0,0.5,35.4,1007.1,20.0,H,6,Silverstone,Alfa Romeo Racing
25,68,RAI,26,0,13,13,9,0,33,50.4,29.9,0.0,0.1,36.7,1007.1,0.0,H,7,Silverstone,Alfa Romeo Racing
26,68,RAI,27,0,13,13,9,0,27,50.4,29.8,0.0,0.3,36.8,1007.2,119.0,H,8,Silverstone,Alfa Romeo Racing
27,68,RAI,28,0,13,13,9,0,33,50.9,29.9,0.0,0.4,36.8,1007.2,333.0,H,9,Silverstone,Alfa Romeo Racing
28,68,RAI,29,0,13,13,9,0,27,50.9,29.9,0.0,0.2,36.0,1007.1,13.0,H,10,Silverstone,Alfa Romeo Racing
29,68,RAI,30,0,13,13,9,0,33,49.9,29.8,0.0,0.1,35.8,1007.0,327.0,H,11,Silverstone,Alfa Romeo Racing
30,68,RAI,31,0,13,12,9,0,27,50.6,29.8,0.0,0.6,35.9,1007.0,159.0,H,12,Silverstone,Alfa Romeo Racing
31,68,RAI,32,0,12,12,9,0,33,50.4,29.7,0.0,0.4,36.3,1007.1,58.0,H,13,Silverstone,Alfa Romeo Racing
32,68,RAI,33,0,12,12,9,0,27,49.6,29.8,0.0,0.6,37.1,1006.9,184.0,H,14,Silverstone,Alfa Romeo Racing
33,68,RAI,34,0,12,12,9,0,33,49.8,29.8,0.0,0.2,37.4,1006.9,345.0,H,15,Silverstone,Alfa Romeo Racing
34,68,RAI,35,0,12,12,9,0,27,49.8,29.8,0.0,0.6,37.8,1006.8,190.0,H,16,Silverstone,Alfa Romeo Racing
35,68,RAI,36,0,12,12,9,0,33,49.9,29.8,0.0,0.5,37.1,1007.0,181.0,H,17,Silverstone,Alfa Romeo Racing
36,68,RAI,37,0,12,12,9,0,27,49.6,29.8,0.0,0.2,37.3,1006.8,165.0,H,18,Silverstone,Alfa Romeo Racing
37,68,RAI,38,0,12,12,9,0,33,50.1,29.7,0.0,0.2,38.4,1006.9,225.0,H,19,Silverstone,Alfa Romeo Racing
38,68,RAI,39,0,12,11,9,0,27,49.6,29.8,0.0,0.1,37.3,1006.8,207.0,H,20,Silverstone,Alfa Romeo Racing
39,68,RAI,40,0,11,11,9,0,33,49.5,29.8,0.0,0.2,37.3,1006.9,99.0,H,21,Silverstone,Alfa Romeo Racing
40,68,RAI,41,0,11,11,9,0,27,49.3,30.0,0.0,0.3,37.6,1006.8,0.0,H,22,Silverstone,Alfa Romeo Racing
41,68,RAI,42,0,11,11,9,0,33,49.2,30.0,0.0,0.3,37.5,1006.8,238.0,H,23,Silverstone,Alfa Romeo Racing
42,68,RAI,43,0,11,11,9,0,27,49.2,29.7,0.0,0.1,38.1,1006.8,13.0,H,24,Silverstone,Alfa Romeo Racing
43,68,RAI,44,0,11,11,9,0,33,49.2,29.7,0.0,0.3,37.5,1006.8,15.0,H,25,Silverstone,Alfa Romeo Racing
44,68,RAI,45,0,11,11,9,0,27,49.7,29.9,0.0,0.3,37.3,1006.7,227.0,H,26,Silverstone,Alfa Romeo Racing
45,68,RAI,46,0,11,16,9,0,33,49.6,29.9,0.0,0.2,37.4,1006.8,165.0,H,27,Silverstone,Alfa Romeo Racing
46,68,RAI,47,1,16,16,9,0,27,49.6,29.8,0.0,0.2,37.7,1006.7,0.0,H,28,Silverstone,Alfa Romeo Racing
47,68,RAI,48,0,16,16,9,0,33,49.3,29.8,0.0,0.6,36.3,1006.7,178.0,H,29,Silverstone,Alfa Romeo Racing
48,68,RAI,49,0,16,15,9,0,27,48.6,29.7,0.0,0.5,36.3,1006.7,186.0,H,30,Silverstone,Alfa Romeo Racing
49,68,RAI,50,0,15,15,9,0,33,48.6,29.5,0.0,0.6,36.3,1006.7,173.0,H,31,Silverstone,Alfa Romeo Racing
50,68,RAI,51,0,15,15,9,0,27,48.4,29.8,0.0,0.5,36.8,1006.6,130.0,H,32,Silverstone,Alfa Romeo Racing
0,68,STR,1,2,11,11,11,0,49,52.1,29.0,0.0,0.5,39.1,1007.4,176.0,M,3,Silverstone,Aston Martin
1,68,STR,2,2,11,11,11,0,45,51.8,29.0,0.0,0.6,38.5,1007.4,178.0,M,4,Silverstone,Aston Martin
2,68,STR,3,2,11,11,11,0,49,51.8,29.0,0.0,0.6,37.9,1007.4,183.0,M,2,Silverstone,Aston Martin
3,68,STR,4,1,11,8,11,0,45,51.6,29.0,0.0,0.8,38.5,1007.4,157.0,M,3,Silverstone,Aston Martin
4,68,STR,5,0,8,8,11,0,49,51.5,29.0,0.0,0.5,38.4,1007.6,161.0,M,4,Silverstone,Aston Martin
5,68,STR,6,0,8,8,11,0,45,51.9,29.2,0.0,0.5,39.3,1007.5,196.0,M,5,Silverstone,Aston Martin
6,68,STR,7,0,8,8,11,0,49,51.6,29.1,0.0,0.1,40.7,1007.4,0.0,M,6,Silverstone,Aston Martin
7,68,STR,8,0,8,8,11,0,45,51.6,29.2,0.0,0.1,40.3,1007.4,331.0,M,7,Silverstone,Aston Martin
8,68,STR,9,0,8,8,11,0,49,51.8,29.6,0.0,0.1,35.6,1007.4,240.0,M,8,Silverstone,Aston Martin
9,68,STR,10,0,8,8,11,0,45,51.9,29.6,0.0,0.2,34.9,1007.4,6.0,M,9,Silverstone,Aston Martin
10,68,STR,11,0,8,8,11,0,49,50.8,29.4,0.0,0.3,35.5,1007.4,130.0,M,10,Silverstone,Aston Martin
11,68,STR,12,0,8,8,11,0,45,51.1,29.5,0.0,0.1,36.4,1007.3,330.0,M,11,Silverstone,Aston Martin
12,68,STR,13,0,8,8,11,0,49,51.4,29.4,0.0,0.3,36.5,1007.3,353.0,M,12,Silverstone,Aston Martin
13,68,STR,14,0,8,8,11,0,45,51.6,29.5,0.0,0.4,37.1,1007.2,20.0,M,13,Silverstone,Aston Martin
14,68,STR,15,0,8,8,11,0,49,51.6,29.6,0.0,0.3,34.9,1007.2,3.0,M,14,Silverstone,Aston Martin
15,68,STR,16,0,8,8,11,0,45,51.4,29.7,0.0,0.1,35.3,1007.2,60.0,M,15,Silverstone,Aston Martin
16,68,STR,17,0,8,8,11,0,49,51.4,29.8,0.0,0.2,34.6,1007.1,2.0,M,16,Silverstone,Aston Martin
17,68,STR,18,0,8,8,11,0,45,50.6,29.6,0.0,0.3,36.7,1007.1,338.0,M,17,Silverstone,Aston Martin
18,68,STR,19,0,8,8,11,0,49,50.6,29.6,0.0,0.3,36.4,1007.1,351.0,M,18,Silverstone,Aston Martin
19,68,STR,20,0,8,8,11,0,45,50.6,29.5,0.0,0.3,36.7,1007.1,122.0,M,19,Silverstone,Aston Martin
20,68,STR,21,0,8,7,11,0,49,50.6,29.3,0.0,0.3,37.1,1007.3,256.0,M,20,Silverstone,Aston Martin
21,68,STR,22,0,7,7,11,0,45,50.8,29.3,0.0,0.0,37.6,1007.2,0.0,M,21,Silverstone,Aston Martin
22,68,STR,23,0,7,7,11,0,49,50.9,29.6,0.0,0.1,36.8,1007.1,170.0,M,22,Silverstone,Aston Martin
23,68,STR,24,0,7,10,11,0,45,51.3,29.8,0.0,0.5,35.4,1007.1,20.0,H,2,Silverstone,Aston Martin
24,68,STR,25,0,10,10,11,0,49,50.4,29.9,0.0,0.1,36.7,1007.1,0.0,H,3,Silverstone,Aston Martin
25,68,STR,26,0,10,10,11,0,45,50.4,29.8,0.0,0.3,36.8,1007.2,119.0,H,4,Silverstone,Aston Martin
26,68,STR,27,0,10,10,11,0,49,50.8,29.8,0.0,0.2,36.4,1007.1,6.0,H,5,Silverstone,Aston Martin
27,68,STR,28,0,10,10,11,0,45,50.6,29.8,0.0,0.6,35.9,1007.0,159.0,H,6,Silverstone,Aston Martin
28,68,STR,29,0,10,9,11,0,49,50.8,29.7,0.0,0.3,35.9,1007.0,173.0,H,7,Silverstone,Aston Martin
29,68,STR,30,0,9,9,11,0,45,50.4,29.7,0.0,0.4,36.3,1007.1,58.0,H,8,Silverstone,Aston Martin
30,68,STR,31,0,9,8,11,0,49,50.5,30.1,0.0,0.2,36.4,1007.0,339.0,H,9,Silverstone,Aston Martin
31,68,STR,32,0,8,8,11,0,45,50.5,30.1,0.0,0.2,36.9,1007.0,272.0,H,10,Silverstone,Aston Martin
32,68,STR,33,0,8,8,11,0,49,49.8,29.9,0.0,0.2,36.5,1006.9,204.0,H,11,Silverstone,Aston Martin
33,68,STR,34,0,8,8,11,0,45,49.7,29.8,0.0,0.8,37.0,1007.0,180.0,H,12,Silverstone,Aston Martin
34,68,STR,35,0,8,8,11,0,49,49.6,29.8,0.0,0.2,37.3,1006.8,165.0,H,13,Silverstone,Aston Martin
35,68,STR,36,0,8,8,11,0,45,49.9,29.7,0.0,0.2,37.9,1006.8,22.0,H,14,Silverstone,Aston Martin
36,68,STR,37,0,8,8,11,0,49,49.5,29.8,0.0,0.2,37.3,1006.9,99.0,H,15,Silverstone,Aston Martin
37,68,STR,38,0,8,9,11,0,45,49.4,30.1,0.0,0.2,37.5,1006.8,209.0,H,16,Silverstone,Aston Martin
38,68,STR,39,0,9,8,11,0,49,49.4,30.1,0.0,0.2,37.5,1006.8,243.0,H,17,Silverstone,Aston Martin
39,68,STR,40,0,8,8,11,0,45,49.2,30.0,0.0,0.3,37.5,1006.8,238.0,H,18,Silverstone,Aston Martin
40,68,STR,41,0,8,8,11,0,49,49.2,29.7,0.0,0.3,37.5,1006.8,15.0,H,19,Silverstone,Aston Martin
41,68,STR,42,0,8,8,11,0,45,49.7,29.7,0.0,0.2,37.7,1006.7,316.0,H,20,Silverstone,Aston Martin
42,68,STR,43,0,8,8,11,0,49,49.6,29.9,0.0,0.2,37.4,1006.8,165.0,H,21,Silverstone,Aston Martin
43,68,STR,44,0,8,8,11,0,45,49.6,29.8,0.0,0.2,37.7,1006.7,0.0,H,22,Silverstone,Aston Martin
44,68,STR,45,0,8,8,11,0,49,49.3,30.0,0.0,0.1,36.7,1006.6,230.0,H,23,Silverstone,Aston Martin
45,68,STR,46,0,8,8,11,0,45,49.2,29.8,0.0,0.2,37.1,1006.6,331.0,H,24,Silverstone,Aston Martin
46,68,STR,47,1,8,8,11,0,49,49.2,29.8,0.0,0.4,37.4,1006.6,190.0,H,25,Silverstone,Aston Martin
47,68,STR,48,0,8,8,11,0,45,49.2,29.7,0.0,0.7,36.3,1006.6,191.0,H,26,Silverstone,Aston Martin
48,68,STR,49,0,8,8,11,0,49,49.2,29.8,0.0,0.6,36.1,1006.6,179.0,H,27,Silverstone,Aston Martin
49,68,STR,50,0,8,8,11,0,45,48.6,29.5,0.0,0.5,36.7,1006.6,162.0,H,28,Silverstone,Aston Martin
50,68,STR,51,0,8,8,11,0,49,48.3,29.9,0.0,0.7,36.7,1006.6,183.0,H,29,Silverstone,Aston Martin
51,68,STR,52,0,8,8,11,0,45,48.3,29.9,0.0,0.6,36.9,1006.6,185.0,H,30,Silverstone,Aston Martin
0,68,GIO,1,2,13,13,13,0,21,52.1,29.0,0.0,0.5,39.1,1007.4,176.0,M,0,Silverstone,Alfa Romeo Racing
1,68,GIO,2,2,13,13,13,0,27,51.8,29.0,0.0,0.6,38.5,1007.4,178.0,M,1,Silverstone,Alfa Romeo Racing
2,68,GIO,3,2,13,13,13,0,21,51.6,29.0,0.0,0.8,38.5,1007.4,157.0,M,0,Silverstone,Alfa Romeo Racing
3,68,GIO,4,1,13,11,13,0,27,51.5,29.0,0.0,0.5,38.4,1007.6,161.0,M,1,Silverstone,Alfa Romeo Racing
4,68,GIO,5,0,11,11,13,0,21,51.7,29.0,0.0,0.3,39.3,1007.6,158.0,M,2,Silverstone,Alfa Romeo Racing
5,68,GIO,6,0,11,12,13,0,27,51.8,29.1,0.0,0.3,39.4,1007.4,169.0,M,3,Silverstone,Alfa Romeo Racing
6,68,GIO,7,0,12,12,13,0,21,51.0,29.2,0.0,0.3,39.3,1007.3,356.0,M,4,Silverstone,Alfa Romeo Racing
7,68,GIO,8,0,12,12,13,0,27,51.5,29.2,0.0,0.1,39.1,1007.3,130.0,M,5,Silverstone,Alfa Romeo Racing
8,68,GIO,9,0,12,13,13,0,21,51.4,29.1,0.0,0.3,39.8,1007.5,0.0,M,6,Silverstone,Alfa Romeo Racing
9,68,GIO,10,0,13,13,13,0,27,51.6,29.2,0.0,0.1,40.3,1007.4,331.0,M,7,Silverstone,Alfa Romeo Racing
10,68,GIO,11,0,13,13,13,0,21,52.4,29.6,0.0,0.1,37.5,1007.5,241.0,M,8,Silverstone,Alfa Romeo Racing
11,68,GIO,12,0,13,13,13,0,27,51.9,29.7,0.0,0.3,37.0,1007.4,137.0,M,9,Silverstone,Alfa Romeo Racing
12,68,GIO,13,0,13,13,13,0,21,51.8,29.6,0.0,0.2,35.5,1007.4,0.0,M,10,Silverstone,Alfa Romeo Racing
13,68,GIO,14,0,13,13,13,0,27,52.0,29.5,0.0,0.3,35.0,1007.3,29.0,M,11,Silverstone,Alfa Romeo Racing
14,68,GIO,15,0,13,13,13,0,21,51.6,29.5,0.0,0.2,34.4,1007.3,84.0,M,12,Silverstone,Alfa Romeo Racing
15,68,GIO,16,0,13,13,13,0,27,51.4,29.4,0.0,0.3,36.5,1007.3,353.0,M,13,Silverstone,Alfa Romeo Racing
16,68,GIO,17,0,13,13,13,0,21,51.5,29.5,0.0,0.3,36.6,1007.3,345.0,M,14,Silverstone,Alfa Romeo Racing
17,68,GIO,18,0,13,13,13,0,27,51.5,29.5,0.0,0.3,36.0,1007.3,21.0,M,15,Silverstone,Alfa Romeo Racing
18,68,GIO,19,0,13,11,13,0,21,51.6,29.5,0.0,0.4,37.1,1007.2,20.0,M,16,Silverstone,Alfa Romeo Racing
19,68,GIO,20,0,11,10,13,0,27,50.5,29.6,0.0,0.4,36.1,1007.2,17.0,M,17,Silverstone,Alfa Romeo Racing
20,68,GIO,21,0,10,10,13,0,21,50.6,29.6,0.0,0.3,36.4,1007.1,351.0,M,18,Silverstone,Alfa Romeo Racing
21,68,GIO,22,0,10,10,13,0,27,50.9,29.6,0.0,0.2,37.1,1007.1,100.0,M,19,Silverstone,Alfa Romeo Racing
22,68,GIO,23,0,10,10,13,0,21,50.9,29.6,0.0,0.1,36.8,1007.1,170.0,M,20,Silverstone,Alfa Romeo Racing
23,68,GIO,24,0,10,15,13,0,27,50.9,29.8,0.0,0.2,37.1,1007.1,261.0,H,0,Silverstone,Alfa Romeo Racing
24,68,GIO,25,0,15,15,13,0,21,51.1,29.8,0.0,0.2,37.0,1007.2,0.0,H,1,Silverstone,Alfa Romeo Racing
25,68,GIO,26,0,15,15,13,0,27,50.4,29.8,0.0,0.3,36.8,1007.2,119.0,H,2,Silverstone,Alfa Romeo Racing
26,68,GIO,27,0,15,15,13,0,21,50.9,29.8,0.0,0.3,36.7,1007.1,185.0,H,3,Silverstone,Alfa Romeo Racing
27,68,GIO,28,0,15,15,13,0,27,50.9,29.9,0.0,0.2,36.0,1007.1,13.0,H,4,Silverstone,Alfa Romeo Racing
28,68,GIO,29,0,15,15,13,0,21,50.9,29.6,0.0,0.2,36.5,1007.2,114.0,H,5,Silverstone,Alfa Romeo Racing
29,68,GIO,30,0,15,15,13,0,27,49.9,29.8,0.0,0.1,35.8,1007.0,327.0,H,6,Silverstone,Alfa Romeo Racing
30,68,GIO,31,0,15,15,13,0,21,49.9,29.8,0.0,0.3,36.3,1007.1,183.0,H,7,Silverstone,Alfa Romeo Racing
31,68,GIO,32,0,15,15,13,0,27,50.8,29.7,0.0,0.8,36.2,1007.0,184.0,H,8,Silverstone,Alfa Romeo Racing
32,68,GIO,33,0,15,15,13,0,21,49.5,29.8,0.0,0.3,37.5,1006.9,203.0,H,9,Silverstone,Alfa Romeo Racing
33,68,GIO,34,0,15,15,13,0,27,49.6,29.8,0.0,0.6,37.1,1006.9,184.0,H,10,Silverstone,Alfa Romeo Racing
34,68,GIO,35,0,15,15,13,0,21,49.7,29.8,0.0,0.8,37.0,1007.0,180.0,H,11,Silverstone,Alfa Romeo Racing
35,68,GIO,36,0,15,15,13,0,27,49.9,29.8,0.0,0.3,38.1,1006.9,156.0,H,12,Silverstone,Alfa Romeo Racing
36,68,GIO,37,0,15,15,13,0,21,50.1,29.7,0.0,0.2,38.4,1006.9,225.0,H,13,Silverstone,Alfa Romeo Racing
37,68,GIO,38,0,15,15,13,0,27,49.8,29.7,0.0,0.1,37.5,1006.9,190.0,H,14,Silverstone,Alfa Romeo Racing
38,68,GIO,39,0,15,14,13,0,21,49.6,29.8,0.0,0.1,37.3,1006.8,207.0,H,15,Silverstone,Alfa Romeo Racing
39,68,GIO,40,0,14,14,13,0,27,49.4,30.1,0.0,0.2,37.5,1006.8,209.0,H,16,Silverstone,Alfa Romeo Racing
40,68,GIO,41,0,14,15,13,0,21,49.3,30.0,0.0,0.3,37.6,1006.8,0.0,H,17,Silverstone,Alfa Romeo Racing
41,68,GIO,42,0,15,15,13,0,27,49.7,29.7,0.0,0.2,37.7,1006.7,316.0,H,18,Silverstone,Alfa Romeo Racing
42,68,GIO,43,0,15,15,13,0,21,49.6,29.9,0.0,0.2,37.4,1006.8,165.0,H,19,Silverstone,Alfa Romeo Racing
43,68,GIO,44,0,15,15,13,0,27,49.6,29.8,0.0,0.2,37.7,1006.7,0.0,H,20,Silverstone,Alfa Romeo Racing
44,68,GIO,45,0,15,15,13,0,21,49.1,29.8,0.0,0.3,38.4,1006.8,157.0,H,21,Silverstone,Alfa Romeo Racing
45,68,GIO,46,0,15,14,13,0,27,49.3,30.0,0.0,0.1,37.2,1006.7,118.0,H,22,Silverstone,Alfa Romeo Racing
46,68,GIO,47,1,14,13,13,0,21,49.2,29.8,0.0,0.2,37.1,1006.6,331.0,H,23,Silverstone,Alfa Romeo Racing
47,68,GIO,48,0,13,14,13,0,27,49.3,29.8,0.0,0.6,36.3,1006.7,178.0,H,24,Silverstone,Alfa Romeo Racing
48,68,GIO,49,0,14,13,13,0,21,48.6,29.7,0.0,0.5,36.3,1006.7,186.0,H,25,Silverstone,Alfa Romeo Racing
49,68,GIO,50,0,13,13,13,0,27,48.6,29.5,0.0,0.5,36.7,1006.6,162.0,H,26,Silverstone,Alfa Romeo Racing
50,68,GIO,51,0,13,13,13,0,21,48.4,29.8,0.0,0.5,36.8,1006.6,130.0,H,27,Silverstone,Alfa Romeo Racing
0,68,TSU,1,2,15,15,15,0,20,51.8,29.0,0.0,0.6,37.9,1007.4,183.0,M,0,Silverstone,AlphaTauri
1,68,TSU,2,2,15,15,15,0,64,51.5,29.0,0.0,0.5,38.4,1007.6,161.0,M,1,Silverstone,AlphaTauri
2,68,TSU,3,2,15,15,15,0,20,51.8,29.1,0.0,0.3,39.2,1007.4,189.0,M,2,Silverstone,AlphaTauri
3,68,TSU,4,1,15,14,15,0,64,51.4,29.1,0.0,0.2,39.6,1007.3,155.0,M,3,Silverstone,AlphaTauri
4,68,TSU,5,0,14,15,15,0,20,51.4,29.1,0.0,0.3,39.8,1007.5,0.0,M,4,Silverstone,AlphaTauri
5,68,TSU,6,0,15,15,15,0,64,51.6,29.2,0.0,0.1,40.3,1007.4,331.0,M,5,Silverstone,AlphaTauri
6,68,TSU,7,0,15,15,15,0,20,51.9,29.6,0.0,0.1,36.4,1007.4,0.0,M,6,Silverstone,AlphaTauri
7,68,TSU,8,0,15,15,15,0,64,52.4,29.7,0.0,0.1,35.9,1007.4,323.0,M,7,Silverstone,AlphaTauri
8,68,TSU,9,0,15,15,15,0,20,51.8,29.6,0.0,0.1,35.6,1007.4,240.0,M,8,Silverstone,AlphaTauri
9,68,TSU,10,0,15,15,15,0,64,51.9,29.6,0.0,0.2,34.9,1007.4,6.0,M,9,Silverstone,AlphaTauri
10,68,TSU,11,0,15,15,15,0,20,51.1,29.5,0.0,0.1,36.4,1007.3,330.0,M,10,Silverstone,AlphaTauri
11,68,TSU,12,0,15,15,15,0,64,51.4,29.4,0.0,0.3,36.5,1007.3,353.0,M,11,Silverstone,AlphaTauri
12,68,TSU,13,0,15,15,15,0,20,51.5,29.5,0.0,0.3,36.0,1007.3,21.0,M,12,Silverstone,AlphaTauri
13,68,TSU,14,0,15,15,15,0,64,51.5,29.4,0.0,0.3,36.4,1007.3,28.0,M,13,Silverstone,AlphaTauri
14,68,TSU,15,0,15,15,15,0,20,51.6,29.5,0.0,0.4,37.1,1007.2,20.0,M,14,Silverstone,AlphaTauri
15,68,TSU,16,0,15,15,15,0,64,52.1,29.6,0.0,0.4,35.7,1007.2,25.0,M,15,Silverstone,AlphaTauri
16,68,TSU,17,0,15,15,15,0,20,51.6,29.6,0.0,0.3,34.9,1007.2,3.0,M,16,Silverstone,AlphaTauri
17,68,TSU,18,0,15,15,15,0,64,50.5,29.6,0.0,0.4,36.1,1007.2,17.0,M,17,Silverstone,AlphaTauri
18,68,TSU,19,0,15,12,15,0,20,50.6,29.6,0.0,0.3,36.7,1007.1,338.0,M,18,Silverstone,AlphaTauri
19,68,TSU,20,0,12,11,15,0,64,50.6,29.3,0.0,0.3,37.1,1007.3,256.0,M,19,Silverstone,AlphaTauri
20,68,TSU,21,0,11,11,15,0,20,50.5,29.9,0.0,0.6,36.8,1007.1,254.0,M,20,Silverstone,AlphaTauri
21,68,TSU,22,0,11,11,15,0,64,50.4,29.9,0.0,0.1,36.7,1007.1,0.0,M,21,Silverstone,AlphaTauri
22,68,TSU,23,0,11,11,15,0,20,50.9,29.8,0.0,0.3,36.7,1007.1,185.0,M,22,Silverstone,AlphaTauri
23,68,TSU,24,0,11,9,15,0,64,50.9,29.9,0.0,0.2,36.0,1007.1,13.0,M,23,Silverstone,AlphaTauri
24,68,TSU,25,0,9,8,15,0,20,50.8,29.6,0.0,0.1,36.1,1007.0,251.0,M,24,Silverstone,AlphaTauri
25,68,TSU,26,0,8,8,15,0,64,49.9,29.8,0.0,0.1,35.8,1007.0,327.0,M,25,Silverstone,AlphaTauri
26,68,TSU,27,0,8,8,15,0,20,50.8,29.7,0.0,0.3,35.9,1007.0,173.0,M,26,Silverstone,AlphaTauri
27,68,TSU,28,0,8,8,15,0,64,50.8,29.7,0.0,0.8,36.2,1007.0,184.0,M,27,Silverstone,AlphaTauri
28,68,TSU,29,0,8,7,15,0,20,50.3,29.6,0.0,0.2,37.0,1007.1,353.0,M,28,Silverstone,AlphaTauri
29,68,TSU,30,0,7,7,15,0,64,50.4,29.6,0.0,0.3,36.9,1007.0,207.0,M,29,Silverstone,AlphaTauri
30,68,TSU,31,0,7,13,15,0,20,49.8,29.9,0.0,0.2,36.5,1006.9,204.0,H,0,Silverstone,AlphaTauri
31,68,TSU,32,0,13,13,15,0,64,49.4,29.8,0.0,0.1,37.2,1007.0,51.0,H,1,Silverstone,AlphaTauri
32,68,TSU,33,0,13,13,15,0,20,49.6,29.8,0.0,0.6,37.1,1006.9,184.0,H,2,Silverstone,AlphaTauri
33,68,TSU,34,0,13,13,15,0,64,49.8,29.8,0.0,0.2,37.4,1006.9,345.0,H,3,Silverstone,AlphaTauri
34,68,TSU,35,0,13,13,15,0,20,49.9,29.8,0.0,0.5,37.1,1007.0,181.0,H,4,Silverstone,AlphaTauri
35,68,TSU,36,0,13,13,15,0,64,49.5,29.8,0.0,0.2,37.9,1006.9,55.0,H,5,Silverstone,AlphaTauri
36,68,TSU,37,0,13,13,15,0,20,49.9,29.7,0.0,0.2,37.9,1006.8,22.0,H,6,Silverstone,AlphaTauri
37,68,TSU,38,0,13,13,15,0,64,49.8,29.7,0.0,0.1,37.5,1006.9,190.0,H,7,Silverstone,AlphaTauri
38,68,TSU,39,0,13,12,15,0,20,49.3,30.0,0.0,0.3,37.6,1006.8,0.0,H,8,Silverstone,AlphaTauri
39,68,TSU,40,0,12,12,15,0,64,49.2,29.7,0.0,0.3,37.5,1006.8,15.0,H,9,Silverstone,AlphaTauri
40,68,TSU,41,0,12,12,15,0,20,49.2,29.8,0.0,0.3,38.3,1006.7,325.0,H,10,Silverstone,AlphaTauri
41,68,TSU,42,0,12,12,15,0,64,49.7,29.7,0.0,0.2,37.7,1006.7,316.0,H,11,Silverstone,AlphaTauri
42,68,TSU,43,0,12,13,15,0,20,49.7,29.9,0.0,0.3,37.3,1006.7,227.0,H,12,Silverstone,AlphaTauri
43,68,TSU,44,0,13,13,15,0,64,49.1,29.8,0.0,0.3,38.4,1006.8,157.0,H,13,Silverstone,AlphaTauri
44,68,TSU,45,0,13,13,15,0,20,49.3,30.0,0.0,0.1,37.2,1006.7,118.0,H,14,Silverstone,AlphaTauri
45,68,TSU,46,0,13,12,15,0,64,49.2,29.8,0.0,0.2,37.1,1006.6,331.0,H,15,Silverstone,AlphaTauri
46,68,TSU,47,1,12,11,15,0,20,49.2,29.8,0.0,0.4,37.4,1006.6,190.0,H,16,Silverstone,AlphaTauri
47,68,TSU,48,0,11,11,15,0,64,48.6,29.7,0.0,0.5,36.3,1006.7,186.0,H,17,Silverstone,AlphaTauri
48,68,TSU,49,0,11,10,15,0,20,48.6,29.5,0.0,0.6,36.3,1006.7,173.0,H,18,Silverstone,AlphaTauri
49,68,TSU,50,0,10,10,15,0,64,48.6,29.9,0.0,0.5,36.4,1006.6,182.0,H,19,Silverstone,AlphaTauri
50,68,TSU,51,0,10,10,15,0,20,48.4,29.9,0.0,0.6,36.7,1006.6,176.0,H,20,Silverstone,AlphaTauri
51,68,TSU,52,0,10,10,15,0,64,48.4,29.8,0.0,0.5,36.8,1006.6,130.0,H,21,Silverstone,AlphaTauri
0,68,LAT,1,2,17,17,17,0,37,52.1,29.0,0.0,0.5,39.1,1007.4,176.0,M,0,Silverstone,Williams
1,68,LAT,2,2,17,17,17,0,62,51.6,29.0,0.0,0.8,38.5,1007.4,157.0,M,1,Silverstone,Williams
2,68,LAT,3,2,17,17,17,0,37,51.9,29.2,0.0,0.5,39.3,1007.5,196.0,M,0,Silverstone,Williams
3,68,LAT,4,1,17,17,17,0,62,51.0,29.2,0.0,0.3,39.3,1007.3,356.0,M,1,Silverstone,Williams
4,68,LAT,5,0,17,16,17,0,37,51.5,29.2,0.0,0.1,39.1,1007.3,130.0,M,2,Silverstone,Williams
5,68,LAT,6,0,16,16,17,0,62,51.4,29.1,0.0,0.2,39.6,1007.3,155.0,M,3,Silverstone,Williams
6,68,LAT,7,0,16,16,17,0,37,51.9,29.6,0.0,0.1,36.4,1007.4,0.0,M,4,Silverstone,Williams
7,68,LAT,8,0,16,16,17,0,62,51.9,29.7,0.0,0.3,37.0,1007.4,137.0,M,5,Silverstone,Williams
8,68,LAT,9,0,16,16,17,0,37,52.4,29.7,0.0,0.1,35.9,1007.4,323.0,M,6,Silverstone,Williams
9,68,LAT,10,0,16,16,17,0,62,52.4,29.6,0.0,0.2,36.4,1007.4,342.0,M,7,Silverstone,Williams
10,68,LAT,11,0,16,16,17,0,37,51.8,29.6,0.0,0.1,35.6,1007.4,240.0,M,8,Silverstone,Williams
11,68,LAT,12,0,16,16,17,0,62,51.9,29.6,0.0,0.2,34.9,1007.4,6.0,M,9,Silverstone,Williams
12,68,LAT,13,0,16,16,17,0,37,51.6,29.5,0.0,0.2,34.4,1007.3,84.0,M,10,Silverstone,Williams
13,68,LAT,14,0,16,16,17,0,62,51.1,29.5,0.0,0.1,36.4,1007.3,330.0,M,11,Silverstone,Williams
14,68,LAT,15,0,16,16,17,0,37,51.4,29.4,0.0,0.3,36.5,1007.3,353.0,M,12,Silverstone,Williams
15,68,LAT,16,0,16,16,17,0,62,51.5,29.5,0.0,0.3,36.6,1007.3,345.0,M,13,Silverstone,Williams
16,68,LAT,17,0,16,16,17,0,37,51.5,29.5,0.0,0.3,36.0,1007.3,21.0,M,14,Silverstone,Williams
17,68,LAT,18,0,16,16,17,0,62,52.1,29.6,0.0,0.4,35.7,1007.2,25.0,M,15,Silverstone,Williams
18,68,LAT,19,0,16,13,17,0,37,51.4,29.8,0.0,0.2,34.6,1007.1,2.0,M,16,Silverstone,Williams
19,68,LAT,20,0,13,16,17,0,62,50.6,29.6,0.0,0.3,36.7,1007.1,338.0,H,0,Silverstone,Williams
20,68,LAT,21,0,16,16,17,0,37,50.8,29.3,0.0,0.0,37.6,1007.2,0.0,H,1,Silverstone,Williams
21,68,LAT,22,0,16,16,17,0,62,50.9,29.7,0.0,0.2,36.3,1007.1,278.0,H,2,Silverstone,Williams
22,68,LAT,23,0,16,16,17,0,37,51.1,29.8,0.0,0.2,37.0,1007.2,0.0,H,3,Silverstone,Williams
23,68,LAT,24,0,16,16,17,0,62,50.4,29.9,0.0,0.1,36.7,1007.1,0.0,H,4,Silverstone,Williams
24,68,LAT,25,0,16,16,17,0,37,50.4,29.8,0.0,0.3,36.8,1007.2,119.0,H,5,Silverstone,Williams
25,68,LAT,26,0,16,16,17,0,62,50.9,29.9,0.0,0.2,36.0,1007.1,13.0,H,6,Silverstone,Williams
26,68,LAT,27,0,16,16,17,0,37,50.9,29.6,0.0,0.2,36.5,1007.2,114.0,H,7,Silverstone,Williams
27,68,LAT,28,0,16,16,17,0,62,50.8,29.6,0.0,0.1,36.1,1007.0,251.0,H,8,Silverstone,Williams
28,68,LAT,29,0,16,16,17,0,37,50.6,29.8,0.0,0.6,35.9,1007.0,159.0,H,9,Silverstone,Williams
29,68,LAT,30,0,16,16,17,0,62,50.8,29.7,0.0,0.3,35.9,1007.0,173.0,H,10,Silverstone,Williams
30,68,LAT,31,0,16,16,17,0,37,50.8,29.7,0.0,0.8,36.2,1007.0,184.0,H,11,Silverstone,Williams
31,68,LAT,32,0,16,16,17,0,62,50.5,29.7,0.0,0.7,36.2,1007.1,204.0,H,12,Silverstone,Williams
32,68,LAT,33,0,16,16,17,0,37,50.4,29.7,0.0,0.4,36.3,1007.1,58.0,H,13,Silverstone,Williams
33,68,LAT,34,0,16,16,17,0,62,50.4,29.6,0.0,0.3,36.9,1007.0,207.0,H,14,Silverstone,Williams
34,68,LAT,35,0,16,16,17,0,37,50.5,30.1,0.0,0.2,36.4,1007.0,339.0,H,15,Silverstone,Williams
35,68,LAT,36,0,16,16,17,0,62,49.4,29.8,0.0,0.1,37.2,1007.0,51.0,H,16,Silverstone,Williams
36,68,LAT,37,0,16,16,17,0,37,49.6,29.8,0.0,0.6,37.1,1006.9,184.0,H,17,Silverstone,Williams
37,68,LAT,38,0,16,16,17,0,62,49.7,29.8,0.0,0.8,37.0,1007.0,180.0,H,18,Silverstone,Williams
38,68,LAT,39,0,16,15,17,0,37,49.6,29.8,0.0,0.2,37.3,1006.8,165.0,H,19,Silverstone,Williams
39,68,LAT,40,0,15,16,17,0,62,49.9,29.8,0.0,0.3,38.1,1006.9,156.0,H,20,Silverstone,Williams
40,68,LAT,41,0,16,16,17,0,37,49.9,29.7,0.0,0.2,37.9,1006.8,22.0,H,21,Silverstone,Williams
41,68,LAT,42,0,16,16,17,0,62,49.6,29.8,0.0,0.1,37.3,1006.8,207.0,H,22,Silverstone,Williams
42,68,LAT,43,0,16,16,17,0,37,49.4,30.1,0.0,0.2,37.5,1006.8,209.0,H,23,Silverstone,Williams
43,68,LAT,44,0,16,16,17,0,62,49.2,29.7,0.0,0.1,38.1,1006.8,13.0,H,24,Silverstone,Williams
44,68,LAT,45,0,16,16,17,0,37,49.2,29.8,0.0,0.3,38.3,1006.7,325.0,H,25,Silverstone,Williams
45,68,LAT,46,0,16,15,17,0,62,49.7,29.7,0.0,0.2,37.7,1006.7,316.0,H,26,Silverstone,Williams
46,68,LAT,47,1,15,15,17,0,37,49.3,30.0,0.0,0.1,37.2,1006.7,118.0,H,27,Silverstone,Williams
47,68,LAT,48,0,15,15,17,0,62,49.2,29.8,0.0,0.4,37.4,1006.6,190.0,H,28,Silverstone,Williams
48,68,LAT,49,0,15,14,17,0,37,49.2,29.7,0.0,0.7,36.3,1006.6,191.0,H,29,Silverstone,Williams
49,68,LAT,50,0,14,14,17,0,62,48.3,29.9,0.0,0.6,36.9,1006.6,185.0,H,30,Silverstone,Williams
50,68,LAT,51,0,14,14,17,0,37,48.4,29.9,0.0,0.6,36.7,1006.6,176.0,H,31,Silverstone,Williams
0,68,MSC,1,2,16,16,16,0,20,51.8,29.0,0.0,0.6,37.9,1007.4,183.0,M,3,Silverstone,Haas F1 Team
1,68,MSC,2,2,16,16,16,0,24,51.5,29.0,0.0,0.5,38.4,1007.6,161.0,M,4,Silverstone,Haas F1 Team
2,68,MSC,3,2,16,16,16,0,20,51.8,29.1,0.0,0.3,39.2,1007.4,189.0,M,1,Silverstone,Haas F1 Team
3,68,MSC,4,1,16,15,16,0,24,51.4,29.2,0.0,0.2,39.9,1007.4,330.0,M,2,Silverstone,Haas F1 Team
4,68,MSC,5,0,15,17,16,0,20,51.0,29.2,0.0,0.3,39.3,1007.3,356.0,M,3,Silverstone,Haas F1 Team
5,68,MSC,6,0,17,17,16,0,24,51.7,29.5,0.0,0.2,39.5,1007.4,193.0,M,4,Silverstone,Haas F1 Team
6,68,MSC,7,0,17,17,16,0,20,52.4,29.5,0.0,0.2,38.1,1007.4,283.0,M,5,Silverstone,Haas F1 Team
7,68,MSC,8,0,17,18,16,0,24,51.9,29.7,0.0,0.3,37.0,1007.4,137.0,M,6,Silverstone,Haas F1 Team
8,68,MSC,9,0,18,18,16,0,20,52.4,29.7,0.0,0.1,35.9,1007.4,323.0,M,7,Silverstone,Haas F1 Team
9,68,MSC,10,0,18,18,16,0,24,51.8,29.6,0.0,0.2,35.5,1007.4,0.0,M,8,Silverstone,Haas F1 Team
10,68,MSC,11,0,18,18,16,0,20,51.9,29.6,0.0,0.2,34.9,1007.4,6.0,M,9,Silverstone,Haas F1 Team
11,68,MSC,12,0,18,18,16,0,24,51.6,29.5,0.0,0.2,34.4,1007.3,84.0,M,10,Silverstone,Haas F1 Team
12,68,MSC,13,0,18,18,16,0,20,51.1,29.4,0.0,0.2,33.9,1007.3,174.0,M,11,Silverstone,Haas F1 Team
13,68,MSC,14,0,18,18,16,0,24,50.8,29.4,0.0,0.3,35.5,1007.4,130.0,M,12,Silverstone,Haas F1 Team
14,68,MSC,15,0,18,18,16,0,20,51.5,29.5,0.0,0.3,36.6,1007.3,345.0,M,13,Silverstone,Haas F1 Team
15,68,MSC,16,0,18,18,16,0,24,51.6,29.5,0.0,0.4,37.1,1007.2,20.0,M,14,Silverstone,Haas F1 Team
16,68,MSC,17,0,18,18,16,0,20,51.6,29.6,0.0,0.3,34.9,1007.2,3.0,M,15,Silverstone,Haas F1 Team
17,68,MSC,18,0,18,18,16,0,24,51.6,29.6,0.0,0.3,35.6,1007.2,345.0,M,16,Silverstone,Haas F1 Team
18,68,MSC,19,0,18,18,16,0,20,51.4,29.7,0.0,0.1,35.3,1007.2,60.0,M,17,Silverstone,Haas F1 Team
19,68,MSC,20,0,18,18,16,0,24,51.4,29.8,0.0,0.2,34.6,1007.1,2.0,M,18,Silverstone,Haas F1 Team
20,68,MSC,21,0,18,18,16,0,20,50.6,29.6,0.0,0.3,36.7,1007.1,338.0,M,19,Silverstone,Haas F1 Team
21,68,MSC,22,0,18,18,16,0,24,50.8,29.3,0.0,0.0,37.6,1007.2,0.0,M,20,Silverstone,Haas F1 Team
22,68,MSC,23,0,18,18,16,0,20,50.9,29.7,0.0,0.3,36.3,1007.1,170.0,M,21,Silverstone,Haas F1 Team
23,68,MSC,24,0,18,18,16,0,24,51.1,29.8,0.0,0.2,37.0,1007.2,0.0,M,22,Silverstone,Haas F1 Team
24,68,MSC,25,0,18,19,16,0,20,50.8,29.6,0.0,0.1,36.1,1007.0,251.0,H,0,Silverstone,Haas F1 Team
25,68,MSC,26,0,19,18,16,0,24,50.6,29.8,0.0,0.6,35.9,1007.0,159.0,H,1,Silverstone,Haas F1 Team
26,68,MSC,27,0,18,19,16,0,20,50.4,29.6,0.0,0.3,36.9,1007.0,207.0,H,2,Silverstone,Haas F1 Team
27,68,MSC,28,0,19,19,16,0,24,50.5,30.1,0.0,0.2,36.4,1007.0,339.0,H,3,Silverstone,Haas F1 Team
28,68,MSC,29,0,19,19,16,0,20,50.5,30.1,0.0,0.2,36.9,1007.0,272.0,H,4,Silverstone,Haas F1 Team
29,68,MSC,30,0,19,19,16,0,24,50.4,29.9,0.0,0.2,36.0,1007.0,302.0,H,5,Silverstone,Haas F1 Team
30,68,MSC,31,0,19,19,16,0,20,49.8,29.9,0.0,0.2,36.5,1006.9,204.0,H,6,Silverstone,Haas F1 Team
31,68,MSC,32,0,19,19,16,0,24,49.6,29.8,0.0,0.6,37.1,1006.9,184.0,H,7,Silverstone,Haas F1 Team
32,68,MSC,33,0,19,19,16,0,20,49.9,29.8,0.0,0.5,37.1,1007.0,181.0,H,8,Silverstone,Haas F1 Team
33,68,MSC,34,0,19,19,16,0,24,49.5,29.8,0.0,0.2,37.9,1006.9,55.0,H,9,Silverstone,Haas F1 Team
34,68,MSC,35,0,19,19,16,0,20,49.8,29.7,0.0,0.1,37.5,1006.9,190.0,H,10,Silverstone,Haas F1 Team
35,68,MSC,36,0,19,19,16,0,24,49.8,29.7,0.0,0.1,37.4,1006.8,293.0,H,11,Silverstone,Haas F1 Team
36,68,MSC,37,0,19,19,16,0,20,49.6,29.8,0.0,0.1,37.3,1006.8,207.0,H,12,Silverstone,Haas F1 Team
37,68,MSC,38,0,19,19,16,0,24,49.5,29.8,0.0,0.2,37.3,1006.9,99.0,H,13,Silverstone,Haas F1 Team
38,68,MSC,39,0,19,19,16,0,20,49.4,30.1,0.0,0.2,37.5,1006.8,209.0,H,14,Silverstone,Haas F1 Team
39,68,MSC,40,0,19,19,16,0,24,49.4,30.1,0.0,0.2,37.5,1006.8,243.0,H,15,Silverstone,Haas F1 Team
40,68,MSC,41,0,19,18,16,0,20,49.2,30.0,0.0,0.3,37.5,1006.8,238.0,H,16,Silverstone,Haas F1 Team
41,68,MSC,42,0,18,18,16,0,24,49.2,29.7,0.0,0.1,38.1,1006.8,13.0,H,17,Silverstone,Haas F1 Team
42,68,MSC,43,0,18,18,16,0,20,49.7,29.7,0.0,0.2,37.7,1006.7,316.0,H,18,Silverstone,Haas F1 Team
43,68,MSC,44,0,18,18,16,0,24,49.7,29.9,0.0,0.3,37.3,1006.7,227.0,H,19,Silverstone,Haas F1 Team
44,68,MSC,45,0,18,18,16,0,20,49.6,29.9,0.0,0.2,37.4,1006.8,165.0,H,20,Silverstone,Haas F1 Team
45,68,MSC,46,0,18,18,16,0,24,49.3,30.0,0.0,0.1,36.7,1006.6,230.0,H,21,Silverstone,Haas F1 Team
46,68,MSC,47,1,18,18,16,0,20,49.2,29.8,0.0,0.2,37.1,1006.6,331.0,H,22,Silverstone,Haas F1 Team
47,68,MSC,48,0,18,18,16,0,24,49.3,29.8,0.0,0.6,36.3,1006.7,178.0,H,23,Silverstone,Haas F1 Team
48,68,MSC,49,0,18,18,16,0,20,49.2,29.8,0.0,0.6,36.1,1006.6,179.0,H,24,Silverstone,Haas F1 Team
49,68,MSC,50,0,18,18,16,0,24,48.8,29.7,0.0,0.6,36.8,1006.6,143.0,H,25,Silverstone,Haas F1 Team
50,68,MSC,51,0,18,18,16,0,20,48.6,29.9,0.0,0.5,36.4,1006.6,182.0,H,26,Silverstone,Haas F1 Team
0,68,MAZ,1,2,18,18,18,0,17,51.8,29.0,0.0,0.6,37.9,1007.4,183.0,M,3,Silverstone,Haas F1 Team
1,68,MAZ,2,2,18,18,18,0,23,51.5,29.0,0.0,0.5,38.4,1007.6,161.0,M,4,Silverstone,Haas F1 Team
2,68,MAZ,3,2,18,18,18,0,17,51.7,29.0,0.0,0.3,39.3,1007.6,158.0,M,3,Silverstone,Haas F1 Team
3,68,MAZ,4,1,18,18,18,0,23,51.8,29.1,0.0,0.3,39.2,1007.4,189.0,M,4,Silverstone,Haas F1 Team
4,68,MAZ,5,0,18,18,18,0,17,51.9,29.2,0.0,0.5,39.3,1007.5,196.0,M,5,Silverstone,Haas F1 Team
5,68,MAZ,6,0,18,18,18,0,23,51.4,29.2,0.0,0.2,39.9,1007.4,330.0,M,6,Silverstone,Haas F1 Team
6,68,MAZ,7,0,18,19,18,0,17,51.0,29.2,0.0,0.3,39.3,1007.3,356.0,M,7,Silverstone,Haas F1 Team
7,68,MAZ,8,0,19,19,18,0,23,51.4,29.1,0.0,0.2,39.6,1007.3,155.0,M,8,Silverstone,Haas F1 Team
8,68,MAZ,9,0,19,19,18,0,17,51.4,29.1,0.0,0.3,39.8,1007.5,0.0,M,9,Silverstone,Haas F1 Team
9,68,MAZ,10,0,19,19,18,0,23,51.6,29.1,0.0,0.1,40.7,1007.4,0.0,M,10,Silverstone,Haas F1 Team
10,68,MAZ,11,0,19,19,18,0,17,51.6,29.2,0.0,0.1,40.3,1007.4,331.0,M,11,Silverstone,Haas F1 Team
11,68,MAZ,12,0,19,19,18,0,23,51.7,29.5,0.0,0.2,39.5,1007.4,193.0,M,12,Silverstone,Haas F1 Team
12,68,MAZ,13,0,19,19,18,0,17,51.9,29.7,0.0,0.3,37.0,1007.4,137.0,M,13,Silverstone,Haas F1 Team
13,68,MAZ,14,0,19,19,18,0,23,52.4,29.7,0.0,0.1,35.9,1007.4,323.0,M,14,Silverstone,Haas F1 Team
14,68,MAZ,15,0,19,19,18,0,17,51.8,29.6,0.0,0.1,35.6,1007.4,240.0,M,15,Silverstone,Haas F1 Team
15,68,MAZ,16,0,19,19,18,0,23,51.8,29.6,0.0,0.2,35.5,1007.4,0.0,M,16,Silverstone,Haas F1 Team
16,68,MAZ,17,0,19,19,18,0,17,52.0,29.5,0.0,0.3,35.0,1007.3,29.0,M,17,Silverstone,Haas F1 Team
17,68,MAZ,18,0,19,19,18,0,23,51.6,29.5,0.0,0.2,34.4,1007.3,84.0,M,18,Silverstone,Haas F1 Team
18,68,MAZ,19,0,19,19,18,0,17,51.1,29.5,0.0,0.1,36.4,1007.3,330.0,M,19,Silverstone,Haas F1 Team
19,68,MAZ,20,0,19,19,18,0,23,50.6,29.6,0.0,0.3,36.7,1007.1,338.0,M,20,Silverstone,Haas F1 Team
20,68,MAZ,21,0,19,19,18,0,17,50.6,29.6,0.0,0.3,36.4,1007.1,351.0,M,21,Silverstone,Haas F1 Team
21,68,MAZ,22,0,19,19,18,0,23,50.6,29.5,0.0,0.3,36.7,1007.1,122.0,M,22,Silverstone,Haas F1 Team
22,68,MAZ,23,0,19,19,18,0,17,50.6,29.3,0.0,0.3,37.1,1007.3,256.0,M,23,Silverstone,Haas F1 Team
23,68,MAZ,24,0,19,19,18,0,23,50.9,29.7,0.0,0.2,36.3,1007.1,278.0,M,24,Silverstone,Haas F1 Team
24,68,MAZ,25,0,19,18,18,0,17,50.8,29.8,0.0,0.4,37.0,1007.1,298.0,M,25,Silverstone,Haas F1 Team
25,68,MAZ,26,0,18,19,18,0,23,50.5,29.9,0.0,0.6,36.8,1007.1,254.0,H,0,Silverstone,Haas F1 Team
26,68,MAZ,27,0,19,18,18,0,17,50.9,29.6,0.0,0.2,36.5,1007.2,114.0,H,1,Silverstone,Haas F1 Team
27,68,MAZ,28,0,18,18,18,0,23,50.6,29.8,0.0,0.6,35.9,1007.0,159.0,H,2,Silverstone,Haas F1 Team
28,68,MAZ,29,0,18,18,18,0,17,50.4,29.7,0.0,0.4,36.3,1007.1,58.0,H,3,Silverstone,Haas F1 Team
29,68,MAZ,30,0,18,18,18,0,23,50.4,29.6,0.0,0.3,36.9,1007.0,207.0,H,4,Silverstone,Haas F1 Team
30,68,MAZ,31,0,18,18,18,0,17,49.5,29.8,0.0,0.3,37.5,1006.9,203.0,H,5,Silverstone,Haas F1 Team
31,68,MAZ,32,0,18,18,18,0,23,49.8,29.8,0.0,0.6,37.8,1006.8,190.0,H,6,Silverstone,Haas F1 Team
32,68,MAZ,33,0,18,18,18,0,17,49.6,29.8,0.0,0.2,37.3,1006.8,165.0,H,7,Silverstone,Haas F1 Team
33,68,MAZ,34,0,18,18,18,0,23,49.8,29.7,0.0,0.1,37.4,1006.8,293.0,H,8,Silverstone,Haas F1 Team
34,68,MAZ,35,0,18,18,18,0,17,49.2,30.0,0.0,0.3,37.5,1006.8,238.0,H,9,Silverstone,Haas F1 Team
35,68,MAZ,36,0,18,18,18,0,23,49.2,29.7,0.0,0.1,38.1,1006.8,13.0,H,10,Silverstone,Haas F1 Team
36,68,MAZ,37,0,18,18,18,0,17,49.2,29.7,0.0,0.3,37.5,1006.8,15.0,H,11,Silverstone,Haas F1 Team
37,68,MAZ,38,0,18,18,18,0,23,49.2,29.8,0.0,0.3,38.3,1006.7,325.0,H,12,Silverstone,Haas F1 Team
38,68,MAZ,39,0,18,18,18,0,17,49.7,29.7,0.0,0.2,37.7,1006.7,316.0,H,13,Silverstone,Haas F1 Team
39,68,MAZ,40,0,18,18,18,0,23,49.7,29.9,0.0,0.3,37.3,1006.7,227.0,H,14,Silverstone,Haas F1 Team
40,68,MAZ,41,0,18,17,18,0,17,49.6,29.9,0.0,0.2,37.4,1006.8,165.0,H,15,Silverstone,Haas F1 Team
41,68,MAZ,42,0,17,17,18,0,23,49.6,29.8,0.0,0.2,37.7,1006.7,0.0,H,16,Silverstone,Haas F1 Team
42,68,MAZ,43,0,17,17,18,0,17,49.3,30.0,0.0,0.1,37.2,1006.7,118.0,H,17,Silverstone,Haas F1 Team
43,68,MAZ,44,0,17,17,18,0,23,49.3,30.0,0.0,0.1,36.7,1006.6,230.0,H,18,Silverstone,Haas F1 Team
44,68,MAZ,45,0,17,17,18,0,17,49.2,29.8,0.0,0.6,36.1,1006.6,179.0,H,19,Silverstone,Haas F1 Team
45,68,MAZ,46,0,17,17,18,0,23,48.8,29.7,0.0,0.6,36.8,1006.6,143.0,H,20,Silverstone,Haas F1 Team
46,68,MAZ,47,1,17,17,18,0,17,48.6,29.5,0.0,0.6,36.3,1006.7,173.0,H,21,Silverstone,Haas F1 Team
47,68,MAZ,48,0,17,17,18,0,23,48.6,29.9,0.0,0.5,36.4,1006.6,182.0,H,22,Silverstone,Haas F1 Team
48,68,MAZ,49,0,17,17,18,0,17,48.3,29.9,0.0,0.6,36.9,1006.6,185.0,H,23,Silverstone,Haas F1 Team
49,68,MAZ,50,0,17,17,18,0,23,48.4,29.9,0.0,0.6,36.7,1006.6,176.0,H,24,Silverstone,Haas F1 Team
50,68,MAZ,51,0,17,17,18,0,17,48.4,29.8,0.0,0.5,36.8,1006.6,130.0,H,25,Silverstone,Haas F1 Team
0,68,PER,1,2,19,19,19,0,31,52.1,29.0,0.0,0.5,39.1,1007.4,176.0,H,0,Silverstone,Red Bull Racing
1,68,PER,2,2,19,19,19,0,46,51.8,29.0,0.0,0.6,38.5,1007.4,178.0,H,1,Silverstone,Red Bull Racing
2,68,PER,3,2,19,19,19,0,31,51.7,29.0,0.0,0.3,39.3,1007.6,158.0,H,2,Silverstone,Red Bull Racing
3,68,PER,4,1,19,16,19,0,46,51.4,29.2,0.0,0.2,39.9,1007.4,330.0,H,3,Silverstone,Red Bull Racing
4,68,PER,5,0,16,14,19,0,31,51.0,29.2,0.0,0.3,39.3,1007.3,356.0,H,4,Silverstone,Red Bull Racing
5,68,PER,6,0,14,14,19,0,46,51.4,29.1,0.0,0.2,39.6,1007.3,155.0,H,5,Silverstone,Red Bull Racing
6,68,PER,7,0,14,13,19,0,31,51.6,29.2,0.0,0.1,40.3,1007.4,331.0,H,6,Silverstone,Red Bull Racing
7,68,PER,8,0,13,13,19,0,46,52.4,29.5,0.0,0.2,38.1,1007.4,283.0,H,7,Silverstone,Red Bull Racing
8,68,PER,9,0,13,12,19,0,31,51.9,29.7,0.0,0.3,37.0,1007.4,137.0,H,8,Silverstone,Red Bull Racing
9,68,PER,10,0,12,12,19,0,46,52.4,29.7,0.0,0.1,35.9,1007.4,323.0,H,9,Silverstone,Red Bull Racing
10,68,PER,11,0,12,12,19,0,31,51.8,29.6,0.0,0.2,35.5,1007.4,0.0,H,10,Silverstone,Red Bull Racing
11,68,PER,12,0,12,12,19,0,46,51.9,29.6,0.0,0.2,34.9,1007.4,6.0,H,11,Silverstone,Red Bull Racing
12,68,PER,13,0,12,12,19,0,31,50.8,29.4,0.0,0.3,35.5,1007.4,130.0,H,12,Silverstone,Red Bull Racing
13,68,PER,14,0,12,12,19,0,46,51.5,29.5,0.0,0.3,36.0,1007.3,21.0,H,13,Silverstone,Red Bull Racing
14,68,PER,15,0,12,12,19,0,31,51.5,29.4,0.0,0.3,36.4,1007.3,28.0,H,14,Silverstone,Red Bull Racing
15,68,PER,16,0,12,12,19,0,46,51.6,29.6,0.0,0.3,34.9,1007.2,3.0,H,15,Silverstone,Red Bull Racing
16,68,PER,17,0,12,12,19,0,31,51.6,29.6,0.0,0.3,35.6,1007.2,345.0,H,16,Silverstone,Red Bull Racing
17,68,PER,18,0,12,11,19,0,46,51.4,29.7,0.0,0.1,35.3,1007.2,60.0,H,17,Silverstone,Red Bull Racing
18,68,PER,19,0,11,15,19,0,31,50.5,29.8,0.0,0.6,36.1,1007.2,352.0,M,0,Silverstone,Red Bull Racing
19,68,PER,20,0,15,13,19,0,46,50.5,29.6,0.0,0.4,36.1,1007.2,17.0,M,1,Silverstone,Red Bull Racing
20,68,PER,21,0,13,13,19,0,31,50.6,29.6,0.0,0.3,36.4,1007.1,351.0,M,2,Silverstone,Red Bull Racing
21,68,PER,22,0,13,12,19,0,46,50.9,29.7,0.0,0.2,36.3,1007.1,278.0,M,3,Silverstone,Red Bull Racing
22,68,PER,23,0,12,12,19,0,31,50.8,29.8,0.0,0.4,37.0,1007.1,298.0,M,4,Silverstone,Red Bull Racing
23,68,PER,24,0,12,11,19,0,46,50.9,29.8,0.0,0.2,37.1,1007.1,261.0,M,5,Silverstone,Red Bull Racing
24,68,PER,25,0,11,11,19,0,31,51.1,29.8,0.0,0.2,37.0,1007.2,0.0,M,6,Silverstone,Red Bull Racing
25,68,PER,26,0,11,11,19,0,46,51.3,29.8,0.0,0.5,35.4,1007.1,20.0,M,7,Silverstone,Red Bull Racing
26,68,PER,27,0,11,11,19,0,31,50.9,29.9,0.0,0.4,36.8,1007.2,333.0,M,8,Silverstone,Red Bull Racing
27,68,PER,28,0,11,11,19,0,46,50.8,29.8,0.0,0.2,36.4,1007.1,6.0,M,9,Silverstone,Red Bull Racing
28,68,PER,29,0,11,10,19,0,31,49.9,29.8,0.0,0.1,35.8,1007.0,327.0,M,10,Silverstone,Red Bull Racing
29,68,PER,30,0,10,10,19,0,46,50.6,29.8,0.0,0.6,35.9,1007.0,159.0,M,11,Silverstone,Red Bull Racing
30,68,PER,31,0,10,9,19,0,31,50.8,29.7,0.0,0.3,35.9,1007.0,173.0,M,12,Silverstone,Red Bull Racing
31,68,PER,32,0,9,9,19,0,46,50.5,29.7,0.0,0.7,36.2,1007.1,204.0,M,13,Silverstone,Red Bull Racing
32,68,PER,33,0,9,9,19,0,31,50.4,29.6,0.0,0.3,36.9,1007.0,207.0,M,14,Silverstone,Red Bull Racing
33,68,PER,34,0,9,9,19,0,46,50.5,30.1,0.0,0.2,36.4,1007.0,339.0,M,15,Silverstone,Red Bull Racing
34,68,PER,35,0,9,9,19,0,31,50.5,30.1,0.0,0.2,36.9,1007.0,272.0,M,16,Silverstone,Red Bull Racing
35,68,PER,36,0,9,9,19,0,46,50.4,29.9,0.0,0.2,36.0,1007.0,302.0,M,17,Silverstone,Red Bull Racing
36,68,PER,37,0,9,9,19,0,31,49.8,29.9,0.0,0.2,36.5,1006.9,204.0,M,18,Silverstone,Red Bull Racing
37,68,PER,38,0,9,8,19,0,46,49.9,29.8,0.0,0.5,37.1,1007.0,181.0,M,19,Silverstone,Red Bull Racing
38,68,PER,39,0,8,16,19,0,31,49.8,29.7,0.0,0.1,37.4,1006.8,293.0,M,0,Silverstone,Red Bull Racing
39,68,PER,40,0,16,15,19,0,46,49.5,29.8,0.0,0.2,37.3,1006.9,99.0,M,1,Silverstone,Red Bull Racing
40,68,PER,41,0,15,13,19,0,31,49.2,30.0,0.0,0.3,37.5,1006.8,238.0,M,2,Silverstone,Red Bull Racing
41,68,PER,42,0,13,13,19,0,46,49.2,29.7,0.0,0.3,37.5,1006.8,15.0,M,3,Silverstone,Red Bull Racing
42,68,PER,43,0,13,12,19,0,31,49.2,29.8,0.0,0.3,38.3,1006.7,325.0,M,4,Silverstone,Red Bull Racing
43,68,PER,44,0,12,12,19,0,46,49.7,29.9,0.0,0.3,37.3,1006.7,227.0,M,5,Silverstone,Red Bull Racing
44,68,PER,45,0,12,12,19,0,31,49.1,29.8,0.0,0.3,38.4,1006.8,157.0,M,6,Silverstone,Red Bull Racing
45,68,PER,46,0,12,11,19,0,46,49.2,29.8,0.0,0.2,37.1,1006.6,331.0,M,7,Silverstone,Red Bull Racing
46,68,PER,47,1,11,10,19,0,31,49.3,29.8,0.0,0.6,36.3,1006.7,178.0,M,8,Silverstone,Red Bull Racing
47,68,PER,48,0,10,10,19,0,46,48.8,29.7,0.0,0.6,36.8,1006.6,143.0,M,9,Silverstone,Red Bull Racing
48,68,PER,49,0,10,16,19,0,31,48.6,29.9,0.0,0.5,36.4,1006.6,182.0,S,3,Silverstone,Red Bull Racing
49,68,PER,50,0,16,16,19,0,46,48.3,29.9,0.0,0.6,36.9,1006.6,185.0,S,4,Silverstone,Red Bull Racing
50,68,PER,51,0,16,16,19,0,31,48.4,29.9,0.0,0.6,36.7,1006.6,176.0,S,5,Silverstone,Red Bull Racing
