,idGP,driver,lap,trackStatus,position,targetPosition,grid,out,performance,trackTemp,airTemp,raining,windSpeed,humidity,pressure,windDir,tyre,tyreLap,track,team
0,65,VER,1,0,2,2,2,0,63,37.7,25.8,0.0,1.0,56.9,960.1,129.0,M,3,Paul Ricard,Red Bull Racing
1,65,VER,2,0,2,2,2,0,68,38.0,26.0,0.0,1.1,56.2,959.9,133.0,M,4,Paul Ricard,Red Bull Racing
2,65,VER,3,0,2,2,2,0,68,38.0,26.1,0.0,1.4,55.0,959.9,132.0,M,5,Paul Ricard,Red Bull Racing
3,65,VER,4,0,2,2,2,0,67,38.0,26.1,0.0,1.4,55.0,959.9,132.0,M,6,Paul Ricard,Red Bull Racing
4,65,VER,5,0,2,2,2,0,68,37.5,26.1,0.0,1.4,57.1,960.1,111.0,M,7,Paul Ricard,Red Bull Racing
5,65,VER,6,0,2,2,2,0,68,37.5,26.0,0.0,1.3,56.7,960.1,111.0,M,8,Paul Ricard,Red Bull Racing
6,65,VER,7,0,2,2,2,0,69,37.4,26.1,0.0,1.3,55.4,960.2,122.0,M,9,Paul Ricard,Red Bull Racing
7,65,VER,8,0,2,2,2,0,68,37.6,26.1,0.0,1.2,54.0,960.3,109.0,M,10,Paul Ricard,Red Bull Racing
8,65,VER,9,0,2,2,2,0,68,37.6,26.2,0.0,1.2,54.5,960.2,111.0,M,11,Paul Ricard,Red Bull Racing
9,65,VER,10,0,2,2,2,0,67,37.8,26.5,0.0,1.4,53.9,960.3,112.0,M,12,Paul Ricard,Red Bull Racing
10,65,VER,11,0,2,2,2,0,67,38.0,26.7,0.0,1.1,52.1,960.3,106.0,M,13,Paul Ricard,Red Bull Racing
11,65,VER,12,0,2,2,2,0,66,37.5,26.7,0.0,1.4,52.5,960.5,114.0,M,14,Paul Ricard,Red Bull Racing
12,65,VER,13,0,2,2,2,0,65,37.3,26.7,0.0,1.2,51.9,960.5,126.0,M,15,Paul Ricard,Red Bull Racing
13,65,VER,14,0,2,2,2,0,65,37.9,26.8,0.0,1.3,52.9,960.6,123.0,M,16,Paul Ricard,Red Bull Racing
14,65,VER,15,0,2,2,2,0,64,38.9,27.1,0.0,1.3,51.1,960.7,136.0,M,17,Paul Ricard,Red Bull Racing
15,65,VER,16,0,2,2,2,0,64,38.9,27.1,0.0,1.3,51.1,960.7,136.0,M,18,Paul Ricard,Red Bull Racing
16,65,VER,17,0,2,2,2,0,64,38.9,27.4,0.0,1.0,49.2,960.7,138.0,M,19,Paul Ricard,Red Bull Racing
17,65,VER,18,0,2,3,2,0,64,38.9,27.4,0.0,1.0,49.2,960.7,138.0,M,20,Paul Ricard,Red Bull Racing
18,65,VER,19,0,3,3,2,0,65,38.6,27.0,0.0,1.2,50.6,960.7,121.0,H,0,Paul Ricard,Red Bull Racing
19,65,VER,20,0,3,2,2,0,66,38.3,26.9,0.0,1.4,49.5,960.8,118.0,H,1,Paul Ricard,Red Bull Racing
20,65,VER,21,0,2,2,2,0,67,38.5,26.8,0.0,1.5,50.2,960.7,134.0,H,2,Paul Ricard,Red Bull Racing
21,65,VER,22,0,2,2,2,0,67,38.5,26.7,0.0,1.4,51.2,960.7,99.0,H,3,Paul Ricard,Red Bull Racing
22,65,VER,23,0,2,2,2,0,67,38.4,26.4,0.0,1.3,51.6,960.8,120.0,H,4,Paul Ricard,Red Bull Racing
23,65,VER,24,0,2,1,2,0,67,38.4,26.4,0.0,1.3,51.6,960.8,120.0,H,5,Paul Ricard,Red Bull Racing
24,65,VER,25,0,1,1,2,0,67,37.7,26.2,0.0,1.4,52.5,960.8,118.0,H,6,Paul Ricard,Red Bull Racing
25,65,VER,26,0,1,1,2,0,67,35.6,25.8,0.0,1.8,56.9,960.8,124.0,H,7,Paul Ricard,Red Bull Racing
26,65,VER,27,0,1,1,2,0,67,35.6,25.8,0.0,1.8,56.9,960.8,124.0,H,8,Paul Ricard,Red Bull Racing
27,65,VER,28,0,1,1,2,0,67,35.6,25.4,0.0,1.1,58.0,960.9,127.0,H,9,Paul Ricard,Red Bull Racing
28,65,VER,29,0,1,1,2,0,67,35.5,25.4,0.0,1.4,58.5,960.8,116.0,H,10,Paul Ricard,Red Bull Racing
29,65,VER,30,0,1,1,2,0,67,36.5,25.3,0.0,1.3,58.4,961.1,113.0,H,11,Paul Ricard,Red Bull Racing
30,65,VER,31,0,1,1,2,0,67,36.4,25.3,0.0,1.3,58.5,961.1,119.0,H,12,Paul Ricard,Red Bull Racing
31,65,VER,32,0,1,4,2,0,67,35.3,25.0,0.0,1.6,59.4,961.0,135.0,H,13,Paul Ricard,Red Bull Racing
32,65,VER,33,0,4,4,2,0,67,34.9,25.0,0.0,1.2,60.4,960.9,114.0,M,3,Paul Ricard,Red Bull Racing
33,65,VER,34,0,4,4,2,0,67,34.9,25.0,0.0,1.3,61.8,961.0,132.0,M,4,Paul Ricard,Red Bull Racing
34,65,VER,35,0,4,3,2,0,67,34.6,25.0,0.0,1.3,62.4,961.1,111.0,M,5,Paul Ricard,Red Bull Racing
35,65,VER,36,0,3,3,2,0,67,34.6,25.0,0.0,1.3,62.8,961.0,96.0,M,6,Paul Ricard,Red Bull Racing
36,65,VER,37,0,3,3,2,0,67,34.7,24.9,0.0,1.4,64.0,961.0,119.0,M,7,Paul Ricard,Red Bull Racing
37,65,VER,38,0,3,3,2,0,67,34.4,24.6,0.0,1.3,64.8,961.2,113.0,M,8,Paul Ricard,Red Bull Racing
38,65,VER,39,0,3,3,2,0,67,34.2,24.5,0.0,1.2,64.7,961.2,113.0,M,9,Paul Ricard,Red Bull Racing
39,65,VER,40,0,3,3,2,0,67,34.0,24.4,0.0,1.1,65.1,961.2,125.0,M,10,Paul Ricard,Red Bull Racing
40,65,VER,41,0,3,3,2,0,66,34.0,24.4,0.0,1.2,65.0,961.0,101.0,M,11,Paul Ricard,Red Bull Racing
41,65,VER,42,0,3,3,2,0,66,33.7,24.3,0.0,1.2,65.5,961.0,106.0,M,12,Paul Ricard,Red Bull Racing
42,65,VER,43,0,3,3,2,0,66,33.4,24.1,0.0,1.3,65.5,960.9,93.0,M,13,Paul Ricard,Red Bull Racing
43,65,VER,44,0,3,2,2,0,66,33.4,24.1,0.0,1.3,65.4,960.8,106.0,M,14,Paul Ricard,Red Bull Racing
44,65,VER,45,0,2,2,2,0,66,33.6,24.1,0.0,1.2,65.8,961.2,119.0,M,15,Paul Ricard,Red Bull Racing
45,65,VER,46,0,2,2,2,0,66,33.2,24.2,0.0,1.5,67.2,961.0,116.0,M,16,Paul Ricard,Red Bull Racing
46,65,VER,47,0,2,2,2,0,66,33.1,24.1,0.0,1.5,67.7,960.9,133.0,M,17,Paul Ricard,Red Bull Racing
47,65,VER,48,0,2,2,2,0,66,33.1,24.2,0.0,1.1,67.5,961.2,118.0,M,18,Paul Ricard,Red Bull Racing
48,65,VER,49,0,2,2,2,0,66,33.5,24.2,0.0,1.3,66.9,960.9,119.0,M,19,Paul Ricard,Red Bull Racing
49,65,VER,50,0,2,2,2,0,66,33.7,24.1,0.0,1.5,66.2,961.0,126.0,M,20,Paul Ricard,Red Bull Racing
50,65,VER,51,0,2,2,2,0,66,33.5,24.1,0.0,1.1,67.6,960.9,122.0,M,21,Paul Ricard,Red Bull Racing
51,65,VER,52,0,2,1,2,0,65,33.8,24.2,0.0,1.1,67.6,961.1,116.0,M,22,Paul Ricard,Red Bull Racing
52,65,VER,53,0,1,1,2,0,65,33.8,24.1,0.0,1.1,68.0,961.0,120.0,M,23,Paul Ricard,Red Bull Racing
0,65,HAM,1,0,1,1,1,0,64,37.5,25.8,0.0,1.0,56.3,960.0,117.0,M,3,Paul Ricard,Mercedes
1,65,HAM,2,0,1,1,1,0,61,38.0,26.0,0.0,1.1,56.2,959.9,133.0,M,4,Paul Ricard,Mercedes
2,65,HAM,3,0,1,1,1,0,59,38.0,26.1,0.0,1.4,55.0,959.9,132.0,M,5,Paul Ricard,Mercedes
3,65,HAM,4,0,1,1,1,0,57,37.5,26.1,0.0,1.4,57.1,960.1,111.0,M,6,Paul Ricard,Mercedes
4,65,HAM,5,0,1,1,1,0,55,37.5,26.0,0.0,1.3,56.7,960.1,111.0,M,7,Paul Ricard,Mercedes
5,65,HAM,6,0,1,1,1,0,53,37.4,26.0,0.0,1.3,56.5,960.2,107.0,M,8,Paul Ricard,Mercedes
6,65,HAM,7,0,1,1,1,0,53,37.2,26.0,0.0,1.4,56.2,960.3,120.0,M,9,Paul Ricard,Mercedes
7,65,HAM,8,0,1,1,1,0,53,37.4,26.1,0.0,1.3,55.4,960.2,122.0,M,10,Paul Ricard,Mercedes
8,65,HAM,9,0,1,1,1,0,52,37.6,26.1,0.0,1.2,54.0,960.3,109.0,M,11,Paul Ricard,Mercedes
9,65,HAM,10,0,1,1,1,0,52,37.7,26.3,0.0,1.2,54.0,960.4,114.0,M,12,Paul Ricard,Mercedes
10,65,HAM,11,0,1,1,1,0,51,37.8,26.5,0.0,1.4,53.9,960.3,112.0,M,13,Paul Ricard,Mercedes
11,65,HAM,12,0,1,1,1,0,50,37.5,26.7,0.0,1.4,52.5,960.5,114.0,M,14,Paul Ricard,Mercedes
12,65,HAM,13,0,1,1,1,0,50,37.5,26.7,0.0,1.3,52.6,960.6,127.0,M,15,Paul Ricard,Mercedes
13,65,HAM,14,0,1,1,1,0,50,38.9,27.1,0.0,1.3,51.1,960.7,136.0,M,16,Paul Ricard,Mercedes
14,65,HAM,15,0,1,1,1,0,50,38.9,27.1,0.0,1.3,51.1,960.7,136.0,M,17,Paul Ricard,Mercedes
15,65,HAM,16,0,1,1,1,0,50,38.9,27.4,0.0,1.0,49.2,960.7,138.0,M,18,Paul Ricard,Mercedes
16,65,HAM,17,0,1,1,1,0,50,38.9,27.4,0.0,1.0,49.2,960.7,138.0,M,19,Paul Ricard,Mercedes
17,65,HAM,18,0,1,1,1,0,49,38.6,27.1,0.0,1.2,50.6,960.7,121.0,M,20,Paul Ricard,Mercedes
18,65,HAM,19,0,1,2,1,0,50,38.9,27.0,0.0,1.2,49.6,960.6,137.0,M,21,Paul Ricard,Mercedes
19,65,HAM,20,0,2,3,1,0,50,38.5,26.7,0.0,1.4,51.2,960.7,99.0,H,0,Paul Ricard,Mercedes
20,65,HAM,21,0,3,3,1,0,50,38.5,26.7,0.0,1.4,51.2,960.7,99.0,H,1,Paul Ricard,Mercedes
21,65,HAM,22,0,3,3,1,0,51,38.4,26.4,0.0,1.3,51.6,960.8,120.0,H,2,Paul Ricard,Mercedes
22,65,HAM,23,0,3,3,1,0,51,37.0,26.2,0.0,1.8,54.7,960.8,127.0,H,3,Paul Ricard,Mercedes
23,65,HAM,24,0,3,2,1,0,51,37.0,26.2,0.0,1.8,54.7,960.8,127.0,H,4,Paul Ricard,Mercedes
24,65,HAM,25,0,2,2,1,0,51,35.6,25.4,0.0,1.1,58.0,960.9,127.0,H,5,Paul Ricard,Mercedes
25,65,HAM,26,0,2,2,1,0,50,35.6,25.4,0.0,1.3,57.6,960.9,126.0,H,6,Paul Ricard,Mercedes
26,65,HAM,27,0,2,2,1,0,51,35.9,25.4,0.0,1.2,58.9,960.9,105.0,H,7,Paul Ricard,Mercedes
27,65,HAM,28,0,2,2,1,0,51,36.3,25.4,0.0,1.4,58.5,961.0,117.0,H,8,Paul Ricard,Mercedes
28,65,HAM,29,0,2,2,1,0,51,36.5,25.3,0.0,1.3,58.4,961.1,113.0,H,9,Paul Ricard,Mercedes
29,65,HAM,30,0,2,2,1,0,51,36.4,25.3,0.0,1.3,58.5,961.1,119.0,H,10,Paul Ricard,Mercedes
30,65,HAM,31,0,2,2,1,0,51,35.6,25.2,0.0,1.1,59.3,961.1,117.0,H,11,Paul Ricard,Mercedes
31,65,HAM,32,0,2,1,1,0,51,35.3,25.0,0.0,1.6,59.4,961.0,135.0,H,12,Paul Ricard,Mercedes
32,65,HAM,33,0,1,1,1,0,51,34.7,24.9,0.0,1.3,60.5,961.0,125.0,H,13,Paul Ricard,Mercedes
33,65,HAM,34,0,1,1,1,0,51,34.9,25.0,0.0,1.2,60.4,960.9,114.0,H,14,Paul Ricard,Mercedes
34,65,HAM,35,0,1,1,1,0,51,35.0,24.9,0.0,1.4,60.3,961.1,122.0,H,15,Paul Ricard,Mercedes
35,65,HAM,36,0,1,1,1,0,51,34.9,24.9,0.0,1.3,60.3,961.2,118.0,H,16,Paul Ricard,Mercedes
36,65,HAM,37,0,1,1,1,0,51,34.7,25.0,0.0,1.5,60.0,961.1,104.0,H,17,Paul Ricard,Mercedes
37,65,HAM,38,0,1,1,1,0,52,34.5,25.0,0.0,1.5,60.7,961.0,107.0,H,18,Paul Ricard,Mercedes
38,65,HAM,39,0,1,1,1,0,52,34.7,25.1,0.0,1.2,61.6,961.1,110.0,H,19,Paul Ricard,Mercedes
39,65,HAM,40,0,1,1,1,0,52,34.9,25.1,0.0,1.3,61.3,961.2,103.0,H,20,Paul Ricard,Mercedes
40,65,HAM,41,0,1,1,1,0,51,34.9,24.7,0.0,1.2,64.6,961.1,115.0,H,21,Paul Ricard,Mercedes
41,65,HAM,42,0,1,1,1,0,51,34.4,24.6,0.0,1.3,64.8,961.2,113.0,H,22,Paul Ricard,Mercedes
42,65,HAM,43,0,1,1,1,0,51,34.2,24.5,0.0,1.2,64.7,961.2,113.0,H,23,Paul Ricard,Mercedes
43,65,HAM,44,0,1,1,1,0,51,34.0,24.4,0.0,1.1,65.1,961.2,125.0,H,24,Paul Ricard,Mercedes
44,65,HAM,45,0,1,1,1,0,52,34.0,24.4,0.0,1.2,65.0,961.0,101.0,H,25,Paul Ricard,Mercedes
45,65,HAM,46,0,1,1,1,0,52,33.6,24.1,0.0,1.2,65.8,961.2,119.0,H,26,Paul Ricard,Mercedes
46,65,HAM,47,0,1,1,1,0,52,33.2,24.2,0.0,1.5,67.2,961.0,116.0,H,27,Paul Ricard,Mercedes
47,65,HAM,48,0,1,1,1,0,52,33.1,24.1,0.0,1.5,67.7,960.9,133.0,H,28,Paul Ricard,Mercedes
48,65,HAM,49,0,1,1,1,0,52,33.1,24.2,0.0,1.2,67.7,960.9,102.0,H,29,Paul Ricard,Mercedes
49,65,HAM,50,0,1,1,1,0,52,33.7,24.1,0.0,1.5,66.2,961.0,126.0,H,30,Paul Ricard,Mercedes
50,65,HAM,51,0,1,1,1,0,52,33.5,24.2,0.0,1.0,66.6,960.9,99.0,H,31,Paul Ricard,Mercedes
51,65,HAM,52,0,1,2,1,0,52,33.5,24.1,0.0,1.1,67.6,960.9,122.0,H,32,Paul Ricard,Mercedes
52,65,HAM,53,0,2,2,1,0,51,33.8,24.2,0.0,1.1,67.6,961.1,116.0,H,33,Paul Ricard,Mercedes
0,65,BOT,1,0,3,3,3,0,46,37.5,25.8,0.0,1.0,56.3,960.0,117.0,M,3,Paul Ricard,Mercedes
1,65,BOT,2,0,3,3,3,0,49,37.4,26.0,0.0,1.3,56.5,960.2,107.0,M,4,Paul Ricard,Mercedes
2,65,BOT,3,0,3,3,3,0,47,37.2,26.0,0.0,1.4,56.2,960.3,120.0,M,5,Paul Ricard,Mercedes
3,65,BOT,4,0,3,3,3,0,45,37.4,26.1,0.0,1.3,55.4,960.2,122.0,M,6,Paul Ricard,Mercedes
4,65,BOT,5,0,3,3,3,0,45,37.6,26.1,0.0,1.2,54.0,960.3,109.0,M,7,Paul Ricard,Mercedes
5,65,BOT,6,0,3,3,3,0,45,37.6,26.2,0.0,1.2,54.5,960.2,111.0,M,8,Paul Ricard,Mercedes
6,65,BOT,7,0,3,3,3,0,45,37.7,26.3,0.0,1.2,54.0,960.4,114.0,M,9,Paul Ricard,Mercedes
7,65,BOT,8,0,3,3,3,0,44,37.8,26.5,0.0,1.4,53.9,960.3,112.0,M,10,Paul Ricard,Mercedes
8,65,BOT,9,0,3,3,3,0,43,38.0,26.7,0.0,1.1,52.1,960.3,106.0,M,11,Paul Ricard,Mercedes
9,65,BOT,10,0,3,3,3,0,42,37.5,26.7,0.0,1.3,52.6,960.6,127.0,M,12,Paul Ricard,Mercedes
10,65,BOT,11,0,3,3,3,0,42,37.3,26.7,0.0,1.2,51.9,960.5,126.0,M,13,Paul Ricard,Mercedes
11,65,BOT,12,0,3,3,3,0,41,37.9,26.8,0.0,1.3,52.9,960.6,123.0,M,14,Paul Ricard,Mercedes
12,65,BOT,13,0,3,3,3,0,41,37.9,26.8,0.0,1.3,52.9,960.6,123.0,M,15,Paul Ricard,Mercedes
13,65,BOT,14,0,3,3,3,0,41,38.9,27.1,0.0,1.3,51.1,960.7,136.0,M,16,Paul Ricard,Mercedes
14,65,BOT,15,0,3,3,3,0,41,38.9,27.4,0.0,1.0,49.2,960.7,138.0,M,17,Paul Ricard,Mercedes
15,65,BOT,16,0,3,3,3,0,41,38.6,27.1,0.0,1.2,50.6,960.7,121.0,M,18,Paul Ricard,Mercedes
16,65,BOT,17,0,3,4,3,0,42,38.6,27.0,0.0,1.2,50.6,960.7,121.0,M,19,Paul Ricard,Mercedes
17,65,BOT,18,0,4,4,3,0,43,38.3,27.0,0.0,1.4,49.4,960.7,121.0,H,0,Paul Ricard,Mercedes
18,65,BOT,19,0,4,4,3,0,44,38.3,26.9,0.0,1.4,49.5,960.8,118.0,H,1,Paul Ricard,Mercedes
19,65,BOT,20,0,4,4,3,0,45,38.3,26.9,0.0,1.4,49.5,960.8,118.0,H,2,Paul Ricard,Mercedes
20,65,BOT,21,0,4,4,3,0,45,38.5,26.8,0.0,1.5,50.2,960.7,134.0,H,3,Paul Ricard,Mercedes
21,65,BOT,22,0,4,4,3,0,46,38.5,26.8,0.0,1.5,50.2,960.7,134.0,H,4,Paul Ricard,Mercedes
22,65,BOT,23,0,4,4,3,0,46,38.5,26.7,0.0,1.4,51.2,960.7,99.0,H,5,Paul Ricard,Mercedes
23,65,BOT,24,0,4,3,3,0,46,37.2,26.2,0.0,1.7,53.1,960.9,102.0,H,6,Paul Ricard,Mercedes
24,65,BOT,25,0,3,3,3,0,46,37.0,26.2,0.0,1.8,54.7,960.8,127.0,H,7,Paul Ricard,Mercedes
25,65,BOT,26,0,3,3,3,0,46,35.6,25.8,0.0,1.8,56.9,960.8,124.0,H,8,Paul Ricard,Mercedes
26,65,BOT,27,0,3,3,3,0,46,35.6,25.4,0.0,1.1,58.0,960.9,127.0,H,9,Paul Ricard,Mercedes
27,65,BOT,28,0,3,3,3,0,46,35.5,25.4,0.0,1.4,58.5,960.8,116.0,H,10,Paul Ricard,Mercedes
28,65,BOT,29,0,3,3,3,0,46,36.3,25.4,0.0,1.4,58.5,961.0,117.0,H,11,Paul Ricard,Mercedes
29,65,BOT,30,0,3,3,3,0,45,36.5,25.3,0.0,1.3,58.4,961.1,113.0,H,12,Paul Ricard,Mercedes
30,65,BOT,31,0,3,3,3,0,45,35.3,25.0,0.0,1.6,59.4,961.0,135.0,H,13,Paul Ricard,Mercedes
31,65,BOT,32,0,3,2,3,0,45,34.7,24.9,0.0,1.3,60.5,961.0,125.0,H,14,Paul Ricard,Mercedes
32,65,BOT,33,0,2,2,3,0,45,34.9,25.0,0.0,1.2,60.4,960.9,114.0,H,15,Paul Ricard,Mercedes
33,65,BOT,34,0,2,2,3,0,45,34.7,25.0,0.0,1.5,60.0,961.1,104.0,H,16,Paul Ricard,Mercedes
34,65,BOT,35,0,2,2,3,0,45,34.7,25.0,0.0,1.4,60.3,961.1,107.0,H,17,Paul Ricard,Mercedes
35,65,BOT,36,0,2,2,3,0,45,34.9,25.1,0.0,1.3,61.3,961.2,103.0,H,18,Paul Ricard,Mercedes
36,65,BOT,37,0,2,2,3,0,45,34.6,25.0,0.0,1.3,62.8,961.0,96.0,H,19,Paul Ricard,Mercedes
37,65,BOT,38,0,2,2,3,0,45,34.9,24.7,0.0,1.2,64.6,961.1,115.0,H,20,Paul Ricard,Mercedes
38,65,BOT,39,0,2,2,3,0,45,34.4,24.6,0.0,1.3,64.8,961.2,113.0,H,21,Paul Ricard,Mercedes
39,65,BOT,40,0,2,2,3,0,45,34.0,24.4,0.0,1.1,65.1,961.2,125.0,H,22,Paul Ricard,Mercedes
40,65,BOT,41,0,2,2,3,0,44,34.0,24.4,0.0,1.2,65.0,961.0,101.0,H,23,Paul Ricard,Mercedes
41,65,BOT,42,0,2,2,3,0,44,33.7,24.3,0.0,1.2,65.5,961.0,106.0,H,24,Paul Ricard,Mercedes
42,65,BOT,43,0,2,2,3,0,44,33.4,24.1,0.0,1.3,65.5,960.9,93.0,H,25,Paul Ricard,Mercedes
43,65,BOT,44,0,2,3,3,0,45,33.4,24.1,0.0,1.3,65.4,960.8,106.0,H,26,Paul Ricard,Mercedes
44,65,BOT,45,0,3,3,3,0,45,33.6,24.1,0.0,1.2,65.8,961.2,119.0,H,27,Paul Ricard,Mercedes
45,65,BOT,46,0,3,3,3,0,45,33.2,24.1,0.0,1.3,66.3,961.1,105.0,H,28,Paul Ricard,Mercedes
46,65,BOT,47,0,3,3,3,0,45,33.1,24.1,0.0,1.5,67.7,960.9,133.0,H,29,Paul Ricard,Mercedes
47,65,BOT,48,0,3,3,3,0,45,33.1,24.2,0.0,1.2,67.7,960.9,102.0,H,30,Paul Ricard,Mercedes
48,65,BOT,49,0,3,4,3,0,45,33.1,24.2,0.0,1.1,67.5,961.2,118.0,H,31,Paul Ricard,Mercedes
49,65,BOT,50,0,4,4,3,0,45,33.5,24.2,0.0,1.3,66.9,960.9,119.0,H,32,Paul Ricard,Mercedes
50,65,BOT,51,0,4,4,3,0,45,33.7,24.1,0.0,1.5,65.9,961.0,127.0,H,33,Paul Ricard,Mercedes
51,65,BOT,52,0,4,4,3,0,45,33.7,24.1,0.0,1.5,66.2,961.0,126.0,H,34,Paul Ricard,Mercedes
52,65,BOT,53,0,4,4,3,0,46,33.5,24.1,0.0,1.1,67.6,960.9,122.0,H,35,Paul Ricard,Mercedes
0,65,PER,1,0,4,4,4,0,60,37.7,25.8,0.0,1.0,56.9,960.1,129.0,M,3,Paul Ricard,Red Bull Racing
1,65,PER,2,0,4,4,4,0,64,37.5,25.8,0.0,1.0,56.3,960.0,117.0,M,4,Paul Ricard,Red Bull Racing
2,65,PER,3,0,4,4,4,0,63,38.0,26.1,0.0,1.4,55.0,959.9,132.0,M,5,Paul Ricard,Red Bull Racing
3,65,PER,4,0,4,4,4,0,63,37.5,26.1,0.0,1.4,57.1,960.1,111.0,M,6,Paul Ricard,Red Bull Racing
4,65,PER,5,0,4,4,4,0,63,37.5,26.0,0.0,1.3,56.7,960.1,111.0,M,7,Paul Ricard,Red Bull Racing
5,65,PER,6,0,4,4,4,0,62,37.2,26.0,0.0,1.4,56.2,960.3,120.0,M,8,Paul Ricard,Red Bull Racing
6,65,PER,7,0,4,4,4,0,63,37.2,26.0,0.0,1.4,56.2,960.3,120.0,M,9,Paul Ricard,Red Bull Racing
7,65,PER,8,0,4,4,4,0,64,37.6,26.1,0.0,1.2,54.0,960.3,109.0,M,10,Paul Ricard,Red Bull Racing
8,65,PER,9,0,4,4,4,0,64,37.6,26.2,0.0,1.2,54.5,960.2,111.0,M,11,Paul Ricard,Red Bull Racing
9,65,PER,10,0,4,4,4,0,64,37.3,26.3,0.0,1.1,54.8,960.4,117.0,M,12,Paul Ricard,Red Bull Racing
10,65,PER,11,0,4,4,4,0,64,37.7,26.3,0.0,1.2,54.0,960.4,114.0,M,13,Paul Ricard,Red Bull Racing
11,65,PER,12,0,4,4,4,0,63,37.8,26.5,0.0,1.4,53.9,960.3,112.0,M,14,Paul Ricard,Red Bull Racing
12,65,PER,13,0,4,4,4,0,63,37.3,26.7,0.0,1.2,51.9,960.5,126.0,M,15,Paul Ricard,Red Bull Racing
13,65,PER,14,0,4,4,4,0,63,38.9,27.1,0.0,1.3,51.1,960.7,136.0,M,16,Paul Ricard,Red Bull Racing
14,65,PER,15,0,4,4,4,0,62,38.9,27.1,0.0,1.3,51.1,960.7,136.0,M,17,Paul Ricard,Red Bull Racing
15,65,PER,16,0,4,4,4,0,62,38.6,27.0,0.0,1.2,50.6,960.7,121.0,M,18,Paul Ricard,Red Bull Racing
16,65,PER,17,0,4,3,4,0,62,38.9,27.0,0.0,1.2,49.6,960.6,137.0,M,19,Paul Ricard,Red Bull Racing
17,65,PER,18,0,3,2,4,0,62,38.3,27.0,0.0,1.4,49.4,960.7,121.0,M,20,Paul Ricard,Red Bull Racing
18,65,PER,19,0,2,1,4,0,63,38.5,26.8,0.0,1.5,50.2,960.7,134.0,M,21,Paul Ricard,Red Bull Racing
19,65,PER,20,0,1,1,4,0,63,38.5,26.7,0.0,1.4,51.2,960.7,99.0,M,22,Paul Ricard,Red Bull Racing
20,65,PER,21,0,1,1,4,0,63,38.5,26.7,0.0,1.4,51.2,960.7,99.0,M,23,Paul Ricard,Red Bull Racing
21,65,PER,22,0,1,1,4,0,62,38.4,26.4,0.0,1.3,51.6,960.8,120.0,M,24,Paul Ricard,Red Bull Racing
22,65,PER,23,0,1,1,4,0,62,37.7,26.2,0.0,1.4,52.5,960.8,118.0,M,25,Paul Ricard,Red Bull Racing
23,65,PER,24,0,1,4,4,0,63,37.0,26.2,0.0,1.8,54.7,960.8,127.0,M,26,Paul Ricard,Red Bull Racing
24,65,PER,25,0,4,4,4,0,63,35.6,25.8,0.0,1.8,56.9,960.8,124.0,H,0,Paul Ricard,Red Bull Racing
25,65,PER,26,0,4,4,4,0,63,35.6,25.4,0.0,1.3,57.6,960.9,126.0,H,1,Paul Ricard,Red Bull Racing
26,65,PER,27,0,4,4,4,0,63,35.7,25.4,0.0,1.2,57.6,960.7,102.0,H,2,Paul Ricard,Red Bull Racing
27,65,PER,28,0,4,4,4,0,63,35.9,25.4,0.0,1.2,58.9,960.9,105.0,H,3,Paul Ricard,Red Bull Racing
28,65,PER,29,0,4,4,4,0,63,36.3,25.4,0.0,1.4,58.5,961.0,117.0,H,4,Paul Ricard,Red Bull Racing
29,65,PER,30,0,4,4,4,0,63,36.4,25.3,0.0,1.3,58.5,961.1,119.0,H,5,Paul Ricard,Red Bull Racing
30,65,PER,31,0,4,4,4,0,62,35.6,25.2,0.0,1.1,59.3,961.1,117.0,H,6,Paul Ricard,Red Bull Racing
31,65,PER,32,0,4,3,4,0,62,35.3,25.0,0.0,1.6,59.4,961.0,135.0,H,7,Paul Ricard,Red Bull Racing
32,65,PER,33,0,3,3,4,0,62,35.0,24.9,0.0,1.4,60.3,961.1,122.0,H,8,Paul Ricard,Red Bull Racing
33,65,PER,34,0,3,3,4,0,62,34.9,24.9,0.0,1.3,60.3,961.2,118.0,H,9,Paul Ricard,Red Bull Racing
34,65,PER,35,0,3,4,4,0,62,34.7,25.0,0.0,1.4,60.3,961.1,107.0,H,10,Paul Ricard,Red Bull Racing
35,65,PER,36,0,4,4,4,0,62,34.5,25.0,0.0,1.5,60.7,961.0,107.0,H,11,Paul Ricard,Red Bull Racing
36,65,PER,37,0,4,4,4,0,62,34.4,25.0,0.0,1.1,61.5,961.0,124.0,H,12,Paul Ricard,Red Bull Racing
37,65,PER,38,0,4,4,4,0,62,34.6,25.0,0.0,1.3,62.8,961.0,96.0,H,13,Paul Ricard,Red Bull Racing
38,65,PER,39,0,4,4,4,0,62,34.4,24.6,0.0,1.3,64.8,961.2,113.0,H,14,Paul Ricard,Red Bull Racing
39,65,PER,40,0,4,4,4,0,62,34.0,24.4,0.0,1.2,65.0,961.0,101.0,H,15,Paul Ricard,Red Bull Racing
40,65,PER,41,0,4,4,4,0,62,33.7,24.3,0.0,1.2,65.5,961.0,106.0,H,16,Paul Ricard,Red Bull Racing
41,65,PER,42,0,4,4,4,0,62,33.4,24.2,0.0,1.3,65.5,961.1,135.0,H,17,Paul Ricard,Red Bull Racing
42,65,PER,43,0,4,4,4,0,62,33.4,24.1,0.0,1.3,65.5,960.9,93.0,H,18,Paul Ricard,Red Bull Racing
43,65,PER,44,0,4,4,4,0,62,33.4,24.1,0.0,1.3,65.4,960.8,106.0,H,19,Paul Ricard,Red Bull Racing
44,65,PER,45,0,4,4,4,0,62,33.2,24.2,0.0,1.5,67.2,961.0,116.0,H,20,Paul Ricard,Red Bull Racing
45,65,PER,46,0,4,4,4,0,62,33.1,24.1,0.0,1.5,67.7,960.9,133.0,H,21,Paul Ricard,Red Bull Racing
46,65,PER,47,0,4,4,4,0,62,33.5,24.2,0.0,1.3,66.9,960.9,119.0,H,22,Paul Ricard,Red Bull Racing
47,65,PER,48,0,4,4,4,0,62,33.7,24.2,0.0,1.4,66.4,961.0,129.0,H,23,Paul Ricard,Red Bull Racing
48,65,PER,49,0,4,3,4,0,61,33.7,24.1,0.0,1.5,65.9,961.0,127.0,H,24,Paul Ricard,Red Bull Racing
49,65,PER,50,0,3,3,4,0,61,33.7,24.1,0.0,1.5,66.2,961.0,126.0,H,25,Paul Ricard,Red Bull Racing
50,65,PER,51,0,3,3,4,0,61,33.5,24.1,0.0,1.1,67.6,960.9,122.0,H,26,Paul Ricard,Red Bull Racing
51,65,PER,52,0,3,3,4,0,61,33.8,24.2,0.0,1.1,67.6,961.1,116.0,H,27,Paul Ricard,Red Bull Racing
52,65,PER,53,0,3,3,4,0,61,33.8,24.1,0.0,1.1,68.0,961.0,120.0,H,28,Paul Ricard,Red Bull Racing
0,65,SAI,1,0,5,5,5,0,59,37.7,25.8,0.0,1.0,56.9,960.1,129.0,M,3,Paul Ricard,Ferrari
1,65,SAI,2,0,5,5,5,0,63,38.0,26.1,0.0,1.4,55.0,959.9,132.0,M,4,Paul Ricard,Ferrari
2,65,SAI,3,0,5,5,5,0,66,37.5,26.1,0.0,1.4,57.1,960.1,111.0,M,5,Paul Ricard,Ferrari
3,65,SAI,4,0,5,5,5,0,68,37.5,26.0,0.0,1.3,56.7,960.1,111.0,M,6,Paul Ricard,Ferrari
4,65,SAI,5,0,5,5,5,0,69,37.2,26.0,0.0,1.4,56.2,960.3,120.0,M,7,Paul Ricard,Ferrari
5,65,SAI,6,0,5,5,5,0,71,37.3,26.3,0.0,1.1,54.8,960.4,117.0,M,8,Paul Ricard,Ferrari
6,65,SAI,7,0,5,5,5,0,71,37.7,26.3,0.0,1.2,54.0,960.4,114.0,M,9,Paul Ricard,Ferrari
7,65,SAI,8,0,5,5,5,0,72,38.0,26.7,0.0,1.1,52.1,960.3,106.0,M,10,Paul Ricard,Ferrari
8,65,SAI,9,0,5,5,5,0,72,37.9,26.8,0.0,1.3,52.9,960.6,123.0,M,11,Paul Ricard,Ferrari
9,65,SAI,10,0,5,5,5,0,72,37.9,26.8,0.0,1.3,52.9,960.6,123.0,M,12,Paul Ricard,Ferrari
10,65,SAI,11,0,5,5,5,0,72,38.9,27.1,0.0,1.3,51.1,960.7,136.0,M,13,Paul Ricard,Ferrari
11,65,SAI,12,0,5,5,5,0,72,38.9,27.4,0.0,1.0,49.2,960.7,138.0,M,14,Paul Ricard,Ferrari
12,65,SAI,13,0,5,5,5,0,72,38.9,27.4,0.0,1.0,49.2,960.7,138.0,M,15,Paul Ricard,Ferrari
13,65,SAI,14,0,5,5,5,0,72,38.6,27.0,0.0,1.2,50.6,960.7,121.0,M,16,Paul Ricard,Ferrari
14,65,SAI,15,0,5,5,5,0,72,38.9,27.0,0.0,1.2,49.6,960.6,137.0,M,17,Paul Ricard,Ferrari
15,65,SAI,16,0,5,5,5,0,73,38.3,27.0,0.0,1.4,49.4,960.7,121.0,M,18,Paul Ricard,Ferrari
16,65,SAI,17,0,5,13,5,0,73,38.5,26.8,0.0,1.5,50.2,960.7,134.0,M,19,Paul Ricard,Ferrari
17,65,SAI,18,0,13,13,5,0,73,38.5,26.7,0.0,1.4,51.2,960.7,99.0,H,0,Paul Ricard,Ferrari
18,65,SAI,19,0,13,13,5,0,73,38.4,26.4,0.0,1.3,51.6,960.8,120.0,H,1,Paul Ricard,Ferrari
19,65,SAI,20,0,13,13,5,0,73,38.4,26.4,0.0,1.3,51.6,960.8,120.0,H,2,Paul Ricard,Ferrari
20,65,SAI,21,0,13,13,5,0,72,37.7,26.2,0.0,1.4,52.5,960.8,118.0,H,3,Paul Ricard,Ferrari
21,65,SAI,22,0,13,13,5,0,72,35.6,25.8,0.0,1.8,56.9,960.8,124.0,H,4,Paul Ricard,Ferrari
22,65,SAI,23,0,13,12,5,0,71,35.6,25.8,0.0,1.8,56.9,960.8,124.0,H,5,Paul Ricard,Ferrari
23,65,SAI,24,0,12,11,5,0,71,35.6,25.4,0.0,1.1,58.0,960.9,127.0,H,6,Paul Ricard,Ferrari
24,65,SAI,25,0,11,11,5,0,71,35.6,25.4,0.0,1.3,57.6,960.9,126.0,H,7,Paul Ricard,Ferrari
25,65,SAI,26,0,11,10,5,0,71,35.5,25.4,0.0,1.4,58.5,960.8,116.0,H,8,Paul Ricard,Ferrari
26,65,SAI,27,0,10,9,5,0,70,36.5,25.3,0.0,1.3,58.4,961.1,113.0,H,9,Paul Ricard,Ferrari
27,65,SAI,28,0,9,9,5,0,70,35.3,25.0,0.0,1.6,59.4,961.0,135.0,H,10,Paul Ricard,Ferrari
28,65,SAI,29,0,9,8,5,0,70,34.7,24.9,0.0,1.3,60.5,961.0,125.0,H,11,Paul Ricard,Ferrari
29,65,SAI,30,0,8,8,5,0,70,34.9,25.0,0.0,1.2,60.4,960.9,114.0,H,12,Paul Ricard,Ferrari
30,65,SAI,31,0,8,9,5,0,69,34.7,25.0,0.0,1.5,60.0,961.1,104.0,H,13,Paul Ricard,Ferrari
31,65,SAI,32,0,9,9,5,0,69,34.7,25.0,0.0,1.4,60.3,961.1,107.0,H,14,Paul Ricard,Ferrari
32,65,SAI,33,0,9,9,5,0,69,34.4,25.0,0.0,1.1,61.5,961.0,124.0,H,15,Paul Ricard,Ferrari
33,65,SAI,34,0,9,8,5,0,69,34.7,25.1,0.0,1.2,61.6,961.1,110.0,H,16,Paul Ricard,Ferrari
34,65,SAI,35,0,8,8,5,0,69,34.9,25.1,0.0,1.3,61.3,961.2,103.0,H,17,Paul Ricard,Ferrari
35,65,SAI,36,0,8,9,5,0,69,34.6,25.0,0.0,1.3,62.4,961.1,111.0,H,18,Paul Ricard,Ferrari
36,65,SAI,37,0,9,9,5,0,69,34.7,24.9,0.0,1.4,64.0,961.0,119.0,H,19,Paul Ricard,Ferrari
37,65,SAI,38,0,9,9,5,0,68,34.9,24.7,0.0,1.2,64.6,961.1,115.0,H,20,Paul Ricard,Ferrari
38,65,SAI,39,0,9,9,5,0,69,34.2,24.5,0.0,1.2,64.7,961.2,113.0,H,21,Paul Ricard,Ferrari
39,65,SAI,40,0,9,9,5,0,69,34.0,24.4,0.0,1.2,65.0,961.0,101.0,H,22,Paul Ricard,Ferrari
40,65,SAI,41,0,9,9,5,0,69,33.7,24.3,0.0,1.2,65.5,961.0,106.0,H,23,Paul Ricard,Ferrari
41,65,SAI,42,0,9,9,5,0,69,33.4,24.2,0.0,1.3,65.5,961.1,135.0,H,24,Paul Ricard,Ferrari
42,65,SAI,43,0,9,9,5,0,69,33.4,24.1,0.0,1.3,65.5,960.9,93.0,H,25,Paul Ricard,Ferrari
43,65,SAI,44,0,9,10,5,0,69,33.4,24.1,0.0,1.3,65.4,960.8,106.0,H,26,Paul Ricard,Ferrari
44,65,SAI,45,0,10,10,5,0,69,33.2,24.1,0.0,1.3,66.3,961.1,105.0,H,27,Paul Ricard,Ferrari
45,65,SAI,46,0,10,10,5,0,69,33.2,24.2,0.0,1.5,67.2,961.0,116.0,H,28,Paul Ricard,Ferrari
46,65,SAI,47,0,10,10,5,0,69,33.1,24.2,0.0,1.2,67.7,960.9,102.0,H,29,Paul Ricard,Ferrari
47,65,SAI,48,0,10,11,5,0,69,33.5,24.2,0.0,1.3,66.9,960.9,119.0,H,30,Paul Ricard,Ferrari
48,65,SAI,49,0,11,11,5,0,68,33.7,24.2,0.0,1.4,66.4,961.0,129.0,H,31,Paul Ricard,Ferrari
49,65,SAI,50,0,11,11,5,0,68,33.7,24.1,0.0,1.5,66.2,961.0,126.0,H,32,Paul Ricard,Ferrari
50,65,SAI,51,0,11,11,5,0,68,33.5,24.2,0.0,1.0,66.6,960.9,99.0,H,33,Paul Ricard,Ferrari
51,65,SAI,52,0,11,11,5,0,68,33.8,24.2,0.0,1.1,67.6,961.1,116.0,H,34,Paul Ricard,Ferrari
52,65,SAI,53,0,11,11,5,0,68,33.8,24.1,0.0,1.1,68.0,961.0,120.0,H,35,Paul Ricard,Ferrari
0,65,GAS,1,0,6,6,6,0,40,37.7,25.8,0.0,1.0,56.9,960.1,129.0,M,5,Paul Ricard,AlphaTauri
1,65,GAS,2,0,6,6,6,0,43,37.5,25.8,0.0,1.0,56.3,960.0,117.0,M,6,Paul Ricard,AlphaTauri
2,65,GAS,3,0,6,6,6,0,46,38.0,26.0,0.0,1.1,56.2,959.9,133.0,M,7,Paul Ricard,AlphaTauri
3,65,GAS,4,0,6,6,6,0,49,38.0,26.1,0.0,1.4,55.0,959.9,132.0,M,8,Paul Ricard,AlphaTauri
4,65,GAS,5,0,6,6,6,0,51,38.0,26.1,0.0,1.4,55.0,959.9,132.0,M,9,Paul Ricard,AlphaTauri
5,65,GAS,6,0,6,6,6,0,52,37.5,26.1,0.0,1.4,57.1,960.1,111.0,M,10,Paul Ricard,AlphaTauri
6,65,GAS,7,0,6,6,6,0,53,37.2,26.0,0.0,1.4,56.2,960.3,120.0,M,11,Paul Ricard,AlphaTauri
7,65,GAS,8,0,6,6,6,0,54,37.4,26.1,0.0,1.3,55.4,960.2,122.0,M,12,Paul Ricard,AlphaTauri
8,65,GAS,9,0,6,6,6,0,56,37.6,26.1,0.0,1.2,54.0,960.3,109.0,M,13,Paul Ricard,AlphaTauri
9,65,GAS,10,0,6,6,6,0,55,37.6,26.2,0.0,1.2,54.5,960.2,111.0,M,14,Paul Ricard,AlphaTauri
10,65,GAS,11,0,6,6,6,0,55,37.7,26.3,0.0,1.2,54.0,960.4,114.0,M,15,Paul Ricard,AlphaTauri
11,65,GAS,12,0,6,6,6,0,55,38.0,26.7,0.0,1.1,52.1,960.3,106.0,M,16,Paul Ricard,AlphaTauri
12,65,GAS,13,0,6,6,6,0,55,37.9,26.8,0.0,1.3,52.9,960.6,123.0,M,17,Paul Ricard,AlphaTauri
13,65,GAS,14,0,6,6,6,0,55,38.9,27.1,0.0,1.3,51.1,960.7,136.0,M,18,Paul Ricard,AlphaTauri
14,65,GAS,15,0,6,6,6,0,55,38.9,27.4,0.0,1.0,49.2,960.7,138.0,M,19,Paul Ricard,AlphaTauri
15,65,GAS,16,0,6,6,6,0,56,38.6,27.1,0.0,1.2,50.6,960.7,121.0,M,20,Paul Ricard,AlphaTauri
16,65,GAS,17,0,6,15,6,0,56,38.6,27.0,0.0,1.2,50.6,960.7,121.0,M,21,Paul Ricard,AlphaTauri
17,65,GAS,18,0,15,14,6,0,57,38.3,27.0,0.0,1.4,49.4,960.7,121.0,H,0,Paul Ricard,AlphaTauri
18,65,GAS,19,0,14,14,6,0,57,38.3,26.9,0.0,1.4,49.5,960.8,118.0,H,1,Paul Ricard,AlphaTauri
19,65,GAS,20,0,14,14,6,0,57,38.5,26.7,0.0,1.4,51.2,960.7,99.0,H,2,Paul Ricard,AlphaTauri
20,65,GAS,21,0,14,14,6,0,57,38.4,26.4,0.0,1.3,51.6,960.8,120.0,H,3,Paul Ricard,AlphaTauri
21,65,GAS,22,0,14,14,6,0,57,38.4,26.4,0.0,1.3,51.6,960.8,120.0,H,4,Paul Ricard,AlphaTauri
22,65,GAS,23,0,14,13,6,0,56,37.0,26.2,0.0,1.8,54.7,960.8,127.0,H,5,Paul Ricard,AlphaTauri
23,65,GAS,24,0,13,12,6,0,56,37.0,26.2,0.0,1.8,54.7,960.8,127.0,H,6,Paul Ricard,AlphaTauri
24,65,GAS,25,0,12,12,6,0,56,35.6,25.8,0.0,1.8,56.9,960.8,124.0,H,7,Paul Ricard,AlphaTauri
25,65,GAS,26,0,12,11,6,0,56,35.7,25.4,0.0,1.2,57.6,960.7,102.0,H,8,Paul Ricard,AlphaTauri
26,65,GAS,27,0,11,10,6,0,55,35.9,25.4,0.0,1.2,58.9,960.9,105.0,H,9,Paul Ricard,AlphaTauri
27,65,GAS,28,0,10,10,6,0,55,36.3,25.4,0.0,1.4,58.5,961.0,117.0,H,10,Paul Ricard,AlphaTauri
28,65,GAS,29,0,10,11,6,0,55,35.6,25.2,0.0,1.1,59.3,961.1,117.0,H,11,Paul Ricard,AlphaTauri
29,65,GAS,30,0,11,10,6,0,55,35.3,25.0,0.0,1.6,59.4,961.0,135.0,H,12,Paul Ricard,AlphaTauri
30,65,GAS,31,0,10,10,6,0,55,34.7,24.9,0.0,1.3,60.5,961.0,125.0,H,13,Paul Ricard,AlphaTauri
31,65,GAS,32,0,10,10,6,0,55,34.9,25.0,0.0,1.2,60.4,960.9,114.0,H,14,Paul Ricard,AlphaTauri
32,65,GAS,33,0,10,10,6,0,55,35.0,24.9,0.0,1.4,60.3,961.1,122.0,H,15,Paul Ricard,AlphaTauri
33,65,GAS,34,0,10,9,6,0,54,34.7,25.0,0.0,1.5,60.0,961.1,104.0,H,16,Paul Ricard,AlphaTauri
34,65,GAS,35,0,9,9,6,0,54,34.7,25.0,0.0,1.4,60.3,961.1,107.0,H,17,Paul Ricard,AlphaTauri
35,65,GAS,36,0,9,8,6,0,54,34.5,25.0,0.0,1.5,60.7,961.0,107.0,H,18,Paul Ricard,AlphaTauri
36,65,GAS,37,0,8,7,6,0,55,34.4,25.0,0.0,1.1,61.5,961.0,124.0,H,19,Paul Ricard,AlphaTauri
37,65,GAS,38,0,7,7,6,0,55,34.6,25.0,0.0,1.3,62.4,961.1,111.0,H,20,Paul Ricard,AlphaTauri
38,65,GAS,39,0,7,7,6,0,55,34.7,24.9,0.0,1.4,64.0,961.0,119.0,H,21,Paul Ricard,AlphaTauri
39,65,GAS,40,0,7,7,6,0,55,34.4,24.6,0.0,1.3,64.8,961.2,113.0,H,22,Paul Ricard,AlphaTauri
40,65,GAS,41,0,7,7,6,0,56,34.0,24.4,0.0,1.1,65.1,961.2,125.0,H,23,Paul Ricard,AlphaTauri
41,65,GAS,42,0,7,7,6,0,56,33.4,24.2,0.0,1.3,65.5,961.1,135.0,H,24,Paul Ricard,AlphaTauri
42,65,GAS,43,0,7,7,6,0,56,33.4,24.1,0.0,1.3,65.5,960.9,93.0,H,25,Paul Ricard,AlphaTauri
43,65,GAS,44,0,7,7,6,0,56,33.4,24.1,0.0,1.3,65.4,960.8,106.0,H,26,Paul Ricard,AlphaTauri
44,65,GAS,45,0,7,7,6,0,56,33.6,24.1,0.0,1.2,65.8,961.2,119.0,H,27,Paul Ricard,AlphaTauri
45,65,GAS,46,0,7,7,6,0,56,33.2,24.1,0.0,1.3,66.3,961.1,105.0,H,28,Paul Ricard,AlphaTauri
46,65,GAS,47,0,7,7,6,0,56,33.1,24.2,0.0,1.2,67.7,960.9,102.0,H,29,Paul Ricard,AlphaTauri
47,65,GAS,48,0,7,7,6,0,56,33.1,24.2,0.0,1.1,67.5,961.2,118.0,H,30,Paul Ricard,AlphaTauri
48,65,GAS,49,0,7,7,6,0,56,33.7,24.2,0.0,1.4,66.4,961.0,129.0,H,31,Paul Ricard,AlphaTauri
49,65,GAS,50,0,7,7,6,0,56,33.7,24.1,0.0,1.5,65.9,961.0,127.0,H,32,Paul Ricard,AlphaTauri
50,65,GAS,51,0,7,7,6,0,56,33.7,24.1,0.0,1.5,66.2,961.0,126.0,H,33,Paul Ricard,AlphaTauri
51,65,GAS,52,0,7,7,6,0,56,33.5,24.1,0.0,1.1,67.6,960.9,122.0,H,34,Paul Ricard,AlphaTauri
52,65,GAS,53,0,7,7,6,0,56,33.8,24.2,0.0,1.1,67.6,961.1,116.0,H,35,Paul Ricard,AlphaTauri
0,65,LEC,1,0,7,7,7,0,51,38.0,26.0,0.0,1.1,56.2,959.9,133.0,M,3,Paul Ricard,Ferrari
1,65,LEC,2,0,7,7,7,0,56,38.0,26.1,0.0,1.4,55.0,959.9,132.0,M,4,Paul Ricard,Ferrari
2,65,LEC,3,0,7,7,7,0,57,37.5,26.1,0.0,1.4,57.1,960.1,111.0,M,5,Paul Ricard,Ferrari
3,65,LEC,4,0,7,7,7,0,59,37.5,26.0,0.0,1.3,56.7,960.1,111.0,M,6,Paul Ricard,Ferrari
4,65,LEC,5,0,7,7,7,0,61,37.2,26.0,0.0,1.4,56.2,960.3,120.0,M,7,Paul Ricard,Ferrari
5,65,LEC,6,0,7,7,7,0,61,37.6,26.1,0.0,1.2,54.0,960.3,109.0,M,8,Paul Ricard,Ferrari
6,65,LEC,7,0,7,7,7,0,61,37.3,26.3,0.0,1.1,54.8,960.4,117.0,M,9,Paul Ricard,Ferrari
7,65,LEC,8,0,7,7,7,0,61,38.0,26.7,0.0,1.1,52.1,960.3,106.0,M,10,Paul Ricard,Ferrari
8,65,LEC,9,0,7,7,7,0,61,37.5,26.7,0.0,1.4,52.5,960.5,114.0,M,11,Paul Ricard,Ferrari
9,65,LEC,10,0,7,7,7,0,62,37.5,26.7,0.0,1.3,52.6,960.6,127.0,M,12,Paul Ricard,Ferrari
10,65,LEC,11,0,7,7,7,0,61,37.9,26.8,0.0,1.3,52.9,960.6,123.0,M,13,Paul Ricard,Ferrari
11,65,LEC,12,0,7,7,7,0,60,38.9,27.4,0.0,1.0,49.2,960.7,138.0,M,14,Paul Ricard,Ferrari
12,65,LEC,13,0,7,7,7,0,60,38.9,27.0,0.0,1.2,49.6,960.6,137.0,M,15,Paul Ricard,Ferrari
13,65,LEC,14,0,7,18,7,0,60,38.3,27.0,0.0,1.4,49.4,960.7,121.0,M,16,Paul Ricard,Ferrari
14,65,LEC,15,0,18,17,7,0,62,38.3,26.9,0.0,1.4,49.5,960.8,118.0,H,0,Paul Ricard,Ferrari
15,65,LEC,16,0,17,17,7,0,62,38.3,26.9,0.0,1.4,49.5,960.8,118.0,H,1,Paul Ricard,Ferrari
16,65,LEC,17,0,17,14,7,0,63,38.5,26.8,0.0,1.5,50.2,960.7,134.0,H,2,Paul Ricard,Ferrari
17,65,LEC,18,0,14,11,7,0,62,38.5,26.8,0.0,1.5,50.2,960.7,134.0,H,3,Paul Ricard,Ferrari
18,65,LEC,19,0,11,11,7,0,62,38.5,26.7,0.0,1.4,51.2,960.7,99.0,H,4,Paul Ricard,Ferrari
19,65,LEC,20,0,11,11,7,0,62,38.4,26.4,0.0,1.3,51.6,960.8,120.0,H,5,Paul Ricard,Ferrari
20,65,LEC,21,0,11,11,7,0,62,37.7,26.2,0.0,1.4,52.5,960.8,118.0,H,6,Paul Ricard,Ferrari
21,65,LEC,22,0,11,10,7,0,62,37.0,26.2,0.0,1.8,54.7,960.8,127.0,H,7,Paul Ricard,Ferrari
22,65,LEC,23,0,10,10,7,0,62,37.0,26.2,0.0,1.8,54.7,960.8,127.0,H,8,Paul Ricard,Ferrari
23,65,LEC,24,0,10,8,7,0,62,35.6,25.8,0.0,1.8,56.9,960.8,124.0,H,9,Paul Ricard,Ferrari
24,65,LEC,25,0,8,8,7,0,62,35.6,25.8,0.0,1.8,56.9,960.8,124.0,H,10,Paul Ricard,Ferrari
25,65,LEC,26,0,8,7,7,0,61,35.6,25.4,0.0,1.1,58.0,960.9,127.0,H,11,Paul Ricard,Ferrari
26,65,LEC,27,0,7,7,7,0,61,35.7,25.4,0.0,1.2,57.6,960.7,102.0,H,12,Paul Ricard,Ferrari
27,65,LEC,28,0,7,8,7,0,61,35.9,25.4,0.0,1.2,58.9,960.9,105.0,H,13,Paul Ricard,Ferrari
28,65,LEC,29,0,8,10,7,0,60,36.4,25.3,0.0,1.3,58.5,961.1,119.0,H,14,Paul Ricard,Ferrari
29,65,LEC,30,0,10,11,7,0,60,34.7,24.9,0.0,1.3,60.5,961.0,125.0,H,15,Paul Ricard,Ferrari
30,65,LEC,31,0,11,12,7,0,60,34.9,25.0,0.0,1.2,60.4,960.9,114.0,H,16,Paul Ricard,Ferrari
31,65,LEC,32,0,12,12,7,0,59,35.0,24.9,0.0,1.4,60.3,961.1,122.0,H,17,Paul Ricard,Ferrari
32,65,LEC,33,0,12,12,7,0,59,34.7,25.0,0.0,1.5,60.0,961.1,104.0,H,18,Paul Ricard,Ferrari
33,65,LEC,34,0,12,11,7,0,60,34.5,25.0,0.0,1.5,60.7,961.0,107.0,H,19,Paul Ricard,Ferrari
34,65,LEC,35,0,11,11,7,0,60,34.4,25.0,0.0,1.1,61.5,961.0,124.0,H,20,Paul Ricard,Ferrari
35,65,LEC,36,0,11,11,7,0,60,34.7,25.1,0.0,1.2,61.6,961.1,110.0,H,21,Paul Ricard,Ferrari
36,65,LEC,37,0,11,10,7,0,61,34.9,25.1,0.0,1.3,61.3,961.2,103.0,H,22,Paul Ricard,Ferrari
37,65,LEC,38,0,10,16,7,0,61,34.9,25.0,0.0,1.3,61.8,961.0,132.0,H,23,Paul Ricard,Ferrari
38,65,LEC,39,0,16,16,7,0,61,34.6,25.0,0.0,1.3,62.8,961.0,96.0,M,3,Paul Ricard,Ferrari
39,65,LEC,40,0,16,16,7,0,61,34.7,24.9,0.0,1.4,64.0,961.0,119.0,M,4,Paul Ricard,Ferrari
40,65,LEC,41,0,16,16,7,0,61,34.9,24.7,0.0,1.2,64.6,961.1,115.0,M,5,Paul Ricard,Ferrari
41,65,LEC,42,0,16,16,7,0,61,34.0,24.4,0.0,1.2,65.0,961.0,101.0,M,6,Paul Ricard,Ferrari
42,65,LEC,43,0,16,16,7,0,61,33.4,24.2,0.0,1.3,65.5,961.1,135.0,M,7,Paul Ricard,Ferrari
43,65,LEC,44,0,16,16,7,0,62,33.6,24.1,0.0,1.2,65.8,961.2,119.0,M,8,Paul Ricard,Ferrari
44,65,LEC,45,0,16,16,7,0,62,33.2,24.1,0.0,1.3,66.3,961.1,105.0,M,9,Paul Ricard,Ferrari
45,65,LEC,46,0,16,16,7,0,62,33.1,24.1,0.0,1.5,67.7,960.9,133.0,M,10,Paul Ricard,Ferrari
46,65,LEC,47,0,16,16,7,0,62,33.1,24.2,0.0,1.2,67.7,960.9,102.0,M,11,Paul Ricard,Ferrari
47,65,LEC,48,0,16,16,7,0,62,33.5,24.2,0.0,1.3,66.9,960.9,119.0,M,12,Paul Ricard,Ferrari
48,65,LEC,49,0,16,16,7,0,62,33.7,24.1,0.0,1.5,65.9,961.0,127.0,M,13,Paul Ricard,Ferrari
49,65,LEC,50,0,16,16,7,0,61,33.5,24.2,0.0,1.0,66.6,960.9,99.0,M,14,Paul Ricard,Ferrari
50,65,LEC,51,0,16,16,7,0,61,33.5,24.1,0.0,1.1,67.6,960.9,122.0,M,15,Paul Ricard,Ferrari
51,65,LEC,52,0,16,16,7,0,61,33.8,24.2,0.0,1.1,67.6,961.1,116.0,M,16,Paul Ricard,Ferrari
0,65,NOR,1,0,10,10,10,0,42,37.7,25.8,0.0,1.0,56.9,960.1,129.0,M,5,Paul Ricard,McLaren
1,65,NOR,2,0,10,10,10,0,43,37.5,25.8,0.0,1.0,56.3,960.0,117.0,M,6,Paul Ricard,McLaren
2,65,NOR,3,0,10,10,10,0,43,38.0,26.1,0.0,1.4,55.0,959.9,132.0,M,7,Paul Ricard,McLaren
3,65,NOR,4,0,10,10,10,0,44,37.5,26.0,0.0,1.3,56.7,960.1,111.0,M,8,Paul Ricard,McLaren
4,65,NOR,5,0,10,10,10,0,45,37.2,26.0,0.0,1.4,56.2,960.3,120.0,M,9,Paul Ricard,McLaren
5,65,NOR,6,0,10,10,10,0,45,37.2,26.0,0.0,1.4,56.2,960.3,120.0,M,10,Paul Ricard,McLaren
6,65,NOR,7,0,10,10,10,0,45,37.4,26.1,0.0,1.3,55.4,960.2,122.0,M,11,Paul Ricard,McLaren
7,65,NOR,8,0,10,10,10,0,46,37.6,26.1,0.0,1.2,54.0,960.3,109.0,M,12,Paul Ricard,McLaren
8,65,NOR,9,0,10,10,10,0,46,37.8,26.5,0.0,1.4,53.9,960.3,112.0,M,13,Paul Ricard,McLaren
9,65,NOR,10,0,10,10,10,0,45,37.8,26.5,0.0,1.4,53.9,960.3,112.0,M,14,Paul Ricard,McLaren
10,65,NOR,11,0,10,9,10,0,45,37.5,26.7,0.0,1.4,52.5,960.5,114.0,M,15,Paul Ricard,McLaren
11,65,NOR,12,0,9,9,10,0,44,37.9,26.8,0.0,1.3,52.9,960.6,123.0,M,16,Paul Ricard,McLaren
12,65,NOR,13,0,9,9,10,0,44,37.9,26.8,0.0,1.3,52.9,960.6,123.0,M,17,Paul Ricard,McLaren
13,65,NOR,14,0,9,8,10,0,43,38.9,27.1,0.0,1.3,51.1,960.7,136.0,M,18,Paul Ricard,McLaren
14,65,NOR,15,0,8,8,10,0,43,38.9,27.4,0.0,1.0,49.2,960.7,138.0,M,19,Paul Ricard,McLaren
15,65,NOR,16,0,8,7,10,0,43,38.9,27.4,0.0,1.0,49.2,960.7,138.0,M,20,Paul Ricard,McLaren
16,65,NOR,17,0,7,5,10,0,43,38.3,27.0,0.0,1.4,49.4,960.7,121.0,M,21,Paul Ricard,McLaren
17,65,NOR,18,0,5,5,10,0,43,38.3,26.9,0.0,1.4,49.5,960.8,118.0,M,22,Paul Ricard,McLaren
18,65,NOR,19,0,5,5,10,0,43,38.5,26.8,0.0,1.5,50.2,960.7,134.0,M,23,Paul Ricard,McLaren
19,65,NOR,20,0,5,5,10,0,44,38.5,26.7,0.0,1.4,51.2,960.7,99.0,M,24,Paul Ricard,McLaren
20,65,NOR,21,0,5,5,10,0,44,38.4,26.4,0.0,1.3,51.6,960.8,120.0,M,25,Paul Ricard,McLaren
21,65,NOR,22,0,5,5,10,0,45,37.2,26.2,0.0,1.7,53.1,960.9,102.0,M,26,Paul Ricard,McLaren
22,65,NOR,23,0,5,5,10,0,45,37.0,26.2,0.0,1.8,54.7,960.8,127.0,M,27,Paul Ricard,McLaren
23,65,NOR,24,0,5,13,10,0,46,37.0,26.2,0.0,1.8,54.7,960.8,127.0,M,28,Paul Ricard,McLaren
24,65,NOR,25,0,13,14,10,0,46,35.6,25.8,0.0,1.8,56.9,960.8,124.0,H,0,Paul Ricard,McLaren
25,65,NOR,26,0,14,13,10,0,46,35.7,25.4,0.0,1.2,57.6,960.7,102.0,H,1,Paul Ricard,McLaren
26,65,NOR,27,0,13,11,10,0,46,35.5,25.4,0.0,1.4,58.5,960.8,116.0,H,2,Paul Ricard,McLaren
27,65,NOR,28,0,11,11,10,0,46,35.9,25.4,0.0,1.2,58.9,960.9,105.0,H,3,Paul Ricard,McLaren
28,65,NOR,29,0,11,9,10,0,47,36.3,25.4,0.0,1.4,58.5,961.0,117.0,H,4,Paul Ricard,McLaren
29,65,NOR,30,0,9,9,10,0,47,36.5,25.3,0.0,1.3,58.4,961.1,113.0,H,5,Paul Ricard,McLaren
30,65,NOR,31,0,9,8,10,0,47,36.4,25.3,0.0,1.3,58.5,961.1,119.0,H,6,Paul Ricard,McLaren
31,65,NOR,32,0,8,8,10,0,47,35.6,25.2,0.0,1.1,59.3,961.1,117.0,H,7,Paul Ricard,McLaren
32,65,NOR,33,0,8,7,10,0,47,34.9,25.0,0.0,1.2,60.4,960.9,114.0,H,8,Paul Ricard,McLaren
33,65,NOR,34,0,7,6,10,0,46,34.9,24.9,0.0,1.3,60.3,961.2,118.0,H,9,Paul Ricard,McLaren
34,65,NOR,35,0,6,6,10,0,46,34.7,25.0,0.0,1.4,60.3,961.1,107.0,H,10,Paul Ricard,McLaren
35,65,NOR,36,0,6,6,10,0,46,34.5,25.0,0.0,1.5,60.7,961.0,107.0,H,11,Paul Ricard,McLaren
36,65,NOR,37,0,6,5,10,0,46,34.4,25.0,0.0,1.1,61.5,961.0,124.0,H,12,Paul Ricard,McLaren
37,65,NOR,38,0,5,5,10,0,46,34.7,25.1,0.0,1.2,61.6,961.1,110.0,H,13,Paul Ricard,McLaren
38,65,NOR,39,0,5,5,10,0,46,34.6,25.0,0.0,1.3,62.8,961.0,96.0,H,14,Paul Ricard,McLaren
39,65,NOR,40,0,5,5,10,0,46,34.7,24.9,0.0,1.4,64.0,961.0,119.0,H,15,Paul Ricard,McLaren
40,65,NOR,41,0,5,5,10,0,46,34.9,24.7,0.0,1.2,64.6,961.1,115.0,H,16,Paul Ricard,McLaren
41,65,NOR,42,0,5,5,10,0,46,34.4,24.6,0.0,1.3,64.8,961.2,113.0,H,17,Paul Ricard,McLaren
42,65,NOR,43,0,5,5,10,0,46,33.7,24.3,0.0,1.2,65.5,961.0,106.0,H,18,Paul Ricard,McLaren
43,65,NOR,44,0,5,5,10,0,46,33.4,24.1,0.0,1.3,65.5,960.9,93.0,H,19,Paul Ricard,McLaren
44,65,NOR,45,0,5,5,10,0,46,33.2,24.2,0.0,1.5,67.2,961.0,116.0,H,20,Paul Ricard,McLaren
45,65,NOR,46,0,5,5,10,0,46,33.1,24.2,0.0,1.2,67.7,960.9,102.0,H,21,Paul Ricard,McLaren
46,65,NOR,47,0,5,5,10,0,46,33.1,24.2,0.0,1.1,67.5,961.2,118.0,H,22,Paul Ricard,McLaren
47,65,NOR,48,0,5,5,10,0,46,33.7,24.2,0.0,1.4,66.4,961.0,129.0,H,23,Paul Ricard,McLaren
48,65,NOR,49,0,5,5,10,0,46,33.7,24.1,0.0,1.5,66.2,961.0,126.0,H,24,Paul Ricard,McLaren
49,65,NOR,50,0,5,5,10,0,46,33.5,24.2,0.0,1.0,66.6,960.9,99.0,H,25,Paul Ricard,McLaren
50,65,NOR,51,0,5,5,10,0,46,33.5,24.1,0.0,1.1,67.6,960.9,122.0,H,26,Paul Ricard,McLaren
51,65,NOR,52,0,5,5,10,0,46,33.8,24.2,0.0,1.1,67.6,961.1,116.0,H,27,Paul Ricard,McLaren
52,65,NOR,53,0,5,5,10,0,46,33.8,24.1,0.0,1.1,68.0,961.0,120.0,H,28,Paul Ricard,McLaren
0,65,ALO,1,0,8,8,8,0,46,38.0,26.0,0.0,1.1,56.2,959.9,133.0,M,3,Paul Ricard,Alpine
1,65,ALO,2,0,8,8,8,0,49,38.0,26.1,0.0,1.4,55.0,959.9,132.0,M,4,Paul Ricard,Alpine
2,65,ALO,3,0,8,8,8,0,51,37.5,26.0,0.0,1.3,56.7,960.1,111.0,M,5,Paul Ricard,Alpine
3,65,ALO,4,0,8,8,8,0,52,37.4,26.0,0.0,1.3,56.5,960.2,107.0,M,6,Paul Ricard,Alpine
4,65,ALO,5,0,8,8,8,0,52,37.2,26.0,0.0,1.4,56.2,960.3,120.0,M,7,Paul Ricard,Alpine
5,65,ALO,6,0,8,8,8,0,53,37.3,26.3,0.0,1.1,54.8,960.4,117.0,M,8,Paul Ricard,Alpine
6,65,ALO,7,0,8,8,8,0,53,37.8,26.5,0.0,1.4,53.9,960.3,112.0,M,9,Paul Ricard,Alpine
7,65,ALO,8,0,8,8,8,0,53,38.0,26.7,0.0,1.1,52.1,960.3,106.0,M,10,Paul Ricard,Alpine
8,65,ALO,9,0,8,8,8,0,54,37.5,26.7,0.0,1.3,52.6,960.6,127.0,M,11,Paul Ricard,Alpine
9,65,ALO,10,0,8,8,8,0,54,37.3,26.7,0.0,1.2,51.9,960.5,126.0,M,12,Paul Ricard,Alpine
10,65,ALO,11,0,8,10,8,0,54,37.9,26.8,0.0,1.3,52.9,960.6,123.0,M,13,Paul Ricard,Alpine
11,65,ALO,12,0,10,10,8,0,54,37.9,26.8,0.0,1.3,52.9,960.6,123.0,M,14,Paul Ricard,Alpine
12,65,ALO,13,0,10,11,8,0,53,38.9,27.1,0.0,1.3,51.1,960.7,136.0,M,15,Paul Ricard,Alpine
13,65,ALO,14,0,11,10,8,0,53,38.9,27.4,0.0,1.0,49.2,960.7,138.0,M,16,Paul Ricard,Alpine
14,65,ALO,15,0,10,10,8,0,53,38.6,27.0,0.0,1.2,50.6,960.7,121.0,M,17,Paul Ricard,Alpine
15,65,ALO,16,0,10,9,8,0,54,38.9,27.0,0.0,1.2,49.6,960.6,137.0,M,18,Paul Ricard,Alpine
16,65,ALO,17,0,9,7,8,0,54,38.3,27.0,0.0,1.4,49.4,960.7,121.0,M,19,Paul Ricard,Alpine
17,65,ALO,18,0,7,15,8,0,54,38.3,26.9,0.0,1.4,49.5,960.8,118.0,M,20,Paul Ricard,Alpine
18,65,ALO,19,0,15,15,8,0,56,38.5,26.8,0.0,1.5,50.2,960.7,134.0,H,0,Paul Ricard,Alpine
19,65,ALO,20,0,15,15,8,0,55,38.5,26.7,0.0,1.4,51.2,960.7,99.0,H,1,Paul Ricard,Alpine
20,65,ALO,21,0,15,15,8,0,55,38.4,26.4,0.0,1.3,51.6,960.8,120.0,H,2,Paul Ricard,Alpine
21,65,ALO,22,0,15,15,8,0,55,37.2,26.2,0.0,1.7,53.1,960.9,102.0,H,3,Paul Ricard,Alpine
22,65,ALO,23,0,15,15,8,0,55,37.0,26.2,0.0,1.8,54.7,960.8,127.0,H,4,Paul Ricard,Alpine
23,65,ALO,24,0,15,15,8,0,55,35.6,25.8,0.0,1.8,56.9,960.8,124.0,H,5,Paul Ricard,Alpine
24,65,ALO,25,0,15,15,8,0,55,35.7,25.4,0.0,1.2,57.6,960.7,102.0,H,6,Paul Ricard,Alpine
25,65,ALO,26,0,15,15,8,0,55,35.5,25.4,0.0,1.4,58.5,960.8,116.0,H,7,Paul Ricard,Alpine
26,65,ALO,27,0,15,14,8,0,55,36.4,25.3,0.0,1.3,58.5,961.1,119.0,H,8,Paul Ricard,Alpine
27,65,ALO,28,0,14,12,8,0,55,35.6,25.2,0.0,1.1,59.3,961.1,117.0,H,9,Paul Ricard,Alpine
28,65,ALO,29,0,12,12,8,0,55,35.3,25.0,0.0,1.6,59.4,961.0,135.0,H,10,Paul Ricard,Alpine
29,65,ALO,30,0,12,12,8,0,55,34.7,24.9,0.0,1.3,60.5,961.0,125.0,H,11,Paul Ricard,Alpine
30,65,ALO,31,0,12,11,8,0,55,34.9,25.0,0.0,1.2,60.4,960.9,114.0,H,12,Paul Ricard,Alpine
31,65,ALO,32,0,11,11,8,0,55,35.0,24.9,0.0,1.4,60.3,961.1,122.0,H,13,Paul Ricard,Alpine
32,65,ALO,33,0,11,11,8,0,55,34.9,24.9,0.0,1.3,60.3,961.2,118.0,H,14,Paul Ricard,Alpine
33,65,ALO,34,0,11,10,8,0,55,34.5,25.0,0.0,1.5,60.7,961.0,107.0,H,15,Paul Ricard,Alpine
34,65,ALO,35,0,10,10,8,0,55,34.4,25.0,0.0,1.1,61.5,961.0,124.0,H,16,Paul Ricard,Alpine
35,65,ALO,36,0,10,10,8,0,55,34.9,25.1,0.0,1.3,61.3,961.2,103.0,H,17,Paul Ricard,Alpine
36,65,ALO,37,0,10,8,8,0,55,34.9,25.0,0.0,1.3,61.8,961.0,132.0,H,18,Paul Ricard,Alpine
37,65,ALO,38,0,8,8,8,0,55,34.6,25.0,0.0,1.3,62.4,961.1,111.0,H,19,Paul Ricard,Alpine
38,65,ALO,39,0,8,8,8,0,55,34.6,25.0,0.0,1.3,62.8,961.0,96.0,H,20,Paul Ricard,Alpine
39,65,ALO,40,0,8,8,8,0,55,34.9,24.7,0.0,1.2,64.6,961.1,115.0,H,21,Paul Ricard,Alpine
40,65,ALO,41,0,8,8,8,0,55,34.2,24.5,0.0,1.2,64.7,961.2,113.0,H,22,Paul Ricard,Alpine
41,65,ALO,42,0,8,8,8,0,55,34.0,24.4,0.0,1.2,65.0,961.0,101.0,H,23,Paul Ricard,Alpine
42,65,ALO,43,0,8,8,8,0,56,33.7,24.3,0.0,1.2,65.5,961.0,106.0,H,24,Paul Ricard,Alpine
43,65,ALO,44,0,8,8,8,0,56,33.4,24.2,0.0,1.3,65.5,961.1,135.0,H,25,Paul Ricard,Alpine
44,65,ALO,45,0,8,8,8,0,56,33.4,24.1,0.0,1.3,65.5,960.9,93.0,H,26,Paul Ricard,Alpine
45,65,ALO,46,0,8,8,8,0,56,33.4,24.1,0.0,1.3,65.4,960.8,106.0,H,27,Paul Ricard,Alpine
46,65,ALO,47,0,8,8,8,0,56,33.6,24.1,0.0,1.2,65.8,961.2,119.0,H,28,Paul Ricard,Alpine
47,65,ALO,48,0,8,8,8,0,56,33.2,24.1,0.0,1.3,66.3,961.1,105.0,H,29,Paul Ricard,Alpine
48,65,ALO,49,0,8,8,8,0,56,33.1,24.1,0.0,1.5,67.7,960.9,133.0,H,30,Paul Ricard,Alpine
49,65,ALO,50,0,8,8,8,0,56,33.1,24.2,0.0,1.2,67.7,960.9,102.0,H,31,Paul Ricard,Alpine
50,65,ALO,51,0,8,8,8,0,56,33.1,24.2,0.0,1.1,67.5,961.2,118.0,H,32,Paul Ricard,Alpine
51,65,ALO,52,0,8,8,8,0,56,33.5,24.2,0.0,1.3,66.9,960.9,119.0,H,33,Paul Ricard,Alpine
52,65,ALO,53,0,8,8,8,0,56,33.5,24.1,0.0,1.1,67.6,960.9,122.0,H,34,Paul Ricard,Alpine
0,65,RIC,1,0,9,9,9,0,49,37.7,25.8,0.0,1.0,56.9,960.1,129.0,M,5,Paul Ricard,McLaren
1,65,RIC,2,0,9,9,9,0,52,38.0,26.1,0.0,1.4,55.0,959.9,132.0,M,6,Paul Ricard,McLaren
2,65,RIC,3,0,9,9,9,0,52,37.5,26.0,0.0,1.3,56.7,960.1,111.0,M,7,Paul Ricard,McLaren
3,65,RIC,4,0,9,9,9,0,52,37.4,26.0,0.0,1.3,56.5,960.2,107.0,M,8,Paul Ricard,McLaren
4,65,RIC,5,0,9,9,9,0,52,37.2,26.0,0.0,1.4,56.2,960.3,120.0,M,9,Paul Ricard,McLaren
5,65,RIC,6,0,9,9,9,0,52,37.4,26.1,0.0,1.3,55.4,960.2,122.0,M,10,Paul Ricard,McLaren
6,65,RIC,7,0,9,9,9,0,51,37.6,26.2,0.0,1.2,54.5,960.2,111.0,M,11,Paul Ricard,McLaren
7,65,RIC,8,0,9,9,9,0,51,37.3,26.3,0.0,1.1,54.8,960.4,117.0,M,12,Paul Ricard,McLaren
8,65,RIC,9,0,9,9,9,0,51,37.8,26.5,0.0,1.4,53.9,960.3,112.0,M,13,Paul Ricard,McLaren
9,65,RIC,10,0,9,9,9,0,50,38.0,26.7,0.0,1.1,52.1,960.3,106.0,M,14,Paul Ricard,McLaren
10,65,RIC,11,0,9,8,9,0,50,37.5,26.7,0.0,1.4,52.5,960.5,114.0,M,15,Paul Ricard,McLaren
11,65,RIC,12,0,8,8,9,0,50,37.5,26.7,0.0,1.3,52.6,960.6,127.0,M,16,Paul Ricard,McLaren
12,65,RIC,13,0,8,8,9,0,50,37.3,26.7,0.0,1.2,51.9,960.5,126.0,M,17,Paul Ricard,McLaren
13,65,RIC,14,0,8,7,9,0,51,38.9,27.1,0.0,1.3,51.1,960.7,136.0,M,18,Paul Ricard,McLaren
14,65,RIC,15,0,7,7,9,0,51,38.9,27.4,0.0,1.0,49.2,960.7,138.0,M,19,Paul Ricard,McLaren
15,65,RIC,16,0,7,16,9,0,51,38.9,27.4,0.0,1.0,49.2,960.7,138.0,M,20,Paul Ricard,McLaren
16,65,RIC,17,0,16,16,9,0,51,38.6,27.1,0.0,1.2,50.6,960.7,121.0,H,0,Paul Ricard,McLaren
17,65,RIC,18,0,16,12,9,0,52,38.3,27.0,0.0,1.4,49.4,960.7,121.0,H,1,Paul Ricard,McLaren
18,65,RIC,19,0,12,12,9,0,52,38.5,26.8,0.0,1.5,50.2,960.7,134.0,H,2,Paul Ricard,McLaren
19,65,RIC,20,0,12,12,9,0,52,38.5,26.7,0.0,1.4,51.2,960.7,99.0,H,3,Paul Ricard,McLaren
20,65,RIC,21,0,12,12,9,0,52,38.5,26.7,0.0,1.4,51.2,960.7,99.0,H,4,Paul Ricard,McLaren
21,65,RIC,22,0,12,12,9,0,52,38.4,26.4,0.0,1.3,51.6,960.8,120.0,H,5,Paul Ricard,McLaren
22,65,RIC,23,0,12,11,9,0,52,37.2,26.2,0.0,1.7,53.1,960.9,102.0,H,6,Paul Ricard,McLaren
23,65,RIC,24,0,11,10,9,0,52,37.0,26.2,0.0,1.8,54.7,960.8,127.0,H,7,Paul Ricard,McLaren
24,65,RIC,25,0,10,9,9,0,52,37.0,26.2,0.0,1.8,54.7,960.8,127.0,H,8,Paul Ricard,McLaren
25,65,RIC,26,0,9,9,9,0,52,35.6,25.8,0.0,1.8,56.9,960.8,124.0,H,9,Paul Ricard,McLaren
26,65,RIC,27,0,9,8,9,0,52,35.6,25.8,0.0,1.8,56.9,960.8,124.0,H,10,Paul Ricard,McLaren
27,65,RIC,28,0,8,7,9,0,52,35.7,25.4,0.0,1.2,57.6,960.7,102.0,H,11,Paul Ricard,McLaren
28,65,RIC,29,0,7,7,9,0,52,35.5,25.4,0.0,1.4,58.5,960.8,116.0,H,12,Paul Ricard,McLaren
29,65,RIC,30,0,7,7,9,0,52,35.9,25.4,0.0,1.2,58.9,960.9,105.0,H,13,Paul Ricard,McLaren
30,65,RIC,31,0,7,7,9,0,52,36.3,25.4,0.0,1.4,58.5,961.0,117.0,H,14,Paul Ricard,McLaren
31,65,RIC,32,0,7,7,9,0,51,36.5,25.3,0.0,1.3,58.4,961.1,113.0,H,15,Paul Ricard,McLaren
32,65,RIC,33,0,7,8,9,0,51,36.4,25.3,0.0,1.3,58.5,961.1,119.0,H,16,Paul Ricard,McLaren
33,65,RIC,34,0,8,7,9,0,51,34.9,25.0,0.0,1.2,60.4,960.9,114.0,H,17,Paul Ricard,McLaren
34,65,RIC,35,0,7,7,9,0,51,35.0,24.9,0.0,1.4,60.3,961.1,122.0,H,18,Paul Ricard,McLaren
35,65,RIC,36,0,7,7,9,0,51,34.9,24.9,0.0,1.3,60.3,961.2,118.0,H,19,Paul Ricard,McLaren
36,65,RIC,37,0,7,6,9,0,51,34.7,25.0,0.0,1.4,60.3,961.1,107.0,H,20,Paul Ricard,McLaren
37,65,RIC,38,0,6,6,9,0,51,34.7,25.1,0.0,1.2,61.6,961.1,110.0,H,21,Paul Ricard,McLaren
38,65,RIC,39,0,6,6,9,0,52,34.9,25.1,0.0,1.3,61.3,961.2,103.0,H,22,Paul Ricard,McLaren
39,65,RIC,40,0,6,6,9,0,52,34.6,25.0,0.0,1.3,62.4,961.1,111.0,H,23,Paul Ricard,McLaren
40,65,RIC,41,0,6,6,9,0,52,34.7,24.9,0.0,1.4,64.0,961.0,119.0,H,24,Paul Ricard,McLaren
41,65,RIC,42,0,6,6,9,0,52,34.9,24.7,0.0,1.2,64.6,961.1,115.0,H,25,Paul Ricard,McLaren
42,65,RIC,43,0,6,6,9,0,52,34.4,24.6,0.0,1.3,64.8,961.2,113.0,H,26,Paul Ricard,McLaren
43,65,RIC,44,0,6,6,9,0,52,33.7,24.3,0.0,1.2,65.5,961.0,106.0,H,27,Paul Ricard,McLaren
44,65,RIC,45,0,6,6,9,0,52,33.4,24.2,0.0,1.3,65.5,961.1,135.0,H,28,Paul Ricard,McLaren
45,65,RIC,46,0,6,6,9,0,53,33.4,24.1,0.0,1.3,65.4,960.8,106.0,H,29,Paul Ricard,McLaren
46,65,RIC,47,0,6,6,9,0,53,33.6,24.1,0.0,1.2,65.8,961.2,119.0,H,30,Paul Ricard,McLaren
47,65,RIC,48,0,6,6,9,0,53,33.2,24.1,0.0,1.3,66.3,961.1,105.0,H,31,Paul Ricard,McLaren
48,65,RIC,49,0,6,6,9,0,53,33.2,24.2,0.0,1.5,67.2,961.0,116.0,H,32,Paul Ricard,McLaren
49,65,RIC,50,0,6,6,9,0,53,33.7,24.2,0.0,1.4,66.4,961.0,129.0,H,33,Paul Ricard,McLaren
50,65,RIC,51,0,6,6,9,0,53,33.7,24.1,0.0,1.5,65.9,961.0,127.0,H,34,Paul Ricard,McLaren
51,65,RIC,52,0,6,6,9,0,53,33.8,24.2,0.0,1.1,67.6,961.1,116.0,H,35,Paul Ricard,McLaren
52,65,RIC,53,0,6,6,9,0,54,33.8,24.1,0.0,1.1,68.0,961.0,120.0,H,36,Paul Ricard,McLaren
0,65,OCO,1,0,11,11,11,0,50,38.0,26.0,0.0,1.1,56.2,959.9,133.0,H,0,Paul Ricard,Alpine
1,65,OCO,2,0,11,12,11,0,50,37.5,26.1,0.0,1.4,57.1,960.1,111.0,H,1,Paul Ricard,Alpine
2,65,OCO,3,0,12,12,11,0,49,37.2,26.0,0.0,1.4,56.2,960.3,120.0,H,2,Paul Ricard,Alpine
3,65,OCO,4,0,12,12,11,0,49,37.2,26.0,0.0,1.4,56.2,960.3,120.0,H,3,Paul Ricard,Alpine
4,65,OCO,5,0,12,12,11,0,49,37.6,26.1,0.0,1.2,54.0,960.3,109.0,H,4,Paul Ricard,Alpine
5,65,OCO,6,0,12,12,11,0,49,37.3,26.3,0.0,1.1,54.8,960.4,117.0,H,5,Paul Ricard,Alpine
6,65,OCO,7,0,12,12,11,0,50,37.8,26.5,0.0,1.4,53.9,960.3,112.0,H,6,Paul Ricard,Alpine
7,65,OCO,8,0,12,12,11,0,50,38.0,26.7,0.0,1.1,52.1,960.3,106.0,H,7,Paul Ricard,Alpine
8,65,OCO,9,0,12,12,11,0,51,37.3,26.7,0.0,1.2,51.9,960.5,126.0,H,8,Paul Ricard,Alpine
9,65,OCO,10,0,12,12,11,0,50,37.9,26.8,0.0,1.3,52.9,960.6,123.0,H,9,Paul Ricard,Alpine
10,65,OCO,11,0,12,12,11,0,50,38.9,27.1,0.0,1.3,51.1,960.7,136.0,H,10,Paul Ricard,Alpine
11,65,OCO,12,0,12,12,11,0,50,38.9,27.1,0.0,1.3,51.1,960.7,136.0,H,11,Paul Ricard,Alpine
12,65,OCO,13,0,12,12,11,0,50,38.9,27.4,0.0,1.0,49.2,960.7,138.0,H,12,Paul Ricard,Alpine
13,65,OCO,14,0,12,11,11,0,50,38.6,27.1,0.0,1.2,50.6,960.7,121.0,H,13,Paul Ricard,Alpine
14,65,OCO,15,0,11,11,11,0,50,38.6,27.0,0.0,1.2,50.6,960.7,121.0,H,14,Paul Ricard,Alpine
15,65,OCO,16,0,11,10,11,0,51,38.9,27.0,0.0,1.2,49.6,960.6,137.0,H,15,Paul Ricard,Alpine
16,65,OCO,17,0,10,8,11,0,51,38.3,27.0,0.0,1.4,49.4,960.7,121.0,H,16,Paul Ricard,Alpine
17,65,OCO,18,0,8,7,11,0,51,38.3,26.9,0.0,1.4,49.5,960.8,118.0,H,17,Paul Ricard,Alpine
18,65,OCO,19,0,7,8,11,0,51,38.5,26.8,0.0,1.5,50.2,960.7,134.0,H,18,Paul Ricard,Alpine
19,65,OCO,20,0,8,8,11,0,51,38.5,26.8,0.0,1.5,50.2,960.7,134.0,H,19,Paul Ricard,Alpine
20,65,OCO,21,0,8,8,11,0,51,38.5,26.7,0.0,1.4,51.2,960.7,99.0,H,20,Paul Ricard,Alpine
21,65,OCO,22,0,8,8,11,0,51,38.4,26.4,0.0,1.3,51.6,960.8,120.0,H,21,Paul Ricard,Alpine
22,65,OCO,23,0,8,8,11,0,51,37.7,26.2,0.0,1.4,52.5,960.8,118.0,H,22,Paul Ricard,Alpine
23,65,OCO,24,0,8,7,11,0,51,37.2,26.2,0.0,1.7,53.1,960.9,102.0,H,23,Paul Ricard,Alpine
24,65,OCO,25,0,7,7,11,0,51,35.6,25.8,0.0,1.8,56.9,960.8,124.0,H,24,Paul Ricard,Alpine
25,65,OCO,26,0,7,8,11,0,51,35.6,25.8,0.0,1.8,56.9,960.8,124.0,H,25,Paul Ricard,Alpine
26,65,OCO,27,0,8,12,11,0,51,35.6,25.4,0.0,1.1,58.0,960.9,127.0,H,26,Paul Ricard,Alpine
27,65,OCO,28,0,12,16,11,0,50,35.6,25.4,0.0,1.3,57.6,960.9,126.0,H,27,Paul Ricard,Alpine
28,65,OCO,29,0,16,17,11,0,51,35.9,25.4,0.0,1.2,58.9,960.9,105.0,M,3,Paul Ricard,Alpine
29,65,OCO,30,0,17,17,11,0,51,36.3,25.4,0.0,1.4,58.5,961.0,117.0,M,4,Paul Ricard,Alpine
30,65,OCO,31,0,17,16,11,0,51,36.4,25.3,0.0,1.3,58.5,961.1,119.0,M,5,Paul Ricard,Alpine
31,65,OCO,32,0,16,16,11,0,51,35.6,25.2,0.0,1.1,59.3,961.1,117.0,M,6,Paul Ricard,Alpine
32,65,OCO,33,0,16,15,11,0,51,35.3,25.0,0.0,1.6,59.4,961.0,135.0,M,7,Paul Ricard,Alpine
33,65,OCO,34,0,15,15,11,0,51,34.7,24.9,0.0,1.3,60.5,961.0,125.0,M,8,Paul Ricard,Alpine
34,65,OCO,35,0,15,15,11,0,52,35.0,24.9,0.0,1.4,60.3,961.1,122.0,M,9,Paul Ricard,Alpine
35,65,OCO,36,0,15,15,11,0,52,34.9,24.9,0.0,1.3,60.3,961.2,118.0,M,10,Paul Ricard,Alpine
36,65,OCO,37,0,15,15,11,0,52,34.7,25.0,0.0,1.5,60.0,961.1,104.0,M,11,Paul Ricard,Alpine
37,65,OCO,38,0,15,14,11,0,52,34.4,25.0,0.0,1.1,61.5,961.0,124.0,M,12,Paul Ricard,Alpine
38,65,OCO,39,0,14,14,11,0,52,34.9,25.1,0.0,1.3,61.3,961.2,103.0,M,13,Paul Ricard,Alpine
39,65,OCO,40,0,14,14,11,0,52,34.9,25.0,0.0,1.3,61.8,961.0,132.0,M,14,Paul Ricard,Alpine
40,65,OCO,41,0,14,14,11,0,53,34.9,24.7,0.0,1.2,64.6,961.1,115.0,M,15,Paul Ricard,Alpine
41,65,OCO,42,0,14,14,11,0,53,34.4,24.6,0.0,1.3,64.8,961.2,113.0,M,16,Paul Ricard,Alpine
42,65,OCO,43,0,14,14,11,0,53,34.0,24.4,0.0,1.1,65.1,961.2,125.0,M,17,Paul Ricard,Alpine
43,65,OCO,44,0,14,14,11,0,53,34.0,24.4,0.0,1.2,65.0,961.0,101.0,M,18,Paul Ricard,Alpine
44,65,OCO,45,0,14,14,11,0,53,33.7,24.3,0.0,1.2,65.5,961.0,106.0,M,19,Paul Ricard,Alpine
45,65,OCO,46,0,14,14,11,0,53,33.4,24.1,0.0,1.3,65.4,960.8,106.0,M,20,Paul Ricard,Alpine
46,65,OCO,47,0,14,14,11,0,53,33.1,24.1,0.0,1.5,67.7,960.9,133.0,M,21,Paul Ricard,Alpine
47,65,OCO,48,0,14,14,11,0,52,33.1,24.2,0.0,1.1,67.5,961.2,118.0,M,22,Paul Ricard,Alpine
48,65,OCO,49,0,14,14,11,0,52,33.7,24.2,0.0,1.4,66.4,961.0,129.0,M,23,Paul Ricard,Alpine
49,65,OCO,50,0,14,14,11,0,52,33.7,24.1,0.0,1.5,65.9,961.0,127.0,M,24,Paul Ricard,Alpine
50,65,OCO,51,0,14,14,11,0,52,33.5,24.2,0.0,1.0,66.6,960.9,99.0,M,25,Paul Ricard,Alpine
51,65,OCO,52,0,14,14,11,0,52,33.5,24.1,0.0,1.1,67.6,960.9,122.0,M,26,Paul Ricard,Alpine
0,65,VET,1,0,12,12,12,0,43,37.7,25.8,0.0,1.0,56.9,960.1,129.0,H,0,Paul Ricard,Aston Martin
1,65,VET,2,0,12,11,12,0,46,37.5,25.8,0.0,1.0,56.3,960.0,117.0,H,1,Paul Ricard,Aston Martin
2,65,VET,3,0,11,11,12,0,47,38.0,26.0,0.0,1.1,56.2,959.9,133.0,H,2,Paul Ricard,Aston Martin
3,65,VET,4,0,11,11,12,0,46,38.0,26.1,0.0,1.4,55.0,959.9,132.0,H,3,Paul Ricard,Aston Martin
4,65,VET,5,0,11,11,12,0,46,37.5,26.1,0.0,1.4,57.1,960.1,111.0,H,4,Paul Ricard,Aston Martin
5,65,VET,6,0,11,11,12,0,46,37.5,26.0,0.0,1.3,56.7,960.1,111.0,H,5,Paul Ricard,Aston Martin
6,65,VET,7,0,11,11,12,0,46,37.4,26.0,0.0,1.3,56.5,960.2,107.0,H,6,Paul Ricard,Aston Martin
7,65,VET,8,0,11,11,12,0,47,37.2,26.0,0.0,1.4,56.2,960.3,120.0,H,7,Paul Ricard,Aston Martin
8,65,VET,9,0,11,11,12,0,47,37.2,26.0,0.0,1.4,56.2,960.3,120.0,H,8,Paul Ricard,Aston Martin
9,65,VET,10,0,11,11,12,0,46,37.6,26.1,0.0,1.2,54.0,960.3,109.0,H,9,Paul Ricard,Aston Martin
10,65,VET,11,0,11,11,12,0,46,37.6,26.2,0.0,1.2,54.5,960.2,111.0,H,10,Paul Ricard,Aston Martin
11,65,VET,12,0,11,11,12,0,45,37.3,26.3,0.0,1.1,54.8,960.4,117.0,H,11,Paul Ricard,Aston Martin
12,65,VET,13,0,11,10,12,0,44,37.7,26.3,0.0,1.2,54.0,960.4,114.0,H,12,Paul Ricard,Aston Martin
13,65,VET,14,0,10,9,12,0,45,37.8,26.5,0.0,1.4,53.9,960.3,112.0,H,13,Paul Ricard,Aston Martin
14,65,VET,15,0,9,9,12,0,45,37.5,26.7,0.0,1.4,52.5,960.5,114.0,H,14,Paul Ricard,Aston Martin
15,65,VET,16,0,9,8,12,0,45,37.5,26.7,0.0,1.3,52.6,960.6,127.0,H,15,Paul Ricard,Aston Martin
16,65,VET,17,0,8,6,12,0,45,37.3,26.7,0.0,1.2,51.9,960.5,126.0,H,16,Paul Ricard,Aston Martin
17,65,VET,18,0,6,6,12,0,45,37.9,26.8,0.0,1.3,52.9,960.6,123.0,H,17,Paul Ricard,Aston Martin
18,65,VET,19,0,6,6,12,0,46,38.9,27.1,0.0,1.3,51.1,960.7,136.0,H,18,Paul Ricard,Aston Martin
19,65,VET,20,0,6,6,12,0,46,38.9,27.1,0.0,1.3,51.1,960.7,136.0,H,19,Paul Ricard,Aston Martin
20,65,VET,21,0,6,6,12,0,46,38.9,27.4,0.0,1.0,49.2,960.7,138.0,H,20,Paul Ricard,Aston Martin
21,65,VET,22,0,6,6,12,0,47,38.6,27.1,0.0,1.2,50.6,960.7,121.0,H,21,Paul Ricard,Aston Martin
22,65,VET,23,0,6,6,12,0,47,38.3,27.0,0.0,1.4,49.4,960.7,121.0,H,22,Paul Ricard,Aston Martin
23,65,VET,24,0,6,5,12,0,47,38.3,26.9,0.0,1.4,49.5,960.8,118.0,H,23,Paul Ricard,Aston Martin
24,65,VET,25,0,5,5,12,0,47,38.3,26.9,0.0,1.4,49.5,960.8,118.0,H,24,Paul Ricard,Aston Martin
25,65,VET,26,0,5,5,12,0,47,38.5,26.8,0.0,1.5,50.2,960.7,134.0,H,25,Paul Ricard,Aston Martin
26,65,VET,27,0,5,5,12,0,48,38.5,26.8,0.0,1.5,50.2,960.7,134.0,H,26,Paul Ricard,Aston Martin
27,65,VET,28,0,5,5,12,0,48,38.5,26.7,0.0,1.4,51.2,960.7,99.0,H,27,Paul Ricard,Aston Martin
28,65,VET,29,0,5,5,12,0,48,38.4,26.4,0.0,1.3,51.6,960.8,120.0,H,28,Paul Ricard,Aston Martin
29,65,VET,30,0,5,5,12,0,48,37.7,26.2,0.0,1.4,52.5,960.8,118.0,H,29,Paul Ricard,Aston Martin
30,65,VET,31,0,5,5,12,0,48,37.0,26.2,0.0,1.8,54.7,960.8,127.0,H,30,Paul Ricard,Aston Martin
31,65,VET,32,0,5,5,12,0,48,35.6,25.4,0.0,1.1,58.0,960.9,127.0,H,31,Paul Ricard,Aston Martin
32,65,VET,33,0,5,5,12,0,48,35.7,25.4,0.0,1.2,57.6,960.7,102.0,H,32,Paul Ricard,Aston Martin
33,65,VET,34,0,5,5,12,0,48,36.5,25.3,0.0,1.3,58.4,961.1,113.0,H,33,Paul Ricard,Aston Martin
34,65,VET,35,0,5,5,12,0,49,36.4,25.3,0.0,1.3,58.5,961.1,119.0,H,34,Paul Ricard,Aston Martin
35,65,VET,36,0,5,5,12,0,49,34.7,24.9,0.0,1.3,60.5,961.0,125.0,H,35,Paul Ricard,Aston Martin
36,65,VET,37,0,5,11,12,0,49,35.0,24.9,0.0,1.4,60.3,961.1,122.0,H,36,Paul Ricard,Aston Martin
37,65,VET,38,0,11,10,12,0,50,34.9,24.9,0.0,1.3,60.3,961.2,118.0,M,3,Paul Ricard,Aston Martin
38,65,VET,39,0,10,10,12,0,50,34.7,25.0,0.0,1.5,60.0,961.1,104.0,M,4,Paul Ricard,Aston Martin
39,65,VET,40,0,10,10,12,0,50,34.4,25.0,0.0,1.1,61.5,961.0,124.0,M,5,Paul Ricard,Aston Martin
40,65,VET,41,0,10,10,12,0,50,34.9,25.1,0.0,1.3,61.3,961.2,103.0,M,6,Paul Ricard,Aston Martin
41,65,VET,42,0,10,10,12,0,50,34.6,25.0,0.0,1.3,62.4,961.1,111.0,M,7,Paul Ricard,Aston Martin
42,65,VET,43,0,10,10,12,0,50,34.4,24.6,0.0,1.3,64.8,961.2,113.0,M,8,Paul Ricard,Aston Martin
43,65,VET,44,0,10,9,12,0,50,34.2,24.5,0.0,1.2,64.7,961.2,113.0,M,9,Paul Ricard,Aston Martin
44,65,VET,45,0,9,9,12,0,50,33.4,24.2,0.0,1.3,65.5,961.1,135.0,M,10,Paul Ricard,Aston Martin
45,65,VET,46,0,9,9,12,0,50,33.4,24.1,0.0,1.3,65.4,960.8,106.0,M,11,Paul Ricard,Aston Martin
46,65,VET,47,0,9,9,12,0,51,33.6,24.1,0.0,1.2,65.8,961.2,119.0,M,12,Paul Ricard,Aston Martin
47,65,VET,48,0,9,9,12,0,51,33.2,24.1,0.0,1.3,66.3,961.1,105.0,M,13,Paul Ricard,Aston Martin
48,65,VET,49,0,9,9,12,0,51,33.2,24.2,0.0,1.5,67.2,961.0,116.0,M,14,Paul Ricard,Aston Martin
49,65,VET,50,0,9,9,12,0,51,33.7,24.1,0.0,1.5,65.9,961.0,127.0,M,15,Paul Ricard,Aston Martin
50,65,VET,51,0,9,9,12,0,51,33.5,24.2,0.0,1.0,66.6,960.9,99.0,M,16,Paul Ricard,Aston Martin
51,65,VET,52,0,9,9,12,0,51,33.8,24.2,0.0,1.1,67.6,961.1,116.0,M,17,Paul Ricard,Aston Martin
52,65,VET,53,0,9,9,12,0,52,33.8,24.1,0.0,1.1,68.0,961.0,120.0,M,18,Paul Ricard,Aston Martin
0,65,GIO,1,0,13,13,13,0,38,37.7,25.8,0.0,1.0,56.9,960.1,129.0,H,0,Paul Ricard,Alfa Romeo Racing
1,65,GIO,2,0,13,13,13,0,44,38.0,26.0,0.0,1.1,56.2,959.9,133.0,H,1,Paul Ricard,Alfa Romeo Racing
2,65,GIO,3,0,13,13,13,0,43,38.0,26.1,0.0,1.4,55.0,959.9,132.0,H,2,Paul Ricard,Alfa Romeo Racing
3,65,GIO,4,0,13,13,13,0,44,38.0,26.1,0.0,1.4,55.0,959.9,132.0,H,3,Paul Ricard,Alfa Romeo Racing
4,65,GIO,5,0,13,13,13,0,44,37.5,26.0,0.0,1.3,56.7,960.1,111.0,H,4,Paul Ricard,Alfa Romeo Racing
5,65,GIO,6,0,13,13,13,0,44,37.2,26.0,0.0,1.4,56.2,960.3,120.0,H,5,Paul Ricard,Alfa Romeo Racing
6,65,GIO,7,0,13,13,13,0,45,37.2,26.0,0.0,1.4,56.2,960.3,120.0,H,6,Paul Ricard,Alfa Romeo Racing
7,65,GIO,8,0,13,13,13,0,45,37.6,26.1,0.0,1.2,54.0,960.3,109.0,H,7,Paul Ricard,Alfa Romeo Racing
8,65,GIO,9,0,13,13,13,0,45,37.3,26.3,0.0,1.1,54.8,960.4,117.0,H,8,Paul Ricard,Alfa Romeo Racing
9,65,GIO,10,0,13,13,13,0,45,37.7,26.3,0.0,1.2,54.0,960.4,114.0,H,9,Paul Ricard,Alfa Romeo Racing
10,65,GIO,11,0,13,13,13,0,45,37.8,26.5,0.0,1.4,53.9,960.3,112.0,H,10,Paul Ricard,Alfa Romeo Racing
11,65,GIO,12,0,13,13,13,0,44,38.0,26.7,0.0,1.1,52.1,960.3,106.0,H,11,Paul Ricard,Alfa Romeo Racing
12,65,GIO,13,0,13,13,13,0,44,37.9,26.8,0.0,1.3,52.9,960.6,123.0,H,12,Paul Ricard,Alfa Romeo Racing
13,65,GIO,14,0,13,13,13,0,44,37.9,26.8,0.0,1.3,52.9,960.6,123.0,H,13,Paul Ricard,Alfa Romeo Racing
14,65,GIO,15,0,13,13,13,0,45,38.9,27.1,0.0,1.3,51.1,960.7,136.0,H,14,Paul Ricard,Alfa Romeo Racing
15,65,GIO,16,0,13,12,13,0,46,38.9,27.4,0.0,1.0,49.2,960.7,138.0,H,15,Paul Ricard,Alfa Romeo Racing
16,65,GIO,17,0,12,10,13,0,46,38.6,27.1,0.0,1.2,50.6,960.7,121.0,H,16,Paul Ricard,Alfa Romeo Racing
17,65,GIO,18,0,10,9,13,0,47,38.6,27.0,0.0,1.2,50.6,960.7,121.0,H,17,Paul Ricard,Alfa Romeo Racing
18,65,GIO,19,0,9,9,13,0,47,38.9,27.0,0.0,1.2,49.6,960.6,137.0,H,18,Paul Ricard,Alfa Romeo Racing
19,65,GIO,20,0,9,9,13,0,48,38.3,27.0,0.0,1.4,49.4,960.7,121.0,H,19,Paul Ricard,Alfa Romeo Racing
20,65,GIO,21,0,9,9,13,0,48,38.5,26.8,0.0,1.5,50.2,960.7,134.0,H,20,Paul Ricard,Alfa Romeo Racing
21,65,GIO,22,0,9,9,13,0,49,38.5,26.7,0.0,1.4,51.2,960.7,99.0,H,21,Paul Ricard,Alfa Romeo Racing
22,65,GIO,23,0,9,9,13,0,49,38.4,26.4,0.0,1.3,51.6,960.8,120.0,H,22,Paul Ricard,Alfa Romeo Racing
23,65,GIO,24,0,9,9,13,0,50,38.4,26.4,0.0,1.3,51.6,960.8,120.0,H,23,Paul Ricard,Alfa Romeo Racing
24,65,GIO,25,0,9,10,13,0,50,37.7,26.2,0.0,1.4,52.5,960.8,118.0,H,24,Paul Ricard,Alfa Romeo Racing
25,65,GIO,26,0,10,12,13,0,50,37.0,26.2,0.0,1.8,54.7,960.8,127.0,H,25,Paul Ricard,Alfa Romeo Racing
26,65,GIO,27,0,12,13,13,0,50,37.0,26.2,0.0,1.8,54.7,960.8,127.0,H,26,Paul Ricard,Alfa Romeo Racing
27,65,GIO,28,0,13,18,13,0,50,35.5,25.4,0.0,1.4,58.5,960.8,116.0,H,27,Paul Ricard,Alfa Romeo Racing
28,65,GIO,29,0,18,18,13,0,51,35.9,25.4,0.0,1.2,58.9,960.9,105.0,M,0,Paul Ricard,Alfa Romeo Racing
29,65,GIO,30,0,18,18,13,0,51,36.3,25.4,0.0,1.4,58.5,961.0,117.0,M,1,Paul Ricard,Alfa Romeo Racing
30,65,GIO,31,0,18,18,13,0,51,36.5,25.3,0.0,1.3,58.4,961.1,113.0,M,2,Paul Ricard,Alfa Romeo Racing
31,65,GIO,32,0,18,17,13,0,51,36.4,25.3,0.0,1.3,58.5,961.1,119.0,M,3,Paul Ricard,Alfa Romeo Racing
32,65,GIO,33,0,17,16,13,0,51,35.3,25.0,0.0,1.6,59.4,961.0,135.0,M,4,Paul Ricard,Alfa Romeo Racing
33,65,GIO,34,0,16,16,13,0,51,34.7,24.9,0.0,1.3,60.5,961.0,125.0,M,5,Paul Ricard,Alfa Romeo Racing
34,65,GIO,35,0,16,16,13,0,52,35.0,24.9,0.0,1.4,60.3,961.1,122.0,M,6,Paul Ricard,Alfa Romeo Racing
35,65,GIO,36,0,16,16,13,0,52,34.4,25.0,0.0,1.1,61.5,961.0,124.0,M,7,Paul Ricard,Alfa Romeo Racing
36,65,GIO,37,0,16,16,13,0,52,34.7,25.1,0.0,1.2,61.6,961.1,110.0,M,8,Paul Ricard,Alfa Romeo Racing
37,65,GIO,38,0,16,15,13,0,53,34.6,25.0,0.0,1.3,62.4,961.1,111.0,M,9,Paul Ricard,Alfa Romeo Racing
38,65,GIO,39,0,15,15,13,0,53,34.6,25.0,0.0,1.3,62.8,961.0,96.0,M,10,Paul Ricard,Alfa Romeo Racing
39,65,GIO,40,0,15,15,13,0,53,34.9,24.7,0.0,1.2,64.6,961.1,115.0,M,11,Paul Ricard,Alfa Romeo Racing
40,65,GIO,41,0,15,15,13,0,53,34.2,24.5,0.0,1.2,64.7,961.2,113.0,M,12,Paul Ricard,Alfa Romeo Racing
41,65,GIO,42,0,15,15,13,0,53,33.7,24.3,0.0,1.2,65.5,961.0,106.0,M,13,Paul Ricard,Alfa Romeo Racing
42,65,GIO,43,0,15,15,13,0,53,33.4,24.2,0.0,1.3,65.5,961.1,135.0,M,14,Paul Ricard,Alfa Romeo Racing
43,65,GIO,44,0,15,15,13,0,53,33.4,24.1,0.0,1.3,65.4,960.8,106.0,M,15,Paul Ricard,Alfa Romeo Racing
44,65,GIO,45,0,15,15,13,0,53,33.6,24.1,0.0,1.2,65.8,961.2,119.0,M,16,Paul Ricard,Alfa Romeo Racing
45,65,GIO,46,0,15,15,13,0,53,33.2,24.2,0.0,1.5,67.2,961.0,116.0,M,17,Paul Ricard,Alfa Romeo Racing
46,65,GIO,47,0,15,15,13,0,53,33.1,24.2,0.0,1.2,67.7,960.9,102.0,M,18,Paul Ricard,Alfa Romeo Racing
47,65,GIO,48,0,15,15,13,0,53,33.5,24.2,0.0,1.3,66.9,960.9,119.0,M,19,Paul Ricard,Alfa Romeo Racing
48,65,GIO,49,0,15,15,13,0,53,33.7,24.2,0.0,1.4,66.4,961.0,129.0,M,20,Paul Ricard,Alfa Romeo Racing
49,65,GIO,50,0,15,15,13,0,53,33.7,24.1,0.0,1.5,65.9,961.0,127.0,M,21,Paul Ricard,Alfa Romeo Racing
50,65,GIO,51,0,15,15,13,0,53,33.7,24.1,0.0,1.5,66.2,961.0,126.0,M,22,Paul Ricard,Alfa Romeo Racing
51,65,GIO,52,0,15,15,13,0,53,33.8,24.2,0.0,1.1,67.6,961.1,116.0,M,23,Paul Ricard,Alfa Romeo Racing
0,65,RUS,1,0,17,17,17,0,49,37.7,25.8,0.0,1.0,56.9,960.1,129.0,M,0,Paul Ricard,Williams
1,65,RUS,2,0,17,18,17,0,48,37.5,25.8,0.0,1.0,56.3,960.0,117.0,M,1,Paul Ricard,Williams
2,65,RUS,3,0,18,18,17,0,46,38.0,26.1,0.0,1.4,55.0,959.9,132.0,M,2,Paul Ricard,Williams
3,65,RUS,4,0,18,18,17,0,45,37.5,26.1,0.0,1.4,57.1,960.1,111.0,M,3,Paul Ricard,Williams
4,65,RUS,5,0,18,18,17,0,44,37.5,26.0,0.0,1.3,56.7,960.1,111.0,M,4,Paul Ricard,Williams
5,65,RUS,6,0,18,18,17,0,40,37.2,26.0,0.0,1.4,56.2,960.3,120.0,M,5,Paul Ricard,Williams
6,65,RUS,7,0,18,18,17,0,39,37.4,26.1,0.0,1.3,55.4,960.2,122.0,M,6,Paul Ricard,Williams
7,65,RUS,8,0,18,18,17,0,39,37.6,26.2,0.0,1.2,54.5,960.2,111.0,M,7,Paul Ricard,Williams
8,65,RUS,9,0,18,18,17,0,38,37.3,26.3,0.0,1.1,54.8,960.4,117.0,M,8,Paul Ricard,Williams
9,65,RUS,10,0,18,18,17,0,37,38.0,26.7,0.0,1.1,52.1,960.3,106.0,M,9,Paul Ricard,Williams
10,65,RUS,11,0,18,18,17,0,36,37.5,26.7,0.0,1.4,52.5,960.5,114.0,M,10,Paul Ricard,Williams
11,65,RUS,12,0,18,18,17,0,34,37.5,26.7,0.0,1.3,52.6,960.6,127.0,M,11,Paul Ricard,Williams
12,65,RUS,13,0,18,17,17,0,34,37.3,26.7,0.0,1.2,51.9,960.5,126.0,M,12,Paul Ricard,Williams
13,65,RUS,14,0,17,16,17,0,34,37.9,26.8,0.0,1.3,52.9,960.6,123.0,M,13,Paul Ricard,Williams
14,65,RUS,15,0,16,15,17,0,33,38.9,27.1,0.0,1.3,51.1,960.7,136.0,M,14,Paul Ricard,Williams
15,65,RUS,16,0,15,14,17,0,33,38.9,27.1,0.0,1.3,51.1,960.7,136.0,M,15,Paul Ricard,Williams
16,65,RUS,17,0,14,19,17,0,34,38.9,27.0,0.0,1.2,49.6,960.6,137.0,M,16,Paul Ricard,Williams
17,65,RUS,18,0,19,18,17,0,35,38.3,27.0,0.0,1.4,49.4,960.7,121.0,H,0,Paul Ricard,Williams
18,65,RUS,19,0,18,18,17,0,36,38.5,26.7,0.0,1.4,51.2,960.7,99.0,H,1,Paul Ricard,Williams
19,65,RUS,20,0,18,17,17,0,37,38.5,26.7,0.0,1.4,51.2,960.7,99.0,H,2,Paul Ricard,Williams
20,65,RUS,21,0,17,17,17,0,37,38.4,26.4,0.0,1.3,51.6,960.8,120.0,H,3,Paul Ricard,Williams
21,65,RUS,22,0,17,17,17,0,37,37.7,26.2,0.0,1.4,52.5,960.8,118.0,H,4,Paul Ricard,Williams
22,65,RUS,23,0,17,17,17,0,38,37.2,26.2,0.0,1.7,53.1,960.9,102.0,H,5,Paul Ricard,Williams
23,65,RUS,24,0,17,17,17,0,38,37.0,26.2,0.0,1.8,54.7,960.8,127.0,H,6,Paul Ricard,Williams
24,65,RUS,25,0,17,17,17,0,38,37.0,26.2,0.0,1.8,54.7,960.8,127.0,H,7,Paul Ricard,Williams
25,65,RUS,26,0,17,17,17,0,38,35.6,25.8,0.0,1.8,56.9,960.8,124.0,H,8,Paul Ricard,Williams
26,65,RUS,27,0,17,17,17,0,38,35.6,25.8,0.0,1.8,56.9,960.8,124.0,H,9,Paul Ricard,Williams
27,65,RUS,28,0,17,15,17,0,38,35.6,25.4,0.0,1.1,58.0,960.9,127.0,H,10,Paul Ricard,Williams
28,65,RUS,29,0,15,15,17,0,38,35.9,25.4,0.0,1.2,58.9,960.9,105.0,H,11,Paul Ricard,Williams
29,65,RUS,30,0,15,15,17,0,38,35.6,25.2,0.0,1.1,59.3,961.1,117.0,H,12,Paul Ricard,Williams
30,65,RUS,31,0,15,15,17,0,38,35.3,25.0,0.0,1.6,59.4,961.0,135.0,H,13,Paul Ricard,Williams
31,65,RUS,32,0,15,15,17,0,38,34.9,25.0,0.0,1.2,60.4,960.9,114.0,H,14,Paul Ricard,Williams
32,65,RUS,33,0,15,14,17,0,38,34.5,25.0,0.0,1.5,60.7,961.0,107.0,H,15,Paul Ricard,Williams
33,65,RUS,34,0,14,13,17,0,38,34.4,25.0,0.0,1.1,61.5,961.0,124.0,H,16,Paul Ricard,Williams
34,65,RUS,35,0,13,13,17,0,38,34.7,25.1,0.0,1.2,61.6,961.1,110.0,H,17,Paul Ricard,Williams
35,65,RUS,36,0,13,13,17,0,38,34.9,25.0,0.0,1.3,61.8,961.0,132.0,H,18,Paul Ricard,Williams
36,65,RUS,37,0,13,13,17,0,38,34.9,24.7,0.0,1.2,64.6,961.1,115.0,H,19,Paul Ricard,Williams
37,65,RUS,38,0,13,12,17,0,38,34.2,24.5,0.0,1.2,64.7,961.2,113.0,H,20,Paul Ricard,Williams
38,65,RUS,39,0,12,13,17,0,38,34.0,24.4,0.0,1.1,65.1,961.2,125.0,H,21,Paul Ricard,Williams
39,65,RUS,40,0,13,13,17,0,38,34.0,24.4,0.0,1.2,65.0,961.0,101.0,H,22,Paul Ricard,Williams
40,65,RUS,41,0,13,13,17,0,38,33.7,24.3,0.0,1.2,65.5,961.0,106.0,H,23,Paul Ricard,Williams
41,65,RUS,42,0,13,13,17,0,37,33.4,24.1,0.0,1.3,65.5,960.9,93.0,H,24,Paul Ricard,Williams
42,65,RUS,43,0,13,13,17,0,37,33.6,24.1,0.0,1.2,65.8,961.2,119.0,H,25,Paul Ricard,Williams
43,65,RUS,44,0,13,13,17,0,37,33.2,24.1,0.0,1.3,66.3,961.1,105.0,H,26,Paul Ricard,Williams
44,65,RUS,45,0,13,13,17,0,37,33.1,24.2,0.0,1.2,67.7,960.9,102.0,H,27,Paul Ricard,Williams
45,65,RUS,46,0,13,13,17,0,37,33.1,24.2,0.0,1.1,67.5,961.2,118.0,H,28,Paul Ricard,Williams
46,65,RUS,47,0,13,13,17,0,37,33.5,24.2,0.0,1.3,66.9,960.9,119.0,H,29,Paul Ricard,Williams
47,65,RUS,48,0,13,13,17,0,37,33.7,24.1,0.0,1.5,66.2,961.0,126.0,H,30,Paul Ricard,Williams
48,65,RUS,49,0,13,13,17,0,36,33.5,24.2,0.0,1.0,66.6,960.9,99.0,H,31,Paul Ricard,Williams
49,65,RUS,50,0,13,12,17,0,36,33.5,24.1,0.0,1.1,67.6,960.9,122.0,H,32,Paul Ricard,Williams
50,65,RUS,51,0,12,12,17,0,37,33.8,24.2,0.0,1.1,67.6,961.1,116.0,H,33,Paul Ricard,Williams
51,65,RUS,52,0,12,12,17,0,37,33.8,24.1,0.0,1.1,68.0,961.0,120.0,H,34,Paul Ricard,Williams
0,65,MSC,1,0,19,19,19,0,32,37.7,25.8,0.0,1.0,56.9,960.1,129.0,M,0,Paul Ricard,Haas F1 Team
1,65,MSC,2,0,19,19,19,0,34,37.5,25.8,0.0,1.0,56.3,960.0,117.0,M,1,Paul Ricard,Haas F1 Team
2,65,MSC,3,0,19,19,19,0,39,38.0,26.1,0.0,1.4,55.0,959.9,132.0,M,2,Paul Ricard,Haas F1 Team
3,65,MSC,4,0,19,20,19,0,37,37.5,26.1,0.0,1.4,57.1,960.1,111.0,M,3,Paul Ricard,Haas F1 Team
4,65,MSC,5,0,20,20,19,0,37,37.5,26.0,0.0,1.3,56.7,960.1,111.0,M,4,Paul Ricard,Haas F1 Team
5,65,MSC,6,0,20,20,19,0,37,37.2,26.0,0.0,1.4,56.2,960.3,120.0,M,5,Paul Ricard,Haas F1 Team
6,65,MSC,7,0,20,20,19,0,37,37.6,26.1,0.0,1.2,54.0,960.3,109.0,M,6,Paul Ricard,Haas F1 Team
7,65,MSC,8,0,20,20,19,0,37,37.6,26.2,0.0,1.2,54.5,960.2,111.0,M,7,Paul Ricard,Haas F1 Team
8,65,MSC,9,0,20,20,19,0,37,37.8,26.5,0.0,1.4,53.9,960.3,112.0,M,8,Paul Ricard,Haas F1 Team
9,65,MSC,10,0,20,20,19,0,37,37.8,26.5,0.0,1.4,53.9,960.3,112.0,M,9,Paul Ricard,Haas F1 Team
10,65,MSC,11,0,20,20,19,0,37,37.5,26.7,0.0,1.4,52.5,960.5,114.0,M,10,Paul Ricard,Haas F1 Team
11,65,MSC,12,0,20,20,19,0,37,37.9,26.8,0.0,1.3,52.9,960.6,123.0,M,11,Paul Ricard,Haas F1 Team
12,65,MSC,13,0,20,20,19,0,37,37.9,26.8,0.0,1.3,52.9,960.6,123.0,M,12,Paul Ricard,Haas F1 Team
13,65,MSC,14,0,20,20,19,0,36,38.9,27.1,0.0,1.3,51.1,960.7,136.0,M,13,Paul Ricard,Haas F1 Team
14,65,MSC,15,0,20,20,19,0,36,38.9,27.4,0.0,1.0,49.2,960.7,138.0,M,14,Paul Ricard,Haas F1 Team
15,65,MSC,16,0,20,20,19,0,37,38.6,27.1,0.0,1.2,50.6,960.7,121.0,H,0,Paul Ricard,Haas F1 Team
16,65,MSC,17,0,20,20,19,0,37,38.6,27.0,0.0,1.2,50.6,960.7,121.0,H,1,Paul Ricard,Haas F1 Team
17,65,MSC,18,0,20,20,19,0,37,38.3,26.9,0.0,1.4,49.5,960.8,118.0,H,2,Paul Ricard,Haas F1 Team
18,65,MSC,19,0,20,20,19,0,37,38.3,26.9,0.0,1.4,49.5,960.8,118.0,H,3,Paul Ricard,Haas F1 Team
19,65,MSC,20,0,20,20,19,0,37,38.5,26.8,0.0,1.5,50.2,960.7,134.0,H,4,Paul Ricard,Haas F1 Team
20,65,MSC,21,0,20,20,19,0,37,38.5,26.7,0.0,1.4,51.2,960.7,99.0,H,5,Paul Ricard,Haas F1 Team
21,65,MSC,22,0,20,20,19,0,37,38.5,26.7,0.0,1.4,51.2,960.7,99.0,H,6,Paul Ricard,Haas F1 Team
22,65,MSC,23,0,20,20,19,0,37,37.7,26.2,0.0,1.4,52.5,960.8,118.0,H,7,Paul Ricard,Haas F1 Team
23,65,MSC,24,0,20,20,19,0,37,37.2,26.2,0.0,1.7,53.1,960.9,102.0,H,8,Paul Ricard,Haas F1 Team
24,65,MSC,25,0,20,20,19,0,37,37.0,26.2,0.0,1.8,54.7,960.8,127.0,H,9,Paul Ricard,Haas F1 Team
25,65,MSC,26,0,20,20,19,0,37,37.0,26.2,0.0,1.8,54.7,960.8,127.0,H,10,Paul Ricard,Haas F1 Team
26,65,MSC,27,0,20,20,19,0,37,35.6,25.8,0.0,1.8,56.9,960.8,124.0,H,11,Paul Ricard,Haas F1 Team
27,65,MSC,28,0,20,20,19,0,37,35.6,25.8,0.0,1.8,56.9,960.8,124.0,H,12,Paul Ricard,Haas F1 Team
28,65,MSC,29,0,20,20,19,0,35,35.6,25.4,0.0,1.1,58.0,960.9,127.0,H,13,Paul Ricard,Haas F1 Team
29,65,MSC,30,0,20,20,19,0,35,36.3,25.4,0.0,1.4,58.5,961.0,117.0,H,14,Paul Ricard,Haas F1 Team
30,65,MSC,31,0,20,19,19,0,35,34.7,24.9,0.0,1.3,60.5,961.0,125.0,H,15,Paul Ricard,Haas F1 Team
31,65,MSC,32,0,19,19,19,0,35,34.9,25.0,0.0,1.2,60.4,960.9,114.0,H,16,Paul Ricard,Haas F1 Team
32,65,MSC,33,0,19,19,19,0,35,35.0,24.9,0.0,1.4,60.3,961.1,122.0,H,17,Paul Ricard,Haas F1 Team
33,65,MSC,34,0,19,19,19,0,34,34.5,25.0,0.0,1.5,60.7,961.0,107.0,H,18,Paul Ricard,Haas F1 Team
34,65,MSC,35,0,19,19,19,0,34,34.7,25.1,0.0,1.2,61.6,961.1,110.0,H,19,Paul Ricard,Haas F1 Team
35,65,MSC,36,0,19,19,19,0,34,34.6,25.0,0.0,1.3,62.4,961.1,111.0,H,20,Paul Ricard,Haas F1 Team
36,65,MSC,37,0,19,19,19,0,35,34.6,25.0,0.0,1.3,62.8,961.0,96.0,H,21,Paul Ricard,Haas F1 Team
37,65,MSC,38,0,19,19,19,0,35,34.4,24.6,0.0,1.3,64.8,961.2,113.0,H,22,Paul Ricard,Haas F1 Team
38,65,MSC,39,0,19,19,19,0,35,34.2,24.5,0.0,1.2,64.7,961.2,113.0,H,23,Paul Ricard,Haas F1 Team
39,65,MSC,40,0,19,19,19,0,35,34.0,24.4,0.0,1.1,65.1,961.2,125.0,H,24,Paul Ricard,Haas F1 Team
40,65,MSC,41,0,19,19,19,0,35,34.0,24.4,0.0,1.2,65.0,961.0,101.0,H,25,Paul Ricard,Haas F1 Team
41,65,MSC,42,0,19,19,19,0,35,33.4,24.1,0.0,1.3,65.5,960.9,93.0,H,26,Paul Ricard,Haas F1 Team
42,65,MSC,43,0,19,19,19,0,36,33.4,24.1,0.0,1.3,65.4,960.8,106.0,H,27,Paul Ricard,Haas F1 Team
43,65,MSC,44,0,19,19,19,0,36,33.2,24.1,0.0,1.3,66.3,961.1,105.0,H,28,Paul Ricard,Haas F1 Team
44,65,MSC,45,0,19,19,19,0,36,33.2,24.2,0.0,1.5,67.2,961.0,116.0,H,29,Paul Ricard,Haas F1 Team
45,65,MSC,46,0,19,19,19,0,36,33.1,24.1,0.0,1.5,67.7,960.9,133.0,H,30,Paul Ricard,Haas F1 Team
46,65,MSC,47,0,19,19,19,0,36,33.1,24.2,0.0,1.1,67.5,961.2,118.0,H,31,Paul Ricard,Haas F1 Team
47,65,MSC,48,0,19,19,19,0,36,33.5,24.2,0.0,1.3,66.9,960.9,119.0,H,32,Paul Ricard,Haas F1 Team
48,65,MSC,49,0,19,19,19,0,36,33.7,24.1,0.0,1.5,65.9,961.0,127.0,H,33,Paul Ricard,Haas F1 Team
49,65,MSC,50,0,19,19,19,0,36,33.7,24.1,0.0,1.5,66.2,961.0,126.0,H,34,Paul Ricard,Haas F1 Team
50,65,MSC,51,0,19,19,19,0,36,33.5,24.2,0.0,1.0,66.6,960.9,99.0,H,35,Paul Ricard,Haas F1 Team
51,65,MSC,52,0,19,19,19,0,37,33.8,24.1,0.0,1.1,68.0,961.0,120.0,H,36,Paul Ricard,Haas F1 Team
0,65,LAT,1,0,15,15,15,0,54,37.5,25.8,0.0,1.0,56.3,960.0,117.0,M,0,Paul Ricard,Williams
1,65,LAT,2,0,15,16,15,0,49,38.0,26.0,0.0,1.1,56.2,959.9,133.0,M,1,Paul Ricard,Williams
2,65,LAT,3,0,16,16,15,0,44,38.0,26.1,0.0,1.4,55.0,959.9,132.0,M,2,Paul Ricard,Williams
3,65,LAT,4,0,16,17,15,0,43,38.0,26.1,0.0,1.4,55.0,959.9,132.0,M,3,Paul Ricard,Williams
4,65,LAT,5,0,17,17,15,0,42,37.2,26.0,0.0,1.4,56.2,960.3,120.0,M,4,Paul Ricard,Williams
5,65,LAT,6,0,17,17,15,0,41,37.6,26.1,0.0,1.2,54.0,960.3,109.0,M,5,Paul Ricard,Williams
6,65,LAT,7,0,17,17,15,0,41,37.3,26.3,0.0,1.1,54.8,960.4,117.0,M,6,Paul Ricard,Williams
7,65,LAT,8,0,17,17,15,0,41,37.7,26.3,0.0,1.2,54.0,960.4,114.0,M,7,Paul Ricard,Williams
8,65,LAT,9,0,17,17,15,0,42,37.8,26.5,0.0,1.4,53.9,960.3,112.0,M,8,Paul Ricard,Williams
9,65,LAT,10,0,17,17,15,0,41,37.5,26.7,0.0,1.3,52.6,960.6,127.0,M,9,Paul Ricard,Williams
10,65,LAT,11,0,17,17,15,0,41,38.9,27.1,0.0,1.3,51.1,960.7,136.0,M,10,Paul Ricard,Williams
11,65,LAT,12,0,17,17,15,0,41,38.9,27.4,0.0,1.0,49.2,960.7,138.0,M,11,Paul Ricard,Williams
12,65,LAT,13,0,17,18,15,0,41,38.6,27.1,0.0,1.2,50.6,960.7,121.0,M,12,Paul Ricard,Williams
13,65,LAT,14,0,18,17,15,0,40,38.6,27.0,0.0,1.2,50.6,960.7,121.0,M,13,Paul Ricard,Williams
14,65,LAT,15,0,17,16,15,0,40,38.3,27.0,0.0,1.4,49.4,960.7,121.0,M,14,Paul Ricard,Williams
15,65,LAT,16,0,16,15,15,0,40,38.3,26.9,0.0,1.4,49.5,960.8,118.0,M,15,Paul Ricard,Williams
16,65,LAT,17,0,15,12,15,0,40,38.3,26.9,0.0,1.4,49.5,960.8,118.0,M,16,Paul Ricard,Williams
17,65,LAT,18,0,12,19,15,0,40,38.5,26.8,0.0,1.5,50.2,960.7,134.0,M,17,Paul Ricard,Williams
18,65,LAT,19,0,19,19,15,0,41,38.5,26.7,0.0,1.4,51.2,960.7,99.0,H,0,Paul Ricard,Williams
19,65,LAT,20,0,19,19,15,0,41,38.5,26.7,0.0,1.4,51.2,960.7,99.0,H,1,Paul Ricard,Williams
20,65,LAT,21,0,19,19,15,0,41,38.4,26.4,0.0,1.3,51.6,960.8,120.0,H,2,Paul Ricard,Williams
21,65,LAT,22,0,19,19,15,0,41,37.7,26.2,0.0,1.4,52.5,960.8,118.0,H,3,Paul Ricard,Williams
22,65,LAT,23,0,19,18,15,0,41,37.0,26.2,0.0,1.8,54.7,960.8,127.0,H,4,Paul Ricard,Williams
23,65,LAT,24,0,18,18,15,0,41,35.6,25.8,0.0,1.8,56.9,960.8,124.0,H,5,Paul Ricard,Williams
24,65,LAT,25,0,18,18,15,0,41,35.6,25.8,0.0,1.8,56.9,960.8,124.0,H,6,Paul Ricard,Williams
25,65,LAT,26,0,18,18,15,0,41,35.6,25.4,0.0,1.1,58.0,960.9,127.0,H,7,Paul Ricard,Williams
26,65,LAT,27,0,18,18,15,0,41,35.6,25.4,0.0,1.3,57.6,960.9,126.0,H,8,Paul Ricard,Williams
27,65,LAT,28,0,18,17,15,0,41,35.5,25.4,0.0,1.4,58.5,960.8,116.0,H,9,Paul Ricard,Williams
28,65,LAT,29,0,17,16,15,0,40,35.9,25.4,0.0,1.2,58.9,960.9,105.0,H,10,Paul Ricard,Williams
29,65,LAT,30,0,16,16,15,0,40,36.3,25.4,0.0,1.4,58.5,961.0,117.0,H,11,Paul Ricard,Williams
30,65,LAT,31,0,16,17,15,0,40,36.5,25.3,0.0,1.3,58.4,961.1,113.0,H,12,Paul Ricard,Williams
31,65,LAT,32,0,17,18,15,0,40,34.7,24.9,0.0,1.3,60.5,961.0,125.0,H,13,Paul Ricard,Williams
32,65,LAT,33,0,18,17,15,0,40,34.9,25.0,0.0,1.2,60.4,960.9,114.0,H,14,Paul Ricard,Williams
33,65,LAT,34,0,17,17,15,0,40,34.9,24.9,0.0,1.3,60.3,961.2,118.0,H,15,Paul Ricard,Williams
34,65,LAT,35,0,17,17,15,0,40,34.5,25.0,0.0,1.5,60.7,961.0,107.0,H,16,Paul Ricard,Williams
35,65,LAT,36,0,17,17,15,0,40,34.4,25.0,0.0,1.1,61.5,961.0,124.0,H,17,Paul Ricard,Williams
36,65,LAT,37,0,17,17,15,0,40,34.7,25.1,0.0,1.2,61.6,961.1,110.0,H,18,Paul Ricard,Williams
37,65,LAT,38,0,17,17,15,0,40,34.9,25.1,0.0,1.3,61.3,961.2,103.0,H,19,Paul Ricard,Williams
38,65,LAT,39,0,17,18,15,0,39,34.9,25.0,0.0,1.3,61.8,961.0,132.0,H,20,Paul Ricard,Williams
39,65,LAT,40,0,18,18,15,0,39,34.6,25.0,0.0,1.3,62.4,961.1,111.0,H,21,Paul Ricard,Williams
40,65,LAT,41,0,18,18,15,0,39,34.6,25.0,0.0,1.3,62.8,961.0,96.0,H,22,Paul Ricard,Williams
41,65,LAT,42,0,18,18,15,0,39,34.4,24.6,0.0,1.3,64.8,961.2,113.0,H,23,Paul Ricard,Williams
42,65,LAT,43,0,18,18,15,0,39,34.2,24.5,0.0,1.2,64.7,961.2,113.0,H,24,Paul Ricard,Williams
43,65,LAT,44,0,18,18,15,0,39,34.0,24.4,0.0,1.2,65.0,961.0,101.0,H,25,Paul Ricard,Williams
44,65,LAT,45,0,18,18,15,0,39,33.7,24.3,0.0,1.2,65.5,961.0,106.0,H,26,Paul Ricard,Williams
45,65,LAT,46,0,18,18,15,0,39,33.4,24.2,0.0,1.3,65.5,961.1,135.0,H,27,Paul Ricard,Williams
46,65,LAT,47,0,18,18,15,0,39,33.6,24.1,0.0,1.2,65.8,961.2,119.0,H,28,Paul Ricard,Williams
47,65,LAT,48,0,18,18,15,0,39,33.2,24.1,0.0,1.3,66.3,961.1,105.0,H,29,Paul Ricard,Williams
48,65,LAT,49,0,18,18,15,0,39,33.2,24.2,0.0,1.5,67.2,961.0,116.0,H,30,Paul Ricard,Williams
49,65,LAT,50,0,18,18,15,0,39,33.1,24.2,0.0,1.1,67.5,961.2,118.0,H,31,Paul Ricard,Williams
50,65,LAT,51,0,18,18,15,0,39,33.5,24.1,0.0,1.1,67.6,960.9,122.0,H,32,Paul Ricard,Williams
51,65,LAT,52,0,18,18,15,0,39,33.8,24.1,0.0,1.1,68.0,961.0,120.0,H,33,Paul Ricard,Williams
0,65,RAI,1,0,14,14,14,0,47,37.7,25.8,0.0,1.0,56.9,960.1,129.0,H,0,Paul Ricard,Alfa Romeo Racing
1,65,RAI,2,0,14,14,14,0,50,37.5,25.8,0.0,1.0,56.3,960.0,117.0,H,1,Paul Ricard,Alfa Romeo Racing
2,65,RAI,3,0,14,14,14,0,47,37.5,26.1,0.0,1.4,57.1,960.1,111.0,H,2,Paul Ricard,Alfa Romeo Racing
3,65,RAI,4,0,14,14,14,0,47,37.2,26.0,0.0,1.4,56.2,960.3,120.0,H,3,Paul Ricard,Alfa Romeo Racing
4,65,RAI,5,0,14,14,14,0,46,37.2,26.0,0.0,1.4,56.2,960.3,120.0,H,4,Paul Ricard,Alfa Romeo Racing
5,65,RAI,6,0,14,14,14,0,45,37.4,26.1,0.0,1.3,55.4,960.2,122.0,H,5,Paul Ricard,Alfa Romeo Racing
6,65,RAI,7,0,14,14,14,0,45,37.6,26.1,0.0,1.2,54.0,960.3,109.0,H,6,Paul Ricard,Alfa Romeo Racing
7,65,RAI,8,0,14,14,14,0,46,37.6,26.2,0.0,1.2,54.5,960.2,111.0,H,7,Paul Ricard,Alfa Romeo Racing
8,65,RAI,9,0,14,15,14,0,46,37.8,26.5,0.0,1.4,53.9,960.3,112.0,H,8,Paul Ricard,Alfa Romeo Racing
9,65,RAI,10,0,15,15,14,0,45,37.5,26.7,0.0,1.3,52.6,960.6,127.0,H,9,Paul Ricard,Alfa Romeo Racing
10,65,RAI,11,0,15,15,14,0,45,37.3,26.7,0.0,1.2,51.9,960.5,126.0,H,10,Paul Ricard,Alfa Romeo Racing
11,65,RAI,12,0,15,15,14,0,44,37.9,26.8,0.0,1.3,52.9,960.6,123.0,H,11,Paul Ricard,Alfa Romeo Racing
12,65,RAI,13,0,15,15,14,0,44,38.9,27.1,0.0,1.3,51.1,960.7,136.0,H,12,Paul Ricard,Alfa Romeo Racing
13,65,RAI,14,0,15,14,14,0,45,38.9,27.1,0.0,1.3,51.1,960.7,136.0,H,13,Paul Ricard,Alfa Romeo Racing
14,65,RAI,15,0,14,14,14,0,45,38.9,27.4,0.0,1.0,49.2,960.7,138.0,H,14,Paul Ricard,Alfa Romeo Racing
15,65,RAI,16,0,14,13,14,0,46,38.9,27.4,0.0,1.0,49.2,960.7,138.0,H,15,Paul Ricard,Alfa Romeo Racing
16,65,RAI,17,0,13,11,14,0,46,38.6,27.1,0.0,1.2,50.6,960.7,121.0,H,16,Paul Ricard,Alfa Romeo Racing
17,65,RAI,18,0,11,10,14,0,46,38.9,27.0,0.0,1.2,49.6,960.6,137.0,H,17,Paul Ricard,Alfa Romeo Racing
18,65,RAI,19,0,10,10,14,0,46,38.3,26.9,0.0,1.4,49.5,960.8,118.0,H,18,Paul Ricard,Alfa Romeo Racing
19,65,RAI,20,0,10,10,14,0,47,38.3,26.9,0.0,1.4,49.5,960.8,118.0,H,19,Paul Ricard,Alfa Romeo Racing
20,65,RAI,21,0,10,10,14,0,47,38.5,26.8,0.0,1.5,50.2,960.7,134.0,H,20,Paul Ricard,Alfa Romeo Racing
21,65,RAI,22,0,10,11,14,0,47,38.5,26.7,0.0,1.4,51.2,960.7,99.0,H,21,Paul Ricard,Alfa Romeo Racing
22,65,RAI,23,0,11,14,14,0,47,38.5,26.7,0.0,1.4,51.2,960.7,99.0,H,22,Paul Ricard,Alfa Romeo Racing
23,65,RAI,24,0,14,14,14,0,47,38.4,26.4,0.0,1.3,51.6,960.8,120.0,H,23,Paul Ricard,Alfa Romeo Racing
24,65,RAI,25,0,14,13,14,0,47,37.7,26.2,0.0,1.4,52.5,960.8,118.0,H,24,Paul Ricard,Alfa Romeo Racing
25,65,RAI,26,0,13,14,14,0,47,37.2,26.2,0.0,1.7,53.1,960.9,102.0,H,25,Paul Ricard,Alfa Romeo Racing
26,65,RAI,27,0,14,15,14,0,46,37.0,26.2,0.0,1.8,54.7,960.8,127.0,H,26,Paul Ricard,Alfa Romeo Racing
27,65,RAI,28,0,15,13,14,0,46,37.0,26.2,0.0,1.8,54.7,960.8,127.0,H,27,Paul Ricard,Alfa Romeo Racing
28,65,RAI,29,0,13,13,14,0,47,35.6,25.8,0.0,1.8,56.9,960.8,124.0,H,28,Paul Ricard,Alfa Romeo Racing
29,65,RAI,30,0,13,13,14,0,47,35.7,25.4,0.0,1.2,57.6,960.7,102.0,H,29,Paul Ricard,Alfa Romeo Racing
30,65,RAI,31,0,13,13,14,0,47,35.9,25.4,0.0,1.2,58.9,960.9,105.0,H,30,Paul Ricard,Alfa Romeo Racing
31,65,RAI,32,0,13,13,14,0,47,36.4,25.3,0.0,1.3,58.5,961.1,119.0,H,31,Paul Ricard,Alfa Romeo Racing
32,65,RAI,33,0,13,18,14,0,47,35.3,25.0,0.0,1.6,59.4,961.0,135.0,H,32,Paul Ricard,Alfa Romeo Racing
33,65,RAI,34,0,18,18,14,0,48,35.0,24.9,0.0,1.4,60.3,961.1,122.0,M,0,Paul Ricard,Alfa Romeo Racing
34,65,RAI,35,0,18,18,14,0,48,34.4,25.0,0.0,1.1,61.5,961.0,124.0,M,1,Paul Ricard,Alfa Romeo Racing
35,65,RAI,36,0,18,18,14,0,47,34.9,25.1,0.0,1.3,61.3,961.2,103.0,M,2,Paul Ricard,Alfa Romeo Racing
36,65,RAI,37,0,18,18,14,0,47,34.6,25.0,0.0,1.3,62.4,961.1,111.0,M,3,Paul Ricard,Alfa Romeo Racing
37,65,RAI,38,0,18,18,14,0,47,34.6,25.0,0.0,1.3,62.8,961.0,96.0,M,4,Paul Ricard,Alfa Romeo Racing
38,65,RAI,39,0,18,17,14,0,47,34.7,24.9,0.0,1.4,64.0,961.0,119.0,M,5,Paul Ricard,Alfa Romeo Racing
39,65,RAI,40,0,17,17,14,0,47,34.9,24.7,0.0,1.2,64.6,961.1,115.0,M,6,Paul Ricard,Alfa Romeo Racing
40,65,RAI,41,0,17,17,14,0,47,34.4,24.6,0.0,1.3,64.8,961.2,113.0,M,7,Paul Ricard,Alfa Romeo Racing
41,65,RAI,42,0,17,17,14,0,47,34.2,24.5,0.0,1.2,64.7,961.2,113.0,M,8,Paul Ricard,Alfa Romeo Racing
42,65,RAI,43,0,17,17,14,0,47,33.7,24.3,0.0,1.2,65.5,961.0,106.0,M,9,Paul Ricard,Alfa Romeo Racing
43,65,RAI,44,0,17,17,14,0,48,33.4,24.2,0.0,1.3,65.5,961.1,135.0,M,10,Paul Ricard,Alfa Romeo Racing
44,65,RAI,45,0,17,17,14,0,48,33.4,24.1,0.0,1.3,65.5,960.9,93.0,M,11,Paul Ricard,Alfa Romeo Racing
45,65,RAI,46,0,17,17,14,0,48,33.4,24.1,0.0,1.3,65.4,960.8,106.0,M,12,Paul Ricard,Alfa Romeo Racing
46,65,RAI,47,0,17,17,14,0,49,33.2,24.1,0.0,1.3,66.3,961.1,105.0,M,13,Paul Ricard,Alfa Romeo Racing
47,65,RAI,48,0,17,17,14,0,49,33.2,24.2,0.0,1.5,67.2,961.0,116.0,M,14,Paul Ricard,Alfa Romeo Racing
48,65,RAI,49,0,17,17,14,0,48,33.1,24.1,0.0,1.5,67.7,960.9,133.0,M,15,Paul Ricard,Alfa Romeo Racing
49,65,RAI,50,0,17,17,14,0,48,33.1,24.2,0.0,1.2,67.7,960.9,102.0,M,16,Paul Ricard,Alfa Romeo Racing
50,65,RAI,51,0,17,17,14,0,48,33.7,24.1,0.0,1.5,65.9,961.0,127.0,M,17,Paul Ricard,Alfa Romeo Racing
51,65,RAI,52,0,17,17,14,0,48,33.7,24.1,0.0,1.5,66.2,961.0,126.0,M,18,Paul Ricard,Alfa Romeo Racing
0,65,MAZ,1,0,20,20,20,0,28,37.7,25.8,0.0,1.0,56.9,960.1,129.0,H,0,Paul Ricard,Haas F1 Team
1,65,MAZ,2,0,20,20,20,0,29,37.5,25.8,0.0,1.0,56.3,960.0,117.0,H,1,Paul Ricard,Haas F1 Team
2,65,MAZ,3,0,20,20,20,0,28,38.0,26.0,0.0,1.1,56.2,959.9,133.0,H,2,Paul Ricard,Haas F1 Team
3,65,MAZ,4,0,20,19,20,0,30,38.0,26.1,0.0,1.4,55.0,959.9,132.0,H,3,Paul Ricard,Haas F1 Team
4,65,MAZ,5,0,19,19,20,0,29,37.4,26.0,0.0,1.3,56.5,960.2,107.0,H,4,Paul Ricard,Haas F1 Team
5,65,MAZ,6,0,19,19,20,0,29,37.2,26.0,0.0,1.4,56.2,960.3,120.0,H,5,Paul Ricard,Haas F1 Team
6,65,MAZ,7,0,19,19,20,0,29,37.6,26.1,0.0,1.2,54.0,960.3,109.0,H,6,Paul Ricard,Haas F1 Team
7,65,MAZ,8,0,19,19,20,0,29,37.3,26.3,0.0,1.1,54.8,960.4,117.0,H,7,Paul Ricard,Haas F1 Team
8,65,MAZ,9,0,19,19,20,0,29,37.8,26.5,0.0,1.4,53.9,960.3,112.0,H,8,Paul Ricard,Haas F1 Team
9,65,MAZ,10,0,19,19,20,0,28,37.8,26.5,0.0,1.4,53.9,960.3,112.0,H,9,Paul Ricard,Haas F1 Team
10,65,MAZ,11,0,19,19,20,0,28,37.5,26.7,0.0,1.3,52.6,960.6,127.0,H,10,Paul Ricard,Haas F1 Team
11,65,MAZ,12,0,19,19,20,0,28,37.3,26.7,0.0,1.2,51.9,960.5,126.0,H,11,Paul Ricard,Haas F1 Team
12,65,MAZ,13,0,19,19,20,0,28,37.9,26.8,0.0,1.3,52.9,960.6,123.0,H,12,Paul Ricard,Haas F1 Team
13,65,MAZ,14,0,19,19,20,0,28,38.9,27.4,0.0,1.0,49.2,960.7,138.0,H,13,Paul Ricard,Haas F1 Team
14,65,MAZ,15,0,19,18,20,0,28,38.9,27.4,0.0,1.0,49.2,960.7,138.0,H,14,Paul Ricard,Haas F1 Team
15,65,MAZ,16,0,18,18,20,0,27,38.6,27.1,0.0,1.2,50.6,960.7,121.0,H,15,Paul Ricard,Haas F1 Team
16,65,MAZ,17,0,18,17,20,0,27,38.6,27.0,0.0,1.2,50.6,960.7,121.0,H,16,Paul Ricard,Haas F1 Team
17,65,MAZ,18,0,17,16,20,0,27,38.9,27.0,0.0,1.2,49.6,960.6,137.0,H,17,Paul Ricard,Haas F1 Team
18,65,MAZ,19,0,16,16,20,0,27,38.3,27.0,0.0,1.4,49.4,960.7,121.0,H,18,Paul Ricard,Haas F1 Team
19,65,MAZ,20,0,16,18,20,0,27,38.3,26.9,0.0,1.4,49.5,960.8,118.0,H,19,Paul Ricard,Haas F1 Team
20,65,MAZ,21,0,18,18,20,0,27,38.5,26.8,0.0,1.5,50.2,960.7,134.0,H,20,Paul Ricard,Haas F1 Team
21,65,MAZ,22,0,18,18,20,0,27,38.5,26.7,0.0,1.4,51.2,960.7,99.0,H,21,Paul Ricard,Haas F1 Team
22,65,MAZ,23,0,18,19,20,0,26,38.5,26.7,0.0,1.4,51.2,960.7,99.0,H,22,Paul Ricard,Haas F1 Team
23,65,MAZ,24,0,19,19,20,0,26,38.4,26.4,0.0,1.3,51.6,960.8,120.0,H,23,Paul Ricard,Haas F1 Team
24,65,MAZ,25,0,19,19,20,0,26,38.4,26.4,0.0,1.3,51.6,960.8,120.0,H,24,Paul Ricard,Haas F1 Team
25,65,MAZ,26,0,19,19,20,0,26,37.7,26.2,0.0,1.4,52.5,960.8,118.0,H,25,Paul Ricard,Haas F1 Team
26,65,MAZ,27,0,19,19,20,0,26,37.0,26.2,0.0,1.8,54.7,960.8,127.0,H,26,Paul Ricard,Haas F1 Team
27,65,MAZ,28,0,19,19,20,0,26,35.6,25.8,0.0,1.8,56.9,960.8,124.0,H,27,Paul Ricard,Haas F1 Team
28,65,MAZ,29,0,19,19,20,0,26,35.7,25.4,0.0,1.2,57.6,960.7,102.0,H,28,Paul Ricard,Haas F1 Team
29,65,MAZ,30,0,19,19,20,0,26,35.3,25.0,0.0,1.6,59.4,961.0,135.0,H,29,Paul Ricard,Haas F1 Team
30,65,MAZ,31,0,19,20,20,0,26,35.0,24.9,0.0,1.4,60.3,961.1,122.0,H,30,Paul Ricard,Haas F1 Team
31,65,MAZ,32,0,20,20,20,0,26,34.7,25.0,0.0,1.5,60.0,961.1,104.0,M,0,Paul Ricard,Haas F1 Team
32,65,MAZ,33,0,20,20,20,0,26,34.7,25.0,0.0,1.4,60.3,961.1,107.0,M,1,Paul Ricard,Haas F1 Team
33,65,MAZ,34,0,20,20,20,0,26,34.7,25.1,0.0,1.2,61.6,961.1,110.0,M,2,Paul Ricard,Haas F1 Team
34,65,MAZ,35,0,20,20,20,0,26,34.9,25.1,0.0,1.3,61.3,961.2,103.0,M,3,Paul Ricard,Haas F1 Team
35,65,MAZ,36,0,20,20,20,0,26,34.9,25.0,0.0,1.3,61.8,961.0,132.0,M,4,Paul Ricard,Haas F1 Team
36,65,MAZ,37,0,20,20,20,0,26,34.6,25.0,0.0,1.3,62.4,961.1,111.0,M,5,Paul Ricard,Haas F1 Team
37,65,MAZ,38,0,20,20,20,0,26,34.6,25.0,0.0,1.3,62.8,961.0,96.0,M,6,Paul Ricard,Haas F1 Team
38,65,MAZ,39,0,20,20,20,0,26,34.7,24.9,0.0,1.4,64.0,961.0,119.0,M,7,Paul Ricard,Haas F1 Team
39,65,MAZ,40,0,20,20,20,0,26,34.9,24.7,0.0,1.2,64.6,961.1,115.0,M,8,Paul Ricard,Haas F1 Team
40,65,MAZ,41,0,20,20,20,0,26,34.4,24.6,0.0,1.3,64.8,961.2,113.0,M,9,Paul Ricard,Haas F1 Team
41,65,MAZ,42,0,20,20,20,0,26,34.2,24.5,0.0,1.2,64.7,961.2,113.0,M,10,Paul Ricard,Haas F1 Team
42,65,MAZ,43,0,20,20,20,0,26,33.4,24.1,0.0,1.3,65.5,960.9,93.0,M,11,Paul Ricard,Haas F1 Team
43,65,MAZ,44,0,20,20,20,0,26,33.4,24.1,0.0,1.3,65.4,960.8,106.0,M,12,Paul Ricard,Haas F1 Team
44,65,MAZ,45,0,20,20,20,0,26,33.1,24.2,0.0,1.2,67.7,960.9,102.0,M,13,Paul Ricard,Haas F1 Team
45,65,MAZ,46,0,20,20,20,0,26,33.1,24.2,0.0,1.1,67.5,961.2,118.0,M,14,Paul Ricard,Haas F1 Team
46,65,MAZ,47,0,20,20,20,0,26,33.5,24.2,0.0,1.3,66.9,960.9,119.0,M,15,Paul Ricard,Haas F1 Team
47,65,MAZ,48,0,20,20,20,0,26,33.7,24.2,0.0,1.4,66.4,961.0,129.0,M,16,Paul Ricard,Haas F1 Team
48,65,MAZ,49,0,20,20,20,0,26,33.7,24.1,0.0,1.5,65.9,961.0,127.0,M,17,Paul Ricard,Haas F1 Team
49,65,MAZ,50,0,20,20,20,0,26,33.7,24.1,0.0,1.5,66.2,961.0,126.0,M,18,Paul Ricard,Haas F1 Team
50,65,MAZ,51,0,20,20,20,0,26,33.5,24.2,0.0,1.0,66.6,960.9,99.0,M,19,Paul Ricard,Haas F1 Team
51,65,MAZ,52,0,20,20,20,0,25,33.5,24.1,0.0,1.1,67.6,960.9,122.0,M,20,Paul Ricard,Haas F1 Team
0,65,STR,1,0,16,16,16,0,31,37.7,25.8,0.0,1.0,56.9,960.1,129.0,H,0,Paul Ricard,Aston Martin
1,65,STR,2,0,16,15,16,0,30,37.5,25.8,0.0,1.0,56.3,960.0,117.0,H,1,Paul Ricard,Aston Martin
2,65,STR,3,0,15,15,16,0,32,38.0,26.0,0.0,1.1,56.2,959.9,133.0,H,2,Paul Ricard,Aston Martin
3,65,STR,4,0,15,15,16,0,32,37.5,26.1,0.0,1.4,57.1,960.1,111.0,H,3,Paul Ricard,Aston Martin
4,65,STR,5,0,15,15,16,0,32,37.5,26.0,0.0,1.3,56.7,960.1,111.0,H,4,Paul Ricard,Aston Martin
5,65,STR,6,0,15,15,16,0,32,37.2,26.0,0.0,1.4,56.2,960.3,120.0,H,5,Paul Ricard,Aston Martin
6,65,STR,7,0,15,15,16,0,32,37.2,26.0,0.0,1.4,56.2,960.3,120.0,H,6,Paul Ricard,Aston Martin
7,65,STR,8,0,15,15,16,0,32,37.4,26.1,0.0,1.3,55.4,960.2,122.0,H,7,Paul Ricard,Aston Martin
8,65,STR,9,0,15,14,16,0,32,37.3,26.3,0.0,1.1,54.8,960.4,117.0,H,8,Paul Ricard,Aston Martin
9,65,STR,10,0,14,14,16,0,32,37.8,26.5,0.0,1.4,53.9,960.3,112.0,H,9,Paul Ricard,Aston Martin
10,65,STR,11,0,14,14,16,0,32,38.0,26.7,0.0,1.1,52.1,960.3,106.0,H,10,Paul Ricard,Aston Martin
11,65,STR,12,0,14,14,16,0,32,37.5,26.7,0.0,1.4,52.5,960.5,114.0,H,11,Paul Ricard,Aston Martin
12,65,STR,13,0,14,14,16,0,32,37.5,26.7,0.0,1.3,52.6,960.6,127.0,H,12,Paul Ricard,Aston Martin
13,65,STR,14,0,14,12,16,0,32,37.3,26.7,0.0,1.2,51.9,960.5,126.0,H,13,Paul Ricard,Aston Martin
14,65,STR,15,0,12,12,16,0,32,37.9,26.8,0.0,1.3,52.9,960.6,123.0,H,14,Paul Ricard,Aston Martin
15,65,STR,16,0,12,11,16,0,32,38.9,27.1,0.0,1.3,51.1,960.7,136.0,H,15,Paul Ricard,Aston Martin
16,65,STR,17,0,11,9,16,0,32,38.9,27.1,0.0,1.3,51.1,960.7,136.0,H,16,Paul Ricard,Aston Martin
17,65,STR,18,0,9,8,16,0,32,38.3,27.0,0.0,1.4,49.4,960.7,121.0,H,17,Paul Ricard,Aston Martin
18,65,STR,19,0,8,7,16,0,32,38.3,26.9,0.0,1.4,49.5,960.8,118.0,H,18,Paul Ricard,Aston Martin
19,65,STR,20,0,7,7,16,0,33,38.5,26.8,0.0,1.5,50.2,960.7,134.0,H,19,Paul Ricard,Aston Martin
20,65,STR,21,0,7,7,16,0,33,38.4,26.4,0.0,1.3,51.6,960.8,120.0,H,20,Paul Ricard,Aston Martin
21,65,STR,22,0,7,7,16,0,34,37.7,26.2,0.0,1.4,52.5,960.8,118.0,H,21,Paul Ricard,Aston Martin
22,65,STR,23,0,7,7,16,0,34,37.2,26.2,0.0,1.7,53.1,960.9,102.0,H,22,Paul Ricard,Aston Martin
23,65,STR,24,0,7,6,16,0,34,37.0,26.2,0.0,1.8,54.7,960.8,127.0,H,23,Paul Ricard,Aston Martin
24,65,STR,25,0,6,6,16,0,34,35.6,25.8,0.0,1.8,56.9,960.8,124.0,H,24,Paul Ricard,Aston Martin
25,65,STR,26,0,6,6,16,0,35,35.6,25.8,0.0,1.8,56.9,960.8,124.0,H,25,Paul Ricard,Aston Martin
26,65,STR,27,0,6,6,16,0,35,35.6,25.4,0.0,1.1,58.0,960.9,127.0,H,26,Paul Ricard,Aston Martin
27,65,STR,28,0,6,6,16,0,35,35.7,25.4,0.0,1.2,57.6,960.7,102.0,H,27,Paul Ricard,Aston Martin
28,65,STR,29,0,6,6,16,0,35,35.5,25.4,0.0,1.4,58.5,960.8,116.0,H,28,Paul Ricard,Aston Martin
29,65,STR,30,0,6,6,16,0,36,36.4,25.3,0.0,1.3,58.5,961.1,119.0,H,29,Paul Ricard,Aston Martin
30,65,STR,31,0,6,6,16,0,36,35.6,25.2,0.0,1.1,59.3,961.1,117.0,H,30,Paul Ricard,Aston Martin
31,65,STR,32,0,6,6,16,0,36,34.9,25.0,0.0,1.2,60.4,960.9,114.0,H,31,Paul Ricard,Aston Martin
32,65,STR,33,0,6,6,16,0,37,35.0,24.9,0.0,1.4,60.3,961.1,122.0,H,32,Paul Ricard,Aston Martin
33,65,STR,34,0,6,13,16,0,37,34.9,24.9,0.0,1.3,60.3,961.2,118.0,H,33,Paul Ricard,Aston Martin
34,65,STR,35,0,13,14,16,0,37,34.7,25.0,0.0,1.5,60.0,961.1,104.0,S,0,Paul Ricard,Aston Martin
35,65,STR,36,0,14,14,16,0,37,34.7,25.0,0.0,1.4,60.3,961.1,107.0,S,1,Paul Ricard,Aston Martin
36,65,STR,37,0,14,14,16,0,37,34.5,25.0,0.0,1.5,60.7,961.0,107.0,S,2,Paul Ricard,Aston Martin
37,65,STR,38,0,14,13,16,0,37,34.4,25.0,0.0,1.1,61.5,961.0,124.0,S,3,Paul Ricard,Aston Martin
38,65,STR,39,0,13,12,16,0,37,34.7,25.1,0.0,1.2,61.6,961.1,110.0,S,4,Paul Ricard,Aston Martin
39,65,STR,40,0,12,12,16,0,37,34.9,25.1,0.0,1.3,61.3,961.2,103.0,S,5,Paul Ricard,Aston Martin
40,65,STR,41,0,12,12,16,0,37,34.6,25.0,0.0,1.3,62.4,961.1,111.0,S,6,Paul Ricard,Aston Martin
41,65,STR,42,0,12,11,16,0,37,34.7,24.9,0.0,1.4,64.0,961.0,119.0,S,7,Paul Ricard,Aston Martin
42,65,STR,43,0,11,11,16,0,37,34.9,24.7,0.0,1.2,64.6,961.1,115.0,S,8,Paul Ricard,Aston Martin
43,65,STR,44,0,11,11,16,0,37,34.2,24.5,0.0,1.2,64.7,961.2,113.0,S,9,Paul Ricard,Aston Martin
44,65,STR,45,0,11,11,16,0,37,34.0,24.4,0.0,1.2,65.0,961.0,101.0,S,10,Paul Ricard,Aston Martin
45,65,STR,46,0,11,11,16,0,37,33.4,24.2,0.0,1.3,65.5,961.1,135.0,S,11,Paul Ricard,Aston Martin
46,65,STR,47,0,11,11,16,0,37,33.4,24.1,0.0,1.3,65.5,960.9,93.0,S,12,Paul Ricard,Aston Martin
47,65,STR,48,0,11,10,16,0,38,33.4,24.1,0.0,1.3,65.4,960.8,106.0,S,13,Paul Ricard,Aston Martin
48,65,STR,49,0,10,10,16,0,38,33.1,24.1,0.0,1.5,67.7,960.9,133.0,S,14,Paul Ricard,Aston Martin
49,65,STR,50,0,10,10,16,0,38,33.5,24.2,0.0,1.3,66.9,960.9,119.0,S,15,Paul Ricard,Aston Martin
50,65,STR,51,0,10,10,16,0,38,33.7,24.1,0.0,1.5,66.2,961.0,126.0,S,16,Paul Ricard,Aston Martin
51,65,STR,52,0,10,10,16,0,38,33.8,24.2,0.0,1.1,67.6,961.1,116.0,S,17,Paul Ricard,Aston Martin
52,65,STR,53,0,10,10,16,0,38,33.8,24.1,0.0,1.1,68.0,961.0,120.0,S,18,Paul Ricard,Aston Martin
0,65,TSU,1,0,18,18,18,0,71,37.7,25.8,0.0,1.0,56.9,960.1,129.0,M,0,Paul Ricard,AlphaTauri
1,65,TSU,2,0,18,17,18,0,76,37.5,25.8,0.0,1.0,56.3,960.0,117.0,M,1,Paul Ricard,AlphaTauri
2,65,TSU,3,0,17,17,18,0,77,38.0,26.0,0.0,1.1,56.2,959.9,133.0,M,2,Paul Ricard,AlphaTauri
3,65,TSU,4,0,17,16,18,0,79,38.0,26.1,0.0,1.4,55.0,959.9,132.0,M,3,Paul Ricard,AlphaTauri
4,65,TSU,5,0,16,16,18,0,80,37.5,26.1,0.0,1.4,57.1,960.1,111.0,M,4,Paul Ricard,AlphaTauri
5,65,TSU,6,0,16,16,18,0,82,37.5,26.0,0.0,1.3,56.7,960.1,111.0,M,5,Paul Ricard,AlphaTauri
6,65,TSU,7,0,16,16,18,0,83,37.4,26.0,0.0,1.3,56.5,960.2,107.0,M,6,Paul Ricard,AlphaTauri
7,65,TSU,8,0,16,16,18,0,83,37.2,26.0,0.0,1.4,56.2,960.3,120.0,M,7,Paul Ricard,AlphaTauri
8,65,TSU,9,0,16,16,18,0,83,37.4,26.1,0.0,1.3,55.4,960.2,122.0,M,8,Paul Ricard,AlphaTauri
9,65,TSU,10,0,16,16,18,0,83,37.6,26.2,0.0,1.2,54.5,960.2,111.0,M,9,Paul Ricard,AlphaTauri
10,65,TSU,11,0,16,16,18,0,83,37.3,26.3,0.0,1.1,54.8,960.4,117.0,M,10,Paul Ricard,AlphaTauri
11,65,TSU,12,0,16,16,18,0,83,37.7,26.3,0.0,1.2,54.0,960.4,114.0,M,11,Paul Ricard,AlphaTauri
12,65,TSU,13,0,16,16,18,0,83,38.0,26.7,0.0,1.1,52.1,960.3,106.0,M,12,Paul Ricard,AlphaTauri
13,65,TSU,14,0,16,15,18,0,84,37.5,26.7,0.0,1.4,52.5,960.5,114.0,M,13,Paul Ricard,AlphaTauri
14,65,TSU,15,0,15,19,18,0,85,37.5,26.7,0.0,1.3,52.6,960.6,127.0,M,14,Paul Ricard,AlphaTauri
15,65,TSU,16,0,19,19,18,0,86,37.9,26.8,0.0,1.3,52.9,960.6,123.0,H,0,Paul Ricard,AlphaTauri
16,65,TSU,17,0,19,18,18,0,86,37.9,26.8,0.0,1.3,52.9,960.6,123.0,H,1,Paul Ricard,AlphaTauri
17,65,TSU,18,0,18,17,18,0,86,38.9,27.1,0.0,1.3,51.1,960.7,136.0,H,2,Paul Ricard,AlphaTauri
18,65,TSU,19,0,17,17,18,0,86,38.9,27.4,0.0,1.0,49.2,960.7,138.0,H,3,Paul Ricard,AlphaTauri
19,65,TSU,20,0,17,16,18,0,85,38.6,27.1,0.0,1.2,50.6,960.7,121.0,H,4,Paul Ricard,AlphaTauri
20,65,TSU,21,0,16,16,18,0,85,38.9,27.0,0.0,1.2,49.6,960.6,137.0,H,5,Paul Ricard,AlphaTauri
21,65,TSU,22,0,16,16,18,0,85,38.3,26.9,0.0,1.4,49.5,960.8,118.0,H,6,Paul Ricard,AlphaTauri
22,65,TSU,23,0,16,16,18,0,85,38.5,26.8,0.0,1.5,50.2,960.7,134.0,H,7,Paul Ricard,AlphaTauri
23,65,TSU,24,0,16,16,18,0,84,38.5,26.8,0.0,1.5,50.2,960.7,134.0,H,8,Paul Ricard,AlphaTauri
24,65,TSU,25,0,16,16,18,0,84,37.7,26.2,0.0,1.4,52.5,960.8,118.0,H,9,Paul Ricard,AlphaTauri
25,65,TSU,26,0,16,16,18,0,84,37.0,26.2,0.0,1.8,54.7,960.8,127.0,H,10,Paul Ricard,AlphaTauri
26,65,TSU,27,0,16,16,18,0,84,35.6,25.8,0.0,1.8,56.9,960.8,124.0,H,11,Paul Ricard,AlphaTauri
27,65,TSU,28,0,16,14,18,0,84,35.6,25.4,0.0,1.1,58.0,960.9,127.0,H,12,Paul Ricard,AlphaTauri
28,65,TSU,29,0,14,14,18,0,84,35.6,25.4,0.0,1.3,57.6,960.9,126.0,H,13,Paul Ricard,AlphaTauri
29,65,TSU,30,0,14,14,18,0,84,35.9,25.4,0.0,1.2,58.9,960.9,105.0,H,14,Paul Ricard,AlphaTauri
30,65,TSU,31,0,14,14,18,0,84,36.4,25.3,0.0,1.3,58.5,961.1,119.0,H,15,Paul Ricard,AlphaTauri
31,65,TSU,32,0,14,14,18,0,83,35.3,25.0,0.0,1.6,59.4,961.0,135.0,H,16,Paul Ricard,AlphaTauri
32,65,TSU,33,0,14,13,18,0,83,34.9,25.0,0.0,1.2,60.4,960.9,114.0,H,17,Paul Ricard,AlphaTauri
33,65,TSU,34,0,13,12,18,0,83,34.7,25.0,0.0,1.4,60.3,961.1,107.0,H,18,Paul Ricard,AlphaTauri
34,65,TSU,35,0,12,12,18,0,83,34.4,25.0,0.0,1.1,61.5,961.0,124.0,H,19,Paul Ricard,AlphaTauri
35,65,TSU,36,0,12,12,18,0,84,34.7,25.1,0.0,1.2,61.6,961.1,110.0,H,20,Paul Ricard,AlphaTauri
36,65,TSU,37,0,12,12,18,0,84,34.9,25.0,0.0,1.3,61.8,961.0,132.0,H,21,Paul Ricard,AlphaTauri
37,65,TSU,38,0,12,11,18,0,84,34.6,25.0,0.0,1.3,62.4,961.1,111.0,H,22,Paul Ricard,AlphaTauri
38,65,TSU,39,0,11,11,18,0,84,34.6,25.0,0.0,1.3,62.8,961.0,96.0,H,23,Paul Ricard,AlphaTauri
39,65,TSU,40,0,11,11,18,0,84,34.7,24.9,0.0,1.4,64.0,961.0,119.0,H,24,Paul Ricard,AlphaTauri
40,65,TSU,41,0,11,11,18,0,84,34.4,24.6,0.0,1.3,64.8,961.2,113.0,H,25,Paul Ricard,AlphaTauri
41,65,TSU,42,0,11,12,18,0,84,34.0,24.4,0.0,1.2,65.0,961.0,101.0,H,26,Paul Ricard,AlphaTauri
42,65,TSU,43,0,12,12,18,0,84,33.4,24.1,0.0,1.3,65.5,960.9,93.0,H,27,Paul Ricard,AlphaTauri
43,65,TSU,44,0,12,12,18,0,84,33.4,24.1,0.0,1.3,65.4,960.8,106.0,H,28,Paul Ricard,AlphaTauri
44,65,TSU,45,0,12,12,18,0,83,33.6,24.1,0.0,1.2,65.8,961.2,119.0,H,29,Paul Ricard,AlphaTauri
45,65,TSU,46,0,12,12,18,0,83,33.1,24.1,0.0,1.5,67.7,960.9,133.0,H,30,Paul Ricard,AlphaTauri
46,65,TSU,47,0,12,12,18,0,83,33.1,24.2,0.0,1.2,67.7,960.9,102.0,H,31,Paul Ricard,AlphaTauri
47,65,TSU,48,0,12,12,18,0,83,33.5,24.2,0.0,1.3,66.9,960.9,119.0,H,32,Paul Ricard,AlphaTauri
48,65,TSU,49,0,12,12,18,0,82,33.5,24.2,0.0,1.0,66.6,960.9,99.0,H,33,Paul Ricard,AlphaTauri
49,65,TSU,50,0,12,13,18,0,82,33.5,24.1,0.0,1.1,67.6,960.9,122.0,H,34,Paul Ricard,AlphaTauri
50,65,TSU,51,0,13,13,18,0,82,33.8,24.2,0.0,1.1,67.6,961.1,116.0,H,35,Paul Ricard,AlphaTauri
51,65,TSU,52,0,13,13,18,0,82,33.8,24.1,0.0,1.1,68.0,961.0,120.0,H,36,Paul Ricard,AlphaTauri
