,idGP,driver,lap,trackStatus,position,targetPosition,grid,out,performance,trackTemp,airTemp,raining,windSpeed,humidity,pressure,windDir,tyre,tyreLap,track,team
0,59,VER,1,2,1,1,1,0,61,28.1,20.5,0.0,1.3,53.7,1014.6,10.0,M,3,Sakhir,Red Bull Racing
1,59,VER,2,2,1,1,1,0,58,28.1,20.5,0.0,1.0,53.5,1014.8,9.0,M,4,Sakhir,Red Bull Racing
2,59,VER,3,2,1,1,1,0,58,28.1,20.5,0.0,1.1,53.8,1014.8,13.0,M,5,Sakhir,Red Bull Racing
3,59,VER,4,2,1,1,1,0,61,27.9,20.5,0.0,1.0,54.5,1014.8,8.0,M,6,Sakhir,Red Bull Racing
4,59,VER,5,2,1,1,1,0,62,28.0,20.5,0.0,1.0,54.6,1014.8,64.0,M,7,Sakhir,Red Bull Racing
5,59,VER,6,0,1,1,1,0,63,27.9,20.5,0.0,0.9,54.7,1014.7,13.0,M,8,Sakhir,Red Bull Racing
6,59,VER,7,0,1,1,1,0,63,28.1,20.5,0.0,0.8,54.2,1014.7,8.0,M,9,Sakhir,Red Bull Racing
7,59,VER,8,0,1,1,1,0,63,27.9,20.6,0.0,0.9,53.9,1014.8,15.0,M,10,Sakhir,Red Bull Racing
8,59,VER,9,0,1,1,1,0,63,27.9,20.5,0.0,0.8,54.0,1014.8,11.0,M,11,Sakhir,Red Bull Racing
9,59,VER,10,0,1,1,1,0,63,27.8,20.5,0.0,0.9,54.7,1014.8,10.0,M,12,Sakhir,Red Bull Racing
10,59,VER,11,0,1,1,1,0,63,27.8,20.6,0.0,0.9,55.4,1014.8,18.0,M,13,Sakhir,Red Bull Racing
11,59,VER,12,0,1,1,1,0,63,27.6,20.5,0.0,0.6,55.5,1014.8,6.0,M,14,Sakhir,Red Bull Racing
12,59,VER,13,0,1,1,1,0,63,27.6,20.5,0.0,0.9,55.2,1014.8,9.0,M,15,Sakhir,Red Bull Racing
13,59,VER,14,0,1,1,1,0,63,27.7,20.5,0.0,0.7,55.1,1014.8,14.0,M,16,Sakhir,Red Bull Racing
14,59,VER,15,0,1,1,1,0,64,27.7,20.5,0.0,1.0,54.8,1014.8,6.0,M,17,Sakhir,Red Bull Racing
15,59,VER,16,0,1,1,1,0,64,27.7,20.5,0.0,0.9,54.6,1014.9,12.0,M,18,Sakhir,Red Bull Racing
16,59,VER,17,0,1,1,1,0,64,27.5,20.5,0.0,0.8,54.5,1014.9,11.0,M,19,Sakhir,Red Bull Racing
17,59,VER,18,0,1,2,1,0,64,27.6,20.6,0.0,1.1,54.1,1014.9,4.0,M,0,Sakhir,Red Bull Racing
18,59,VER,19,0,2,2,1,0,65,27.7,20.5,0.0,0.9,55.2,1014.9,20.0,M,1,Sakhir,Red Bull Racing
19,59,VER,20,0,2,2,1,0,65,27.6,20.5,0.0,0.9,55.3,1014.9,1.0,M,2,Sakhir,Red Bull Racing
20,59,VER,21,0,2,2,1,0,65,27.1,20.4,0.0,0.6,53.7,1014.9,356.0,M,3,Sakhir,Red Bull Racing
21,59,VER,22,0,2,2,1,0,65,27.3,20.5,0.0,0.8,52.8,1015.0,4.0,M,4,Sakhir,Red Bull Racing
22,59,VER,23,0,2,2,1,0,65,27.2,20.5,0.0,0.9,53.1,1014.9,9.0,M,5,Sakhir,Red Bull Racing
23,59,VER,24,0,2,2,1,0,65,27.2,20.5,0.0,1.0,53.5,1015.0,359.0,M,6,Sakhir,Red Bull Racing
24,59,VER,25,0,2,2,1,0,65,27.2,20.5,0.0,0.7,53.6,1014.9,17.0,M,7,Sakhir,Red Bull Racing
25,59,VER,26,0,2,2,1,0,66,27.1,20.5,0.0,0.8,54.4,1015.0,12.0,M,8,Sakhir,Red Bull Racing
26,59,VER,27,0,2,2,1,0,66,27.1,20.5,0.0,0.7,55.2,1014.9,1.0,M,9,Sakhir,Red Bull Racing
27,59,VER,28,0,2,1,1,0,66,27.0,20.5,0.0,0.6,55.8,1015.0,11.0,M,10,Sakhir,Red Bull Racing
28,59,VER,29,0,1,1,1,0,66,27.0,20.5,0.0,0.7,56.0,1015.0,18.0,M,11,Sakhir,Red Bull Racing
29,59,VER,30,0,1,1,1,0,66,26.9,20.5,0.0,0.6,55.5,1015.0,12.0,M,12,Sakhir,Red Bull Racing
30,59,VER,31,0,1,1,1,0,66,27.1,20.5,0.0,0.7,55.3,1015.1,350.0,M,13,Sakhir,Red Bull Racing
31,59,VER,32,0,1,1,1,0,66,27.0,20.5,0.0,0.8,54.9,1015.1,14.0,M,14,Sakhir,Red Bull Racing
32,59,VER,33,0,1,1,1,0,66,26.9,20.5,0.0,0.7,55.1,1015.1,353.0,M,15,Sakhir,Red Bull Racing
33,59,VER,34,0,1,1,1,0,66,26.8,20.5,0.0,0.8,54.8,1015.1,194.0,M,16,Sakhir,Red Bull Racing
34,59,VER,35,0,1,1,1,0,67,27.0,20.5,0.0,0.9,54.0,1015.1,351.0,M,17,Sakhir,Red Bull Racing
35,59,VER,36,0,1,1,1,0,67,26.7,20.5,0.0,0.8,54.6,1015.1,16.0,M,18,Sakhir,Red Bull Racing
36,59,VER,37,0,1,1,1,0,67,26.7,20.5,0.0,0.8,54.7,1015.1,10.0,M,19,Sakhir,Red Bull Racing
37,59,VER,38,0,1,1,1,0,67,26.6,20.5,0.0,0.8,55.5,1015.1,5.0,M,20,Sakhir,Red Bull Racing
38,59,VER,39,0,1,1,1,0,67,26.6,20.5,0.0,0.6,55.3,1014.9,8.0,M,21,Sakhir,Red Bull Racing
39,59,VER,40,0,1,2,1,0,67,26.6,20.5,0.0,1.0,54.8,1015.0,7.0,H,0,Sakhir,Red Bull Racing
40,59,VER,41,0,2,2,1,0,67,26.3,20.5,0.0,1.0,55.2,1015.0,351.0,H,1,Sakhir,Red Bull Racing
41,59,VER,42,0,2,2,1,0,67,26.5,20.5,0.0,0.8,53.9,1014.9,352.0,H,2,Sakhir,Red Bull Racing
42,59,VER,43,0,2,2,1,0,67,26.5,20.5,0.0,0.6,53.9,1015.1,0.0,H,3,Sakhir,Red Bull Racing
43,59,VER,44,1,2,2,1,0,67,26.4,20.5,0.0,0.5,53.8,1015.1,356.0,H,4,Sakhir,Red Bull Racing
44,59,VER,45,1,2,2,1,0,67,26.3,20.5,0.0,0.8,53.8,1015.1,358.0,H,5,Sakhir,Red Bull Racing
45,59,VER,46,0,2,2,1,0,67,26.3,20.5,0.0,0.8,53.9,1015.1,11.0,H,6,Sakhir,Red Bull Racing
46,59,VER,47,0,2,2,1,0,67,26.3,20.5,0.0,1.0,54.1,1015.0,7.0,H,7,Sakhir,Red Bull Racing
47,59,VER,48,0,2,2,1,0,67,26.4,20.5,0.0,0.8,54.2,1015.0,357.0,H,8,Sakhir,Red Bull Racing
48,59,VER,49,0,2,2,1,0,67,26.3,20.5,0.0,1.1,54.4,1015.1,8.0,H,9,Sakhir,Red Bull Racing
49,59,VER,50,0,2,2,1,0,67,26.3,20.5,0.0,0.9,54.7,1015.1,5.0,H,10,Sakhir,Red Bull Racing
50,59,VER,51,0,2,2,1,0,67,26.3,20.6,0.0,0.8,54.8,1015.1,8.0,H,11,Sakhir,Red Bull Racing
51,59,VER,52,0,2,2,1,0,67,26.3,20.5,0.0,0.6,54.9,1015.1,17.0,H,12,Sakhir,Red Bull Racing
52,59,VER,53,0,2,2,1,0,67,26.0,20.5,0.0,0.6,54.2,1015.2,1.0,H,13,Sakhir,Red Bull Racing
53,59,VER,54,0,2,2,1,0,67,26.1,20.6,0.0,0.7,53.6,1015.2,5.0,H,14,Sakhir,Red Bull Racing
54,59,VER,55,0,2,2,1,0,67,26.2,20.6,0.0,0.9,52.6,1015.1,8.0,H,15,Sakhir,Red Bull Racing
55,59,VER,56,0,2,2,1,0,67,26.2,20.6,0.0,1.0,52.7,1015.2,21.0,H,16,Sakhir,Red Bull Racing
0,59,HAM,1,2,2,2,2,0,65,28.1,20.5,0.0,1.3,53.7,1014.6,10.0,M,3,Sakhir,Mercedes
1,59,HAM,2,2,2,2,2,0,59,28.1,20.5,0.0,1.1,53.8,1014.8,13.0,M,4,Sakhir,Mercedes
2,59,HAM,3,2,2,2,2,0,54,28.0,20.5,0.0,1.0,54.6,1014.8,14.0,M,5,Sakhir,Mercedes
3,59,HAM,4,2,2,2,2,0,54,27.9,20.5,0.0,0.6,54.8,1014.8,15.0,M,6,Sakhir,Mercedes
4,59,HAM,5,2,2,2,2,0,56,27.9,20.5,0.0,0.6,54.7,1014.8,35.0,M,7,Sakhir,Mercedes
5,59,HAM,6,0,2,2,2,0,57,28.1,20.5,0.0,0.8,54.2,1014.7,8.0,M,8,Sakhir,Mercedes
6,59,HAM,7,0,2,2,2,0,57,28.0,20.5,0.0,1.2,54.0,1014.8,11.0,M,9,Sakhir,Mercedes
7,59,HAM,8,0,2,2,2,0,57,27.9,20.5,0.0,0.8,54.0,1014.8,11.0,M,10,Sakhir,Mercedes
8,59,HAM,9,0,2,2,2,0,57,27.8,20.5,0.0,0.9,54.7,1014.8,10.0,M,11,Sakhir,Mercedes
9,59,HAM,10,0,2,2,2,0,58,27.6,20.5,0.0,0.6,55.5,1014.8,6.0,M,12,Sakhir,Mercedes
10,59,HAM,11,0,2,2,2,0,58,27.6,20.5,0.0,0.9,55.2,1014.8,9.0,M,13,Sakhir,Mercedes
11,59,HAM,12,0,2,2,2,0,58,27.7,20.5,0.0,0.7,55.1,1014.8,14.0,M,14,Sakhir,Mercedes
12,59,HAM,13,0,2,2,2,0,59,27.7,20.5,0.0,1.0,54.8,1014.8,6.0,M,15,Sakhir,Mercedes
13,59,HAM,14,0,2,4,2,0,59,27.7,20.5,0.0,0.9,54.6,1014.9,12.0,H,0,Sakhir,Mercedes
14,59,HAM,15,0,4,3,2,0,60,27.6,20.5,0.0,1.1,54.5,1014.9,0.0,H,1,Sakhir,Mercedes
15,59,HAM,16,0,3,3,2,0,61,27.5,20.5,0.0,0.8,54.5,1014.9,11.0,H,2,Sakhir,Mercedes
16,59,HAM,17,0,3,2,2,0,62,27.7,20.5,0.0,0.9,55.2,1014.9,20.0,H,3,Sakhir,Mercedes
17,59,HAM,18,0,2,1,2,0,62,27.6,20.5,0.0,0.9,55.3,1014.9,1.0,H,4,Sakhir,Mercedes
18,59,HAM,19,0,1,1,2,0,63,27.5,20.5,0.0,1.0,54.8,1014.9,346.0,H,5,Sakhir,Mercedes
19,59,HAM,20,0,1,1,2,0,63,27.7,20.5,0.0,0.6,54.7,1014.9,359.0,H,6,Sakhir,Mercedes
20,59,HAM,21,0,1,1,2,0,64,27.6,20.5,0.0,0.9,53.8,1015.0,16.0,H,7,Sakhir,Mercedes
21,59,HAM,22,0,1,1,2,0,64,27.1,20.5,0.0,0.7,53.4,1014.9,356.0,H,8,Sakhir,Mercedes
22,59,HAM,23,0,1,1,2,0,65,27.2,20.5,0.0,1.0,52.7,1015.0,356.0,H,9,Sakhir,Mercedes
23,59,HAM,24,0,1,1,2,0,65,27.2,20.5,0.0,0.9,53.1,1014.9,9.0,H,10,Sakhir,Mercedes
24,59,HAM,25,0,1,1,2,0,65,27.4,20.5,0.0,0.6,53.7,1014.9,7.0,H,11,Sakhir,Mercedes
25,59,HAM,26,0,1,1,2,0,66,27.1,20.5,0.0,0.8,54.4,1015.0,12.0,H,12,Sakhir,Mercedes
26,59,HAM,27,0,1,1,2,0,66,27.0,20.5,0.0,0.6,55.8,1015.0,11.0,H,13,Sakhir,Mercedes
27,59,HAM,28,0,1,2,2,0,66,27.0,20.5,0.0,0.7,56.0,1015.0,18.0,H,14,Sakhir,Mercedes
28,59,HAM,29,0,2,3,2,0,66,27.0,20.5,0.0,0.9,56.0,1015.0,6.0,H,0,Sakhir,Mercedes
29,59,HAM,30,0,3,3,2,0,67,27.0,20.5,0.0,0.8,56.0,1015.1,3.0,H,1,Sakhir,Mercedes
30,59,HAM,31,0,3,2,2,0,67,27.1,20.5,0.0,0.7,55.3,1015.1,350.0,H,2,Sakhir,Mercedes
31,59,HAM,32,0,2,2,2,0,67,26.8,20.5,0.0,0.8,54.8,1015.1,194.0,H,3,Sakhir,Mercedes
32,59,HAM,33,0,2,2,2,0,67,27.0,20.5,0.0,0.9,54.0,1015.1,351.0,H,4,Sakhir,Mercedes
33,59,HAM,34,0,2,2,2,0,67,26.8,20.5,0.0,1.0,54.3,1015.1,9.0,H,5,Sakhir,Mercedes
34,59,HAM,35,0,2,2,2,0,67,26.7,20.5,0.0,0.8,54.7,1015.1,10.0,H,6,Sakhir,Mercedes
35,59,HAM,36,0,2,2,2,0,67,26.5,20.5,0.0,0.9,55.4,1015.1,5.0,H,7,Sakhir,Mercedes
36,59,HAM,37,0,2,2,2,0,67,26.6,20.5,0.0,0.8,55.5,1015.1,5.0,H,8,Sakhir,Mercedes
37,59,HAM,38,0,2,2,2,0,68,26.6,20.5,0.0,0.6,55.3,1014.9,8.0,H,9,Sakhir,Mercedes
38,59,HAM,39,0,2,2,2,0,67,26.6,20.5,0.0,1.0,54.8,1015.0,7.0,H,10,Sakhir,Mercedes
39,59,HAM,40,0,2,1,2,0,67,26.6,20.5,0.0,1.2,55.1,1015.1,10.0,H,11,Sakhir,Mercedes
40,59,HAM,41,0,1,1,2,0,68,26.3,20.4,0.0,1.0,55.1,1015.0,12.0,H,12,Sakhir,Mercedes
41,59,HAM,42,0,1,1,2,0,68,26.5,20.5,0.0,1.3,53.9,1015.0,12.0,H,13,Sakhir,Mercedes
42,59,HAM,43,0,1,1,2,0,68,26.2,20.5,0.0,0.8,54.2,1015.1,359.0,H,14,Sakhir,Mercedes
43,59,HAM,44,1,1,1,2,0,68,26.5,20.5,0.0,0.8,53.9,1014.9,352.0,H,15,Sakhir,Mercedes
44,59,HAM,45,1,1,1,2,0,68,26.5,20.5,0.0,0.6,53.9,1015.1,0.0,H,16,Sakhir,Mercedes
45,59,HAM,46,0,1,1,2,0,68,26.3,20.5,0.0,0.8,53.8,1015.1,358.0,H,17,Sakhir,Mercedes
46,59,HAM,47,0,1,1,2,0,68,26.3,20.5,0.0,1.0,54.1,1015.0,7.0,H,18,Sakhir,Mercedes
47,59,HAM,48,0,1,1,2,0,69,26.4,20.5,0.0,0.8,54.3,1015.1,17.0,H,19,Sakhir,Mercedes
48,59,HAM,49,0,1,1,2,0,69,26.4,20.5,0.0,0.8,54.2,1015.0,357.0,H,20,Sakhir,Mercedes
49,59,HAM,50,0,1,1,2,0,69,26.3,20.5,0.0,1.1,54.4,1015.1,8.0,H,21,Sakhir,Mercedes
50,59,HAM,51,0,1,1,2,0,69,26.3,20.5,0.0,0.9,54.7,1015.1,5.0,H,22,Sakhir,Mercedes
51,59,HAM,52,0,1,1,2,0,69,26.1,20.5,0.0,0.7,55.1,1015.1,7.0,H,23,Sakhir,Mercedes
52,59,HAM,53,0,1,1,2,0,69,26.3,20.5,0.0,0.6,54.9,1015.1,31.0,H,24,Sakhir,Mercedes
53,59,HAM,54,0,1,1,2,0,69,26.0,20.5,0.0,0.7,54.8,1015.2,350.0,H,25,Sakhir,Mercedes
54,59,HAM,55,0,1,1,2,0,69,26.2,20.6,0.0,0.9,52.6,1015.1,8.0,H,26,Sakhir,Mercedes
55,59,HAM,56,0,1,1,2,0,69,26.2,20.6,0.0,1.0,52.7,1015.2,21.0,H,27,Sakhir,Mercedes
0,59,BOT,1,2,4,4,4,0,66,28.1,20.5,0.0,1.3,53.9,1014.6,7.0,M,3,Sakhir,Mercedes
1,59,BOT,2,2,4,4,4,0,62,28.1,20.5,0.0,1.3,53.7,1014.6,10.0,M,4,Sakhir,Mercedes
2,59,BOT,3,2,4,4,4,0,59,28.1,20.5,0.0,1.2,54.3,1014.8,6.0,M,5,Sakhir,Mercedes
3,59,BOT,4,2,4,4,4,0,59,27.9,20.5,0.0,1.0,54.5,1014.8,8.0,M,6,Sakhir,Mercedes
4,59,BOT,5,2,4,4,4,0,61,28.0,20.5,0.0,1.0,54.6,1014.8,64.0,M,7,Sakhir,Mercedes
5,59,BOT,6,0,4,3,4,0,61,28.0,20.5,0.0,1.0,54.6,1014.8,14.0,M,8,Sakhir,Mercedes
6,59,BOT,7,0,3,3,4,0,62,27.9,20.5,0.0,0.6,54.8,1014.8,15.0,M,9,Sakhir,Mercedes
7,59,BOT,8,0,3,3,4,0,62,28.1,20.5,0.0,0.8,54.2,1014.7,8.0,M,10,Sakhir,Mercedes
8,59,BOT,9,0,3,3,4,0,62,28.0,20.5,0.0,1.2,54.0,1014.8,11.0,M,11,Sakhir,Mercedes
9,59,BOT,10,0,3,3,4,0,63,27.8,20.6,0.0,0.9,55.4,1014.8,18.0,M,12,Sakhir,Mercedes
10,59,BOT,11,0,3,3,4,0,63,27.7,20.5,0.0,0.7,55.1,1014.8,14.0,M,13,Sakhir,Mercedes
11,59,BOT,12,0,3,3,4,0,63,27.7,20.5,0.0,1.0,54.8,1014.8,6.0,M,14,Sakhir,Mercedes
12,59,BOT,13,0,3,3,4,0,63,27.7,20.5,0.0,0.9,54.6,1014.9,12.0,M,15,Sakhir,Mercedes
13,59,BOT,14,0,3,2,4,0,63,27.6,20.5,0.0,1.1,54.5,1014.9,0.0,M,16,Sakhir,Mercedes
14,59,BOT,15,0,2,2,4,0,64,27.5,20.5,0.0,0.8,54.5,1014.9,11.0,M,17,Sakhir,Mercedes
15,59,BOT,16,0,2,2,4,0,65,27.6,20.6,0.0,1.1,54.1,1014.9,4.0,M,18,Sakhir,Mercedes
16,59,BOT,17,0,2,4,4,0,66,27.7,20.5,0.0,0.9,55.2,1014.9,20.0,H,0,Sakhir,Mercedes
17,59,BOT,18,0,4,3,4,0,66,27.6,20.5,0.0,0.9,55.3,1014.9,1.0,H,1,Sakhir,Mercedes
18,59,BOT,19,0,3,3,4,0,67,27.6,20.5,0.0,1.0,53.9,1014.9,13.0,H,2,Sakhir,Mercedes
19,59,BOT,20,0,3,3,4,0,67,27.1,20.4,0.0,0.6,53.7,1014.9,356.0,H,3,Sakhir,Mercedes
20,59,BOT,21,0,3,3,4,0,68,27.1,20.5,0.0,0.7,53.4,1014.9,356.0,H,4,Sakhir,Mercedes
21,59,BOT,22,0,3,3,4,0,68,27.3,20.5,0.0,0.8,52.8,1015.0,4.0,H,5,Sakhir,Mercedes
22,59,BOT,23,0,3,3,4,0,69,27.2,20.5,0.0,1.0,52.7,1015.0,356.0,H,6,Sakhir,Mercedes
23,59,BOT,24,0,3,3,4,0,69,27.2,20.5,0.0,0.9,53.1,1014.9,9.0,H,7,Sakhir,Mercedes
24,59,BOT,25,0,3,3,4,0,69,27.0,20.5,0.0,0.6,55.8,1015.0,11.0,H,8,Sakhir,Mercedes
25,59,BOT,26,0,3,3,4,0,69,27.0,20.5,0.0,0.9,56.0,1015.0,6.0,H,9,Sakhir,Mercedes
26,59,BOT,27,0,3,3,4,0,69,27.0,20.5,0.0,0.8,56.0,1015.1,3.0,H,10,Sakhir,Mercedes
27,59,BOT,28,0,3,3,4,0,70,27.0,20.5,0.0,0.8,55.6,1015.1,16.0,H,11,Sakhir,Mercedes
28,59,BOT,29,0,3,2,4,0,70,26.9,20.5,0.0,0.6,55.5,1015.0,12.0,H,12,Sakhir,Mercedes
29,59,BOT,30,0,2,2,4,0,70,27.1,20.5,0.0,0.7,55.3,1015.1,350.0,H,13,Sakhir,Mercedes
30,59,BOT,31,0,2,5,4,0,70,26.8,20.5,0.0,0.8,54.8,1015.1,194.0,H,0,Sakhir,Mercedes
31,59,BOT,32,0,5,4,4,0,70,27.0,20.5,0.0,0.5,54.2,1015.1,4.0,H,1,Sakhir,Mercedes
32,59,BOT,33,0,4,4,4,0,71,27.0,20.5,0.0,0.9,54.0,1015.1,351.0,H,2,Sakhir,Mercedes
33,59,BOT,34,0,4,3,4,0,71,26.7,20.5,0.0,0.8,54.7,1015.1,10.0,H,3,Sakhir,Mercedes
34,59,BOT,35,0,3,3,4,0,71,26.6,20.6,0.0,0.9,55.1,1015.1,13.0,H,4,Sakhir,Mercedes
35,59,BOT,36,0,3,3,4,0,71,26.5,20.5,0.0,0.9,55.4,1015.1,5.0,H,5,Sakhir,Mercedes
36,59,BOT,37,0,3,3,4,0,71,26.5,20.5,0.0,0.9,55.2,1015.1,17.0,H,6,Sakhir,Mercedes
37,59,BOT,38,0,3,3,4,0,71,26.6,20.5,0.0,0.8,55.5,1015.1,5.0,H,7,Sakhir,Mercedes
38,59,BOT,39,0,3,3,4,0,71,26.6,20.5,0.0,1.0,54.8,1015.0,7.0,H,8,Sakhir,Mercedes
39,59,BOT,40,0,3,3,4,0,71,26.6,20.5,0.0,1.2,55.1,1015.1,10.0,H,9,Sakhir,Mercedes
40,59,BOT,41,0,3,3,4,0,71,26.3,20.4,0.0,1.0,55.1,1015.0,12.0,H,10,Sakhir,Mercedes
41,59,BOT,42,0,3,3,4,0,71,26.5,20.5,0.0,1.3,53.9,1015.0,12.0,H,11,Sakhir,Mercedes
42,59,BOT,43,0,3,3,4,0,71,26.2,20.5,0.0,0.8,54.2,1015.0,5.0,H,12,Sakhir,Mercedes
43,59,BOT,44,1,3,3,4,0,71,26.4,20.5,0.0,0.7,54.1,1015.1,8.0,H,13,Sakhir,Mercedes
44,59,BOT,45,1,3,3,4,0,72,26.5,20.5,0.0,0.6,53.9,1015.1,0.0,H,14,Sakhir,Mercedes
45,59,BOT,46,0,3,3,4,0,72,26.3,20.5,0.0,0.8,53.8,1015.1,358.0,H,15,Sakhir,Mercedes
46,59,BOT,47,0,3,3,4,0,72,26.4,20.5,0.0,0.8,54.3,1015.1,17.0,H,16,Sakhir,Mercedes
47,59,BOT,48,0,3,3,4,0,72,26.4,20.5,0.0,0.8,54.2,1015.0,357.0,H,17,Sakhir,Mercedes
48,59,BOT,49,0,3,3,4,0,72,26.3,20.5,0.0,1.1,54.4,1015.1,8.0,H,18,Sakhir,Mercedes
49,59,BOT,50,0,3,3,4,0,72,26.3,20.6,0.0,0.8,54.8,1015.1,8.0,H,19,Sakhir,Mercedes
50,59,BOT,51,0,3,3,4,0,72,26.1,20.5,0.0,0.7,55.1,1015.1,7.0,H,20,Sakhir,Mercedes
51,59,BOT,52,0,3,3,4,0,72,26.3,20.5,0.0,0.6,54.9,1015.1,17.0,H,21,Sakhir,Mercedes
52,59,BOT,53,0,3,3,4,0,72,26.1,20.5,0.0,0.8,54.9,1015.1,14.0,H,22,Sakhir,Mercedes
53,59,BOT,54,0,3,3,4,0,72,26.0,20.5,0.0,0.7,54.8,1015.2,350.0,H,23,Sakhir,Mercedes
54,59,BOT,55,0,3,3,4,0,72,26.2,20.6,0.0,0.9,52.6,1015.1,8.0,M,3,Sakhir,Mercedes
55,59,BOT,56,0,3,3,4,0,72,26.2,20.6,0.0,1.0,52.7,1015.2,21.0,M,4,Sakhir,Mercedes
0,59,LEC,1,2,3,3,3,0,57,28.1,20.5,0.0,1.1,53.8,1014.8,13.0,S,3,Sakhir,Ferrari
1,59,LEC,2,2,3,3,3,0,56,28.1,20.5,0.0,1.2,54.3,1014.8,6.0,S,4,Sakhir,Ferrari
2,59,LEC,3,2,3,3,3,0,54,28.0,20.5,0.0,1.0,54.6,1014.8,14.0,S,5,Sakhir,Ferrari
3,59,LEC,4,2,3,3,3,0,54,27.9,20.5,0.0,0.9,54.7,1014.7,13.0,S,6,Sakhir,Ferrari
4,59,LEC,5,2,3,3,3,0,54,27.9,20.5,0.0,0.6,54.8,1014.8,15.0,S,7,Sakhir,Ferrari
5,59,LEC,6,0,3,4,3,0,54,27.9,20.6,0.0,0.9,53.9,1014.8,15.0,S,8,Sakhir,Ferrari
6,59,LEC,7,0,4,4,3,0,54,27.8,20.5,0.0,0.9,54.7,1014.8,10.0,S,9,Sakhir,Ferrari
7,59,LEC,8,0,4,4,3,0,55,27.7,20.5,0.0,1.0,55.0,1014.7,10.0,S,10,Sakhir,Ferrari
8,59,LEC,9,0,4,5,3,0,55,27.7,20.5,0.0,1.0,54.8,1014.8,6.0,S,11,Sakhir,Ferrari
9,59,LEC,10,0,5,5,3,0,55,27.5,20.5,0.0,0.8,54.5,1014.9,11.0,S,12,Sakhir,Ferrari
10,59,LEC,11,0,5,5,3,0,56,27.7,20.6,0.0,1.2,54.8,1014.8,0.0,S,13,Sakhir,Ferrari
11,59,LEC,12,0,5,6,3,0,56,27.6,20.5,0.0,0.9,55.3,1014.9,1.0,S,14,Sakhir,Ferrari
12,59,LEC,13,0,6,14,3,0,56,27.6,20.5,0.0,0.9,53.8,1015.0,16.0,M,0,Sakhir,Ferrari
13,59,LEC,14,0,14,9,3,0,56,27.6,20.5,0.0,1.0,53.9,1014.9,13.0,M,1,Sakhir,Ferrari
14,59,LEC,15,0,9,9,3,0,57,27.0,20.4,0.0,0.8,54.3,1014.9,1.0,M,2,Sakhir,Ferrari
15,59,LEC,16,0,9,6,3,0,57,27.1,20.4,0.0,0.6,53.7,1014.9,356.0,M,3,Sakhir,Ferrari
16,59,LEC,17,0,6,6,3,0,58,27.1,20.5,0.0,0.7,53.4,1014.9,356.0,M,4,Sakhir,Ferrari
17,59,LEC,18,0,6,6,3,0,58,27.3,20.5,0.0,0.8,52.8,1015.0,4.0,M,5,Sakhir,Ferrari
18,59,LEC,19,0,6,6,3,0,59,27.2,20.5,0.0,0.9,53.1,1014.9,9.0,M,6,Sakhir,Ferrari
19,59,LEC,20,0,6,5,3,0,60,27.2,20.5,0.0,1.0,53.5,1015.0,359.0,M,7,Sakhir,Ferrari
20,59,LEC,21,0,5,5,3,0,60,27.4,20.5,0.0,0.6,53.7,1014.9,7.0,M,8,Sakhir,Ferrari
21,59,LEC,22,0,5,5,3,0,61,27.1,20.5,0.0,0.7,55.2,1014.9,1.0,M,9,Sakhir,Ferrari
22,59,LEC,23,0,5,5,3,0,61,27.0,20.5,0.0,0.6,55.8,1015.0,11.0,M,10,Sakhir,Ferrari
23,59,LEC,24,0,5,5,3,0,62,26.9,20.5,0.0,1.0,56.0,1015.1,24.0,M,11,Sakhir,Ferrari
24,59,LEC,25,0,5,5,3,0,62,27.0,20.5,0.0,0.7,56.0,1015.0,18.0,M,12,Sakhir,Ferrari
25,59,LEC,26,0,5,5,3,0,63,27.0,20.5,0.0,0.8,56.0,1015.1,3.0,M,13,Sakhir,Ferrari
26,59,LEC,27,0,5,5,3,0,63,27.0,20.5,0.0,0.8,55.6,1015.1,16.0,M,14,Sakhir,Ferrari
27,59,LEC,28,0,5,5,3,0,63,26.9,20.5,0.0,0.6,55.5,1015.0,12.0,M,15,Sakhir,Ferrari
28,59,LEC,29,0,5,5,3,0,64,27.1,20.5,0.0,0.7,55.3,1015.1,350.0,M,16,Sakhir,Ferrari
29,59,LEC,30,0,5,5,3,0,64,27.0,20.5,0.0,0.8,54.9,1015.1,14.0,M,17,Sakhir,Ferrari
30,59,LEC,31,0,5,4,3,0,64,26.9,20.5,0.0,0.7,55.1,1015.1,353.0,M,18,Sakhir,Ferrari
31,59,LEC,32,0,4,5,3,0,64,26.8,20.5,0.0,0.8,54.8,1015.1,194.0,M,19,Sakhir,Ferrari
32,59,LEC,33,0,5,7,3,0,65,26.8,20.5,0.0,1.0,54.3,1015.1,9.0,H,0,Sakhir,Ferrari
33,59,LEC,34,0,7,7,3,0,65,26.5,20.5,0.0,0.9,55.2,1015.1,17.0,H,1,Sakhir,Ferrari
34,59,LEC,35,0,7,7,3,0,65,26.6,20.5,0.0,0.8,55.5,1015.1,5.0,H,2,Sakhir,Ferrari
35,59,LEC,36,0,7,7,3,0,65,26.6,20.5,0.0,0.6,55.3,1014.9,8.0,H,3,Sakhir,Ferrari
36,59,LEC,37,0,7,7,3,0,66,26.6,20.5,0.0,1.2,55.1,1015.1,10.0,H,4,Sakhir,Ferrari
37,59,LEC,38,0,7,6,3,0,66,26.3,20.5,0.0,1.0,55.2,1015.0,351.0,H,5,Sakhir,Ferrari
38,59,LEC,39,0,6,5,3,0,66,26.3,20.4,0.0,1.0,55.1,1015.0,12.0,H,6,Sakhir,Ferrari
39,59,LEC,40,0,5,5,3,0,66,26.3,20.4,0.0,0.8,55.1,1015.1,10.0,H,7,Sakhir,Ferrari
40,59,LEC,41,0,5,5,3,0,66,26.5,20.5,0.0,0.9,54.5,1015.0,15.0,H,8,Sakhir,Ferrari
41,59,LEC,42,0,5,5,3,0,67,26.5,20.5,0.0,1.3,53.9,1015.0,12.0,H,9,Sakhir,Ferrari
42,59,LEC,43,0,5,5,3,0,67,26.2,20.5,0.0,0.8,54.2,1015.0,5.0,H,10,Sakhir,Ferrari
43,59,LEC,44,1,5,5,3,0,67,26.2,20.5,0.0,0.8,54.2,1015.1,359.0,H,11,Sakhir,Ferrari
44,59,LEC,45,1,5,5,3,0,67,26.5,20.5,0.0,0.6,53.9,1015.1,0.0,H,12,Sakhir,Ferrari
45,59,LEC,46,0,5,5,3,0,67,26.3,20.5,0.0,1.0,54.1,1015.0,7.0,H,13,Sakhir,Ferrari
46,59,LEC,47,0,5,5,3,0,68,26.4,20.5,0.0,0.8,54.3,1015.1,17.0,H,14,Sakhir,Ferrari
47,59,LEC,48,0,5,5,3,0,68,26.4,20.5,0.0,0.8,54.2,1015.0,357.0,H,15,Sakhir,Ferrari
48,59,LEC,49,0,5,5,3,0,68,26.3,20.5,0.0,0.9,54.7,1015.1,5.0,H,16,Sakhir,Ferrari
49,59,LEC,50,0,5,5,3,0,68,26.1,20.5,0.0,0.7,55.1,1015.1,7.0,H,17,Sakhir,Ferrari
50,59,LEC,51,0,5,5,3,0,68,26.3,20.5,0.0,0.6,54.9,1015.1,31.0,H,18,Sakhir,Ferrari
51,59,LEC,52,0,5,6,3,0,68,26.0,20.5,0.0,0.6,54.2,1015.2,1.0,H,19,Sakhir,Ferrari
52,59,LEC,53,0,6,6,3,0,68,26.1,20.6,0.0,0.7,53.6,1015.2,5.0,H,20,Sakhir,Ferrari
53,59,LEC,54,0,6,6,3,0,68,26.2,20.6,0.0,0.9,52.6,1015.1,8.0,H,21,Sakhir,Ferrari
54,59,LEC,55,0,6,6,3,0,69,26.2,20.6,0.0,1.0,52.7,1015.2,21.0,H,22,Sakhir,Ferrari
55,59,LEC,56,0,6,6,3,0,69,26.1,20.6,0.0,0.9,52.7,1015.1,9.0,H,23,Sakhir,Ferrari
0,59,GAS,1,2,5,5,5,0,53,28.1,20.5,0.0,1.0,53.5,1014.8,9.0,M,3,Sakhir,AlphaTauri
1,59,GAS,2,2,5,5,5,0,61,28.1,20.5,0.0,1.1,53.8,1014.8,13.0,M,4,Sakhir,AlphaTauri
2,59,GAS,3,2,5,5,5,0,61,27.9,20.5,0.0,1.0,54.5,1014.8,8.0,M,5,Sakhir,AlphaTauri
3,59,GAS,4,2,5,18,5,0,59,27.9,20.5,0.0,0.9,54.7,1014.7,13.0,M,6,Sakhir,AlphaTauri
4,59,GAS,5,2,18,19,5,0,56,27.9,20.5,0.0,0.6,54.8,1014.8,15.0,H,0,Sakhir,AlphaTauri
5,59,GAS,6,0,19,19,5,0,56,27.9,20.5,0.0,0.6,54.7,1014.8,35.0,H,1,Sakhir,AlphaTauri
6,59,GAS,7,0,19,19,5,0,56,27.9,20.6,0.0,0.9,53.9,1014.8,15.0,H,2,Sakhir,AlphaTauri
7,59,GAS,8,0,19,19,5,0,56,27.9,20.5,0.0,0.8,54.0,1014.8,11.0,H,3,Sakhir,AlphaTauri
8,59,GAS,9,0,19,19,5,0,56,27.6,20.5,0.0,0.9,55.2,1014.8,9.0,H,4,Sakhir,AlphaTauri
9,59,GAS,10,0,19,19,5,0,57,27.7,20.5,0.0,0.7,55.1,1014.8,14.0,H,5,Sakhir,AlphaTauri
10,59,GAS,11,0,19,19,5,0,56,27.7,20.5,0.0,1.0,54.8,1014.8,6.0,H,6,Sakhir,AlphaTauri
11,59,GAS,12,0,19,19,5,0,56,27.6,20.5,0.0,1.1,54.5,1014.9,0.0,H,7,Sakhir,AlphaTauri
12,59,GAS,13,0,19,19,5,0,56,27.5,20.5,0.0,0.8,54.5,1014.9,11.0,H,8,Sakhir,AlphaTauri
13,59,GAS,14,0,19,19,5,0,57,27.6,20.6,0.0,1.1,54.1,1014.9,4.0,H,9,Sakhir,AlphaTauri
14,59,GAS,15,0,19,17,5,0,57,27.7,20.6,0.0,1.2,54.8,1014.8,0.0,H,10,Sakhir,AlphaTauri
15,59,GAS,16,0,17,17,5,0,57,27.6,20.5,0.0,0.9,55.3,1014.9,1.0,H,11,Sakhir,AlphaTauri
16,59,GAS,17,0,17,17,5,0,58,27.5,20.5,0.0,1.0,54.8,1014.9,346.0,H,12,Sakhir,AlphaTauri
17,59,GAS,18,0,17,18,5,0,58,27.6,20.5,0.0,1.0,53.9,1014.9,13.0,H,13,Sakhir,AlphaTauri
18,59,GAS,19,0,18,18,5,0,58,27.3,20.5,0.0,0.8,52.8,1015.0,4.0,H,14,Sakhir,AlphaTauri
19,59,GAS,20,0,18,19,5,0,58,27.2,20.5,0.0,1.0,52.7,1015.0,356.0,M,3,Sakhir,AlphaTauri
20,59,GAS,21,0,19,19,5,0,58,27.4,20.5,0.0,0.6,53.7,1014.9,7.0,M,4,Sakhir,AlphaTauri
21,59,GAS,22,0,19,19,5,0,58,27.2,20.5,0.0,0.7,53.6,1014.9,17.0,M,5,Sakhir,AlphaTauri
22,59,GAS,23,0,19,19,5,0,59,27.1,20.5,0.0,0.7,55.2,1014.9,1.0,M,6,Sakhir,AlphaTauri
23,59,GAS,24,0,19,19,5,0,59,27.0,20.5,0.0,0.6,55.8,1015.0,11.0,M,7,Sakhir,AlphaTauri
24,59,GAS,25,0,19,19,5,0,59,26.9,20.5,0.0,1.0,56.0,1015.1,24.0,M,8,Sakhir,AlphaTauri
25,59,GAS,26,0,19,19,5,0,59,27.0,20.5,0.0,0.7,56.0,1015.0,18.0,M,9,Sakhir,AlphaTauri
26,59,GAS,27,0,19,18,5,0,59,27.0,20.5,0.0,0.8,55.6,1015.1,16.0,M,10,Sakhir,AlphaTauri
27,59,GAS,28,0,18,18,5,0,59,26.9,20.5,0.0,0.7,55.1,1015.1,353.0,M,11,Sakhir,AlphaTauri
28,59,GAS,29,0,18,18,5,0,60,26.8,20.5,0.0,0.8,54.8,1015.1,194.0,M,12,Sakhir,AlphaTauri
29,59,GAS,30,0,18,18,5,0,60,27.0,20.5,0.0,0.5,54.2,1015.1,4.0,M,13,Sakhir,AlphaTauri
30,59,GAS,31,0,18,18,5,0,60,27.0,20.5,0.0,0.9,54.0,1015.1,351.0,M,14,Sakhir,AlphaTauri
31,59,GAS,32,0,18,18,5,0,60,26.8,20.5,0.0,1.0,54.3,1015.1,9.0,M,15,Sakhir,AlphaTauri
32,59,GAS,33,0,18,16,5,0,60,26.7,20.5,0.0,0.8,54.6,1015.1,16.0,M,16,Sakhir,AlphaTauri
33,59,GAS,34,0,16,16,5,0,61,26.7,20.5,0.0,0.8,54.7,1015.1,10.0,M,17,Sakhir,AlphaTauri
34,59,GAS,35,0,16,16,5,0,61,26.6,20.6,0.0,0.9,55.1,1015.1,13.0,M,18,Sakhir,AlphaTauri
35,59,GAS,36,0,16,16,5,0,61,26.5,20.5,0.0,0.9,55.4,1015.1,5.0,M,19,Sakhir,AlphaTauri
36,59,GAS,37,0,16,15,5,0,61,26.5,20.5,0.0,0.9,55.2,1015.1,17.0,M,20,Sakhir,AlphaTauri
37,59,GAS,38,0,15,15,5,0,61,26.6,20.5,0.0,0.8,55.5,1015.1,5.0,M,21,Sakhir,AlphaTauri
38,59,GAS,39,0,15,16,5,0,61,26.6,20.5,0.0,0.6,55.3,1014.9,8.0,M,22,Sakhir,AlphaTauri
39,59,GAS,40,0,16,16,5,0,61,26.3,20.5,0.0,1.0,55.2,1015.0,351.0,H,0,Sakhir,AlphaTauri
40,59,GAS,41,0,16,16,5,0,61,26.3,20.4,0.0,1.0,55.1,1015.0,12.0,H,1,Sakhir,AlphaTauri
41,59,GAS,42,0,16,16,5,0,61,26.3,20.4,0.0,0.8,55.1,1015.1,10.0,H,2,Sakhir,AlphaTauri
42,59,GAS,43,0,16,16,5,0,61,26.5,20.5,0.0,0.9,54.5,1015.0,15.0,H,3,Sakhir,AlphaTauri
43,59,GAS,44,1,16,16,5,0,61,26.5,20.5,0.0,0.8,53.9,1014.9,352.0,H,4,Sakhir,AlphaTauri
44,59,GAS,45,1,16,16,5,0,61,26.5,20.5,0.0,0.6,53.9,1015.1,0.0,H,5,Sakhir,AlphaTauri
45,59,GAS,46,0,16,16,5,0,61,26.3,20.5,0.0,0.8,53.9,1015.1,11.0,H,6,Sakhir,AlphaTauri
46,59,GAS,47,0,16,16,5,0,61,26.3,20.5,0.0,1.0,54.1,1015.0,7.0,H,7,Sakhir,AlphaTauri
47,59,GAS,48,0,16,16,5,0,62,26.3,20.6,0.0,0.8,54.8,1015.1,8.0,H,8,Sakhir,AlphaTauri
48,59,GAS,49,0,16,16,5,0,62,26.1,20.5,0.0,0.7,55.1,1015.1,7.0,H,9,Sakhir,AlphaTauri
49,59,GAS,50,0,16,16,5,0,62,26.3,20.5,0.0,0.6,54.9,1015.1,17.0,H,10,Sakhir,AlphaTauri
50,59,GAS,51,0,16,16,5,0,62,26.1,20.5,0.0,0.8,54.9,1015.1,14.0,H,11,Sakhir,AlphaTauri
51,59,GAS,52,0,16,16,5,0,62,26.1,20.6,0.0,0.7,53.6,1015.2,5.0,H,12,Sakhir,AlphaTauri
0,59,RIC,1,2,7,7,7,0,61,28.1,20.5,0.0,1.3,53.9,1014.6,7.0,S,3,Sakhir,McLaren
1,59,RIC,2,2,7,7,7,0,59,28.1,20.5,0.0,1.3,53.7,1014.6,10.0,S,4,Sakhir,McLaren
2,59,RIC,3,2,7,7,7,0,58,28.1,20.5,0.0,1.1,53.8,1014.8,13.0,S,5,Sakhir,McLaren
3,59,RIC,4,2,7,6,7,0,60,28.1,20.5,0.0,1.2,54.3,1014.8,6.0,S,6,Sakhir,McLaren
4,59,RIC,5,2,6,6,7,0,60,27.9,20.5,0.0,1.0,54.5,1014.8,8.0,S,7,Sakhir,McLaren
5,59,RIC,6,0,6,6,7,0,61,28.0,20.5,0.0,1.0,54.6,1014.8,64.0,S,8,Sakhir,McLaren
6,59,RIC,7,0,6,6,7,0,62,27.9,20.5,0.0,0.6,54.7,1014.8,35.0,S,9,Sakhir,McLaren
7,59,RIC,8,0,6,6,7,0,63,28.1,20.5,0.0,0.8,54.2,1014.7,8.0,S,10,Sakhir,McLaren
8,59,RIC,9,0,6,6,7,0,63,28.0,20.5,0.0,1.2,54.0,1014.8,11.0,S,11,Sakhir,McLaren
9,59,RIC,10,0,6,6,7,0,63,27.7,20.5,0.0,1.0,55.0,1014.7,10.0,S,12,Sakhir,McLaren
10,59,RIC,11,0,6,6,7,0,64,27.8,20.6,0.0,0.9,55.4,1014.8,18.0,S,13,Sakhir,McLaren
11,59,RIC,12,0,6,4,7,0,64,27.6,20.5,0.0,0.9,55.2,1014.8,9.0,S,14,Sakhir,McLaren
12,59,RIC,13,0,4,4,7,0,64,27.7,20.5,0.0,0.7,55.1,1014.8,14.0,S,15,Sakhir,McLaren
13,59,RIC,14,0,4,11,7,0,64,27.7,20.5,0.0,1.0,54.8,1014.8,6.0,M,0,Sakhir,McLaren
14,59,RIC,15,0,11,10,7,0,64,27.7,20.5,0.0,0.9,54.6,1014.9,12.0,M,1,Sakhir,McLaren
15,59,RIC,16,0,10,8,7,0,64,27.6,20.5,0.0,1.1,54.5,1014.9,0.0,M,2,Sakhir,McLaren
16,59,RIC,17,0,8,8,7,0,64,27.7,20.6,0.0,1.2,54.8,1014.8,0.0,M,3,Sakhir,McLaren
17,59,RIC,18,0,8,8,7,0,64,27.7,20.5,0.0,0.9,55.2,1014.9,20.0,M,4,Sakhir,McLaren
18,59,RIC,19,0,8,7,7,0,64,27.5,20.5,0.0,1.0,54.8,1014.9,346.0,M,5,Sakhir,McLaren
19,59,RIC,20,0,7,6,7,0,64,27.7,20.5,0.0,0.6,54.7,1014.9,359.0,M,6,Sakhir,McLaren
20,59,RIC,21,0,6,6,7,0,64,27.6,20.5,0.0,0.9,53.8,1015.0,16.0,M,7,Sakhir,McLaren
21,59,RIC,22,0,6,6,7,0,64,27.6,20.5,0.0,1.0,53.9,1014.9,13.0,M,8,Sakhir,McLaren
22,59,RIC,23,0,6,6,7,0,65,27.0,20.4,0.0,0.8,54.3,1014.9,1.0,M,9,Sakhir,McLaren
23,59,RIC,24,0,6,6,7,0,65,27.2,20.5,0.0,1.0,52.7,1015.0,356.0,M,10,Sakhir,McLaren
24,59,RIC,25,0,6,6,7,0,65,27.2,20.5,0.0,0.7,53.6,1014.9,17.0,M,11,Sakhir,McLaren
25,59,RIC,26,0,6,6,7,0,65,27.1,20.5,0.0,0.7,55.2,1014.9,1.0,M,12,Sakhir,McLaren
26,59,RIC,27,0,6,6,7,0,65,27.0,20.5,0.0,0.6,55.8,1015.0,11.0,M,13,Sakhir,McLaren
27,59,RIC,28,0,6,6,7,0,65,27.0,20.5,0.0,0.7,56.0,1015.0,18.0,M,14,Sakhir,McLaren
28,59,RIC,29,0,6,6,7,0,65,27.0,20.5,0.0,0.9,56.0,1015.0,6.0,M,15,Sakhir,McLaren
29,59,RIC,30,0,6,6,7,0,65,27.0,20.5,0.0,0.8,56.0,1015.1,3.0,M,16,Sakhir,McLaren
30,59,RIC,31,0,6,6,7,0,65,26.9,20.5,0.0,0.6,55.5,1015.0,12.0,M,17,Sakhir,McLaren
31,59,RIC,32,0,6,7,7,0,65,27.1,20.5,0.0,0.7,55.3,1015.1,350.0,M,18,Sakhir,McLaren
32,59,RIC,33,0,7,9,7,0,65,27.0,20.5,0.0,0.9,54.0,1015.1,351.0,H,0,Sakhir,McLaren
33,59,RIC,34,0,9,8,7,0,65,26.7,20.5,0.0,0.8,54.6,1015.1,16.0,H,1,Sakhir,McLaren
34,59,RIC,35,0,8,8,7,0,65,26.7,20.5,0.0,0.8,54.7,1015.1,10.0,H,2,Sakhir,McLaren
35,59,RIC,36,0,8,8,7,0,65,26.5,20.5,0.0,0.9,55.4,1015.1,5.0,H,3,Sakhir,McLaren
36,59,RIC,37,0,8,8,7,0,65,26.5,20.5,0.0,0.9,55.2,1015.1,17.0,H,4,Sakhir,McLaren
37,59,RIC,38,0,8,7,7,0,65,26.6,20.5,0.0,0.6,55.3,1014.9,8.0,H,5,Sakhir,McLaren
38,59,RIC,39,0,7,6,7,0,65,26.6,20.5,0.0,1.0,54.8,1015.0,7.0,H,6,Sakhir,McLaren
39,59,RIC,40,0,6,6,7,0,65,26.6,20.5,0.0,1.2,55.1,1015.1,10.0,H,7,Sakhir,McLaren
40,59,RIC,41,0,6,6,7,0,65,26.3,20.5,0.0,1.0,55.2,1015.0,351.0,H,8,Sakhir,McLaren
41,59,RIC,42,0,6,6,7,0,66,26.3,20.4,0.0,1.0,55.1,1015.0,12.0,H,9,Sakhir,McLaren
42,59,RIC,43,0,6,6,7,0,66,26.3,20.4,0.0,0.8,55.1,1015.1,10.0,H,10,Sakhir,McLaren
43,59,RIC,44,1,6,7,7,0,66,26.5,20.5,0.0,1.3,53.9,1015.0,12.0,H,11,Sakhir,McLaren
44,59,RIC,45,1,7,7,7,0,66,26.2,20.5,0.0,0.8,54.2,1015.0,5.0,H,12,Sakhir,McLaren
45,59,RIC,46,0,7,7,7,0,66,26.2,20.5,0.0,0.8,54.2,1015.1,359.0,H,13,Sakhir,McLaren
46,59,RIC,47,0,7,7,7,0,66,26.5,20.5,0.0,0.6,53.9,1015.1,0.0,H,14,Sakhir,McLaren
47,59,RIC,48,0,7,7,7,0,66,26.3,20.5,0.0,0.8,53.8,1015.1,358.0,H,15,Sakhir,McLaren
48,59,RIC,49,0,7,7,7,0,66,26.3,20.5,0.0,0.8,53.9,1015.1,11.0,H,16,Sakhir,McLaren
49,59,RIC,50,0,7,7,7,0,66,26.3,20.5,0.0,1.0,54.1,1015.0,7.0,H,17,Sakhir,McLaren
50,59,RIC,51,0,7,7,7,0,66,26.1,20.5,0.0,0.7,55.1,1015.1,7.0,H,18,Sakhir,McLaren
51,59,RIC,52,0,7,7,7,0,66,26.3,20.5,0.0,0.6,54.9,1015.1,31.0,H,19,Sakhir,McLaren
52,59,RIC,53,0,7,7,7,0,66,26.3,20.5,0.0,0.6,54.9,1015.1,17.0,H,20,Sakhir,McLaren
53,59,RIC,54,0,7,7,7,0,66,26.0,20.5,0.0,0.7,54.8,1015.2,350.0,H,21,Sakhir,McLaren
54,59,RIC,55,0,7,7,7,0,66,26.0,20.5,0.0,0.6,54.2,1015.2,1.0,H,22,Sakhir,McLaren
55,59,RIC,56,0,7,7,7,0,66,26.2,20.6,0.0,1.0,52.7,1015.2,21.0,H,23,Sakhir,McLaren
0,59,NOR,1,2,6,6,6,0,48,28.1,20.5,0.0,1.3,53.9,1014.6,7.0,S,3,Sakhir,McLaren
1,59,NOR,2,2,6,6,6,0,50,28.1,20.5,0.0,1.3,53.7,1014.6,10.0,S,4,Sakhir,McLaren
2,59,NOR,3,2,6,6,6,0,52,28.1,20.5,0.0,1.1,53.8,1014.8,13.0,S,5,Sakhir,McLaren
3,59,NOR,4,2,6,5,6,0,54,28.1,20.5,0.0,1.2,54.3,1014.8,6.0,S,6,Sakhir,McLaren
4,59,NOR,5,2,5,5,6,0,55,28.0,20.5,0.0,1.0,54.6,1014.8,14.0,S,7,Sakhir,McLaren
5,59,NOR,6,0,5,5,6,0,56,27.9,20.5,0.0,0.9,54.7,1014.7,13.0,S,8,Sakhir,McLaren
6,59,NOR,7,0,5,5,6,0,56,27.9,20.5,0.0,0.6,54.8,1014.8,15.0,S,9,Sakhir,McLaren
7,59,NOR,8,0,5,5,6,0,56,27.9,20.5,0.0,0.6,54.7,1014.8,35.0,S,10,Sakhir,McLaren
8,59,NOR,9,0,5,4,6,0,56,28.1,20.5,0.0,0.8,54.2,1014.7,8.0,S,11,Sakhir,McLaren
9,59,NOR,10,0,4,4,6,0,57,28.0,20.5,0.0,1.2,54.0,1014.8,11.0,S,12,Sakhir,McLaren
10,59,NOR,11,0,4,4,6,0,57,27.9,20.6,0.0,0.9,53.9,1014.8,15.0,S,13,Sakhir,McLaren
11,59,NOR,12,0,4,5,6,0,57,27.9,20.5,0.0,0.8,54.0,1014.8,11.0,S,14,Sakhir,McLaren
12,59,NOR,13,0,5,13,6,0,56,27.8,20.6,0.0,0.9,55.4,1014.8,18.0,M,0,Sakhir,McLaren
13,59,NOR,14,0,13,8,6,0,57,27.7,20.5,0.0,0.7,55.1,1014.8,14.0,M,1,Sakhir,McLaren
14,59,NOR,15,0,8,8,6,0,57,27.7,20.5,0.0,0.9,54.6,1014.9,12.0,M,2,Sakhir,McLaren
15,59,NOR,16,0,8,5,6,0,57,27.6,20.5,0.0,1.1,54.5,1014.9,0.0,M,3,Sakhir,McLaren
16,59,NOR,17,0,5,5,6,0,57,27.6,20.6,0.0,1.1,54.1,1014.9,4.0,M,4,Sakhir,McLaren
17,59,NOR,18,0,5,5,6,0,58,27.7,20.6,0.0,1.2,54.8,1014.8,0.0,M,5,Sakhir,McLaren
18,59,NOR,19,0,5,5,6,0,58,27.7,20.5,0.0,0.9,55.2,1014.9,20.0,M,6,Sakhir,McLaren
19,59,NOR,20,0,5,4,6,0,58,27.7,20.5,0.0,0.6,54.7,1014.9,359.0,M,7,Sakhir,McLaren
20,59,NOR,21,0,4,4,6,0,59,27.0,20.4,0.0,0.8,54.3,1014.9,1.0,M,8,Sakhir,McLaren
21,59,NOR,22,0,4,4,6,0,59,27.1,20.5,0.0,0.7,53.4,1014.9,356.0,M,9,Sakhir,McLaren
22,59,NOR,23,0,4,4,6,0,59,27.2,20.5,0.0,0.9,53.1,1014.9,9.0,M,10,Sakhir,McLaren
23,59,NOR,24,0,4,4,6,0,59,27.2,20.5,0.0,1.0,53.5,1015.0,359.0,M,11,Sakhir,McLaren
24,59,NOR,25,0,4,4,6,0,59,27.2,20.5,0.0,0.7,53.6,1014.9,17.0,M,12,Sakhir,McLaren
25,59,NOR,26,0,4,4,6,0,60,27.1,20.5,0.0,0.8,54.4,1015.0,12.0,M,13,Sakhir,McLaren
26,59,NOR,27,0,4,4,6,0,60,27.0,20.5,0.0,0.6,55.8,1015.0,11.0,M,14,Sakhir,McLaren
27,59,NOR,28,0,4,4,6,0,60,27.0,20.5,0.0,0.7,56.0,1015.0,18.0,M,15,Sakhir,McLaren
28,59,NOR,29,0,4,4,6,0,60,27.0,20.5,0.0,0.9,56.0,1015.0,6.0,M,16,Sakhir,McLaren
29,59,NOR,30,0,4,4,6,0,60,27.0,20.5,0.0,0.8,55.6,1015.1,16.0,M,17,Sakhir,McLaren
30,59,NOR,31,0,4,3,6,0,60,26.8,20.5,0.0,0.8,54.8,1015.1,194.0,M,18,Sakhir,McLaren
31,59,NOR,32,0,3,3,6,0,61,27.0,20.5,0.0,0.5,54.2,1015.1,4.0,M,19,Sakhir,McLaren
32,59,NOR,33,0,3,3,6,0,61,27.0,20.5,0.0,0.9,54.0,1015.1,351.0,M,20,Sakhir,McLaren
33,59,NOR,34,0,3,6,6,0,61,26.7,20.5,0.0,0.8,54.7,1015.1,10.0,H,0,Sakhir,McLaren
34,59,NOR,35,0,6,6,6,0,61,26.6,20.5,0.0,0.8,55.5,1015.1,5.0,H,1,Sakhir,McLaren
35,59,NOR,36,0,6,6,6,0,61,26.6,20.5,0.0,0.6,55.3,1014.9,8.0,H,2,Sakhir,McLaren
36,59,NOR,37,0,6,5,6,0,61,26.6,20.5,0.0,1.2,55.1,1015.1,10.0,H,3,Sakhir,McLaren
37,59,NOR,38,0,5,5,6,0,61,26.3,20.5,0.0,1.0,55.2,1015.0,351.0,H,4,Sakhir,McLaren
38,59,NOR,39,0,5,4,6,0,61,26.3,20.4,0.0,1.0,55.1,1015.0,12.0,H,5,Sakhir,McLaren
39,59,NOR,40,0,4,4,6,0,62,26.3,20.4,0.0,0.8,55.1,1015.1,10.0,H,6,Sakhir,McLaren
40,59,NOR,41,0,4,4,6,0,62,26.2,20.5,0.0,0.8,54.2,1015.0,5.0,H,7,Sakhir,McLaren
41,59,NOR,42,0,4,4,6,0,62,26.2,20.5,0.0,0.8,54.2,1015.1,359.0,H,8,Sakhir,McLaren
42,59,NOR,43,0,4,4,6,0,62,26.4,20.5,0.0,0.7,54.1,1015.1,8.0,H,9,Sakhir,McLaren
43,59,NOR,44,1,4,4,6,0,62,26.5,20.5,0.0,0.8,53.9,1014.9,352.0,H,10,Sakhir,McLaren
44,59,NOR,45,1,4,4,6,0,62,26.5,20.5,0.0,0.6,53.9,1015.1,0.0,H,11,Sakhir,McLaren
45,59,NOR,46,0,4,4,6,0,62,26.4,20.5,0.0,0.5,53.8,1015.1,356.0,H,12,Sakhir,McLaren
46,59,NOR,47,0,4,4,6,0,62,26.3,20.5,0.0,0.8,53.8,1015.1,358.0,H,13,Sakhir,McLaren
47,59,NOR,48,0,4,4,6,0,62,26.4,20.5,0.0,0.8,54.2,1015.0,357.0,H,14,Sakhir,McLaren
48,59,NOR,49,0,4,4,6,0,62,26.3,20.5,0.0,1.1,54.4,1015.1,8.0,H,15,Sakhir,McLaren
49,59,NOR,50,0,4,4,6,0,62,26.3,20.6,0.0,0.8,54.8,1015.1,8.0,H,16,Sakhir,McLaren
50,59,NOR,51,0,4,4,6,0,62,26.3,20.5,0.0,0.6,54.9,1015.1,31.0,H,17,Sakhir,McLaren
51,59,NOR,52,0,4,4,6,0,63,26.3,20.5,0.0,0.6,54.9,1015.1,17.0,H,18,Sakhir,McLaren
52,59,NOR,53,0,4,4,6,0,63,26.1,20.5,0.0,0.8,54.9,1015.1,14.0,H,19,Sakhir,McLaren
53,59,NOR,54,0,4,4,6,0,63,26.0,20.5,0.0,0.7,54.8,1015.2,350.0,H,20,Sakhir,McLaren
54,59,NOR,55,0,4,4,6,0,63,26.2,20.6,0.0,0.9,52.6,1015.1,8.0,H,21,Sakhir,McLaren
55,59,NOR,56,0,4,4,6,0,63,26.2,20.6,0.0,1.0,52.7,1015.2,21.0,H,22,Sakhir,McLaren
0,59,SAI,1,2,10,10,10,0,47,28.1,20.5,0.0,1.3,53.7,1014.6,10.0,S,3,Sakhir,Ferrari
1,59,SAI,2,2,10,10,10,0,46,28.1,20.5,0.0,1.1,53.8,1014.8,13.0,S,4,Sakhir,Ferrari
2,59,SAI,3,2,10,10,10,0,49,27.9,20.5,0.0,1.0,54.5,1014.8,8.0,S,5,Sakhir,Ferrari
3,59,SAI,4,2,10,9,10,0,51,28.0,20.5,0.0,1.0,54.6,1014.8,64.0,S,6,Sakhir,Ferrari
4,59,SAI,5,2,9,9,10,0,52,27.9,20.5,0.0,0.6,54.8,1014.8,15.0,S,7,Sakhir,Ferrari
5,59,SAI,6,0,9,9,10,0,54,27.9,20.5,0.0,0.6,54.7,1014.8,35.0,S,8,Sakhir,Ferrari
6,59,SAI,7,0,9,9,10,0,56,28.1,20.5,0.0,0.8,54.2,1014.7,8.0,S,9,Sakhir,Ferrari
7,59,SAI,8,0,9,9,10,0,56,27.9,20.5,0.0,0.8,54.0,1014.8,11.0,S,10,Sakhir,Ferrari
8,59,SAI,9,0,9,9,10,0,57,27.8,20.6,0.0,0.9,55.4,1014.8,18.0,S,11,Sakhir,Ferrari
9,59,SAI,10,0,9,9,10,0,57,27.6,20.5,0.0,0.6,55.5,1014.8,6.0,S,12,Sakhir,Ferrari
10,59,SAI,11,0,9,8,10,0,57,27.6,20.5,0.0,0.9,55.2,1014.8,9.0,S,13,Sakhir,Ferrari
11,59,SAI,12,0,8,7,10,0,58,27.7,20.5,0.0,0.7,55.1,1014.8,14.0,S,14,Sakhir,Ferrari
12,59,SAI,13,0,7,5,10,0,58,27.7,20.5,0.0,1.0,54.8,1014.8,6.0,S,15,Sakhir,Ferrari
13,59,SAI,14,0,5,3,10,0,59,27.7,20.5,0.0,0.9,54.6,1014.9,12.0,S,16,Sakhir,Ferrari
14,59,SAI,15,0,3,5,10,0,59,27.6,20.5,0.0,1.1,54.5,1014.9,0.0,S,17,Sakhir,Ferrari
15,59,SAI,16,0,5,11,10,0,60,27.6,20.6,0.0,1.1,54.1,1014.9,4.0,M,0,Sakhir,Ferrari
16,59,SAI,17,0,11,11,10,0,61,27.7,20.5,0.0,0.9,55.2,1014.9,20.0,M,1,Sakhir,Ferrari
17,59,SAI,18,0,11,11,10,0,61,27.7,20.5,0.0,0.6,54.7,1014.9,359.0,M,2,Sakhir,Ferrari
18,59,SAI,19,0,11,11,10,0,62,27.6,20.5,0.0,0.9,53.8,1015.0,16.0,M,3,Sakhir,Ferrari
19,59,SAI,20,0,11,10,10,0,62,27.6,20.5,0.0,1.0,53.9,1014.9,13.0,M,4,Sakhir,Ferrari
20,59,SAI,21,0,10,8,10,0,62,27.0,20.4,0.0,0.8,54.3,1014.9,1.0,M,5,Sakhir,Ferrari
21,59,SAI,22,0,8,8,10,0,63,27.1,20.4,0.0,0.6,53.7,1014.9,356.0,M,6,Sakhir,Ferrari
22,59,SAI,23,0,8,8,10,0,63,27.3,20.5,0.0,0.8,52.8,1015.0,4.0,M,7,Sakhir,Ferrari
23,59,SAI,24,0,8,8,10,0,63,27.2,20.5,0.0,0.9,53.1,1014.9,9.0,M,8,Sakhir,Ferrari
24,59,SAI,25,0,8,9,10,0,64,27.2,20.5,0.0,1.0,53.5,1015.0,359.0,M,9,Sakhir,Ferrari
25,59,SAI,26,0,9,9,10,0,64,27.2,20.5,0.0,0.7,53.6,1014.9,17.0,M,10,Sakhir,Ferrari
26,59,SAI,27,0,9,9,10,0,64,27.1,20.5,0.0,0.7,55.2,1014.9,1.0,M,11,Sakhir,Ferrari
27,59,SAI,28,0,9,8,10,0,64,26.9,20.5,0.0,1.0,56.0,1015.1,24.0,M,12,Sakhir,Ferrari
28,59,SAI,29,0,8,8,10,0,64,27.0,20.5,0.0,0.8,56.0,1015.1,3.0,M,13,Sakhir,Ferrari
29,59,SAI,30,0,8,8,10,0,65,26.9,20.5,0.0,0.6,55.5,1015.0,12.0,M,14,Sakhir,Ferrari
30,59,SAI,31,0,8,8,10,0,65,27.0,20.5,0.0,0.8,54.9,1015.1,14.0,M,15,Sakhir,Ferrari
31,59,SAI,32,0,8,8,10,0,66,26.8,20.5,0.0,0.8,54.8,1015.1,194.0,M,16,Sakhir,Ferrari
32,59,SAI,33,0,8,6,10,0,66,27.0,20.5,0.0,0.9,54.0,1015.1,351.0,M,17,Sakhir,Ferrari
33,59,SAI,34,0,6,5,10,0,66,26.7,20.5,0.0,0.8,54.6,1015.1,16.0,M,18,Sakhir,Ferrari
34,59,SAI,35,0,5,5,10,0,66,26.6,20.6,0.0,0.9,55.1,1015.1,13.0,M,19,Sakhir,Ferrari
35,59,SAI,36,0,5,5,10,0,67,26.5,20.5,0.0,0.9,55.4,1015.1,5.0,M,20,Sakhir,Ferrari
36,59,SAI,37,0,5,6,10,0,67,26.6,20.5,0.0,0.8,55.5,1015.1,5.0,M,21,Sakhir,Ferrari
37,59,SAI,38,0,6,9,10,0,67,26.6,20.5,0.0,0.6,55.3,1014.9,8.0,H,0,Sakhir,Ferrari
38,59,SAI,39,0,9,9,10,0,67,26.6,20.5,0.0,1.0,54.8,1015.0,7.0,H,1,Sakhir,Ferrari
39,59,SAI,40,0,9,9,10,0,67,26.3,20.5,0.0,1.0,55.2,1015.0,351.0,H,2,Sakhir,Ferrari
40,59,SAI,41,0,9,9,10,0,67,26.2,20.5,0.0,0.8,54.2,1015.0,5.0,H,3,Sakhir,Ferrari
41,59,SAI,42,0,9,9,10,0,68,26.4,20.5,0.0,0.7,54.1,1015.1,8.0,H,4,Sakhir,Ferrari
42,59,SAI,43,0,9,9,10,0,68,26.4,20.5,0.0,0.5,53.8,1015.1,356.0,H,5,Sakhir,Ferrari
43,59,SAI,44,1,9,9,10,0,68,26.3,20.5,0.0,1.0,54.1,1015.0,7.0,H,6,Sakhir,Ferrari
44,59,SAI,45,1,9,9,10,0,68,26.4,20.5,0.0,0.8,54.2,1015.0,357.0,H,7,Sakhir,Ferrari
45,59,SAI,46,0,9,8,10,0,68,26.3,20.5,0.0,1.1,54.4,1015.1,8.0,H,8,Sakhir,Ferrari
46,59,SAI,47,0,8,8,10,0,68,26.3,20.5,0.0,0.9,54.7,1015.1,5.0,H,9,Sakhir,Ferrari
47,59,SAI,48,0,8,8,10,0,68,26.3,20.6,0.0,0.8,54.8,1015.1,8.0,H,10,Sakhir,Ferrari
48,59,SAI,49,0,8,8,10,0,69,26.1,20.5,0.0,0.7,55.1,1015.1,7.0,H,11,Sakhir,Ferrari
49,59,SAI,50,0,8,8,10,0,69,26.3,20.5,0.0,0.6,54.9,1015.1,31.0,H,12,Sakhir,Ferrari
50,59,SAI,51,0,8,8,10,0,69,26.1,20.5,0.0,0.8,54.9,1015.1,14.0,H,13,Sakhir,Ferrari
51,59,SAI,52,0,8,8,10,0,69,26.0,20.5,0.0,0.7,54.8,1015.2,350.0,H,14,Sakhir,Ferrari
52,59,SAI,53,0,8,8,10,0,69,26.0,20.5,0.0,0.6,54.2,1015.2,1.0,H,15,Sakhir,Ferrari
53,59,SAI,54,0,8,8,10,0,69,26.1,20.6,0.0,0.7,53.6,1015.2,5.0,H,16,Sakhir,Ferrari
54,59,SAI,55,0,8,8,10,0,69,26.2,20.6,0.0,0.9,52.6,1015.1,8.0,H,17,Sakhir,Ferrari
55,59,SAI,56,0,8,8,10,0,69,26.1,20.6,0.0,0.9,52.7,1015.1,9.0,H,18,Sakhir,Ferrari
0,59,ALO,1,2,8,8,8,0,59,28.1,20.5,0.0,1.3,53.9,1014.6,7.0,S,3,Sakhir,Alpine
1,59,ALO,2,2,8,8,8,0,45,28.1,20.5,0.0,1.2,54.3,1014.8,6.0,S,4,Sakhir,Alpine
2,59,ALO,3,2,8,8,8,0,44,28.0,20.5,0.0,1.0,54.6,1014.8,14.0,S,5,Sakhir,Alpine
3,59,ALO,4,2,8,7,8,0,49,27.9,20.5,0.0,0.9,54.7,1014.7,13.0,S,6,Sakhir,Alpine
4,59,ALO,5,2,7,7,8,0,50,27.9,20.5,0.0,0.6,54.8,1014.8,15.0,S,7,Sakhir,Alpine
5,59,ALO,6,0,7,7,8,0,52,27.9,20.5,0.0,0.6,54.7,1014.8,35.0,S,8,Sakhir,Alpine
6,59,ALO,7,0,7,7,8,0,54,28.1,20.5,0.0,0.8,54.2,1014.7,8.0,S,9,Sakhir,Alpine
7,59,ALO,8,0,7,7,8,0,55,27.8,20.5,0.0,0.9,54.7,1014.8,10.0,S,10,Sakhir,Alpine
8,59,ALO,9,0,7,8,8,0,56,27.8,20.6,0.0,0.9,55.4,1014.8,18.0,S,11,Sakhir,Alpine
9,59,ALO,10,0,8,8,8,0,56,27.7,20.5,0.0,1.0,54.8,1014.8,6.0,S,12,Sakhir,Alpine
10,59,ALO,11,0,8,9,8,0,56,27.6,20.5,0.0,1.1,54.5,1014.9,0.0,S,13,Sakhir,Alpine
11,59,ALO,12,0,9,17,8,0,56,27.6,20.6,0.0,1.1,54.1,1014.9,4.0,M,0,Sakhir,Alpine
12,59,ALO,13,0,17,15,8,0,56,27.7,20.6,0.0,1.2,54.8,1014.8,0.0,M,1,Sakhir,Alpine
13,59,ALO,14,0,15,10,8,0,57,27.6,20.5,0.0,0.9,55.3,1014.9,1.0,M,2,Sakhir,Alpine
14,59,ALO,15,0,10,11,8,0,58,27.7,20.5,0.0,0.6,54.7,1014.9,359.0,M,3,Sakhir,Alpine
15,59,ALO,16,0,11,9,8,0,58,27.6,20.5,0.0,1.0,53.9,1014.9,13.0,M,4,Sakhir,Alpine
16,59,ALO,17,0,9,10,8,0,59,27.2,20.5,0.0,1.0,52.7,1015.0,356.0,M,5,Sakhir,Alpine
17,59,ALO,18,0,10,10,8,0,60,27.2,20.5,0.0,0.9,53.1,1014.9,9.0,M,6,Sakhir,Alpine
18,59,ALO,19,0,10,10,8,0,60,27.2,20.5,0.0,0.7,53.6,1014.9,17.0,M,7,Sakhir,Alpine
19,59,ALO,20,0,10,9,8,0,60,27.1,20.5,0.0,0.8,54.4,1015.0,12.0,M,8,Sakhir,Alpine
20,59,ALO,21,0,9,11,8,0,61,27.1,20.5,0.0,0.7,55.3,1015.1,350.0,M,9,Sakhir,Alpine
21,59,ALO,22,0,11,10,8,0,61,27.0,20.5,0.0,0.5,54.2,1015.1,4.0,M,10,Sakhir,Alpine
22,59,ALO,23,0,10,11,8,0,62,26.7,20.5,0.0,0.8,54.6,1015.1,16.0,M,11,Sakhir,Alpine
23,59,ALO,24,0,11,11,8,0,62,26.6,20.5,0.0,0.6,55.3,1014.9,8.0,M,12,Sakhir,Alpine
24,59,ALO,25,0,11,11,8,0,62,26.6,20.5,0.0,1.2,55.1,1015.1,10.0,M,13,Sakhir,Alpine
25,59,ALO,26,0,11,12,8,0,62,26.3,20.4,0.0,1.0,55.1,1015.0,12.0,M,14,Sakhir,Alpine
26,59,ALO,27,0,12,12,8,0,63,26.3,20.5,0.0,0.8,53.8,1015.1,358.0,M,15,Sakhir,Alpine
27,59,ALO,28,0,12,12,8,0,63,26.1,20.5,0.0,0.7,55.1,1015.1,7.0,M,16,Sakhir,Alpine
28,59,ALO,29,0,12,12,8,0,63,26.3,20.5,0.0,0.6,54.9,1015.1,17.0,M,17,Sakhir,Alpine
29,59,ALO,30,0,12,17,8,0,63,26.0,20.5,0.0,0.6,54.2,1015.2,1.0,H,0,Sakhir,Alpine
30,59,ALO,31,0,17,15,8,0,63,26.1,20.6,0.0,0.7,53.6,1015.2,5.0,H,1,Sakhir,Alpine
31,59,ALO,32,0,15,16,8,1,62,26.1,20.6,0.0,0.9,52.7,1015.1,9.0,H,2,Sakhir,Alpine
0,59,STR,1,2,9,9,9,0,40,28.1,20.5,0.0,1.3,53.9,1014.6,7.0,S,3,Sakhir,Aston Martin
1,59,STR,2,2,9,9,9,0,41,28.1,20.5,0.0,1.3,53.7,1014.6,10.0,S,4,Sakhir,Aston Martin
2,59,STR,3,2,9,9,9,0,41,28.1,20.5,0.0,1.1,53.8,1014.8,13.0,S,5,Sakhir,Aston Martin
3,59,STR,4,2,9,8,9,0,44,28.1,20.5,0.0,1.2,54.3,1014.8,6.0,S,6,Sakhir,Aston Martin
4,59,STR,5,2,8,8,9,0,44,28.0,20.5,0.0,1.0,54.6,1014.8,14.0,S,7,Sakhir,Aston Martin
5,59,STR,6,0,8,8,9,0,45,27.9,20.5,0.0,0.6,54.8,1014.8,15.0,S,8,Sakhir,Aston Martin
6,59,STR,7,0,8,8,9,0,46,27.9,20.5,0.0,0.6,54.7,1014.8,35.0,S,9,Sakhir,Aston Martin
7,59,STR,8,0,8,8,9,0,46,28.0,20.5,0.0,1.2,54.0,1014.8,11.0,S,10,Sakhir,Aston Martin
8,59,STR,9,0,8,7,9,0,47,27.9,20.5,0.0,0.8,54.0,1014.8,11.0,S,11,Sakhir,Aston Martin
9,59,STR,10,0,7,7,9,0,47,27.8,20.5,0.0,0.9,54.7,1014.8,10.0,S,12,Sakhir,Aston Martin
10,59,STR,11,0,7,7,9,0,48,27.7,20.5,0.0,1.0,55.0,1014.7,10.0,S,13,Sakhir,Aston Martin
11,59,STR,12,0,7,8,9,0,48,27.6,20.5,0.0,0.6,55.5,1014.8,6.0,S,14,Sakhir,Aston Martin
12,59,STR,13,0,8,16,9,0,47,27.7,20.5,0.0,0.7,55.1,1014.8,14.0,M,0,Sakhir,Aston Martin
13,59,STR,14,0,16,12,9,0,48,27.7,20.5,0.0,1.0,54.8,1014.8,6.0,M,1,Sakhir,Aston Martin
14,59,STR,15,0,12,12,9,0,49,27.7,20.5,0.0,0.9,54.6,1014.9,12.0,M,2,Sakhir,Aston Martin
15,59,STR,16,0,12,10,9,0,50,27.6,20.5,0.0,1.1,54.5,1014.9,0.0,M,3,Sakhir,Aston Martin
16,59,STR,17,0,10,9,9,0,51,27.7,20.5,0.0,0.9,55.2,1014.9,20.0,M,4,Sakhir,Aston Martin
17,59,STR,18,0,9,9,9,0,51,27.7,20.5,0.0,0.6,54.7,1014.9,359.0,M,5,Sakhir,Aston Martin
18,59,STR,19,0,9,9,9,0,52,27.6,20.5,0.0,0.9,53.8,1015.0,16.0,M,6,Sakhir,Aston Martin
19,59,STR,20,0,9,7,9,0,52,27.0,20.4,0.0,0.8,54.3,1014.9,1.0,M,7,Sakhir,Aston Martin
20,59,STR,21,0,7,7,9,0,53,27.1,20.4,0.0,0.6,53.7,1014.9,356.0,M,8,Sakhir,Aston Martin
21,59,STR,22,0,7,7,9,0,53,27.3,20.5,0.0,0.8,52.8,1015.0,4.0,M,9,Sakhir,Aston Martin
22,59,STR,23,0,7,7,9,0,53,27.2,20.5,0.0,1.0,52.7,1015.0,356.0,M,10,Sakhir,Aston Martin
23,59,STR,24,0,7,7,9,0,54,27.2,20.5,0.0,0.9,53.1,1014.9,9.0,M,11,Sakhir,Aston Martin
24,59,STR,25,0,7,7,9,0,54,27.2,20.5,0.0,1.0,53.5,1015.0,359.0,M,12,Sakhir,Aston Martin
25,59,STR,26,0,7,7,9,0,54,27.1,20.5,0.0,0.8,54.4,1015.0,12.0,M,13,Sakhir,Aston Martin
26,59,STR,27,0,7,8,9,0,55,27.1,20.5,0.0,0.7,55.2,1014.9,1.0,M,14,Sakhir,Aston Martin
27,59,STR,28,0,8,9,9,0,55,27.0,20.5,0.0,0.7,56.0,1015.0,18.0,M,15,Sakhir,Aston Martin
28,59,STR,29,0,9,15,9,0,55,27.0,20.5,0.0,0.9,56.0,1015.0,6.0,H,0,Sakhir,Aston Martin
29,59,STR,30,0,15,13,9,0,55,26.9,20.5,0.0,0.5,55.7,1015.0,6.0,H,1,Sakhir,Aston Martin
30,59,STR,31,0,13,11,9,0,56,27.0,20.5,0.0,0.8,54.9,1015.1,14.0,H,2,Sakhir,Aston Martin
31,59,STR,32,0,11,10,9,0,56,26.8,20.5,0.0,0.8,54.8,1015.1,194.0,H,3,Sakhir,Aston Martin
32,59,STR,33,0,10,10,9,0,56,27.0,20.5,0.0,0.5,54.2,1015.1,4.0,H,4,Sakhir,Aston Martin
33,59,STR,34,0,10,9,9,0,57,27.0,20.5,0.0,0.9,54.0,1015.1,351.0,H,5,Sakhir,Aston Martin
34,59,STR,35,0,9,9,9,0,57,26.8,20.5,0.0,1.0,54.3,1015.1,9.0,H,6,Sakhir,Aston Martin
35,59,STR,36,0,9,9,9,0,57,26.7,20.5,0.0,0.8,54.7,1015.1,10.0,H,7,Sakhir,Aston Martin
36,59,STR,37,0,9,9,9,0,57,26.5,20.5,0.0,0.9,55.4,1015.1,5.0,H,8,Sakhir,Aston Martin
37,59,STR,38,0,9,8,9,0,58,26.6,20.5,0.0,0.6,55.3,1014.9,8.0,H,9,Sakhir,Aston Martin
38,59,STR,39,0,8,7,9,0,58,26.3,20.5,0.0,1.0,55.2,1015.0,351.0,H,10,Sakhir,Aston Martin
39,59,STR,40,0,7,8,9,0,58,26.5,20.5,0.0,0.9,54.5,1015.0,15.0,H,11,Sakhir,Aston Martin
40,59,STR,41,0,8,8,9,0,58,26.5,20.5,0.0,1.3,53.9,1015.0,12.0,H,12,Sakhir,Aston Martin
41,59,STR,42,0,8,8,9,0,58,26.2,20.5,0.0,0.8,54.2,1015.1,359.0,H,13,Sakhir,Aston Martin
42,59,STR,43,0,8,8,9,0,58,26.4,20.5,0.0,0.7,54.1,1015.1,8.0,H,14,Sakhir,Aston Martin
43,59,STR,44,1,8,8,9,0,59,26.5,20.5,0.0,0.8,53.9,1014.9,352.0,H,15,Sakhir,Aston Martin
44,59,STR,45,1,8,8,9,0,59,26.5,20.5,0.0,0.6,53.9,1015.1,0.0,H,16,Sakhir,Aston Martin
45,59,STR,46,0,8,9,9,0,59,26.4,20.5,0.0,0.5,53.8,1015.1,356.0,H,17,Sakhir,Aston Martin
46,59,STR,47,0,9,9,9,0,59,26.3,20.5,0.0,0.8,53.9,1015.1,11.0,H,18,Sakhir,Aston Martin
47,59,STR,48,0,9,9,9,0,59,26.4,20.5,0.0,0.8,54.3,1015.1,17.0,H,19,Sakhir,Aston Martin
48,59,STR,49,0,9,9,9,0,59,26.4,20.5,0.0,0.8,54.2,1015.0,357.0,H,20,Sakhir,Aston Martin
49,59,STR,50,0,9,9,9,0,59,26.3,20.5,0.0,1.1,54.4,1015.1,8.0,H,21,Sakhir,Aston Martin
50,59,STR,51,0,9,9,9,0,59,26.3,20.5,0.0,0.9,54.7,1015.1,5.0,H,22,Sakhir,Aston Martin
51,59,STR,52,0,9,9,9,0,59,26.3,20.6,0.0,0.8,54.8,1015.1,8.0,H,23,Sakhir,Aston Martin
52,59,STR,53,0,9,9,9,0,60,26.3,20.5,0.0,0.6,54.9,1015.1,31.0,H,24,Sakhir,Aston Martin
53,59,STR,54,0,9,9,9,0,60,26.0,20.5,0.0,0.7,54.8,1015.2,350.0,H,25,Sakhir,Aston Martin
54,59,STR,55,0,9,9,9,0,60,26.1,20.6,0.0,0.7,53.6,1015.2,5.0,H,26,Sakhir,Aston Martin
55,59,STR,56,0,9,10,9,0,60,26.1,20.6,0.0,0.9,52.7,1015.1,9.0,H,27,Sakhir,Aston Martin
0,59,PER,1,2,19,19,19,0,51,28.1,20.5,0.0,1.3,53.9,1014.6,7.0,M,3,Sakhir,Red Bull Racing
1,59,PER,2,2,19,19,19,0,48,28.1,20.5,0.0,1.3,53.7,1014.6,10.0,M,4,Sakhir,Red Bull Racing
2,59,PER,3,2,19,19,19,0,53,28.1,20.5,0.0,1.1,53.8,1014.8,13.0,M,3,Sakhir,Red Bull Racing
3,59,PER,4,2,19,15,19,0,61,28.1,20.5,0.0,1.2,54.3,1014.8,6.0,M,4,Sakhir,Red Bull Racing
4,59,PER,5,2,15,15,19,0,60,27.9,20.5,0.0,1.0,54.5,1014.8,8.0,M,5,Sakhir,Red Bull Racing
5,59,PER,6,0,15,14,19,0,60,27.9,20.5,0.0,0.6,54.8,1014.8,15.0,M,6,Sakhir,Red Bull Racing
6,59,PER,7,0,14,14,19,0,60,27.9,20.6,0.0,0.9,53.9,1014.8,15.0,M,7,Sakhir,Red Bull Racing
7,59,PER,8,0,14,13,19,0,60,27.7,20.5,0.0,1.0,55.0,1014.7,10.0,M,8,Sakhir,Red Bull Racing
8,59,PER,9,0,13,13,19,0,59,27.8,20.6,0.0,0.9,55.4,1014.8,18.0,M,9,Sakhir,Red Bull Racing
9,59,PER,10,0,13,12,19,0,59,27.6,20.5,0.0,0.6,55.5,1014.8,6.0,M,10,Sakhir,Red Bull Racing
10,59,PER,11,0,12,12,19,0,59,27.7,20.5,0.0,0.7,55.1,1014.8,14.0,M,11,Sakhir,Red Bull Racing
11,59,PER,12,0,12,10,19,0,59,27.7,20.5,0.0,1.0,54.8,1014.8,6.0,M,12,Sakhir,Red Bull Racing
12,59,PER,13,0,10,6,19,0,58,27.5,20.5,0.0,0.8,54.5,1014.9,11.0,M,13,Sakhir,Red Bull Racing
13,59,PER,14,0,6,5,19,0,59,27.7,20.6,0.0,1.2,54.8,1014.8,0.0,M,14,Sakhir,Red Bull Racing
14,59,PER,15,0,5,4,19,0,59,27.7,20.5,0.0,0.9,55.2,1014.9,20.0,M,15,Sakhir,Red Bull Racing
15,59,PER,16,0,4,4,19,0,60,27.7,20.5,0.0,0.6,54.7,1014.9,359.0,M,16,Sakhir,Red Bull Racing
16,59,PER,17,0,4,3,19,0,60,27.6,20.5,0.0,1.0,53.9,1014.9,13.0,M,17,Sakhir,Red Bull Racing
17,59,PER,18,0,3,4,19,0,61,27.1,20.4,0.0,0.6,53.7,1014.9,356.0,M,18,Sakhir,Red Bull Racing
18,59,PER,19,0,4,4,19,0,61,27.3,20.5,0.0,0.8,52.8,1015.0,4.0,M,19,Sakhir,Red Bull Racing
19,59,PER,20,0,4,12,19,0,61,27.2,20.5,0.0,0.9,53.1,1014.9,9.0,H,0,Sakhir,Red Bull Racing
20,59,PER,21,0,12,9,19,0,61,27.4,20.5,0.0,0.6,53.7,1014.9,7.0,H,1,Sakhir,Red Bull Racing
21,59,PER,22,0,9,9,19,0,62,27.1,20.5,0.0,0.7,55.2,1014.9,1.0,H,2,Sakhir,Red Bull Racing
22,59,PER,23,0,9,9,19,0,62,27.0,20.5,0.0,0.7,56.0,1015.0,18.0,H,3,Sakhir,Red Bull Racing
23,59,PER,24,0,9,9,19,0,62,27.0,20.5,0.0,0.9,56.0,1015.0,6.0,H,4,Sakhir,Red Bull Racing
24,59,PER,25,0,9,8,19,0,62,27.0,20.5,0.0,0.8,56.0,1015.1,3.0,H,5,Sakhir,Red Bull Racing
25,59,PER,26,0,8,8,19,0,62,26.9,20.5,0.0,0.5,55.7,1015.0,6.0,H,6,Sakhir,Red Bull Racing
26,59,PER,27,0,8,7,19,0,62,26.9,20.5,0.0,0.6,55.5,1015.0,12.0,H,7,Sakhir,Red Bull Racing
27,59,PER,28,0,7,7,19,0,62,27.1,20.5,0.0,0.7,55.3,1015.1,350.0,H,8,Sakhir,Red Bull Racing
28,59,PER,29,0,7,7,19,0,63,26.8,20.5,0.0,0.8,54.8,1015.1,194.0,H,9,Sakhir,Red Bull Racing
29,59,PER,30,0,7,7,19,0,63,26.8,20.5,0.0,1.0,54.3,1015.1,9.0,H,10,Sakhir,Red Bull Racing
30,59,PER,31,0,7,7,19,0,63,26.7,20.5,0.0,0.8,54.6,1015.1,16.0,H,11,Sakhir,Red Bull Racing
31,59,PER,32,0,7,6,19,0,63,26.7,20.5,0.0,0.8,54.7,1015.1,10.0,H,12,Sakhir,Red Bull Racing
32,59,PER,33,0,6,5,19,0,63,26.5,20.5,0.0,0.9,55.4,1015.1,5.0,H,13,Sakhir,Red Bull Racing
33,59,PER,34,0,5,4,19,0,64,26.6,20.5,0.0,0.8,55.5,1015.1,5.0,H,14,Sakhir,Red Bull Racing
34,59,PER,35,0,4,4,19,0,64,26.6,20.5,0.0,0.6,55.3,1014.9,8.0,H,15,Sakhir,Red Bull Racing
35,59,PER,36,0,4,4,19,0,64,26.6,20.5,0.0,1.0,54.8,1015.0,7.0,H,16,Sakhir,Red Bull Racing
36,59,PER,37,0,4,4,19,0,64,26.3,20.5,0.0,1.0,55.2,1015.0,351.0,H,17,Sakhir,Red Bull Racing
37,59,PER,38,0,4,4,19,0,64,26.3,20.4,0.0,1.0,55.1,1015.0,12.0,H,18,Sakhir,Red Bull Racing
38,59,PER,39,0,4,8,19,0,64,26.3,20.4,0.0,0.8,55.1,1015.1,10.0,M,5,Sakhir,Red Bull Racing
39,59,PER,40,0,8,7,19,0,64,26.5,20.5,0.0,1.3,53.9,1015.0,12.0,M,6,Sakhir,Red Bull Racing
40,59,PER,41,0,7,7,19,0,64,26.2,20.5,0.0,0.8,54.2,1015.0,5.0,M,7,Sakhir,Red Bull Racing
41,59,PER,42,0,7,7,19,0,65,26.2,20.5,0.0,0.8,54.2,1015.1,359.0,M,8,Sakhir,Red Bull Racing
42,59,PER,43,0,7,7,19,0,65,26.4,20.5,0.0,0.7,54.1,1015.1,8.0,M,9,Sakhir,Red Bull Racing
43,59,PER,44,1,7,6,19,0,65,26.5,20.5,0.0,0.8,53.9,1014.9,352.0,M,10,Sakhir,Red Bull Racing
44,59,PER,45,1,6,6,19,0,65,26.5,20.5,0.0,0.6,53.9,1015.1,0.0,M,11,Sakhir,Red Bull Racing
45,59,PER,46,0,6,6,19,0,65,26.4,20.5,0.0,0.5,53.8,1015.1,356.0,M,12,Sakhir,Red Bull Racing
46,59,PER,47,0,6,6,19,0,65,26.3,20.5,0.0,0.8,53.9,1015.1,11.0,M,13,Sakhir,Red Bull Racing
47,59,PER,48,0,6,6,19,0,65,26.4,20.5,0.0,0.8,54.3,1015.1,17.0,M,14,Sakhir,Red Bull Racing
48,59,PER,49,0,6,6,19,0,65,26.3,20.5,0.0,1.1,54.4,1015.1,8.0,M,15,Sakhir,Red Bull Racing
49,59,PER,50,0,6,6,19,0,65,26.3,20.5,0.0,0.9,54.7,1015.1,5.0,M,16,Sakhir,Red Bull Racing
50,59,PER,51,0,6,6,19,0,65,26.3,20.6,0.0,0.8,54.8,1015.1,8.0,M,17,Sakhir,Red Bull Racing
51,59,PER,52,0,6,5,19,0,65,26.1,20.5,0.0,0.8,54.9,1015.1,14.0,M,18,Sakhir,Red Bull Racing
52,59,PER,53,0,5,5,19,0,66,26.0,20.5,0.0,0.7,54.8,1015.2,350.0,M,19,Sakhir,Red Bull Racing
53,59,PER,54,0,5,5,19,0,66,26.1,20.6,0.0,0.7,53.6,1015.2,5.0,M,20,Sakhir,Red Bull Racing
54,59,PER,55,0,5,5,19,0,66,26.2,20.6,0.0,1.0,52.7,1015.2,21.0,M,21,Sakhir,Red Bull Racing
55,59,PER,56,0,5,5,19,0,66,26.1,20.6,0.0,0.9,52.7,1015.1,9.0,M,22,Sakhir,Red Bull Racing
0,59,GIO,1,2,12,12,12,0,46,28.1,20.5,0.0,1.3,53.9,1014.6,7.0,M,0,Sakhir,Alfa Romeo Racing
1,59,GIO,2,2,12,12,12,0,46,28.1,20.5,0.0,1.3,53.7,1014.6,10.0,M,1,Sakhir,Alfa Romeo Racing
2,59,GIO,3,2,12,12,12,0,51,28.1,20.5,0.0,1.1,53.8,1014.8,13.0,M,2,Sakhir,Alfa Romeo Racing
3,59,GIO,4,2,12,10,12,0,52,28.1,20.5,0.0,1.2,54.3,1014.8,6.0,M,3,Sakhir,Alfa Romeo Racing
4,59,GIO,5,2,10,10,12,0,51,27.9,20.5,0.0,1.0,54.5,1014.8,8.0,M,4,Sakhir,Alfa Romeo Racing
5,59,GIO,6,0,10,10,12,0,52,27.9,20.5,0.0,0.9,54.7,1014.7,13.0,M,5,Sakhir,Alfa Romeo Racing
6,59,GIO,7,0,10,10,12,0,52,27.9,20.5,0.0,0.6,54.8,1014.8,15.0,M,6,Sakhir,Alfa Romeo Racing
7,59,GIO,8,0,10,10,12,0,52,27.9,20.5,0.0,0.6,54.7,1014.8,35.0,M,7,Sakhir,Alfa Romeo Racing
8,59,GIO,9,0,10,10,12,0,52,28.1,20.5,0.0,0.8,54.2,1014.7,8.0,M,8,Sakhir,Alfa Romeo Racing
9,59,GIO,10,0,10,10,12,0,53,27.9,20.6,0.0,0.9,53.9,1014.8,15.0,M,9,Sakhir,Alfa Romeo Racing
10,59,GIO,11,0,10,10,12,0,53,27.9,20.5,0.0,0.8,54.0,1014.8,11.0,M,10,Sakhir,Alfa Romeo Racing
11,59,GIO,12,0,10,11,12,0,52,27.8,20.6,0.0,0.9,55.4,1014.8,18.0,M,11,Sakhir,Alfa Romeo Racing
12,59,GIO,13,0,11,18,12,0,52,27.6,20.5,0.0,0.6,55.5,1014.8,6.0,H,0,Sakhir,Alfa Romeo Racing
13,59,GIO,14,0,18,16,12,0,52,27.6,20.5,0.0,0.9,55.2,1014.8,9.0,H,1,Sakhir,Alfa Romeo Racing
14,59,GIO,15,0,16,15,12,0,53,27.7,20.5,0.0,0.7,55.1,1014.8,14.0,H,2,Sakhir,Alfa Romeo Racing
15,59,GIO,16,0,15,15,12,0,53,27.7,20.5,0.0,1.0,54.8,1014.8,6.0,H,3,Sakhir,Alfa Romeo Racing
16,59,GIO,17,0,15,15,12,0,53,27.6,20.5,0.0,1.1,54.5,1014.9,0.0,H,4,Sakhir,Alfa Romeo Racing
17,59,GIO,18,0,15,15,12,0,54,27.5,20.5,0.0,0.8,54.5,1014.9,11.0,H,5,Sakhir,Alfa Romeo Racing
18,59,GIO,19,0,15,15,12,0,54,27.7,20.6,0.0,1.2,54.8,1014.8,0.0,H,6,Sakhir,Alfa Romeo Racing
19,59,GIO,20,0,15,15,12,0,54,27.7,20.5,0.0,0.9,55.2,1014.9,20.0,H,7,Sakhir,Alfa Romeo Racing
20,59,GIO,21,0,15,15,12,0,55,27.6,20.5,0.0,0.9,55.3,1014.9,1.0,H,8,Sakhir,Alfa Romeo Racing
21,59,GIO,22,0,15,15,12,0,55,27.0,20.4,0.0,0.8,54.3,1014.9,1.0,H,9,Sakhir,Alfa Romeo Racing
22,59,GIO,23,0,15,15,12,0,55,27.1,20.5,0.0,0.7,53.4,1014.9,356.0,H,10,Sakhir,Alfa Romeo Racing
23,59,GIO,24,0,15,15,12,0,55,27.2,20.5,0.0,1.0,52.7,1015.0,356.0,H,11,Sakhir,Alfa Romeo Racing
24,59,GIO,25,0,15,14,12,0,55,27.2,20.5,0.0,0.9,53.1,1014.9,9.0,H,12,Sakhir,Alfa Romeo Racing
25,59,GIO,26,0,14,14,12,0,56,27.2,20.5,0.0,1.0,53.5,1015.0,359.0,H,13,Sakhir,Alfa Romeo Racing
26,59,GIO,27,0,14,14,12,0,56,27.4,20.5,0.0,0.6,53.7,1014.9,7.0,H,14,Sakhir,Alfa Romeo Racing
27,59,GIO,28,0,14,14,12,0,56,27.1,20.5,0.0,0.7,55.2,1014.9,1.0,H,15,Sakhir,Alfa Romeo Racing
28,59,GIO,29,0,14,13,12,0,56,26.9,20.5,0.0,1.0,56.0,1015.1,24.0,H,16,Sakhir,Alfa Romeo Racing
29,59,GIO,30,0,13,11,12,0,56,27.0,20.5,0.0,0.9,56.0,1015.0,6.0,H,17,Sakhir,Alfa Romeo Racing
30,59,GIO,31,0,11,17,12,0,56,27.0,20.5,0.0,0.8,55.6,1015.1,16.0,M,0,Sakhir,Alfa Romeo Racing
31,59,GIO,32,0,17,14,12,0,57,26.9,20.5,0.0,0.6,55.5,1015.0,12.0,M,1,Sakhir,Alfa Romeo Racing
32,59,GIO,33,0,14,15,12,0,57,27.0,20.5,0.0,0.5,54.2,1015.1,4.0,M,2,Sakhir,Alfa Romeo Racing
33,59,GIO,34,0,15,15,12,0,57,27.0,20.5,0.0,0.9,54.0,1015.1,351.0,M,3,Sakhir,Alfa Romeo Racing
34,59,GIO,35,0,15,15,12,0,57,26.8,20.5,0.0,1.0,54.3,1015.1,9.0,M,4,Sakhir,Alfa Romeo Racing
35,59,GIO,36,0,15,15,12,0,57,26.7,20.5,0.0,0.8,54.7,1015.1,10.0,M,5,Sakhir,Alfa Romeo Racing
36,59,GIO,37,0,15,14,12,0,57,26.5,20.5,0.0,0.9,55.4,1015.1,5.0,M,6,Sakhir,Alfa Romeo Racing
37,59,GIO,38,0,14,14,12,0,57,26.5,20.5,0.0,0.9,55.2,1015.1,17.0,M,7,Sakhir,Alfa Romeo Racing
38,59,GIO,39,0,14,14,12,0,57,26.6,20.5,0.0,0.8,55.5,1015.1,5.0,M,8,Sakhir,Alfa Romeo Racing
39,59,GIO,40,0,14,14,12,0,57,26.6,20.5,0.0,0.6,55.3,1014.9,8.0,M,9,Sakhir,Alfa Romeo Racing
40,59,GIO,41,0,14,14,12,0,58,26.6,20.5,0.0,1.0,54.8,1015.0,7.0,M,10,Sakhir,Alfa Romeo Racing
41,59,GIO,42,0,14,14,12,0,58,26.3,20.4,0.0,1.0,55.1,1015.0,12.0,M,11,Sakhir,Alfa Romeo Racing
42,59,GIO,43,0,14,14,12,0,58,26.5,20.5,0.0,0.9,54.5,1015.0,15.0,M,12,Sakhir,Alfa Romeo Racing
43,59,GIO,44,1,14,12,12,0,58,26.5,20.5,0.0,1.3,53.9,1015.0,12.0,M,13,Sakhir,Alfa Romeo Racing
44,59,GIO,45,1,12,12,12,0,58,26.2,20.5,0.0,0.8,54.2,1015.0,5.0,M,14,Sakhir,Alfa Romeo Racing
45,59,GIO,46,0,12,12,12,0,58,26.2,20.5,0.0,0.8,54.2,1015.1,359.0,M,15,Sakhir,Alfa Romeo Racing
46,59,GIO,47,0,12,12,12,0,58,26.4,20.5,0.0,0.5,53.8,1015.1,356.0,M,16,Sakhir,Alfa Romeo Racing
47,59,GIO,48,0,12,12,12,0,58,26.3,20.5,0.0,0.8,53.8,1015.1,358.0,M,17,Sakhir,Alfa Romeo Racing
48,59,GIO,49,0,12,12,12,0,59,26.4,20.5,0.0,0.8,54.2,1015.0,357.0,M,18,Sakhir,Alfa Romeo Racing
49,59,GIO,50,0,12,12,12,0,59,26.3,20.5,0.0,1.1,54.4,1015.1,8.0,M,19,Sakhir,Alfa Romeo Racing
50,59,GIO,51,0,12,12,12,0,59,26.3,20.5,0.0,0.9,54.7,1015.1,5.0,M,20,Sakhir,Alfa Romeo Racing
51,59,GIO,52,0,12,12,12,0,59,26.1,20.5,0.0,0.7,55.1,1015.1,7.0,M,21,Sakhir,Alfa Romeo Racing
52,59,GIO,53,0,12,12,12,0,59,26.2,20.6,0.0,0.9,52.6,1015.1,8.0,M,22,Sakhir,Alfa Romeo Racing
53,59,GIO,54,0,12,12,12,0,59,26.2,20.6,0.0,1.0,52.7,1015.2,21.0,M,23,Sakhir,Alfa Romeo Racing
54,59,GIO,55,0,12,12,12,0,59,26.1,20.6,0.0,0.9,52.7,1015.1,9.0,M,24,Sakhir,Alfa Romeo Racing
0,59,TSU,1,2,15,15,15,0,73,28.1,20.5,0.0,1.3,53.9,1014.6,7.0,M,3,Sakhir,AlphaTauri
1,59,TSU,2,2,15,15,15,0,79,28.1,20.5,0.0,1.3,53.7,1014.6,10.0,M,4,Sakhir,AlphaTauri
2,59,TSU,3,2,15,15,15,0,83,27.9,20.5,0.0,1.0,54.5,1014.8,8.0,M,5,Sakhir,AlphaTauri
3,59,TSU,4,2,15,16,15,0,83,27.9,20.5,0.0,0.9,54.7,1014.7,13.0,M,6,Sakhir,AlphaTauri
4,59,TSU,5,2,16,16,15,0,82,28.1,20.5,0.0,0.8,54.2,1014.7,8.0,M,7,Sakhir,AlphaTauri
5,59,TSU,6,0,16,16,15,0,83,27.9,20.6,0.0,0.9,53.9,1014.8,15.0,M,8,Sakhir,AlphaTauri
6,59,TSU,7,0,16,15,15,0,83,27.9,20.5,0.0,0.8,54.0,1014.8,11.0,M,9,Sakhir,AlphaTauri
7,59,TSU,8,0,15,15,15,0,84,27.7,20.5,0.0,1.0,55.0,1014.7,10.0,M,10,Sakhir,AlphaTauri
8,59,TSU,9,0,15,14,15,0,84,27.7,20.5,0.0,0.9,54.6,1014.9,12.0,M,11,Sakhir,AlphaTauri
9,59,TSU,10,0,14,14,15,0,84,27.5,20.5,0.0,0.8,54.5,1014.9,11.0,M,12,Sakhir,AlphaTauri
10,59,TSU,11,0,14,14,15,0,84,27.6,20.6,0.0,1.1,54.1,1014.9,4.0,M,13,Sakhir,AlphaTauri
11,59,TSU,12,0,14,13,15,0,84,27.7,20.5,0.0,0.9,55.2,1014.9,20.0,M,14,Sakhir,AlphaTauri
12,59,TSU,13,0,13,8,15,0,84,27.6,20.5,0.0,0.9,55.3,1014.9,1.0,M,15,Sakhir,AlphaTauri
13,59,TSU,14,0,8,6,15,0,84,27.6,20.5,0.0,1.0,53.9,1014.9,13.0,M,16,Sakhir,AlphaTauri
14,59,TSU,15,0,6,7,15,0,84,27.0,20.4,0.0,0.8,54.3,1014.9,1.0,M,17,Sakhir,AlphaTauri
15,59,TSU,16,0,7,14,15,0,85,27.1,20.4,0.0,0.6,53.7,1014.9,356.0,H,0,Sakhir,AlphaTauri
16,59,TSU,17,0,14,14,15,0,85,27.3,20.5,0.0,0.8,52.8,1015.0,4.0,H,1,Sakhir,AlphaTauri
17,59,TSU,18,0,14,14,15,0,86,27.2,20.5,0.0,0.9,53.1,1014.9,9.0,H,2,Sakhir,AlphaTauri
18,59,TSU,19,0,14,14,15,0,86,27.2,20.5,0.0,0.7,53.6,1014.9,17.0,H,3,Sakhir,AlphaTauri
19,59,TSU,20,0,14,14,15,0,87,27.1,20.5,0.0,0.8,54.4,1015.0,12.0,H,4,Sakhir,AlphaTauri
20,59,TSU,21,0,14,13,15,0,87,27.1,20.5,0.0,0.7,55.2,1014.9,1.0,H,5,Sakhir,AlphaTauri
21,59,TSU,22,0,13,13,15,0,87,27.0,20.5,0.0,0.6,55.8,1015.0,11.0,H,6,Sakhir,AlphaTauri
22,59,TSU,23,0,13,13,15,0,88,26.9,20.5,0.0,1.0,56.0,1015.1,24.0,H,7,Sakhir,AlphaTauri
23,59,TSU,24,0,13,12,15,0,88,27.0,20.5,0.0,0.7,56.0,1015.0,18.0,H,8,Sakhir,AlphaTauri
24,59,TSU,25,0,12,12,15,0,88,27.0,20.5,0.0,0.9,56.0,1015.0,6.0,H,9,Sakhir,AlphaTauri
25,59,TSU,26,0,12,11,15,0,88,27.0,20.5,0.0,0.8,55.6,1015.1,16.0,H,10,Sakhir,AlphaTauri
26,59,TSU,27,0,11,11,15,0,89,26.9,20.5,0.0,0.6,55.5,1015.0,12.0,H,11,Sakhir,AlphaTauri
27,59,TSU,28,0,11,11,15,0,89,27.1,20.5,0.0,0.7,55.3,1015.1,350.0,H,12,Sakhir,AlphaTauri
28,59,TSU,29,0,11,10,15,0,89,27.0,20.5,0.0,0.8,54.9,1015.1,14.0,H,13,Sakhir,AlphaTauri
29,59,TSU,30,0,10,9,15,0,90,27.0,20.5,0.0,0.5,54.2,1015.1,4.0,H,14,Sakhir,AlphaTauri
30,59,TSU,31,0,9,9,15,0,90,27.0,20.5,0.0,0.9,54.0,1015.1,351.0,H,15,Sakhir,AlphaTauri
31,59,TSU,32,0,9,9,15,0,90,26.8,20.5,0.0,1.0,54.3,1015.1,9.0,H,16,Sakhir,AlphaTauri
32,59,TSU,33,0,9,8,15,0,91,26.6,20.6,0.0,0.9,55.1,1015.1,13.0,H,17,Sakhir,AlphaTauri
33,59,TSU,34,0,8,13,15,0,91,26.5,20.5,0.0,0.9,55.4,1015.1,5.0,H,0,Sakhir,AlphaTauri
34,59,TSU,35,0,13,13,15,0,91,26.6,20.5,0.0,0.8,55.5,1015.1,5.0,H,1,Sakhir,AlphaTauri
35,59,TSU,36,0,13,11,15,0,91,26.6,20.5,0.0,0.6,55.3,1014.9,8.0,H,2,Sakhir,AlphaTauri
36,59,TSU,37,0,11,11,15,0,91,26.6,20.5,0.0,1.0,54.8,1015.0,7.0,H,3,Sakhir,AlphaTauri
37,59,TSU,38,0,11,10,15,0,91,26.6,20.5,0.0,1.2,55.1,1015.1,10.0,H,4,Sakhir,AlphaTauri
38,59,TSU,39,0,10,10,15,0,91,26.3,20.5,0.0,1.0,55.2,1015.0,351.0,H,5,Sakhir,AlphaTauri
39,59,TSU,40,0,10,10,15,0,91,26.3,20.4,0.0,0.8,55.1,1015.1,10.0,H,6,Sakhir,AlphaTauri
40,59,TSU,41,0,10,10,15,0,91,26.5,20.5,0.0,0.9,54.5,1015.0,15.0,H,7,Sakhir,AlphaTauri
41,59,TSU,42,0,10,10,15,0,91,26.5,20.5,0.0,1.3,53.9,1015.0,12.0,H,8,Sakhir,AlphaTauri
42,59,TSU,43,0,10,10,15,0,92,26.4,20.5,0.0,0.7,54.1,1015.1,8.0,H,9,Sakhir,AlphaTauri
43,59,TSU,44,1,10,10,15,0,92,26.5,20.5,0.0,0.8,53.9,1014.9,352.0,H,10,Sakhir,AlphaTauri
44,59,TSU,45,1,10,10,15,0,92,26.5,20.5,0.0,0.6,53.9,1015.1,0.0,H,11,Sakhir,AlphaTauri
45,59,TSU,46,0,10,10,15,0,92,26.4,20.5,0.0,0.5,53.8,1015.1,356.0,H,12,Sakhir,AlphaTauri
46,59,TSU,47,0,10,10,15,0,92,26.3,20.5,0.0,0.8,53.8,1015.1,358.0,H,13,Sakhir,AlphaTauri
47,59,TSU,48,0,10,10,15,0,92,26.3,20.5,0.0,1.0,54.1,1015.0,7.0,H,14,Sakhir,AlphaTauri
48,59,TSU,49,0,10,10,15,0,92,26.4,20.5,0.0,0.8,54.2,1015.0,357.0,H,15,Sakhir,AlphaTauri
49,59,TSU,50,0,10,10,15,0,92,26.3,20.6,0.0,0.8,54.8,1015.1,8.0,H,16,Sakhir,AlphaTauri
50,59,TSU,51,0,10,10,15,0,92,26.1,20.5,0.0,0.7,55.1,1015.1,7.0,H,17,Sakhir,AlphaTauri
51,59,TSU,52,0,10,10,15,0,92,26.3,20.5,0.0,0.6,54.9,1015.1,31.0,H,18,Sakhir,AlphaTauri
52,59,TSU,53,0,10,10,15,0,92,26.0,20.5,0.0,0.7,54.8,1015.2,350.0,H,19,Sakhir,AlphaTauri
53,59,TSU,54,0,10,10,15,0,92,26.2,20.6,0.0,0.9,52.6,1015.1,8.0,H,20,Sakhir,AlphaTauri
54,59,TSU,55,0,10,10,15,0,92,26.2,20.6,0.0,1.0,52.7,1015.2,21.0,H,21,Sakhir,AlphaTauri
55,59,TSU,56,0,10,9,15,0,92,26.1,20.6,0.0,0.9,52.7,1015.1,9.0,H,22,Sakhir,AlphaTauri
0,59,RAI,1,2,11,11,11,0,47,28.1,20.5,0.0,1.3,53.7,1014.6,10.0,M,0,Sakhir,Alfa Romeo Racing
1,59,RAI,2,2,11,11,11,0,49,28.1,20.5,0.0,1.0,53.5,1014.8,9.0,M,1,Sakhir,Alfa Romeo Racing
2,59,RAI,3,2,11,11,11,0,51,28.1,20.5,0.0,1.2,54.3,1014.8,6.0,M,2,Sakhir,Alfa Romeo Racing
3,59,RAI,4,2,11,11,11,0,51,27.9,20.5,0.0,1.0,54.5,1014.8,8.0,M,3,Sakhir,Alfa Romeo Racing
4,59,RAI,5,2,11,11,11,0,51,28.0,20.5,0.0,1.0,54.6,1014.8,14.0,M,4,Sakhir,Alfa Romeo Racing
5,59,RAI,6,0,11,11,11,0,51,28.1,20.5,0.0,0.8,54.2,1014.7,8.0,M,5,Sakhir,Alfa Romeo Racing
6,59,RAI,7,0,11,11,11,0,51,28.0,20.5,0.0,1.2,54.0,1014.8,11.0,M,6,Sakhir,Alfa Romeo Racing
7,59,RAI,8,0,11,11,11,0,51,27.8,20.5,0.0,0.9,54.7,1014.8,10.0,M,7,Sakhir,Alfa Romeo Racing
8,59,RAI,9,0,11,11,11,0,50,27.7,20.5,0.0,1.0,55.0,1014.7,10.0,M,8,Sakhir,Alfa Romeo Racing
9,59,RAI,10,0,11,11,11,0,50,27.6,20.5,0.0,0.6,55.5,1014.8,6.0,M,9,Sakhir,Alfa Romeo Racing
10,59,RAI,11,0,11,11,11,0,51,27.7,20.5,0.0,0.7,55.1,1014.8,14.0,M,10,Sakhir,Alfa Romeo Racing
11,59,RAI,12,0,11,9,11,0,51,27.7,20.5,0.0,0.9,54.6,1014.9,12.0,M,11,Sakhir,Alfa Romeo Racing
12,59,RAI,13,0,9,7,11,0,51,27.5,20.5,0.0,0.8,54.5,1014.9,11.0,M,12,Sakhir,Alfa Romeo Racing
13,59,RAI,14,0,7,14,11,0,52,27.7,20.6,0.0,1.2,54.8,1014.8,0.0,H,0,Sakhir,Alfa Romeo Racing
14,59,RAI,15,0,14,13,11,0,52,27.5,20.5,0.0,1.0,54.8,1014.9,346.0,H,1,Sakhir,Alfa Romeo Racing
15,59,RAI,16,0,13,12,11,0,53,27.7,20.5,0.0,0.6,54.7,1014.9,359.0,H,2,Sakhir,Alfa Romeo Racing
16,59,RAI,17,0,12,12,11,0,54,27.6,20.5,0.0,0.9,53.8,1015.0,16.0,H,3,Sakhir,Alfa Romeo Racing
17,59,RAI,18,0,12,12,11,0,54,27.6,20.5,0.0,1.0,53.9,1014.9,13.0,H,4,Sakhir,Alfa Romeo Racing
18,59,RAI,19,0,12,12,11,0,55,27.0,20.4,0.0,0.8,54.3,1014.9,1.0,H,5,Sakhir,Alfa Romeo Racing
19,59,RAI,20,0,12,11,11,0,55,27.1,20.4,0.0,0.6,53.7,1014.9,356.0,H,6,Sakhir,Alfa Romeo Racing
20,59,RAI,21,0,11,12,11,0,56,27.3,20.5,0.0,0.8,52.8,1015.0,4.0,H,7,Sakhir,Alfa Romeo Racing
21,59,RAI,22,0,12,11,11,0,56,27.4,20.5,0.0,0.6,53.7,1014.9,7.0,H,8,Sakhir,Alfa Romeo Racing
22,59,RAI,23,0,11,10,11,0,56,27.2,20.5,0.0,0.7,53.6,1014.9,17.0,H,9,Sakhir,Alfa Romeo Racing
23,59,RAI,24,0,10,10,11,0,57,27.1,20.5,0.0,0.8,54.4,1015.0,12.0,H,10,Sakhir,Alfa Romeo Racing
24,59,RAI,25,0,10,10,11,0,57,27.1,20.5,0.0,0.7,55.2,1014.9,1.0,H,11,Sakhir,Alfa Romeo Racing
25,59,RAI,26,0,10,10,11,0,57,26.9,20.5,0.0,1.0,56.0,1015.1,24.0,H,12,Sakhir,Alfa Romeo Racing
26,59,RAI,27,0,10,10,11,0,58,27.0,20.5,0.0,0.7,56.0,1015.0,18.0,H,13,Sakhir,Alfa Romeo Racing
27,59,RAI,28,0,10,10,11,0,58,27.0,20.5,0.0,0.9,56.0,1015.0,6.0,H,14,Sakhir,Alfa Romeo Racing
28,59,RAI,29,0,10,9,11,0,58,27.0,20.5,0.0,0.8,56.0,1015.1,3.0,H,15,Sakhir,Alfa Romeo Racing
29,59,RAI,30,0,9,14,11,0,58,27.0,20.5,0.0,0.8,55.6,1015.1,16.0,M,0,Sakhir,Alfa Romeo Racing
30,59,RAI,31,0,14,13,11,0,59,26.9,20.5,0.0,0.5,55.7,1015.0,6.0,M,1,Sakhir,Alfa Romeo Racing
31,59,RAI,32,0,13,12,11,0,59,27.0,20.5,0.0,0.8,54.9,1015.1,14.0,M,2,Sakhir,Alfa Romeo Racing
32,59,RAI,33,0,12,12,11,0,59,26.9,20.5,0.0,0.7,55.1,1015.1,353.0,M,3,Sakhir,Alfa Romeo Racing
33,59,RAI,34,0,12,11,11,0,59,26.8,20.5,0.0,0.8,54.8,1015.1,194.0,M,4,Sakhir,Alfa Romeo Racing
34,59,RAI,35,0,11,11,11,0,59,27.0,20.5,0.0,0.5,54.2,1015.1,4.0,M,5,Sakhir,Alfa Romeo Racing
35,59,RAI,36,0,11,10,11,0,59,27.0,20.5,0.0,0.9,54.0,1015.1,351.0,M,6,Sakhir,Alfa Romeo Racing
36,59,RAI,37,0,10,10,11,0,59,26.8,20.5,0.0,1.0,54.3,1015.1,9.0,M,7,Sakhir,Alfa Romeo Racing
37,59,RAI,38,0,10,11,11,0,59,26.7,20.5,0.0,0.8,54.7,1015.1,10.0,M,8,Sakhir,Alfa Romeo Racing
38,59,RAI,39,0,11,11,11,0,59,26.5,20.5,0.0,0.9,55.4,1015.1,5.0,M,9,Sakhir,Alfa Romeo Racing
39,59,RAI,40,0,11,11,11,0,59,26.5,20.5,0.0,0.9,55.2,1015.1,17.0,M,10,Sakhir,Alfa Romeo Racing
40,59,RAI,41,0,11,11,11,0,59,26.6,20.5,0.0,0.8,55.5,1015.1,5.0,M,11,Sakhir,Alfa Romeo Racing
41,59,RAI,42,0,11,11,11,0,59,26.6,20.5,0.0,0.6,55.3,1014.9,8.0,M,12,Sakhir,Alfa Romeo Racing
42,59,RAI,43,0,11,11,11,0,59,26.6,20.5,0.0,1.0,54.8,1015.0,7.0,M,13,Sakhir,Alfa Romeo Racing
43,59,RAI,44,1,11,11,11,0,60,26.6,20.5,0.0,1.2,55.1,1015.1,10.0,M,14,Sakhir,Alfa Romeo Racing
44,59,RAI,45,1,11,11,11,0,60,26.3,20.4,0.0,1.0,55.1,1015.0,12.0,M,15,Sakhir,Alfa Romeo Racing
45,59,RAI,46,0,11,11,11,0,60,26.3,20.4,0.0,0.8,55.1,1015.1,10.0,M,16,Sakhir,Alfa Romeo Racing
46,59,RAI,47,0,11,11,11,0,60,26.2,20.5,0.0,0.8,54.2,1015.1,359.0,M,17,Sakhir,Alfa Romeo Racing
47,59,RAI,48,0,11,11,11,0,60,26.5,20.5,0.0,0.8,53.9,1014.9,352.0,M,18,Sakhir,Alfa Romeo Racing
48,59,RAI,49,0,11,11,11,0,60,26.5,20.5,0.0,0.6,53.9,1015.1,0.0,M,19,Sakhir,Alfa Romeo Racing
49,59,RAI,50,0,11,11,11,0,60,26.3,20.5,0.0,0.8,53.8,1015.1,358.0,M,20,Sakhir,Alfa Romeo Racing
50,59,RAI,51,0,11,11,11,0,61,26.4,20.5,0.0,0.8,54.3,1015.1,17.0,M,21,Sakhir,Alfa Romeo Racing
51,59,RAI,52,0,11,11,11,0,61,26.3,20.5,0.0,0.9,54.7,1015.1,5.0,M,22,Sakhir,Alfa Romeo Racing
52,59,RAI,53,0,11,11,11,0,61,26.3,20.6,0.0,0.8,54.8,1015.1,8.0,M,23,Sakhir,Alfa Romeo Racing
53,59,RAI,54,0,11,11,11,0,61,26.0,20.5,0.0,0.7,54.8,1015.2,350.0,M,24,Sakhir,Alfa Romeo Racing
54,59,RAI,55,0,11,11,11,0,61,26.1,20.6,0.0,0.7,53.6,1015.2,5.0,M,25,Sakhir,Alfa Romeo Racing
55,59,RAI,56,0,11,11,11,0,61,26.2,20.6,0.0,1.0,52.7,1015.2,21.0,M,26,Sakhir,Alfa Romeo Racing
0,59,RUS,1,2,16,16,16,0,49,28.1,20.5,0.0,1.3,53.9,1014.6,7.0,S,0,Sakhir,Williams
1,59,RUS,2,2,16,16,16,0,56,28.1,20.5,0.0,1.3,53.7,1014.6,10.0,S,1,Sakhir,Williams
2,59,RUS,3,2,16,16,16,0,60,28.1,20.5,0.0,1.1,53.8,1014.8,13.0,S,2,Sakhir,Williams
3,59,RUS,4,2,16,14,16,0,59,28.0,20.5,0.0,1.0,54.6,1014.8,64.0,S,3,Sakhir,Williams
4,59,RUS,5,2,14,13,16,0,59,27.9,20.5,0.0,0.9,54.7,1014.7,13.0,S,4,Sakhir,Williams
5,59,RUS,6,0,13,15,16,0,59,27.9,20.5,0.0,0.6,54.7,1014.8,35.0,S,5,Sakhir,Williams
6,59,RUS,7,0,15,16,16,0,58,27.9,20.6,0.0,0.9,53.9,1014.8,15.0,S,6,Sakhir,Williams
7,59,RUS,8,0,16,16,16,0,58,27.8,20.5,0.0,0.9,54.7,1014.8,10.0,S,7,Sakhir,Williams
8,59,RUS,9,0,16,16,16,0,58,27.7,20.5,0.0,1.0,55.0,1014.7,10.0,S,8,Sakhir,Williams
9,59,RUS,10,0,16,16,16,0,57,27.8,20.6,0.0,0.9,55.4,1014.8,18.0,S,9,Sakhir,Williams
10,59,RUS,11,0,16,16,16,0,57,27.6,20.5,0.0,0.6,55.5,1014.8,6.0,S,10,Sakhir,Williams
11,59,RUS,12,0,16,15,16,0,57,27.7,20.5,0.0,0.7,55.1,1014.8,14.0,S,11,Sakhir,Williams
12,59,RUS,13,0,15,12,16,0,57,27.7,20.5,0.0,1.0,54.8,1014.8,6.0,S,12,Sakhir,Williams
13,59,RUS,14,0,12,18,16,0,56,27.6,20.5,0.0,1.1,54.5,1014.9,0.0,M,0,Sakhir,Williams
14,59,RUS,15,0,18,16,16,0,57,27.7,20.6,0.0,1.2,54.8,1014.8,0.0,M,1,Sakhir,Williams
15,59,RUS,16,0,16,16,16,0,57,27.6,20.5,0.0,0.9,55.3,1014.9,1.0,M,2,Sakhir,Williams
16,59,RUS,17,0,16,16,16,0,57,27.6,20.5,0.0,1.0,53.9,1014.9,13.0,M,3,Sakhir,Williams
17,59,RUS,18,0,16,16,16,0,57,27.1,20.5,0.0,0.7,53.4,1014.9,356.0,M,4,Sakhir,Williams
18,59,RUS,19,0,16,16,16,0,58,27.2,20.5,0.0,1.0,53.5,1015.0,359.0,M,5,Sakhir,Williams
19,59,RUS,20,0,16,16,16,0,58,27.4,20.5,0.0,0.6,53.7,1014.9,7.0,M,6,Sakhir,Williams
20,59,RUS,21,0,16,16,16,0,58,27.2,20.5,0.0,0.7,53.6,1014.9,17.0,M,7,Sakhir,Williams
21,59,RUS,22,0,16,16,16,0,58,27.1,20.5,0.0,0.8,54.4,1015.0,12.0,M,8,Sakhir,Williams
22,59,RUS,23,0,16,16,16,0,58,27.1,20.5,0.0,0.7,55.2,1014.9,1.0,M,9,Sakhir,Williams
23,59,RUS,24,0,16,16,16,0,58,27.0,20.5,0.0,0.6,55.8,1015.0,11.0,M,10,Sakhir,Williams
24,59,RUS,25,0,16,15,16,0,58,26.9,20.5,0.0,1.0,56.0,1015.1,24.0,M,11,Sakhir,Williams
25,59,RUS,26,0,15,15,16,0,59,27.0,20.5,0.0,0.7,56.0,1015.0,18.0,M,12,Sakhir,Williams
26,59,RUS,27,0,15,15,16,0,59,27.0,20.5,0.0,0.9,56.0,1015.0,6.0,M,13,Sakhir,Williams
27,59,RUS,28,0,15,15,16,0,59,27.0,20.5,0.0,0.8,56.0,1015.1,3.0,M,14,Sakhir,Williams
28,59,RUS,29,0,15,14,16,0,59,27.0,20.5,0.0,0.8,55.6,1015.1,16.0,M,15,Sakhir,Williams
29,59,RUS,30,0,14,12,16,0,59,26.9,20.5,0.0,0.5,55.7,1015.0,6.0,M,16,Sakhir,Williams
30,59,RUS,31,0,12,12,16,0,59,26.9,20.5,0.0,0.6,55.5,1015.0,12.0,M,17,Sakhir,Williams
31,59,RUS,32,0,12,11,16,0,59,27.0,20.5,0.0,0.8,54.9,1015.1,14.0,M,18,Sakhir,Williams
32,59,RUS,33,0,11,11,16,0,59,26.8,20.5,0.0,0.8,54.8,1015.1,194.0,M,19,Sakhir,Williams
33,59,RUS,34,0,11,10,16,0,59,26.6,20.6,0.0,0.9,55.1,1015.1,13.0,M,20,Sakhir,Williams
34,59,RUS,35,0,10,10,16,0,59,26.5,20.5,0.0,0.9,55.4,1015.1,5.0,M,21,Sakhir,Williams
35,59,RUS,36,0,10,13,16,0,59,26.6,20.5,0.0,0.8,55.5,1015.1,5.0,M,22,Sakhir,Williams
36,59,RUS,37,0,13,16,16,0,59,26.6,20.5,0.0,0.6,55.3,1014.9,8.0,M,0,Sakhir,Williams
37,59,RUS,38,0,16,16,16,0,59,26.6,20.5,0.0,1.2,55.1,1015.1,10.0,M,1,Sakhir,Williams
38,59,RUS,39,0,16,15,16,0,59,26.3,20.4,0.0,0.8,55.1,1015.1,10.0,M,2,Sakhir,Williams
39,59,RUS,40,0,15,15,16,0,59,26.5,20.5,0.0,1.3,53.9,1015.0,12.0,M,3,Sakhir,Williams
40,59,RUS,41,0,15,15,16,0,59,26.2,20.5,0.0,0.8,54.2,1015.0,5.0,M,4,Sakhir,Williams
41,59,RUS,42,0,15,15,16,0,59,26.4,20.5,0.0,0.7,54.1,1015.1,8.0,M,5,Sakhir,Williams
42,59,RUS,43,0,15,15,16,0,59,26.5,20.5,0.0,0.8,53.9,1014.9,352.0,M,6,Sakhir,Williams
43,59,RUS,44,1,15,15,16,0,60,26.3,20.5,0.0,0.8,53.8,1015.1,358.0,M,7,Sakhir,Williams
44,59,RUS,45,1,15,15,16,0,59,26.4,20.5,0.0,0.8,54.3,1015.1,17.0,M,8,Sakhir,Williams
45,59,RUS,46,0,15,15,16,0,59,26.4,20.5,0.0,0.8,54.2,1015.0,357.0,M,9,Sakhir,Williams
46,59,RUS,47,0,15,15,16,0,59,26.3,20.5,0.0,0.9,54.7,1015.1,5.0,M,10,Sakhir,Williams
47,59,RUS,48,0,15,15,16,0,59,26.3,20.6,0.0,0.8,54.8,1015.1,8.0,M,11,Sakhir,Williams
48,59,RUS,49,0,15,15,16,0,60,26.1,20.5,0.0,0.7,55.1,1015.1,7.0,M,12,Sakhir,Williams
49,59,RUS,50,0,15,15,16,0,60,26.3,20.5,0.0,0.6,54.9,1015.1,31.0,M,13,Sakhir,Williams
50,59,RUS,51,0,15,14,16,0,60,26.0,20.5,0.0,0.7,54.8,1015.2,350.0,M,14,Sakhir,Williams
51,59,RUS,52,0,14,14,16,0,60,26.0,20.5,0.0,0.6,54.2,1015.2,1.0,M,15,Sakhir,Williams
52,59,RUS,53,0,14,14,16,0,60,26.2,20.6,0.0,0.9,52.6,1015.1,8.0,M,16,Sakhir,Williams
53,59,RUS,54,0,14,14,16,0,60,26.2,20.6,0.0,1.0,52.7,1015.2,21.0,M,17,Sakhir,Williams
54,59,RUS,55,0,14,14,16,0,60,26.1,20.6,0.0,0.9,52.7,1015.1,9.0,M,18,Sakhir,Williams
0,59,OCO,1,2,13,13,13,0,47,28.1,20.5,0.0,1.3,53.9,1014.6,7.0,S,0,Sakhir,Alpine
1,59,OCO,2,2,13,13,13,0,55,28.1,20.5,0.0,1.2,54.3,1014.8,6.0,S,1,Sakhir,Alpine
2,59,OCO,3,2,13,13,13,0,57,27.9,20.5,0.0,1.0,54.5,1014.8,8.0,S,2,Sakhir,Alpine
3,59,OCO,4,2,13,12,13,0,57,28.0,20.5,0.0,1.0,54.6,1014.8,14.0,S,3,Sakhir,Alpine
4,59,OCO,5,2,12,12,13,0,58,27.9,20.5,0.0,0.9,54.7,1014.7,13.0,S,4,Sakhir,Alpine
5,59,OCO,6,0,12,12,13,0,58,27.9,20.5,0.0,0.6,54.8,1014.8,15.0,S,5,Sakhir,Alpine
6,59,OCO,7,0,12,12,13,0,58,27.9,20.5,0.0,0.6,54.7,1014.8,35.0,S,6,Sakhir,Alpine
7,59,OCO,8,0,12,12,13,0,57,28.1,20.5,0.0,0.8,54.2,1014.7,8.0,S,7,Sakhir,Alpine
8,59,OCO,9,0,12,12,13,0,57,28.0,20.5,0.0,1.2,54.0,1014.8,11.0,S,8,Sakhir,Alpine
9,59,OCO,10,0,12,13,13,0,57,27.9,20.5,0.0,0.8,54.0,1014.8,11.0,S,9,Sakhir,Alpine
10,59,OCO,11,0,13,13,13,0,57,27.7,20.5,0.0,0.7,55.1,1014.8,14.0,S,10,Sakhir,Alpine
11,59,OCO,12,0,13,12,13,0,57,27.7,20.5,0.0,0.9,54.6,1014.9,12.0,S,11,Sakhir,Alpine
12,59,OCO,13,0,12,9,13,0,57,27.6,20.5,0.0,1.1,54.5,1014.9,0.0,S,12,Sakhir,Alpine
13,59,OCO,14,0,9,15,13,0,57,27.5,20.5,0.0,0.8,54.5,1014.9,11.0,M,0,Sakhir,Alpine
14,59,OCO,15,0,15,14,13,0,58,27.7,20.5,0.0,0.9,55.2,1014.9,20.0,M,1,Sakhir,Alpine
15,59,OCO,16,0,14,13,13,0,58,27.6,20.5,0.0,0.9,55.3,1014.9,1.0,M,2,Sakhir,Alpine
16,59,OCO,17,0,13,13,13,0,59,27.7,20.5,0.0,0.6,54.7,1014.9,359.0,M,3,Sakhir,Alpine
17,59,OCO,18,0,13,13,13,0,59,27.1,20.4,0.0,0.6,53.7,1014.9,356.0,M,4,Sakhir,Alpine
18,59,OCO,19,0,13,13,13,0,60,27.1,20.5,0.0,0.7,53.4,1014.9,356.0,M,5,Sakhir,Alpine
19,59,OCO,20,0,13,13,13,0,60,27.2,20.5,0.0,1.0,52.7,1015.0,356.0,M,6,Sakhir,Alpine
20,59,OCO,21,0,13,14,13,0,60,27.4,20.5,0.0,0.6,53.7,1014.9,7.0,M,7,Sakhir,Alpine
21,59,OCO,22,0,14,14,13,0,61,27.2,20.5,0.0,0.7,53.6,1014.9,17.0,M,8,Sakhir,Alpine
22,59,OCO,23,0,14,14,13,0,61,27.1,20.5,0.0,0.8,54.4,1015.0,12.0,M,9,Sakhir,Alpine
23,59,OCO,24,0,14,13,13,0,61,27.1,20.5,0.0,0.7,55.2,1014.9,1.0,M,10,Sakhir,Alpine
24,59,OCO,25,0,13,13,13,0,61,26.9,20.5,0.0,1.0,56.0,1015.1,24.0,M,11,Sakhir,Alpine
25,59,OCO,26,0,13,13,13,0,61,27.0,20.5,0.0,0.8,56.0,1015.1,3.0,M,12,Sakhir,Alpine
26,59,OCO,27,0,13,13,13,0,61,27.0,20.5,0.0,0.8,55.6,1015.1,16.0,M,13,Sakhir,Alpine
27,59,OCO,28,0,13,13,13,0,62,26.9,20.5,0.0,0.6,55.5,1015.0,12.0,M,14,Sakhir,Alpine
28,59,OCO,29,0,13,11,13,0,62,27.1,20.5,0.0,0.7,55.3,1015.1,350.0,M,15,Sakhir,Alpine
29,59,OCO,30,0,11,10,13,0,62,27.0,20.5,0.0,0.8,54.9,1015.1,14.0,M,16,Sakhir,Alpine
30,59,OCO,31,0,10,10,13,0,62,26.8,20.5,0.0,0.8,54.8,1015.1,194.0,M,17,Sakhir,Alpine
31,59,OCO,32,0,10,15,13,0,62,27.0,20.5,0.0,0.5,54.2,1015.1,4.0,H,0,Sakhir,Alpine
32,59,OCO,33,0,15,14,13,0,63,27.0,20.5,0.0,0.9,54.0,1015.1,351.0,H,1,Sakhir,Alpine
33,59,OCO,34,0,14,14,13,0,63,26.7,20.5,0.0,0.8,54.7,1015.1,10.0,H,2,Sakhir,Alpine
34,59,OCO,35,0,14,14,13,0,63,26.5,20.5,0.0,0.9,55.4,1015.1,5.0,H,3,Sakhir,Alpine
35,59,OCO,36,0,14,14,13,0,63,26.5,20.5,0.0,0.9,55.2,1015.1,17.0,H,4,Sakhir,Alpine
36,59,OCO,37,0,14,13,13,0,63,26.6,20.5,0.0,0.8,55.5,1015.1,5.0,H,5,Sakhir,Alpine
37,59,OCO,38,0,13,13,13,0,64,26.6,20.5,0.0,0.6,55.3,1014.9,8.0,H,6,Sakhir,Alpine
38,59,OCO,39,0,13,13,13,0,64,26.6,20.5,0.0,1.2,55.1,1015.1,10.0,H,7,Sakhir,Alpine
39,59,OCO,40,0,13,13,13,0,64,26.3,20.5,0.0,1.0,55.2,1015.0,351.0,H,8,Sakhir,Alpine
40,59,OCO,41,0,13,13,13,0,64,26.3,20.4,0.0,1.0,55.1,1015.0,12.0,H,9,Sakhir,Alpine
41,59,OCO,42,0,13,13,13,0,64,26.5,20.5,0.0,1.3,53.9,1015.0,12.0,H,10,Sakhir,Alpine
42,59,OCO,43,0,13,13,13,0,64,26.2,20.5,0.0,0.8,54.2,1015.0,5.0,H,11,Sakhir,Alpine
43,59,OCO,44,1,13,14,13,0,64,26.2,20.5,0.0,0.8,54.2,1015.1,359.0,H,12,Sakhir,Alpine
44,59,OCO,45,1,14,14,13,0,64,26.4,20.5,0.0,0.7,54.1,1015.1,8.0,H,13,Sakhir,Alpine
45,59,OCO,46,0,14,14,13,0,64,26.5,20.5,0.0,0.6,53.9,1015.1,0.0,H,14,Sakhir,Alpine
46,59,OCO,47,0,14,13,13,0,64,26.4,20.5,0.0,0.5,53.8,1015.1,356.0,H,15,Sakhir,Alpine
47,59,OCO,48,0,13,13,13,0,64,26.3,20.5,0.0,0.8,53.8,1015.1,358.0,H,16,Sakhir,Alpine
48,59,OCO,49,0,13,13,13,0,64,26.4,20.5,0.0,0.8,54.3,1015.1,17.0,H,17,Sakhir,Alpine
49,59,OCO,50,0,13,13,13,0,64,26.3,20.5,0.0,0.6,54.9,1015.1,31.0,H,18,Sakhir,Alpine
50,59,OCO,51,0,13,13,13,0,64,26.3,20.5,0.0,0.6,54.9,1015.1,17.0,H,19,Sakhir,Alpine
51,59,OCO,52,0,13,13,13,0,64,26.1,20.5,0.0,0.8,54.9,1015.1,14.0,H,20,Sakhir,Alpine
52,59,OCO,53,0,13,13,13,0,64,26.0,20.5,0.0,0.7,54.8,1015.2,350.0,H,21,Sakhir,Alpine
53,59,OCO,54,0,13,13,13,0,64,26.0,20.5,0.0,0.6,54.2,1015.2,1.0,H,22,Sakhir,Alpine
54,59,OCO,55,0,13,13,13,0,64,26.1,20.6,0.0,0.7,53.6,1015.2,5.0,H,23,Sakhir,Alpine
0,59,LAT,1,2,17,17,17,0,45,28.1,20.5,0.0,1.3,53.7,1014.6,10.0,S,0,Sakhir,Williams
1,59,LAT,2,2,17,17,17,0,52,28.1,20.5,0.0,1.0,53.5,1014.8,9.0,S,1,Sakhir,Williams
2,59,LAT,3,2,17,17,17,0,58,28.1,20.5,0.0,1.1,53.8,1014.8,13.0,S,2,Sakhir,Williams
3,59,LAT,4,2,17,17,17,0,60,28.1,20.5,0.0,1.2,54.3,1014.8,6.0,S,3,Sakhir,Williams
4,59,LAT,5,2,17,17,17,0,60,27.9,20.5,0.0,1.0,54.5,1014.8,8.0,S,4,Sakhir,Williams
5,59,LAT,6,0,17,17,17,0,60,28.0,20.5,0.0,1.0,54.6,1014.8,64.0,S,5,Sakhir,Williams
6,59,LAT,7,0,17,17,17,0,59,28.1,20.5,0.0,0.8,54.2,1014.7,8.0,S,6,Sakhir,Williams
7,59,LAT,8,0,17,17,17,0,59,27.9,20.6,0.0,0.9,53.9,1014.8,15.0,S,7,Sakhir,Williams
8,59,LAT,9,0,17,17,17,0,59,27.9,20.5,0.0,0.8,54.0,1014.8,11.0,S,8,Sakhir,Williams
9,59,LAT,10,0,17,17,17,0,59,27.7,20.5,0.0,1.0,55.0,1014.7,10.0,S,9,Sakhir,Williams
10,59,LAT,11,0,17,17,17,0,59,27.8,20.6,0.0,0.9,55.4,1014.8,18.0,S,10,Sakhir,Williams
11,59,LAT,12,0,17,16,17,0,59,27.6,20.5,0.0,0.9,55.2,1014.8,9.0,S,11,Sakhir,Williams
12,59,LAT,13,0,16,11,17,0,58,27.7,20.5,0.0,0.7,55.1,1014.8,14.0,S,12,Sakhir,Williams
13,59,LAT,14,0,11,13,17,0,59,27.7,20.5,0.0,1.0,54.8,1014.8,6.0,S,13,Sakhir,Williams
14,59,LAT,15,0,13,18,17,0,58,27.6,20.6,0.0,1.1,54.1,1014.9,4.0,M,0,Sakhir,Williams
15,59,LAT,16,0,18,18,17,0,59,27.5,20.5,0.0,1.0,54.8,1014.9,346.0,M,1,Sakhir,Williams
16,59,LAT,17,0,18,18,17,0,59,27.6,20.5,0.0,0.9,53.8,1015.0,16.0,M,2,Sakhir,Williams
17,59,LAT,18,0,18,17,17,0,60,27.0,20.4,0.0,0.8,54.3,1014.9,1.0,M,3,Sakhir,Williams
18,59,LAT,19,0,17,17,17,0,60,27.1,20.5,0.0,0.7,53.4,1014.9,356.0,M,4,Sakhir,Williams
19,59,LAT,20,0,17,17,17,0,60,27.2,20.5,0.0,1.0,52.7,1015.0,356.0,M,5,Sakhir,Williams
20,59,LAT,21,0,17,17,17,0,60,27.2,20.5,0.0,1.0,53.5,1015.0,359.0,M,6,Sakhir,Williams
21,59,LAT,22,0,17,17,17,0,61,27.1,20.5,0.0,0.8,54.4,1015.0,12.0,M,7,Sakhir,Williams
22,59,LAT,23,0,17,17,17,0,61,27.1,20.5,0.0,0.7,55.2,1014.9,1.0,M,8,Sakhir,Williams
23,59,LAT,24,0,17,17,17,0,61,26.9,20.5,0.0,1.0,56.0,1015.1,24.0,M,9,Sakhir,Williams
24,59,LAT,25,0,17,16,17,0,61,27.0,20.5,0.0,0.7,56.0,1015.0,18.0,M,10,Sakhir,Williams
25,59,LAT,26,0,16,16,17,0,61,27.0,20.5,0.0,0.8,56.0,1015.1,3.0,M,11,Sakhir,Williams
26,59,LAT,27,0,16,16,17,0,61,26.9,20.5,0.0,0.6,55.5,1015.0,12.0,M,12,Sakhir,Williams
27,59,LAT,28,0,16,16,17,0,61,26.9,20.5,0.0,0.7,55.1,1015.1,353.0,M,13,Sakhir,Williams
28,59,LAT,29,0,16,17,17,0,61,26.8,20.5,0.0,0.8,54.8,1015.1,194.0,M,14,Sakhir,Williams
29,59,LAT,30,0,17,16,17,0,61,27.0,20.5,0.0,0.5,54.2,1015.1,4.0,M,15,Sakhir,Williams
30,59,LAT,31,0,16,16,17,0,61,26.5,20.5,0.0,0.9,55.4,1015.1,5.0,M,16,Sakhir,Williams
31,59,LAT,32,0,16,17,17,0,61,26.5,20.5,0.0,0.9,55.2,1015.1,17.0,M,17,Sakhir,Williams
32,59,LAT,33,0,17,18,17,0,61,26.6,20.5,0.0,0.6,55.3,1014.9,8.0,M,0,Sakhir,Williams
33,59,LAT,34,0,18,17,17,0,61,26.6,20.5,0.0,1.2,55.1,1015.1,10.0,M,1,Sakhir,Williams
34,59,LAT,35,0,17,17,17,0,62,26.3,20.4,0.0,0.8,55.1,1015.1,10.0,M,2,Sakhir,Williams
35,59,LAT,36,0,17,17,17,0,62,26.5,20.5,0.0,1.3,53.9,1015.0,12.0,M,3,Sakhir,Williams
36,59,LAT,37,0,17,17,17,0,62,26.2,20.5,0.0,0.8,54.2,1015.0,5.0,M,4,Sakhir,Williams
37,59,LAT,38,0,17,17,17,0,62,26.2,20.5,0.0,0.8,54.2,1015.1,359.0,M,5,Sakhir,Williams
38,59,LAT,39,0,17,17,17,0,62,26.4,20.5,0.0,0.7,54.1,1015.1,8.0,M,6,Sakhir,Williams
39,59,LAT,40,0,17,17,17,0,62,26.5,20.5,0.0,0.6,53.9,1015.1,0.0,M,7,Sakhir,Williams
40,59,LAT,41,0,17,17,17,0,62,26.4,20.5,0.0,0.5,53.8,1015.1,356.0,M,8,Sakhir,Williams
41,59,LAT,42,0,17,17,17,0,62,26.3,20.5,0.0,0.8,53.8,1015.1,358.0,M,9,Sakhir,Williams
42,59,LAT,43,0,17,17,17,0,62,26.3,20.5,0.0,0.8,53.9,1015.1,11.0,M,10,Sakhir,Williams
43,59,LAT,44,1,17,17,17,0,62,26.3,20.5,0.0,1.0,54.1,1015.0,7.0,M,11,Sakhir,Williams
44,59,LAT,45,1,17,17,17,0,62,26.3,20.6,0.0,0.8,54.8,1015.1,8.0,M,12,Sakhir,Williams
45,59,LAT,46,0,17,17,17,0,62,26.1,20.5,0.0,0.7,55.1,1015.1,7.0,M,13,Sakhir,Williams
46,59,LAT,47,0,17,17,17,0,61,26.3,20.5,0.0,0.6,54.9,1015.1,17.0,M,14,Sakhir,Williams
47,59,LAT,48,0,17,17,17,0,61,26.1,20.5,0.0,0.8,54.9,1015.1,14.0,M,15,Sakhir,Williams
48,59,LAT,49,0,17,17,17,0,61,26.0,20.5,0.0,0.7,54.8,1015.2,350.0,M,16,Sakhir,Williams
49,59,LAT,50,0,17,18,17,0,61,26.0,20.5,0.0,0.6,54.2,1015.2,1.0,M,17,Sakhir,Williams
50,59,LAT,51,0,18,18,17,0,61,26.1,20.6,0.0,0.9,52.7,1015.1,9.0,M,18,Sakhir,Williams
0,59,MSC,1,2,18,18,18,0,39,28.1,20.5,0.0,1.3,53.9,1014.6,7.0,M,0,Sakhir,Haas F1 Team
1,59,MSC,2,2,18,18,18,0,39,28.1,20.5,0.0,1.1,53.8,1014.8,13.0,M,1,Sakhir,Haas F1 Team
2,59,MSC,3,2,18,18,18,0,41,27.9,20.5,0.0,1.0,54.5,1014.8,8.0,M,2,Sakhir,Haas F1 Team
3,59,MSC,4,2,18,19,18,0,44,27.9,20.5,0.0,0.9,54.7,1014.7,13.0,M,3,Sakhir,Haas F1 Team
4,59,MSC,5,2,19,18,18,0,45,27.9,20.5,0.0,0.6,54.8,1014.8,15.0,M,4,Sakhir,Haas F1 Team
5,59,MSC,6,0,18,18,18,0,47,27.9,20.5,0.0,0.6,54.7,1014.8,35.0,M,5,Sakhir,Haas F1 Team
6,59,MSC,7,0,18,18,18,0,48,27.9,20.6,0.0,0.9,53.9,1014.8,15.0,M,6,Sakhir,Haas F1 Team
7,59,MSC,8,0,18,18,18,0,48,27.8,20.6,0.0,0.9,55.4,1014.8,18.0,M,7,Sakhir,Haas F1 Team
8,59,MSC,9,0,18,18,18,0,49,27.6,20.5,0.0,0.6,55.5,1014.8,6.0,M,8,Sakhir,Haas F1 Team
9,59,MSC,10,0,18,18,18,0,49,27.7,20.5,0.0,0.9,54.6,1014.9,12.0,M,9,Sakhir,Haas F1 Team
10,59,MSC,11,0,18,18,18,0,49,27.6,20.5,0.0,1.1,54.5,1014.9,0.0,M,10,Sakhir,Haas F1 Team
11,59,MSC,12,0,18,18,18,0,49,27.5,20.5,0.0,0.8,54.5,1014.9,11.0,M,11,Sakhir,Haas F1 Team
12,59,MSC,13,0,18,17,18,0,49,27.7,20.6,0.0,1.2,54.8,1014.8,0.0,M,12,Sakhir,Haas F1 Team
13,59,MSC,14,0,17,17,18,0,50,27.7,20.5,0.0,0.9,55.2,1014.9,20.0,M,13,Sakhir,Haas F1 Team
14,59,MSC,15,0,17,19,18,0,50,27.6,20.5,0.0,0.9,55.3,1014.9,1.0,M,0,Sakhir,Haas F1 Team
15,59,MSC,16,0,19,19,18,0,50,27.5,20.5,0.0,1.0,54.8,1014.9,346.0,M,1,Sakhir,Haas F1 Team
16,59,MSC,17,0,19,19,18,0,51,27.6,20.5,0.0,0.9,53.8,1015.0,16.0,M,2,Sakhir,Haas F1 Team
17,59,MSC,18,0,19,19,18,0,51,27.1,20.4,0.0,0.6,53.7,1014.9,356.0,M,3,Sakhir,Haas F1 Team
18,59,MSC,19,0,19,19,18,0,52,27.2,20.5,0.0,1.0,52.7,1015.0,356.0,M,4,Sakhir,Haas F1 Team
19,59,MSC,20,0,19,18,18,0,52,27.1,20.5,0.0,0.7,55.2,1014.9,1.0,M,5,Sakhir,Haas F1 Team
20,59,MSC,21,0,18,18,18,0,53,27.0,20.5,0.0,0.7,56.0,1015.0,18.0,M,6,Sakhir,Haas F1 Team
21,59,MSC,22,0,18,18,18,0,53,27.0,20.5,0.0,0.8,56.0,1015.1,3.0,M,7,Sakhir,Haas F1 Team
22,59,MSC,23,0,18,18,18,0,53,26.9,20.5,0.0,0.6,55.5,1015.0,12.0,M,8,Sakhir,Haas F1 Team
23,59,MSC,24,0,18,18,18,0,53,27.1,20.5,0.0,0.7,55.3,1015.1,350.0,M,9,Sakhir,Haas F1 Team
24,59,MSC,25,0,18,18,18,0,54,27.0,20.5,0.0,0.8,54.9,1015.1,14.0,M,10,Sakhir,Haas F1 Team
25,59,MSC,26,0,18,18,18,0,54,26.9,20.5,0.0,0.7,55.1,1015.1,353.0,M,11,Sakhir,Haas F1 Team
26,59,MSC,27,0,18,19,18,0,54,27.0,20.5,0.0,0.5,54.2,1015.1,4.0,M,12,Sakhir,Haas F1 Team
27,59,MSC,28,0,19,19,18,0,54,27.0,20.5,0.0,0.9,54.0,1015.1,351.0,M,13,Sakhir,Haas F1 Team
28,59,MSC,29,0,19,19,18,0,54,26.8,20.5,0.0,1.0,54.3,1015.1,9.0,M,14,Sakhir,Haas F1 Team
29,59,MSC,30,0,19,19,18,0,54,26.7,20.5,0.0,0.8,54.6,1015.1,16.0,M,15,Sakhir,Haas F1 Team
30,59,MSC,31,0,19,19,18,0,55,26.7,20.5,0.0,0.8,54.7,1015.1,10.0,M,16,Sakhir,Haas F1 Team
31,59,MSC,32,0,19,19,18,0,55,26.6,20.6,0.0,0.9,55.1,1015.1,13.0,M,17,Sakhir,Haas F1 Team
32,59,MSC,33,0,19,17,18,0,55,26.5,20.5,0.0,0.9,55.4,1015.1,5.0,M,18,Sakhir,Haas F1 Team
33,59,MSC,34,0,17,18,18,0,55,26.5,20.5,0.0,0.9,55.2,1015.1,17.0,H,0,Sakhir,Haas F1 Team
34,59,MSC,35,0,18,18,18,0,55,26.6,20.5,0.0,0.8,55.5,1015.1,5.0,H,1,Sakhir,Haas F1 Team
35,59,MSC,36,0,18,18,18,0,55,26.6,20.5,0.0,1.2,55.1,1015.1,10.0,H,2,Sakhir,Haas F1 Team
36,59,MSC,37,0,18,18,18,0,55,26.3,20.4,0.0,1.0,55.1,1015.0,12.0,H,3,Sakhir,Haas F1 Team
37,59,MSC,38,0,18,18,18,0,55,26.3,20.4,0.0,0.8,55.1,1015.1,10.0,H,4,Sakhir,Haas F1 Team
38,59,MSC,39,0,18,18,18,0,55,26.5,20.5,0.0,0.9,54.5,1015.0,15.0,H,5,Sakhir,Haas F1 Team
39,59,MSC,40,0,18,18,18,0,56,26.2,20.5,0.0,0.8,54.2,1015.0,5.0,H,6,Sakhir,Haas F1 Team
40,59,MSC,41,0,18,18,18,0,56,26.2,20.5,0.0,0.8,54.2,1015.1,359.0,H,7,Sakhir,Haas F1 Team
41,59,MSC,42,0,18,18,18,0,56,26.4,20.5,0.0,0.7,54.1,1015.1,8.0,H,8,Sakhir,Haas F1 Team
42,59,MSC,43,0,18,18,18,0,56,26.5,20.5,0.0,0.8,53.9,1014.9,352.0,H,9,Sakhir,Haas F1 Team
43,59,MSC,44,1,18,18,18,0,56,26.5,20.5,0.0,0.6,53.9,1015.1,0.0,H,10,Sakhir,Haas F1 Team
44,59,MSC,45,1,18,18,18,0,56,26.4,20.5,0.0,0.5,53.8,1015.1,356.0,H,11,Sakhir,Haas F1 Team
45,59,MSC,46,0,18,18,18,0,56,26.3,20.5,0.0,0.8,53.8,1015.1,358.0,H,12,Sakhir,Haas F1 Team
46,59,MSC,47,0,18,18,18,0,56,26.3,20.5,0.0,0.8,53.9,1015.1,11.0,H,13,Sakhir,Haas F1 Team
47,59,MSC,48,0,18,18,18,0,56,26.3,20.5,0.0,1.0,54.1,1015.0,7.0,H,14,Sakhir,Haas F1 Team
48,59,MSC,49,0,18,18,18,0,56,26.3,20.5,0.0,1.1,54.4,1015.1,8.0,H,15,Sakhir,Haas F1 Team
49,59,MSC,50,0,18,17,18,0,56,26.3,20.6,0.0,0.8,54.8,1015.1,8.0,H,16,Sakhir,Haas F1 Team
50,59,MSC,51,0,17,17,18,0,56,26.1,20.5,0.0,0.7,55.1,1015.1,7.0,H,17,Sakhir,Haas F1 Team
51,59,MSC,52,0,17,17,18,0,56,26.3,20.5,0.0,0.6,54.9,1015.1,17.0,H,18,Sakhir,Haas F1 Team
52,59,MSC,53,0,17,16,18,0,56,26.1,20.5,0.0,0.8,54.9,1015.1,14.0,H,19,Sakhir,Haas F1 Team
53,59,MSC,54,0,16,16,18,0,56,26.0,20.5,0.0,0.6,54.2,1015.2,1.0,H,20,Sakhir,Haas F1 Team
54,59,MSC,55,0,16,16,18,0,57,26.1,20.6,0.0,0.7,53.6,1015.2,5.0,H,21,Sakhir,Haas F1 Team
0,59,VET,1,2,14,14,14,0,51,28.1,20.5,0.0,1.0,53.5,1014.8,9.0,M,0,Sakhir,Aston Martin
1,59,VET,2,2,14,14,14,0,52,28.1,20.5,0.0,1.1,53.8,1014.8,13.0,M,1,Sakhir,Aston Martin
2,59,VET,3,2,14,14,14,0,55,28.1,20.5,0.0,1.2,54.3,1014.8,6.0,M,2,Sakhir,Aston Martin
3,59,VET,4,2,14,13,14,0,56,27.9,20.5,0.0,1.0,54.5,1014.8,8.0,M,3,Sakhir,Aston Martin
4,59,VET,5,2,13,14,14,0,54,28.0,20.5,0.0,1.0,54.6,1014.8,14.0,M,4,Sakhir,Aston Martin
5,59,VET,6,0,14,13,14,0,55,27.9,20.5,0.0,0.6,54.8,1014.8,15.0,M,5,Sakhir,Aston Martin
6,59,VET,7,0,13,13,14,0,55,27.9,20.5,0.0,0.6,54.7,1014.8,35.0,M,6,Sakhir,Aston Martin
7,59,VET,8,0,13,14,14,0,55,28.0,20.5,0.0,1.2,54.0,1014.8,11.0,M,7,Sakhir,Aston Martin
8,59,VET,9,0,14,15,14,0,55,27.9,20.6,0.0,0.9,53.9,1014.8,15.0,M,8,Sakhir,Aston Martin
9,59,VET,10,0,15,15,14,0,55,27.9,20.5,0.0,0.8,54.0,1014.8,11.0,M,9,Sakhir,Aston Martin
10,59,VET,11,0,15,15,14,0,55,27.6,20.5,0.0,0.6,55.5,1014.8,6.0,M,10,Sakhir,Aston Martin
11,59,VET,12,0,15,14,14,0,55,27.6,20.5,0.0,0.9,55.2,1014.8,9.0,M,11,Sakhir,Aston Martin
12,59,VET,13,0,14,10,14,0,55,27.7,20.5,0.0,1.0,54.8,1014.8,6.0,M,12,Sakhir,Aston Martin
13,59,VET,14,0,10,7,14,0,55,27.7,20.5,0.0,0.9,54.6,1014.9,12.0,M,13,Sakhir,Aston Martin
14,59,VET,15,0,7,6,14,0,56,27.5,20.5,0.0,0.8,54.5,1014.9,11.0,M,14,Sakhir,Aston Martin
15,59,VET,16,0,6,7,14,0,57,27.6,20.6,0.0,1.1,54.1,1014.9,4.0,M,15,Sakhir,Aston Martin
16,59,VET,17,0,7,7,14,0,57,27.5,20.5,0.0,1.0,54.8,1014.9,346.0,M,16,Sakhir,Aston Martin
17,59,VET,18,0,7,7,14,0,58,27.6,20.5,0.0,1.0,53.9,1014.9,13.0,M,17,Sakhir,Aston Martin
18,59,VET,19,0,7,8,14,0,58,27.1,20.5,0.0,0.7,53.4,1014.9,356.0,M,18,Sakhir,Aston Martin
19,59,VET,20,0,8,8,14,0,58,27.2,20.5,0.0,0.9,53.1,1014.9,9.0,M,19,Sakhir,Aston Martin
20,59,VET,21,0,8,10,14,0,58,27.2,20.5,0.0,1.0,53.5,1015.0,359.0,M,20,Sakhir,Aston Martin
21,59,VET,22,0,10,12,14,0,59,27.2,20.5,0.0,0.7,53.6,1014.9,17.0,M,21,Sakhir,Aston Martin
22,59,VET,23,0,12,12,14,0,59,27.1,20.5,0.0,0.8,54.4,1015.0,12.0,M,22,Sakhir,Aston Martin
23,59,VET,24,0,12,14,14,0,59,27.1,20.5,0.0,0.7,55.2,1014.9,1.0,M,23,Sakhir,Aston Martin
24,59,VET,25,0,14,17,14,0,59,27.0,20.5,0.0,0.6,55.8,1015.0,11.0,H,0,Sakhir,Aston Martin
25,59,VET,26,0,17,17,14,0,59,26.9,20.5,0.0,1.0,56.0,1015.1,24.0,H,1,Sakhir,Aston Martin
26,59,VET,27,0,17,17,14,0,60,27.0,20.5,0.0,0.7,56.0,1015.0,18.0,H,2,Sakhir,Aston Martin
27,59,VET,28,0,17,17,14,0,60,27.0,20.5,0.0,0.9,56.0,1015.0,6.0,H,3,Sakhir,Aston Martin
28,59,VET,29,0,17,16,14,0,60,27.0,20.5,0.0,0.8,56.0,1015.1,3.0,H,4,Sakhir,Aston Martin
29,59,VET,30,0,16,15,14,0,60,27.0,20.5,0.0,0.8,55.6,1015.1,16.0,H,5,Sakhir,Aston Martin
30,59,VET,31,0,15,14,14,0,60,26.9,20.5,0.0,0.6,55.5,1015.0,12.0,H,6,Sakhir,Aston Martin
31,59,VET,32,0,14,13,14,0,60,26.9,20.5,0.0,0.7,55.1,1015.1,353.0,H,7,Sakhir,Aston Martin
32,59,VET,33,0,13,13,14,0,60,26.8,20.5,0.0,0.8,54.8,1015.1,194.0,H,8,Sakhir,Aston Martin
33,59,VET,34,0,13,12,14,0,60,27.0,20.5,0.0,0.5,54.2,1015.1,4.0,H,9,Sakhir,Aston Martin
34,59,VET,35,0,12,12,14,0,61,26.7,20.5,0.0,0.8,54.7,1015.1,10.0,H,10,Sakhir,Aston Martin
35,59,VET,36,0,12,12,14,0,61,26.5,20.5,0.0,0.9,55.4,1015.1,5.0,H,11,Sakhir,Aston Martin
36,59,VET,37,0,12,12,14,0,61,26.5,20.5,0.0,0.9,55.2,1015.1,17.0,H,12,Sakhir,Aston Martin
37,59,VET,38,0,12,12,14,0,61,26.6,20.5,0.0,0.6,55.3,1014.9,8.0,H,13,Sakhir,Aston Martin
38,59,VET,39,0,12,12,14,0,61,26.5,20.5,0.0,0.9,54.5,1015.0,15.0,H,14,Sakhir,Aston Martin
39,59,VET,40,0,12,12,14,0,61,26.5,20.5,0.0,1.3,53.9,1015.0,12.0,H,15,Sakhir,Aston Martin
40,59,VET,41,0,12,12,14,0,61,26.2,20.5,0.0,0.8,54.2,1015.0,5.0,H,16,Sakhir,Aston Martin
41,59,VET,42,0,12,12,14,0,61,26.2,20.5,0.0,0.8,54.2,1015.1,359.0,H,17,Sakhir,Aston Martin
42,59,VET,43,0,12,12,14,0,61,26.4,20.5,0.0,0.7,54.1,1015.1,8.0,H,18,Sakhir,Aston Martin
43,59,VET,44,1,12,13,14,0,61,26.5,20.5,0.0,0.6,53.9,1015.1,0.0,H,19,Sakhir,Aston Martin
44,59,VET,45,1,13,13,14,0,61,26.4,20.5,0.0,0.5,53.8,1015.1,356.0,H,20,Sakhir,Aston Martin
45,59,VET,46,0,13,13,14,0,61,26.3,20.5,0.0,0.8,53.8,1015.1,358.0,H,21,Sakhir,Aston Martin
46,59,VET,47,0,13,14,14,0,61,26.4,20.5,0.0,0.8,54.3,1015.1,17.0,H,22,Sakhir,Aston Martin
47,59,VET,48,0,14,14,14,0,61,26.3,20.6,0.0,0.8,54.8,1015.1,8.0,H,23,Sakhir,Aston Martin
48,59,VET,49,0,14,14,14,0,61,26.1,20.5,0.0,0.7,55.1,1015.1,7.0,H,24,Sakhir,Aston Martin
49,59,VET,50,0,14,14,14,0,61,26.3,20.5,0.0,0.6,54.9,1015.1,31.0,H,25,Sakhir,Aston Martin
50,59,VET,51,0,14,15,14,0,61,26.3,20.5,0.0,0.6,54.9,1015.1,17.0,H,26,Sakhir,Aston Martin
51,59,VET,52,0,15,15,14,0,61,26.1,20.5,0.0,0.8,54.9,1015.1,14.0,H,27,Sakhir,Aston Martin
52,59,VET,53,0,15,15,14,0,61,26.0,20.5,0.0,0.7,54.8,1015.2,350.0,H,28,Sakhir,Aston Martin
53,59,VET,54,0,15,15,14,0,61,26.0,20.5,0.0,0.6,54.2,1015.2,1.0,H,29,Sakhir,Aston Martin
54,59,VET,55,0,15,15,14,0,61,26.2,20.6,0.0,1.0,52.7,1015.2,21.0,H,30,Sakhir,Aston Martin
