,idGP,driver,lap,trackStatus,position,targetPosition,grid,out,performance,trackTemp,airTemp,raining,windSpeed,humidity,pressure,windDir,tyre,tyreLap,track,team
0,69,HAM,1,2,1,1,1,0,68,31.7,26.6,1.0,0.3,72.6,978.5,88.0,I,0,Hungaroring,Mercedes
1,69,HAM,2,2,1,1,1,0,47,31.9,26.6,1.0,0.5,71.7,978.3,101.0,I,1,Hungaroring,Mercedes
2,69,HAM,3,2,1,13,1,0,46,32.0,26.6,1.0,0.4,72.4,978.3,86.0,I,0,Hungaroring,Mercedes
3,69,HAM,4,0,13,1,1,0,47,32.8,26.6,1.0,0.4,75.4,978.3,87.0,I,1,Hungaroring,Mercedes
4,69,HAM,5,0,1,14,1,0,51,32.8,26.6,1.0,0.5,77.3,978.3,88.0,M,3,Hungaroring,Mercedes
5,69,HAM,6,0,14,14,1,0,56,33.3,26.7,1.0,0.5,74.9,978.3,79.0,M,4,Hungaroring,Mercedes
6,69,HAM,7,0,14,14,1,0,59,33.3,26.7,1.0,0.6,73.8,978.2,115.0,M,5,Hungaroring,Mercedes
7,69,HAM,8,0,14,14,1,0,62,33.1,26.6,1.0,0.5,73.8,978.1,102.0,M,6,Hungaroring,Mercedes
8,69,HAM,9,0,14,14,1,0,64,33.1,26.6,1.0,0.5,73.8,978.1,102.0,M,7,Hungaroring,Mercedes
9,69,HAM,10,0,14,13,1,0,65,33.2,26.7,1.0,0.2,77.7,978.3,122.0,M,8,Hungaroring,Mercedes
10,69,HAM,11,0,13,13,1,0,66,33.3,26.7,1.0,0.3,75.6,978.3,137.0,M,9,Hungaroring,Mercedes
11,69,HAM,12,0,13,13,1,0,67,33.3,26.8,1.0,0.3,76.8,978.2,127.0,M,10,Hungaroring,Mercedes
12,69,HAM,13,0,13,13,1,0,68,32.6,26.8,1.0,0.4,76.9,977.7,116.0,M,11,Hungaroring,Mercedes
13,69,HAM,14,0,13,13,1,0,69,33.7,26.8,1.0,0.3,74.1,977.6,103.0,M,12,Hungaroring,Mercedes
14,69,HAM,15,0,13,13,1,0,69,34.2,26.9,1.0,0.4,76.7,977.5,104.0,M,13,Hungaroring,Mercedes
15,69,HAM,16,0,13,11,1,0,70,34.2,27.0,1.0,0.3,77.8,977.5,105.0,M,14,Hungaroring,Mercedes
16,69,HAM,17,0,11,11,1,0,70,35.1,27.2,1.0,0.5,75.1,977.5,79.0,M,15,Hungaroring,Mercedes
17,69,HAM,18,0,11,11,1,0,71,35.7,27.4,1.0,0.6,75.3,977.5,117.0,M,16,Hungaroring,Mercedes
18,69,HAM,19,0,11,11,1,0,71,35.9,27.5,1.0,0.5,75.6,977.5,78.0,M,17,Hungaroring,Mercedes
19,69,HAM,20,0,11,12,1,0,71,36.4,27.8,0.0,0.7,73.0,977.2,117.0,H,0,Hungaroring,Mercedes
20,69,HAM,21,0,12,10,1,0,72,37.0,27.8,0.0,0.5,73.3,977.1,108.0,H,1,Hungaroring,Mercedes
21,69,HAM,22,0,10,9,1,0,72,38.2,28.1,0.0,0.6,68.9,976.9,101.0,H,2,Hungaroring,Mercedes
22,69,HAM,23,0,9,9,1,0,73,38.6,28.1,0.0,0.8,69.5,977.0,104.0,H,3,Hungaroring,Mercedes
23,69,HAM,24,0,9,8,1,0,73,39.1,28.3,0.0,0.5,68.4,977.0,102.0,H,4,Hungaroring,Mercedes
24,69,HAM,25,0,8,8,1,0,73,39.9,28.4,0.0,0.6,67.7,976.9,92.0,H,5,Hungaroring,Mercedes
25,69,HAM,26,0,8,8,1,0,73,41.1,28.6,0.0,0.7,66.7,976.9,75.0,H,6,Hungaroring,Mercedes
26,69,HAM,27,0,8,7,1,0,73,41.6,28.6,0.0,0.6,64.7,976.9,101.0,H,7,Hungaroring,Mercedes
27,69,HAM,28,0,7,7,1,0,73,41.6,28.8,0.0,0.7,65.2,976.8,101.0,H,8,Hungaroring,Mercedes
28,69,HAM,29,0,7,7,1,0,73,41.8,28.8,0.0,1.1,64.8,977.0,105.0,H,9,Hungaroring,Mercedes
29,69,HAM,30,0,7,7,1,0,73,40.8,28.2,0.0,1.0,69.0,976.6,92.0,H,10,Hungaroring,Mercedes
30,69,HAM,31,0,7,6,1,0,73,41.1,28.0,0.0,1.1,69.0,976.6,83.0,H,11,Hungaroring,Mercedes
31,69,HAM,32,0,6,5,1,0,74,39.6,27.4,0.0,1.1,71.8,976.7,101.0,H,12,Hungaroring,Mercedes
32,69,HAM,33,0,5,5,1,0,74,39.9,27.3,0.0,0.6,71.3,976.7,85.0,H,13,Hungaroring,Mercedes
33,69,HAM,34,0,5,5,1,0,74,38.2,27.2,0.0,1.0,74.0,976.6,110.0,H,14,Hungaroring,Mercedes
34,69,HAM,35,0,5,5,1,0,74,36.7,26.5,0.0,0.9,74.6,976.6,111.0,H,15,Hungaroring,Mercedes
35,69,HAM,36,0,5,5,1,0,74,36.4,26.2,0.0,0.8,74.3,976.6,90.0,H,16,Hungaroring,Mercedes
36,69,HAM,37,0,5,5,1,0,74,36.2,26.1,0.0,1.0,73.9,976.7,97.0,H,17,Hungaroring,Mercedes
37,69,HAM,38,0,5,5,1,0,74,36.0,26.1,0.0,0.6,73.4,976.7,83.0,H,18,Hungaroring,Mercedes
38,69,HAM,39,0,5,5,1,0,74,36.0,26.0,0.0,0.5,74.2,976.9,102.0,H,19,Hungaroring,Mercedes
39,69,HAM,40,0,5,4,1,0,74,35.9,25.8,0.0,0.5,74.4,976.5,108.0,H,20,Hungaroring,Mercedes
40,69,HAM,41,0,4,4,1,0,74,35.9,25.8,0.0,0.7,74.7,976.8,76.0,H,21,Hungaroring,Mercedes
41,69,HAM,42,0,4,4,1,0,74,35.8,25.7,0.0,0.8,74.4,976.9,89.0,H,22,Hungaroring,Mercedes
42,69,HAM,43,0,4,4,1,0,74,35.6,25.7,0.0,0.4,75.1,977.0,84.0,H,23,Hungaroring,Mercedes
43,69,HAM,44,0,4,4,1,0,74,36.1,25.7,0.0,0.7,74.5,977.2,101.0,H,24,Hungaroring,Mercedes
44,69,HAM,45,0,4,4,1,0,74,38.4,25.7,0.0,0.7,74.0,977.0,96.0,H,25,Hungaroring,Mercedes
45,69,HAM,46,0,4,4,1,0,74,37.6,25.8,0.0,0.7,74.1,976.9,96.0,H,26,Hungaroring,Mercedes
46,69,HAM,47,0,4,4,1,0,74,37.0,25.9,0.0,0.5,74.1,976.9,104.0,H,27,Hungaroring,Mercedes
47,69,HAM,48,0,4,5,1,0,74,36.8,26.1,0.0,0.6,72.8,977.0,108.0,M,0,Hungaroring,Mercedes
48,69,HAM,49,0,5,5,1,0,74,38.0,26.1,0.0,0.6,73.5,976.9,103.0,M,1,Hungaroring,Mercedes
49,69,HAM,50,0,5,5,1,0,74,38.6,26.1,0.0,0.5,73.9,977.0,117.0,M,2,Hungaroring,Mercedes
50,69,HAM,51,0,5,5,1,0,74,39.2,26.1,0.0,0.8,72.7,977.1,127.0,M,3,Hungaroring,Mercedes
51,69,HAM,52,0,5,5,1,0,74,39.2,26.2,0.0,0.5,72.6,977.0,100.0,M,4,Hungaroring,Mercedes
52,69,HAM,53,0,5,5,1,0,74,38.9,26.3,0.0,0.5,72.1,977.0,110.0,M,5,Hungaroring,Mercedes
53,69,HAM,54,0,5,5,1,0,74,37.8,26.3,0.0,0.6,71.9,977.1,111.0,M,6,Hungaroring,Mercedes
54,69,HAM,55,0,5,5,1,0,74,37.0,26.3,0.0,0.6,72.4,977.1,96.0,M,7,Hungaroring,Mercedes
55,69,HAM,56,0,5,5,1,0,74,37.9,26.1,0.0,0.6,73.4,977.1,118.0,M,8,Hungaroring,Mercedes
56,69,HAM,57,0,5,5,1,0,74,38.6,26.2,0.0,0.7,72.2,977.0,108.0,M,9,Hungaroring,Mercedes
57,69,HAM,58,0,5,5,1,0,74,38.2,26.2,0.0,0.6,72.2,977.0,103.0,M,10,Hungaroring,Mercedes
58,69,HAM,59,0,5,5,1,0,74,38.2,26.1,0.0,0.7,72.5,977.0,100.0,M,11,Hungaroring,Mercedes
59,69,HAM,60,0,5,5,1,0,74,38.2,26.2,0.0,0.8,72.5,976.9,105.0,M,12,Hungaroring,Mercedes
60,69,HAM,61,0,5,5,1,0,74,38.3,26.2,0.0,0.8,72.9,976.9,126.0,M,13,Hungaroring,Mercedes
61,69,HAM,62,0,5,5,1,0,74,37.4,26.2,0.0,0.5,72.6,977.0,96.0,M,14,Hungaroring,Mercedes
62,69,HAM,63,1,5,5,1,0,74,37.4,26.2,0.0,0.5,72.3,976.9,101.0,M,15,Hungaroring,Mercedes
63,69,HAM,64,0,5,5,1,0,74,37.4,26.3,0.0,0.6,72.4,976.9,97.0,M,16,Hungaroring,Mercedes
64,69,HAM,65,0,5,4,1,0,74,36.8,26.2,0.0,0.6,71.7,977.0,117.0,M,17,Hungaroring,Mercedes
65,69,HAM,66,0,4,4,1,0,74,36.8,26.2,0.0,0.4,72.1,976.7,111.0,M,18,Hungaroring,Mercedes
66,69,HAM,67,0,4,3,1,0,74,36.8,26.2,0.0,0.4,71.5,976.6,101.0,M,19,Hungaroring,Mercedes
67,69,HAM,68,0,3,3,1,0,74,36.4,26.2,0.0,0.6,71.6,976.5,105.0,M,20,Hungaroring,Mercedes
68,69,HAM,69,0,3,3,1,0,74,36.2,26.1,0.0,0.6,71.9,976.6,116.0,M,21,Hungaroring,Mercedes
69,69,HAM,70,1,3,3,1,0,74,35.4,26.0,0.0,0.5,71.2,976.6,105.0,M,22,Hungaroring,Mercedes
0,69,VER,1,2,9,9,9,0,59,31.5,26.7,1.0,0.1,72.5,978.6,106.0,I,0,Hungaroring,Red Bull Racing
1,69,VER,2,2,9,13,9,0,41,31.3,26.6,1.0,0.2,71.3,978.6,85.0,I,0,Hungaroring,Red Bull Racing
2,69,VER,3,2,13,12,9,0,42,32.0,26.6,1.0,0.4,72.4,978.3,86.0,I,0,Hungaroring,Red Bull Racing
3,69,VER,4,0,12,12,9,0,45,32.0,26.6,1.0,0.4,72.4,978.3,86.0,M,0,Hungaroring,Red Bull Racing
4,69,VER,5,0,12,11,9,0,50,32.8,26.6,1.0,0.4,75.4,978.3,87.0,M,1,Hungaroring,Red Bull Racing
5,69,VER,6,0,11,11,9,0,54,32.8,26.6,1.0,0.5,75.1,978.3,91.0,M,2,Hungaroring,Red Bull Racing
6,69,VER,7,0,11,11,9,0,56,33.3,26.7,1.0,0.5,74.9,978.3,79.0,M,3,Hungaroring,Red Bull Racing
7,69,VER,8,0,11,11,9,0,58,33.3,26.7,1.0,0.6,73.8,978.2,115.0,M,4,Hungaroring,Red Bull Racing
8,69,VER,9,0,11,11,9,0,60,33.2,26.7,1.0,0.2,77.7,978.3,122.0,M,5,Hungaroring,Red Bull Racing
9,69,VER,10,0,11,11,9,0,61,33.3,26.7,1.0,0.3,75.6,978.3,137.0,M,6,Hungaroring,Red Bull Racing
10,69,VER,11,0,11,11,9,0,61,33.3,26.8,1.0,0.3,76.8,978.2,127.0,M,7,Hungaroring,Red Bull Racing
11,69,VER,12,0,11,11,9,0,62,32.6,26.6,1.0,0.3,75.9,978.1,138.0,M,8,Hungaroring,Red Bull Racing
12,69,VER,13,0,11,11,9,0,63,32.6,26.8,1.0,0.4,76.9,977.7,116.0,M,9,Hungaroring,Red Bull Racing
13,69,VER,14,0,11,10,9,0,63,35.7,27.4,1.0,0.6,75.3,977.5,117.0,M,10,Hungaroring,Red Bull Racing
14,69,VER,15,0,10,10,9,0,63,36.3,27.7,0.0,0.6,74.3,977.5,78.0,M,11,Hungaroring,Red Bull Racing
15,69,VER,16,0,10,9,9,0,64,36.4,27.8,0.0,0.7,73.0,977.2,117.0,M,12,Hungaroring,Red Bull Racing
16,69,VER,17,0,9,9,9,0,64,37.9,28.1,0.0,0.6,69.1,977.0,90.0,M,13,Hungaroring,Red Bull Racing
17,69,VER,18,0,9,9,9,0,65,38.2,28.1,0.0,0.6,68.9,976.9,101.0,M,14,Hungaroring,Red Bull Racing
18,69,VER,19,0,9,9,9,0,65,39.1,28.3,0.0,0.5,68.4,977.0,102.0,M,15,Hungaroring,Red Bull Racing
19,69,VER,20,0,9,10,9,0,65,39.6,28.3,0.0,0.6,68.3,976.9,104.0,M,16,Hungaroring,Red Bull Racing
20,69,VER,21,0,10,12,9,0,66,39.9,28.4,0.0,0.6,67.7,976.9,92.0,H,0,Hungaroring,Red Bull Racing
21,69,VER,22,0,12,12,9,0,66,39.9,28.5,0.0,0.6,67.7,976.9,92.0,H,1,Hungaroring,Red Bull Racing
22,69,VER,23,0,12,12,9,0,66,41.6,28.6,0.0,0.6,64.7,976.9,101.0,H,2,Hungaroring,Red Bull Racing
23,69,VER,24,0,12,12,9,0,67,41.6,28.8,0.0,0.7,65.2,976.8,101.0,H,3,Hungaroring,Red Bull Racing
24,69,VER,25,0,12,12,9,0,67,41.8,28.8,0.0,1.1,64.8,977.0,105.0,H,4,Hungaroring,Red Bull Racing
25,69,VER,26,0,12,12,9,0,67,42.1,28.7,0.0,0.9,66.7,976.9,121.0,H,5,Hungaroring,Red Bull Racing
26,69,VER,27,0,12,12,9,0,67,41.6,28.5,0.0,0.8,67.6,976.6,106.0,H,6,Hungaroring,Red Bull Racing
27,69,VER,28,0,12,12,9,0,67,40.8,28.2,0.0,1.2,66.9,976.5,93.0,H,7,Hungaroring,Red Bull Racing
28,69,VER,29,0,12,12,9,0,67,40.8,28.2,0.0,1.0,69.0,976.6,92.0,H,8,Hungaroring,Red Bull Racing
29,69,VER,30,0,12,12,9,0,67,40.1,27.6,0.0,0.9,70.8,976.6,102.0,H,9,Hungaroring,Red Bull Racing
30,69,VER,31,0,12,12,9,0,67,39.9,27.3,0.0,0.6,71.3,976.7,85.0,H,10,Hungaroring,Red Bull Racing
31,69,VER,32,0,12,12,9,0,67,38.9,27.3,0.0,1.1,73.2,976.8,86.0,H,11,Hungaroring,Red Bull Racing
32,69,VER,33,0,12,12,9,0,67,38.4,27.2,0.0,0.8,72.9,976.6,103.0,H,12,Hungaroring,Red Bull Racing
33,69,VER,34,0,12,11,9,0,67,37.9,26.8,0.0,0.8,74.6,976.7,101.0,H,13,Hungaroring,Red Bull Racing
34,69,VER,35,0,11,11,9,0,67,36.9,26.6,0.0,0.8,74.4,976.7,83.0,H,14,Hungaroring,Red Bull Racing
35,69,VER,36,0,11,11,9,0,67,36.6,26.3,0.0,0.8,75.2,976.7,104.0,H,15,Hungaroring,Red Bull Racing
36,69,VER,37,0,11,11,9,0,67,36.2,26.1,0.0,1.0,73.9,976.7,97.0,H,16,Hungaroring,Red Bull Racing
37,69,VER,38,0,11,11,9,0,67,36.0,26.1,0.0,0.6,73.4,976.7,83.0,H,17,Hungaroring,Red Bull Racing
38,69,VER,39,0,11,11,9,0,68,35.8,25.9,0.0,0.6,74.0,976.8,122.0,H,18,Hungaroring,Red Bull Racing
39,69,VER,40,0,11,11,9,0,68,35.8,25.9,0.0,0.6,74.6,976.8,84.0,H,19,Hungaroring,Red Bull Racing
40,69,VER,41,0,11,12,9,0,68,35.9,25.8,0.0,0.5,74.4,976.5,108.0,M,5,Hungaroring,Red Bull Racing
41,69,VER,42,0,12,12,9,0,68,35.9,25.8,0.0,0.7,74.7,976.8,76.0,M,6,Hungaroring,Red Bull Racing
42,69,VER,43,0,12,12,9,0,68,35.8,25.7,0.0,0.6,73.8,976.8,105.0,M,7,Hungaroring,Red Bull Racing
43,69,VER,44,0,12,12,9,0,68,35.6,25.7,0.0,0.4,75.1,977.0,84.0,M,8,Hungaroring,Red Bull Racing
44,69,VER,45,0,12,12,9,0,68,35.5,25.7,0.0,0.4,74.2,977.1,82.0,M,9,Hungaroring,Red Bull Racing
45,69,VER,46,0,12,12,9,0,68,36.1,25.7,0.0,0.7,74.5,977.2,101.0,M,10,Hungaroring,Red Bull Racing
46,69,VER,47,0,12,12,9,0,68,38.4,25.7,0.0,0.7,74.0,977.0,96.0,M,11,Hungaroring,Red Bull Racing
47,69,VER,48,0,12,12,9,0,68,37.0,25.9,0.0,0.5,74.1,976.9,104.0,M,12,Hungaroring,Red Bull Racing
48,69,VER,49,0,12,12,9,0,68,36.8,26.1,0.0,0.6,72.8,977.0,108.0,M,13,Hungaroring,Red Bull Racing
49,69,VER,50,0,12,11,9,0,69,38.0,26.1,0.0,0.6,73.5,976.9,103.0,M,14,Hungaroring,Red Bull Racing
50,69,VER,51,0,11,11,9,0,69,38.6,26.1,0.0,0.5,73.9,977.0,117.0,M,15,Hungaroring,Red Bull Racing
51,69,VER,52,0,11,11,9,0,69,39.2,26.2,0.0,0.5,72.6,977.0,100.0,M,16,Hungaroring,Red Bull Racing
52,69,VER,53,0,11,11,9,0,69,38.9,26.3,0.0,0.5,72.1,977.0,110.0,M,17,Hungaroring,Red Bull Racing
53,69,VER,54,0,11,11,9,0,69,37.8,26.3,0.0,0.6,71.9,977.1,111.0,M,18,Hungaroring,Red Bull Racing
54,69,VER,55,0,11,11,9,0,69,37.0,26.3,0.0,0.6,72.4,977.1,96.0,M,19,Hungaroring,Red Bull Racing
55,69,VER,56,0,11,11,9,0,69,37.6,26.1,0.0,0.7,72.6,977.2,101.0,M,20,Hungaroring,Red Bull Racing
56,69,VER,57,0,11,11,9,0,69,37.8,26.1,0.0,0.6,74.0,977.1,137.0,M,21,Hungaroring,Red Bull Racing
57,69,VER,58,0,11,11,9,0,69,37.9,26.1,0.0,0.6,73.4,977.1,118.0,M,22,Hungaroring,Red Bull Racing
58,69,VER,59,0,11,11,9,0,69,38.6,26.1,0.0,0.6,72.0,977.1,118.0,M,23,Hungaroring,Red Bull Racing
59,69,VER,60,0,11,10,9,0,69,38.2,26.2,0.0,0.6,72.2,977.0,103.0,M,24,Hungaroring,Red Bull Racing
60,69,VER,61,0,10,10,9,0,69,38.3,26.2,0.0,0.8,72.9,976.9,126.0,M,25,Hungaroring,Red Bull Racing
61,69,VER,62,0,10,10,9,0,69,38.3,26.2,0.0,0.6,72.8,976.7,92.0,M,26,Hungaroring,Red Bull Racing
62,69,VER,63,1,10,10,9,0,69,38.3,26.2,0.0,0.6,72.6,976.8,101.0,M,27,Hungaroring,Red Bull Racing
63,69,VER,64,0,10,10,9,0,69,37.8,26.2,0.0,0.6,72.8,976.8,99.0,M,28,Hungaroring,Red Bull Racing
64,69,VER,65,0,10,10,9,0,69,37.4,26.2,0.0,0.5,72.6,977.0,96.0,M,29,Hungaroring,Red Bull Racing
65,69,VER,66,0,10,10,9,0,69,37.4,26.3,0.0,0.6,72.4,976.9,97.0,M,30,Hungaroring,Red Bull Racing
66,69,VER,67,0,10,10,9,0,69,37.0,26.3,0.0,0.6,72.2,976.9,113.0,M,31,Hungaroring,Red Bull Racing
67,69,VER,68,0,10,10,9,0,69,36.8,26.2,0.0,0.4,72.1,976.7,111.0,M,32,Hungaroring,Red Bull Racing
68,69,VER,69,0,10,10,9,0,69,36.1,26.0,0.0,0.5,71.1,976.6,116.0,M,33,Hungaroring,Red Bull Racing
69,69,VER,70,1,10,10,9,0,69,35.4,26.0,0.0,0.5,71.2,976.6,105.0,M,34,Hungaroring,Red Bull Racing
0,69,GAS,1,2,12,12,12,0,48,31.5,26.7,1.0,0.1,72.5,978.6,106.0,I,0,Hungaroring,AlphaTauri
1,69,GAS,2,2,12,11,12,0,42,31.9,26.6,1.0,0.5,71.7,978.3,101.0,I,1,Hungaroring,AlphaTauri
2,69,GAS,3,2,11,10,12,0,44,32.0,26.6,1.0,0.4,72.4,978.3,86.0,I,0,Hungaroring,AlphaTauri
3,69,GAS,4,0,10,13,12,0,45,32.8,26.6,1.0,0.4,75.4,978.3,87.0,M,0,Hungaroring,AlphaTauri
4,69,GAS,5,0,13,12,12,0,47,32.8,26.6,1.0,0.5,77.3,978.3,88.0,M,1,Hungaroring,AlphaTauri
5,69,GAS,6,0,12,12,12,0,49,33.1,26.6,1.0,0.5,73.8,978.1,102.0,M,2,Hungaroring,AlphaTauri
6,69,GAS,7,0,12,12,12,0,50,33.3,26.7,1.0,0.3,75.6,978.3,137.0,M,3,Hungaroring,AlphaTauri
7,69,GAS,8,0,12,12,12,0,51,32.6,26.7,1.0,0.3,76.1,978.1,122.0,M,4,Hungaroring,AlphaTauri
8,69,GAS,9,0,12,12,12,0,52,32.6,26.6,1.0,0.3,75.9,978.1,138.0,M,5,Hungaroring,AlphaTauri
9,69,GAS,10,0,12,12,12,0,52,32.7,26.6,1.0,0.4,76.2,978.0,118.0,M,6,Hungaroring,AlphaTauri
10,69,GAS,11,0,12,12,12,0,53,34.2,26.9,1.0,0.4,76.7,977.5,104.0,M,7,Hungaroring,AlphaTauri
11,69,GAS,12,0,12,12,12,0,53,35.1,27.2,1.0,0.5,75.1,977.5,79.0,M,8,Hungaroring,AlphaTauri
12,69,GAS,13,0,12,12,12,0,54,35.9,27.5,1.0,0.5,75.6,977.5,78.0,M,9,Hungaroring,AlphaTauri
13,69,GAS,14,0,12,12,12,0,54,36.2,27.6,1.0,0.6,74.7,977.4,101.0,M,10,Hungaroring,AlphaTauri
14,69,GAS,15,0,12,11,12,0,54,36.3,27.7,0.0,0.6,74.3,977.5,78.0,M,11,Hungaroring,AlphaTauri
15,69,GAS,16,0,11,10,12,0,54,36.4,27.7,0.0,0.6,72.3,977.4,81.0,M,12,Hungaroring,AlphaTauri
16,69,GAS,17,0,10,10,12,0,55,36.4,27.8,0.0,0.7,73.0,977.2,117.0,M,13,Hungaroring,AlphaTauri
17,69,GAS,18,0,10,10,12,0,55,37.0,27.8,0.0,0.5,73.3,977.1,108.0,M,14,Hungaroring,AlphaTauri
18,69,GAS,19,0,10,10,12,0,55,37.6,28.0,0.0,0.9,70.1,977.0,91.0,M,15,Hungaroring,AlphaTauri
19,69,GAS,20,0,10,9,12,0,55,38.6,28.1,0.0,0.8,69.5,977.0,104.0,M,16,Hungaroring,AlphaTauri
20,69,GAS,21,0,9,8,12,0,55,39.1,28.3,0.0,0.5,68.4,977.0,102.0,M,17,Hungaroring,AlphaTauri
21,69,GAS,22,0,8,7,12,0,55,39.9,28.4,0.0,0.6,67.7,976.9,92.0,M,18,Hungaroring,AlphaTauri
22,69,GAS,23,0,7,6,12,0,56,41.1,28.6,0.0,0.7,66.7,976.9,75.0,M,19,Hungaroring,AlphaTauri
23,69,GAS,24,0,6,5,12,0,56,41.6,28.6,0.0,0.6,64.7,976.9,101.0,M,20,Hungaroring,AlphaTauri
24,69,GAS,25,0,5,5,12,0,56,41.8,28.8,0.0,1.1,64.8,977.0,105.0,M,21,Hungaroring,AlphaTauri
25,69,GAS,26,0,5,5,12,0,56,41.7,28.7,0.0,1.0,65.8,976.9,115.0,M,22,Hungaroring,AlphaTauri
26,69,GAS,27,0,5,5,12,0,56,42.1,28.7,0.0,0.9,66.7,976.9,121.0,M,23,Hungaroring,AlphaTauri
27,69,GAS,28,0,5,5,12,0,56,41.6,28.5,0.0,0.8,67.6,976.6,106.0,M,24,Hungaroring,AlphaTauri
28,69,GAS,29,0,5,5,12,0,56,40.8,28.2,0.0,1.0,69.0,976.6,92.0,M,25,Hungaroring,AlphaTauri
29,69,GAS,30,0,5,5,12,0,56,40.3,28.1,0.0,0.8,68.9,976.7,96.0,M,26,Hungaroring,AlphaTauri
30,69,GAS,31,0,5,8,12,0,56,41.1,28.0,0.0,1.1,69.0,976.6,83.0,H,0,Hungaroring,AlphaTauri
31,69,GAS,32,0,8,8,12,0,56,40.6,27.6,0.0,1.2,69.8,976.6,98.0,H,1,Hungaroring,AlphaTauri
32,69,GAS,33,0,8,8,12,0,56,40.1,27.6,0.0,0.9,70.8,976.6,102.0,H,2,Hungaroring,AlphaTauri
33,69,GAS,34,0,8,8,12,0,56,39.6,27.4,0.0,1.1,71.8,976.7,101.0,H,3,Hungaroring,AlphaTauri
34,69,GAS,35,0,8,8,12,0,56,39.7,27.3,0.0,1.0,72.1,976.8,91.0,H,4,Hungaroring,AlphaTauri
35,69,GAS,36,0,8,8,12,0,56,38.4,27.2,0.0,0.8,72.9,976.6,103.0,H,5,Hungaroring,AlphaTauri
36,69,GAS,37,0,8,8,12,0,56,36.9,26.6,0.0,0.8,74.4,976.7,83.0,H,6,Hungaroring,AlphaTauri
37,69,GAS,38,0,8,8,12,0,56,36.7,26.5,0.0,0.9,74.6,976.6,111.0,H,7,Hungaroring,AlphaTauri
38,69,GAS,39,0,8,8,12,0,56,36.6,26.3,0.0,0.8,75.2,976.7,104.0,H,8,Hungaroring,AlphaTauri
39,69,GAS,40,0,8,7,12,0,56,36.0,26.0,0.0,0.5,74.2,976.9,102.0,H,9,Hungaroring,AlphaTauri
40,69,GAS,41,0,7,7,12,0,56,35.8,25.9,0.0,0.6,74.6,976.8,84.0,H,10,Hungaroring,AlphaTauri
41,69,GAS,42,0,7,7,12,0,56,35.8,25.7,0.0,0.8,74.4,976.9,89.0,H,11,Hungaroring,AlphaTauri
42,69,GAS,43,0,7,7,12,0,56,35.5,25.7,0.0,0.4,74.2,977.1,82.0,H,12,Hungaroring,AlphaTauri
43,69,GAS,44,0,7,7,12,0,56,35.8,25.7,0.0,0.6,75.1,977.1,144.0,H,13,Hungaroring,AlphaTauri
44,69,GAS,45,0,7,7,12,0,56,37.6,25.8,0.0,0.7,74.1,976.9,96.0,H,14,Hungaroring,AlphaTauri
45,69,GAS,46,0,7,7,12,0,56,37.0,25.9,0.0,0.5,74.1,976.9,104.0,H,15,Hungaroring,AlphaTauri
46,69,GAS,47,0,7,7,12,0,56,37.0,26.0,0.0,0.4,73.7,977.1,133.0,H,16,Hungaroring,AlphaTauri
47,69,GAS,48,0,7,7,12,0,56,39.2,26.1,0.0,0.8,72.7,977.1,127.0,H,17,Hungaroring,AlphaTauri
48,69,GAS,49,0,7,6,12,0,56,39.2,26.2,0.0,0.5,72.6,977.0,100.0,H,18,Hungaroring,AlphaTauri
49,69,GAS,50,0,6,6,12,0,56,38.9,26.3,0.0,0.5,72.1,977.0,110.0,H,19,Hungaroring,AlphaTauri
50,69,GAS,51,0,6,6,12,0,56,37.0,26.3,0.0,0.6,72.4,977.1,96.0,H,20,Hungaroring,AlphaTauri
51,69,GAS,52,0,6,6,12,0,56,37.6,26.1,0.0,0.7,72.6,977.2,101.0,H,21,Hungaroring,AlphaTauri
52,69,GAS,53,0,6,6,12,0,56,37.8,26.1,0.0,0.6,74.0,977.1,137.0,H,22,Hungaroring,AlphaTauri
53,69,GAS,54,0,6,6,12,0,56,37.9,26.1,0.0,0.6,73.4,977.1,118.0,H,23,Hungaroring,AlphaTauri
54,69,GAS,55,0,6,6,12,0,56,38.6,26.2,0.0,0.7,72.2,977.0,108.0,H,24,Hungaroring,AlphaTauri
55,69,GAS,56,0,6,6,12,0,56,38.2,26.2,0.0,0.6,72.2,977.0,103.0,H,25,Hungaroring,AlphaTauri
56,69,GAS,57,0,6,6,12,0,56,38.2,26.2,0.0,0.8,72.5,976.9,105.0,H,26,Hungaroring,AlphaTauri
57,69,GAS,58,0,6,6,12,0,56,38.3,26.2,0.0,0.8,72.9,976.9,126.0,H,27,Hungaroring,AlphaTauri
58,69,GAS,59,0,6,6,12,0,56,37.8,26.2,0.0,0.6,72.8,976.8,99.0,H,28,Hungaroring,AlphaTauri
59,69,GAS,60,0,6,6,12,0,56,37.6,26.2,0.0,0.6,72.2,976.9,116.0,H,29,Hungaroring,AlphaTauri
60,69,GAS,61,0,6,6,12,0,56,37.4,26.2,0.0,0.5,72.3,976.9,101.0,H,30,Hungaroring,AlphaTauri
61,69,GAS,62,0,6,6,12,0,56,37.4,26.3,0.0,0.5,72.0,976.8,90.0,H,31,Hungaroring,AlphaTauri
62,69,GAS,63,1,6,6,12,0,56,37.4,26.3,0.0,0.6,72.4,976.9,97.0,H,32,Hungaroring,AlphaTauri
63,69,GAS,64,0,6,6,12,0,56,37.3,26.3,0.0,0.5,71.7,976.8,102.0,H,33,Hungaroring,AlphaTauri
64,69,GAS,65,0,6,6,12,0,56,36.8,26.2,0.0,0.4,72.1,976.7,111.0,H,34,Hungaroring,AlphaTauri
65,69,GAS,66,0,6,6,12,0,56,36.8,26.2,0.0,0.4,71.5,976.6,101.0,H,35,Hungaroring,AlphaTauri
66,69,GAS,67,0,6,6,12,0,56,36.7,26.2,0.0,0.5,71.2,976.6,101.0,H,36,Hungaroring,AlphaTauri
67,69,GAS,68,0,6,6,12,0,56,36.4,26.2,0.0,0.6,71.6,976.5,105.0,H,37,Hungaroring,AlphaTauri
68,69,GAS,69,0,6,6,12,0,56,36.2,26.1,0.0,0.6,71.9,976.6,116.0,S,3,Hungaroring,AlphaTauri
69,69,GAS,70,1,6,6,12,0,56,35.4,26.0,0.0,0.5,71.2,976.6,105.0,S,4,Hungaroring,AlphaTauri
0,69,NOR,1,2,15,15,15,0,45,37.6,28.0,0.0,0.9,70.1,977.0,91.0,I,0,Hungaroring,McLaren
1,69,NOR,2,2,15,15,15,1,35,41.6,28.5,0.0,0.8,67.6,976.6,106.0,I,0,Hungaroring,McLaren
0,69,OCO,1,2,2,2,2,0,60,31.5,26.7,1.0,0.1,72.5,978.6,106.0,I,0,Hungaroring,Alpine
1,69,OCO,2,2,2,2,2,0,50,31.7,26.6,1.0,0.3,72.6,978.5,88.0,I,1,Hungaroring,Alpine
2,69,OCO,3,2,2,1,2,0,52,32.0,26.6,1.0,0.4,72.4,978.3,86.0,I,0,Hungaroring,Alpine
3,69,OCO,4,0,1,2,2,0,52,32.0,26.6,1.0,0.4,72.4,978.3,86.0,M,0,Hungaroring,Alpine
4,69,OCO,5,0,2,1,2,0,55,33.1,26.6,1.0,0.5,73.8,978.1,102.0,M,1,Hungaroring,Alpine
5,69,OCO,6,0,1,1,2,0,57,33.2,26.7,1.0,0.2,77.7,978.3,122.0,M,2,Hungaroring,Alpine
6,69,OCO,7,0,1,1,2,0,59,32.9,26.8,1.0,0.4,73.9,978.3,145.0,M,3,Hungaroring,Alpine
7,69,OCO,8,0,1,1,2,0,60,32.7,26.6,1.0,0.4,76.2,978.0,118.0,M,4,Hungaroring,Alpine
8,69,OCO,9,0,1,1,2,0,60,32.6,26.8,1.0,0.4,76.9,977.7,116.0,M,5,Hungaroring,Alpine
9,69,OCO,10,0,1,1,2,0,61,34.2,27.0,1.0,0.3,77.8,977.5,105.0,M,6,Hungaroring,Alpine
10,69,OCO,11,0,1,1,2,0,62,35.7,27.4,1.0,0.6,75.3,977.5,117.0,M,7,Hungaroring,Alpine
11,69,OCO,12,0,1,1,2,0,62,35.7,27.4,1.0,0.6,75.3,977.5,117.0,M,8,Hungaroring,Alpine
12,69,OCO,13,0,1,1,2,0,62,35.9,27.5,1.0,0.5,75.6,977.5,78.0,M,9,Hungaroring,Alpine
13,69,OCO,14,0,1,1,2,0,63,36.2,27.6,1.0,0.6,74.7,977.4,101.0,M,10,Hungaroring,Alpine
14,69,OCO,15,0,1,1,2,0,63,36.4,27.7,0.0,0.6,72.3,977.4,81.0,M,11,Hungaroring,Alpine
15,69,OCO,16,0,1,1,2,0,63,36.4,27.8,0.0,0.7,73.0,977.2,117.0,M,12,Hungaroring,Alpine
16,69,OCO,17,0,1,1,2,0,63,37.0,27.8,0.0,0.5,73.3,977.1,108.0,M,13,Hungaroring,Alpine
17,69,OCO,18,0,1,1,2,0,64,37.6,28.0,0.0,0.9,70.1,977.0,91.0,M,14,Hungaroring,Alpine
18,69,OCO,19,0,1,1,2,0,64,38.2,28.1,0.0,0.6,68.9,976.9,101.0,M,15,Hungaroring,Alpine
19,69,OCO,20,0,1,1,2,0,64,39.1,28.1,0.0,0.6,67.2,976.9,135.0,M,16,Hungaroring,Alpine
20,69,OCO,21,0,1,1,2,0,65,39.1,28.3,0.0,0.5,68.4,977.0,102.0,M,17,Hungaroring,Alpine
21,69,OCO,22,0,1,1,2,0,65,41.8,28.8,0.0,1.1,64.8,977.0,105.0,M,18,Hungaroring,Alpine
22,69,OCO,23,0,1,1,2,0,65,41.7,28.7,0.0,1.0,65.5,977.0,92.0,M,19,Hungaroring,Alpine
23,69,OCO,24,0,1,1,2,0,65,42.1,28.7,0.0,0.9,66.7,976.9,121.0,M,20,Hungaroring,Alpine
24,69,OCO,25,0,1,1,2,0,65,41.6,28.5,0.0,0.8,67.6,976.6,106.0,M,21,Hungaroring,Alpine
25,69,OCO,26,0,1,1,2,0,65,40.8,28.2,0.0,1.2,66.9,976.5,93.0,M,22,Hungaroring,Alpine
26,69,OCO,27,0,1,1,2,0,65,40.8,28.2,0.0,1.0,69.0,976.6,92.0,M,23,Hungaroring,Alpine
27,69,OCO,28,0,1,1,2,0,65,40.3,28.1,0.0,0.8,68.9,976.7,96.0,M,24,Hungaroring,Alpine
28,69,OCO,29,0,1,1,2,0,66,40.6,27.6,0.0,1.2,69.8,976.6,98.0,M,25,Hungaroring,Alpine
29,69,OCO,30,0,1,1,2,0,66,39.6,27.4,0.0,1.1,71.8,976.7,101.0,M,26,Hungaroring,Alpine
30,69,OCO,31,0,1,1,2,0,66,39.9,27.3,0.0,0.6,71.3,976.7,85.0,M,27,Hungaroring,Alpine
31,69,OCO,32,0,1,1,2,0,66,38.9,27.3,0.0,1.1,73.2,976.8,86.0,M,28,Hungaroring,Alpine
32,69,OCO,33,0,1,1,2,0,66,38.4,27.2,0.0,0.8,72.9,976.6,103.0,M,29,Hungaroring,Alpine
33,69,OCO,34,0,1,1,2,0,66,38.2,27.2,0.0,1.0,74.0,976.6,110.0,M,30,Hungaroring,Alpine
34,69,OCO,35,0,1,1,2,0,66,37.9,26.8,0.0,0.8,74.6,976.7,101.0,M,31,Hungaroring,Alpine
35,69,OCO,36,0,1,1,2,0,66,37.1,26.7,0.0,0.8,74.5,976.8,106.0,M,32,Hungaroring,Alpine
36,69,OCO,37,0,1,1,2,0,66,36.9,26.6,0.0,0.8,74.4,976.7,83.0,M,33,Hungaroring,Alpine
37,69,OCO,38,0,1,2,2,0,66,36.7,26.5,0.0,0.9,74.6,976.6,111.0,H,0,Hungaroring,Alpine
38,69,OCO,39,0,2,2,2,0,66,36.6,26.3,0.0,0.8,75.2,976.7,104.0,H,1,Hungaroring,Alpine
39,69,OCO,40,0,2,1,2,0,66,36.6,26.3,0.0,1.0,75.7,976.6,107.0,H,2,Hungaroring,Alpine
40,69,OCO,41,0,1,1,2,0,66,36.4,26.2,0.0,0.8,74.3,976.6,90.0,H,3,Hungaroring,Alpine
41,69,OCO,42,0,1,1,2,0,66,36.2,26.1,0.0,1.0,73.9,976.7,97.0,H,4,Hungaroring,Alpine
42,69,OCO,43,0,1,1,2,0,66,36.0,26.0,0.0,0.5,74.2,976.9,102.0,H,5,Hungaroring,Alpine
43,69,OCO,44,0,1,1,2,0,66,35.8,25.9,0.0,0.6,74.0,976.8,122.0,H,6,Hungaroring,Alpine
44,69,OCO,45,0,1,1,2,0,66,35.8,25.7,0.0,0.6,73.8,976.8,105.0,H,7,Hungaroring,Alpine
45,69,OCO,46,0,1,1,2,0,66,35.8,25.7,0.0,0.7,74.9,976.7,109.0,H,8,Hungaroring,Alpine
46,69,OCO,47,0,1,1,2,0,66,35.5,25.7,0.0,0.4,74.2,977.1,82.0,H,9,Hungaroring,Alpine
47,69,OCO,48,0,1,1,2,0,66,35.8,25.7,0.0,0.6,75.1,977.1,144.0,H,10,Hungaroring,Alpine
48,69,OCO,49,0,1,1,2,0,66,36.1,25.7,0.0,0.7,74.5,977.2,101.0,H,11,Hungaroring,Alpine
49,69,OCO,50,0,1,1,2,0,66,37.0,25.9,0.0,0.5,74.1,976.9,104.0,H,12,Hungaroring,Alpine
50,69,OCO,51,0,1,1,2,0,66,37.0,26.0,0.0,0.4,73.7,977.1,133.0,H,13,Hungaroring,Alpine
51,69,OCO,52,0,1,1,2,0,66,38.0,26.1,0.0,0.6,73.5,976.9,103.0,H,14,Hungaroring,Alpine
52,69,OCO,53,0,1,1,2,0,66,38.6,26.1,0.0,0.5,73.9,977.0,117.0,H,15,Hungaroring,Alpine
53,69,OCO,54,0,1,1,2,0,66,38.9,26.3,0.0,0.5,72.1,977.0,110.0,H,16,Hungaroring,Alpine
54,69,OCO,55,0,1,1,2,0,66,37.8,26.3,0.0,0.6,71.9,977.1,111.0,H,17,Hungaroring,Alpine
55,69,OCO,56,0,1,1,2,0,66,37.6,26.1,0.0,0.7,72.6,977.2,101.0,H,18,Hungaroring,Alpine
56,69,OCO,57,0,1,1,2,0,66,37.8,26.1,0.0,0.6,74.0,977.1,137.0,H,19,Hungaroring,Alpine
57,69,OCO,58,0,1,1,2,0,66,37.9,26.1,0.0,0.6,73.4,977.1,118.0,H,20,Hungaroring,Alpine
58,69,OCO,59,0,1,1,2,0,66,38.6,26.2,0.0,0.7,72.2,977.0,108.0,H,21,Hungaroring,Alpine
59,69,OCO,60,0,1,1,2,0,66,38.2,26.2,0.0,0.6,72.2,977.0,103.0,H,22,Hungaroring,Alpine
60,69,OCO,61,0,1,1,2,0,66,38.2,26.1,0.0,0.7,72.5,977.0,100.0,H,23,Hungaroring,Alpine
61,69,OCO,62,0,1,1,2,0,66,38.3,26.2,0.0,0.6,72.6,976.8,101.0,H,24,Hungaroring,Alpine
62,69,OCO,63,1,1,1,2,0,66,37.6,26.2,0.0,0.6,72.2,976.9,116.0,H,25,Hungaroring,Alpine
63,69,OCO,64,0,1,1,2,0,66,37.4,26.2,0.0,0.5,72.3,976.9,101.0,H,26,Hungaroring,Alpine
64,69,OCO,65,0,1,1,2,0,66,37.4,26.3,0.0,0.5,72.0,976.8,90.0,H,27,Hungaroring,Alpine
65,69,OCO,66,0,1,1,2,0,66,36.7,26.2,0.0,0.5,71.2,976.6,101.0,H,28,Hungaroring,Alpine
66,69,OCO,67,0,1,1,2,0,66,36.4,26.2,0.0,0.6,71.6,976.5,105.0,H,29,Hungaroring,Alpine
67,69,OCO,68,0,1,1,2,0,66,36.1,26.1,0.0,0.5,71.6,976.7,97.0,H,30,Hungaroring,Alpine
68,69,OCO,69,0,1,1,2,0,66,36.1,26.0,0.0,0.5,71.1,976.6,116.0,H,31,Hungaroring,Alpine
69,69,OCO,70,1,1,1,2,0,66,35.4,26.0,0.0,0.5,71.2,976.6,105.0,H,32,Hungaroring,Alpine
0,69,ALO,1,2,7,7,7,0,61,31.5,26.7,1.0,0.1,72.5,978.6,106.0,I,0,Hungaroring,Alpine
1,69,ALO,2,2,7,7,7,0,45,31.7,26.6,1.0,0.3,72.6,978.5,88.0,I,1,Hungaroring,Alpine
2,69,ALO,3,2,7,6,7,0,44,32.0,26.6,1.0,0.4,72.4,978.3,86.0,I,0,Hungaroring,Alpine
3,69,ALO,4,0,6,7,7,0,45,32.8,26.6,1.0,0.4,75.4,978.3,87.0,M,0,Hungaroring,Alpine
4,69,ALO,5,0,7,6,7,0,50,33.1,26.6,1.0,0.5,73.8,978.1,102.0,M,1,Hungaroring,Alpine
5,69,ALO,6,0,6,6,7,0,53,33.1,26.6,1.0,0.5,73.8,978.1,102.0,M,2,Hungaroring,Alpine
6,69,ALO,7,0,6,6,7,0,56,33.3,26.7,1.0,0.3,75.6,978.3,137.0,M,3,Hungaroring,Alpine
7,69,ALO,8,0,6,6,7,0,58,32.6,26.6,1.0,0.3,75.9,978.1,138.0,M,4,Hungaroring,Alpine
8,69,ALO,9,0,6,6,7,0,59,32.7,26.7,1.0,0.4,76.5,978.1,105.0,M,5,Hungaroring,Alpine
9,69,ALO,10,0,6,6,7,0,60,32.6,26.7,1.0,0.4,75.5,977.8,107.0,M,6,Hungaroring,Alpine
10,69,ALO,11,0,6,6,7,0,60,32.6,26.8,1.0,0.4,76.9,977.7,116.0,M,7,Hungaroring,Alpine
11,69,ALO,12,0,6,6,7,0,61,34.2,26.9,1.0,0.4,76.7,977.5,104.0,M,8,Hungaroring,Alpine
12,69,ALO,13,0,6,6,7,0,61,35.1,27.2,1.0,0.5,75.1,977.5,79.0,M,9,Hungaroring,Alpine
13,69,ALO,14,0,6,6,7,0,62,35.7,27.4,1.0,0.6,75.3,977.5,117.0,M,10,Hungaroring,Alpine
14,69,ALO,15,0,6,6,7,0,62,35.9,27.5,1.0,0.5,75.6,977.5,78.0,M,11,Hungaroring,Alpine
15,69,ALO,16,0,6,6,7,0,63,36.3,27.7,0.0,0.6,74.3,977.5,78.0,M,12,Hungaroring,Alpine
16,69,ALO,17,0,6,6,7,0,63,37.0,27.8,0.0,0.5,73.3,977.1,108.0,M,13,Hungaroring,Alpine
17,69,ALO,18,0,6,6,7,0,64,37.6,28.0,0.0,0.9,70.1,977.0,91.0,M,14,Hungaroring,Alpine
18,69,ALO,19,0,6,6,7,0,64,38.2,28.1,0.0,0.6,68.9,976.9,101.0,M,15,Hungaroring,Alpine
19,69,ALO,20,0,6,6,7,0,64,38.9,28.1,0.0,0.7,67.7,976.8,120.0,M,16,Hungaroring,Alpine
20,69,ALO,21,0,6,6,7,0,65,39.1,28.1,0.0,0.6,67.2,976.9,135.0,M,17,Hungaroring,Alpine
21,69,ALO,22,0,6,6,7,0,65,39.1,28.3,0.0,0.5,68.4,977.0,102.0,M,18,Hungaroring,Alpine
22,69,ALO,23,0,6,5,7,0,65,39.6,28.3,0.0,0.6,68.3,976.9,104.0,M,19,Hungaroring,Alpine
23,69,ALO,24,0,5,4,7,0,66,39.9,28.4,0.0,0.6,67.7,976.9,92.0,M,20,Hungaroring,Alpine
24,69,ALO,25,0,4,4,7,0,66,39.9,28.5,0.0,0.6,67.7,976.9,92.0,M,21,Hungaroring,Alpine
25,69,ALO,26,0,4,4,7,0,66,41.6,28.6,0.0,0.6,64.7,976.9,101.0,M,22,Hungaroring,Alpine
26,69,ALO,27,0,4,4,7,0,67,41.8,28.8,0.0,1.1,64.8,977.0,105.0,M,23,Hungaroring,Alpine
27,69,ALO,28,0,4,4,7,0,67,41.7,28.7,0.0,1.0,65.5,977.0,92.0,M,24,Hungaroring,Alpine
28,69,ALO,29,0,4,4,7,0,67,41.7,28.7,0.0,1.0,65.8,976.9,115.0,M,25,Hungaroring,Alpine
29,69,ALO,30,0,4,4,7,0,68,42.1,28.7,0.0,0.9,66.7,976.9,121.0,M,26,Hungaroring,Alpine
30,69,ALO,31,0,4,4,7,0,68,42.1,28.6,0.0,0.8,66.7,976.7,101.0,M,27,Hungaroring,Alpine
31,69,ALO,32,0,4,4,7,0,68,41.6,28.5,0.0,0.8,67.6,976.6,106.0,M,28,Hungaroring,Alpine
32,69,ALO,33,0,4,3,7,0,68,40.8,28.2,0.0,1.2,66.9,976.5,93.0,M,29,Hungaroring,Alpine
33,69,ALO,34,0,3,3,7,0,69,40.8,28.2,0.0,1.0,69.0,976.6,92.0,M,30,Hungaroring,Alpine
34,69,ALO,35,0,3,3,7,0,69,40.3,28.1,0.0,0.8,68.9,976.7,96.0,M,31,Hungaroring,Alpine
35,69,ALO,36,0,3,3,7,0,69,41.1,28.0,0.0,1.1,69.0,976.6,83.0,M,32,Hungaroring,Alpine
36,69,ALO,37,0,3,2,7,0,69,40.6,27.6,0.0,1.2,69.8,976.6,98.0,M,33,Hungaroring,Alpine
37,69,ALO,38,0,2,1,7,0,69,39.6,27.4,0.0,1.2,71.0,976.7,84.0,M,34,Hungaroring,Alpine
38,69,ALO,39,0,1,1,7,0,69,39.6,27.4,0.0,1.1,71.8,976.7,101.0,M,35,Hungaroring,Alpine
39,69,ALO,40,0,1,5,7,0,69,39.9,27.3,0.0,0.6,71.3,976.7,85.0,H,0,Hungaroring,Alpine
40,69,ALO,41,0,5,5,7,0,69,39.7,27.3,0.0,1.0,72.1,976.8,91.0,H,1,Hungaroring,Alpine
41,69,ALO,42,0,5,5,7,0,69,38.9,27.3,0.0,1.1,73.2,976.8,86.0,H,2,Hungaroring,Alpine
42,69,ALO,43,0,5,5,7,0,69,38.4,27.2,0.0,0.8,72.9,976.6,103.0,H,3,Hungaroring,Alpine
43,69,ALO,44,0,5,5,7,0,69,38.2,27.2,0.0,1.0,74.0,976.6,110.0,H,4,Hungaroring,Alpine
44,69,ALO,45,0,5,5,7,0,69,36.4,26.2,0.0,0.8,74.3,976.6,90.0,H,5,Hungaroring,Alpine
45,69,ALO,46,0,5,5,7,0,69,36.2,26.1,0.0,1.0,73.9,976.7,97.0,H,6,Hungaroring,Alpine
46,69,ALO,47,0,5,5,7,0,69,36.0,26.1,0.0,0.6,73.4,976.7,83.0,H,7,Hungaroring,Alpine
47,69,ALO,48,0,5,4,7,0,69,35.8,25.9,0.0,0.6,74.0,976.8,122.0,H,8,Hungaroring,Alpine
48,69,ALO,49,0,4,4,7,0,69,35.9,25.8,0.0,0.5,74.4,976.5,108.0,H,9,Hungaroring,Alpine
49,69,ALO,50,0,4,4,7,0,69,35.8,25.7,0.0,0.6,73.8,976.8,105.0,H,10,Hungaroring,Alpine
50,69,ALO,51,0,4,4,7,0,69,35.8,25.7,0.0,0.6,75.1,977.1,144.0,H,11,Hungaroring,Alpine
51,69,ALO,52,0,4,4,7,0,69,36.1,25.7,0.0,0.7,74.5,977.2,101.0,H,12,Hungaroring,Alpine
52,69,ALO,53,0,4,4,7,0,69,37.0,25.9,0.0,0.5,74.1,976.9,104.0,H,13,Hungaroring,Alpine
53,69,ALO,54,0,4,4,7,0,69,36.8,26.1,0.0,0.6,72.8,977.0,108.0,H,14,Hungaroring,Alpine
54,69,ALO,55,0,4,4,7,0,69,39.2,26.2,0.0,0.5,72.6,977.0,100.0,H,15,Hungaroring,Alpine
55,69,ALO,56,0,4,4,7,0,69,37.6,26.1,0.0,0.7,72.6,977.2,101.0,H,16,Hungaroring,Alpine
56,69,ALO,57,0,4,4,7,0,69,37.9,26.1,0.0,0.6,73.4,977.1,118.0,H,17,Hungaroring,Alpine
57,69,ALO,58,0,4,4,7,0,69,38.6,26.2,0.0,0.7,72.2,977.0,108.0,H,18,Hungaroring,Alpine
58,69,ALO,59,0,4,4,7,0,69,38.2,26.2,0.0,0.6,72.2,977.0,103.0,H,19,Hungaroring,Alpine
59,69,ALO,60,0,4,4,7,0,69,38.2,26.1,0.0,0.7,72.5,977.0,100.0,H,20,Hungaroring,Alpine
60,69,ALO,61,0,4,4,7,0,69,38.2,26.2,0.0,0.8,72.5,976.9,105.0,H,21,Hungaroring,Alpine
61,69,ALO,62,0,4,4,7,0,69,37.8,26.2,0.0,0.6,72.8,976.8,99.0,H,22,Hungaroring,Alpine
62,69,ALO,63,1,4,4,7,0,69,37.7,26.2,0.0,0.6,72.1,976.9,97.0,H,23,Hungaroring,Alpine
63,69,ALO,64,0,4,4,7,0,69,37.4,26.3,0.0,0.5,72.0,976.8,90.0,H,24,Hungaroring,Alpine
64,69,ALO,65,0,4,5,7,0,69,36.8,26.2,0.0,0.6,71.7,977.0,117.0,H,25,Hungaroring,Alpine
65,69,ALO,66,0,5,5,7,0,68,36.8,26.2,0.0,0.4,72.1,976.7,111.0,H,26,Hungaroring,Alpine
66,69,ALO,67,0,5,5,7,0,68,36.7,26.2,0.0,0.5,71.2,976.6,101.0,H,27,Hungaroring,Alpine
67,69,ALO,68,0,5,5,7,0,68,36.1,26.1,0.0,0.5,71.6,976.7,97.0,H,28,Hungaroring,Alpine
68,69,ALO,69,0,5,5,7,0,68,36.1,26.0,0.0,0.5,71.1,976.6,116.0,H,29,Hungaroring,Alpine
69,69,ALO,70,1,5,5,7,0,68,35.4,26.0,0.0,0.5,71.2,976.6,105.0,H,30,Hungaroring,Alpine
0,69,VET,1,2,3,3,3,0,55,32.0,26.6,1.0,0.4,72.4,978.3,86.0,I,0,Hungaroring,Aston Martin
1,69,VET,2,2,3,3,3,0,45,32.8,26.6,1.0,0.4,75.4,978.3,87.0,I,1,Hungaroring,Aston Martin
2,69,VET,3,2,3,2,3,0,45,32.8,26.6,1.0,0.5,77.3,978.3,88.0,I,0,Hungaroring,Aston Martin
3,69,VET,4,0,2,3,3,0,46,33.3,26.7,1.0,0.5,74.9,978.3,79.0,M,0,Hungaroring,Aston Martin
4,69,VET,5,0,3,2,3,0,50,33.1,26.6,1.0,0.5,73.8,978.1,102.0,M,1,Hungaroring,Aston Martin
5,69,VET,6,0,2,2,3,0,52,33.1,26.6,1.0,0.5,73.8,978.1,102.0,M,2,Hungaroring,Aston Martin
6,69,VET,7,0,2,2,3,0,54,33.3,26.7,1.0,0.3,75.6,978.3,137.0,M,3,Hungaroring,Aston Martin
7,69,VET,8,0,2,2,3,0,56,33.3,26.8,1.0,0.3,76.8,978.2,127.0,M,4,Hungaroring,Aston Martin
8,69,VET,9,0,2,2,3,0,58,32.6,26.6,1.0,0.3,75.9,978.1,138.0,M,5,Hungaroring,Aston Martin
9,69,VET,10,0,2,2,3,0,59,32.7,26.7,1.0,0.4,76.5,978.1,105.0,M,6,Hungaroring,Aston Martin
10,69,VET,11,0,2,2,3,0,59,32.6,26.7,1.0,0.4,75.5,977.8,107.0,M,7,Hungaroring,Aston Martin
11,69,VET,12,0,2,2,3,0,60,32.6,26.8,1.0,0.4,76.9,977.7,116.0,M,8,Hungaroring,Aston Martin
12,69,VET,13,0,2,2,3,0,61,33.7,26.8,1.0,0.3,74.1,977.6,103.0,M,9,Hungaroring,Aston Martin
13,69,VET,14,0,2,2,3,0,62,34.2,26.9,1.0,0.4,76.7,977.5,104.0,M,10,Hungaroring,Aston Martin
14,69,VET,15,0,2,2,3,0,62,34.2,27.0,1.0,0.3,77.8,977.5,105.0,M,11,Hungaroring,Aston Martin
15,69,VET,16,0,2,2,3,0,63,35.7,27.4,1.0,0.6,75.3,977.5,117.0,M,12,Hungaroring,Aston Martin
16,69,VET,17,0,2,2,3,0,64,35.9,27.5,1.0,0.5,75.6,977.5,78.0,M,13,Hungaroring,Aston Martin
17,69,VET,18,0,2,2,3,0,64,36.2,27.6,1.0,0.6,74.7,977.4,101.0,M,14,Hungaroring,Aston Martin
18,69,VET,19,0,2,2,3,0,65,36.3,27.7,0.0,0.6,74.3,977.5,78.0,M,15,Hungaroring,Aston Martin
19,69,VET,20,0,2,2,3,0,65,36.4,27.8,0.0,0.7,73.0,977.2,117.0,M,16,Hungaroring,Aston Martin
20,69,VET,21,0,2,2,3,0,65,37.6,28.0,0.0,0.9,70.1,977.0,91.0,M,17,Hungaroring,Aston Martin
21,69,VET,22,0,2,2,3,0,66,38.2,28.1,0.0,0.6,68.9,976.9,101.0,M,18,Hungaroring,Aston Martin
22,69,VET,23,0,2,2,3,0,66,39.1,28.1,0.0,0.6,67.2,976.9,135.0,M,19,Hungaroring,Aston Martin
23,69,VET,24,0,2,2,3,0,66,39.1,28.3,0.0,0.5,68.4,977.0,102.0,M,20,Hungaroring,Aston Martin
24,69,VET,25,0,2,2,3,0,66,39.9,28.4,0.0,0.6,67.7,976.9,92.0,M,21,Hungaroring,Aston Martin
25,69,VET,26,0,2,2,3,0,67,41.1,28.6,0.0,0.7,66.7,976.9,75.0,M,22,Hungaroring,Aston Martin
26,69,VET,27,0,2,2,3,0,67,41.6,28.8,0.0,0.7,65.2,976.8,101.0,M,23,Hungaroring,Aston Martin
27,69,VET,28,0,2,2,3,0,67,41.8,28.8,0.0,1.1,64.8,977.0,105.0,M,24,Hungaroring,Aston Martin
28,69,VET,29,0,2,2,3,0,67,41.7,28.7,0.0,1.0,65.5,977.0,92.0,M,25,Hungaroring,Aston Martin
29,69,VET,30,0,2,2,3,0,67,41.6,28.5,0.0,0.8,67.6,976.6,106.0,M,26,Hungaroring,Aston Martin
30,69,VET,31,0,2,2,3,0,68,40.6,27.6,0.0,1.2,69.8,976.6,98.0,M,27,Hungaroring,Aston Martin
31,69,VET,32,0,2,2,3,0,68,40.1,27.6,0.0,0.9,70.8,976.6,102.0,M,28,Hungaroring,Aston Martin
32,69,VET,33,0,2,2,3,0,68,39.6,27.4,0.0,1.1,71.8,976.7,101.0,M,29,Hungaroring,Aston Martin
33,69,VET,34,0,2,2,3,0,68,39.7,27.3,0.0,1.0,72.1,976.8,91.0,M,30,Hungaroring,Aston Martin
34,69,VET,35,0,2,2,3,0,68,38.9,27.3,0.0,1.1,73.2,976.8,86.0,M,31,Hungaroring,Aston Martin
35,69,VET,36,0,2,2,3,0,68,37.1,26.7,0.0,0.8,74.5,976.8,106.0,M,32,Hungaroring,Aston Martin
36,69,VET,37,0,2,3,3,0,68,36.9,26.6,0.0,0.8,74.4,976.7,83.0,H,0,Hungaroring,Aston Martin
37,69,VET,38,0,3,3,3,0,68,36.4,26.2,0.0,0.8,74.3,976.6,90.0,H,1,Hungaroring,Aston Martin
38,69,VET,39,0,3,3,3,0,69,36.2,26.1,0.0,1.0,73.9,976.7,97.0,H,2,Hungaroring,Aston Martin
39,69,VET,40,0,3,2,3,0,69,36.0,26.1,0.0,0.6,73.4,976.7,83.0,H,3,Hungaroring,Aston Martin
40,69,VET,41,0,2,2,3,0,69,36.0,26.0,0.0,0.5,74.2,976.9,102.0,H,4,Hungaroring,Aston Martin
41,69,VET,42,0,2,2,3,0,69,35.8,25.9,0.0,0.6,74.6,976.8,84.0,H,5,Hungaroring,Aston Martin
42,69,VET,43,0,2,2,3,0,69,35.9,25.8,0.0,0.5,74.4,976.5,108.0,H,6,Hungaroring,Aston Martin
43,69,VET,44,0,2,2,3,0,69,35.9,25.8,0.0,0.7,74.7,976.8,76.0,H,7,Hungaroring,Aston Martin
44,69,VET,45,0,2,2,3,0,69,35.8,25.7,0.0,0.6,73.8,976.8,105.0,H,8,Hungaroring,Aston Martin
45,69,VET,46,0,2,2,3,0,69,35.5,25.7,0.0,0.4,74.2,977.1,82.0,H,9,Hungaroring,Aston Martin
46,69,VET,47,0,2,2,3,0,70,35.8,25.7,0.0,0.6,75.1,977.1,144.0,H,10,Hungaroring,Aston Martin
47,69,VET,48,0,2,2,3,0,70,38.4,25.7,0.0,0.7,74.0,977.0,96.0,H,11,Hungaroring,Aston Martin
48,69,VET,49,0,2,2,3,0,70,37.6,25.8,0.0,0.7,74.1,976.9,96.0,H,12,Hungaroring,Aston Martin
49,69,VET,50,0,2,2,3,0,70,37.0,25.9,0.0,0.5,74.1,976.9,104.0,H,13,Hungaroring,Aston Martin
50,69,VET,51,0,2,2,3,0,70,37.0,26.0,0.0,0.4,73.7,977.1,133.0,H,14,Hungaroring,Aston Martin
51,69,VET,52,0,2,2,3,0,70,36.8,26.1,0.0,0.6,72.8,977.0,108.0,H,15,Hungaroring,Aston Martin
52,69,VET,53,0,2,2,3,0,70,38.0,26.1,0.0,0.6,73.5,976.9,103.0,H,16,Hungaroring,Aston Martin
53,69,VET,54,0,2,2,3,0,70,37.8,26.3,0.0,0.6,71.9,977.1,111.0,H,17,Hungaroring,Aston Martin
54,69,VET,55,0,2,2,3,0,70,37.6,26.1,0.0,0.7,72.6,977.2,101.0,H,18,Hungaroring,Aston Martin
55,69,VET,56,0,2,2,3,0,70,37.8,26.1,0.0,0.6,74.0,977.1,137.0,H,19,Hungaroring,Aston Martin
56,69,VET,57,0,2,2,3,0,71,37.9,26.1,0.0,0.6,73.4,977.1,118.0,H,20,Hungaroring,Aston Martin
57,69,VET,58,0,2,2,3,0,71,38.6,26.1,0.0,0.6,72.0,977.1,118.0,H,21,Hungaroring,Aston Martin
58,69,VET,59,0,2,2,3,0,71,38.2,26.2,0.0,0.6,72.2,977.0,103.0,H,22,Hungaroring,Aston Martin
59,69,VET,60,0,2,2,3,0,71,38.2,26.1,0.0,0.7,72.5,977.0,100.0,H,23,Hungaroring,Aston Martin
60,69,VET,61,0,2,2,3,0,71,38.3,26.2,0.0,0.8,72.9,976.9,126.0,H,24,Hungaroring,Aston Martin
61,69,VET,62,0,2,2,3,0,71,37.8,26.2,0.0,0.6,72.8,976.8,99.0,H,25,Hungaroring,Aston Martin
62,69,VET,63,1,2,2,3,0,71,37.7,26.2,0.0,0.6,72.1,976.9,97.0,H,26,Hungaroring,Aston Martin
63,69,VET,64,0,2,2,3,0,71,37.4,26.2,0.0,0.5,72.6,977.0,96.0,H,27,Hungaroring,Aston Martin
64,69,VET,65,0,2,2,3,0,71,37.4,26.3,0.0,0.5,72.0,976.8,90.0,H,28,Hungaroring,Aston Martin
65,69,VET,66,0,2,2,3,0,71,36.8,26.2,0.0,0.6,71.7,977.0,117.0,H,29,Hungaroring,Aston Martin
66,69,VET,67,0,2,2,3,0,71,36.8,26.2,0.0,0.6,71.9,976.8,106.0,H,30,Hungaroring,Aston Martin
67,69,VET,68,0,2,2,3,0,71,36.8,26.2,0.0,0.4,72.1,976.7,111.0,H,31,Hungaroring,Aston Martin
68,69,VET,69,0,2,2,3,0,71,36.8,26.2,0.0,0.4,71.5,976.6,101.0,H,32,Hungaroring,Aston Martin
69,69,VET,70,1,2,2,3,0,71,35.4,26.0,0.0,0.5,71.2,976.6,105.0,H,33,Hungaroring,Aston Martin
0,69,RIC,1,2,14,14,14,0,47,31.3,26.6,1.0,0.2,71.3,978.6,85.0,I,0,Hungaroring,McLaren
1,69,RIC,2,2,14,12,14,0,42,31.7,26.6,1.0,0.3,72.6,978.5,88.0,I,1,Hungaroring,McLaren
2,69,RIC,3,2,12,11,14,0,42,31.9,26.6,1.0,0.5,71.7,978.3,101.0,I,0,Hungaroring,McLaren
3,69,RIC,4,0,11,10,14,0,44,32.0,26.6,1.0,0.4,72.4,978.3,86.0,M,0,Hungaroring,McLaren
4,69,RIC,5,0,10,9,14,0,47,32.0,26.6,1.0,0.4,72.4,978.3,86.0,M,1,Hungaroring,McLaren
5,69,RIC,6,0,9,9,14,0,49,32.8,26.6,1.0,0.5,75.1,978.3,91.0,M,2,Hungaroring,McLaren
6,69,RIC,7,0,9,9,14,0,51,33.3,26.7,1.0,0.6,73.8,978.2,115.0,M,3,Hungaroring,McLaren
7,69,RIC,8,0,9,9,14,0,53,33.1,26.6,1.0,0.5,73.8,978.1,102.0,M,4,Hungaroring,McLaren
8,69,RIC,9,0,9,9,14,0,54,33.3,26.7,1.0,0.3,75.6,978.3,137.0,M,5,Hungaroring,McLaren
9,69,RIC,10,0,9,9,14,0,55,33.3,26.8,1.0,0.3,76.8,978.2,127.0,M,6,Hungaroring,McLaren
10,69,RIC,11,0,9,9,14,0,55,32.6,26.7,1.0,0.3,76.1,978.1,122.0,M,7,Hungaroring,McLaren
11,69,RIC,12,0,9,9,14,0,56,32.6,26.6,1.0,0.3,75.9,978.1,138.0,M,8,Hungaroring,McLaren
12,69,RIC,13,0,9,9,14,0,56,32.7,26.6,1.0,0.4,76.2,978.0,118.0,M,9,Hungaroring,McLaren
13,69,RIC,14,0,9,9,14,0,57,32.6,26.8,1.0,0.4,76.9,977.7,116.0,M,10,Hungaroring,McLaren
14,69,RIC,15,0,9,8,14,0,57,33.7,26.8,1.0,0.3,74.1,977.6,103.0,M,11,Hungaroring,McLaren
15,69,RIC,16,0,8,8,14,0,57,34.2,26.9,1.0,0.4,76.7,977.5,104.0,M,12,Hungaroring,McLaren
16,69,RIC,17,0,8,8,14,0,58,35.7,27.4,1.0,0.6,75.3,977.5,117.0,M,13,Hungaroring,McLaren
17,69,RIC,18,0,8,8,14,0,58,35.9,27.5,1.0,0.5,75.6,977.5,78.0,M,14,Hungaroring,McLaren
18,69,RIC,19,0,8,8,14,0,58,36.3,27.7,0.0,0.6,74.3,977.5,78.0,M,15,Hungaroring,McLaren
19,69,RIC,20,0,8,8,14,0,58,36.4,27.7,0.0,0.6,72.3,977.4,81.0,M,16,Hungaroring,McLaren
20,69,RIC,21,0,8,11,14,0,59,37.6,28.0,0.0,0.9,70.1,977.0,91.0,H,0,Hungaroring,McLaren
21,69,RIC,22,0,11,11,14,0,59,37.9,28.1,0.0,0.6,69.1,977.0,90.0,H,1,Hungaroring,McLaren
22,69,RIC,23,0,11,11,14,0,59,38.2,28.1,0.0,0.6,68.9,976.9,101.0,H,2,Hungaroring,McLaren
23,69,RIC,24,0,11,11,14,0,59,38.9,28.1,0.0,0.7,67.7,976.8,120.0,H,3,Hungaroring,McLaren
24,69,RIC,25,0,11,11,14,0,59,39.1,28.1,0.0,0.6,67.2,976.9,135.0,H,4,Hungaroring,McLaren
25,69,RIC,26,0,11,11,14,0,59,39.1,28.3,0.0,0.5,68.4,977.0,102.0,H,5,Hungaroring,McLaren
26,69,RIC,27,0,11,11,14,0,59,39.6,28.3,0.0,0.6,68.3,976.9,104.0,H,6,Hungaroring,McLaren
27,69,RIC,28,0,11,11,14,0,59,39.9,28.4,0.0,0.6,67.7,976.9,92.0,H,7,Hungaroring,McLaren
28,69,RIC,29,0,11,11,14,0,59,39.9,28.5,0.0,0.6,67.7,976.9,92.0,H,8,Hungaroring,McLaren
29,69,RIC,30,0,11,11,14,0,59,41.6,28.6,0.0,0.6,64.7,976.9,101.0,H,9,Hungaroring,McLaren
30,69,RIC,31,0,11,11,14,0,59,41.8,28.8,0.0,1.1,64.8,977.0,105.0,H,10,Hungaroring,McLaren
31,69,RIC,32,0,11,11,14,0,59,41.7,28.7,0.0,1.0,65.5,977.0,92.0,H,11,Hungaroring,McLaren
32,69,RIC,33,0,11,11,14,0,59,41.7,28.7,0.0,1.0,65.8,976.9,115.0,H,12,Hungaroring,McLaren
33,69,RIC,34,0,11,10,14,0,60,42.1,28.6,0.0,0.8,66.7,976.7,101.0,H,13,Hungaroring,McLaren
34,69,RIC,35,0,10,10,14,0,60,41.6,28.5,0.0,0.8,67.6,976.6,106.0,H,14,Hungaroring,McLaren
35,69,RIC,36,0,10,10,14,0,60,40.8,28.2,0.0,1.2,66.9,976.5,93.0,H,15,Hungaroring,McLaren
36,69,RIC,37,0,10,10,14,0,60,40.8,28.2,0.0,1.0,69.0,976.6,92.0,H,16,Hungaroring,McLaren
37,69,RIC,38,0,10,10,14,0,60,41.1,28.0,0.0,1.1,69.0,976.6,83.0,H,17,Hungaroring,McLaren
38,69,RIC,39,0,10,10,14,0,60,39.9,27.3,0.0,0.6,71.3,976.7,85.0,H,18,Hungaroring,McLaren
39,69,RIC,40,0,10,10,14,0,60,39.7,27.3,0.0,1.0,72.1,976.8,91.0,H,19,Hungaroring,McLaren
40,69,RIC,41,0,10,10,14,0,60,38.9,27.3,0.0,1.1,73.2,976.8,86.0,H,20,Hungaroring,McLaren
41,69,RIC,42,0,10,10,14,0,60,38.4,27.2,0.0,0.8,72.9,976.6,103.0,H,21,Hungaroring,McLaren
42,69,RIC,43,0,10,10,14,0,60,37.9,26.8,0.0,0.8,74.6,976.7,101.0,H,22,Hungaroring,McLaren
43,69,RIC,44,0,10,10,14,0,60,36.9,26.6,0.0,0.8,74.4,976.7,83.0,H,23,Hungaroring,McLaren
44,69,RIC,45,0,10,10,14,0,60,36.6,26.3,0.0,1.0,75.7,976.6,107.0,H,24,Hungaroring,McLaren
45,69,RIC,46,0,10,10,14,0,60,36.4,26.2,0.0,0.8,74.3,976.6,90.0,H,25,Hungaroring,McLaren
46,69,RIC,47,0,10,10,14,0,60,36.2,26.1,0.0,1.0,73.9,976.7,97.0,H,26,Hungaroring,McLaren
47,69,RIC,48,0,10,10,14,0,60,35.8,25.7,0.0,0.7,74.9,976.7,109.0,H,27,Hungaroring,McLaren
48,69,RIC,49,0,10,10,14,0,60,35.8,25.7,0.0,0.8,74.4,976.9,89.0,H,28,Hungaroring,McLaren
49,69,RIC,50,0,10,10,14,0,60,35.6,25.7,0.0,0.4,75.1,977.0,84.0,H,29,Hungaroring,McLaren
50,69,RIC,51,0,10,10,14,0,60,38.4,25.7,0.0,0.7,74.0,977.0,96.0,H,30,Hungaroring,McLaren
51,69,RIC,52,0,10,10,14,0,60,37.0,25.9,0.0,0.5,74.1,976.9,104.0,H,31,Hungaroring,McLaren
52,69,RIC,53,0,10,10,14,0,60,37.0,26.0,0.0,0.4,73.7,977.1,133.0,H,32,Hungaroring,McLaren
53,69,RIC,54,0,10,10,14,0,60,38.6,26.1,0.0,0.5,73.9,977.0,117.0,H,33,Hungaroring,McLaren
54,69,RIC,55,0,10,10,14,0,60,37.0,26.3,0.0,0.6,72.4,977.1,96.0,H,34,Hungaroring,McLaren
55,69,RIC,56,0,10,10,14,0,60,37.9,26.1,0.0,0.6,73.4,977.1,118.0,H,35,Hungaroring,McLaren
56,69,RIC,57,0,10,10,14,0,61,38.6,26.1,0.0,0.6,72.0,977.1,118.0,H,36,Hungaroring,McLaren
57,69,RIC,58,0,10,10,14,0,61,38.2,26.2,0.0,0.6,72.2,977.0,103.0,H,37,Hungaroring,McLaren
58,69,RIC,59,0,10,10,14,0,61,38.2,26.2,0.0,0.8,72.5,976.9,105.0,H,38,Hungaroring,McLaren
59,69,RIC,60,0,10,11,14,0,61,38.3,26.2,0.0,0.6,72.6,976.8,101.0,H,39,Hungaroring,McLaren
60,69,RIC,61,0,11,11,14,0,61,37.7,26.2,0.0,0.6,72.1,976.9,97.0,H,40,Hungaroring,McLaren
61,69,RIC,62,0,11,11,14,0,61,37.6,26.2,0.0,0.6,72.2,976.9,116.0,H,41,Hungaroring,McLaren
62,69,RIC,63,1,11,11,14,0,60,37.4,26.2,0.0,0.5,72.6,977.0,96.0,H,42,Hungaroring,McLaren
63,69,RIC,64,0,11,11,14,0,60,37.4,26.3,0.0,0.5,72.0,976.8,90.0,H,43,Hungaroring,McLaren
64,69,RIC,65,0,11,11,14,0,60,37.3,26.3,0.0,0.5,71.7,976.8,102.0,H,44,Hungaroring,McLaren
65,69,RIC,66,0,11,11,14,0,60,36.8,26.2,0.0,0.6,71.9,976.8,106.0,H,45,Hungaroring,McLaren
66,69,RIC,67,0,11,12,14,0,60,36.8,26.2,0.0,0.4,72.1,976.7,111.0,H,46,Hungaroring,McLaren
67,69,RIC,68,0,12,12,14,0,60,36.7,26.2,0.0,0.5,71.2,976.6,101.0,H,47,Hungaroring,McLaren
68,69,RIC,69,0,12,12,14,0,60,36.4,26.2,0.0,0.6,71.6,976.5,105.0,H,48,Hungaroring,McLaren
0,69,RAI,1,2,10,10,10,0,51,31.3,26.6,1.0,0.2,71.3,978.6,85.0,I,0,Hungaroring,Alfa Romeo Racing
1,69,RAI,2,2,10,9,10,0,33,31.7,26.6,1.0,0.3,72.6,978.5,88.0,I,1,Hungaroring,Alfa Romeo Racing
2,69,RAI,3,2,9,8,10,0,35,31.9,26.6,1.0,0.5,71.7,978.3,101.0,I,0,Hungaroring,Alfa Romeo Racing
3,69,RAI,4,0,8,9,10,0,38,32.0,26.6,1.0,0.4,72.4,978.3,86.0,M,0,Hungaroring,Alfa Romeo Racing
4,69,RAI,5,0,9,8,10,0,42,32.0,26.6,1.0,0.4,72.4,978.3,86.0,M,1,Hungaroring,Alfa Romeo Racing
5,69,RAI,6,0,8,8,10,0,45,32.8,26.6,1.0,0.5,77.3,978.3,88.0,M,2,Hungaroring,Alfa Romeo Racing
6,69,RAI,7,0,8,8,10,0,47,33.3,26.7,1.0,0.5,74.9,978.3,79.0,M,3,Hungaroring,Alfa Romeo Racing
7,69,RAI,8,0,8,8,10,0,49,33.3,26.7,1.0,0.3,75.6,978.3,137.0,M,4,Hungaroring,Alfa Romeo Racing
8,69,RAI,9,0,8,8,10,0,51,32.9,26.8,1.0,0.4,73.9,978.3,145.0,M,5,Hungaroring,Alfa Romeo Racing
9,69,RAI,10,0,8,8,10,0,51,32.6,26.7,1.0,0.3,76.1,978.1,122.0,M,6,Hungaroring,Alfa Romeo Racing
10,69,RAI,11,0,8,8,10,0,52,32.6,26.8,1.0,0.4,76.9,977.7,116.0,M,7,Hungaroring,Alfa Romeo Racing
11,69,RAI,12,0,8,8,10,0,52,35.7,27.4,1.0,0.6,75.3,977.5,117.0,M,8,Hungaroring,Alfa Romeo Racing
12,69,RAI,13,0,8,8,10,0,53,35.9,27.5,1.0,0.5,75.6,977.5,78.0,M,9,Hungaroring,Alfa Romeo Racing
13,69,RAI,14,0,8,8,10,0,54,36.2,27.6,1.0,0.6,74.7,977.4,101.0,M,10,Hungaroring,Alfa Romeo Racing
14,69,RAI,15,0,8,9,10,0,54,36.3,27.7,0.0,0.6,74.3,977.5,78.0,M,11,Hungaroring,Alfa Romeo Racing
15,69,RAI,16,0,9,14,10,0,54,36.4,27.8,0.0,0.7,73.0,977.2,117.0,H,0,Hungaroring,Alfa Romeo Racing
16,69,RAI,17,0,14,14,10,0,55,37.9,28.1,0.0,0.6,69.1,977.0,90.0,H,1,Hungaroring,Alfa Romeo Racing
17,69,RAI,18,0,14,13,10,0,56,38.2,28.1,0.0,0.6,68.9,976.9,101.0,H,2,Hungaroring,Alfa Romeo Racing
18,69,RAI,19,0,13,13,10,0,57,38.6,28.1,0.0,0.8,69.5,977.0,104.0,H,3,Hungaroring,Alfa Romeo Racing
19,69,RAI,20,0,13,13,10,0,57,39.1,28.1,0.0,0.6,67.2,976.9,135.0,H,4,Hungaroring,Alfa Romeo Racing
20,69,RAI,21,0,13,13,10,0,58,41.7,28.7,0.0,1.0,65.8,976.9,115.0,H,5,Hungaroring,Alfa Romeo Racing
21,69,RAI,22,0,13,13,10,0,59,42.1,28.6,0.0,0.8,66.7,976.7,101.0,H,6,Hungaroring,Alfa Romeo Racing
22,69,RAI,23,0,13,13,10,0,59,40.8,28.2,0.0,1.0,69.0,976.6,92.0,H,7,Hungaroring,Alfa Romeo Racing
23,69,RAI,24,0,13,13,10,0,59,41.1,28.0,0.0,1.1,69.0,976.6,83.0,H,8,Hungaroring,Alfa Romeo Racing
24,69,RAI,25,0,13,13,10,0,60,40.6,27.6,0.0,1.2,69.8,976.6,98.0,H,9,Hungaroring,Alfa Romeo Racing
25,69,RAI,26,0,13,13,10,0,60,40.1,27.6,0.0,0.9,70.8,976.6,102.0,H,10,Hungaroring,Alfa Romeo Racing
26,69,RAI,27,0,13,13,10,0,60,39.6,27.4,0.0,1.2,71.0,976.7,84.0,H,11,Hungaroring,Alfa Romeo Racing
27,69,RAI,28,0,13,13,10,0,61,39.7,27.3,0.0,1.0,72.1,976.8,91.0,H,12,Hungaroring,Alfa Romeo Racing
28,69,RAI,29,0,13,13,10,0,61,38.2,27.2,0.0,1.0,74.0,976.6,110.0,H,13,Hungaroring,Alfa Romeo Racing
29,69,RAI,30,0,13,13,10,0,61,37.9,26.8,0.0,0.8,74.6,976.7,101.0,H,14,Hungaroring,Alfa Romeo Racing
30,69,RAI,31,0,13,13,10,0,61,37.1,26.7,0.0,0.8,74.5,976.8,106.0,H,15,Hungaroring,Alfa Romeo Racing
31,69,RAI,32,0,13,13,10,0,61,36.7,26.5,0.0,0.9,74.6,976.6,111.0,H,16,Hungaroring,Alfa Romeo Racing
32,69,RAI,33,0,13,13,10,0,61,36.6,26.3,0.0,0.8,75.2,976.7,104.0,H,17,Hungaroring,Alfa Romeo Racing
33,69,RAI,34,0,13,12,10,0,61,36.6,26.3,0.0,1.0,75.7,976.6,107.0,H,18,Hungaroring,Alfa Romeo Racing
34,69,RAI,35,0,12,12,10,0,61,36.4,26.2,0.0,0.8,74.3,976.6,90.0,H,19,Hungaroring,Alfa Romeo Racing
35,69,RAI,36,0,12,12,10,0,61,36.2,26.1,0.0,1.0,73.9,976.7,97.0,H,20,Hungaroring,Alfa Romeo Racing
36,69,RAI,37,0,12,12,10,0,62,36.0,26.1,0.0,0.6,73.4,976.7,83.0,H,21,Hungaroring,Alfa Romeo Racing
37,69,RAI,38,0,12,12,10,0,62,36.0,26.0,0.0,0.5,74.2,976.9,102.0,H,22,Hungaroring,Alfa Romeo Racing
38,69,RAI,39,0,12,12,10,0,62,35.8,25.9,0.0,0.6,74.6,976.8,84.0,H,23,Hungaroring,Alfa Romeo Racing
39,69,RAI,40,0,12,12,10,0,62,35.9,25.8,0.0,0.5,74.4,976.5,108.0,H,24,Hungaroring,Alfa Romeo Racing
40,69,RAI,41,0,12,11,10,0,62,35.8,25.7,0.0,0.6,73.8,976.8,105.0,H,25,Hungaroring,Alfa Romeo Racing
41,69,RAI,42,0,11,11,10,0,62,35.8,25.7,0.0,0.8,74.4,976.9,89.0,H,26,Hungaroring,Alfa Romeo Racing
42,69,RAI,43,0,11,11,10,0,63,35.6,25.7,0.0,0.4,75.1,977.0,84.0,H,27,Hungaroring,Alfa Romeo Racing
43,69,RAI,44,0,11,11,10,0,63,35.8,25.7,0.0,0.6,75.1,977.1,144.0,H,28,Hungaroring,Alfa Romeo Racing
44,69,RAI,45,0,11,11,10,0,63,38.4,25.7,0.0,0.7,74.0,977.0,96.0,H,29,Hungaroring,Alfa Romeo Racing
45,69,RAI,46,0,11,11,10,0,63,37.0,26.0,0.0,0.4,73.7,977.1,133.0,H,30,Hungaroring,Alfa Romeo Racing
46,69,RAI,47,0,11,11,10,0,63,39.2,26.2,0.0,0.5,72.6,977.0,100.0,H,31,Hungaroring,Alfa Romeo Racing
47,69,RAI,48,0,11,11,10,0,63,38.9,26.3,0.0,0.5,72.1,977.0,110.0,H,32,Hungaroring,Alfa Romeo Racing
48,69,RAI,49,0,11,11,10,0,63,37.0,26.3,0.0,0.6,72.4,977.1,96.0,H,33,Hungaroring,Alfa Romeo Racing
49,69,RAI,50,0,11,12,10,0,63,37.6,26.1,0.0,0.7,72.6,977.2,101.0,H,34,Hungaroring,Alfa Romeo Racing
50,69,RAI,51,0,12,12,10,0,63,37.8,26.1,0.0,0.6,74.0,977.1,137.0,H,35,Hungaroring,Alfa Romeo Racing
51,69,RAI,52,0,12,12,10,0,63,37.9,26.1,0.0,0.6,73.4,977.1,118.0,H,36,Hungaroring,Alfa Romeo Racing
52,69,RAI,53,0,12,12,10,0,63,38.2,26.2,0.0,0.6,72.2,977.0,103.0,H,37,Hungaroring,Alfa Romeo Racing
53,69,RAI,54,0,12,12,10,0,63,38.2,26.1,0.0,0.7,72.5,977.0,100.0,S,0,Hungaroring,Alfa Romeo Racing
54,69,RAI,55,0,12,12,10,0,63,38.3,26.2,0.0,0.8,72.9,976.9,126.0,S,1,Hungaroring,Alfa Romeo Racing
55,69,RAI,56,0,12,12,10,0,63,38.3,26.2,0.0,0.6,72.8,976.7,92.0,S,2,Hungaroring,Alfa Romeo Racing
56,69,RAI,57,0,12,12,10,0,63,38.3,26.2,0.0,0.6,72.6,976.8,101.0,S,3,Hungaroring,Alfa Romeo Racing
57,69,RAI,58,0,12,12,10,0,63,37.8,26.2,0.0,0.6,72.8,976.8,99.0,S,4,Hungaroring,Alfa Romeo Racing
58,69,RAI,59,0,12,12,10,0,63,37.7,26.2,0.0,0.6,72.1,976.9,97.0,S,5,Hungaroring,Alfa Romeo Racing
59,69,RAI,60,0,12,12,10,0,63,37.4,26.2,0.0,0.5,72.6,977.0,96.0,S,6,Hungaroring,Alfa Romeo Racing
60,69,RAI,61,0,12,12,10,0,63,37.4,26.2,0.0,0.5,72.3,976.9,101.0,S,7,Hungaroring,Alfa Romeo Racing
61,69,RAI,62,0,12,12,10,0,63,37.4,26.3,0.0,0.6,72.4,976.9,97.0,S,8,Hungaroring,Alfa Romeo Racing
62,69,RAI,63,1,12,12,10,0,63,37.0,26.3,0.0,0.6,72.2,976.9,113.0,S,9,Hungaroring,Alfa Romeo Racing
63,69,RAI,64,0,12,12,10,0,63,36.8,26.2,0.0,0.6,71.7,977.0,117.0,S,10,Hungaroring,Alfa Romeo Racing
64,69,RAI,65,0,12,12,10,0,63,36.8,26.2,0.0,0.6,71.9,976.8,106.0,S,11,Hungaroring,Alfa Romeo Racing
65,69,RAI,66,0,12,12,10,0,63,36.8,26.2,0.0,0.4,71.5,976.6,101.0,S,12,Hungaroring,Alfa Romeo Racing
66,69,RAI,67,0,12,11,10,0,63,36.4,26.2,0.0,0.6,71.6,976.5,105.0,S,13,Hungaroring,Alfa Romeo Racing
67,69,RAI,68,0,11,11,10,0,63,36.2,26.1,0.0,0.6,71.9,976.6,116.0,S,14,Hungaroring,Alfa Romeo Racing
68,69,RAI,69,0,11,11,10,0,63,36.1,26.0,0.0,0.5,71.1,976.6,116.0,S,15,Hungaroring,Alfa Romeo Racing
0,69,GIO,1,2,16,16,16,0,27,31.5,26.7,1.0,0.1,72.5,978.6,106.0,M,0,Hungaroring,Alfa Romeo Racing
1,69,GIO,2,2,16,16,16,0,28,31.3,26.6,1.0,0.2,71.3,978.6,85.0,I,0,Hungaroring,Alfa Romeo Racing
2,69,GIO,3,2,16,15,16,0,32,31.9,26.6,1.0,0.5,71.7,978.3,101.0,I,0,Hungaroring,Alfa Romeo Racing
3,69,GIO,4,0,15,14,16,0,36,32.0,26.6,1.0,0.4,72.4,978.3,86.0,M,1,Hungaroring,Alfa Romeo Racing
4,69,GIO,5,0,14,13,16,0,42,32.8,26.6,1.0,0.4,75.4,978.3,87.0,M,2,Hungaroring,Alfa Romeo Racing
5,69,GIO,6,0,13,13,16,0,46,33.1,26.6,1.0,0.5,73.8,978.1,102.0,M,3,Hungaroring,Alfa Romeo Racing
6,69,GIO,7,0,13,13,16,0,48,33.3,26.8,1.0,0.3,76.8,978.2,127.0,M,4,Hungaroring,Alfa Romeo Racing
7,69,GIO,8,0,13,13,16,0,50,32.7,26.7,1.0,0.4,76.5,978.1,105.0,M,5,Hungaroring,Alfa Romeo Racing
8,69,GIO,9,0,13,13,16,0,52,32.7,26.6,1.0,0.4,76.2,978.0,118.0,M,6,Hungaroring,Alfa Romeo Racing
9,69,GIO,10,0,13,14,16,0,53,32.6,26.7,1.0,0.4,75.5,977.8,107.0,M,7,Hungaroring,Alfa Romeo Racing
10,69,GIO,11,0,14,14,16,0,54,34.2,26.9,1.0,0.4,76.7,977.5,104.0,M,8,Hungaroring,Alfa Romeo Racing
11,69,GIO,12,0,14,14,16,0,54,34.2,27.0,1.0,0.3,77.8,977.5,105.0,M,9,Hungaroring,Alfa Romeo Racing
12,69,GIO,13,0,14,14,16,0,55,35.7,27.4,1.0,0.6,75.3,977.5,117.0,M,10,Hungaroring,Alfa Romeo Racing
13,69,GIO,14,0,14,14,16,0,56,36.4,27.7,0.0,0.6,72.3,977.4,81.0,M,11,Hungaroring,Alfa Romeo Racing
14,69,GIO,15,0,14,14,16,0,57,36.4,27.8,0.0,0.7,73.0,977.2,117.0,M,12,Hungaroring,Alfa Romeo Racing
15,69,GIO,16,0,14,13,16,0,58,37.6,28.0,0.0,0.9,70.1,977.0,91.0,M,13,Hungaroring,Alfa Romeo Racing
16,69,GIO,17,0,13,13,16,0,58,38.6,28.1,0.0,0.8,69.5,977.0,104.0,M,14,Hungaroring,Alfa Romeo Racing
17,69,GIO,18,0,13,14,16,0,58,39.6,28.3,0.0,0.6,68.3,976.9,104.0,M,15,Hungaroring,Alfa Romeo Racing
18,69,GIO,19,0,14,14,16,0,59,39.9,28.4,0.0,0.6,67.7,976.9,92.0,M,16,Hungaroring,Alfa Romeo Racing
19,69,GIO,20,0,14,14,16,0,59,39.9,28.5,0.0,0.6,67.7,976.9,92.0,M,17,Hungaroring,Alfa Romeo Racing
20,69,GIO,21,0,14,14,16,0,59,41.6,28.6,0.0,0.6,64.7,976.9,101.0,M,18,Hungaroring,Alfa Romeo Racing
21,69,GIO,22,0,14,14,16,0,60,41.6,28.8,0.0,0.7,65.2,976.8,101.0,M,19,Hungaroring,Alfa Romeo Racing
22,69,GIO,23,0,14,14,16,0,60,41.7,28.7,0.0,1.0,65.5,977.0,92.0,M,20,Hungaroring,Alfa Romeo Racing
23,69,GIO,24,0,14,14,16,0,60,41.7,28.7,0.0,1.0,65.8,976.9,115.0,M,21,Hungaroring,Alfa Romeo Racing
24,69,GIO,25,0,14,14,16,0,61,41.6,28.5,0.0,0.8,67.6,976.6,106.0,M,22,Hungaroring,Alfa Romeo Racing
25,69,GIO,26,0,14,14,16,0,61,40.8,28.2,0.0,1.2,66.9,976.5,93.0,M,23,Hungaroring,Alfa Romeo Racing
26,69,GIO,27,0,14,14,16,0,61,40.3,28.1,0.0,0.8,68.9,976.7,96.0,M,24,Hungaroring,Alfa Romeo Racing
27,69,GIO,28,0,14,14,16,0,61,41.1,28.0,0.0,1.1,69.0,976.6,83.0,M,25,Hungaroring,Alfa Romeo Racing
28,69,GIO,29,0,14,14,16,0,62,40.1,27.6,0.0,0.9,70.8,976.6,102.0,M,26,Hungaroring,Alfa Romeo Racing
29,69,GIO,30,0,14,14,16,0,62,39.6,27.4,0.0,1.2,71.0,976.7,84.0,M,27,Hungaroring,Alfa Romeo Racing
30,69,GIO,31,0,14,14,16,0,62,39.6,27.4,0.0,1.1,71.8,976.7,101.0,M,28,Hungaroring,Alfa Romeo Racing
31,69,GIO,32,0,14,14,16,0,62,39.9,27.3,0.0,0.6,71.3,976.7,85.0,M,29,Hungaroring,Alfa Romeo Racing
32,69,GIO,33,0,14,14,16,0,62,39.7,27.3,0.0,1.0,72.1,976.8,91.0,M,30,Hungaroring,Alfa Romeo Racing
33,69,GIO,34,0,14,14,16,0,62,38.9,27.3,0.0,1.1,73.2,976.8,86.0,H,0,Hungaroring,Alfa Romeo Racing
34,69,GIO,35,0,14,14,16,0,62,38.2,27.2,0.0,1.0,74.0,976.6,110.0,H,1,Hungaroring,Alfa Romeo Racing
35,69,GIO,36,0,14,14,16,0,62,37.9,26.8,0.0,0.8,74.6,976.7,101.0,H,2,Hungaroring,Alfa Romeo Racing
36,69,GIO,37,0,14,14,16,0,62,37.1,26.7,0.0,0.8,74.5,976.8,106.0,H,3,Hungaroring,Alfa Romeo Racing
37,69,GIO,38,0,14,14,16,0,62,36.7,26.5,0.0,0.9,74.6,976.6,111.0,H,4,Hungaroring,Alfa Romeo Racing
38,69,GIO,39,0,14,14,16,0,63,36.6,26.3,0.0,1.0,75.7,976.6,107.0,H,5,Hungaroring,Alfa Romeo Racing
39,69,GIO,40,0,14,14,16,0,63,36.4,26.2,0.0,0.8,74.3,976.6,90.0,H,6,Hungaroring,Alfa Romeo Racing
40,69,GIO,41,0,14,14,16,0,63,36.2,26.1,0.0,1.0,73.9,976.7,97.0,H,7,Hungaroring,Alfa Romeo Racing
41,69,GIO,42,0,14,14,16,0,63,36.0,26.0,0.0,0.5,74.2,976.9,102.0,H,8,Hungaroring,Alfa Romeo Racing
42,69,GIO,43,0,14,14,16,0,63,35.9,25.8,0.0,0.5,74.4,976.5,108.0,H,9,Hungaroring,Alfa Romeo Racing
43,69,GIO,44,0,14,14,16,0,63,35.9,25.8,0.0,0.7,74.7,976.8,76.0,H,10,Hungaroring,Alfa Romeo Racing
44,69,GIO,45,0,14,14,16,0,63,35.8,25.7,0.0,0.6,73.8,976.8,105.0,H,11,Hungaroring,Alfa Romeo Racing
45,69,GIO,46,0,14,14,16,0,63,35.8,25.7,0.0,0.7,74.9,976.7,109.0,H,12,Hungaroring,Alfa Romeo Racing
46,69,GIO,47,0,14,14,16,0,63,35.6,25.7,0.0,0.4,75.1,977.0,84.0,H,13,Hungaroring,Alfa Romeo Racing
47,69,GIO,48,0,14,14,16,0,63,35.5,25.7,0.0,0.4,74.2,977.1,82.0,H,14,Hungaroring,Alfa Romeo Racing
48,69,GIO,49,0,14,14,16,0,63,36.1,25.7,0.0,0.7,74.5,977.2,101.0,H,15,Hungaroring,Alfa Romeo Racing
49,69,GIO,50,0,14,14,16,0,63,37.6,25.8,0.0,0.7,74.1,976.9,96.0,H,16,Hungaroring,Alfa Romeo Racing
50,69,GIO,51,0,14,14,16,0,63,36.8,26.1,0.0,0.6,72.8,977.0,108.0,H,17,Hungaroring,Alfa Romeo Racing
51,69,GIO,52,0,14,14,16,0,63,38.0,26.1,0.0,0.6,73.5,976.9,103.0,H,18,Hungaroring,Alfa Romeo Racing
52,69,GIO,53,0,14,14,16,0,63,39.2,26.1,0.0,0.8,72.7,977.1,127.0,H,19,Hungaroring,Alfa Romeo Racing
53,69,GIO,54,0,14,14,16,0,63,39.2,26.2,0.0,0.5,72.6,977.0,100.0,H,20,Hungaroring,Alfa Romeo Racing
54,69,GIO,55,0,14,14,16,0,63,37.0,26.3,0.0,0.6,72.4,977.1,96.0,H,21,Hungaroring,Alfa Romeo Racing
55,69,GIO,56,0,14,14,16,0,63,37.8,26.1,0.0,0.6,74.0,977.1,137.0,H,22,Hungaroring,Alfa Romeo Racing
56,69,GIO,57,0,14,14,16,0,63,37.9,26.1,0.0,0.6,73.4,977.1,118.0,H,23,Hungaroring,Alfa Romeo Racing
57,69,GIO,58,0,14,14,16,0,63,38.2,26.2,0.0,0.6,72.2,977.0,103.0,H,24,Hungaroring,Alfa Romeo Racing
58,69,GIO,59,0,14,14,16,0,63,38.3,26.2,0.0,0.8,72.9,976.9,126.0,H,25,Hungaroring,Alfa Romeo Racing
59,69,GIO,60,0,14,14,16,0,63,38.3,26.2,0.0,0.6,72.8,976.7,92.0,H,26,Hungaroring,Alfa Romeo Racing
60,69,GIO,61,0,14,14,16,0,63,37.8,26.2,0.0,0.6,72.8,976.8,99.0,H,27,Hungaroring,Alfa Romeo Racing
61,69,GIO,62,0,14,14,16,0,63,37.6,26.2,0.0,0.6,72.2,976.9,116.0,H,28,Hungaroring,Alfa Romeo Racing
62,69,GIO,63,1,14,14,16,0,63,37.4,26.2,0.0,0.5,72.6,977.0,96.0,H,29,Hungaroring,Alfa Romeo Racing
63,69,GIO,64,0,14,14,16,0,63,37.4,26.3,0.0,0.6,72.4,976.9,97.0,H,30,Hungaroring,Alfa Romeo Racing
64,69,GIO,65,0,14,14,16,0,63,37.0,26.3,0.0,0.6,72.2,976.9,113.0,H,31,Hungaroring,Alfa Romeo Racing
65,69,GIO,66,0,14,14,16,0,63,36.8,26.2,0.0,0.6,71.7,977.0,117.0,H,32,Hungaroring,Alfa Romeo Racing
66,69,GIO,67,0,14,14,16,0,63,36.7,26.2,0.0,0.5,71.2,976.6,101.0,H,33,Hungaroring,Alfa Romeo Racing
67,69,GIO,68,0,14,14,16,0,63,36.4,26.2,0.0,0.6,71.6,976.5,105.0,H,34,Hungaroring,Alfa Romeo Racing
68,69,GIO,69,0,14,14,16,0,63,36.1,26.1,0.0,0.5,71.6,976.7,97.0,H,35,Hungaroring,Alfa Romeo Racing
0,69,SAI,1,2,4,4,4,0,62,31.7,26.6,1.0,0.3,72.6,978.5,88.0,I,0,Hungaroring,Ferrari
1,69,SAI,2,2,4,4,4,0,41,31.9,26.6,1.0,0.5,71.7,978.3,101.0,I,1,Hungaroring,Ferrari
2,69,SAI,3,2,4,3,4,0,42,32.0,26.6,1.0,0.4,72.4,978.3,86.0,I,0,Hungaroring,Ferrari
3,69,SAI,4,0,3,6,4,0,44,32.0,26.6,1.0,0.4,72.4,978.3,86.0,M,0,Hungaroring,Ferrari
4,69,SAI,5,0,6,5,4,0,49,32.8,26.6,1.0,0.4,75.4,978.3,87.0,M,1,Hungaroring,Ferrari
5,69,SAI,6,0,5,5,4,0,52,32.8,26.6,1.0,0.5,77.3,978.3,88.0,M,2,Hungaroring,Ferrari
6,69,SAI,7,0,5,5,4,0,54,33.3,26.7,1.0,0.5,74.9,978.3,79.0,M,3,Hungaroring,Ferrari
7,69,SAI,8,0,5,5,4,0,56,33.3,26.8,1.0,0.3,76.8,978.2,127.0,M,4,Hungaroring,Ferrari
8,69,SAI,9,0,5,5,4,0,57,32.9,26.8,1.0,0.4,73.9,978.3,145.0,M,5,Hungaroring,Ferrari
9,69,SAI,10,0,5,5,4,0,58,32.6,26.7,1.0,0.3,76.1,978.1,122.0,M,6,Hungaroring,Ferrari
10,69,SAI,11,0,5,5,4,0,59,32.6,26.6,1.0,0.3,75.9,978.1,138.0,M,7,Hungaroring,Ferrari
11,69,SAI,12,0,5,5,4,0,59,32.7,26.7,1.0,0.4,76.5,978.1,105.0,M,8,Hungaroring,Ferrari
12,69,SAI,13,0,5,5,4,0,60,32.6,26.8,1.0,0.4,76.9,977.7,116.0,M,9,Hungaroring,Ferrari
13,69,SAI,14,0,5,5,4,0,60,34.2,26.9,1.0,0.4,76.7,977.5,104.0,M,10,Hungaroring,Ferrari
14,69,SAI,15,0,5,5,4,0,60,34.2,27.0,1.0,0.3,77.8,977.5,105.0,M,11,Hungaroring,Ferrari
15,69,SAI,16,0,5,5,4,0,60,35.1,27.2,1.0,0.5,75.1,977.5,79.0,M,12,Hungaroring,Ferrari
16,69,SAI,17,0,5,5,4,0,61,35.9,27.5,1.0,0.5,75.6,977.5,78.0,M,13,Hungaroring,Ferrari
17,69,SAI,18,0,5,5,4,0,61,36.3,27.7,0.0,0.6,74.3,977.5,78.0,M,14,Hungaroring,Ferrari
18,69,SAI,19,0,5,5,4,0,61,37.6,28.0,0.0,0.9,70.1,977.0,91.0,M,15,Hungaroring,Ferrari
19,69,SAI,20,0,5,5,4,0,61,38.2,28.1,0.0,0.6,68.9,976.9,101.0,M,16,Hungaroring,Ferrari
20,69,SAI,21,0,5,5,4,0,61,38.6,28.1,0.0,0.8,69.5,977.0,104.0,M,17,Hungaroring,Ferrari
21,69,SAI,22,0,5,4,4,0,61,38.9,28.1,0.0,0.7,67.7,976.8,120.0,M,18,Hungaroring,Ferrari
22,69,SAI,23,0,4,3,4,0,61,39.1,28.1,0.0,0.6,67.2,976.9,135.0,M,19,Hungaroring,Ferrari
23,69,SAI,24,0,3,3,4,0,62,39.9,28.5,0.0,0.6,67.7,976.9,92.0,M,20,Hungaroring,Ferrari
24,69,SAI,25,0,3,3,4,0,62,41.1,28.6,0.0,0.7,66.7,976.9,75.0,M,21,Hungaroring,Ferrari
25,69,SAI,26,0,3,3,4,0,62,41.6,28.6,0.0,0.6,64.7,976.9,101.0,M,22,Hungaroring,Ferrari
26,69,SAI,27,0,3,3,4,0,63,41.6,28.8,0.0,0.7,65.2,976.8,101.0,M,23,Hungaroring,Ferrari
27,69,SAI,28,0,3,3,4,0,63,41.7,28.7,0.0,1.0,65.5,977.0,92.0,M,24,Hungaroring,Ferrari
28,69,SAI,29,0,3,3,4,0,63,42.1,28.7,0.0,0.9,66.7,976.9,121.0,M,25,Hungaroring,Ferrari
29,69,SAI,30,0,3,3,4,0,63,40.8,28.2,0.0,1.2,66.9,976.5,93.0,M,26,Hungaroring,Ferrari
30,69,SAI,31,0,3,3,4,0,63,40.6,27.6,0.0,1.2,69.8,976.6,98.0,M,27,Hungaroring,Ferrari
31,69,SAI,32,0,3,3,4,0,64,39.6,27.4,0.0,1.2,71.0,976.7,84.0,M,28,Hungaroring,Ferrari
32,69,SAI,33,0,3,4,4,0,64,38.9,27.3,0.0,1.1,73.2,976.8,86.0,H,0,Hungaroring,Ferrari
33,69,SAI,34,0,4,4,4,0,64,37.9,26.8,0.0,0.8,74.6,976.7,101.0,H,1,Hungaroring,Ferrari
34,69,SAI,35,0,4,4,4,0,64,37.1,26.7,0.0,0.8,74.5,976.8,106.0,H,2,Hungaroring,Ferrari
35,69,SAI,36,0,4,4,4,0,64,36.9,26.6,0.0,0.8,74.4,976.7,83.0,H,3,Hungaroring,Ferrari
36,69,SAI,37,0,4,4,4,0,64,36.7,26.5,0.0,0.9,74.6,976.6,111.0,H,4,Hungaroring,Ferrari
37,69,SAI,38,0,4,4,4,0,64,36.6,26.3,0.0,0.8,75.2,976.7,104.0,H,5,Hungaroring,Ferrari
38,69,SAI,39,0,4,4,4,0,64,36.6,26.3,0.0,1.0,75.7,976.6,107.0,H,6,Hungaroring,Ferrari
39,69,SAI,40,0,4,3,4,0,64,36.4,26.2,0.0,0.8,74.3,976.6,90.0,H,7,Hungaroring,Ferrari
40,69,SAI,41,0,3,3,4,0,64,36.2,26.1,0.0,1.0,73.9,976.7,97.0,H,8,Hungaroring,Ferrari
41,69,SAI,42,0,3,3,4,0,64,36.0,26.1,0.0,0.6,73.4,976.7,83.0,H,9,Hungaroring,Ferrari
42,69,SAI,43,0,3,3,4,0,65,36.0,26.0,0.0,0.5,74.2,976.9,102.0,H,10,Hungaroring,Ferrari
43,69,SAI,44,0,3,3,4,0,65,35.8,25.9,0.0,0.6,74.0,976.8,122.0,H,11,Hungaroring,Ferrari
44,69,SAI,45,0,3,3,4,0,65,35.9,25.8,0.0,0.5,74.4,976.5,108.0,H,12,Hungaroring,Ferrari
45,69,SAI,46,0,3,3,4,0,65,35.8,25.7,0.0,0.6,73.8,976.8,105.0,H,13,Hungaroring,Ferrari
46,69,SAI,47,0,3,3,4,0,65,35.6,25.7,0.0,0.4,75.1,977.0,84.0,H,14,Hungaroring,Ferrari
47,69,SAI,48,0,3,3,4,0,65,35.5,25.7,0.0,0.4,74.2,977.1,82.0,H,15,Hungaroring,Ferrari
48,69,SAI,49,0,3,3,4,0,65,35.8,25.7,0.0,0.6,75.1,977.1,144.0,H,16,Hungaroring,Ferrari
49,69,SAI,50,0,3,3,4,0,65,36.1,25.7,0.0,0.7,74.5,977.2,101.0,H,17,Hungaroring,Ferrari
50,69,SAI,51,0,3,3,4,0,65,37.0,25.9,0.0,0.5,74.1,976.9,104.0,H,18,Hungaroring,Ferrari
51,69,SAI,52,0,3,3,4,0,65,37.0,26.0,0.0,0.4,73.7,977.1,133.0,H,19,Hungaroring,Ferrari
52,69,SAI,53,0,3,3,4,0,65,39.2,26.1,0.0,0.8,72.7,977.1,127.0,H,20,Hungaroring,Ferrari
53,69,SAI,54,0,3,3,4,0,65,39.2,26.2,0.0,0.5,72.6,977.0,100.0,H,21,Hungaroring,Ferrari
54,69,SAI,55,0,3,3,4,0,65,37.8,26.3,0.0,0.6,71.9,977.1,111.0,H,22,Hungaroring,Ferrari
55,69,SAI,56,0,3,3,4,0,65,37.6,26.1,0.0,0.7,72.6,977.2,101.0,H,23,Hungaroring,Ferrari
56,69,SAI,57,0,3,3,4,0,65,37.8,26.1,0.0,0.6,74.0,977.1,137.0,H,24,Hungaroring,Ferrari
57,69,SAI,58,0,3,3,4,0,65,37.9,26.1,0.0,0.6,73.4,977.1,118.0,H,25,Hungaroring,Ferrari
58,69,SAI,59,0,3,3,4,0,65,38.6,26.1,0.0,0.6,72.0,977.1,118.0,H,26,Hungaroring,Ferrari
59,69,SAI,60,0,3,3,4,0,65,38.2,26.2,0.0,0.8,72.5,976.9,105.0,H,27,Hungaroring,Ferrari
60,69,SAI,61,0,3,3,4,0,65,38.3,26.2,0.0,0.6,72.6,976.8,101.0,H,28,Hungaroring,Ferrari
61,69,SAI,62,0,3,3,4,0,65,37.7,26.2,0.0,0.6,72.1,976.9,97.0,H,29,Hungaroring,Ferrari
62,69,SAI,63,1,3,3,4,0,65,37.6,26.2,0.0,0.6,72.2,976.9,116.0,H,30,Hungaroring,Ferrari
63,69,SAI,64,0,3,3,4,0,65,37.4,26.2,0.0,0.5,72.6,977.0,96.0,H,31,Hungaroring,Ferrari
64,69,SAI,65,0,3,3,4,0,65,37.3,26.3,0.0,0.5,71.7,976.8,102.0,H,32,Hungaroring,Ferrari
65,69,SAI,66,0,3,3,4,0,65,36.8,26.2,0.0,0.6,71.9,976.8,106.0,H,33,Hungaroring,Ferrari
66,69,SAI,67,0,3,4,4,0,65,36.8,26.2,0.0,0.4,71.5,976.6,101.0,H,34,Hungaroring,Ferrari
67,69,SAI,68,0,4,4,4,0,65,36.7,26.2,0.0,0.5,71.2,976.6,101.0,H,35,Hungaroring,Ferrari
68,69,SAI,69,0,4,4,4,0,65,36.1,26.1,0.0,0.5,71.6,976.7,97.0,H,36,Hungaroring,Ferrari
69,69,SAI,70,1,4,4,4,0,65,35.4,26.0,0.0,0.5,71.2,976.6,105.0,H,37,Hungaroring,Ferrari
0,69,TSU,1,2,5,5,5,0,82,31.3,26.6,1.0,0.2,71.3,978.6,85.0,I,0,Hungaroring,AlphaTauri
1,69,TSU,2,2,5,5,5,0,73,31.7,26.6,1.0,0.3,72.6,978.5,88.0,I,1,Hungaroring,AlphaTauri
2,69,TSU,3,2,5,4,5,0,73,31.9,26.6,1.0,0.5,71.7,978.3,101.0,I,0,Hungaroring,AlphaTauri
3,69,TSU,4,0,4,5,5,0,73,32.0,26.6,1.0,0.4,72.4,978.3,86.0,M,0,Hungaroring,AlphaTauri
4,69,TSU,5,0,5,4,5,0,75,32.8,26.6,1.0,0.5,75.1,978.3,91.0,M,1,Hungaroring,AlphaTauri
5,69,TSU,6,0,4,4,5,0,76,32.8,26.6,1.0,0.5,77.3,978.3,88.0,M,2,Hungaroring,AlphaTauri
6,69,TSU,7,0,4,4,5,0,77,33.3,26.7,1.0,0.6,73.8,978.2,115.0,M,3,Hungaroring,AlphaTauri
7,69,TSU,8,0,4,4,5,0,78,33.1,26.6,1.0,0.5,73.8,978.1,102.0,M,4,Hungaroring,AlphaTauri
8,69,TSU,9,0,4,4,5,0,79,33.3,26.7,1.0,0.3,75.6,978.3,137.0,M,5,Hungaroring,AlphaTauri
9,69,TSU,10,0,4,4,5,0,79,33.3,26.8,1.0,0.3,76.8,978.2,127.0,M,6,Hungaroring,AlphaTauri
10,69,TSU,11,0,4,4,5,0,80,32.6,26.6,1.0,0.3,75.9,978.1,138.0,M,7,Hungaroring,AlphaTauri
11,69,TSU,12,0,4,4,5,0,80,32.6,26.7,1.0,0.4,75.5,977.8,107.0,M,8,Hungaroring,AlphaTauri
12,69,TSU,13,0,4,4,5,0,80,34.2,26.9,1.0,0.4,76.7,977.5,104.0,M,9,Hungaroring,AlphaTauri
13,69,TSU,14,0,4,4,5,0,81,34.2,27.0,1.0,0.3,77.8,977.5,105.0,M,10,Hungaroring,AlphaTauri
14,69,TSU,15,0,4,4,5,0,81,35.7,27.4,1.0,0.6,75.3,977.5,117.0,M,11,Hungaroring,AlphaTauri
15,69,TSU,16,0,4,4,5,0,81,35.7,27.4,1.0,0.6,75.3,977.5,117.0,M,12,Hungaroring,AlphaTauri
16,69,TSU,17,0,4,4,5,0,81,36.3,27.7,0.0,0.6,74.3,977.5,78.0,M,13,Hungaroring,AlphaTauri
17,69,TSU,18,0,4,4,5,0,81,36.4,27.8,0.0,0.7,73.0,977.2,117.0,M,14,Hungaroring,AlphaTauri
18,69,TSU,19,0,4,4,5,0,81,37.0,27.8,0.0,0.5,73.3,977.1,108.0,M,15,Hungaroring,AlphaTauri
19,69,TSU,20,0,4,4,5,0,81,37.6,28.0,0.0,0.9,70.1,977.0,91.0,M,16,Hungaroring,AlphaTauri
20,69,TSU,21,0,4,4,5,0,80,37.9,28.1,0.0,0.6,69.1,977.0,90.0,M,17,Hungaroring,AlphaTauri
21,69,TSU,22,0,4,5,5,0,80,38.6,28.1,0.0,0.8,69.5,977.0,104.0,M,18,Hungaroring,AlphaTauri
22,69,TSU,23,0,5,7,5,0,80,41.6,28.6,0.0,0.6,64.7,976.9,101.0,H,0,Hungaroring,AlphaTauri
23,69,TSU,24,0,7,6,5,0,80,41.8,28.8,0.0,1.1,64.8,977.0,105.0,H,1,Hungaroring,AlphaTauri
24,69,TSU,25,0,6,6,5,0,80,41.7,28.7,0.0,1.0,65.8,976.9,115.0,H,2,Hungaroring,AlphaTauri
25,69,TSU,26,0,6,6,5,0,80,42.1,28.7,0.0,0.9,66.7,976.9,121.0,H,3,Hungaroring,AlphaTauri
26,69,TSU,27,0,6,6,5,0,80,41.6,28.5,0.0,0.8,67.6,976.6,106.0,H,4,Hungaroring,AlphaTauri
27,69,TSU,28,0,6,6,5,0,80,40.8,28.2,0.0,1.2,66.9,976.5,93.0,H,5,Hungaroring,AlphaTauri
28,69,TSU,29,0,6,6,5,0,80,40.3,28.1,0.0,0.8,68.9,976.7,96.0,H,6,Hungaroring,AlphaTauri
29,69,TSU,30,0,6,6,5,0,80,41.1,28.0,0.0,1.1,69.0,976.6,83.0,H,7,Hungaroring,AlphaTauri
30,69,TSU,31,0,6,5,5,0,80,40.6,27.6,0.0,1.2,69.8,976.6,98.0,H,8,Hungaroring,AlphaTauri
31,69,TSU,32,0,5,6,5,0,80,39.9,27.3,0.0,0.6,71.3,976.7,85.0,H,9,Hungaroring,AlphaTauri
32,69,TSU,33,0,6,6,5,0,80,39.7,27.3,0.0,1.0,72.1,976.8,91.0,H,10,Hungaroring,AlphaTauri
33,69,TSU,34,0,6,6,5,0,79,38.2,27.2,0.0,1.0,74.0,976.6,110.0,H,11,Hungaroring,AlphaTauri
34,69,TSU,35,0,6,6,5,0,79,37.9,26.8,0.0,0.8,74.6,976.7,101.0,H,12,Hungaroring,AlphaTauri
35,69,TSU,36,0,6,6,5,0,79,37.1,26.7,0.0,0.8,74.5,976.8,106.0,H,13,Hungaroring,AlphaTauri
36,69,TSU,37,0,6,6,5,0,79,36.6,26.3,0.0,0.8,75.2,976.7,104.0,H,14,Hungaroring,AlphaTauri
37,69,TSU,38,0,6,6,5,0,79,36.6,26.3,0.0,1.0,75.7,976.6,107.0,H,15,Hungaroring,AlphaTauri
38,69,TSU,39,0,6,6,5,0,79,36.0,26.1,0.0,0.6,73.4,976.7,83.0,H,16,Hungaroring,AlphaTauri
39,69,TSU,40,0,6,6,5,0,79,35.8,25.9,0.0,0.6,74.0,976.8,122.0,H,17,Hungaroring,AlphaTauri
40,69,TSU,41,0,6,6,5,0,79,35.9,25.8,0.0,0.5,74.4,976.5,108.0,H,18,Hungaroring,AlphaTauri
41,69,TSU,42,0,6,6,5,0,79,35.8,25.7,0.0,0.6,73.8,976.8,105.0,H,19,Hungaroring,AlphaTauri
42,69,TSU,43,0,6,6,5,0,79,35.8,25.7,0.0,0.8,74.4,976.9,89.0,H,20,Hungaroring,AlphaTauri
43,69,TSU,44,0,6,6,5,0,79,35.8,25.7,0.0,0.6,75.1,977.1,144.0,H,21,Hungaroring,AlphaTauri
44,69,TSU,45,0,6,6,5,0,79,36.1,25.7,0.0,0.7,74.5,977.2,101.0,H,22,Hungaroring,AlphaTauri
45,69,TSU,46,0,6,6,5,0,80,37.0,25.9,0.0,0.5,74.1,976.9,104.0,H,23,Hungaroring,AlphaTauri
46,69,TSU,47,0,6,6,5,0,80,36.8,26.1,0.0,0.6,72.8,977.0,108.0,H,24,Hungaroring,AlphaTauri
47,69,TSU,48,0,6,6,5,0,80,39.2,26.1,0.0,0.8,72.7,977.1,127.0,H,25,Hungaroring,AlphaTauri
48,69,TSU,49,0,6,7,5,0,79,37.8,26.3,0.0,0.6,71.9,977.1,111.0,H,26,Hungaroring,AlphaTauri
49,69,TSU,50,0,7,7,5,0,79,37.0,26.3,0.0,0.6,72.4,977.1,96.0,H,27,Hungaroring,AlphaTauri
50,69,TSU,51,0,7,7,5,0,79,37.6,26.1,0.0,0.7,72.6,977.2,101.0,H,28,Hungaroring,AlphaTauri
51,69,TSU,52,0,7,7,5,0,79,37.9,26.1,0.0,0.6,73.4,977.1,118.0,H,29,Hungaroring,AlphaTauri
52,69,TSU,53,0,7,7,5,0,79,38.6,26.1,0.0,0.6,72.0,977.1,118.0,H,30,Hungaroring,AlphaTauri
53,69,TSU,54,0,7,7,5,0,79,38.2,26.2,0.0,0.6,72.2,977.0,103.0,H,31,Hungaroring,AlphaTauri
54,69,TSU,55,0,7,7,5,0,79,38.2,26.1,0.0,0.7,72.5,977.0,100.0,H,32,Hungaroring,AlphaTauri
55,69,TSU,56,0,7,7,5,0,79,38.2,26.2,0.0,0.8,72.5,976.9,105.0,H,33,Hungaroring,AlphaTauri
56,69,TSU,57,0,7,7,5,0,79,38.3,26.2,0.0,0.8,72.9,976.9,126.0,H,34,Hungaroring,AlphaTauri
57,69,TSU,58,0,7,7,5,0,79,38.3,26.2,0.0,0.6,72.8,976.7,92.0,H,35,Hungaroring,AlphaTauri
58,69,TSU,59,0,7,7,5,0,79,37.8,26.2,0.0,0.6,72.8,976.8,99.0,H,36,Hungaroring,AlphaTauri
59,69,TSU,60,0,7,7,5,0,79,37.7,26.2,0.0,0.6,72.1,976.9,97.0,H,37,Hungaroring,AlphaTauri
60,69,TSU,61,0,7,7,5,0,79,37.4,26.2,0.0,0.5,72.6,977.0,96.0,H,38,Hungaroring,AlphaTauri
61,69,TSU,62,0,7,7,5,0,79,37.4,26.3,0.0,0.5,72.0,976.8,90.0,H,39,Hungaroring,AlphaTauri
62,69,TSU,63,1,7,7,5,0,79,37.4,26.3,0.0,0.6,72.4,976.9,97.0,H,40,Hungaroring,AlphaTauri
63,69,TSU,64,0,7,7,5,0,79,37.0,26.3,0.0,0.6,72.2,976.9,113.0,H,41,Hungaroring,AlphaTauri
64,69,TSU,65,0,7,7,5,0,79,36.8,26.2,0.0,0.6,71.9,976.8,106.0,H,42,Hungaroring,AlphaTauri
65,69,TSU,66,0,7,7,5,0,79,36.8,26.2,0.0,0.4,72.1,976.7,111.0,H,43,Hungaroring,AlphaTauri
66,69,TSU,67,0,7,7,5,0,79,36.7,26.2,0.0,0.5,71.2,976.6,101.0,H,44,Hungaroring,AlphaTauri
67,69,TSU,68,0,7,7,5,0,79,36.4,26.2,0.0,0.6,71.6,976.5,105.0,H,45,Hungaroring,AlphaTauri
68,69,TSU,69,0,7,7,5,0,79,36.1,26.0,0.0,0.5,71.1,976.6,116.0,H,46,Hungaroring,AlphaTauri
69,69,TSU,70,1,7,7,5,0,79,35.4,26.0,0.0,0.5,71.2,976.6,105.0,H,47,Hungaroring,AlphaTauri
0,69,RUS,1,2,8,8,8,0,51,31.3,26.6,1.0,0.2,71.3,978.6,85.0,I,0,Hungaroring,Williams
1,69,RUS,2,2,8,8,8,0,46,31.7,26.6,1.0,0.3,72.6,978.5,88.0,I,1,Hungaroring,Williams
2,69,RUS,3,2,8,7,8,0,46,32.0,26.6,1.0,0.4,72.4,978.3,86.0,I,0,Hungaroring,Williams
3,69,RUS,4,0,7,8,8,0,47,32.0,26.6,1.0,0.4,72.4,978.3,86.0,M,0,Hungaroring,Williams
4,69,RUS,5,0,8,7,8,0,50,32.8,26.6,1.0,0.5,75.1,978.3,91.0,M,1,Hungaroring,Williams
5,69,RUS,6,0,7,7,8,0,52,32.8,26.6,1.0,0.5,77.3,978.3,88.0,M,2,Hungaroring,Williams
6,69,RUS,7,0,7,7,8,0,54,33.3,26.7,1.0,0.5,74.9,978.3,79.0,M,3,Hungaroring,Williams
7,69,RUS,8,0,7,7,8,0,55,33.1,26.6,1.0,0.5,73.8,978.1,102.0,M,4,Hungaroring,Williams
8,69,RUS,9,0,7,7,8,0,56,33.3,26.8,1.0,0.3,76.8,978.2,127.0,M,5,Hungaroring,Williams
9,69,RUS,10,0,7,7,8,0,57,32.7,26.6,1.0,0.4,76.2,978.0,118.0,M,6,Hungaroring,Williams
10,69,RUS,11,0,7,7,8,0,57,32.6,26.7,1.0,0.4,75.5,977.8,107.0,M,7,Hungaroring,Williams
11,69,RUS,12,0,7,7,8,0,57,32.6,26.8,1.0,0.4,76.9,977.7,116.0,M,8,Hungaroring,Williams
12,69,RUS,13,0,7,7,8,0,58,34.2,27.0,1.0,0.3,77.8,977.5,105.0,M,9,Hungaroring,Williams
13,69,RUS,14,0,7,7,8,0,58,35.7,27.4,1.0,0.6,75.3,977.5,117.0,M,10,Hungaroring,Williams
14,69,RUS,15,0,7,7,8,0,59,35.9,27.5,1.0,0.5,75.6,977.5,78.0,M,11,Hungaroring,Williams
15,69,RUS,16,0,7,7,8,0,59,36.2,27.6,1.0,0.6,74.7,977.4,101.0,M,12,Hungaroring,Williams
16,69,RUS,17,0,7,7,8,0,59,36.3,27.7,0.0,0.6,74.3,977.5,78.0,M,13,Hungaroring,Williams
17,69,RUS,18,0,7,7,8,0,59,36.4,27.8,0.0,0.7,73.0,977.2,117.0,M,14,Hungaroring,Williams
18,69,RUS,19,0,7,7,8,0,60,37.0,27.8,0.0,0.5,73.3,977.1,108.0,M,15,Hungaroring,Williams
19,69,RUS,20,0,7,7,8,0,60,37.6,28.0,0.0,0.9,70.1,977.0,91.0,M,16,Hungaroring,Williams
20,69,RUS,21,0,7,7,8,0,60,37.9,28.1,0.0,0.6,69.1,977.0,90.0,M,17,Hungaroring,Williams
21,69,RUS,22,0,7,10,8,0,60,38.2,28.1,0.0,0.6,68.9,976.9,101.0,H,0,Hungaroring,Williams
22,69,RUS,23,0,10,10,8,0,60,38.6,28.1,0.0,0.8,69.5,977.0,104.0,H,1,Hungaroring,Williams
23,69,RUS,24,0,10,10,8,0,60,39.6,28.3,0.0,0.6,68.3,976.9,104.0,H,2,Hungaroring,Williams
24,69,RUS,25,0,10,10,8,0,60,41.6,28.6,0.0,0.6,64.7,976.9,101.0,H,3,Hungaroring,Williams
25,69,RUS,26,0,10,10,8,0,60,41.6,28.8,0.0,0.7,65.2,976.8,101.0,H,4,Hungaroring,Williams
26,69,RUS,27,0,10,10,8,0,61,41.7,28.7,0.0,1.0,65.8,976.9,115.0,H,5,Hungaroring,Williams
27,69,RUS,28,0,10,10,8,0,61,41.6,28.5,0.0,0.8,67.6,976.6,106.0,H,6,Hungaroring,Williams
28,69,RUS,29,0,10,10,8,0,61,40.8,28.2,0.0,1.0,69.0,976.6,92.0,H,7,Hungaroring,Williams
29,69,RUS,30,0,10,10,8,0,61,40.3,28.1,0.0,0.8,68.9,976.7,96.0,H,8,Hungaroring,Williams
30,69,RUS,31,0,10,10,8,0,61,40.6,27.6,0.0,1.2,69.8,976.6,98.0,H,9,Hungaroring,Williams
31,69,RUS,32,0,10,10,8,0,61,39.6,27.4,0.0,1.2,71.0,976.7,84.0,H,10,Hungaroring,Williams
32,69,RUS,33,0,10,9,8,0,61,39.6,27.4,0.0,1.1,71.8,976.7,101.0,H,11,Hungaroring,Williams
33,69,RUS,34,0,9,9,8,0,61,39.7,27.3,0.0,1.0,72.1,976.8,91.0,H,12,Hungaroring,Williams
34,69,RUS,35,0,9,9,8,0,61,38.9,27.3,0.0,1.1,73.2,976.8,86.0,H,13,Hungaroring,Williams
35,69,RUS,36,0,9,9,8,0,61,38.4,27.2,0.0,0.8,72.9,976.6,103.0,H,14,Hungaroring,Williams
36,69,RUS,37,0,9,9,8,0,61,38.2,27.2,0.0,1.0,74.0,976.6,110.0,H,15,Hungaroring,Williams
37,69,RUS,38,0,9,9,8,0,61,37.1,26.7,0.0,0.8,74.5,976.8,106.0,H,16,Hungaroring,Williams
38,69,RUS,39,0,9,9,8,0,61,36.6,26.3,0.0,0.8,75.2,976.7,104.0,H,17,Hungaroring,Williams
39,69,RUS,40,0,9,9,8,0,61,36.2,26.1,0.0,1.0,73.9,976.7,97.0,H,18,Hungaroring,Williams
40,69,RUS,41,0,9,9,8,0,61,35.8,25.9,0.0,0.6,74.0,976.8,122.0,H,19,Hungaroring,Williams
41,69,RUS,42,0,9,9,8,0,61,35.9,25.8,0.0,0.5,74.4,976.5,108.0,H,20,Hungaroring,Williams
42,69,RUS,43,0,9,9,8,0,61,35.8,25.7,0.0,0.7,74.9,976.7,109.0,H,21,Hungaroring,Williams
43,69,RUS,44,0,9,9,8,0,61,35.8,25.7,0.0,0.8,74.4,976.9,89.0,H,22,Hungaroring,Williams
44,69,RUS,45,0,9,9,8,0,61,35.8,25.7,0.0,0.6,75.1,977.1,144.0,H,23,Hungaroring,Williams
45,69,RUS,46,0,9,9,8,0,61,36.1,25.7,0.0,0.7,74.5,977.2,101.0,H,24,Hungaroring,Williams
46,69,RUS,47,0,9,9,8,0,61,38.4,25.7,0.0,0.7,74.0,977.0,96.0,H,25,Hungaroring,Williams
47,69,RUS,48,0,9,9,8,0,61,37.6,25.8,0.0,0.7,74.1,976.9,96.0,H,26,Hungaroring,Williams
48,69,RUS,49,0,9,9,8,0,61,38.6,26.1,0.0,0.5,73.9,977.0,117.0,H,27,Hungaroring,Williams
49,69,RUS,50,0,9,9,8,0,61,39.2,26.1,0.0,0.8,72.7,977.1,127.0,H,28,Hungaroring,Williams
50,69,RUS,51,0,9,9,8,0,61,37.8,26.3,0.0,0.6,71.9,977.1,111.0,H,29,Hungaroring,Williams
51,69,RUS,52,0,9,9,8,0,61,37.6,26.1,0.0,0.7,72.6,977.2,101.0,H,30,Hungaroring,Williams
52,69,RUS,53,0,9,9,8,0,61,37.8,26.1,0.0,0.6,74.0,977.1,137.0,H,31,Hungaroring,Williams
53,69,RUS,54,0,9,9,8,0,61,38.6,26.1,0.0,0.6,72.0,977.1,118.0,H,32,Hungaroring,Williams
54,69,RUS,55,0,9,9,8,0,61,38.2,26.2,0.0,0.6,72.2,977.0,103.0,H,33,Hungaroring,Williams
55,69,RUS,56,0,9,9,8,0,61,38.2,26.1,0.0,0.7,72.5,977.0,100.0,H,34,Hungaroring,Williams
56,69,RUS,57,0,9,9,8,0,61,38.3,26.2,0.0,0.8,72.9,976.9,126.0,H,35,Hungaroring,Williams
57,69,RUS,58,0,9,9,8,0,61,38.3,26.2,0.0,0.6,72.6,976.8,101.0,H,36,Hungaroring,Williams
58,69,RUS,59,0,9,9,8,0,61,37.7,26.2,0.0,0.6,72.1,976.9,97.0,H,37,Hungaroring,Williams
59,69,RUS,60,0,9,9,8,0,61,37.4,26.2,0.0,0.5,72.6,977.0,96.0,H,38,Hungaroring,Williams
60,69,RUS,61,0,9,9,8,0,61,37.4,26.2,0.0,0.5,72.3,976.9,101.0,H,39,Hungaroring,Williams
61,69,RUS,62,0,9,9,8,0,61,37.4,26.3,0.0,0.6,72.4,976.9,97.0,H,40,Hungaroring,Williams
62,69,RUS,63,1,9,9,8,0,61,37.0,26.3,0.0,0.6,72.2,976.9,113.0,H,41,Hungaroring,Williams
63,69,RUS,64,0,9,9,8,0,61,36.8,26.2,0.0,0.6,71.9,976.8,106.0,H,42,Hungaroring,Williams
64,69,RUS,65,0,9,9,8,0,61,36.8,26.2,0.0,0.4,72.1,976.7,111.0,H,43,Hungaroring,Williams
65,69,RUS,66,0,9,9,8,0,61,36.8,26.2,0.0,0.4,71.5,976.6,101.0,H,44,Hungaroring,Williams
66,69,RUS,67,0,9,9,8,0,61,36.7,26.2,0.0,0.5,71.2,976.6,101.0,H,45,Hungaroring,Williams
67,69,RUS,68,0,9,9,8,0,61,36.4,26.2,0.0,0.6,71.6,976.5,105.0,H,46,Hungaroring,Williams
68,69,RUS,69,0,9,9,8,0,61,36.1,26.1,0.0,0.5,71.6,976.7,97.0,H,47,Hungaroring,Williams
69,69,RUS,70,1,9,9,8,0,61,35.4,26.0,0.0,0.5,71.2,976.6,105.0,H,48,Hungaroring,Williams
0,69,LAT,1,2,6,6,6,0,65,31.3,26.6,1.0,0.2,71.3,978.6,85.0,I,0,Hungaroring,Williams
1,69,LAT,2,2,6,6,6,0,61,31.7,26.6,1.0,0.3,72.6,978.5,88.0,I,1,Hungaroring,Williams
2,69,LAT,3,2,6,5,6,0,62,31.9,26.6,1.0,0.5,71.7,978.3,101.0,I,0,Hungaroring,Williams
3,69,LAT,4,0,5,4,6,0,64,32.0,26.6,1.0,0.4,72.4,978.3,86.0,M,0,Hungaroring,Williams
4,69,LAT,5,0,4,3,6,0,66,32.0,26.6,1.0,0.4,72.4,978.3,86.0,M,1,Hungaroring,Williams
5,69,LAT,6,0,3,3,6,0,67,32.8,26.6,1.0,0.4,75.4,978.3,87.0,M,2,Hungaroring,Williams
6,69,LAT,7,0,3,3,6,0,68,32.8,26.6,1.0,0.5,77.3,978.3,88.0,M,3,Hungaroring,Williams
7,69,LAT,8,0,3,3,6,0,69,33.3,26.7,1.0,0.5,74.9,978.3,79.0,M,4,Hungaroring,Williams
8,69,LAT,9,0,3,3,6,0,69,33.1,26.6,1.0,0.5,73.8,978.1,102.0,M,5,Hungaroring,Williams
9,69,LAT,10,0,3,3,6,0,70,33.2,26.7,1.0,0.2,77.7,978.3,122.0,M,6,Hungaroring,Williams
10,69,LAT,11,0,3,3,6,0,70,33.3,26.8,1.0,0.3,76.8,978.2,127.0,M,7,Hungaroring,Williams
11,69,LAT,12,0,3,3,6,0,70,32.9,26.8,1.0,0.4,73.9,978.3,145.0,M,8,Hungaroring,Williams
12,69,LAT,13,0,3,3,6,0,71,32.6,26.6,1.0,0.3,75.9,978.1,138.0,M,9,Hungaroring,Williams
13,69,LAT,14,0,3,3,6,0,71,32.6,26.7,1.0,0.4,75.5,977.8,107.0,M,10,Hungaroring,Williams
14,69,LAT,15,0,3,3,6,0,71,32.6,26.8,1.0,0.4,76.9,977.7,116.0,M,11,Hungaroring,Williams
15,69,LAT,16,0,3,3,6,0,71,35.7,27.4,1.0,0.6,75.3,977.5,117.0,M,12,Hungaroring,Williams
16,69,LAT,17,0,3,3,6,0,71,35.7,27.4,1.0,0.6,75.3,977.5,117.0,M,13,Hungaroring,Williams
17,69,LAT,18,0,3,3,6,0,71,35.9,27.5,1.0,0.5,75.6,977.5,78.0,M,14,Hungaroring,Williams
18,69,LAT,19,0,3,3,6,0,71,36.4,27.7,0.0,0.6,72.3,977.4,81.0,M,15,Hungaroring,Williams
19,69,LAT,20,0,3,3,6,0,71,36.4,27.8,0.0,0.7,73.0,977.2,117.0,M,16,Hungaroring,Williams
20,69,LAT,21,0,3,3,6,0,71,37.0,27.8,0.0,0.5,73.3,977.1,108.0,M,17,Hungaroring,Williams
21,69,LAT,22,0,3,3,6,0,72,37.6,28.0,0.0,0.9,70.1,977.0,91.0,M,18,Hungaroring,Williams
22,69,LAT,23,0,3,4,6,0,72,37.9,28.1,0.0,0.6,69.1,977.0,90.0,M,19,Hungaroring,Williams
23,69,LAT,24,0,4,7,6,0,72,38.6,28.1,0.0,0.8,69.5,977.0,104.0,H,0,Hungaroring,Williams
24,69,LAT,25,0,7,7,6,0,72,38.9,28.1,0.0,0.7,67.7,976.8,120.0,H,1,Hungaroring,Williams
25,69,LAT,26,0,7,7,6,0,72,39.1,28.3,0.0,0.5,68.4,977.0,102.0,H,2,Hungaroring,Williams
26,69,LAT,27,0,7,8,6,0,72,39.6,28.3,0.0,0.6,68.3,976.9,104.0,H,3,Hungaroring,Williams
27,69,LAT,28,0,8,8,6,0,72,39.9,28.4,0.0,0.6,67.7,976.9,92.0,H,4,Hungaroring,Williams
28,69,LAT,29,0,8,8,6,0,72,41.1,28.6,0.0,0.7,66.7,976.9,75.0,H,5,Hungaroring,Williams
29,69,LAT,30,0,8,8,6,0,72,41.6,28.6,0.0,0.6,64.7,976.9,101.0,H,6,Hungaroring,Williams
30,69,LAT,31,0,8,7,6,0,72,41.7,28.7,0.0,1.0,65.5,977.0,92.0,H,7,Hungaroring,Williams
31,69,LAT,32,0,7,7,6,0,72,41.7,28.7,0.0,1.0,65.8,976.9,115.0,H,8,Hungaroring,Williams
32,69,LAT,33,0,7,7,6,0,72,42.1,28.7,0.0,0.9,66.7,976.9,121.0,H,9,Hungaroring,Williams
33,69,LAT,34,0,7,7,6,0,72,40.8,28.2,0.0,1.2,66.9,976.5,93.0,H,10,Hungaroring,Williams
34,69,LAT,35,0,7,7,6,0,72,40.8,28.2,0.0,1.0,69.0,976.6,92.0,H,11,Hungaroring,Williams
35,69,LAT,36,0,7,7,6,0,72,40.3,28.1,0.0,0.8,68.9,976.7,96.0,H,12,Hungaroring,Williams
36,69,LAT,37,0,7,7,6,0,72,41.1,28.0,0.0,1.1,69.0,976.6,83.0,H,13,Hungaroring,Williams
37,69,LAT,38,0,7,7,6,0,72,40.6,27.6,0.0,1.2,69.8,976.6,98.0,H,14,Hungaroring,Williams
38,69,LAT,39,0,7,7,6,0,72,40.1,27.6,0.0,0.9,70.8,976.6,102.0,H,15,Hungaroring,Williams
39,69,LAT,40,0,7,8,6,0,72,39.9,27.3,0.0,0.6,71.3,976.7,85.0,H,16,Hungaroring,Williams
40,69,LAT,41,0,8,8,6,0,72,39.7,27.3,0.0,1.0,72.1,976.8,91.0,H,17,Hungaroring,Williams
41,69,LAT,42,0,8,8,6,0,72,38.9,27.3,0.0,1.1,73.2,976.8,86.0,H,18,Hungaroring,Williams
42,69,LAT,43,0,8,8,6,0,72,38.4,27.2,0.0,0.8,72.9,976.6,103.0,H,19,Hungaroring,Williams
43,69,LAT,44,0,8,8,6,0,72,38.2,27.2,0.0,1.0,74.0,976.6,110.0,H,20,Hungaroring,Williams
44,69,LAT,45,0,8,8,6,0,72,36.9,26.6,0.0,0.8,74.4,976.7,83.0,H,21,Hungaroring,Williams
45,69,LAT,46,0,8,8,6,0,72,36.6,26.3,0.0,0.8,75.2,976.7,104.0,H,22,Hungaroring,Williams
46,69,LAT,47,0,8,8,6,0,72,36.0,26.1,0.0,0.6,73.4,976.7,83.0,H,23,Hungaroring,Williams
47,69,LAT,48,0,8,8,6,0,72,36.0,26.0,0.0,0.5,74.2,976.9,102.0,H,24,Hungaroring,Williams
48,69,LAT,49,0,8,8,6,0,72,35.8,25.9,0.0,0.6,74.6,976.8,84.0,H,25,Hungaroring,Williams
49,69,LAT,50,0,8,8,6,0,72,35.9,25.8,0.0,0.5,74.4,976.5,108.0,H,26,Hungaroring,Williams
50,69,LAT,51,0,8,8,6,0,72,35.8,25.7,0.0,0.6,73.8,976.8,105.0,H,27,Hungaroring,Williams
51,69,LAT,52,0,8,8,6,0,72,35.8,25.7,0.0,0.8,74.4,976.9,89.0,H,28,Hungaroring,Williams
52,69,LAT,53,0,8,8,6,0,71,35.8,25.7,0.0,0.6,75.1,977.1,144.0,H,29,Hungaroring,Williams
53,69,LAT,54,0,8,8,6,0,71,37.6,25.8,0.0,0.7,74.1,976.9,96.0,H,30,Hungaroring,Williams
54,69,LAT,55,0,8,8,6,0,71,37.0,26.0,0.0,0.4,73.7,977.1,133.0,H,31,Hungaroring,Williams
55,69,LAT,56,0,8,8,6,0,71,39.2,26.1,0.0,0.8,72.7,977.1,127.0,H,32,Hungaroring,Williams
56,69,LAT,57,0,8,8,6,0,71,37.8,26.3,0.0,0.6,71.9,977.1,111.0,H,33,Hungaroring,Williams
57,69,LAT,58,0,8,8,6,0,71,37.0,26.3,0.0,0.6,72.4,977.1,96.0,H,34,Hungaroring,Williams
58,69,LAT,59,0,8,8,6,0,71,37.6,26.1,0.0,0.7,72.6,977.2,101.0,H,35,Hungaroring,Williams
59,69,LAT,60,0,8,8,6,0,71,38.6,26.2,0.0,0.7,72.2,977.0,108.0,H,36,Hungaroring,Williams
60,69,LAT,61,0,8,8,6,0,71,38.2,26.1,0.0,0.7,72.5,977.0,100.0,H,37,Hungaroring,Williams
61,69,LAT,62,0,8,8,6,0,71,37.6,26.2,0.0,0.6,72.2,976.9,116.0,H,38,Hungaroring,Williams
62,69,LAT,63,1,8,8,6,0,71,37.4,26.2,0.0,0.5,72.6,977.0,96.0,H,39,Hungaroring,Williams
63,69,LAT,64,0,8,8,6,0,71,37.4,26.2,0.0,0.5,72.3,976.9,101.0,H,40,Hungaroring,Williams
64,69,LAT,65,0,8,8,6,0,71,37.4,26.3,0.0,0.6,72.4,976.9,97.0,H,41,Hungaroring,Williams
65,69,LAT,66,0,8,8,6,0,71,36.8,26.2,0.0,0.6,71.7,977.0,117.0,H,42,Hungaroring,Williams
66,69,LAT,67,0,8,8,6,0,71,36.8,26.2,0.0,0.4,71.5,976.6,101.0,H,43,Hungaroring,Williams
67,69,LAT,68,0,8,8,6,0,71,36.4,26.2,0.0,0.6,71.6,976.5,105.0,H,44,Hungaroring,Williams
68,69,LAT,69,0,8,8,6,0,71,36.1,26.1,0.0,0.5,71.6,976.7,97.0,H,45,Hungaroring,Williams
69,69,LAT,70,1,8,8,6,0,71,35.4,26.0,0.0,0.5,71.2,976.6,105.0,H,46,Hungaroring,Williams
0,69,MAZ,1,2,13,13,13,0,34,42.1,28.6,0.0,0.8,66.7,976.7,101.0,I,0,Hungaroring,Haas F1 Team
1,69,MAZ,2,2,13,14,13,0,19,40.3,28.1,0.0,0.8,68.9,976.7,96.0,I,0,Hungaroring,Haas F1 Team
2,69,MAZ,3,2,14,14,13,1,21,35.8,25.7,0.0,0.6,73.8,976.8,105.0,I,0,Hungaroring,Haas F1 Team
0,69,MSC,1,2,11,11,11,0,36,31.5,26.7,1.0,0.1,72.5,978.6,106.0,I,0,Hungaroring,Haas F1 Team
1,69,MSC,2,2,11,10,11,0,23,31.3,26.6,1.0,0.2,71.3,978.6,85.0,I,1,Hungaroring,Haas F1 Team
2,69,MSC,3,2,10,9,11,0,25,31.9,26.6,1.0,0.5,71.7,978.3,101.0,I,0,Hungaroring,Haas F1 Team
3,69,MSC,4,0,9,11,11,0,29,32.0,26.6,1.0,0.4,72.4,978.3,86.0,M,0,Hungaroring,Haas F1 Team
4,69,MSC,5,0,11,10,11,0,35,32.8,26.6,1.0,0.4,75.4,978.3,87.0,M,1,Hungaroring,Haas F1 Team
5,69,MSC,6,0,10,10,11,0,40,33.3,26.7,1.0,0.5,74.9,978.3,79.0,M,2,Hungaroring,Haas F1 Team
6,69,MSC,7,0,10,10,11,0,44,33.3,26.7,1.0,0.6,73.8,978.2,115.0,M,3,Hungaroring,Haas F1 Team
7,69,MSC,8,0,10,10,11,0,47,33.1,26.6,1.0,0.5,73.8,978.1,102.0,M,4,Hungaroring,Haas F1 Team
8,69,MSC,9,0,10,10,11,0,49,33.2,26.7,1.0,0.2,77.7,978.3,122.0,M,5,Hungaroring,Haas F1 Team
9,69,MSC,10,0,10,10,11,0,50,33.3,26.8,1.0,0.3,76.8,978.2,127.0,M,6,Hungaroring,Haas F1 Team
10,69,MSC,11,0,10,10,11,0,52,32.9,26.8,1.0,0.4,73.9,978.3,145.0,M,7,Hungaroring,Haas F1 Team
11,69,MSC,12,0,10,10,11,0,53,32.6,26.7,1.0,0.3,76.1,978.1,122.0,M,8,Hungaroring,Haas F1 Team
12,69,MSC,13,0,10,10,11,0,54,32.6,26.6,1.0,0.3,75.9,978.1,138.0,M,9,Hungaroring,Haas F1 Team
13,69,MSC,14,0,10,11,11,0,54,32.7,26.7,1.0,0.4,76.5,978.1,105.0,M,10,Hungaroring,Haas F1 Team
14,69,MSC,15,0,11,12,11,0,55,33.7,26.8,1.0,0.3,74.1,977.6,103.0,M,11,Hungaroring,Haas F1 Team
15,69,MSC,16,0,12,12,11,0,55,34.2,27.0,1.0,0.3,77.8,977.5,105.0,M,12,Hungaroring,Haas F1 Team
16,69,MSC,17,0,12,12,11,0,56,35.1,27.2,1.0,0.5,75.1,977.5,79.0,M,13,Hungaroring,Haas F1 Team
17,69,MSC,18,0,12,12,11,0,56,36.3,27.7,0.0,0.6,74.3,977.5,78.0,M,14,Hungaroring,Haas F1 Team
18,69,MSC,19,0,12,12,11,0,56,38.2,28.1,0.0,0.6,68.9,976.9,101.0,M,15,Hungaroring,Haas F1 Team
19,69,MSC,20,0,12,11,11,0,57,38.6,28.1,0.0,0.8,69.5,977.0,104.0,M,16,Hungaroring,Haas F1 Team
20,69,MSC,21,0,11,9,11,0,57,38.9,28.1,0.0,0.7,67.7,976.8,120.0,M,17,Hungaroring,Haas F1 Team
21,69,MSC,22,0,9,8,11,0,57,39.1,28.1,0.0,0.6,67.2,976.9,135.0,M,18,Hungaroring,Haas F1 Team
22,69,MSC,23,0,8,8,11,0,57,39.1,28.3,0.0,0.5,68.4,977.0,102.0,M,19,Hungaroring,Haas F1 Team
23,69,MSC,24,0,8,9,11,0,58,41.1,28.6,0.0,0.7,66.7,976.9,75.0,M,20,Hungaroring,Haas F1 Team
24,69,MSC,25,0,9,9,11,0,58,41.6,28.6,0.0,0.6,64.7,976.9,101.0,M,21,Hungaroring,Haas F1 Team
25,69,MSC,26,0,9,9,11,0,58,41.6,28.8,0.0,0.7,65.2,976.8,101.0,M,22,Hungaroring,Haas F1 Team
26,69,MSC,27,0,9,9,11,0,58,41.7,28.7,0.0,1.0,65.5,977.0,92.0,M,23,Hungaroring,Haas F1 Team
27,69,MSC,28,0,9,9,11,0,58,41.7,28.7,0.0,1.0,65.8,976.9,115.0,M,24,Hungaroring,Haas F1 Team
28,69,MSC,29,0,9,9,11,0,58,42.1,28.7,0.0,0.9,66.7,976.9,121.0,M,25,Hungaroring,Haas F1 Team
29,69,MSC,30,0,9,9,11,0,58,42.1,28.6,0.0,0.8,66.7,976.7,101.0,M,26,Hungaroring,Haas F1 Team
30,69,MSC,31,0,9,9,11,0,58,41.6,28.5,0.0,0.8,67.6,976.6,106.0,M,27,Hungaroring,Haas F1 Team
31,69,MSC,32,0,9,9,11,0,58,41.1,28.0,0.0,1.1,69.0,976.6,83.0,M,28,Hungaroring,Haas F1 Team
32,69,MSC,33,0,9,10,11,0,58,40.1,27.6,0.0,0.9,70.8,976.6,102.0,M,29,Hungaroring,Haas F1 Team
33,69,MSC,34,0,10,13,11,0,58,39.6,27.4,0.0,1.2,71.0,976.7,84.0,M,30,Hungaroring,Haas F1 Team
34,69,MSC,35,0,13,13,11,0,58,39.9,27.3,0.0,0.6,71.3,976.7,85.0,H,0,Hungaroring,Haas F1 Team
35,69,MSC,36,0,13,13,11,0,58,39.7,27.3,0.0,1.0,72.1,976.8,91.0,H,1,Hungaroring,Haas F1 Team
36,69,MSC,37,0,13,13,11,0,58,38.2,27.2,0.0,1.0,74.0,976.6,110.0,H,2,Hungaroring,Haas F1 Team
37,69,MSC,38,0,13,13,11,0,58,37.9,26.8,0.0,0.8,74.6,976.7,101.0,H,3,Hungaroring,Haas F1 Team
38,69,MSC,39,0,13,13,11,0,58,37.1,26.7,0.0,0.8,74.5,976.8,106.0,H,4,Hungaroring,Haas F1 Team
39,69,MSC,40,0,13,13,11,0,59,36.6,26.3,0.0,1.0,75.7,976.6,107.0,H,5,Hungaroring,Haas F1 Team
40,69,MSC,41,0,13,13,11,0,59,36.0,26.1,0.0,0.6,73.4,976.7,83.0,H,6,Hungaroring,Haas F1 Team
41,69,MSC,42,0,13,13,11,0,59,36.0,26.0,0.0,0.5,74.2,976.9,102.0,H,7,Hungaroring,Haas F1 Team
42,69,MSC,43,0,13,13,11,0,59,35.8,25.9,0.0,0.6,74.0,976.8,122.0,H,8,Hungaroring,Haas F1 Team
43,69,MSC,44,0,13,13,11,0,59,35.8,25.9,0.0,0.6,74.6,976.8,84.0,H,9,Hungaroring,Haas F1 Team
44,69,MSC,45,0,13,13,11,0,59,35.9,25.8,0.0,0.5,74.4,976.5,108.0,H,10,Hungaroring,Haas F1 Team
45,69,MSC,46,0,13,13,11,0,59,35.8,25.7,0.0,0.8,74.4,976.9,89.0,H,11,Hungaroring,Haas F1 Team
46,69,MSC,47,0,13,13,11,0,59,35.5,25.7,0.0,0.4,74.2,977.1,82.0,H,12,Hungaroring,Haas F1 Team
47,69,MSC,48,0,13,13,11,0,59,35.8,25.7,0.0,0.6,75.1,977.1,144.0,H,13,Hungaroring,Haas F1 Team
48,69,MSC,49,0,13,13,11,0,59,38.4,25.7,0.0,0.7,74.0,977.0,96.0,H,14,Hungaroring,Haas F1 Team
49,69,MSC,50,0,13,13,11,0,59,37.6,25.8,0.0,0.7,74.1,976.9,96.0,H,15,Hungaroring,Haas F1 Team
50,69,MSC,51,0,13,13,11,0,59,37.0,25.9,0.0,0.5,74.1,976.9,104.0,H,16,Hungaroring,Haas F1 Team
51,69,MSC,52,0,13,13,11,0,59,37.0,26.0,0.0,0.4,73.7,977.1,133.0,H,17,Hungaroring,Haas F1 Team
52,69,MSC,53,0,13,13,11,0,59,38.0,26.1,0.0,0.6,73.5,976.9,103.0,H,18,Hungaroring,Haas F1 Team
53,69,MSC,54,0,13,13,11,0,59,39.2,26.1,0.0,0.8,72.7,977.1,127.0,H,19,Hungaroring,Haas F1 Team
54,69,MSC,55,0,13,13,11,0,59,39.2,26.2,0.0,0.5,72.6,977.0,100.0,H,20,Hungaroring,Haas F1 Team
55,69,MSC,56,0,13,13,11,0,59,38.6,26.1,0.0,0.6,72.0,977.1,118.0,H,21,Hungaroring,Haas F1 Team
56,69,MSC,57,0,13,13,11,0,59,38.2,26.2,0.0,0.6,72.2,977.0,103.0,H,22,Hungaroring,Haas F1 Team
57,69,MSC,58,0,13,13,11,0,59,38.3,26.2,0.0,0.6,72.8,976.7,92.0,H,23,Hungaroring,Haas F1 Team
58,69,MSC,59,0,13,13,11,0,59,38.3,26.2,0.0,0.6,72.6,976.8,101.0,H,24,Hungaroring,Haas F1 Team
59,69,MSC,60,0,13,13,11,0,59,37.8,26.2,0.0,0.6,72.8,976.8,99.0,H,25,Hungaroring,Haas F1 Team
60,69,MSC,61,0,13,13,11,0,59,37.7,26.2,0.0,0.6,72.1,976.9,97.0,H,26,Hungaroring,Haas F1 Team
61,69,MSC,62,0,13,13,11,0,59,37.6,26.2,0.0,0.6,72.2,976.9,116.0,H,27,Hungaroring,Haas F1 Team
62,69,MSC,63,1,13,13,11,0,59,37.4,26.3,0.0,0.5,72.0,976.8,90.0,H,28,Hungaroring,Haas F1 Team
63,69,MSC,64,0,13,13,11,0,59,37.3,26.3,0.0,0.5,71.7,976.8,102.0,H,29,Hungaroring,Haas F1 Team
64,69,MSC,65,0,13,13,11,0,59,37.0,26.3,0.0,0.6,72.2,976.9,113.0,H,30,Hungaroring,Haas F1 Team
65,69,MSC,66,0,13,13,11,0,59,36.8,26.2,0.0,0.6,71.7,977.0,117.0,H,31,Hungaroring,Haas F1 Team
66,69,MSC,67,0,13,13,11,0,59,36.8,26.2,0.0,0.4,71.5,976.6,101.0,H,32,Hungaroring,Haas F1 Team
67,69,MSC,68,0,13,13,11,0,59,36.4,26.2,0.0,0.6,71.6,976.5,105.0,H,33,Hungaroring,Haas F1 Team
68,69,MSC,69,0,13,13,11,0,59,36.1,26.1,0.0,0.5,71.6,976.7,97.0,H,34,Hungaroring,Haas F1 Team
