,driver,lap,trackStatus,position,grid,out,performance,trackTemp,airTemp,raining,windSpeed,humidity,pressure,windDir,tyre,tyreLap,track,team
0,HAM,1,0,2,2,0,71,17.7,9.5,1.0,0.4,77.1,1011.5,0.0,I,0.0,Imola,Mercedes
1,HAM,2,0,2,2,0,61,17.3,9.6,1.0,0.2,75.4,1011.5,203.0,I,1.0,Imola,Mercedes
2,HAM,3,0,2,2,0,50,16.7,9.6,1.0,0.5,75.6,1011.6,206.0,I,2.0,Imola,Mercedes
3,HAM,4,0,2,2,0,48,16.5,9.6,1.0,0.3,76.8,1011.5,91.0,I,3.0,Imola,Mercedes
4,HAM,5,0,2,2,0,46,16.5,9.8,1.0,0.2,76.5,1011.5,218.0,I,4.0,Imola,Mercedes
5,HAM,6,0,2,2,0,45,16.4,9.7,1.0,0.2,74.8,1011.5,238.0,I,5.0,Imola,Mercedes
6,HAM,7,0,2,2,0,44,16.4,9.7,1.0,0.2,74.0,1011.5,268.0,I,6.0,Imola,Mercedes
7,HAM,8,0,2,2,0,45,16.3,9.7,1.0,0.2,74.7,1011.5,95.0,I,7.0,Imola,Mercedes
8,HAM,9,0,2,2,0,46,16.2,9.8,1.0,0.3,74.3,1011.5,77.0,I,8.0,Imola,Mercedes
9,HAM,10,0,2,2,0,47,16.2,9.9,1.0,0.1,72.5,1011.4,0.0,I,9.0,Imola,Mercedes
10,HAM,11,0,2,2,0,48,16.2,9.9,1.0,0.6,72.5,1011.5,85.0,I,10.0,Imola,Mercedes
11,HAM,12,0,2,2,0,49,16.2,10.0,1.0,0.3,72.2,1011.4,83.0,I,11.0,Imola,Mercedes
12,HAM,13,0,2,2,0,50,15.2,10.1,1.0,0.8,69.9,1011.4,99.0,I,12.0,Imola,Mercedes
13,HAM,14,0,2,2,0,51,15.0,10.2,1.0,0.6,68.8,1011.3,87.0,I,13.0,Imola,Mercedes
14,HAM,15,0,2,2,0,51,14.6,10.2,1.0,0.9,69.2,1011.4,89.0,I,14.0,Imola,Mercedes
15,HAM,16,0,2,2,0,52,14.0,10.4,0.0,0.8,69.1,1011.3,75.0,I,15.0,Imola,Mercedes
16,HAM,17,0,2,2,0,52,14.0,10.4,0.0,0.6,67.7,1011.1,88.0,I,16.0,Imola,Mercedes
17,HAM,18,0,2,2,0,52,13.8,10.4,0.0,0.9,68.9,1011.4,89.0,I,17.0,Imola,Mercedes
18,HAM,19,0,2,2,0,53,13.9,10.5,0.0,0.6,67.7,1011.6,70.0,I,18.0,Imola,Mercedes
19,HAM,20,0,2,2,0,53,13.9,10.5,0.0,0.9,68.6,1011.3,78.0,I,19.0,Imola,Mercedes
20,HAM,21,0,2,2,0,53,14.2,10.7,0.0,0.7,68.9,1011.3,85.0,I,20.0,Imola,Mercedes
21,HAM,22,0,2,2,0,53,14.4,10.7,0.0,0.8,68.7,1011.4,99.0,I,21.0,Imola,Mercedes
22,HAM,23,0,2,2,0,53,14.7,10.9,0.0,1.0,68.6,1011.3,92.0,I,22.0,Imola,Mercedes
23,HAM,24,0,2,2,0,53,14.9,10.9,0.0,1.0,67.7,1011.2,112.0,I,23.0,Imola,Mercedes
24,HAM,25,0,2,2,0,54,15.4,11.1,0.0,1.1,65.9,1011.2,88.0,I,24.0,Imola,Mercedes
25,HAM,26,0,2,2,0,54,15.5,11.1,0.0,0.8,65.0,1011.3,84.0,I,25.0,Imola,Mercedes
26,HAM,27,0,1,2,0,54,15.5,11.1,0.0,0.7,66.0,1011.3,105.0,I,26.0,Imola,Mercedes
27,HAM,28,0,1,2,0,55,15.4,11.0,0.0,0.7,66.1,1011.2,100.0,I,27.0,Imola,Mercedes
28,HAM,29,0,2,2,0,55,15.6,11.1,0.0,1.0,66.0,1011.3,91.0,M,4.0,Imola,Mercedes
29,HAM,30,0,2,2,0,55,15.7,11.1,0.0,0.9,65.9,1011.2,97.0,M,5.0,Imola,Mercedes
30,HAM,31,0,7,2,0,54,15.8,11.2,0.0,0.8,66.0,1011.2,117.0,M,6.0,Imola,Mercedes
31,HAM,32,0,9,2,0,54,15.9,11.1,0.0,0.5,66.5,1011.0,155.0,M,0.0,Imola,Mercedes
32,HAM,33,0,9,2,0,53,15.9,11.0,0.0,0.2,66.8,1011.2,230.0,M,0.0,Imola,Mercedes
33,HAM,34,0,8,2,0,53,16.1,11.1,0.0,0.2,69.6,1011.2,234.0,M,1.0,Imola,Mercedes
34,HAM,35,0,8,2,0,53,16.4,11.0,0.0,0.1,69.6,1011.2,208.0,M,2.0,Imola,Mercedes
35,HAM,36,0,8,2,0,53,16.8,11.0,0.0,0.3,69.7,1011.2,228.0,M,3.0,Imola,Mercedes
36,HAM,37,0,8,2,0,53,16.8,10.9,0.0,0.1,69.9,1011.2,255.0,M,4.0,Imola,Mercedes
37,HAM,38,0,7,2,0,53,17.2,10.9,0.0,0.2,71.1,1011.2,351.0,M,5.0,Imola,Mercedes
38,HAM,39,0,6,2,0,53,17.5,11.1,0.0,0.2,70.7,1011.2,283.0,M,6.0,Imola,Mercedes
39,HAM,40,0,6,2,0,53,17.7,11.1,0.0,0.1,70.5,1011.1,282.0,M,7.0,Imola,Mercedes
40,HAM,41,0,6,2,0,53,17.8,11.1,0.0,0.5,68.9,1011.1,251.0,M,8.0,Imola,Mercedes
41,HAM,42,0,5,2,0,54,17.8,11.0,0.0,0.4,69.8,1011.1,271.0,M,9.0,Imola,Mercedes
42,HAM,43,0,5,2,0,54,17.8,11.0,0.0,0.4,71.0,1011.0,266.0,M,10.0,Imola,Mercedes
43,HAM,44,0,5,2,0,54,17.9,11.0,0.0,0.3,71.9,1011.0,263.0,M,11.0,Imola,Mercedes
44,HAM,45,0,5,2,0,54,18.0,11.1,0.0,0.3,71.8,1011.0,295.0,M,12.0,Imola,Mercedes
45,HAM,46,0,5,2,0,54,18.2,11.3,0.0,0.3,69.2,1011.1,268.0,M,13.0,Imola,Mercedes
46,HAM,47,0,5,2,0,54,18.2,11.5,0.0,0.6,69.4,1011.2,42.0,M,14.0,Imola,Mercedes
47,HAM,48,0,5,2,0,54,18.3,11.6,0.0,0.2,67.9,1011.0,84.0,M,15.0,Imola,Mercedes
48,HAM,49,0,5,2,0,54,17.7,11.6,0.0,0.5,67.0,1011.0,88.0,M,16.0,Imola,Mercedes
49,HAM,50,0,4,2,0,54,17.6,11.6,0.0,0.7,67.1,1011.0,88.0,M,17.0,Imola,Mercedes
50,HAM,51,0,4,2,0,54,17.6,11.6,0.0,0.8,66.2,1010.9,107.0,M,18.0,Imola,Mercedes
51,HAM,52,0,4,2,0,54,17.8,11.7,1.0,0.5,66.1,1010.9,80.0,M,19.0,Imola,Mercedes
52,HAM,53,0,4,2,0,54,17.8,11.8,1.0,0.5,64.8,1011.4,97.0,M,20.0,Imola,Mercedes
53,HAM,54,0,4,2,0,54,17.8,11.7,0.0,0.5,64.6,1011.0,92.0,M,21.0,Imola,Mercedes
54,HAM,55,0,3,2,0,54,17.6,11.6,0.0,0.6,65.6,1011.0,83.0,M,22.0,Imola,Mercedes
55,HAM,56,0,3,2,0,54,17.7,11.7,0.0,0.3,66.0,1010.9,82.0,M,23.0,Imola,Mercedes
56,HAM,57,0,3,2,0,54,17.6,11.7,0.0,0.3,65.2,1010.9,35.0,M,24.0,Imola,Mercedes
57,HAM,58,0,3,2,0,54,17.7,11.7,0.0,0.6,65.5,1010.9,62.0,M,25.0,Imola,Mercedes
58,HAM,59,0,3,2,0,54,17.8,11.7,0.0,0.3,64.9,1010.9,320.0,M,26.0,Imola,Mercedes
59,HAM,60,0,2,2,0,54,17.8,11.7,0.0,0.3,65.0,1011.0,62.0,M,27.0,Imola,Mercedes
60,HAM,61,0,2,2,0,54,17.7,11.8,0.0,0.3,63.2,1010.9,92.0,M,28.0,Imola,Mercedes
61,HAM,62,0,2,2,0,54,18.0,12.1,0.0,0.7,63.7,1010.8,80.0,M,29.0,Imola,Mercedes
62,HAM,63,0,2,2,0,54,18.5,12.3,0.0,0.7,62.4,1011.0,90.0,M,30.0,Imola,Mercedes
0,PER,1,0,4,12,0,59,17.7,9.5,1.0,0.4,77.1,1011.5,0.0,I,0.0,Imola,Red Bull Racing
1,PER,2,0,4,12,0,44,17.3,9.6,1.0,0.2,75.4,1011.5,203.0,I,1.0,Imola,Red Bull Racing
2,PER,3,0,4,12,0,41,17.2,9.5,1.0,0.1,75.7,1011.5,199.0,I,2.0,Imola,Red Bull Racing
3,PER,4,0,4,12,0,39,16.7,9.6,1.0,0.5,75.6,1011.6,206.0,I,3.0,Imola,Red Bull Racing
4,PER,5,0,4,12,0,38,16.5,9.6,1.0,0.3,76.8,1011.5,91.0,I,4.0,Imola,Red Bull Racing
5,PER,6,0,4,12,0,38,16.5,9.8,1.0,0.2,76.5,1011.5,218.0,I,5.0,Imola,Red Bull Racing
6,PER,7,0,4,12,0,37,16.4,9.7,1.0,0.2,74.8,1011.5,238.0,I,6.0,Imola,Red Bull Racing
7,PER,8,0,4,12,0,36,16.4,9.6,1.0,0.3,75.9,1011.5,197.0,I,7.0,Imola,Red Bull Racing
8,PER,9,0,4,12,0,36,16.4,9.7,1.0,0.2,74.0,1011.5,268.0,I,8.0,Imola,Red Bull Racing
9,PER,10,0,4,12,0,37,16.2,9.7,1.0,0.4,74.9,1011.4,288.0,I,9.0,Imola,Red Bull Racing
10,PER,11,0,4,12,0,38,16.2,9.7,1.0,0.1,73.2,1011.5,359.0,I,10.0,Imola,Red Bull Racing
11,PER,12,0,4,12,0,39,16.2,10.0,1.0,0.3,72.2,1011.4,83.0,I,11.0,Imola,Red Bull Racing
12,PER,13,0,4,12,0,41,15.0,10.2,1.0,0.6,68.8,1011.3,87.0,I,12.0,Imola,Red Bull Racing
13,PER,14,0,4,12,0,42,14.5,10.3,1.0,0.7,69.6,1011.5,90.0,I,13.0,Imola,Red Bull Racing
14,PER,15,0,4,12,0,42,14.3,10.3,1.0,0.8,68.5,1011.3,82.0,I,14.0,Imola,Red Bull Racing
15,PER,16,0,4,12,0,43,14.1,10.4,1.0,0.7,69.6,1011.3,93.0,I,15.0,Imola,Red Bull Racing
16,PER,17,0,4,12,0,44,14.0,10.4,0.0,0.8,69.1,1011.3,75.0,I,16.0,Imola,Red Bull Racing
17,PER,18,0,4,12,0,45,14.0,10.4,0.0,0.6,67.7,1011.1,88.0,I,17.0,Imola,Red Bull Racing
18,PER,19,0,4,12,0,45,13.8,10.4,0.0,0.9,68.9,1011.4,89.0,I,18.0,Imola,Red Bull Racing
19,PER,20,0,4,12,0,45,13.9,10.5,0.0,0.6,67.7,1011.6,70.0,I,19.0,Imola,Red Bull Racing
20,PER,21,0,4,12,0,46,13.9,10.4,0.0,0.7,67.3,1011.2,79.0,I,20.0,Imola,Red Bull Racing
21,PER,22,0,4,12,0,46,13.9,10.5,0.0,0.9,68.6,1011.3,78.0,I,21.0,Imola,Red Bull Racing
22,PER,23,0,4,12,0,46,14.2,10.7,0.0,0.7,68.9,1011.3,85.0,I,22.0,Imola,Red Bull Racing
23,PER,24,0,4,12,0,46,14.6,10.8,0.0,0.7,69.2,1011.1,105.0,I,23.0,Imola,Red Bull Racing
24,PER,25,0,4,12,0,47,14.7,10.9,0.0,1.0,68.6,1011.3,92.0,I,24.0,Imola,Red Bull Racing
25,PER,26,0,4,12,0,47,14.9,10.9,0.0,1.0,67.7,1011.2,112.0,I,25.0,Imola,Red Bull Racing
26,PER,27,0,4,12,0,47,15.3,11.1,0.0,1.1,67.3,1011.1,97.0,I,26.0,Imola,Red Bull Racing
27,PER,28,0,4,12,0,48,15.4,11.1,0.0,1.1,65.9,1011.2,88.0,I,27.0,Imola,Red Bull Racing
28,PER,29,0,5,12,0,48,15.5,11.1,0.0,0.8,65.0,1011.3,84.0,M,0.0,Imola,Red Bull Racing
29,PER,30,0,5,12,0,48,15.4,11.0,0.0,0.7,66.1,1011.2,100.0,M,1.0,Imola,Red Bull Racing
30,PER,31,0,4,12,0,49,15.7,11.1,0.0,0.9,65.9,1011.2,97.0,M,2.0,Imola,Red Bull Racing
31,PER,32,0,4,12,0,48,15.9,11.1,0.0,0.5,66.5,1011.0,155.0,M,3.0,Imola,Red Bull Racing
32,PER,33,0,4,12,0,48,16.0,11.2,0.0,0.5,67.3,1011.2,126.0,M,4.0,Imola,Red Bull Racing
33,PER,34,0,4,12,0,47,16.0,11.1,0.0,0.4,67.1,1011.2,229.0,S,2.0,Imola,Red Bull Racing
34,PER,35,0,4,12,0,47,15.9,11.0,0.0,0.2,66.8,1011.2,230.0,S,3.0,Imola,Red Bull Racing
35,PER,36,0,4,12,0,48,16.5,11.0,0.0,0.1,70.4,1011.2,88.0,S,4.0,Imola,Red Bull Racing
36,PER,37,0,4,12,0,48,16.6,11.0,0.0,0.1,68.9,1011.2,251.0,S,5.0,Imola,Red Bull Racing
37,PER,38,0,14,12,0,48,17.2,10.9,0.0,0.2,71.1,1011.2,351.0,S,6.0,Imola,Red Bull Racing
38,PER,39,0,14,12,0,48,17.4,11.1,0.0,0.1,71.3,1011.2,245.0,S,7.0,Imola,Red Bull Racing
39,PER,40,0,14,12,0,49,17.9,11.0,0.0,0.4,70.9,1011.1,286.0,S,8.0,Imola,Red Bull Racing
40,PER,41,0,13,12,0,49,17.9,11.0,0.0,0.3,71.9,1011.0,263.0,S,9.0,Imola,Red Bull Racing
41,PER,42,0,13,12,0,49,18.0,11.2,0.0,0.1,71.4,1011.1,241.0,S,10.0,Imola,Red Bull Racing
42,PER,43,0,13,12,0,49,18.3,11.3,0.0,0.2,70.1,1011.0,277.0,S,11.0,Imola,Red Bull Racing
43,PER,44,0,13,12,0,50,18.1,11.3,0.0,0.3,69.8,1011.0,114.0,S,12.0,Imola,Red Bull Racing
44,PER,45,0,13,12,0,50,18.2,11.5,0.0,0.6,69.4,1011.2,42.0,S,13.0,Imola,Red Bull Racing
45,PER,46,0,13,12,0,50,18.3,11.6,0.0,0.2,67.9,1011.0,84.0,S,14.0,Imola,Red Bull Racing
46,PER,47,0,13,12,0,50,18.2,11.6,0.0,0.5,67.3,1011.1,297.0,S,15.0,Imola,Red Bull Racing
47,PER,48,0,12,12,0,50,18.0,11.5,0.0,0.7,67.1,1010.7,94.0,S,16.0,Imola,Red Bull Racing
48,PER,49,0,12,12,0,51,17.9,11.5,0.0,0.5,66.9,1011.1,84.0,S,17.0,Imola,Red Bull Racing
49,PER,50,0,12,12,0,51,17.9,11.6,0.0,0.8,66.7,1011.0,163.0,S,18.0,Imola,Red Bull Racing
50,PER,51,0,12,12,0,51,17.7,11.6,0.0,0.5,67.0,1011.0,88.0,S,19.0,Imola,Red Bull Racing
51,PER,52,0,12,12,0,51,17.6,11.6,0.0,0.7,67.1,1011.0,88.0,S,20.0,Imola,Red Bull Racing
52,PER,53,0,12,12,0,51,17.6,11.6,0.0,0.8,66.2,1010.9,107.0,S,21.0,Imola,Red Bull Racing
53,PER,54,0,12,12,0,52,17.6,11.7,1.0,0.7,66.3,1011.1,70.0,S,22.0,Imola,Red Bull Racing
54,PER,55,0,12,12,0,52,17.8,11.7,1.0,0.5,66.1,1010.9,80.0,S,23.0,Imola,Red Bull Racing
55,PER,56,0,12,12,0,52,17.6,11.6,0.0,0.9,65.9,1010.7,80.0,S,24.0,Imola,Red Bull Racing
56,PER,57,0,12,12,0,52,17.6,11.6,0.0,0.6,65.6,1011.0,83.0,S,25.0,Imola,Red Bull Racing
57,PER,58,0,12,12,0,52,17.7,11.7,0.0,0.5,65.8,1010.9,98.0,S,26.0,Imola,Red Bull Racing
58,PER,59,0,12,12,0,52,17.6,11.7,0.0,0.3,65.2,1010.9,35.0,S,27.0,Imola,Red Bull Racing
59,PER,60,0,12,12,0,52,17.7,11.7,0.0,0.6,65.5,1010.9,62.0,S,28.0,Imola,Red Bull Racing
60,PER,61,0,12,12,0,52,17.7,11.8,0.0,0.3,63.2,1010.9,92.0,S,29.0,Imola,Red Bull Racing
61,PER,62,0,12,12,0,52,18.5,12.2,0.0,0.6,62.6,1011.0,89.0,S,30.0,Imola,Red Bull Racing
62,PER,63,0,12,12,0,53,18.5,12.3,0.0,0.7,62.4,1011.0,90.0,S,31.0,Imola,Red Bull Racing
0,VER,1,0,1,1,0,71,17.3,9.6,1.0,0.2,75.4,1011.5,203.0,I,0.0,Imola,Red Bull Racing
1,VER,2,0,1,1,0,48,17.2,9.5,1.0,0.1,75.7,1011.5,199.0,I,1.0,Imola,Red Bull Racing
2,VER,3,0,1,1,0,41,17.1,9.5,1.0,0.3,74.2,1011.4,226.0,I,2.0,Imola,Red Bull Racing
3,VER,4,0,1,1,0,39,16.9,9.4,1.0,0.2,74.4,1011.5,122.0,I,3.0,Imola,Red Bull Racing
4,VER,5,0,1,1,0,40,16.5,9.6,1.0,0.3,76.8,1011.5,91.0,I,4.0,Imola,Red Bull Racing
5,VER,6,0,1,1,0,41,16.5,9.8,1.0,0.2,76.5,1011.5,218.0,I,5.0,Imola,Red Bull Racing
6,VER,7,0,1,1,0,42,16.4,9.7,1.0,0.2,74.8,1011.5,238.0,I,6.0,Imola,Red Bull Racing
7,VER,8,0,1,1,0,43,16.4,9.6,1.0,0.3,75.9,1011.5,197.0,I,7.0,Imola,Red Bull Racing
8,VER,9,0,1,1,0,43,16.2,9.7,1.0,0.1,73.2,1011.5,359.0,I,8.0,Imola,Red Bull Racing
9,VER,10,0,1,1,0,44,16.2,9.8,1.0,0.3,74.3,1011.5,77.0,I,9.0,Imola,Red Bull Racing
10,VER,11,0,1,1,0,45,16.1,10.0,1.0,0.7,71.3,1011.5,99.0,I,10.0,Imola,Red Bull Racing
11,VER,12,0,1,1,0,46,15.2,10.1,1.0,0.8,67.7,1011.4,81.0,I,11.0,Imola,Red Bull Racing
12,VER,13,0,1,1,0,47,14.9,10.2,1.0,0.9,68.2,1011.4,91.0,I,12.0,Imola,Red Bull Racing
13,VER,14,0,1,1,0,47,14.5,10.3,1.0,0.7,69.6,1011.5,90.0,I,13.0,Imola,Red Bull Racing
14,VER,15,0,1,1,0,48,14.3,10.3,1.0,0.8,68.8,1011.3,103.0,I,14.0,Imola,Red Bull Racing
15,VER,16,0,1,1,0,48,14.0,10.4,0.0,0.6,67.7,1011.1,88.0,I,15.0,Imola,Red Bull Racing
16,VER,17,0,1,1,0,48,13.9,10.4,0.0,0.8,68.8,1011.3,83.0,I,16.0,Imola,Red Bull Racing
17,VER,18,0,1,1,0,49,13.8,10.4,0.0,0.9,68.9,1011.4,89.0,I,17.0,Imola,Red Bull Racing
18,VER,19,0,1,1,0,49,13.9,10.4,0.0,0.7,67.3,1011.2,79.0,I,18.0,Imola,Red Bull Racing
19,VER,20,0,1,1,0,49,13.9,10.5,0.0,0.9,68.6,1011.3,78.0,I,19.0,Imola,Red Bull Racing
20,VER,21,0,1,1,0,49,14.2,10.6,0.0,0.9,68.1,1011.0,81.0,I,20.0,Imola,Red Bull Racing
21,VER,22,0,1,1,0,48,14.4,10.7,0.0,0.8,68.7,1011.4,99.0,I,21.0,Imola,Red Bull Racing
22,VER,23,0,1,1,0,48,14.7,10.9,0.0,1.0,68.6,1011.3,92.0,I,22.0,Imola,Red Bull Racing
23,VER,24,0,1,1,0,49,14.9,10.9,0.0,1.0,67.7,1011.2,112.0,I,23.0,Imola,Red Bull Racing
24,VER,25,0,1,1,0,49,15.0,11.0,0.0,1.0,67.7,1011.3,95.0,I,24.0,Imola,Red Bull Racing
25,VER,26,0,1,1,0,49,15.4,11.0,0.0,0.7,66.1,1011.2,100.0,I,25.0,Imola,Red Bull Racing
26,VER,27,0,2,1,0,49,15.8,11.2,0.0,0.8,66.0,1011.2,117.0,I,26.0,Imola,Red Bull Racing
27,VER,28,0,3,1,0,49,15.9,11.1,0.0,0.5,66.5,1011.0,155.0,M,0.0,Imola,Red Bull Racing
28,VER,29,0,1,1,0,50,16.0,11.2,0.0,0.5,67.3,1011.2,126.0,M,1.0,Imola,Red Bull Racing
29,VER,30,0,1,1,0,50,15.9,11.0,0.0,0.2,66.8,1011.2,230.0,M,2.0,Imola,Red Bull Racing
30,VER,31,0,1,1,0,50,15.9,11.0,0.0,0.2,68.2,1011.3,232.0,M,3.0,Imola,Red Bull Racing
31,VER,32,0,1,1,0,51,16.5,11.0,0.0,0.1,70.4,1011.2,88.0,M,4.0,Imola,Red Bull Racing
32,VER,33,0,1,1,0,50,16.6,11.0,0.0,0.1,68.9,1011.2,251.0,M,5.0,Imola,Red Bull Racing
33,VER,34,0,1,1,0,49,17.4,11.1,0.0,0.1,71.3,1011.2,245.0,M,5.0,Imola,Red Bull Racing
34,VER,35,0,1,1,0,49,17.5,11.1,0.0,0.2,70.7,1011.2,283.0,M,6.0,Imola,Red Bull Racing
35,VER,36,0,1,1,0,50,17.8,10.9,0.0,0.3,70.8,1011.1,275.0,M,7.0,Imola,Red Bull Racing
36,VER,37,0,1,1,0,50,18.0,11.1,0.0,0.3,71.8,1011.0,295.0,M,8.0,Imola,Red Bull Racing
37,VER,38,0,1,1,0,51,18.0,11.1,0.0,0.2,71.3,1011.1,248.0,M,9.0,Imola,Red Bull Racing
38,VER,39,0,1,1,0,51,18.0,11.2,0.0,0.1,71.4,1011.1,241.0,M,10.0,Imola,Red Bull Racing
39,VER,40,0,1,1,0,51,18.3,11.3,0.0,0.2,70.1,1011.0,277.0,M,11.0,Imola,Red Bull Racing
40,VER,41,0,1,1,0,51,18.2,11.3,0.0,0.3,69.2,1011.1,268.0,M,12.0,Imola,Red Bull Racing
41,VER,42,0,1,1,0,51,18.1,11.2,0.0,0.2,69.1,1011.0,235.0,M,13.0,Imola,Red Bull Racing
42,VER,43,0,1,1,0,52,18.1,11.3,0.0,0.3,69.8,1011.0,114.0,M,14.0,Imola,Red Bull Racing
43,VER,44,0,1,1,0,52,18.2,11.5,0.0,0.6,69.4,1011.2,42.0,M,15.0,Imola,Red Bull Racing
44,VER,45,0,1,1,0,52,17.9,11.6,0.0,0.9,66.2,1011.0,91.0,M,16.0,Imola,Red Bull Racing
45,VER,46,0,1,1,0,52,17.7,11.6,0.0,0.5,67.0,1011.0,88.0,M,17.0,Imola,Red Bull Racing
46,VER,47,0,1,1,0,52,17.6,11.6,0.0,0.6,66.9,1011.0,113.0,M,18.0,Imola,Red Bull Racing
47,VER,48,0,1,1,0,52,17.7,11.6,0.0,0.7,66.6,1010.9,122.0,M,19.0,Imola,Red Bull Racing
48,VER,49,0,1,1,0,53,17.6,11.6,0.0,0.8,66.2,1010.9,107.0,M,20.0,Imola,Red Bull Racing
49,VER,50,0,1,1,0,53,17.8,11.7,1.0,0.5,66.1,1010.9,80.0,M,21.0,Imola,Red Bull Racing
50,VER,51,0,1,1,0,53,17.8,11.8,1.0,0.5,64.8,1011.4,97.0,M,22.0,Imola,Red Bull Racing
51,VER,52,0,1,1,0,53,17.7,11.8,0.0,0.7,65.9,1011.0,96.0,M,23.0,Imola,Red Bull Racing
52,VER,53,0,1,1,0,54,17.6,11.6,0.0,0.6,65.6,1011.0,83.0,M,24.0,Imola,Red Bull Racing
53,VER,54,0,1,1,0,54,17.7,11.6,0.0,0.6,65.8,1011.0,114.0,M,25.0,Imola,Red Bull Racing
54,VER,55,0,1,1,0,54,17.7,11.7,0.0,0.3,66.0,1010.9,82.0,M,26.0,Imola,Red Bull Racing
55,VER,56,0,1,1,0,54,17.8,11.7,0.0,0.8,65.7,1010.9,87.0,M,27.0,Imola,Red Bull Racing
56,VER,57,0,1,1,0,54,17.6,11.7,0.0,0.3,65.2,1010.9,35.0,M,28.0,Imola,Red Bull Racing
57,VER,58,0,1,1,0,54,17.7,11.7,0.0,0.6,65.5,1010.9,62.0,M,29.0,Imola,Red Bull Racing
58,VER,59,0,1,1,0,55,17.8,11.7,0.0,0.3,64.9,1010.9,320.0,M,30.0,Imola,Red Bull Racing
59,VER,60,0,1,1,0,55,17.7,11.9,0.0,0.9,64.4,1010.9,107.0,M,31.0,Imola,Red Bull Racing
60,VER,61,0,1,1,0,55,17.8,12.0,0.0,0.8,63.8,1011.0,105.0,M,32.0,Imola,Red Bull Racing
61,VER,62,0,1,1,0,55,18.0,12.1,0.0,0.7,63.7,1010.8,80.0,M,33.0,Imola,Red Bull Racing
62,VER,63,0,1,1,0,55,18.5,12.1,0.0,0.7,63.2,1010.9,100.0,M,34.0,Imola,Red Bull Racing
0,LEC,1,0,3,4,0,66,17.7,9.5,1.0,0.4,77.1,1011.5,0.0,I,0.0,Imola,Ferrari
1,LEC,2,0,3,4,0,58,17.7,9.6,1.0,0.1,75.0,1011.5,178.0,I,1.0,Imola,Ferrari
2,LEC,3,0,3,4,0,60,17.1,9.5,1.0,0.3,74.2,1011.4,226.0,I,2.0,Imola,Ferrari
3,LEC,4,0,3,4,0,63,16.5,9.6,1.0,0.3,76.8,1011.5,91.0,I,3.0,Imola,Ferrari
4,LEC,5,0,3,4,0,64,16.4,9.7,1.0,0.2,74.8,1011.5,238.0,I,4.0,Imola,Ferrari
5,LEC,6,0,3,4,0,64,16.4,9.7,1.0,0.2,74.0,1011.5,268.0,I,5.0,Imola,Ferrari
6,LEC,7,0,3,4,0,63,16.2,9.7,1.0,0.4,74.9,1011.4,288.0,I,6.0,Imola,Ferrari
7,LEC,8,0,3,4,0,62,16.2,10.0,1.0,0.3,72.2,1011.4,83.0,I,7.0,Imola,Ferrari
8,LEC,9,0,3,4,0,61,15.7,10.0,1.0,0.7,71.2,1011.3,97.0,I,8.0,Imola,Ferrari
9,LEC,10,0,3,4,0,61,15.2,10.1,1.0,0.8,69.9,1011.4,99.0,I,9.0,Imola,Ferrari
10,LEC,11,0,3,4,0,60,14.9,10.2,1.0,0.9,68.2,1011.4,91.0,I,10.0,Imola,Ferrari
11,LEC,12,0,3,4,0,60,14.6,10.2,1.0,0.9,69.2,1011.4,89.0,I,11.0,Imola,Ferrari
12,LEC,13,0,3,4,0,60,14.3,10.3,1.0,0.8,68.8,1011.3,103.0,I,12.0,Imola,Ferrari
13,LEC,14,0,3,4,0,60,14.0,10.4,0.0,0.8,69.1,1011.3,75.0,I,13.0,Imola,Ferrari
14,LEC,15,0,3,4,0,60,14.1,10.4,0.0,0.8,69.3,1011.3,67.0,I,14.0,Imola,Ferrari
15,LEC,16,0,3,4,0,59,13.8,10.4,0.0,0.9,68.9,1011.4,89.0,I,15.0,Imola,Ferrari
16,LEC,17,0,3,4,0,59,14.1,10.6,0.0,0.7,66.5,1011.3,89.0,I,16.0,Imola,Ferrari
17,LEC,18,0,3,4,0,59,14.2,10.6,0.0,0.9,68.1,1011.0,81.0,I,17.0,Imola,Ferrari
18,LEC,19,0,3,4,0,58,14.2,10.7,0.0,0.7,68.9,1011.3,85.0,I,18.0,Imola,Ferrari
19,LEC,20,0,3,4,0,58,14.4,10.7,0.0,0.8,68.7,1011.4,99.0,I,19.0,Imola,Ferrari
20,LEC,21,0,3,4,0,57,14.6,10.8,0.0,0.7,69.2,1011.1,105.0,I,20.0,Imola,Ferrari
21,LEC,22,0,3,4,0,57,14.7,10.9,0.0,1.0,68.6,1011.3,92.0,I,21.0,Imola,Ferrari
22,LEC,23,0,3,4,0,57,15.4,11.1,0.0,1.1,65.9,1011.2,88.0,I,22.0,Imola,Ferrari
23,LEC,24,0,3,4,0,57,15.5,11.1,0.0,0.7,66.0,1011.3,105.0,I,23.0,Imola,Ferrari
24,LEC,25,0,3,4,0,57,15.6,11.1,0.0,1.0,66.0,1011.3,91.0,I,24.0,Imola,Ferrari
25,LEC,26,0,3,4,0,57,15.9,11.1,0.0,0.5,66.5,1011.0,155.0,I,25.0,Imola,Ferrari
26,LEC,27,0,3,4,0,57,16.0,11.2,0.0,0.5,67.3,1011.2,126.0,I,26.0,Imola,Ferrari
27,LEC,28,0,2,4,0,57,16.0,11.1,0.0,0.4,67.1,1011.2,229.0,I,27.0,Imola,Ferrari
28,LEC,29,0,3,4,0,56,15.9,11.0,0.0,0.2,66.8,1011.2,230.0,M,0.0,Imola,Ferrari
29,LEC,30,0,3,4,0,56,16.1,11.1,0.0,0.2,69.6,1011.2,234.0,M,1.0,Imola,Ferrari
30,LEC,31,0,2,4,0,57,16.6,11.0,0.0,0.1,68.9,1011.2,251.0,M,2.0,Imola,Ferrari
31,LEC,32,0,2,4,0,57,16.8,11.0,0.0,0.3,68.3,1011.1,238.0,M,3.0,Imola,Ferrari
32,LEC,33,0,2,4,0,57,16.8,10.9,0.0,0.1,69.9,1011.2,255.0,M,4.0,Imola,Ferrari
33,LEC,34,0,2,4,0,56,17.8,11.1,0.0,0.5,68.9,1011.1,251.0,M,5.0,Imola,Ferrari
34,LEC,35,0,3,4,0,56,17.8,11.0,0.0,0.4,69.8,1011.1,271.0,M,6.0,Imola,Ferrari
35,LEC,36,0,3,4,0,56,17.7,10.9,0.0,0.3,70.6,1011.1,240.0,M,7.0,Imola,Ferrari
36,LEC,37,0,3,4,0,57,18.0,11.1,0.0,0.3,71.8,1011.0,295.0,M,8.0,Imola,Ferrari
37,LEC,38,0,3,4,0,57,18.0,11.1,0.0,0.2,71.3,1011.1,248.0,M,9.0,Imola,Ferrari
38,LEC,39,0,3,4,0,57,18.3,11.3,0.0,0.2,70.1,1011.0,277.0,M,10.0,Imola,Ferrari
39,LEC,40,0,3,4,0,57,18.2,11.3,0.0,0.1,68.3,1011.0,260.0,M,11.0,Imola,Ferrari
40,LEC,41,0,3,4,0,57,18.2,11.3,0.0,0.3,69.2,1011.1,268.0,M,12.0,Imola,Ferrari
41,LEC,42,0,3,4,0,57,18.1,11.3,0.0,0.3,69.8,1011.0,114.0,M,13.0,Imola,Ferrari
42,LEC,43,0,3,4,0,57,18.2,11.5,0.0,0.6,69.4,1011.2,42.0,M,14.0,Imola,Ferrari
43,LEC,44,0,3,4,0,57,18.3,11.6,0.0,0.2,67.9,1011.0,84.0,M,15.0,Imola,Ferrari
44,LEC,45,0,3,4,0,57,18.2,11.6,0.0,0.5,67.3,1011.1,297.0,M,16.0,Imola,Ferrari
45,LEC,46,0,3,4,0,57,18.0,11.5,0.0,0.7,67.1,1010.7,94.0,M,17.0,Imola,Ferrari
46,LEC,47,0,3,4,0,57,17.9,11.5,0.0,0.5,66.9,1011.1,84.0,M,18.0,Imola,Ferrari
47,LEC,48,0,3,4,0,57,17.6,11.6,0.0,0.6,66.9,1011.0,113.0,M,19.0,Imola,Ferrari
48,LEC,49,0,3,4,0,57,17.6,11.6,0.0,0.8,66.2,1010.9,107.0,M,20.0,Imola,Ferrari
49,LEC,50,0,3,4,0,57,17.8,11.7,0.0,0.7,65.2,1011.1,113.0,M,21.0,Imola,Ferrari
50,LEC,51,0,3,4,0,58,17.7,11.8,0.0,0.7,65.9,1011.0,96.0,M,22.0,Imola,Ferrari
51,LEC,52,0,3,4,0,58,17.6,11.6,0.0,0.9,65.9,1010.7,80.0,M,23.0,Imola,Ferrari
52,LEC,53,0,3,4,0,58,17.7,11.7,0.0,0.3,66.0,1010.9,82.0,M,24.0,Imola,Ferrari
53,LEC,54,0,3,4,0,58,17.7,11.7,0.0,0.5,65.8,1010.9,98.0,M,25.0,Imola,Ferrari
54,LEC,55,0,4,4,0,58,17.8,11.7,0.0,0.8,65.7,1010.9,87.0,M,26.0,Imola,Ferrari
55,LEC,56,0,4,4,0,58,17.7,11.7,0.0,0.6,65.5,1010.9,62.0,M,27.0,Imola,Ferrari
56,LEC,57,0,4,4,0,58,17.8,11.7,0.0,0.3,64.9,1010.9,320.0,M,28.0,Imola,Ferrari
57,LEC,58,0,4,4,0,58,17.8,11.7,0.0,0.3,65.0,1011.0,62.0,M,29.0,Imola,Ferrari
58,LEC,59,0,4,4,0,58,17.7,11.8,0.0,0.3,63.2,1010.9,92.0,M,30.0,Imola,Ferrari
59,LEC,60,0,4,4,0,58,17.9,12.1,0.0,0.8,64.0,1010.8,91.0,M,31.0,Imola,Ferrari
60,LEC,61,0,4,4,0,58,18.5,12.1,0.0,0.7,63.2,1010.9,100.0,M,32.0,Imola,Ferrari
61,LEC,62,0,4,4,0,58,18.5,12.3,0.0,0.7,62.4,1011.0,90.0,M,33.0,Imola,Ferrari
62,LEC,63,0,4,4,0,58,18.6,12.3,0.0,0.3,61.6,1010.9,72.0,M,34.0,Imola,Ferrari
0,GAS,1,0,6,8,0,46,17.7,9.5,1.0,0.4,77.1,1011.5,0.0,W,0.0,Imola,AlphaTauri
1,GAS,2,0,6,8,0,35,17.3,9.6,1.0,0.2,75.4,1011.5,203.0,W,1.0,Imola,AlphaTauri
2,GAS,3,0,6,8,0,35,17.2,9.5,1.0,0.1,75.7,1011.5,199.0,W,2.0,Imola,AlphaTauri
3,GAS,4,0,6,8,0,35,17.1,9.5,1.0,0.3,74.2,1011.4,226.0,W,3.0,Imola,AlphaTauri
4,GAS,5,0,6,8,0,35,16.7,9.6,1.0,0.5,75.6,1011.6,206.0,W,4.0,Imola,AlphaTauri
5,GAS,6,0,6,8,0,36,16.5,9.6,1.0,0.3,76.8,1011.5,91.0,W,5.0,Imola,AlphaTauri
6,GAS,7,0,6,8,0,36,16.4,9.6,1.0,0.3,75.9,1011.5,197.0,W,6.0,Imola,AlphaTauri
7,GAS,8,0,6,8,0,36,16.2,9.7,1.0,0.1,73.2,1011.5,359.0,W,7.0,Imola,AlphaTauri
8,GAS,9,0,8,8,0,37,16.2,10.0,1.0,0.3,72.2,1011.4,83.0,W,8.0,Imola,AlphaTauri
9,GAS,10,0,8,8,0,38,15.2,10.1,1.0,0.8,67.7,1011.4,81.0,W,9.0,Imola,AlphaTauri
10,GAS,11,0,9,8,0,38,15.2,10.1,1.0,0.8,69.9,1011.4,99.0,W,10.0,Imola,AlphaTauri
11,GAS,12,0,10,8,0,39,15.0,10.2,1.0,0.6,68.8,1011.3,87.0,W,11.0,Imola,AlphaTauri
12,GAS,13,0,14,8,0,39,14.3,10.3,1.0,0.8,68.8,1011.3,103.0,W,12.0,Imola,AlphaTauri
13,GAS,14,0,17,8,0,39,14.1,10.4,1.0,0.7,69.6,1011.3,93.0,W,13.0,Imola,AlphaTauri
14,GAS,15,0,18,8,0,38,14.1,10.4,0.0,0.8,69.3,1011.3,67.0,I,0.0,Imola,AlphaTauri
15,GAS,16,0,18,8,0,38,13.9,10.4,0.0,0.8,68.8,1011.3,83.0,I,1.0,Imola,AlphaTauri
16,GAS,17,0,18,8,0,38,13.9,10.5,0.0,0.6,67.7,1011.6,70.0,I,2.0,Imola,AlphaTauri
17,GAS,18,0,18,8,0,39,13.9,10.5,0.0,0.9,68.6,1011.3,78.0,I,3.0,Imola,AlphaTauri
18,GAS,19,0,18,8,0,39,14.2,10.7,0.0,0.7,68.9,1011.3,85.0,I,4.0,Imola,AlphaTauri
19,GAS,20,0,17,8,0,39,14.9,10.9,0.0,1.0,67.7,1011.2,112.0,I,5.0,Imola,AlphaTauri
20,GAS,21,0,16,8,0,40,15.3,11.1,0.0,1.1,67.3,1011.1,97.0,I,6.0,Imola,AlphaTauri
21,GAS,22,0,16,8,0,40,15.5,11.1,0.0,0.7,66.0,1011.3,105.0,I,7.0,Imola,AlphaTauri
22,GAS,23,0,16,8,0,40,15.4,11.0,0.0,0.7,66.1,1011.2,100.0,I,8.0,Imola,AlphaTauri
23,GAS,24,0,16,8,0,40,15.8,11.2,0.0,0.8,66.0,1011.2,117.0,I,9.0,Imola,AlphaTauri
24,GAS,25,0,16,8,0,41,15.9,11.1,0.0,0.5,66.5,1011.0,155.0,I,10.0,Imola,AlphaTauri
25,GAS,26,0,16,8,0,41,15.9,11.2,0.0,0.5,67.1,1011.2,113.0,I,11.0,Imola,AlphaTauri
26,GAS,27,0,16,8,0,41,16.0,11.2,0.0,0.5,67.3,1011.2,126.0,M,0.0,Imola,AlphaTauri
27,GAS,28,0,16,8,0,41,16.1,11.1,0.0,0.2,69.6,1011.2,234.0,M,1.0,Imola,AlphaTauri
28,GAS,29,0,16,8,0,41,16.5,11.0,0.0,0.1,70.4,1011.2,88.0,M,2.0,Imola,AlphaTauri
29,GAS,30,0,16,8,0,42,16.8,11.0,0.0,0.3,69.7,1011.2,228.0,M,3.0,Imola,AlphaTauri
30,GAS,31,0,14,8,0,42,16.8,10.9,0.0,0.1,69.9,1011.2,255.0,M,4.0,Imola,AlphaTauri
31,GAS,32,0,14,8,0,42,17.7,11.1,0.0,0.1,70.5,1011.1,282.0,M,5.0,Imola,AlphaTauri
32,GAS,33,0,14,8,0,42,17.8,11.1,0.0,0.5,68.9,1011.1,251.0,M,5.0,Imola,AlphaTauri
33,GAS,34,0,14,8,0,42,17.8,11.0,0.0,0.4,69.8,1011.1,271.0,M,6.0,Imola,AlphaTauri
34,GAS,35,0,12,8,0,42,17.9,11.0,0.0,0.4,70.9,1011.1,286.0,M,7.0,Imola,AlphaTauri
35,GAS,36,0,12,8,0,42,17.9,11.0,0.0,0.3,71.9,1011.0,263.0,M,8.0,Imola,AlphaTauri
36,GAS,37,0,12,8,0,42,18.3,11.3,0.0,0.2,70.1,1011.0,277.0,M,9.0,Imola,AlphaTauri
37,GAS,38,0,11,8,0,42,18.2,11.2,0.0,0.3,68.9,1011.0,287.0,M,10.0,Imola,AlphaTauri
38,GAS,39,0,11,8,0,42,18.1,11.2,0.0,0.2,69.1,1011.0,235.0,M,11.0,Imola,AlphaTauri
39,GAS,40,0,9,8,0,42,18.1,11.3,0.0,0.3,69.8,1011.0,114.0,M,12.0,Imola,AlphaTauri
40,GAS,41,0,9,8,0,42,18.0,11.5,0.0,0.7,67.1,1010.7,94.0,M,13.0,Imola,AlphaTauri
41,GAS,42,0,9,8,0,42,17.9,11.5,0.0,0.5,66.9,1011.1,84.0,M,14.0,Imola,AlphaTauri
42,GAS,43,0,9,8,0,42,17.9,11.6,0.0,0.9,66.2,1011.0,91.0,M,15.0,Imola,AlphaTauri
43,GAS,44,0,9,8,0,43,17.9,11.6,0.0,0.8,66.7,1011.0,163.0,M,16.0,Imola,AlphaTauri
44,GAS,45,0,9,8,0,43,17.7,11.6,0.0,0.5,67.0,1011.0,88.0,M,17.0,Imola,AlphaTauri
45,GAS,46,0,8,8,0,43,17.6,11.6,0.0,0.7,67.1,1011.0,88.0,M,18.0,Imola,AlphaTauri
46,GAS,47,0,8,8,0,43,17.7,11.6,0.0,0.7,66.6,1010.9,122.0,M,19.0,Imola,AlphaTauri
47,GAS,48,0,8,8,0,43,17.6,11.7,1.0,0.7,66.3,1011.1,70.0,M,20.0,Imola,AlphaTauri
48,GAS,49,0,8,8,0,43,17.8,11.7,1.0,0.5,66.1,1010.9,80.0,M,21.0,Imola,AlphaTauri
49,GAS,50,0,8,8,0,43,17.8,11.8,1.0,0.5,64.8,1011.4,97.0,M,22.0,Imola,AlphaTauri
50,GAS,51,0,8,8,0,43,17.8,11.7,0.0,0.5,64.6,1011.0,92.0,M,23.0,Imola,AlphaTauri
51,GAS,52,0,8,8,0,44,17.8,11.7,0.0,0.7,65.2,1011.1,113.0,M,24.0,Imola,AlphaTauri
52,GAS,53,0,8,8,0,44,17.6,11.6,0.0,0.6,65.6,1011.0,83.0,M,25.0,Imola,AlphaTauri
53,GAS,54,0,8,8,0,44,17.7,11.6,0.0,0.6,65.8,1011.0,114.0,M,26.0,Imola,AlphaTauri
54,GAS,55,0,8,8,0,44,17.7,11.7,0.0,0.5,66.2,1010.9,118.0,M,27.0,Imola,AlphaTauri
55,GAS,56,0,8,8,0,44,17.7,11.7,0.0,0.3,66.0,1010.9,82.0,M,28.0,Imola,AlphaTauri
56,GAS,57,0,8,8,0,44,17.8,11.7,0.0,0.8,65.7,1010.9,87.0,M,29.0,Imola,AlphaTauri
57,GAS,58,0,8,8,0,44,17.6,11.7,0.0,0.3,65.2,1010.9,35.0,M,30.0,Imola,AlphaTauri
58,GAS,59,0,8,8,0,44,17.7,11.7,0.0,0.6,65.5,1010.9,62.0,M,31.0,Imola,AlphaTauri
59,GAS,60,0,8,8,0,44,17.8,11.7,0.0,0.3,65.0,1011.0,62.0,M,32.0,Imola,AlphaTauri
60,GAS,61,0,8,8,0,44,17.7,11.8,0.0,0.3,63.2,1010.9,92.0,M,33.0,Imola,AlphaTauri
61,GAS,62,0,8,8,0,44,18.0,12.1,0.0,0.7,63.7,1010.8,80.0,M,34.0,Imola,AlphaTauri
62,GAS,63,0,8,8,0,45,18.5,12.1,0.0,0.7,63.2,1010.9,100.0,M,35.0,Imola,AlphaTauri
0,RIC,1,0,5,6,0,51,17.7,9.6,1.0,0.1,75.0,1011.5,178.0,I,0.0,Imola,McLaren
1,RIC,2,0,5,6,0,46,17.3,9.6,1.0,0.2,75.4,1011.5,203.0,I,1.0,Imola,McLaren
2,RIC,3,0,5,6,0,48,17.2,9.5,1.0,0.1,75.7,1011.5,199.0,I,2.0,Imola,McLaren
3,RIC,4,0,5,6,0,48,16.9,9.4,1.0,0.2,74.4,1011.5,122.0,I,3.0,Imola,McLaren
4,RIC,5,0,5,6,0,49,16.4,9.7,1.0,0.2,74.8,1011.5,238.0,I,4.0,Imola,McLaren
5,RIC,6,0,5,6,0,49,16.2,9.7,1.0,0.4,74.9,1011.4,288.0,I,5.0,Imola,McLaren
6,RIC,7,0,5,6,0,48,16.2,10.0,1.0,0.3,72.2,1011.4,83.0,I,6.0,Imola,McLaren
7,RIC,8,0,5,6,0,48,16.1,10.0,1.0,0.7,71.3,1011.5,99.0,I,7.0,Imola,McLaren
8,RIC,9,0,5,6,0,48,15.2,10.1,1.0,0.8,67.7,1011.4,81.0,I,8.0,Imola,McLaren
9,RIC,10,0,5,6,0,49,15.2,10.1,1.0,0.8,69.9,1011.4,99.0,I,9.0,Imola,McLaren
10,RIC,11,0,5,6,0,49,15.0,10.2,1.0,0.6,68.8,1011.3,87.0,I,10.0,Imola,McLaren
11,RIC,12,0,5,6,0,49,14.6,10.2,1.0,0.9,69.2,1011.4,89.0,I,11.0,Imola,McLaren
12,RIC,13,0,5,6,0,49,14.1,10.4,1.0,0.7,69.6,1011.3,93.0,I,12.0,Imola,McLaren
13,RIC,14,0,5,6,0,49,14.1,10.4,0.0,0.8,69.3,1011.3,67.0,I,13.0,Imola,McLaren
14,RIC,15,0,5,6,0,49,13.9,10.4,0.0,0.8,68.8,1011.3,83.0,I,14.0,Imola,McLaren
15,RIC,16,0,5,6,0,49,13.9,10.4,0.0,0.7,67.3,1011.2,79.0,I,15.0,Imola,McLaren
16,RIC,17,0,6,6,0,49,13.9,10.5,0.0,0.9,68.6,1011.3,78.0,I,16.0,Imola,McLaren
17,RIC,18,0,6,6,0,49,14.2,10.7,0.0,0.7,68.9,1011.3,85.0,I,17.0,Imola,McLaren
18,RIC,19,0,6,6,0,49,14.6,10.8,0.0,0.7,69.2,1011.1,105.0,I,18.0,Imola,McLaren
19,RIC,20,0,6,6,0,49,14.9,10.9,0.0,1.0,67.7,1011.2,112.0,I,19.0,Imola,McLaren
20,RIC,21,0,6,6,0,49,15.0,11.0,0.0,1.0,67.7,1011.3,95.0,I,20.0,Imola,McLaren
21,RIC,22,0,6,6,0,49,15.5,11.1,0.0,0.8,65.0,1011.3,84.0,I,21.0,Imola,McLaren
22,RIC,23,0,6,6,0,49,15.5,11.1,0.0,0.7,66.0,1011.3,105.0,I,22.0,Imola,McLaren
23,RIC,24,0,6,6,0,49,15.6,11.1,0.0,1.0,66.0,1011.3,91.0,I,23.0,Imola,McLaren
24,RIC,25,0,6,6,0,49,15.8,11.2,0.0,0.8,66.0,1011.2,117.0,I,24.0,Imola,McLaren
25,RIC,26,0,7,6,0,49,15.9,11.1,0.0,0.5,66.5,1011.0,155.0,I,25.0,Imola,McLaren
26,RIC,27,0,7,6,0,48,15.9,11.2,0.0,0.5,67.1,1011.2,113.0,I,26.0,Imola,McLaren
27,RIC,28,0,8,6,0,48,15.9,11.0,0.0,0.2,66.8,1011.2,230.0,M,0.0,Imola,McLaren
28,RIC,29,0,7,6,0,48,16.1,11.1,0.0,0.2,69.6,1011.2,234.0,M,1.0,Imola,McLaren
29,RIC,30,0,7,6,0,48,16.3,11.1,0.0,0.2,70.1,1011.2,240.0,M,2.0,Imola,McLaren
30,RIC,31,0,6,6,0,49,16.4,11.0,0.0,0.1,69.6,1011.2,208.0,M,3.0,Imola,McLaren
31,RIC,32,0,6,6,0,49,16.5,11.0,0.0,0.1,70.4,1011.2,88.0,M,4.0,Imola,McLaren
32,RIC,33,0,6,6,0,49,16.6,11.0,0.0,0.1,68.9,1011.2,251.0,M,5.0,Imola,McLaren
33,RIC,34,0,6,6,0,49,16.8,11.0,0.0,0.3,68.3,1011.1,238.0,S,2.0,Imola,McLaren
34,RIC,35,0,6,6,0,49,16.8,10.9,0.0,0.1,69.9,1011.2,255.0,S,3.0,Imola,McLaren
35,RIC,36,0,6,6,0,49,17.2,10.9,0.0,0.2,71.1,1011.2,351.0,S,4.0,Imola,McLaren
36,RIC,37,0,6,6,0,49,17.7,11.1,0.0,0.1,70.5,1011.1,282.0,S,5.0,Imola,McLaren
37,RIC,38,0,5,6,0,49,17.9,11.0,0.0,0.4,70.9,1011.1,286.0,S,6.0,Imola,McLaren
38,RIC,39,0,5,6,0,50,17.9,11.0,0.0,0.3,71.9,1011.0,263.0,S,7.0,Imola,McLaren
39,RIC,40,0,5,6,0,50,18.0,11.1,0.0,0.2,71.3,1011.1,248.0,S,8.0,Imola,McLaren
40,RIC,41,0,5,6,0,50,18.3,11.3,0.0,0.2,70.1,1011.0,277.0,S,9.0,Imola,McLaren
41,RIC,42,0,6,6,0,50,18.2,11.3,0.0,0.1,68.3,1011.0,260.0,S,10.0,Imola,McLaren
42,RIC,43,0,6,6,0,50,18.2,11.2,0.0,0.3,68.9,1011.0,287.0,S,11.0,Imola,McLaren
43,RIC,44,0,6,6,0,50,18.1,11.2,0.0,0.2,69.1,1011.0,235.0,S,12.0,Imola,McLaren
44,RIC,45,0,6,6,0,50,18.1,11.3,0.0,0.3,69.8,1011.0,114.0,S,13.0,Imola,McLaren
45,RIC,46,0,6,6,0,50,18.2,11.5,0.0,0.6,69.4,1011.2,42.0,S,14.0,Imola,McLaren
46,RIC,47,0,6,6,0,50,18.2,11.6,0.0,0.5,67.3,1011.1,297.0,S,15.0,Imola,McLaren
47,RIC,48,0,6,6,0,50,17.9,11.5,0.0,0.5,66.9,1011.1,84.0,S,16.0,Imola,McLaren
48,RIC,49,0,6,6,0,50,17.9,11.6,0.0,0.8,66.7,1011.0,163.0,S,17.0,Imola,McLaren
49,RIC,50,0,6,6,0,50,17.6,11.6,0.0,0.6,66.9,1011.0,113.0,S,18.0,Imola,McLaren
50,RIC,51,0,6,6,0,50,17.5,11.7,0.0,0.5,66.6,1011.0,92.0,S,19.0,Imola,McLaren
51,RIC,52,0,6,6,0,50,17.6,11.7,1.0,0.7,66.3,1011.1,70.0,S,20.0,Imola,McLaren
52,RIC,53,0,6,6,0,50,17.8,11.8,1.0,0.6,64.8,1011.0,108.0,S,21.0,Imola,McLaren
53,RIC,54,0,6,6,0,51,17.8,11.8,1.0,0.5,64.8,1011.4,97.0,S,22.0,Imola,McLaren
54,RIC,55,0,6,6,0,51,17.8,11.7,0.0,0.5,64.6,1011.0,92.0,S,23.0,Imola,McLaren
55,RIC,56,0,6,6,0,51,17.8,11.7,0.0,0.7,65.2,1011.1,113.0,S,24.0,Imola,McLaren
56,RIC,57,0,6,6,0,51,17.7,11.8,0.0,0.7,65.9,1011.0,96.0,S,25.0,Imola,McLaren
57,RIC,58,0,6,6,0,51,17.6,11.6,0.0,0.9,65.9,1010.7,80.0,S,26.0,Imola,McLaren
58,RIC,59,0,6,6,0,51,17.7,11.7,0.0,0.5,66.2,1010.9,118.0,S,27.0,Imola,McLaren
59,RIC,60,0,6,6,0,51,17.7,11.7,0.0,0.6,65.5,1010.9,62.0,S,28.0,Imola,McLaren
60,RIC,61,0,6,6,0,51,17.7,11.9,0.0,0.9,64.4,1010.9,107.0,S,29.0,Imola,McLaren
61,RIC,62,0,6,6,0,51,17.8,12.0,0.0,0.8,63.8,1011.0,105.0,S,30.0,Imola,McLaren
62,RIC,63,0,6,6,0,51,17.9,12.1,0.0,0.8,64.0,1010.8,91.0,S,31.0,Imola,McLaren
0,NOR,1,0,9,3,0,44,17.7,9.6,1.0,0.1,75.0,1011.5,178.0,I,0.0,Imola,McLaren
1,NOR,2,0,9,3,0,38,17.3,9.6,1.0,0.2,75.4,1011.5,203.0,I,1.0,Imola,McLaren
2,NOR,3,0,9,3,0,39,17.1,9.5,1.0,0.3,74.2,1011.4,226.0,I,2.0,Imola,McLaren
3,NOR,4,0,9,3,0,40,16.5,9.8,1.0,0.2,76.5,1011.5,218.0,I,3.0,Imola,McLaren
4,NOR,5,0,9,3,0,40,16.4,9.6,1.0,0.3,75.9,1011.5,197.0,I,4.0,Imola,McLaren
5,NOR,6,0,9,3,0,42,16.3,9.7,1.0,0.2,74.7,1011.5,95.0,I,5.0,Imola,McLaren
6,NOR,7,0,8,3,0,42,16.2,9.7,1.0,0.1,73.2,1011.5,359.0,I,6.0,Imola,McLaren
7,NOR,8,0,7,3,0,43,16.2,9.8,1.0,0.3,74.3,1011.5,77.0,I,7.0,Imola,McLaren
8,NOR,9,0,6,3,0,44,16.2,9.9,1.0,0.1,72.5,1011.4,0.0,I,8.0,Imola,McLaren
9,NOR,10,0,6,3,0,44,16.2,9.9,1.0,0.6,72.5,1011.5,85.0,I,9.0,Imola,McLaren
10,NOR,11,0,6,3,0,45,16.1,10.0,1.0,0.7,71.3,1011.5,99.0,I,10.0,Imola,McLaren
11,NOR,12,0,6,3,0,45,15.2,10.1,1.0,0.8,67.7,1011.4,81.0,I,11.0,Imola,McLaren
12,NOR,13,0,6,3,0,45,15.0,10.2,1.0,0.6,68.8,1011.3,87.0,I,12.0,Imola,McLaren
13,NOR,14,0,6,3,0,45,14.6,10.2,1.0,0.9,69.2,1011.4,89.0,I,13.0,Imola,McLaren
14,NOR,15,0,6,3,0,46,14.5,10.3,1.0,0.7,69.6,1011.5,90.0,I,14.0,Imola,McLaren
15,NOR,16,0,6,3,0,45,14.0,10.4,0.0,0.8,69.1,1011.3,75.0,I,15.0,Imola,McLaren
16,NOR,17,0,5,3,0,46,14.1,10.4,0.0,0.8,69.3,1011.3,67.0,I,16.0,Imola,McLaren
17,NOR,18,0,5,3,0,46,14.0,10.4,0.0,0.6,67.7,1011.1,88.0,I,17.0,Imola,McLaren
18,NOR,19,0,5,3,0,46,13.8,10.4,0.0,0.9,68.9,1011.4,89.0,I,18.0,Imola,McLaren
19,NOR,20,0,5,3,0,46,13.9,10.5,0.0,0.6,67.7,1011.6,70.0,I,19.0,Imola,McLaren
20,NOR,21,0,5,3,0,47,14.2,10.6,0.0,0.9,68.1,1011.0,81.0,I,20.0,Imola,McLaren
21,NOR,22,0,5,3,0,47,14.4,10.7,0.0,0.8,68.7,1011.4,99.0,I,21.0,Imola,McLaren
22,NOR,23,0,5,3,0,47,14.7,10.9,0.0,1.0,68.6,1011.3,92.0,I,22.0,Imola,McLaren
23,NOR,24,0,5,3,0,47,15.2,11.1,0.0,1.0,67.6,1011.2,102.0,I,23.0,Imola,McLaren
24,NOR,25,0,5,3,0,47,15.5,11.1,0.0,0.8,65.0,1011.3,84.0,I,24.0,Imola,McLaren
25,NOR,26,0,5,3,0,48,15.9,11.1,0.0,0.5,66.5,1011.0,155.0,I,25.0,Imola,McLaren
26,NOR,27,0,5,3,0,48,15.9,11.2,0.0,0.5,67.1,1011.2,113.0,I,26.0,Imola,McLaren
27,NOR,28,0,5,3,0,48,16.0,11.2,0.0,0.5,67.3,1011.2,126.0,I,27.0,Imola,McLaren
28,NOR,29,0,4,3,0,48,15.9,11.0,0.0,0.2,68.2,1011.3,232.0,M,0.0,Imola,McLaren
29,NOR,30,0,4,3,0,48,16.3,11.1,0.0,0.2,70.1,1011.2,240.0,M,1.0,Imola,McLaren
30,NOR,31,0,3,3,0,49,16.5,11.0,0.0,0.1,70.4,1011.2,88.0,M,2.0,Imola,McLaren
31,NOR,32,0,3,3,0,49,16.6,11.0,0.0,0.1,68.9,1011.2,251.0,M,3.0,Imola,McLaren
32,NOR,33,0,3,3,0,48,16.8,11.0,0.0,0.3,69.7,1011.2,228.0,M,4.0,Imola,McLaren
33,NOR,34,0,3,3,0,48,16.8,10.9,0.0,0.1,69.9,1011.2,255.0,S,2.0,Imola,McLaren
34,NOR,35,0,2,3,0,48,17.2,10.9,0.0,0.2,71.1,1011.2,351.0,S,3.0,Imola,McLaren
35,NOR,36,0,2,3,0,48,17.4,11.1,0.0,0.1,71.3,1011.2,245.0,S,4.0,Imola,McLaren
36,NOR,37,0,2,3,0,48,17.5,11.1,0.0,0.2,70.7,1011.2,283.0,S,5.0,Imola,McLaren
37,NOR,38,0,2,3,0,48,17.7,11.1,0.0,0.1,70.5,1011.1,282.0,S,6.0,Imola,McLaren
38,NOR,39,0,2,3,0,48,17.8,11.0,0.0,0.4,69.8,1011.1,271.0,S,7.0,Imola,McLaren
39,NOR,40,0,2,3,0,49,17.8,10.9,0.0,0.3,70.8,1011.1,275.0,S,8.0,Imola,McLaren
40,NOR,41,0,2,3,0,49,17.9,11.0,0.0,0.4,70.9,1011.1,286.0,S,9.0,Imola,McLaren
41,NOR,42,0,2,3,0,49,17.9,11.0,0.0,0.3,71.9,1011.0,263.0,S,10.0,Imola,McLaren
42,NOR,43,0,2,3,0,49,18.0,11.2,0.0,0.1,71.4,1011.1,241.0,S,11.0,Imola,McLaren
43,NOR,44,0,2,3,0,49,18.3,11.3,0.0,0.2,70.1,1011.0,277.0,S,12.0,Imola,McLaren
44,NOR,45,0,2,3,0,49,18.2,11.3,0.0,0.1,68.3,1011.0,260.0,S,13.0,Imola,McLaren
45,NOR,46,0,2,3,0,50,18.2,11.3,0.0,0.3,69.2,1011.1,268.0,S,14.0,Imola,McLaren
46,NOR,47,0,2,3,0,50,18.2,11.2,0.0,0.3,68.9,1011.0,287.0,S,15.0,Imola,McLaren
47,NOR,48,0,2,3,0,50,18.3,11.6,0.0,0.2,67.9,1011.0,84.0,S,16.0,Imola,McLaren
48,NOR,49,0,2,3,0,50,17.9,11.5,0.0,0.5,66.9,1011.1,84.0,S,17.0,Imola,McLaren
49,NOR,50,0,2,3,0,50,17.9,11.6,0.0,0.9,66.2,1011.0,91.0,S,18.0,Imola,McLaren
50,NOR,51,0,2,3,0,50,17.9,11.6,0.0,0.8,66.7,1011.0,163.0,S,19.0,Imola,McLaren
51,NOR,52,0,2,3,0,50,17.7,11.6,0.0,0.5,67.0,1011.0,88.0,S,20.0,Imola,McLaren
52,NOR,53,0,2,3,0,51,17.6,11.6,0.0,0.6,66.9,1011.0,113.0,S,21.0,Imola,McLaren
53,NOR,54,0,2,3,0,51,17.6,11.6,0.0,0.8,66.2,1010.9,107.0,S,22.0,Imola,McLaren
54,NOR,55,0,2,3,0,51,17.5,11.7,0.0,0.5,66.6,1011.0,92.0,S,23.0,Imola,McLaren
55,NOR,56,0,2,3,0,51,17.8,11.8,1.0,0.5,64.8,1011.4,97.0,S,24.0,Imola,McLaren
56,NOR,57,0,2,3,0,51,17.8,11.7,0.0,0.7,65.2,1011.1,113.0,S,25.0,Imola,McLaren
57,NOR,58,0,2,3,0,51,17.7,11.8,0.0,0.7,65.9,1011.0,96.0,S,26.0,Imola,McLaren
58,NOR,59,0,2,3,0,51,17.7,11.7,0.0,0.5,66.2,1010.9,118.0,S,27.0,Imola,McLaren
59,NOR,60,0,3,3,0,51,17.6,11.7,0.0,0.3,65.2,1010.9,35.0,S,28.0,Imola,McLaren
60,NOR,61,0,3,3,0,52,17.9,12.1,0.0,0.8,64.0,1010.8,91.0,S,29.0,Imola,McLaren
61,NOR,62,0,3,3,0,52,18.0,12.1,0.0,0.7,63.7,1010.8,80.0,S,30.0,Imola,McLaren
62,NOR,63,0,3,3,0,52,18.5,12.1,0.0,0.7,63.2,1010.9,100.0,S,31.0,Imola,McLaren
0,BOT,1,0,10,18,0,46,17.7,9.6,1.0,0.1,75.0,1011.5,178.0,I,0.0,Imola,Mercedes
1,BOT,2,0,10,18,0,46,17.2,9.5,1.0,0.1,75.7,1011.5,199.0,I,1.0,Imola,Mercedes
2,BOT,3,0,10,18,0,49,16.4,9.7,1.0,0.2,74.0,1011.5,268.0,I,2.0,Imola,Mercedes
3,BOT,4,0,10,18,0,47,16.2,9.8,1.0,0.3,74.3,1011.5,77.0,I,3.0,Imola,Mercedes
4,BOT,5,0,10,18,0,47,16.2,10.0,1.0,0.3,72.2,1011.4,83.0,I,4.0,Imola,Mercedes
5,BOT,6,0,10,18,0,48,14.5,10.3,1.0,0.7,69.6,1011.5,90.0,I,5.0,Imola,Mercedes
6,BOT,7,0,10,18,0,47,14.3,10.3,1.0,0.8,68.5,1011.3,82.0,I,6.0,Imola,Mercedes
7,BOT,8,0,10,18,0,46,14.1,10.6,0.0,0.7,66.5,1011.3,89.0,I,7.0,Imola,Mercedes
8,BOT,9,0,10,18,0,46,15.0,11.0,0.0,1.0,67.7,1011.3,95.0,I,8.0,Imola,Mercedes
9,BOT,10,0,10,18,0,46,15.2,11.1,0.0,1.0,67.6,1011.2,102.0,I,9.0,Imola,Mercedes
10,BOT,11,0,10,18,0,46,15.4,11.1,0.0,1.1,65.9,1011.2,88.0,I,10.0,Imola,Mercedes
11,BOT,12,0,9,18,0,47,15.5,11.1,0.0,0.8,65.0,1011.3,84.0,I,11.0,Imola,Mercedes
12,BOT,13,0,9,18,0,47,15.8,11.2,0.0,0.8,66.0,1011.2,117.0,I,12.0,Imola,Mercedes
13,BOT,14,0,9,18,0,48,16.0,11.1,0.0,0.4,67.1,1011.2,229.0,I,13.0,Imola,Mercedes
14,BOT,15,0,9,18,0,48,15.9,11.0,0.0,0.2,68.2,1011.3,232.0,I,14.0,Imola,Mercedes
15,BOT,16,0,9,18,0,49,16.8,11.0,0.0,0.3,69.7,1011.2,228.0,I,15.0,Imola,Mercedes
16,BOT,17,0,9,18,0,49,17.4,11.1,0.0,0.1,71.3,1011.2,245.0,I,16.0,Imola,Mercedes
17,BOT,18,0,9,18,0,49,17.8,11.1,0.0,0.5,68.9,1011.1,251.0,I,17.0,Imola,Mercedes
18,BOT,19,0,9,18,0,49,18.3,11.3,0.0,0.2,70.1,1011.0,277.0,I,18.0,Imola,Mercedes
19,BOT,20,0,9,18,0,49,18.2,11.2,0.0,0.3,68.9,1011.0,287.0,I,19.0,Imola,Mercedes
20,BOT,21,0,9,18,0,49,18.2,11.6,0.0,0.5,67.3,1011.1,297.0,I,20.0,Imola,Mercedes
21,BOT,22,0,9,18,0,49,17.9,11.6,0.0,0.9,66.2,1011.0,91.0,I,21.0,Imola,Mercedes
22,BOT,23,0,9,18,0,49,17.6,11.6,0.0,0.7,67.1,1011.0,88.0,I,22.0,Imola,Mercedes
23,BOT,24,0,9,18,0,49,17.6,11.7,1.0,0.7,66.3,1011.1,70.0,I,23.0,Imola,Mercedes
24,BOT,25,0,9,18,0,50,17.8,11.8,1.0,0.6,64.8,1011.0,108.0,I,24.0,Imola,Mercedes
25,BOT,26,0,9,18,0,50,17.8,11.7,0.0,0.5,64.6,1011.0,92.0,I,25.0,Imola,Mercedes
26,BOT,27,0,8,18,0,50,17.6,11.6,0.0,0.9,65.9,1010.7,80.0,I,26.0,Imola,Mercedes
27,BOT,28,0,6,18,0,50,17.7,11.7,0.0,0.5,65.8,1010.9,98.0,I,27.0,Imola,Mercedes
28,BOT,29,0,8,18,0,50,17.7,11.7,0.0,0.6,65.5,1010.9,62.0,M,3.0,Imola,Mercedes
29,BOT,30,0,9,18,1,50,18.6,12.3,0.0,0.3,61.6,1010.9,72.0,M,4.0,Imola,Mercedes
0,OCO,1,0,14,10,0,45,17.7,9.5,1.0,0.4,77.1,1011.5,0.0,W,0.0,Imola,Alpine
1,OCO,2,0,19,10,0,41,17.3,9.6,1.0,0.2,75.4,1011.5,203.0,I,0.0,Imola,Alpine
2,OCO,3,0,18,10,0,44,17.2,9.5,1.0,0.1,75.7,1011.5,199.0,I,1.0,Imola,Alpine
3,OCO,4,0,17,10,0,44,17.1,9.5,1.0,0.3,74.2,1011.4,226.0,I,2.0,Imola,Alpine
4,OCO,5,0,17,10,0,45,16.7,9.6,1.0,0.5,75.6,1011.6,206.0,I,3.0,Imola,Alpine
5,OCO,6,0,17,10,0,46,16.5,9.6,1.0,0.3,76.8,1011.5,91.0,I,4.0,Imola,Alpine
6,OCO,7,0,16,10,0,45,16.4,9.7,1.0,0.2,74.0,1011.5,268.0,I,5.0,Imola,Alpine
7,OCO,8,0,16,10,0,44,16.3,9.7,1.0,0.2,74.7,1011.5,95.0,I,6.0,Imola,Alpine
8,OCO,9,0,16,10,0,43,16.2,9.7,1.0,0.1,73.2,1011.5,359.0,I,7.0,Imola,Alpine
9,OCO,10,0,15,10,0,42,16.2,9.9,1.0,0.1,72.5,1011.4,0.0,I,8.0,Imola,Alpine
10,OCO,11,0,15,10,0,42,16.2,10.0,1.0,0.3,72.2,1011.4,83.0,I,9.0,Imola,Alpine
11,OCO,12,0,15,10,0,42,16.1,10.0,1.0,0.7,71.3,1011.5,99.0,I,10.0,Imola,Alpine
12,OCO,13,0,16,10,0,42,15.2,10.1,1.0,0.8,67.7,1011.4,81.0,I,11.0,Imola,Alpine
13,OCO,14,0,15,10,0,41,14.9,10.2,1.0,0.9,68.2,1011.4,91.0,I,12.0,Imola,Alpine
14,OCO,15,0,15,10,0,41,14.3,10.3,1.0,0.8,68.5,1011.3,82.0,I,13.0,Imola,Alpine
15,OCO,16,0,15,10,0,41,14.3,10.3,1.0,0.8,68.8,1011.3,103.0,I,14.0,Imola,Alpine
16,OCO,17,0,15,10,0,42,14.0,10.4,0.0,0.8,69.1,1011.3,75.0,I,15.0,Imola,Alpine
17,OCO,18,0,15,10,0,42,14.1,10.4,0.0,0.8,69.3,1011.3,67.0,I,16.0,Imola,Alpine
18,OCO,19,0,15,10,0,42,13.9,10.5,0.0,0.6,67.7,1011.6,70.0,I,17.0,Imola,Alpine
19,OCO,20,0,14,10,0,42,13.9,10.4,0.0,0.7,67.3,1011.2,79.0,I,18.0,Imola,Alpine
20,OCO,21,0,14,10,0,42,13.9,10.5,0.0,0.9,68.6,1011.3,78.0,I,19.0,Imola,Alpine
21,OCO,22,0,14,10,0,42,14.1,10.6,0.0,0.7,66.5,1011.3,89.0,I,20.0,Imola,Alpine
22,OCO,23,0,14,10,0,42,14.2,10.6,0.0,0.9,68.1,1011.0,81.0,I,21.0,Imola,Alpine
23,OCO,24,0,14,10,0,42,14.2,10.7,0.0,0.7,68.9,1011.3,85.0,I,22.0,Imola,Alpine
24,OCO,25,0,13,10,0,42,15.3,11.1,0.0,1.1,67.3,1011.1,97.0,I,23.0,Imola,Alpine
25,OCO,26,0,13,10,0,42,15.5,11.1,0.0,0.8,65.0,1011.3,84.0,I,24.0,Imola,Alpine
26,OCO,27,0,12,10,0,43,15.4,11.0,0.0,0.7,66.1,1011.2,100.0,I,25.0,Imola,Alpine
27,OCO,28,0,15,10,0,43,15.9,11.1,0.0,0.5,66.5,1011.0,155.0,M,0.0,Imola,Alpine
28,OCO,29,0,14,10,0,43,16.0,11.1,0.0,0.4,67.1,1011.2,229.0,M,1.0,Imola,Alpine
29,OCO,30,0,14,10,0,43,15.9,11.0,0.0,0.2,66.8,1011.2,230.0,M,2.0,Imola,Alpine
30,OCO,31,0,12,10,0,44,15.9,11.0,0.0,0.2,68.2,1011.3,232.0,M,3.0,Imola,Alpine
31,OCO,32,0,13,10,0,43,16.3,11.1,0.0,0.2,70.1,1011.2,240.0,S,2.0,Imola,Alpine
32,OCO,33,0,13,10,0,43,16.5,11.0,0.0,0.1,70.4,1011.2,88.0,M,4.0,Imola,Alpine
33,OCO,34,0,13,10,0,44,16.6,11.0,0.0,0.1,68.9,1011.2,251.0,M,4.0,Imola,Alpine
34,OCO,35,0,13,10,0,44,17.2,10.9,0.0,0.2,71.1,1011.2,351.0,M,5.0,Imola,Alpine
35,OCO,36,0,13,10,0,44,17.4,11.1,0.0,0.1,71.3,1011.2,245.0,M,6.0,Imola,Alpine
36,OCO,37,0,13,10,0,44,17.7,11.1,0.0,0.1,70.5,1011.1,282.0,M,7.0,Imola,Alpine
37,OCO,38,0,12,10,0,44,17.8,11.0,0.0,0.4,69.8,1011.1,271.0,M,8.0,Imola,Alpine
38,OCO,39,0,12,10,0,44,17.8,11.0,0.0,0.4,71.0,1011.0,266.0,M,9.0,Imola,Alpine
39,OCO,40,0,11,10,0,45,18.0,11.1,0.0,0.2,71.3,1011.1,248.0,M,10.0,Imola,Alpine
40,OCO,41,0,10,10,0,45,18.3,11.3,0.0,0.2,70.1,1011.0,277.0,M,11.0,Imola,Alpine
41,OCO,42,0,10,10,0,45,18.2,11.3,0.0,0.3,69.2,1011.1,268.0,M,12.0,Imola,Alpine
42,OCO,43,0,10,10,0,45,18.1,11.3,0.0,0.3,69.8,1011.0,114.0,M,13.0,Imola,Alpine
43,OCO,44,0,10,10,0,45,18.2,11.5,0.0,0.6,69.4,1011.2,42.0,M,14.0,Imola,Alpine
44,OCO,45,0,10,10,0,45,18.0,11.5,0.0,0.7,67.1,1010.7,94.0,M,15.0,Imola,Alpine
45,OCO,46,0,10,10,0,45,17.9,11.6,0.0,0.9,66.2,1011.0,91.0,M,16.0,Imola,Alpine
46,OCO,47,0,10,10,0,46,17.7,11.6,0.0,0.5,67.0,1011.0,88.0,M,17.0,Imola,Alpine
47,OCO,48,0,10,10,0,46,17.6,11.6,0.0,0.6,66.9,1011.0,113.0,M,18.0,Imola,Alpine
48,OCO,49,0,10,10,0,46,17.6,11.6,0.0,0.8,66.2,1010.9,107.0,M,19.0,Imola,Alpine
49,OCO,50,0,10,10,0,46,17.5,11.7,0.0,0.5,66.6,1011.0,92.0,M,20.0,Imola,Alpine
50,OCO,51,0,10,10,0,46,17.6,11.7,1.0,0.7,66.3,1011.1,70.0,M,21.0,Imola,Alpine
51,OCO,52,0,10,10,0,46,17.8,11.8,1.0,0.6,64.8,1011.0,108.0,M,22.0,Imola,Alpine
52,OCO,53,0,10,10,0,46,17.8,11.8,1.0,0.5,64.8,1011.4,97.0,M,23.0,Imola,Alpine
53,OCO,54,0,10,10,0,46,17.8,11.7,0.0,0.5,64.6,1011.0,92.0,M,24.0,Imola,Alpine
54,OCO,55,0,10,10,0,46,17.7,11.8,0.0,0.7,65.9,1011.0,96.0,M,25.0,Imola,Alpine
55,OCO,56,0,10,10,0,47,17.7,11.7,0.0,0.5,65.8,1010.9,98.0,M,26.0,Imola,Alpine
56,OCO,57,0,10,10,0,47,17.8,11.7,0.0,0.3,64.9,1010.9,320.0,M,27.0,Imola,Alpine
57,OCO,58,0,10,10,0,47,17.8,11.7,0.0,0.3,65.0,1011.0,62.0,M,28.0,Imola,Alpine
58,OCO,59,0,10,10,0,47,17.7,11.8,0.0,0.3,63.2,1010.9,92.0,M,29.0,Imola,Alpine
59,OCO,60,0,10,10,0,47,17.8,12.0,0.0,0.8,63.8,1011.0,105.0,M,30.0,Imola,Alpine
60,OCO,61,0,10,10,0,47,17.9,12.1,0.0,0.8,64.0,1010.8,91.0,M,31.0,Imola,Alpine
61,OCO,62,0,10,10,0,47,18.0,12.1,0.0,0.7,63.7,1010.8,80.0,M,32.0,Imola,Alpine
62,OCO,63,0,10,10,0,47,18.5,12.1,0.0,0.7,63.2,1010.9,100.0,M,33.0,Imola,Alpine
0,STR,1,0,7,7,0,49,17.2,9.5,1.0,0.1,75.7,1011.5,199.0,I,0.0,Imola,Aston Martin
1,STR,2,0,7,7,0,36,16.9,9.4,1.0,0.2,74.4,1011.5,122.0,I,1.0,Imola,Aston Martin
2,STR,3,0,7,7,0,32,16.5,9.6,1.0,0.3,76.8,1011.5,91.0,I,2.0,Imola,Aston Martin
3,STR,4,0,7,7,0,29,16.5,9.8,1.0,0.2,76.5,1011.5,218.0,I,3.0,Imola,Aston Martin
4,STR,5,0,7,7,0,29,16.4,9.7,1.0,0.2,74.8,1011.5,238.0,I,4.0,Imola,Aston Martin
5,STR,6,0,7,7,0,28,16.2,9.7,1.0,0.1,73.2,1011.5,359.0,I,5.0,Imola,Aston Martin
6,STR,7,0,9,7,0,27,16.2,9.9,1.0,0.1,72.5,1011.4,0.0,I,6.0,Imola,Aston Martin
7,STR,8,0,9,7,0,28,16.2,10.0,1.0,0.3,72.2,1011.4,83.0,I,7.0,Imola,Aston Martin
8,STR,9,0,9,7,0,29,15.2,10.1,1.0,0.8,67.7,1011.4,81.0,I,8.0,Imola,Aston Martin
9,STR,10,0,9,7,0,30,15.2,10.1,1.0,0.8,69.9,1011.4,99.0,I,9.0,Imola,Aston Martin
10,STR,11,0,8,7,0,31,14.9,10.2,1.0,0.9,68.2,1011.4,91.0,I,10.0,Imola,Aston Martin
11,STR,12,0,8,7,0,32,14.6,10.2,1.0,0.9,69.2,1011.4,89.0,I,11.0,Imola,Aston Martin
12,STR,13,0,8,7,0,33,14.3,10.3,1.0,0.8,68.5,1011.3,82.0,I,12.0,Imola,Aston Martin
13,STR,14,0,8,7,0,34,14.1,10.4,1.0,0.7,69.6,1011.3,93.0,I,13.0,Imola,Aston Martin
14,STR,15,0,8,7,0,35,14.0,10.4,0.0,0.8,69.1,1011.3,75.0,I,14.0,Imola,Aston Martin
15,STR,16,0,8,7,0,36,13.9,10.4,0.0,0.8,68.8,1011.3,83.0,I,15.0,Imola,Aston Martin
16,STR,17,0,8,7,0,36,13.9,10.4,0.0,0.7,67.3,1011.2,79.0,I,16.0,Imola,Aston Martin
17,STR,18,0,8,7,0,36,14.2,10.6,0.0,0.9,68.1,1011.0,81.0,I,17.0,Imola,Aston Martin
18,STR,19,0,8,7,0,37,14.2,10.7,0.0,0.7,68.9,1011.3,85.0,I,18.0,Imola,Aston Martin
19,STR,20,0,8,7,0,37,14.4,10.7,0.0,0.8,68.7,1011.4,99.0,I,19.0,Imola,Aston Martin
20,STR,21,0,8,7,0,38,14.6,10.8,0.0,0.7,69.2,1011.1,105.0,I,20.0,Imola,Aston Martin
21,STR,22,0,8,7,0,38,14.7,10.9,0.0,1.0,68.6,1011.3,92.0,I,21.0,Imola,Aston Martin
22,STR,23,0,8,7,0,38,14.9,10.9,0.0,1.0,67.7,1011.2,112.0,I,22.0,Imola,Aston Martin
23,STR,24,0,8,7,0,38,15.0,11.0,0.0,1.0,67.7,1011.3,95.0,I,23.0,Imola,Aston Martin
24,STR,25,0,8,7,0,39,15.2,11.1,0.0,1.0,67.6,1011.2,102.0,I,24.0,Imola,Aston Martin
25,STR,26,0,8,7,0,39,15.3,11.1,0.0,1.1,67.3,1011.1,97.0,I,25.0,Imola,Aston Martin
26,STR,27,0,9,7,0,40,15.6,11.1,0.0,1.0,66.0,1011.3,91.0,I,26.0,Imola,Aston Martin
27,STR,28,0,9,7,0,40,15.7,11.1,0.0,0.9,65.9,1011.2,97.0,M,0.0,Imola,Aston Martin
28,STR,29,0,9,7,0,40,15.8,11.2,0.0,0.8,66.0,1011.2,117.0,M,1.0,Imola,Aston Martin
29,STR,30,0,8,7,0,40,16.5,11.0,0.0,0.1,70.4,1011.2,88.0,M,2.0,Imola,Aston Martin
30,STR,31,0,8,7,0,41,16.6,11.0,0.0,0.1,68.9,1011.2,251.0,M,3.0,Imola,Aston Martin
31,STR,32,0,7,7,0,40,16.8,11.0,0.0,0.3,68.3,1011.1,238.0,M,4.0,Imola,Aston Martin
32,STR,33,0,7,7,0,40,16.8,10.9,0.0,0.1,69.9,1011.2,255.0,M,4.0,Imola,Aston Martin
33,STR,34,0,7,7,0,40,17.2,10.9,0.0,0.2,71.1,1011.2,351.0,M,6.0,Imola,Aston Martin
34,STR,35,0,7,7,0,39,17.5,11.1,0.0,0.2,70.7,1011.2,283.0,M,7.0,Imola,Aston Martin
35,STR,36,0,7,7,0,40,17.7,11.1,0.0,0.1,70.5,1011.1,282.0,M,8.0,Imola,Aston Martin
36,STR,37,0,7,7,0,40,17.8,11.0,0.0,0.4,69.8,1011.1,271.0,M,9.0,Imola,Aston Martin
37,STR,38,0,6,7,0,40,17.8,10.9,0.0,0.3,70.8,1011.1,275.0,M,10.0,Imola,Aston Martin
38,STR,39,0,7,7,0,41,17.9,11.0,0.0,0.4,70.9,1011.1,286.0,M,11.0,Imola,Aston Martin
39,STR,40,0,7,7,0,41,17.9,11.0,0.0,0.3,71.9,1011.0,263.0,M,12.0,Imola,Aston Martin
40,STR,41,0,7,7,0,41,18.0,11.1,0.0,0.3,71.8,1011.0,295.0,M,13.0,Imola,Aston Martin
41,STR,42,0,7,7,0,41,18.3,11.3,0.0,0.2,70.1,1011.0,277.0,M,14.0,Imola,Aston Martin
42,STR,43,0,7,7,0,42,18.2,11.3,0.0,0.1,68.3,1011.0,260.0,M,15.0,Imola,Aston Martin
43,STR,44,0,7,7,0,42,18.2,11.3,0.0,0.3,69.2,1011.1,268.0,M,16.0,Imola,Aston Martin
44,STR,45,0,7,7,0,42,18.1,11.2,0.0,0.2,69.1,1011.0,235.0,M,17.0,Imola,Aston Martin
45,STR,46,0,7,7,0,42,18.1,11.3,0.0,0.3,69.8,1011.0,114.0,M,18.0,Imola,Aston Martin
46,STR,47,0,7,7,0,43,18.2,11.5,0.0,0.6,69.4,1011.2,42.0,M,19.0,Imola,Aston Martin
47,STR,48,0,7,7,0,43,18.2,11.6,0.0,0.5,67.3,1011.1,297.0,M,20.0,Imola,Aston Martin
48,STR,49,0,7,7,0,43,18.0,11.5,0.0,0.7,67.1,1010.7,94.0,M,21.0,Imola,Aston Martin
49,STR,50,0,7,7,0,43,17.9,11.5,0.0,0.5,66.9,1011.1,84.0,M,22.0,Imola,Aston Martin
50,STR,51,0,7,7,0,43,17.6,11.6,0.0,0.8,66.2,1010.9,107.0,M,23.0,Imola,Aston Martin
51,STR,52,0,7,7,0,44,17.6,11.7,1.0,0.7,66.3,1011.1,70.0,M,24.0,Imola,Aston Martin
52,STR,53,0,7,7,0,44,17.8,11.7,1.0,0.5,66.1,1010.9,80.0,M,25.0,Imola,Aston Martin
53,STR,54,0,7,7,0,44,17.8,11.8,1.0,0.6,64.8,1011.0,108.0,M,26.0,Imola,Aston Martin
54,STR,55,0,7,7,0,44,17.8,11.8,1.0,0.5,64.8,1011.4,97.0,M,27.0,Imola,Aston Martin
55,STR,56,0,7,7,0,44,17.8,11.7,0.0,0.5,64.6,1011.0,92.0,M,28.0,Imola,Aston Martin
56,STR,57,0,7,7,0,44,17.7,11.8,0.0,0.7,65.9,1011.0,96.0,M,29.0,Imola,Aston Martin
57,STR,58,0,7,7,0,45,17.7,11.7,0.0,0.3,66.0,1010.9,82.0,M,30.0,Imola,Aston Martin
58,STR,59,0,7,7,0,45,17.8,11.7,0.0,0.8,65.7,1010.9,87.0,M,31.0,Imola,Aston Martin
59,STR,60,0,7,7,0,45,17.8,11.7,0.0,0.3,65.0,1011.0,62.0,M,32.0,Imola,Aston Martin
60,STR,61,0,7,7,0,45,17.8,12.0,0.0,0.8,63.8,1011.0,105.0,M,33.0,Imola,Aston Martin
61,STR,62,0,7,7,0,45,18.5,12.1,0.0,0.7,63.2,1010.9,100.0,M,34.0,Imola,Aston Martin
62,STR,63,0,7,7,0,45,18.6,12.3,0.0,0.3,61.6,1010.9,72.0,M,35.0,Imola,Aston Martin
0,SAI,1,0,8,5,0,50,17.2,9.5,1.0,0.1,75.7,1011.5,199.0,I,0.0,Imola,Ferrari
1,SAI,2,0,8,5,0,46,16.7,9.6,1.0,0.5,75.6,1011.6,206.0,I,1.0,Imola,Ferrari
2,SAI,3,0,8,5,0,46,16.4,9.7,1.0,0.2,74.8,1011.5,238.0,I,2.0,Imola,Ferrari
3,SAI,4,0,8,5,0,45,16.3,9.7,1.0,0.2,74.7,1011.5,95.0,I,3.0,Imola,Ferrari
4,SAI,5,0,8,5,0,45,16.2,9.8,1.0,0.3,74.3,1011.5,77.0,I,4.0,Imola,Ferrari
5,SAI,6,0,8,5,0,46,16.2,9.9,1.0,0.1,72.5,1011.4,0.0,I,5.0,Imola,Ferrari
6,SAI,7,0,7,5,0,46,15.7,10.0,1.0,0.7,71.2,1011.3,97.0,I,6.0,Imola,Ferrari
7,SAI,8,0,8,5,0,45,15.2,10.1,1.0,0.8,67.7,1011.4,81.0,I,7.0,Imola,Ferrari
8,SAI,9,0,7,5,0,44,15.2,10.1,1.0,0.8,69.9,1011.4,99.0,I,8.0,Imola,Ferrari
9,SAI,10,0,7,5,0,44,14.6,10.2,1.0,0.9,69.2,1011.4,89.0,I,9.0,Imola,Ferrari
10,SAI,11,0,7,5,0,45,14.5,10.3,1.0,0.7,69.6,1011.5,90.0,I,10.0,Imola,Ferrari
11,SAI,12,0,7,5,0,46,14.0,10.4,0.0,0.8,69.1,1011.3,75.0,I,11.0,Imola,Ferrari
12,SAI,13,0,7,5,0,46,14.1,10.4,0.0,0.8,69.3,1011.3,67.0,I,12.0,Imola,Ferrari
13,SAI,14,0,7,5,0,46,13.8,10.4,0.0,0.9,68.9,1011.4,89.0,I,13.0,Imola,Ferrari
14,SAI,15,0,7,5,0,46,13.9,10.5,0.0,0.6,67.7,1011.6,70.0,I,14.0,Imola,Ferrari
15,SAI,16,0,7,5,0,46,13.9,10.4,0.0,0.7,67.3,1011.2,79.0,I,15.0,Imola,Ferrari
16,SAI,17,0,7,5,0,46,13.9,10.5,0.0,0.9,68.6,1011.3,78.0,I,16.0,Imola,Ferrari
17,SAI,18,0,7,5,0,46,14.1,10.6,0.0,0.7,66.5,1011.3,89.0,I,17.0,Imola,Ferrari
18,SAI,19,0,7,5,0,46,14.2,10.6,0.0,0.9,68.1,1011.0,81.0,I,18.0,Imola,Ferrari
19,SAI,20,0,7,5,0,46,14.4,10.7,0.0,0.8,68.7,1011.4,99.0,I,19.0,Imola,Ferrari
20,SAI,21,0,7,5,0,45,15.0,11.0,0.0,1.0,67.7,1011.3,95.0,I,20.0,Imola,Ferrari
21,SAI,22,0,7,5,0,45,15.2,11.1,0.0,1.0,67.6,1011.2,102.0,I,21.0,Imola,Ferrari
22,SAI,23,0,7,5,0,45,15.5,11.1,0.0,0.8,65.0,1011.3,84.0,I,22.0,Imola,Ferrari
23,SAI,24,0,7,5,0,45,15.5,11.1,0.0,0.7,66.0,1011.3,105.0,I,23.0,Imola,Ferrari
24,SAI,25,0,7,5,0,45,15.9,11.2,0.0,0.5,67.1,1011.2,113.0,I,24.0,Imola,Ferrari
25,SAI,26,0,6,5,0,45,16.0,11.1,0.0,0.4,67.1,1011.2,229.0,I,25.0,Imola,Ferrari
26,SAI,27,0,6,5,0,45,15.9,11.0,0.0,0.2,66.8,1011.2,230.0,I,26.0,Imola,Ferrari
27,SAI,28,0,7,5,0,45,16.4,11.0,0.0,0.1,69.6,1011.2,208.0,M,0.0,Imola,Ferrari
28,SAI,29,0,6,5,0,45,16.8,11.0,0.0,0.3,68.3,1011.1,238.0,M,1.0,Imola,Ferrari
29,SAI,30,0,6,5,0,45,16.8,10.9,0.0,0.1,69.9,1011.2,255.0,M,2.0,Imola,Ferrari
30,SAI,31,0,5,5,0,46,17.4,11.1,0.0,0.1,71.3,1011.2,245.0,M,3.0,Imola,Ferrari
31,SAI,32,0,5,5,0,46,17.5,11.1,0.0,0.2,70.7,1011.2,283.0,M,4.0,Imola,Ferrari
32,SAI,33,0,5,5,0,45,17.7,11.1,0.0,0.1,70.5,1011.1,282.0,M,5.0,Imola,Ferrari
33,SAI,34,0,5,5,0,45,17.8,11.1,0.0,0.5,68.9,1011.1,251.0,M,6.0,Imola,Ferrari
34,SAI,35,0,5,5,0,45,17.7,10.9,0.0,0.3,70.6,1011.1,240.0,M,7.0,Imola,Ferrari
35,SAI,36,0,5,5,0,45,17.8,11.0,0.0,0.4,71.0,1011.0,266.0,M,8.0,Imola,Ferrari
36,SAI,37,0,5,5,0,46,17.9,11.0,0.0,0.4,70.9,1011.1,286.0,M,9.0,Imola,Ferrari
37,SAI,38,0,4,5,0,46,18.0,11.1,0.0,0.2,71.3,1011.1,248.0,M,10.0,Imola,Ferrari
38,SAI,39,0,4,5,0,46,18.0,11.2,0.0,0.1,71.4,1011.1,241.0,M,11.0,Imola,Ferrari
39,SAI,40,0,4,5,0,46,18.2,11.3,0.0,0.3,69.2,1011.1,268.0,M,12.0,Imola,Ferrari
40,SAI,41,0,4,5,0,47,18.2,11.5,0.0,0.6,69.4,1011.2,42.0,M,13.0,Imola,Ferrari
41,SAI,42,0,4,5,0,47,18.2,11.6,0.0,0.5,67.3,1011.1,297.0,M,14.0,Imola,Ferrari
42,SAI,43,0,4,5,0,47,17.9,11.5,0.0,0.5,66.9,1011.1,84.0,M,15.0,Imola,Ferrari
43,SAI,44,0,4,5,0,47,17.9,11.6,0.0,0.9,66.2,1011.0,91.0,M,16.0,Imola,Ferrari
44,SAI,45,0,4,5,0,48,17.9,11.6,0.0,0.8,66.7,1011.0,163.0,M,17.0,Imola,Ferrari
45,SAI,46,0,4,5,0,48,17.6,11.6,0.0,0.7,67.1,1011.0,88.0,M,18.0,Imola,Ferrari
46,SAI,47,0,4,5,0,48,17.6,11.6,0.0,0.6,66.9,1011.0,113.0,M,19.0,Imola,Ferrari
47,SAI,48,0,4,5,0,48,17.7,11.6,0.0,0.7,66.6,1010.9,122.0,M,20.0,Imola,Ferrari
48,SAI,49,0,4,5,0,49,17.6,11.7,1.0,0.7,66.3,1011.1,70.0,M,21.0,Imola,Ferrari
49,SAI,50,0,5,5,0,49,17.8,11.7,1.0,0.5,66.1,1010.9,80.0,M,22.0,Imola,Ferrari
50,SAI,51,0,5,5,0,49,17.8,11.8,1.0,0.6,64.8,1011.0,108.0,M,23.0,Imola,Ferrari
51,SAI,52,0,5,5,0,49,17.8,11.7,0.0,0.7,65.2,1011.1,113.0,M,24.0,Imola,Ferrari
52,SAI,53,0,5,5,0,49,17.7,11.8,0.0,0.7,65.9,1011.0,96.0,M,25.0,Imola,Ferrari
53,SAI,54,0,5,5,0,49,17.7,11.7,0.0,0.5,66.2,1010.9,118.0,M,26.0,Imola,Ferrari
54,SAI,55,0,5,5,0,49,17.7,11.7,0.0,0.3,66.0,1010.9,82.0,M,27.0,Imola,Ferrari
55,SAI,56,0,5,5,0,49,17.7,11.7,0.0,0.5,65.8,1010.9,98.0,M,28.0,Imola,Ferrari
56,SAI,57,0,5,5,0,50,17.8,12.0,0.0,0.8,63.8,1011.0,105.0,M,29.0,Imola,Ferrari
57,SAI,58,0,5,5,0,50,17.9,12.1,0.0,0.8,64.0,1010.8,91.0,M,30.0,Imola,Ferrari
58,SAI,59,0,5,5,0,50,18.0,12.1,0.0,0.7,63.7,1010.8,80.0,M,31.0,Imola,Ferrari
59,SAI,60,0,5,5,0,50,18.5,12.1,0.0,0.7,63.2,1010.9,100.0,M,32.0,Imola,Ferrari
60,SAI,61,0,5,5,0,50,18.5,12.2,0.0,0.6,62.6,1011.0,89.0,M,33.0,Imola,Ferrari
61,SAI,62,0,5,5,0,50,18.5,12.3,0.0,0.7,62.4,1011.0,90.0,M,34.0,Imola,Ferrari
62,SAI,63,0,5,5,0,50,18.6,12.3,0.0,0.3,61.6,1010.9,72.0,M,35.0,Imola,Ferrari
0,RUS,1,0,11,19,0,55,17.2,9.5,1.0,0.1,75.7,1011.5,199.0,I,0.0,Imola,Williams
1,RUS,2,0,11,19,0,42,16.9,9.4,1.0,0.2,74.4,1011.5,122.0,I,1.0,Imola,Williams
2,RUS,3,0,11,19,0,41,16.7,9.6,1.0,0.5,75.6,1011.6,206.0,I,2.0,Imola,Williams
3,RUS,4,0,11,19,0,40,16.5,9.8,1.0,0.2,76.5,1011.5,218.0,I,3.0,Imola,Williams
4,RUS,5,0,11,19,0,39,16.2,9.9,1.0,0.1,72.5,1011.4,0.0,I,4.0,Imola,Williams
5,RUS,6,0,11,19,0,41,16.2,9.9,1.0,0.6,72.5,1011.5,85.0,I,5.0,Imola,Williams
6,RUS,7,0,11,19,0,41,15.2,10.1,1.0,0.8,69.9,1011.4,99.0,I,6.0,Imola,Williams
7,RUS,8,0,11,19,0,41,14.9,10.2,1.0,0.9,68.2,1011.4,91.0,I,7.0,Imola,Williams
8,RUS,9,0,11,19,0,42,14.1,10.4,1.0,0.7,69.6,1011.3,93.0,I,8.0,Imola,Williams
9,RUS,10,0,11,19,0,42,13.9,10.5,0.0,0.6,67.7,1011.6,70.0,I,9.0,Imola,Williams
10,RUS,11,0,11,19,0,42,15.5,11.1,0.0,0.8,65.0,1011.3,84.0,I,10.0,Imola,Williams
11,RUS,12,0,11,19,0,42,15.5,11.1,0.0,0.7,66.0,1011.3,105.0,I,11.0,Imola,Williams
12,RUS,13,0,10,19,0,42,15.4,11.0,0.0,0.7,66.1,1011.2,100.0,I,12.0,Imola,Williams
13,RUS,14,0,10,19,0,43,16.1,11.1,0.0,0.2,69.6,1011.2,234.0,I,13.0,Imola,Williams
14,RUS,15,0,10,19,0,43,16.4,11.0,0.0,0.1,69.6,1011.2,208.0,I,14.0,Imola,Williams
15,RUS,16,0,10,19,0,43,16.8,11.0,0.0,0.3,68.3,1011.1,238.0,I,15.0,Imola,Williams
16,RUS,17,0,10,19,0,43,17.2,10.9,0.0,0.2,71.1,1011.2,351.0,I,16.0,Imola,Williams
17,RUS,18,0,10,19,0,44,17.4,11.1,0.0,0.1,71.3,1011.2,245.0,I,17.0,Imola,Williams
18,RUS,19,0,10,19,0,44,17.5,11.1,0.0,0.2,70.7,1011.2,283.0,I,18.0,Imola,Williams
19,RUS,20,0,10,19,0,44,17.8,11.1,0.0,0.5,68.9,1011.1,251.0,I,19.0,Imola,Williams
20,RUS,21,0,10,19,0,44,17.8,11.0,0.0,0.4,69.8,1011.1,271.0,I,20.0,Imola,Williams
21,RUS,22,0,10,19,0,44,17.8,10.9,0.0,0.3,70.8,1011.1,275.0,I,21.0,Imola,Williams
22,RUS,23,0,10,19,0,45,18.1,11.2,0.0,0.2,69.1,1011.0,235.0,I,22.0,Imola,Williams
23,RUS,24,0,10,19,0,45,18.2,11.6,0.0,0.5,67.3,1011.1,297.0,I,23.0,Imola,Williams
24,RUS,25,0,10,19,0,45,17.6,11.6,0.0,0.7,67.1,1011.0,88.0,I,24.0,Imola,Williams
25,RUS,26,0,10,19,0,45,17.7,11.6,0.0,0.7,66.6,1010.9,122.0,I,25.0,Imola,Williams
26,RUS,27,0,13,19,0,45,17.7,11.7,0.0,0.5,66.2,1010.9,118.0,M,0.0,Imola,Williams
27,RUS,28,0,10,19,0,46,17.6,11.7,0.0,0.3,65.2,1010.9,35.0,M,1.0,Imola,Williams
28,RUS,29,0,10,19,0,46,18.5,12.3,0.0,0.7,62.4,1011.0,90.0,M,2.0,Imola,Williams
29,RUS,30,0,10,19,1,46,18.6,12.3,0.0,0.3,61.6,1010.9,72.0,M,3.0,Imola,Williams
0,VET,1,0,18,15,0,44,17.7,9.5,1.0,0.4,77.1,1011.5,0.0,I,0.0,Imola,Aston Martin
1,VET,2,0,17,15,0,34,17.2,9.5,1.0,0.1,75.7,1011.5,199.0,I,1.0,Imola,Aston Martin
2,VET,3,0,19,15,0,31,17.1,9.5,1.0,0.3,74.2,1011.4,226.0,I,2.0,Imola,Aston Martin
3,VET,4,0,18,15,0,31,16.7,9.6,1.0,0.5,75.6,1011.6,206.0,I,0.0,Imola,Aston Martin
4,VET,5,0,18,15,0,34,16.5,9.8,1.0,0.2,76.5,1011.5,218.0,I,1.0,Imola,Aston Martin
5,VET,6,0,18,15,0,35,16.4,9.7,1.0,0.2,74.8,1011.5,238.0,I,2.0,Imola,Aston Martin
6,VET,7,0,17,15,0,35,16.4,9.6,1.0,0.3,75.9,1011.5,197.0,I,3.0,Imola,Aston Martin
7,VET,8,0,17,15,0,35,16.4,9.7,1.0,0.2,74.0,1011.5,268.0,I,4.0,Imola,Aston Martin
8,VET,9,0,17,15,0,35,16.3,9.7,1.0,0.2,74.7,1011.5,95.0,I,5.0,Imola,Aston Martin
9,VET,10,0,16,15,0,35,16.2,9.9,1.0,0.1,72.5,1011.4,0.0,I,6.0,Imola,Aston Martin
10,VET,11,0,16,15,0,36,15.7,10.0,1.0,0.7,71.2,1011.3,97.0,I,7.0,Imola,Aston Martin
11,VET,12,0,16,15,0,36,14.9,10.2,1.0,0.9,68.2,1011.4,91.0,I,8.0,Imola,Aston Martin
12,VET,13,0,15,15,0,36,14.3,10.3,1.0,0.8,68.5,1011.3,82.0,I,9.0,Imola,Aston Martin
13,VET,14,0,14,15,0,37,14.3,10.3,1.0,0.8,68.8,1011.3,103.0,I,10.0,Imola,Aston Martin
14,VET,15,0,14,15,0,37,14.1,10.4,1.0,0.7,69.6,1011.3,93.0,I,11.0,Imola,Aston Martin
15,VET,16,0,14,15,0,38,14.0,10.4,0.0,0.8,69.1,1011.3,75.0,I,12.0,Imola,Aston Martin
16,VET,17,0,14,15,0,38,13.8,10.4,0.0,0.9,68.9,1011.4,89.0,I,13.0,Imola,Aston Martin
17,VET,18,0,14,15,0,39,14.2,10.7,0.0,0.7,68.9,1011.3,85.0,I,14.0,Imola,Aston Martin
18,VET,19,0,14,15,0,39,14.7,10.9,0.0,1.0,68.6,1011.3,92.0,I,15.0,Imola,Aston Martin
19,VET,20,0,16,15,0,39,14.9,10.9,0.0,1.0,67.7,1011.2,112.0,I,16.0,Imola,Aston Martin
20,VET,21,0,17,15,0,39,15.3,11.1,0.0,1.1,67.3,1011.1,97.0,M,0.0,Imola,Aston Martin
21,VET,22,0,17,15,0,39,15.5,11.1,0.0,0.8,65.0,1011.3,84.0,M,1.0,Imola,Aston Martin
22,VET,23,0,17,15,0,38,15.8,11.2,0.0,0.8,66.0,1011.2,117.0,M,2.0,Imola,Aston Martin
23,VET,24,0,17,15,0,38,16.0,11.2,0.0,0.5,67.3,1011.2,126.0,M,3.0,Imola,Aston Martin
24,VET,25,0,17,15,0,39,16.0,11.1,0.0,0.4,67.1,1011.2,229.0,M,4.0,Imola,Aston Martin
25,VET,26,0,17,15,0,39,16.3,11.1,0.0,0.2,70.1,1011.2,240.0,M,5.0,Imola,Aston Martin
26,VET,27,0,17,15,0,39,16.6,11.0,0.0,0.1,68.9,1011.2,251.0,M,6.0,Imola,Aston Martin
27,VET,28,0,17,15,0,40,16.8,11.0,0.0,0.3,69.7,1011.2,228.0,M,7.0,Imola,Aston Martin
28,VET,29,0,17,15,0,40,16.8,11.0,0.0,0.3,68.3,1011.1,238.0,M,8.0,Imola,Aston Martin
29,VET,30,0,17,15,0,41,16.8,10.9,0.0,0.1,69.9,1011.2,255.0,M,9.0,Imola,Aston Martin
30,VET,31,0,15,15,0,41,17.4,11.1,0.0,0.1,71.3,1011.2,245.0,M,10.0,Imola,Aston Martin
31,VET,32,0,15,15,0,40,17.5,11.1,0.0,0.2,70.7,1011.2,283.0,M,11.0,Imola,Aston Martin
32,VET,33,0,15,15,0,40,17.8,10.9,0.0,0.3,70.8,1011.1,275.0,S,0.0,Imola,Aston Martin
33,VET,34,0,15,15,0,40,17.8,11.0,0.0,0.4,71.0,1011.0,266.0,S,1.0,Imola,Aston Martin
34,VET,35,0,14,15,0,40,18.0,11.1,0.0,0.3,71.8,1011.0,295.0,S,2.0,Imola,Aston Martin
35,VET,36,0,14,15,0,40,18.0,11.1,0.0,0.2,71.3,1011.1,248.0,S,3.0,Imola,Aston Martin
36,VET,37,0,14,15,0,41,18.2,11.3,0.0,0.1,68.3,1011.0,260.0,S,4.0,Imola,Aston Martin
37,VET,38,0,13,15,0,41,18.2,11.3,0.0,0.3,69.2,1011.1,268.0,S,5.0,Imola,Aston Martin
38,VET,39,0,13,15,0,41,18.2,11.2,0.0,0.3,68.9,1011.0,287.0,S,6.0,Imola,Aston Martin
39,VET,40,0,12,15,0,41,18.1,11.2,0.0,0.2,69.1,1011.0,235.0,S,7.0,Imola,Aston Martin
40,VET,41,0,12,15,0,42,18.3,11.6,0.0,0.2,67.9,1011.0,84.0,S,8.0,Imola,Aston Martin
41,VET,42,0,12,15,0,42,18.2,11.6,0.0,0.5,67.3,1011.1,297.0,S,9.0,Imola,Aston Martin
42,VET,43,0,12,15,0,42,17.9,11.5,0.0,0.5,66.9,1011.1,84.0,S,10.0,Imola,Aston Martin
43,VET,44,0,12,15,0,42,17.9,11.6,0.0,0.9,66.2,1011.0,91.0,S,11.0,Imola,Aston Martin
44,VET,45,0,12,15,0,43,17.9,11.6,0.0,0.8,66.7,1011.0,163.0,S,12.0,Imola,Aston Martin
45,VET,46,0,12,15,0,43,17.7,11.6,0.0,0.5,67.0,1011.0,88.0,S,13.0,Imola,Aston Martin
46,VET,47,0,12,15,0,43,17.6,11.6,0.0,0.7,67.1,1011.0,88.0,S,14.0,Imola,Aston Martin
47,VET,48,0,13,15,0,43,17.7,11.6,0.0,0.7,66.6,1010.9,122.0,S,15.0,Imola,Aston Martin
48,VET,49,0,13,15,0,44,17.8,11.7,1.0,0.5,66.1,1010.9,80.0,S,16.0,Imola,Aston Martin
49,VET,50,0,13,15,0,44,17.8,11.8,1.0,0.5,64.8,1011.4,97.0,S,17.0,Imola,Aston Martin
50,VET,51,0,13,15,0,44,17.8,11.7,0.0,0.7,65.2,1011.1,113.0,S,18.0,Imola,Aston Martin
51,VET,52,0,14,15,0,45,17.7,11.8,0.0,0.7,65.9,1011.0,96.0,S,19.0,Imola,Aston Martin
52,VET,53,0,14,15,0,45,17.6,11.6,0.0,0.9,65.9,1010.7,80.0,S,20.0,Imola,Aston Martin
53,VET,54,0,14,15,0,45,17.7,11.7,0.0,0.3,66.0,1010.9,82.0,S,21.0,Imola,Aston Martin
54,VET,55,0,14,15,0,45,17.7,11.7,0.0,0.5,65.8,1010.9,98.0,S,22.0,Imola,Aston Martin
55,VET,56,0,14,15,0,46,17.6,11.7,0.0,0.3,65.2,1010.9,35.0,S,23.0,Imola,Aston Martin
56,VET,57,0,14,15,0,46,17.8,11.7,0.0,0.3,64.9,1010.9,320.0,S,24.0,Imola,Aston Martin
57,VET,58,0,14,15,0,46,17.8,11.7,0.0,0.3,65.0,1011.0,62.0,S,25.0,Imola,Aston Martin
58,VET,59,0,14,15,0,46,17.7,11.8,0.0,0.3,63.2,1010.9,92.0,S,26.0,Imola,Aston Martin
59,VET,60,0,14,15,0,47,17.8,12.0,0.0,0.8,63.8,1011.0,105.0,S,27.0,Imola,Aston Martin
60,VET,61,0,14,15,0,47,18.5,12.3,0.0,0.7,62.4,1011.0,90.0,S,28.0,Imola,Aston Martin
0,ALO,1,0,17,20,0,51,17.7,9.6,1.0,0.1,75.0,1011.5,178.0,,0.0,Imola,Alpine
1,ALO,2,0,16,20,0,38,17.2,9.5,1.0,0.1,75.7,1011.5,199.0,,0.0,Imola,Alpine
2,ALO,3,0,16,20,0,41,17.1,9.5,1.0,0.3,74.2,1011.4,226.0,,0.0,Imola,Alpine
3,ALO,4,0,15,20,0,42,16.9,9.4,1.0,0.2,74.4,1011.5,122.0,,0.0,Imola,Alpine
4,ALO,5,0,15,20,0,44,16.5,9.6,1.0,0.3,76.8,1011.5,91.0,,0.0,Imola,Alpine
5,ALO,6,0,15,20,0,46,16.4,9.7,1.0,0.2,74.8,1011.5,238.0,,0.0,Imola,Alpine
6,ALO,7,0,15,20,0,46,16.4,9.6,1.0,0.3,75.9,1011.5,197.0,,0.0,Imola,Alpine
7,ALO,8,0,15,20,0,46,16.2,9.8,1.0,0.3,74.3,1011.5,77.0,,0.0,Imola,Alpine
8,ALO,9,0,15,20,0,45,16.2,9.9,1.0,0.1,72.5,1011.4,0.0,,0.0,Imola,Alpine
9,ALO,10,0,17,20,0,45,16.1,10.0,1.0,0.7,71.3,1011.5,99.0,,0.0,Imola,Alpine
10,ALO,11,0,17,20,0,45,15.7,10.0,1.0,0.7,71.2,1011.3,97.0,,0.0,Imola,Alpine
11,ALO,12,0,17,20,0,45,15.2,10.1,1.0,0.8,69.9,1011.4,99.0,,0.0,Imola,Alpine
12,ALO,13,0,17,20,0,45,14.5,10.3,1.0,0.7,69.6,1011.5,90.0,,0.0,Imola,Alpine
13,ALO,14,0,16,20,0,45,14.3,10.3,1.0,0.8,68.8,1011.3,103.0,,0.0,Imola,Alpine
14,ALO,15,0,16,20,0,45,14.0,10.4,0.0,0.8,69.1,1011.3,75.0,,0.0,Imola,Alpine
15,ALO,16,0,16,20,0,45,14.0,10.4,0.0,0.6,67.7,1011.1,88.0,,0.0,Imola,Alpine
16,ALO,17,0,16,20,0,45,13.9,10.4,0.0,0.8,68.8,1011.3,83.0,,0.0,Imola,Alpine
17,ALO,18,0,16,20,0,45,13.9,10.4,0.0,0.7,67.3,1011.2,79.0,,0.0,Imola,Alpine
18,ALO,19,0,16,20,0,45,13.9,10.5,0.0,0.9,68.6,1011.3,78.0,,0.0,Imola,Alpine
19,ALO,20,0,15,20,0,46,14.2,10.6,0.0,0.9,68.1,1011.0,81.0,,0.0,Imola,Alpine
20,ALO,21,0,15,20,0,45,14.2,10.7,0.0,0.7,68.9,1011.3,85.0,,0.0,Imola,Alpine
21,ALO,22,0,15,20,0,46,14.9,10.9,0.0,1.0,67.7,1011.2,112.0,,0.0,Imola,Alpine
22,ALO,23,0,15,20,0,46,15.0,11.0,0.0,1.0,67.7,1011.3,95.0,,0.0,Imola,Alpine
23,ALO,24,0,15,20,0,46,15.3,11.1,0.0,1.1,67.3,1011.1,97.0,,0.0,Imola,Alpine
24,ALO,25,0,15,20,0,46,15.4,11.1,0.0,1.1,65.9,1011.2,88.0,,0.0,Imola,Alpine
25,ALO,26,0,14,20,0,47,15.5,11.1,0.0,0.7,66.0,1011.3,105.0,,0.0,Imola,Alpine
26,ALO,27,0,11,20,0,47,15.7,11.1,0.0,0.9,65.9,1011.2,97.0,,0.0,Imola,Alpine
27,ALO,28,0,12,20,0,47,15.8,11.2,0.0,0.8,66.0,1011.2,117.0,,0.0,Imola,Alpine
28,ALO,29,0,15,20,0,47,15.9,11.1,0.0,0.5,66.5,1011.0,155.0,,0.0,Imola,Alpine
29,ALO,30,0,15,20,0,47,16.0,11.2,0.0,0.5,67.3,1011.2,126.0,,0.0,Imola,Alpine
30,ALO,31,0,13,20,0,48,16.0,11.1,0.0,0.4,67.1,1011.2,229.0,,0.0,Imola,Alpine
31,ALO,32,0,12,20,0,47,15.9,11.0,0.0,0.2,66.8,1011.2,230.0,,0.0,Imola,Alpine
32,ALO,33,0,12,20,0,47,16.6,11.0,0.0,0.1,68.9,1011.2,251.0,,0.0,Imola,Alpine
33,ALO,34,0,12,20,0,47,16.8,11.0,0.0,0.3,69.7,1011.2,228.0,,0.0,Imola,Alpine
34,ALO,35,0,11,20,0,47,16.8,10.9,0.0,0.1,69.9,1011.2,255.0,,0.0,Imola,Alpine
35,ALO,36,0,11,20,0,48,17.2,10.9,0.0,0.2,71.1,1011.2,351.0,,0.0,Imola,Alpine
36,ALO,37,0,11,20,0,48,17.4,11.1,0.0,0.1,71.3,1011.2,245.0,,0.0,Imola,Alpine
37,ALO,38,0,10,20,0,48,17.5,11.1,0.0,0.2,70.7,1011.2,283.0,,0.0,Imola,Alpine
38,ALO,39,0,10,20,0,48,17.7,11.1,0.0,0.1,70.5,1011.1,282.0,,0.0,Imola,Alpine
39,ALO,40,0,10,20,0,48,17.8,10.9,0.0,0.3,70.8,1011.1,275.0,,0.0,Imola,Alpine
40,ALO,41,0,11,20,0,48,17.8,11.0,0.0,0.4,71.0,1011.0,266.0,,0.0,Imola,Alpine
41,ALO,42,0,11,20,0,48,18.0,11.1,0.0,0.3,71.8,1011.0,295.0,,0.0,Imola,Alpine
42,ALO,43,0,11,20,0,49,18.2,11.2,0.0,0.3,68.9,1011.0,287.0,,0.0,Imola,Alpine
43,ALO,44,0,11,20,0,49,18.1,11.2,0.0,0.2,69.1,1011.0,235.0,,0.0,Imola,Alpine
44,ALO,45,0,11,20,0,49,18.2,11.6,0.0,0.5,67.3,1011.1,297.0,,0.0,Imola,Alpine
45,ALO,46,0,11,20,0,49,17.9,11.5,0.0,0.5,66.9,1011.1,84.0,,0.0,Imola,Alpine
46,ALO,47,0,11,20,0,49,17.9,11.6,0.0,0.9,66.2,1011.0,91.0,,0.0,Imola,Alpine
47,ALO,48,0,11,20,0,49,17.9,11.6,0.0,0.8,66.7,1011.0,163.0,,0.0,Imola,Alpine
48,ALO,49,0,11,20,0,49,17.6,11.6,0.0,0.7,67.1,1011.0,88.0,,0.0,Imola,Alpine
49,ALO,50,0,11,20,0,50,17.6,11.7,1.0,0.7,66.3,1011.1,70.0,,0.0,Imola,Alpine
50,ALO,51,0,11,20,0,50,17.8,11.7,1.0,0.5,66.1,1010.9,80.0,,0.0,Imola,Alpine
51,ALO,52,0,11,20,0,50,17.8,11.8,1.0,0.5,64.8,1011.4,97.0,,0.0,Imola,Alpine
52,ALO,53,0,11,20,0,50,17.8,11.7,0.0,0.5,64.6,1011.0,92.0,,0.0,Imola,Alpine
53,ALO,54,0,11,20,0,50,17.7,11.8,0.0,0.7,65.9,1011.0,96.0,,0.0,Imola,Alpine
54,ALO,55,0,11,20,0,50,17.6,11.6,0.0,0.9,65.9,1010.7,80.0,,0.0,Imola,Alpine
55,ALO,56,0,11,20,0,50,17.6,11.6,0.0,0.6,65.6,1011.0,83.0,,0.0,Imola,Alpine
56,ALO,57,0,11,20,0,51,17.7,11.7,0.0,0.5,66.2,1010.9,118.0,,0.0,Imola,Alpine
57,ALO,58,0,11,20,0,51,17.8,11.7,0.0,0.3,64.9,1010.9,320.0,,0.0,Imola,Alpine
58,ALO,59,0,11,20,0,51,17.8,11.7,0.0,0.3,65.0,1011.0,62.0,,0.0,Imola,Alpine
59,ALO,60,0,11,20,0,51,17.7,11.9,0.0,0.9,64.4,1010.9,107.0,,0.0,Imola,Alpine
60,ALO,61,0,11,20,0,51,18.5,12.1,0.0,0.7,63.2,1010.9,100.0,,0.0,Imola,Alpine
61,ALO,62,0,11,20,0,51,18.5,12.3,0.0,0.7,62.4,1011.0,90.0,,0.0,Imola,Alpine
62,ALO,63,0,11,20,1,51,18.6,12.3,0.0,0.3,61.6,1010.9,72.0,,0.0,Imola,Alpine
0,RAI,1,0,12,11,0,53,17.7,9.5,1.0,0.4,77.1,1011.5,0.0,I,0.0,Imola,Alfa Romeo Racing
1,RAI,2,0,12,11,0,39,17.7,9.6,1.0,0.1,75.0,1011.5,178.0,I,1.0,Imola,Alfa Romeo Racing
2,RAI,3,0,12,11,0,41,17.1,9.5,1.0,0.3,74.2,1011.4,226.0,I,2.0,Imola,Alfa Romeo Racing
3,RAI,4,0,12,11,0,41,16.7,9.6,1.0,0.5,75.6,1011.6,206.0,I,3.0,Imola,Alfa Romeo Racing
4,RAI,5,0,12,11,0,41,16.2,9.7,1.0,0.4,74.9,1011.4,288.0,I,4.0,Imola,Alfa Romeo Racing
5,RAI,6,0,12,11,0,41,16.2,9.9,1.0,0.1,72.5,1011.4,0.0,I,5.0,Imola,Alfa Romeo Racing
6,RAI,7,0,12,11,0,41,16.2,9.9,1.0,0.6,72.5,1011.5,85.0,I,6.0,Imola,Alfa Romeo Racing
7,RAI,8,0,12,11,0,40,16.1,10.0,1.0,0.7,71.3,1011.5,99.0,I,7.0,Imola,Alfa Romeo Racing
8,RAI,9,0,12,11,0,40,15.2,10.1,1.0,0.8,67.7,1011.4,81.0,I,8.0,Imola,Alfa Romeo Racing
9,RAI,10,0,12,11,0,40,14.9,10.2,1.0,0.9,68.2,1011.4,91.0,I,9.0,Imola,Alfa Romeo Racing
10,RAI,11,0,12,11,0,40,14.3,10.3,1.0,0.8,68.5,1011.3,82.0,I,10.0,Imola,Alfa Romeo Racing
11,RAI,12,0,12,11,0,40,14.3,10.3,1.0,0.8,68.8,1011.3,103.0,I,11.0,Imola,Alfa Romeo Racing
12,RAI,13,0,11,11,0,40,14.0,10.4,0.0,0.8,69.1,1011.3,75.0,I,12.0,Imola,Alfa Romeo Racing
13,RAI,14,0,11,11,0,40,14.1,10.4,0.0,0.8,69.3,1011.3,67.0,I,13.0,Imola,Alfa Romeo Racing
14,RAI,15,0,11,11,0,40,13.8,10.4,0.0,0.9,68.9,1011.4,89.0,I,14.0,Imola,Alfa Romeo Racing
15,RAI,16,0,11,11,0,40,13.9,10.5,0.0,0.6,67.7,1011.6,70.0,I,15.0,Imola,Alfa Romeo Racing
16,RAI,17,0,11,11,0,41,14.2,10.6,0.0,0.9,68.1,1011.0,81.0,I,16.0,Imola,Alfa Romeo Racing
17,RAI,18,0,11,11,0,41,14.7,10.9,0.0,1.0,68.6,1011.3,92.0,I,17.0,Imola,Alfa Romeo Racing
18,RAI,19,0,11,11,0,41,14.9,10.9,0.0,1.0,67.7,1011.2,112.0,I,18.0,Imola,Alfa Romeo Racing
19,RAI,20,0,11,11,0,41,15.3,11.1,0.0,1.1,67.3,1011.1,97.0,I,19.0,Imola,Alfa Romeo Racing
20,RAI,21,0,11,11,0,41,15.5,11.1,0.0,0.8,65.0,1011.3,84.0,I,20.0,Imola,Alfa Romeo Racing
21,RAI,22,0,11,11,0,41,15.5,11.1,0.0,0.7,66.0,1011.3,105.0,I,21.0,Imola,Alfa Romeo Racing
22,RAI,23,0,11,11,0,42,15.4,11.0,0.0,0.7,66.1,1011.2,100.0,I,22.0,Imola,Alfa Romeo Racing
23,RAI,24,0,11,11,0,42,15.6,11.1,0.0,1.0,66.0,1011.3,91.0,I,23.0,Imola,Alfa Romeo Racing
24,RAI,25,0,11,11,0,42,15.7,11.1,0.0,0.9,65.9,1011.2,97.0,I,24.0,Imola,Alfa Romeo Racing
25,RAI,26,0,11,11,0,43,16.0,11.2,0.0,0.5,67.3,1011.2,126.0,I,25.0,Imola,Alfa Romeo Racing
26,RAI,27,0,14,11,0,42,16.0,11.1,0.0,0.4,67.1,1011.2,229.0,I,26.0,Imola,Alfa Romeo Racing
27,RAI,28,0,11,11,0,43,15.9,11.0,0.0,0.2,66.8,1011.2,230.0,I,27.0,Imola,Alfa Romeo Racing
28,RAI,29,0,11,11,0,43,15.9,11.0,0.0,0.2,68.2,1011.3,232.0,M,0.0,Imola,Alfa Romeo Racing
29,RAI,30,0,11,11,0,43,16.3,11.1,0.0,0.2,70.1,1011.2,240.0,M,1.0,Imola,Alfa Romeo Racing
30,RAI,31,0,9,11,0,44,16.6,11.0,0.0,0.1,68.9,1011.2,251.0,M,2.0,Imola,Alfa Romeo Racing
31,RAI,32,0,8,11,0,43,16.8,11.0,0.0,0.3,69.7,1011.2,228.0,M,3.0,Imola,Alfa Romeo Racing
32,RAI,33,0,8,11,0,43,16.8,11.0,0.0,0.3,68.3,1011.1,238.0,M,3.0,Imola,Alfa Romeo Racing
33,RAI,34,0,10,11,0,43,16.8,10.9,0.0,0.1,69.9,1011.2,255.0,M,4.0,Imola,Alfa Romeo Racing
34,RAI,35,0,9,11,0,43,17.4,11.1,0.0,0.1,71.3,1011.2,245.0,M,5.0,Imola,Alfa Romeo Racing
35,RAI,36,0,9,11,0,43,17.5,11.1,0.0,0.2,70.7,1011.2,283.0,M,6.0,Imola,Alfa Romeo Racing
36,RAI,37,0,9,11,0,43,17.7,11.1,0.0,0.1,70.5,1011.1,282.0,M,7.0,Imola,Alfa Romeo Racing
37,RAI,38,0,8,11,0,43,17.8,11.1,0.0,0.5,68.9,1011.1,251.0,M,8.0,Imola,Alfa Romeo Racing
38,RAI,39,0,8,11,0,44,17.7,10.9,0.0,0.3,70.6,1011.1,240.0,M,9.0,Imola,Alfa Romeo Racing
39,RAI,40,0,8,11,0,44,17.8,11.0,0.0,0.4,71.0,1011.0,266.0,M,10.0,Imola,Alfa Romeo Racing
40,RAI,41,0,8,11,0,44,17.9,11.0,0.0,0.3,71.9,1011.0,263.0,M,11.0,Imola,Alfa Romeo Racing
41,RAI,42,0,8,11,0,44,18.0,11.1,0.0,0.3,71.8,1011.0,295.0,M,12.0,Imola,Alfa Romeo Racing
42,RAI,43,0,8,11,0,44,18.0,11.2,0.0,0.1,71.4,1011.1,241.0,M,13.0,Imola,Alfa Romeo Racing
43,RAI,44,0,8,11,0,44,18.3,11.3,0.0,0.2,70.1,1011.0,277.0,M,14.0,Imola,Alfa Romeo Racing
44,RAI,45,0,8,11,0,45,18.2,11.5,0.0,0.6,69.4,1011.2,42.0,M,15.0,Imola,Alfa Romeo Racing
45,RAI,46,0,9,11,0,45,18.3,11.6,0.0,0.2,67.9,1011.0,84.0,M,16.0,Imola,Alfa Romeo Racing
46,RAI,47,0,9,11,0,45,18.2,11.6,0.0,0.5,67.3,1011.1,297.0,M,17.0,Imola,Alfa Romeo Racing
47,RAI,48,0,9,11,0,45,18.0,11.5,0.0,0.7,67.1,1010.7,94.0,M,18.0,Imola,Alfa Romeo Racing
48,RAI,49,0,9,11,0,45,17.9,11.6,0.0,0.9,66.2,1011.0,91.0,M,19.0,Imola,Alfa Romeo Racing
49,RAI,50,0,9,11,0,45,17.7,11.6,0.0,0.5,67.0,1011.0,88.0,M,20.0,Imola,Alfa Romeo Racing
50,RAI,51,0,9,11,0,45,17.6,11.6,0.0,0.6,66.9,1011.0,113.0,M,21.0,Imola,Alfa Romeo Racing
51,RAI,52,0,9,11,0,46,17.7,11.6,0.0,0.7,66.6,1010.9,122.0,M,22.0,Imola,Alfa Romeo Racing
52,RAI,53,0,9,11,0,46,17.6,11.6,0.0,0.8,66.2,1010.9,107.0,M,23.0,Imola,Alfa Romeo Racing
53,RAI,54,0,9,11,0,46,17.8,11.7,0.0,0.7,65.2,1011.1,113.0,M,24.0,Imola,Alfa Romeo Racing
54,RAI,55,0,9,11,0,46,17.7,11.8,0.0,0.7,65.9,1011.0,96.0,M,25.0,Imola,Alfa Romeo Racing
55,RAI,56,0,9,11,0,46,17.7,11.7,0.0,0.5,66.2,1010.9,118.0,M,26.0,Imola,Alfa Romeo Racing
56,RAI,57,0,9,11,0,46,17.8,11.7,0.0,0.8,65.7,1010.9,87.0,M,27.0,Imola,Alfa Romeo Racing
57,RAI,58,0,9,11,0,47,17.7,11.7,0.0,0.6,65.5,1010.9,62.0,M,28.0,Imola,Alfa Romeo Racing
58,RAI,59,0,9,11,0,47,17.7,11.8,0.0,0.3,63.2,1010.9,92.0,M,29.0,Imola,Alfa Romeo Racing
59,RAI,60,0,9,11,0,47,17.8,12.0,0.0,0.8,63.8,1011.0,105.0,M,30.0,Imola,Alfa Romeo Racing
60,RAI,61,0,9,11,0,47,17.9,12.1,0.0,0.8,64.0,1010.8,91.0,M,31.0,Imola,Alfa Romeo Racing
61,RAI,62,0,9,11,0,47,18.5,12.3,0.0,0.7,62.4,1011.0,90.0,M,32.0,Imola,Alfa Romeo Racing
62,RAI,63,0,9,11,0,47,18.6,12.3,0.0,0.3,61.6,1010.9,72.0,M,33.0,Imola,Alfa Romeo Racing
0,GIO,1,0,13,9,0,39,16.9,9.4,1.0,0.2,74.4,1011.5,122.0,I,0.0,Imola,Alfa Romeo Racing
1,GIO,2,0,13,9,0,35,16.7,9.6,1.0,0.5,75.6,1011.6,206.0,I,1.0,Imola,Alfa Romeo Racing
2,GIO,3,0,13,9,0,38,16.5,9.6,1.0,0.3,76.8,1011.5,91.0,I,2.0,Imola,Alfa Romeo Racing
3,GIO,4,0,13,9,0,39,16.4,9.7,1.0,0.2,74.8,1011.5,238.0,I,3.0,Imola,Alfa Romeo Racing
4,GIO,5,0,13,9,0,41,16.4,9.6,1.0,0.3,75.9,1011.5,197.0,I,4.0,Imola,Alfa Romeo Racing
5,GIO,6,0,13,9,0,42,16.4,9.7,1.0,0.2,74.0,1011.5,268.0,I,5.0,Imola,Alfa Romeo Racing
6,GIO,7,0,13,9,0,42,16.3,9.7,1.0,0.2,74.7,1011.5,95.0,I,6.0,Imola,Alfa Romeo Racing
7,GIO,8,0,13,9,0,41,16.2,9.9,1.0,0.6,72.5,1011.5,85.0,I,7.0,Imola,Alfa Romeo Racing
8,GIO,9,0,13,9,0,40,16.2,10.0,1.0,0.3,72.2,1011.4,83.0,I,8.0,Imola,Alfa Romeo Racing
9,GIO,10,0,13,9,0,40,15.7,10.0,1.0,0.7,71.2,1011.3,97.0,I,9.0,Imola,Alfa Romeo Racing
10,GIO,11,0,13,9,0,40,15.2,10.1,1.0,0.8,67.7,1011.4,81.0,I,10.0,Imola,Alfa Romeo Racing
11,GIO,12,0,13,9,0,40,14.6,10.2,1.0,0.9,69.2,1011.4,89.0,I,11.0,Imola,Alfa Romeo Racing
12,GIO,13,0,12,9,0,40,14.5,10.3,1.0,0.7,69.6,1011.5,90.0,I,12.0,Imola,Alfa Romeo Racing
13,GIO,14,0,12,9,0,40,14.3,10.3,1.0,0.8,68.8,1011.3,103.0,I,13.0,Imola,Alfa Romeo Racing
14,GIO,15,0,12,9,0,40,14.1,10.4,1.0,0.7,69.6,1011.3,93.0,I,14.0,Imola,Alfa Romeo Racing
15,GIO,16,0,12,9,0,40,14.1,10.4,0.0,0.8,69.3,1011.3,67.0,I,15.0,Imola,Alfa Romeo Racing
16,GIO,17,0,12,9,0,40,13.9,10.4,0.0,0.8,68.8,1011.3,83.0,I,16.0,Imola,Alfa Romeo Racing
17,GIO,18,0,12,9,0,40,13.9,10.4,0.0,0.7,67.3,1011.2,79.0,I,17.0,Imola,Alfa Romeo Racing
18,GIO,19,0,12,9,0,40,14.2,10.7,0.0,0.7,68.9,1011.3,85.0,I,18.0,Imola,Alfa Romeo Racing
19,GIO,20,0,12,9,0,40,14.4,10.7,0.0,0.8,68.7,1011.4,99.0,I,19.0,Imola,Alfa Romeo Racing
20,GIO,21,0,12,9,0,40,15.7,11.1,0.0,0.9,65.9,1011.2,97.0,I,20.0,Imola,Alfa Romeo Racing
21,GIO,22,0,12,9,0,40,15.8,11.2,0.0,0.8,66.0,1011.2,117.0,I,21.0,Imola,Alfa Romeo Racing
22,GIO,23,0,12,9,0,40,15.9,11.2,0.0,0.5,67.1,1011.2,113.0,I,22.0,Imola,Alfa Romeo Racing
23,GIO,24,0,12,9,0,40,15.9,11.0,0.0,0.2,68.2,1011.3,232.0,I,23.0,Imola,Alfa Romeo Racing
24,GIO,25,0,12,9,0,40,16.1,11.1,0.0,0.2,69.6,1011.2,234.0,I,24.0,Imola,Alfa Romeo Racing
25,GIO,26,0,12,9,0,40,16.4,11.0,0.0,0.1,69.6,1011.2,208.0,I,25.0,Imola,Alfa Romeo Racing
26,GIO,27,0,10,9,0,40,16.5,11.0,0.0,0.1,70.4,1011.2,88.0,M,0.0,Imola,Alfa Romeo Racing
27,GIO,28,0,13,9,0,40,16.6,11.0,0.0,0.1,68.9,1011.2,251.0,M,1.0,Imola,Alfa Romeo Racing
28,GIO,29,0,13,9,0,40,16.8,11.0,0.0,0.3,68.3,1011.1,238.0,M,2.0,Imola,Alfa Romeo Racing
29,GIO,30,0,13,9,0,41,16.8,10.9,0.0,0.1,69.9,1011.2,255.0,M,3.0,Imola,Alfa Romeo Racing
30,GIO,31,0,11,9,0,41,17.2,10.9,0.0,0.2,71.1,1011.2,351.0,M,4.0,Imola,Alfa Romeo Racing
31,GIO,32,0,11,9,0,40,17.4,11.1,0.0,0.1,71.3,1011.2,245.0,M,5.0,Imola,Alfa Romeo Racing
32,GIO,33,0,11,9,0,40,17.5,11.1,0.0,0.2,70.7,1011.2,283.0,M,5.0,Imola,Alfa Romeo Racing
33,GIO,34,0,11,9,0,40,17.7,11.1,0.0,0.1,70.5,1011.1,282.0,M,7.0,Imola,Alfa Romeo Racing
34,GIO,35,0,10,9,0,40,17.8,11.1,0.0,0.5,68.9,1011.1,251.0,M,8.0,Imola,Alfa Romeo Racing
35,GIO,36,0,10,9,0,41,17.8,11.0,0.0,0.4,69.8,1011.1,271.0,M,9.0,Imola,Alfa Romeo Racing
36,GIO,37,0,10,9,0,41,17.7,10.9,0.0,0.3,70.6,1011.1,240.0,M,10.0,Imola,Alfa Romeo Racing
37,GIO,38,0,9,9,0,41,17.9,11.0,0.0,0.4,70.9,1011.1,286.0,M,11.0,Imola,Alfa Romeo Racing
38,GIO,39,0,9,9,0,41,18.0,11.2,0.0,0.1,71.4,1011.1,241.0,M,12.0,Imola,Alfa Romeo Racing
39,GIO,40,0,13,9,0,42,18.3,11.3,0.0,0.2,70.1,1011.0,277.0,M,13.0,Imola,Alfa Romeo Racing
40,GIO,41,0,15,9,0,42,18.2,11.2,0.0,0.3,68.9,1011.0,287.0,M,14.0,Imola,Alfa Romeo Racing
41,GIO,42,0,15,9,0,42,18.1,11.3,0.0,0.3,69.8,1011.0,114.0,M,15.0,Imola,Alfa Romeo Racing
42,GIO,43,0,15,9,0,42,18.3,11.6,0.0,0.2,67.9,1011.0,84.0,M,16.0,Imola,Alfa Romeo Racing
43,GIO,44,0,15,9,0,42,17.9,11.6,0.0,0.9,66.2,1011.0,91.0,M,17.0,Imola,Alfa Romeo Racing
44,GIO,45,0,15,9,0,43,17.9,11.6,0.0,0.8,66.7,1011.0,163.0,M,18.0,Imola,Alfa Romeo Racing
45,GIO,46,0,15,9,0,43,17.7,11.6,0.0,0.5,67.0,1011.0,88.0,M,19.0,Imola,Alfa Romeo Racing
46,GIO,47,0,15,9,0,43,17.6,11.6,0.0,0.7,67.1,1011.0,88.0,M,20.0,Imola,Alfa Romeo Racing
47,GIO,48,0,15,9,0,43,17.5,11.7,0.0,0.5,66.6,1011.0,92.0,M,21.0,Imola,Alfa Romeo Racing
48,GIO,49,0,15,9,0,43,17.6,11.7,1.0,0.7,66.3,1011.1,70.0,M,22.0,Imola,Alfa Romeo Racing
49,GIO,50,0,15,9,0,44,17.8,11.8,1.0,0.6,64.8,1011.0,108.0,M,23.0,Imola,Alfa Romeo Racing
50,GIO,51,0,15,9,0,44,17.8,11.7,0.0,0.7,65.2,1011.1,113.0,M,24.0,Imola,Alfa Romeo Racing
51,GIO,52,0,15,9,0,44,17.7,11.8,0.0,0.7,65.9,1011.0,96.0,M,25.0,Imola,Alfa Romeo Racing
52,GIO,53,0,15,9,0,44,17.6,11.6,0.0,0.9,65.9,1010.7,80.0,M,26.0,Imola,Alfa Romeo Racing
53,GIO,54,0,15,9,0,44,17.6,11.6,0.0,0.6,65.6,1011.0,83.0,M,27.0,Imola,Alfa Romeo Racing
54,GIO,55,0,15,9,0,45,17.8,11.7,0.0,0.8,65.7,1010.9,87.0,M,28.0,Imola,Alfa Romeo Racing
55,GIO,56,0,15,9,0,45,17.6,11.7,0.0,0.3,65.2,1010.9,35.0,M,29.0,Imola,Alfa Romeo Racing
56,GIO,57,0,15,9,0,45,17.7,11.8,0.0,0.3,63.2,1010.9,92.0,M,30.0,Imola,Alfa Romeo Racing
57,GIO,58,0,15,9,0,45,17.7,11.9,0.0,0.9,64.4,1010.9,107.0,M,31.0,Imola,Alfa Romeo Racing
58,GIO,59,0,15,9,0,45,17.8,12.0,0.0,0.8,63.8,1011.0,105.0,M,32.0,Imola,Alfa Romeo Racing
59,GIO,60,0,15,9,0,45,17.9,12.1,0.0,0.8,64.0,1010.8,91.0,M,33.0,Imola,Alfa Romeo Racing
60,GIO,61,0,15,9,0,45,18.5,12.1,0.0,0.7,63.2,1010.9,100.0,M,34.0,Imola,Alfa Romeo Racing
61,GIO,62,0,14,9,0,46,18.6,12.3,0.0,0.3,61.6,1010.9,72.0,M,35.0,Imola,Alfa Romeo Racing
0,MSC,1,0,16,14,0,35,16.7,9.6,1.0,0.5,75.6,1011.6,206.0,I,0.0,Imola,Haas F1 Team
1,MSC,2,0,15,14,0,22,16.5,9.6,1.0,0.3,76.8,1011.5,91.0,I,1.0,Imola,Haas F1 Team
2,MSC,3,0,15,14,0,18,16.4,9.7,1.0,0.2,74.8,1011.5,238.0,I,2.0,Imola,Haas F1 Team
3,MSC,4,0,19,14,0,17,16.4,9.6,1.0,0.3,75.9,1011.5,197.0,I,3.0,Imola,Haas F1 Team
4,MSC,5,0,19,14,0,16,16.2,9.7,1.0,0.1,73.2,1011.5,359.0,I,4.0,Imola,Haas F1 Team
5,MSC,6,0,19,14,0,17,16.2,9.8,1.0,0.3,74.3,1011.5,77.0,I,5.0,Imola,Haas F1 Team
6,MSC,7,0,19,14,0,18,16.2,9.9,1.0,0.6,72.5,1011.5,85.0,I,6.0,Imola,Haas F1 Team
7,MSC,8,0,19,14,0,21,16.2,10.0,1.0,0.3,72.2,1011.4,83.0,I,7.0,Imola,Haas F1 Team
8,MSC,9,0,19,14,0,23,14.9,10.2,1.0,0.9,68.2,1011.4,91.0,I,8.0,Imola,Haas F1 Team
9,MSC,10,0,19,14,0,25,14.6,10.2,1.0,0.9,69.2,1011.4,89.0,I,9.0,Imola,Haas F1 Team
10,MSC,11,0,19,14,0,27,14.3,10.3,1.0,0.8,68.5,1011.3,82.0,I,10.0,Imola,Haas F1 Team
11,MSC,12,0,19,14,0,29,14.1,10.4,0.0,0.8,69.3,1011.3,67.0,I,11.0,Imola,Haas F1 Team
12,MSC,13,0,18,14,0,31,14.0,10.4,0.0,0.6,67.7,1011.1,88.0,I,12.0,Imola,Haas F1 Team
13,MSC,14,0,18,14,0,31,13.9,10.4,0.0,0.8,68.8,1011.3,83.0,I,13.0,Imola,Haas F1 Team
14,MSC,15,0,17,14,0,32,13.8,10.4,0.0,0.9,68.9,1011.4,89.0,I,14.0,Imola,Haas F1 Team
15,MSC,16,0,17,14,0,33,13.9,10.5,0.0,0.6,67.7,1011.6,70.0,I,15.0,Imola,Haas F1 Team
16,MSC,17,0,17,14,0,33,14.6,10.8,0.0,0.7,69.2,1011.1,105.0,I,16.0,Imola,Haas F1 Team
17,MSC,18,0,17,14,0,34,14.7,10.9,0.0,1.0,68.6,1011.3,92.0,I,17.0,Imola,Haas F1 Team
18,MSC,19,0,17,14,0,35,14.9,10.9,0.0,1.0,67.7,1011.2,112.0,I,18.0,Imola,Haas F1 Team
19,MSC,20,0,18,14,0,35,15.4,11.1,0.0,1.1,65.9,1011.2,88.0,I,19.0,Imola,Haas F1 Team
20,MSC,21,0,18,14,0,35,15.5,11.1,0.0,0.8,65.0,1011.3,84.0,I,20.0,Imola,Haas F1 Team
21,MSC,22,0,18,14,0,34,15.5,11.1,0.0,0.7,66.0,1011.3,105.0,I,21.0,Imola,Haas F1 Team
22,MSC,23,0,18,14,0,34,15.6,11.1,0.0,1.0,66.0,1011.3,91.0,I,22.0,Imola,Haas F1 Team
23,MSC,24,0,18,14,0,34,15.8,11.2,0.0,0.8,66.0,1011.2,117.0,I,23.0,Imola,Haas F1 Team
24,MSC,25,0,18,14,0,35,15.9,11.1,0.0,0.5,66.5,1011.0,155.0,I,24.0,Imola,Haas F1 Team
25,MSC,26,0,18,14,0,35,15.9,11.2,0.0,0.5,67.1,1011.2,113.0,I,25.0,Imola,Haas F1 Team
26,MSC,27,0,18,14,0,36,16.0,11.2,0.0,0.5,67.3,1011.2,126.0,I,26.0,Imola,Haas F1 Team
27,MSC,28,0,18,14,0,36,15.9,11.0,0.0,0.2,66.8,1011.2,230.0,M,0.0,Imola,Haas F1 Team
28,MSC,29,0,18,14,0,37,15.9,11.0,0.0,0.2,68.2,1011.3,232.0,M,1.0,Imola,Haas F1 Team
29,MSC,30,0,18,14,0,37,16.8,11.0,0.0,0.3,68.3,1011.1,238.0,M,2.0,Imola,Haas F1 Team
30,MSC,31,0,16,14,0,37,16.8,10.9,0.0,0.1,69.9,1011.2,255.0,M,3.0,Imola,Haas F1 Team
31,MSC,32,0,16,14,0,37,17.4,11.1,0.0,0.1,71.3,1011.2,245.0,M,4.0,Imola,Haas F1 Team
32,MSC,33,0,16,14,0,37,17.5,11.1,0.0,0.2,70.7,1011.2,283.0,M,4.0,Imola,Haas F1 Team
33,MSC,34,0,16,14,0,37,17.8,11.0,0.0,0.4,69.8,1011.1,271.0,M,6.0,Imola,Haas F1 Team
34,MSC,35,0,16,14,0,37,17.7,10.9,0.0,0.3,70.6,1011.1,240.0,M,7.0,Imola,Haas F1 Team
35,MSC,36,0,16,14,0,38,17.8,10.9,0.0,0.3,70.8,1011.1,275.0,M,8.0,Imola,Haas F1 Team
36,MSC,37,0,16,14,0,38,17.8,11.0,0.0,0.4,71.0,1011.0,266.0,M,9.0,Imola,Haas F1 Team
37,MSC,38,0,16,14,0,38,17.9,11.0,0.0,0.3,71.9,1011.0,263.0,M,10.0,Imola,Haas F1 Team
38,MSC,39,0,16,14,0,39,18.0,11.1,0.0,0.3,71.8,1011.0,295.0,M,11.0,Imola,Haas F1 Team
39,MSC,40,0,16,14,0,39,18.0,11.1,0.0,0.2,71.3,1011.1,248.0,M,12.0,Imola,Haas F1 Team
40,MSC,41,0,16,14,0,39,18.0,11.2,0.0,0.1,71.4,1011.1,241.0,M,13.0,Imola,Haas F1 Team
41,MSC,42,0,16,14,0,39,18.2,11.3,0.0,0.3,69.2,1011.1,268.0,M,14.0,Imola,Haas F1 Team
42,MSC,43,0,16,14,0,40,18.1,11.2,0.0,0.2,69.1,1011.0,235.0,M,15.0,Imola,Haas F1 Team
43,MSC,44,0,16,14,0,40,18.1,11.3,0.0,0.3,69.8,1011.0,114.0,M,16.0,Imola,Haas F1 Team
44,MSC,45,0,16,14,0,40,18.2,11.6,0.0,0.5,67.3,1011.1,297.0,M,17.0,Imola,Haas F1 Team
45,MSC,46,0,16,14,0,40,18.0,11.5,0.0,0.7,67.1,1010.7,94.0,M,18.0,Imola,Haas F1 Team
46,MSC,47,0,16,14,0,41,17.9,11.6,0.0,0.9,66.2,1011.0,91.0,M,19.0,Imola,Haas F1 Team
47,MSC,48,0,16,14,0,41,17.6,11.6,0.0,0.7,67.1,1011.0,88.0,M,20.0,Imola,Haas F1 Team
48,MSC,49,0,16,14,0,41,17.7,11.6,0.0,0.7,66.6,1010.9,122.0,M,21.0,Imola,Haas F1 Team
49,MSC,50,0,16,14,0,41,17.6,11.6,0.0,0.8,66.2,1010.9,107.0,M,22.0,Imola,Haas F1 Team
50,MSC,51,0,16,14,0,42,17.8,11.7,1.0,0.5,66.1,1010.9,80.0,M,23.0,Imola,Haas F1 Team
51,MSC,52,0,16,14,0,42,17.8,11.7,0.0,0.5,64.6,1011.0,92.0,M,24.0,Imola,Haas F1 Team
52,MSC,53,0,16,14,0,42,17.6,11.6,0.0,0.6,65.6,1011.0,83.0,M,25.0,Imola,Haas F1 Team
53,MSC,54,0,16,14,0,42,17.7,11.7,0.0,0.3,66.0,1010.9,82.0,M,26.0,Imola,Haas F1 Team
54,MSC,55,0,16,14,0,42,17.7,11.7,0.0,0.6,65.5,1010.9,62.0,M,27.0,Imola,Haas F1 Team
55,MSC,56,0,16,14,0,42,17.7,11.8,0.0,0.3,63.2,1010.9,92.0,M,28.0,Imola,Haas F1 Team
56,MSC,57,0,16,14,0,43,17.8,12.0,0.0,0.8,63.8,1011.0,105.0,M,29.0,Imola,Haas F1 Team
57,MSC,58,0,16,14,0,43,17.9,12.1,0.0,0.8,64.0,1010.8,91.0,M,30.0,Imola,Haas F1 Team
58,MSC,59,0,16,14,0,43,18.0,12.1,0.0,0.7,63.7,1010.8,80.0,M,31.0,Imola,Haas F1 Team
59,MSC,60,0,16,14,0,43,18.5,12.1,0.0,0.7,63.2,1010.9,100.0,M,32.0,Imola,Haas F1 Team
60,MSC,61,0,16,14,0,43,18.5,12.3,0.0,0.7,62.4,1011.0,90.0,M,33.0,Imola,Haas F1 Team
0,MAZ,1,0,19,16,0,25,17.7,9.6,1.0,0.1,75.0,1011.5,178.0,W,0.0,Imola,Haas F1 Team
1,MAZ,2,0,18,16,0,11,17.2,9.5,1.0,0.1,75.7,1011.5,199.0,W,1.0,Imola,Haas F1 Team
2,MAZ,3,0,17,16,0,13,17.1,9.5,1.0,0.3,74.2,1011.4,226.0,W,2.0,Imola,Haas F1 Team
3,MAZ,4,0,16,16,0,16,16.5,9.8,1.0,0.2,76.5,1011.5,218.0,W,3.0,Imola,Haas F1 Team
4,MAZ,5,0,16,16,0,18,16.4,9.7,1.0,0.2,74.8,1011.5,238.0,W,4.0,Imola,Haas F1 Team
5,MAZ,6,0,16,16,0,19,16.4,9.6,1.0,0.3,75.9,1011.5,197.0,I,0.0,Imola,Haas F1 Team
6,MAZ,7,0,18,16,0,17,16.4,9.7,1.0,0.2,74.0,1011.5,268.0,I,1.0,Imola,Haas F1 Team
7,MAZ,8,0,18,16,0,17,16.3,9.7,1.0,0.2,74.7,1011.5,95.0,I,2.0,Imola,Haas F1 Team
8,MAZ,9,0,18,16,0,17,16.2,9.7,1.0,0.1,73.2,1011.5,359.0,I,3.0,Imola,Haas F1 Team
9,MAZ,10,0,18,16,0,18,16.2,9.9,1.0,0.1,72.5,1011.4,0.0,I,4.0,Imola,Haas F1 Team
10,MAZ,11,0,18,16,0,19,16.1,10.0,1.0,0.7,71.3,1011.5,99.0,I,5.0,Imola,Haas F1 Team
11,MAZ,12,0,18,16,0,20,15.7,10.0,1.0,0.7,71.2,1011.3,97.0,I,6.0,Imola,Haas F1 Team
12,MAZ,13,0,19,16,0,20,15.2,10.1,1.0,0.8,67.7,1011.4,81.0,I,7.0,Imola,Haas F1 Team
13,MAZ,14,0,19,16,0,21,15.2,10.1,1.0,0.8,69.9,1011.4,99.0,I,8.0,Imola,Haas F1 Team
14,MAZ,15,0,19,16,0,21,14.0,10.4,0.0,0.6,67.7,1011.1,88.0,I,9.0,Imola,Haas F1 Team
15,MAZ,16,0,19,16,0,22,13.9,10.5,0.0,0.9,68.6,1011.3,78.0,I,10.0,Imola,Haas F1 Team
16,MAZ,17,0,19,16,0,22,14.1,10.6,0.0,0.7,66.5,1011.3,89.0,I,11.0,Imola,Haas F1 Team
17,MAZ,18,0,19,16,0,23,14.2,10.6,0.0,0.9,68.1,1011.0,81.0,I,12.0,Imola,Haas F1 Team
18,MAZ,19,0,19,16,0,23,14.2,10.7,0.0,0.7,68.9,1011.3,85.0,I,13.0,Imola,Haas F1 Team
19,MAZ,20,0,19,16,0,24,14.4,10.7,0.0,0.8,68.7,1011.4,99.0,I,14.0,Imola,Haas F1 Team
20,MAZ,21,0,19,16,0,24,14.7,10.9,0.0,1.0,68.6,1011.3,92.0,I,15.0,Imola,Haas F1 Team
21,MAZ,22,0,19,16,0,25,15.3,11.1,0.0,1.1,67.3,1011.1,97.0,S,3.0,Imola,Haas F1 Team
22,MAZ,23,0,19,16,0,25,15.4,11.1,0.0,1.1,65.9,1011.2,88.0,S,4.0,Imola,Haas F1 Team
23,MAZ,24,0,19,16,0,25,15.5,11.1,0.0,0.8,65.0,1011.3,84.0,S,5.0,Imola,Haas F1 Team
24,MAZ,25,0,19,16,0,25,15.5,11.1,0.0,0.7,66.0,1011.3,105.0,S,6.0,Imola,Haas F1 Team
25,MAZ,26,0,19,16,0,26,15.6,11.1,0.0,1.0,66.0,1011.3,91.0,S,7.0,Imola,Haas F1 Team
26,MAZ,27,0,19,16,0,27,15.7,11.1,0.0,0.9,65.9,1011.2,97.0,S,8.0,Imola,Haas F1 Team
27,MAZ,28,0,19,16,0,27,15.9,11.1,0.0,0.5,66.5,1011.0,155.0,S,9.0,Imola,Haas F1 Team
28,MAZ,29,0,19,16,0,28,16.0,11.1,0.0,0.4,67.1,1011.2,229.0,S,10.0,Imola,Haas F1 Team
29,MAZ,30,0,19,16,0,29,16.1,11.1,0.0,0.2,69.6,1011.2,234.0,S,11.0,Imola,Haas F1 Team
30,MAZ,31,0,17,16,0,28,16.3,11.1,0.0,0.2,70.1,1011.2,240.0,S,12.0,Imola,Haas F1 Team
31,MAZ,32,0,17,16,0,28,16.8,11.0,0.0,0.3,68.3,1011.1,238.0,M,0.0,Imola,Haas F1 Team
32,MAZ,33,0,17,16,0,28,17.2,10.9,0.0,0.2,71.1,1011.2,351.0,M,1.0,Imola,Haas F1 Team
33,MAZ,34,0,17,16,0,28,17.5,11.1,0.0,0.2,70.7,1011.2,283.0,M,2.0,Imola,Haas F1 Team
34,MAZ,35,0,17,16,0,29,17.7,10.9,0.0,0.3,70.6,1011.1,240.0,M,3.0,Imola,Haas F1 Team
35,MAZ,36,0,17,16,0,29,17.8,10.9,0.0,0.3,70.8,1011.1,275.0,M,4.0,Imola,Haas F1 Team
36,MAZ,37,0,17,16,0,30,17.8,11.0,0.0,0.4,71.0,1011.0,266.0,M,5.0,Imola,Haas F1 Team
37,MAZ,38,0,17,16,0,30,17.9,11.0,0.0,0.3,71.9,1011.0,263.0,M,6.0,Imola,Haas F1 Team
38,MAZ,39,0,17,16,0,30,18.0,11.1,0.0,0.3,71.8,1011.0,295.0,M,7.0,Imola,Haas F1 Team
39,MAZ,40,0,17,16,0,31,18.0,11.1,0.0,0.2,71.3,1011.1,248.0,M,8.0,Imola,Haas F1 Team
40,MAZ,41,0,17,16,0,31,18.0,11.2,0.0,0.1,71.4,1011.1,241.0,M,9.0,Imola,Haas F1 Team
41,MAZ,42,0,17,16,0,31,18.2,11.3,0.0,0.1,68.3,1011.0,260.0,M,10.0,Imola,Haas F1 Team
42,MAZ,43,0,17,16,0,32,18.2,11.3,0.0,0.3,69.2,1011.1,268.0,M,11.0,Imola,Haas F1 Team
43,MAZ,44,0,17,16,0,32,18.2,11.2,0.0,0.3,68.9,1011.0,287.0,M,12.0,Imola,Haas F1 Team
44,MAZ,45,0,17,16,0,32,18.1,11.2,0.0,0.2,69.1,1011.0,235.0,M,13.0,Imola,Haas F1 Team
45,MAZ,46,0,17,16,0,33,18.1,11.3,0.0,0.3,69.8,1011.0,114.0,M,14.0,Imola,Haas F1 Team
46,MAZ,47,0,17,16,0,33,17.7,11.6,0.0,0.5,67.0,1011.0,88.0,M,15.0,Imola,Haas F1 Team
47,MAZ,48,0,17,16,0,33,17.6,11.6,0.0,0.6,66.9,1011.0,113.0,M,16.0,Imola,Haas F1 Team
48,MAZ,49,0,17,16,0,34,17.7,11.6,0.0,0.7,66.6,1010.9,122.0,M,17.0,Imola,Haas F1 Team
49,MAZ,50,0,17,16,0,34,17.5,11.7,0.0,0.5,66.6,1011.0,92.0,M,18.0,Imola,Haas F1 Team
50,MAZ,51,0,17,16,0,34,17.8,11.7,1.0,0.5,66.1,1010.9,80.0,M,19.0,Imola,Haas F1 Team
51,MAZ,52,0,17,16,0,34,17.8,11.8,1.0,0.6,64.8,1011.0,108.0,M,20.0,Imola,Haas F1 Team
52,MAZ,53,0,17,16,0,35,17.8,11.7,0.0,0.5,64.6,1011.0,92.0,M,21.0,Imola,Haas F1 Team
53,MAZ,54,0,17,16,0,35,17.8,11.7,0.0,0.7,65.2,1011.1,113.0,M,22.0,Imola,Haas F1 Team
54,MAZ,55,0,17,16,0,35,17.7,11.7,0.0,0.5,66.2,1010.9,118.0,M,23.0,Imola,Haas F1 Team
55,MAZ,56,0,17,16,0,35,17.6,11.7,0.0,0.3,65.2,1010.9,35.0,M,24.0,Imola,Haas F1 Team
56,MAZ,57,0,17,16,0,36,17.7,11.9,0.0,0.9,64.4,1010.9,107.0,M,25.0,Imola,Haas F1 Team
57,MAZ,58,0,17,16,0,36,18.0,12.1,0.0,0.7,63.7,1010.8,80.0,M,26.0,Imola,Haas F1 Team
58,MAZ,59,0,17,16,0,36,18.5,12.1,0.0,0.7,63.2,1010.9,100.0,M,27.0,Imola,Haas F1 Team
59,MAZ,60,0,17,16,0,36,18.5,12.2,0.0,0.6,62.6,1011.0,89.0,M,28.0,Imola,Haas F1 Team
60,MAZ,61,0,17,16,0,36,18.5,12.3,0.0,0.7,62.4,1011.0,90.0,M,29.0,Imola,Haas F1 Team
0,TSU,1,0,15,17,0,69,17.7,9.6,1.0,0.1,75.0,1011.5,178.0,W,0.0,Imola,AlphaTauri
1,TSU,2,0,14,17,0,67,16.7,9.6,1.0,0.5,75.6,1011.6,206.0,W,1.0,Imola,AlphaTauri
2,TSU,3,0,14,17,0,69,16.4,9.7,1.0,0.2,74.8,1011.5,238.0,W,2.0,Imola,AlphaTauri
3,TSU,4,0,14,17,0,69,16.4,9.6,1.0,0.3,75.9,1011.5,197.0,W,3.0,Imola,AlphaTauri
4,TSU,5,0,14,17,0,70,16.4,9.7,1.0,0.2,74.0,1011.5,268.0,W,4.0,Imola,AlphaTauri
5,TSU,6,0,14,17,0,69,16.2,9.7,1.0,0.4,74.9,1011.4,288.0,W,5.0,Imola,AlphaTauri
6,TSU,7,0,14,17,0,68,16.2,9.9,1.0,0.1,72.5,1011.4,0.0,W,6.0,Imola,AlphaTauri
7,TSU,8,0,14,17,0,68,16.2,9.9,1.0,0.6,72.5,1011.5,85.0,W,7.0,Imola,AlphaTauri
8,TSU,9,0,14,17,0,68,16.2,10.0,1.0,0.3,72.2,1011.4,83.0,W,8.0,Imola,AlphaTauri
9,TSU,10,0,14,17,0,68,16.1,10.0,1.0,0.7,71.3,1011.5,99.0,W,9.0,Imola,AlphaTauri
10,TSU,11,0,14,17,0,69,15.7,10.0,1.0,0.7,71.2,1011.3,97.0,W,10.0,Imola,AlphaTauri
11,TSU,12,0,14,17,0,70,15.2,10.1,1.0,0.8,67.7,1011.4,81.0,W,11.0,Imola,AlphaTauri
12,TSU,13,0,13,17,0,70,15.2,10.1,1.0,0.8,69.9,1011.4,99.0,I,0.0,Imola,AlphaTauri
13,TSU,14,0,13,17,0,70,15.0,10.2,1.0,0.6,68.8,1011.3,87.0,I,1.0,Imola,AlphaTauri
14,TSU,15,0,13,17,0,71,14.9,10.2,1.0,0.9,68.2,1011.4,91.0,I,2.0,Imola,AlphaTauri
15,TSU,16,0,13,17,0,71,14.0,10.4,0.0,0.8,69.1,1011.3,75.0,I,3.0,Imola,AlphaTauri
16,TSU,17,0,13,17,0,71,14.1,10.4,0.0,0.8,69.3,1011.3,67.0,I,4.0,Imola,AlphaTauri
17,TSU,18,0,13,17,0,72,14.0,10.4,0.0,0.6,67.7,1011.1,88.0,I,5.0,Imola,AlphaTauri
18,TSU,19,0,13,17,0,72,13.9,10.4,0.0,0.8,68.8,1011.3,83.0,I,6.0,Imola,AlphaTauri
19,TSU,20,0,13,17,0,72,13.8,10.4,0.0,0.9,68.9,1011.4,89.0,I,7.0,Imola,AlphaTauri
20,TSU,21,0,13,17,0,73,13.9,10.5,0.0,0.6,67.7,1011.6,70.0,I,8.0,Imola,AlphaTauri
21,TSU,22,0,13,17,0,73,13.9,10.4,0.0,0.7,67.3,1011.2,79.0,I,9.0,Imola,AlphaTauri
22,TSU,23,0,13,17,0,74,14.2,10.6,0.0,0.9,68.1,1011.0,81.0,I,10.0,Imola,AlphaTauri
23,TSU,24,0,13,17,0,74,14.4,10.7,0.0,0.8,68.7,1011.4,99.0,S,3.0,Imola,AlphaTauri
24,TSU,25,0,14,17,0,74,14.6,10.8,0.0,0.7,69.2,1011.1,105.0,S,4.0,Imola,AlphaTauri
25,TSU,26,0,15,17,0,73,14.9,10.9,0.0,1.0,67.7,1011.2,112.0,S,5.0,Imola,AlphaTauri
26,TSU,27,0,15,17,0,74,15.0,11.0,0.0,1.0,67.7,1011.3,95.0,S,6.0,Imola,AlphaTauri
27,TSU,28,0,14,17,0,74,15.2,11.1,0.0,1.0,67.6,1011.2,102.0,S,7.0,Imola,AlphaTauri
28,TSU,29,0,12,17,0,74,15.4,11.1,0.0,1.1,65.9,1011.2,88.0,S,8.0,Imola,AlphaTauri
29,TSU,30,0,12,17,0,74,15.5,11.1,0.0,0.7,66.0,1011.3,105.0,S,9.0,Imola,AlphaTauri
30,TSU,31,0,10,17,0,75,15.8,11.2,0.0,0.8,66.0,1011.2,117.0,S,10.0,Imola,AlphaTauri
31,TSU,32,0,10,17,0,75,15.9,11.1,0.0,0.5,66.5,1011.0,155.0,M,0.0,Imola,AlphaTauri
32,TSU,33,0,10,17,0,75,15.9,11.2,0.0,0.5,67.1,1011.2,113.0,M,1.0,Imola,AlphaTauri
33,TSU,34,0,9,17,0,75,16.0,11.2,0.0,0.5,67.3,1011.2,126.0,M,2.0,Imola,AlphaTauri
34,TSU,35,0,15,17,0,74,16.0,11.1,0.0,0.4,67.1,1011.2,229.0,M,3.0,Imola,AlphaTauri
35,TSU,36,0,15,17,0,74,16.3,11.1,0.0,0.2,70.1,1011.2,240.0,M,4.0,Imola,AlphaTauri
36,TSU,37,0,15,17,0,74,16.5,11.0,0.0,0.1,70.4,1011.2,88.0,M,5.0,Imola,AlphaTauri
37,TSU,38,0,15,17,0,75,17.8,11.0,0.0,0.4,71.0,1011.0,266.0,M,6.0,Imola,AlphaTauri
38,TSU,39,0,15,17,0,75,18.0,11.1,0.0,0.3,71.8,1011.0,295.0,M,7.0,Imola,AlphaTauri
39,TSU,40,0,15,17,0,75,18.0,11.1,0.0,0.2,71.3,1011.1,248.0,M,8.0,Imola,AlphaTauri
40,TSU,41,0,14,17,0,75,18.2,11.3,0.0,0.3,69.2,1011.1,268.0,M,9.0,Imola,AlphaTauri
41,TSU,42,0,14,17,0,75,18.2,11.2,0.0,0.3,68.9,1011.0,287.0,M,10.0,Imola,AlphaTauri
42,TSU,43,0,14,17,0,75,18.1,11.2,0.0,0.2,69.1,1011.0,235.0,M,11.0,Imola,AlphaTauri
43,TSU,44,0,14,17,0,75,18.2,11.5,0.0,0.6,69.4,1011.2,42.0,M,12.0,Imola,AlphaTauri
44,TSU,45,0,14,17,0,76,18.2,11.6,0.0,0.5,67.3,1011.1,297.0,M,13.0,Imola,AlphaTauri
45,TSU,46,0,14,17,0,76,18.0,11.5,0.0,0.7,67.1,1010.7,94.0,M,14.0,Imola,AlphaTauri
46,TSU,47,0,14,17,0,76,17.9,11.5,0.0,0.5,66.9,1011.1,84.0,M,15.0,Imola,AlphaTauri
47,TSU,48,0,14,17,0,76,17.9,11.6,0.0,0.8,66.7,1011.0,163.0,M,16.0,Imola,AlphaTauri
48,TSU,49,0,14,17,0,76,17.7,11.6,0.0,0.5,67.0,1011.0,88.0,M,17.0,Imola,AlphaTauri
49,TSU,50,0,14,17,0,76,17.6,11.6,0.0,0.7,67.1,1011.0,88.0,M,18.0,Imola,AlphaTauri
50,TSU,51,0,14,17,0,76,17.6,11.6,0.0,0.6,66.9,1011.0,113.0,M,19.0,Imola,AlphaTauri
51,TSU,52,0,13,17,0,76,17.6,11.6,0.0,0.8,66.2,1010.9,107.0,M,20.0,Imola,AlphaTauri
52,TSU,53,0,13,17,0,76,17.8,11.8,1.0,0.5,64.8,1011.4,97.0,M,21.0,Imola,AlphaTauri
53,TSU,54,0,13,17,0,77,17.8,11.7,0.0,0.5,64.6,1011.0,92.0,M,22.0,Imola,AlphaTauri
54,TSU,55,0,13,17,0,77,17.8,11.7,0.0,0.7,65.2,1011.1,113.0,M,23.0,Imola,AlphaTauri
55,TSU,56,0,13,17,0,77,17.7,11.8,0.0,0.7,65.9,1011.0,96.0,M,24.0,Imola,AlphaTauri
56,TSU,57,0,13,17,0,77,17.6,11.6,0.0,0.9,65.9,1010.7,80.0,M,25.0,Imola,AlphaTauri
57,TSU,58,0,13,17,0,77,17.6,11.6,0.0,0.6,65.6,1011.0,83.0,M,26.0,Imola,AlphaTauri
58,TSU,59,0,13,17,0,77,17.7,11.7,0.0,0.5,66.2,1010.9,118.0,M,27.0,Imola,AlphaTauri
59,TSU,60,0,13,17,0,77,17.6,11.7,0.0,0.3,65.2,1010.9,35.0,M,28.0,Imola,AlphaTauri
60,TSU,61,0,13,17,0,77,17.7,11.7,0.0,0.6,65.5,1010.9,62.0,M,29.0,Imola,AlphaTauri
61,TSU,62,0,13,17,0,77,17.8,11.7,0.0,0.3,65.0,1011.0,62.0,,0.0,Imola,AlphaTauri
62,TSU,63,0,13,17,0,78,18.5,12.1,0.0,0.7,63.2,1010.9,100.0,,0.0,Imola,AlphaTauri
